20040 -0.333006 -0.216224 
20041 -0.333025 -0.0164633 
20042 -0.333387 0.183362 
20043 -0.333161 0.383629 
20044 -0.166626 -0.216963 
20045 -0.166703 -0.0165 
20046 -0.166954 0.183298 
20047 -0.166541 0.383719 
20048 -6.48982e-05 -0.216515 
20049 -0.000329504 -0.0164232 
20050 0.000292572 0.183108 
20051 3.06942e-05 0.383453 
20052 0.166332 -0.216808 
20053 0.166746 -0.0166699 
20054 0.166639 0.183066 
20055 0.166456 0.383076 
20056 0.333217 -0.21669 
20057 0.333097 -0.0167535 
20058 0.332933 0.183249 
20059 0.333678 0.383008 
20060 -0.296485 -0.184355 
20061 -0.296975 -0.00176755 
20062 -0.297492 0.181947 
20063 -0.298172 0.365223 
20064 -0.144297 -0.184264 
20065 -0.144485 -0.00133751 
20066 -0.145345 0.181185 
20067 -0.14561 0.364523 
20068 0.00833714 -0.183551 
20069 0.00808702 -0.00112662 
20070 0.00731676 0.182309 
20071 0.006782 0.364564 
20072 0.160614 -0.183003 
20073 0.159981 -0.000752733 
20074 0.159494 0.182107 
20075 0.158931 0.364439 
20076 0.311619 -0.182382 
20077 0.311756 -0.000283558 
20078 0.311855 0.181826 
20079 0.311501 0.364606 
20080 -0.266806 -0.156914 
20081 -0.267349 0.0108244 
20082 -0.26846 0.18008 
20083 -0.268382 0.349663 
20084 -0.125468 -0.156779 
20085 -0.126918 0.0117704 
20086 -0.12717 0.180417 
20087 -0.127736 0.348872 
20088 0.0143659 -0.156316 
20089 0.0139747 0.012613 
20090 0.0135239 0.180167 
20091 0.012703 0.349146 
20092 0.15454 -0.155249 
20093 0.154331 0.0130676 
20094 0.153218 0.18081 
20095 0.153313 0.349277 
20096 0.293941 -0.154411 
20097 0.293193 0.0136378 
20098 0.29352 0.180534 
20099 0.292613 0.349473 
20100 -0.240551 -0.133758 
20101 -0.242391 0.0216958 
20102 -0.243219 0.178566 
20103 -0.243983 0.335842 
20104 -0.110402 -0.133117 
20105 -0.111667 0.0224262 
20106 -0.112461 0.179341 
20107 -0.112769 0.335946 
20108 0.0192161 -0.131876 
20109 0.0190912 0.0238887 
20110 0.0178362 0.179788 
20111 0.0174973 0.336164 
20112 0.149021 -0.130906 
20113 0.147989 0.0244469 
20114 0.147852 0.180048 
20115 0.146699 0.3354 
20116 0.277862 -0.130554 
20117 0.277195 0.0251061 
20118 0.277366 0.180163 
20119 0.276628 0.335925 
20120 -0.219451 -0.113892 
20121 -0.220129 0.0313383 
20122 -0.221596 0.178236 
20123 -0.222751 0.324151 
20124 -0.0974326 -0.112634 
20125 -0.098833 0.0326124 
20126 -0.100007 0.177683 
20127 -0.100638 0.323895 
20128 0.0234552 -0.112208 
20129 0.0227206 0.0335407 
20130 0.0219024 0.178641 
20131 0.0207875 0.324365 
20132 0.143636 -0.111199 
20133 0.143033 0.0341367 
20134 0.142122 0.178426 
20135 0.14208 0.324672 
20136 0.264435 -0.109853 
20137 0.263 0.0347695 
20138 0.26308 0.179124 
20139 0.262639 0.324073 
20140 -0.200131 -0.0963611 
20141 -0.20142 0.0395254 
20142 -0.203271 0.176883 
20143 -0.204887 0.314494 
20144 -0.0863106 -0.0954063 
20145 -0.0877287 0.0402642 
20146 -0.0893923 0.177445 
20147 -0.0896582 0.314179 
20148 0.0262904 -0.0939802 
20149 0.0256743 0.0417531 
20150 0.0249557 0.177497 
20151 0.0233744 0.313864 
20152 0.138974 -0.0929067 
20153 0.138291 0.0425465 
20154 0.137512 0.178436 
20155 0.136516 0.313921 
20156 0.251309 -0.0922303 
20157 0.250893 0.0428738 
20158 0.250088 0.178222 
20159 0.249039 0.314699 
20160 -0.184727 -0.0813061 
20161 -0.185894 0.0471624 
20162 -0.187352 0.175858 
20163 -0.189261 0.305213 
20164 -0.0772795 -0.0800962 
20165 -0.0782878 0.0480011 
20166 -0.079844 0.176717 
20167 -0.0811635 0.305397 
20168 0.0294383 -0.0793456 
20169 0.0283763 0.0484127 
20170 0.0270536 0.176682 
20171 0.0263084 0.305613 
20172 0.134672 -0.0781367 
20173 0.134376 0.0496786 
20174 0.133382 0.1774 
20175 0.132208 0.305114 
20176 0.240282 -0.0762249 
20177 0.239542 0.0502431 
20178 0.238544 0.178047 
20179 0.238468 0.305738 
20180 -0.170873 -0.0676713 
20181 -0.171656 0.0532355 
20182 -0.173882 0.174657 
20183 -0.175411 0.297193 
20184 -0.0694428 -0.0665981 
20185 -0.0707381 0.0546329 
20186 -0.0721039 0.175871 
20187 -0.0728361 0.297684 
20188 0.0311885 -0.065523 
20189 0.0299608 0.0547099 
20190 0.0292592 0.175585 
20191 0.0281781 0.297811 
20192 0.131263 -0.0638445 
20193 0.130468 0.0559175 
20194 0.128739 0.176413 
20195 0.128187 0.296803 
20196 0.229699 -0.0623427 
20197 0.229126 0.0565176 
20198 0.228946 0.177079 
20199 0.227347 0.297136 
20200 -0.158046 -0.0561098 
20201 -0.159965 0.0591669 
20202 -0.161004 0.173996 
20203 -0.163479 0.289874 
20204 -0.0627447 -0.054409 
20205 -0.063488 0.0594069 
20206 -0.0647773 0.17506 
20207 -0.0667079 0.290059 
20208 0.0329311 -0.0532869 
20209 0.0318553 0.060162 
20210 0.0305246 0.17468 
20211 0.0293606 0.289741 
20212 0.126751 -0.0520897 
20213 0.126106 0.0618142 
20214 0.125401 0.175132 
20215 0.124503 0.289799 
20216 0.220789 -0.0503369 
20217 0.21945 0.0624214 
20218 0.218821 0.17568 
20219 0.217873 0.289547 
20220 -0.147928 -0.0449558 
20221 -0.149093 0.0634894 
20222 -0.150481 0.173406 
20223 -0.152032 0.283092 
20224 -0.0560985 -0.0437705 
20225 -0.0575646 0.0646297 
20226 -0.0591517 0.173998 
20227 -0.0603684 0.283029 
20228 0.0334689 -0.0427697 
20229 0.0319966 0.0656875 
20230 0.0316244 0.174447 
20231 0.0301037 0.283897 
20232 0.122676 -0.0413039 
20233 0.122343 0.0664727 
20234 0.121443 0.174724 
20235 0.12027 0.283173 
20236 0.212228 -0.0404854 
20237 0.211396 0.0669667 
20238 0.210271 0.174527 
20239 0.209318 0.283062 
20240 -0.137912 -0.0362399 
20241 -0.139795 0.0683983 
20242 -0.141485 0.172105 
20243 -0.142555 0.277931 
20244 -0.051168 -0.0343296 
20245 -0.052515 0.0689101 
20246 -0.0543107 0.173036 
20247 -0.0555838 0.277888 
20248 0.0341662 -0.0329609 
20249 0.0336358 0.0700464 
20250 0.0316104 0.17369 
20251 0.0306514 0.277819 
20252 0.119452 -0.0316819 
20253 0.118125 0.0701607 
20254 0.117896 0.17369 
20255 0.116161 0.277509 
20256 0.204112 -0.0307157 
20257 0.203161 0.0715517 
20258 0.202263 0.17388 
20259 0.201704 0.276759 
20260 -0.129678 -0.0267911 
20261 -0.131244 0.0720595 
20262 -0.13283 0.172115 
20263 -0.134776 0.271693 
20264 -0.0474565 -0.0261929 
20265 -0.0481599 0.073015 
20266 -0.0503068 0.172084 
20267 -0.050924 0.272039 
20268 0.0342175 -0.0245756 
20269 0.0335273 0.0732044 
20270 0.0324533 0.1725 
20271 0.0307544 0.271538 
20272 0.115781 -0.0238896 
20273 0.114912 0.0740801 
20274 0.113963 0.172514 
20275 0.113408 0.271322 
20276 0.196131 -0.0226266 
20277 0.195864 0.075647 
20278 0.195072 0.173362 
20279 0.194397 0.271726 
20280 -0.122129 -0.0200635 
20281 -0.12431 0.0752877 
20282 -0.125589 0.171056 
20283 -0.126974 0.266484 
20284 -0.0436974 -0.0181331 
20285 -0.0445231 0.075634 
20286 -0.0464414 0.171095 
20287 -0.0470689 0.266251 
20288 0.0344835 -0.0172016 
20289 0.0332421 0.0772084 
20290 0.0329407 0.171777 
20291 0.0319474 0.266403 
20292 0.112756 -0.0157657 
20293 0.110934 0.0773905 
20294 0.110687 0.171604 
20295 0.109181 0.2665 
20296 0.188843 -0.014658 
20297 0.188556 0.0782925 
20298 0.187255 0.172349 
20299 0.186681 0.265959 
20300 -0.116323 -0.0128865 
20301 -0.117822 0.0777129 
20302 -0.119232 0.170137 
20303 -0.120622 0.261893 
20304 -0.0399804 -0.0111407 
20305 -0.0413064 0.0789987 
20306 -0.0431579 0.170055 
20307 -0.0442312 0.261632 
20308 0.0346169 -0.00989884 
20309 0.0334138 0.0796341 
20310 0.0320514 0.170556 
20311 0.0315205 0.26098 
20312 0.108713 -0.00916973 
20313 0.107708 0.0805406 
20314 0.107112 0.170969 
20315 0.106172 0.261167 
20316 0.182134 -0.00800558 
20317 0.18117 0.081067 
20318 0.18067 0.170705 
20319 0.18061 0.260584 
20320 -0.109906 -0.00650338 
20321 -0.111866 0.0810223 
20322 -0.113487 0.168756 
20323 -0.114911 0.257416 
20324 -0.0375668 -0.00588607 
20325 -0.0386521 0.0818854 
20326 -0.0396948 0.168533 
20327 -0.0408559 0.256984 
20328 0.0341682 -0.0046318 
20329 0.0328451 0.0821292 
20330 0.0319849 0.169462 
20331 0.0317235 0.256394 
20332 0.10568 -0.00338358 
20333 0.104669 0.0829951 
20334 0.104088 0.169295 
20335 0.103361 0.256548 
20336 0.176326 -0.0016454 
20337 0.17527 0.0836841 
20338 0.175112 0.169923 
20339 0.17464 0.256467 
20340 -0.105088 -0.000889276 
20341 -0.10621 0.0830138 
20342 -0.108231 0.167739 
20343 -0.10882 0.252542 
20344 -0.0350714 0.000166031 
20345 -0.0363396 0.083554 
20346 -0.0379653 0.167354 
20347 -0.0388948 0.252286 
20348 0.0333815 0.00105808 
20349 0.0331325 0.0844833 
20350 0.0316467 0.168229 
20351 0.0312533 0.252042 
20352 0.102322 0.00196348 
20353 0.101132 0.0852104 
20354 0.100646 0.167553 
20355 0.0998951 0.251399 
20356 0.170194 0.00337931 
20357 0.169349 0.0853294 
20358 0.168326 0.168303 
20359 0.168262 0.251629 
20360 -0.100082 0.00414109 
20361 -0.101348 0.0844294 
20362 -0.103325 0.16647 
20363 -0.104133 0.248476 
20364 -0.0328976 0.00515361 
20365 -0.0342178 0.0853101 
20366 -0.0356587 0.166651 
20367 -0.0368332 0.248374 
20368 0.0333518 0.0059111 
20369 0.0320417 0.0857823 
20370 0.0314586 0.166875 
20371 0.0301138 0.247333 
20372 0.0985752 0.00736973 
20373 0.0985214 0.086268 
20374 0.0976865 0.166945 
20375 0.096879 0.247438 
20376 0.163733 0.00761878 
20377 0.163155 0.0871336 
20378 0.162585 0.166713 
20379 0.162247 0.247447 
20380 -0.0963333 0.0083752 
20381 -0.0980004 0.0864007 
20382 -0.098543 0.165065 
20383 -0.100067 0.243659 
20384 -0.0316709 0.00904378 
20385 -0.0329178 0.0868495 
20386 -0.0337149 0.165169 
20387 -0.0349108 0.243636 
20388 0.0325436 0.0106913 
20389 0.0316491 0.087498 
20390 0.0311182 0.164713 
20391 0.0300292 0.242986 
20392 0.0958795 0.0111052 
20393 0.0951714 0.0875296 
20394 0.0949696 0.16492 
20395 0.0942666 0.242859 
20396 0.158249 0.0121003 
20397 0.157593 0.0888616 
20398 0.15757 0.165184 
20399 0.15679 0.242728 
20400 -0.0929735 0.0123911 
20401 -0.0936551 0.0875802 
20402 -0.0953362 0.163362 
20403 -0.0967551 0.240587 
20404 -0.0306301 0.0129987 
20405 -0.0311962 0.0880143 
20406 -0.0328199 0.163301 
20407 -0.0328206 0.2393 
20408 0.0312702 0.0137109 
20409 0.0307663 0.0888564 
20410 0.029973 0.16412 
20411 0.0287625 0.239495 
20412 0.0926163 0.01461 
20413 0.0922948 0.0894309 
20414 0.0919493 0.163562 
20415 0.0913967 0.239191 
20416 0.153288 0.0157047 
20417 0.152614 0.0900585 
20418 0.152657 0.16382 
20419 0.152203 0.238589 
20420 -0.0901869 0.015977 
20421 -0.0909045 0.0886533 
20422 -0.0920194 0.162468 
20423 -0.0928679 0.23653 
20424 -0.0297776 0.0165492 
20425 -0.0299602 0.0896181 
20426 -0.0314157 0.1627 
20427 -0.031742 0.23538 
20428 0.0303635 0.0171529 
20429 0.029653 0.0894294 
20430 0.0288297 0.161741 
20431 0.0279732 0.235445 
20432 0.0894337 0.0188567 
20433 0.0893848 0.0904087 
20434 0.0888718 0.162259 
20435 0.0875854 0.235256 
20436 0.148137 0.0187662 
20437 0.14717 0.0907028 
20438 0.146941 0.161797 
20439 0.146732 0.233942 
