20300 -0.333386 -0.216185 
20301 -0.333366 -0.0165146 
20302 -0.333185 0.18335 
20303 -0.333516 0.382879 
20304 -0.166696 -0.216559 
20305 -0.166319 -0.0162026 
20306 -0.166323 0.182843 
20307 -0.166414 0.383599 
20308 -0.000459122 -0.216322 
20309 -6.59897e-05 -0.0169305 
20310 -8.8539e-05 0.182858 
20311 9.52674e-05 0.383355 
20312 0.166712 -0.216372 
20313 0.166534 -0.016757 
20314 0.167066 0.18338 
20315 0.167113 0.383611 
20316 0.333072 -0.21714 
20317 0.333377 -0.0169778 
20318 0.333003 0.183734 
20319 0.333091 0.383285 
20320 -0.297098 -0.189158 
20321 -0.297556 -0.00604425 
20322 -0.297368 0.177067 
20323 -0.298058 0.361166 
20324 -0.14438 -0.189631 
20325 -0.144379 -0.00635036 
20326 -0.145106 0.17737 
20327 -0.14423 0.360428 
20328 0.00773679 -0.188706 
20329 0.00783032 -0.00594875 
20330 0.00836258 0.177353 
20331 0.00847224 0.360292 
20332 0.160782 -0.189267 
20333 0.160129 -0.00652638 
20334 0.161002 0.177205 
20335 0.161002 0.359577 
20336 0.312305 -0.18828 
20337 0.3123 -0.00556905 
20338 0.31302 0.176317 
20339 0.31281 0.359615 
20340 -0.266971 -0.16674 
20341 -0.267147 0.00269116 
20342 -0.267254 0.171386 
20343 -0.267749 0.341363 
20344 -0.126002 -0.166793 
20345 -0.125894 0.00293291 
20346 -0.126731 0.171088 
20347 -0.126556 0.340775 
20348 0.0149697 -0.165968 
20349 0.0145232 0.00217043 
20350 0.0141996 0.171177 
20351 0.0139776 0.340006 
20352 0.154837 -0.165618 
20353 0.154359 0.00208435 
20354 0.154469 0.171395 
20355 0.154653 0.339645 
20356 0.294764 -0.165587 
20357 0.295042 0.00299169 
20358 0.295523 0.170979 
20359 0.295177 0.339188 
20360 -0.241999 -0.14727 
20361 -0.242352 0.00962524 
20362 -0.242495 0.1668 
20363 -0.242825 0.324312 
20364 -0.110396 -0.146872 
20365 -0.110803 0.00943491 
20366 -0.111092 0.166586 
20367 -0.111596 0.323723 
20368 0.0197791 -0.146775 
20369 0.019733 0.00935013 
20370 0.0195725 0.166196 
20371 0.0195683 0.323242 
20372 0.149297 -0.146171 
20373 0.149576 0.00929697 
20374 0.149784 0.165728 
20375 0.149952 0.322757 
20376 0.278651 -0.146467 
20377 0.27925 0.00904968 
20378 0.279438 0.165197 
20379 0.280293 0.322241 
20380 -0.219866 -0.13057 
20381 -0.220333 0.0158244 
20382 -0.220673 0.16222 
20383 -0.221439 0.309316 
20384 -0.0976707 -0.130429 
20385 -0.097715 0.0148289 
20386 -0.0984562 0.161777 
20387 -0.0980712 0.308718 
20388 0.0239106 -0.130279 
20389 0.0237719 0.0150018 
20390 0.0241506 0.161233 
20391 0.024148 0.308501 
20392 0.144875 -0.130096 
20393 0.14489 0.0148902 
20394 0.14482 0.160821 
20395 0.145071 0.307041 
20396 0.265021 -0.130107 
20397 0.265274 0.0151912 
20398 0.265473 0.160606 
20399 0.266243 0.30645 
20400 -0.202194 -0.117137 
20401 -0.202224 0.02037 
20402 -0.20226 0.158255 
20403 -0.203023 0.296009 
20404 -0.0869429 -0.116674 
20405 -0.0874732 0.0197643 
20406 -0.087622 0.157089 
20407 -0.0875727 0.295243 
20408 0.0268238 -0.116107 
20409 0.0272867 0.0196724 
20410 0.0273401 0.156421 
20411 0.026746 0.294128 
20412 0.140392 -0.116431 
20413 0.140514 0.0197147 
20414 0.141116 0.156574 
20415 0.140756 0.293845 
20416 0.252884 -0.116219 
20417 0.252677 0.019477 
20418 0.253738 0.156018 
20419 0.254185 0.292714 
20420 -0.185379 -0.105145 
20421 -0.185551 0.0240924 
20422 -0.186283 0.153572 
20423 -0.18624 0.284292 
20424 -0.0776922 -0.104589 
20425 -0.0774771 0.0242477 
20426 -0.0784188 0.153435 
20427 -0.0774421 0.282628 
20428 0.0296197 -0.104784 
20429 0.028921 0.0242441 
20430 0.0300313 0.153134 
20431 0.0298666 0.281625 
20432 0.135159 -0.104033 
20433 0.136062 0.0234386 
20434 0.13699 0.152184 
20435 0.137045 0.281487 
20436 0.241805 -0.104449 
20437 0.242386 0.0234001 
20438 0.242852 0.151714 
20439 0.243686 0.279612 
20440 -0.171977 -0.0944529 
20441 -0.172109 0.0278272 
20442 -0.171959 0.149631 
20443 -0.172293 0.272697 
20444 -0.0696458 -0.0943445 
20445 -0.0699859 0.0267482 
20446 -0.0696422 0.149182 
20447 -0.0697008 0.272367 
20448 0.0306401 -0.0942544 
20449 0.0313758 0.0264231 
20450 0.0319239 0.148837 
20451 0.0316875 0.270955 
20452 0.13175 -0.0940687 
20453 0.132468 0.0269815 
20454 0.13257 0.147718 
20455 0.13285 0.270047 
20456 0.231472 -0.0939028 
20457 0.232072 0.0264666 
20458 0.232828 0.146882 
20459 0.232936 0.268241 
20460 -0.159459 -0.0855366 
20461 -0.159575 0.0304069 
20462 -0.160052 0.145992 
20463 -0.159632 0.263372 
20464 -0.063689 -0.085212 
20465 -0.0630749 0.0299286 
20466 -0.0631628 0.145034 
20467 -0.062547 0.262054 
20468 0.0327448 -0.0858664 
20469 0.0332881 0.0295341 
20470 0.0330552 0.144302 
20471 0.0336138 0.260287 
20472 0.127397 -0.0851813 
20473 0.128111 0.0294114 
20474 0.128632 0.144147 
20475 0.129383 0.258988 
20476 0.22172 -0.0850275 
20477 0.222508 0.0286664 
20478 0.223474 0.14348 
20479 0.223864 0.258555 
20480 -0.149417 -0.077515 
20481 -0.149509 0.0323445 
20482 -0.149612 0.142851 
20483 -0.149056 0.253336 
20484 -0.057612 -0.0779263 
20485 -0.0571712 0.0317643 
20486 -0.0566932 0.142031 
20487 -0.0564259 0.252098 
20488 0.032998 -0.0780217 
20489 0.0337426 0.0310346 
20490 0.033976 0.140692 
20491 0.0346578 0.251236 
20492 0.123586 -0.0778728 
20493 0.124662 0.0307529 
20494 0.124839 0.139657 
20495 0.12565 0.249419 
20496 0.212638 -0.0777298 
20497 0.21375 0.0301232 
20498 0.214517 0.139248 
20499 0.216347 0.248415 
20500 -0.140332 -0.0715024 
20501 -0.13993 0.0334572 
20502 -0.139268 0.138956 
20503 -0.139695 0.245067 
20504 -0.0526679 -0.0709302 
20505 -0.0518948 0.0327096 
20506 -0.0514982 0.137527 
20507 -0.0515241 0.243015 
20508 0.0342835 -0.0708311 
20509 0.0343148 0.0326625 
20510 0.0347596 0.137307 
20511 0.0354503 0.241684 
20512 0.119656 -0.0712556 
20513 0.120863 0.0319132 
20514 0.121256 0.136566 
20515 0.122354 0.240191 
20516 0.204207 -0.0708774 
20517 0.206099 0.0318994 
20518 0.206441 0.134886 
20519 0.207654 0.238757 
20520 -0.131342 -0.0652243 
20521 -0.131707 0.034882 
20522 -0.130834 0.135826 
20523 -0.131273 0.236928 
20524 -0.0483228 -0.0649538 
20525 -0.0483232 0.0340802 
20526 -0.0471568 0.134059 
20527 -0.046923 0.235263 
20528 0.0345823 -0.0657064 
20529 0.0352567 0.0337622 
20530 0.0352082 0.133206 
20531 0.0362451 0.233328 
20532 0.116459 -0.0655024 
20533 0.116586 0.0327333 
20534 0.117754 0.132638 
20535 0.11878 0.231917 
20536 0.196891 -0.0656028 
20537 0.197918 0.0326224 
20538 0.199312 0.131204 
20539 0.201061 0.230537 
20540 -0.124269 -0.0594937 
20541 -0.123617 0.0351981 
20542 -0.123643 0.131689 
20543 -0.123078 0.228453 
20544 -0.0445767 -0.0598025 
20545 -0.0443709 0.0352339 
20546 -0.0430386 0.131063 
20547 -0.0429116 0.227475 
20548 0.0340199 -0.0598667 
20549 0.0347284 0.0339101 
20550 0.0354885 0.129517 
20551 0.0370214 0.225602 
20552 0.112847 -0.0607655 
20553 0.113561 0.0341638 
20554 0.11411 0.128782 
20555 0.115725 0.223893 
20556 0.190244 -0.0609129 
20557 0.191354 0.0329399 
20558 0.192126 0.127689 
20559 0.194077 0.222698 
20560 -0.118538 -0.055961 
20561 -0.117519 0.0359802 
20562 -0.116778 0.128397 
20563 -0.116675 0.221667 
20564 -0.0419775 -0.0556456 
20565 -0.0413928 0.0354054 
20566 -0.0398502 0.127687 
20567 -0.0395271 0.21939 
20568 0.033926 -0.0564728 
20569 0.0345593 0.0350677 
20570 0.036083 0.125816 
20571 0.0370672 0.217711 
20572 0.108622 -0.0565853 
20573 0.109796 0.0336433 
20574 0.111075 0.124685 
20575 0.112133 0.216222 
20576 0.183482 -0.056422 
20577 0.18396 0.033368 
20578 0.185471 0.123516 
20579 0.186871 0.214728 
20580 -0.112617 -0.051302 
20581 -0.111799 0.036694 
20582 -0.110895 0.125495 
20583 -0.110241 0.214195 
20584 -0.0387881 -0.0516403 
20585 -0.0386187 0.0358826 
20586 -0.0376469 0.123628 
20587 -0.036108 0.212413 
20588 0.0334453 -0.052019 
20589 0.0343774 0.0343643 
20590 0.0355261 0.122598 
20591 0.0364083 0.21116 
20592 0.105079 -0.0529963 
20593 0.106448 0.0340307 
20594 0.108198 0.121514 
20595 0.109579 0.209253 
20596 0.176269 -0.0533212 
20597 0.177629 0.0327054 
20598 0.179562 0.120082 
20599 0.180574 0.207624 
20600 -0.107882 -0.0483322 
20601 -0.106829 0.0367665 
20602 -0.106087 0.121293 
20603 -0.104676 0.207353 
20604 -0.0364567 -0.0484032 
20605 -0.0358999 0.0353529 
20606 -0.0344909 0.11977 
20607 -0.034386 0.205562 
20608 0.0324907 -0.0488371 
20609 0.0345387 0.0348069 
20610 0.0357094 0.119049 
20611 0.0368458 0.203518 
20612 0.102396 -0.0499887 
20613 0.103115 0.0339087 
20614 0.105244 0.117171 
20615 0.105878 0.202218 
20616 0.170016 -0.0498796 
20617 0.172168 0.0325385 
20618 0.17342 0.116043 
20619 0.175577 0.200077 
20620 -0.103281 -0.0459079 
20621 -0.102023 0.0364448 
20622 -0.10158 0.118359 
20623 -0.100063 0.201091 
20624 -0.0347748 -0.0455572 
20625 -0.0343544 0.0353681 
20626 -0.0328382 0.116937 
20627 -0.0316346 0.198883 
20628 0.03188 -0.0466251 
20629 0.0331002 0.0345645 
20630 0.0346493 0.115678 
20631 0.0364863 0.197273 
20632 0.0983031 -0.0468384 
20633 0.099657 0.0328391 
20634 0.101814 0.113833 
20635 0.103144 0.195695 
20636 0.16402 -0.0474817 
20637 0.16588 0.032196 
20638 0.167987 0.112627 
20639 0.169488 0.193425 
20640 -0.099548 -0.0428561 
20641 -0.0983784 0.0354458 
20642 -0.0965986 0.114622 
20643 -0.0962509 0.195075 
20644 -0.0338583 -0.044081 
20645 -0.0323715 0.0350098 
20646 -0.0310268 0.113424 
20647 -0.0295001 0.192412 
20648 0.0316772 -0.0440893 
20649 0.0326403 0.0334373 
20650 0.0340702 0.111848 
20651 0.0351106 0.190215 
20652 0.0957026 -0.0450409 
20653 0.0973258 0.0327613 
20654 0.0981298 0.110019 
20655 0.0998192 0.189151 
20656 0.158326 -0.0453669 
20657 0.160909 0.0314784 
20658 0.162244 0.108444 
20659 0.163928 0.186493 
20660 -0.0957006 -0.0410123 
20661 -0.0939867 0.0350245 
20662 -0.0936673 0.111403 
20663 -0.0923179 0.188134 
20664 -0.0321738 -0.0415802 
20665 -0.0312977 0.0332795 
20666 -0.0293198 0.109837 
20667 -0.028448 0.186667 
20668 0.0297617 -0.0422704 
20669 0.0319368 0.0324957 
20670 0.0332144 0.10788 
20671 0.0349916 0.184325 
20672 0.0916101 -0.0436955 
20673 0.0942161 0.0316629 
20674 0.0950078 0.106898 
20675 0.0971739 0.182274 
20676 0.1527 -0.0437479 
20677 0.154755 0.0305365 
20678 0.157368 0.104862 
20679 0.158883 0.180257 
20680 -0.0927518 -0.0391779 
20681 -0.0908568 0.0342443 
20682 -0.0896697 0.108441 
20683 -0.0890865 0.182248 
20684 -0.0318678 -0.0401649 
20685 -0.0297297 0.0326046 
20686 -0.0283259 0.1063 
20687 -0.027182 0.180402 
20688 0.0290605 -0.040932 
20689 0.0303584 0.0311585 
20690 0.0322188 0.104323 
20691 0.033505 0.178408 
20692 0.088785 -0.0422098 
20693 0.0906462 0.0308561 
20694 0.0925043 0.102746 
20695 0.0941821 0.176227 
20696 0.147449 -0.0427569 
20697 0.149314 0.0294374 
20698 0.152296 0.101161 
20699 0.154105 0.173935 
