20380 -0.3331 -0.216341 
20381 -0.333717 -0.0162304 
20382 -0.333801 0.183064 
20383 -0.333187 0.383176 
20384 -0.167135 -0.216764 
20385 -0.166646 -0.0165654 
20386 -0.166481 0.183594 
20387 -0.166758 0.38327 
20388 0.000299346 -0.216661 
20389 2.82659e-05 -0.0163849 
20390 -0.000117994 0.18352 
20391 4.65755e-06 0.383118 
20392 0.166647 -0.216677 
20393 0.16666 -0.0162256 
20394 0.166388 0.183826 
20395 0.166389 0.383757 
20396 0.33333 -0.216232 
20397 0.333158 -0.0167043 
20398 0.333354 0.183735 
20399 0.333014 0.38342 
20400 -0.297699 -0.191831 
20401 -0.297324 -0.00890966 
20402 -0.297882 0.174727 
20403 -0.297997 0.35887 
20404 -0.144256 -0.192054 
20405 -0.144543 -0.00857028 
20406 -0.144936 0.17511 
20407 -0.144807 0.358694 
20408 0.0078322 -0.191754 
20409 0.00806581 -0.00889693 
20410 0.00774446 0.174157 
20411 0.00862929 0.357615 
20412 0.160061 -0.191697 
20413 0.160393 -0.00876408 
20414 0.16018 0.174487 
20415 0.161044 0.357105 
20416 0.312845 -0.191826 
20417 0.312725 -0.00849133 
20418 0.313286 0.174557 
20419 0.313335 0.3577 
20420 -0.267827 -0.170893 
20421 -0.267946 -0.00240351 
20422 -0.268186 0.167837 
20423 -0.268374 0.337061 
20424 -0.126495 -0.171016 
20425 -0.126293 -0.00231048 
20426 -0.126484 0.166767 
20427 -0.126259 0.336438 
20428 0.0139953 -0.171347 
20429 0.0141772 -0.00239877 
20430 0.0142181 0.167204 
20431 0.0146277 0.335709 
20432 0.154297 -0.170527 
20433 0.154794 -0.00201793 
20434 0.154726 0.166321 
20435 0.155797 0.335271 
20436 0.294756 -0.170611 
20437 0.29532 -0.00247452 
20438 0.295602 0.166143 
20439 0.295833 0.33439 
20440 -0.242768 -0.153724 
20441 -0.242049 0.00327336 
20442 -0.242722 0.16064 
20443 -0.243062 0.31843 
20444 -0.111213 -0.153203 
20445 -0.111249 0.00307726 
20446 -0.111522 0.160054 
20447 -0.111024 0.317795 
20448 0.0191639 -0.153648 
20449 0.0199514 0.00274428 
20450 0.0197541 0.159624 
20451 0.0200006 0.316502 
20452 0.149583 -0.153808 
20453 0.149518 0.0022802 
20454 0.15043 0.159415 
20455 0.150186 0.315734 
20456 0.278935 -0.153603 
20457 0.279248 0.00251432 
20458 0.280206 0.15908 
20459 0.280714 0.315451 
20460 -0.221547 -0.139059 
20461 -0.221349 0.00710327 
20462 -0.221481 0.154562 
20463 -0.221304 0.302356 
20464 -0.0990347 -0.138668 
20465 -0.098242 0.00714561 
20466 -0.0980217 0.153589 
20467 -0.0980262 0.301235 
20468 0.0233267 -0.138768 
20469 0.0238339 0.00713153 
20470 0.0236164 0.153176 
20471 0.0247039 0.30052 
20472 0.144499 -0.139305 
20473 0.144995 0.0069707 
20474 0.145648 0.152846 
20475 0.145753 0.298823 
20476 0.265022 -0.139145 
20477 0.265692 0.00585201 
20478 0.266688 0.152429 
20479 0.267619 0.297855 
20480 -0.202325 -0.127101 
20481 -0.20265 0.0111873 
20482 -0.202897 0.148394 
20483 -0.202665 0.287065 
20484 -0.0876703 -0.127054 
20485 -0.0880289 0.0100515 
20486 -0.0873147 0.147822 
20487 -0.0871164 0.285915 
20488 0.0265728 -0.126322 
20489 0.0270745 0.0102305 
20490 0.0270416 0.147067 
20491 0.0274457 0.285295 
20492 0.139989 -0.126828 
20493 0.140536 0.0100186 
20494 0.140751 0.146646 
20495 0.141461 0.283893 
20496 0.252465 -0.127092 
20497 0.253379 0.0089388 
20498 0.253923 0.145574 
20499 0.255243 0.282899 
20500 -0.186879 -0.115931 
20501 -0.186823 0.0134483 
20502 -0.186723 0.143423 
20503 -0.186701 0.273506 
20504 -0.0785743 -0.116601 
20505 -0.078779 0.0129057 
20506 -0.0779232 0.141936 
20507 -0.0775104 0.27222 
20508 0.0284027 -0.116489 
20509 0.0292562 0.0122234 
20510 0.0302564 0.142016 
20511 0.0304587 0.271314 
20512 0.13544 -0.116023 
20513 0.135958 0.0117666 
20514 0.137179 0.14091 
20515 0.137484 0.270105 
20516 0.24162 -0.116401 
20517 0.242605 0.011247 
20518 0.243226 0.139557 
20519 0.244568 0.268825 
20520 -0.172656 -0.107326 
20521 -0.172351 0.0155011 
20522 -0.172187 0.13863 
20523 -0.171934 0.261651 
20524 -0.0707209 -0.106893 
20525 -0.0703077 0.0143627 
20526 -0.0697028 0.136672 
20527 -0.0689273 0.260158 
20528 0.0303725 -0.107253 
20529 0.0307439 0.0143005 
20530 0.0315817 0.136484 
20531 0.0324627 0.258853 
20532 0.130845 -0.106921 
20533 0.13207 0.0140038 
20534 0.133329 0.135527 
20535 0.134038 0.257084 
20536 0.230668 -0.10699 
20537 0.232152 0.0134302 
20538 0.23293 0.133617 
20539 0.234619 0.255763 
20540 -0.161436 -0.0992667 
20541 -0.160824 0.0169186 
20542 -0.160433 0.133688 
20543 -0.159664 0.24981 
20544 -0.0645228 -0.0989441 
20545 -0.0638747 0.0159343 
20546 -0.0634827 0.131848 
20547 -0.0626116 0.249046 
20548 0.031515 -0.0995886 
20549 0.0322986 0.0156548 
20550 0.0335584 0.130929 
20551 0.0338962 0.246853 
20552 0.126954 -0.100238 
20553 0.128121 0.0143316 
20554 0.12907 0.130241 
20555 0.130136 0.245667 
20556 0.221186 -0.0995938 
20557 0.222939 0.0137762 
20558 0.224088 0.12904 
20559 0.225567 0.244408 
20560 -0.150979 -0.0924139 
20561 -0.15003 0.0181649 
20562 -0.149761 0.128683 
20563 -0.148727 0.239473 
20564 -0.0582034 -0.0922789 
20565 -0.0576205 0.0168718 
20566 -0.0574255 0.127441 
20567 -0.0566936 0.237837 
20568 0.0326264 -0.0924873 
20569 0.0340208 0.0162007 
20570 0.0349158 0.125813 
20571 0.0356168 0.235953 
20572 0.122738 -0.0928159 
20573 0.123953 0.0152889 
20574 0.125301 0.124318 
20575 0.126796 0.234715 
20576 0.212132 -0.0931392 
20577 0.214334 0.0152215 
20578 0.215548 0.123986 
20579 0.217383 0.232742 
20580 -0.141109 -0.0864925 
20581 -0.14029 0.0187942 
20582 -0.139968 0.124375 
20583 -0.138761 0.229629 
20584 -0.0539192 -0.0874327 
20585 -0.0530159 0.0177326 
20586 -0.0515562 0.122671 
20587 -0.0508286 0.228564 
20588 0.0327101 -0.0877673 
20589 0.0344179 0.016763 
20590 0.0356475 0.120915 
20591 0.0362834 0.226502 
20592 0.119514 -0.0876783 
20593 0.119991 0.015602 
20594 0.121584 0.12024 
20595 0.122786 0.224823 
20596 0.204615 -0.0878301 
20597 0.206043 0.0146156 
20598 0.207851 0.118536 
20599 0.208913 0.222817 
20600 -0.132799 -0.0811092 
20601 -0.132433 0.0185467 
20602 -0.131649 0.119452 
20603 -0.130298 0.220599 
20604 -0.0500656 -0.081806 
20605 -0.048358 0.0176911 
20606 -0.0470681 0.118394 
20607 -0.0464714 0.218593 
20608 0.0333759 -0.0830287 
20609 0.0343145 0.0164554 
20610 0.0360498 0.11693 
20611 0.0367001 0.216621 
20612 0.115294 -0.0832274 
20613 0.116823 0.015799 
20614 0.117848 0.115592 
20615 0.1198 0.215483 
20616 0.196375 -0.0836934 
20617 0.198789 0.0152089 
20618 0.200068 0.113637 
20619 0.201592 0.213557 
20620 -0.126012 -0.0776216 
20621 -0.125384 0.0186849 
20622 -0.123921 0.115319 
20623 -0.122591 0.212233 
20624 -0.0461249 -0.0782623 
20625 -0.0451174 0.017972 
20626 -0.0435322 0.113412 
20627 -0.0423681 0.210408 
20628 0.0332389 -0.0786368 
20629 0.0348507 0.0168211 
20630 0.0364623 0.111595 
20631 0.0372927 0.207566 
20632 0.111175 -0.0790613 
20633 0.113176 0.0151781 
20634 0.114896 0.110121 
20635 0.116268 0.205767 
20636 0.189082 -0.0799555 
20637 0.19079 0.0143811 
20638 0.193459 0.109179 
20639 0.194837 0.204262 
20640 -0.119892 -0.0739038 
20641 -0.118335 0.0181085 
20642 -0.117795 0.110966 
20643 -0.116301 0.203402 
20644 -0.0430938 -0.0747371 
20645 -0.0414928 0.0173712 
20646 -0.0401862 0.109656 
20647 -0.0388209 0.202135 
20648 0.0326959 -0.0747817 
20649 0.0346207 0.0157301 
20650 0.0362314 0.10766 
20651 0.0380445 0.199496 
20652 0.107848 -0.0753631 
20653 0.109554 0.0149529 
20654 0.112003 0.106246 
20655 0.113016 0.198015 
20656 0.182033 -0.0761294 
20657 0.184849 0.013638 
20658 0.186499 0.104357 
20659 0.188719 0.195521 
20660 -0.114037 -0.0702116 
20661 -0.112762 0.0180718 
20662 -0.111478 0.106791 
20663 -0.110211 0.19603 
20664 -0.0408666 -0.0711613 
20665 -0.0389156 0.0168026 
20666 -0.0371803 0.104893 
20667 -0.0360514 0.193762 
20668 0.0320566 -0.0722122 
20669 0.0341398 0.0152966 
20670 0.0355795 0.103062 
20671 0.0376894 0.191624 
20672 0.104744 -0.0724145 
20673 0.10685 0.0143374 
20674 0.108013 0.101793 
20675 0.109868 0.189871 
20676 0.176019 -0.0740092 
20677 0.177869 0.0129757 
20678 0.180428 0.100113 
20679 0.181709 0.187771 
20680 -0.108633 -0.0684124 
20681 -0.108015 0.0172511 
20682 -0.105997 0.10287 
20683 -0.104622 0.18837 
20684 -0.0382188 -0.0690336 
20685 -0.0368888 0.0152427 
20686 -0.034945 0.100932 
20687 -0.0332712 0.186248 
20688 0.0313885 -0.0695219 
20689 0.033222 0.0139977 
20690 0.0354358 0.0988588 
20691 0.0367839 0.184221 
20692 0.100948 -0.0703145 
20693 0.102707 0.0126551 
20694 0.105479 0.0971499 
20695 0.107408 0.182023 
20696 0.169342 -0.0716253 
20697 0.171997 0.0122317 
20698 0.174343 0.0949057 
20699 0.176122 0.179506 
20700 -0.104716 -0.0662974 
20701 -0.102793 0.016041 
20702 -0.101834 0.0981123 
20703 -0.0999765 0.180777 
20704 -0.0363514 -0.0665313 
20705 -0.0346489 0.0143686 
20706 -0.0330825 0.0961035 
20707 -0.0311069 0.178839 
20708 0.0311918 -0.0677034 
20709 0.0328206 0.0127761 
20710 0.0344484 0.095036 
20711 0.0363521 0.176929 
20712 0.0981702 -0.068321 
20713 0.0995143 0.0116098 
20714 0.102115 0.0923506 
20715 0.103936 0.174165 
20716 0.163996 -0.0694132 
20717 0.165866 0.0105109 
20718 0.167977 0.090785 
20719 0.170624 0.171817 
20720 -0.100448 -0.064092 
20721 -0.0993597 0.014571 
20722 -0.0978543 0.0947834 
20723 -0.0953174 0.174273 
20724 -0.0348617 -0.0648448 
20725 -0.0327256 0.0134036 
20726 -0.0311082 0.0927646 
20727 -0.0292306 0.171482 
20728 0.0298098 -0.0662093 
20729 0.0321143 0.011989 
20730 0.0336879 0.0904165 
20731 0.0363651 0.169219 
20732 0.0940646 -0.0671618 
20733 0.0963256 0.0102014 
20734 0.0984247 0.0888549 
20735 0.100904 0.166937 
20736 0.157402 -0.0684552 
20737 0.160422 0.00923454 
20738 0.162586 0.0864921 
20739 0.165113 0.164898 
20740 -0.097499 -0.0630305 
20741 -0.095624 0.0133339 
20742 -0.0939938 0.0905693 
20743 -0.0917883 0.168039 
20744 -0.0335943 -0.0638346 
20745 -0.0322242 0.0118861 
20746 -0.0294144 0.0879342 
20747 -0.0279529 0.165257 
20748 0.0287364 -0.0651735 
20749 0.0313679 0.0104832 
20750 0.0330764 0.0862623 
20751 0.0356846 0.163075 
20752 0.0907158 -0.066073 
20753 0.0928533 0.00881963 
20754 0.0955819 0.0841353 
20755 0.0977368 0.159947 
20756 0.152132 -0.067232 
20757 0.154846 0.00706549 
20758 0.157326 0.0824132 
20759 0.160311 0.157592 
20760 -0.0941377 -0.0613276 
20761 -0.092869 0.0122767 
20762 -0.090959 0.086435 
20763 -0.0882672 0.161182 
20764 -0.0326647 -0.0629366 
20765 -0.0304134 0.0103251 
20766 -0.028367 0.0845472 
20767 -0.0264367 0.159013 
20768 0.0278091 -0.0636627 
20769 0.0303866 0.00896566 
20770 0.0318309 0.0827023 
20771 0.0348992 0.155751 
20772 0.087932 -0.0647404 
20773 0.0902255 0.00755643 
20774 0.0920945 0.0806227 
20775 0.0953187 0.153658 
20776 0.146491 -0.0662313 
20777 0.149378 0.00528256 
20778 0.152449 0.0786404 
20779 0.154979 0.150752 
