2040 -0.333415 -0.216889 
2041 -0.333193 -0.0168899 
2042 -0.333611 0.183186 
2043 -0.333723 0.383204 
2044 -0.166387 -0.216695 
2045 -0.166589 -0.0164397 
2046 -0.166883 0.18321 
2047 -0.166732 0.382844 
2048 0.000283982 -0.21701 
2049 -0.000174325 -0.0162962 
2050 0.00016513 0.183166 
2051 -0.000414388 0.383349 
2052 0.166601 -0.216781 
2053 0.166399 -0.0168245 
2054 0.166452 0.183245 
2055 0.166263 0.383805 
2056 0.33346 -0.216296 
2057 0.333147 -0.0168935 
2058 0.333747 0.183127 
2059 0.333799 0.3837 
2060 -0.325506 -0.206115 
2061 -0.326178 -0.0216549 
2062 -0.325739 0.161896 
2063 -0.326928 0.346163 
2064 -0.171391 -0.205511 
2065 -0.172181 -0.0221004 
2066 -0.17196 0.162097 
2067 -0.172554 0.347 
2068 -0.0183159 -0.205509 
2069 -0.0180498 -0.0215268 
2070 -0.0185339 0.162526 
2071 -0.0199192 0.346912 
2072 0.13544 -0.204875 
2073 0.135223 -0.0209891 
2074 0.134121 0.163221 
2075 0.133255 0.346706 
2076 0.288122 -0.204617 
2077 0.288067 -0.0204047 
2078 0.287698 0.163023 
2079 0.287203 0.346684 
2080 -0.318551 -0.197896 
2081 -0.320041 -0.0262329 
2082 -0.320459 0.143846 
2083 -0.321478 0.315396 
2084 -0.176426 -0.196849 
2085 -0.177233 -0.0259776 
2086 -0.17758 0.14517 
2087 -0.17916 0.31552 
2088 -0.0336565 -0.19563 
2089 -0.0341702 -0.0254809 
2090 -0.0359994 0.145016 
2091 -0.0365564 0.31536 
2092 0.108409 -0.194849 
2093 0.107079 -0.0244158 
2094 0.106428 0.145976 
2095 0.105641 0.315947 
2096 0.24924 -0.192971 
2097 0.248691 -0.0235575 
2098 0.247902 0.146314 
2099 0.246334 0.316493 
2100 -0.313839 -0.189697 
2101 -0.314736 -0.0298469 
2102 -0.315548 0.128483 
2103 -0.317526 0.288101 
2104 -0.180629 -0.187847 
2105 -0.181472 -0.0293799 
2106 -0.182978 0.130142 
2107 -0.183641 0.288912 
2108 -0.0480168 -0.186877 
2109 -0.048791 -0.0284228 
2110 -0.0498926 0.130927 
2111 -0.0517487 0.289309 
2112 0.0841924 -0.185597 
2113 0.0834367 -0.027156 
2114 0.0813042 0.13098 
2115 0.0798931 0.289778 
2116 0.215941 -0.184037 
2117 0.214098 -0.0261494 
2118 0.212809 0.132154 
2119 0.211448 0.290021 
2120 -0.308803 -0.182434 
2121 -0.310459 -0.0331481 
2122 -0.312794 0.11604 
2123 -0.313549 0.265064 
2124 -0.184608 -0.180972 
2125 -0.186156 -0.0314804 
2126 -0.187954 0.11652 
2127 -0.189135 0.265358 
2128 -0.0600562 -0.179129 
2129 -0.0623064 -0.0308085 
2130 -0.0631331 0.117938 
2131 -0.0646643 0.266689 
2132 0.0632232 -0.177224 
2133 0.0612858 -0.0287312 
2134 0.0600678 0.118779 
2135 0.0584821 0.267074 
2136 0.18636 -0.175626 
2137 0.184185 -0.0271325 
2138 0.182384 0.119861 
2139 0.181597 0.267448 
2140 -0.305836 -0.176547 
2141 -0.308026 -0.0358229 
2142 -0.309138 0.104063 
2143 -0.311666 0.244737 
2144 -0.188074 -0.173932 
2145 -0.190402 -0.0340724 
2146 -0.192142 0.105848 
2147 -0.194359 0.245522 
2148 -0.0712516 -0.171676 
2149 -0.0734436 -0.0321805 
2150 -0.075653 0.107486 
2151 -0.077005 0.246885 
2152 0.0441181 -0.169454 
2153 0.0424798 -0.0309179 
2154 0.0405937 0.108588 
2155 0.0384191 0.247476 
2156 0.159672 -0.167662 
2157 0.157413 -0.0293453 
2158 0.155552 0.109146 
2159 0.153975 0.247688 
2160 -0.302735 -0.170409 
2161 -0.305413 -0.0372779 
2162 -0.307604 0.0947139 
2163 -0.309403 0.227334 
2164 -0.192107 -0.167637 
2165 -0.193826 -0.0361692 
2166 -0.196288 0.0962388 
2167 -0.199016 0.228302 
2168 -0.0818532 -0.165157 
2169 -0.0844423 -0.0340927 
2170 -0.0866697 0.0972093 
2171 -0.0886136 0.228709 
2172 0.0270422 -0.162967 
2173 0.02568 -0.0321143 
2174 0.0232859 0.0993574 
2175 0.0210213 0.229733 
2176 0.135806 -0.160451 
2177 0.133457 -0.0301112 
2178 0.132177 0.100593 
2179 0.129928 0.230577 
2180 -0.300723 -0.164569 
2181 -0.303116 -0.0389038 
2182 -0.305761 0.0856114 
2183 -0.308357 0.210837 
2184 -0.195344 -0.162035 
2185 -0.197925 -0.0368089 
2186 -0.200295 0.0879997 
2187 -0.203099 0.212951 
2188 -0.0919895 -0.159534 
2189 -0.0942731 -0.0349149 
2190 -0.096324 0.0888933 
2191 -0.0991295 0.214137 
2192 0.0115038 -0.156374 
2193 0.00918883 -0.0326299 
2194 0.00713977 0.0914604 
2195 0.0043534 0.214705 
2196 0.115003 -0.154427 
2197 0.112723 -0.0311097 
2198 0.110171 0.0928284 
2199 0.107064 0.21631 
2200 -0.299024 -0.158744 
2201 -0.302094 -0.0407641 
2202 -0.30403 0.0784695 
2203 -0.307216 0.197668 
2204 -0.199435 -0.156244 
2205 -0.201844 -0.0375259 
2206 -0.204475 0.079912 
2207 -0.207412 0.198893 
2208 -0.100838 -0.153524 
2209 -0.103225 -0.0360763 
2210 -0.105767 0.0820723 
2211 -0.108446 0.199993 
2212 -0.00230222 -0.150511 
2213 -0.00445492 -0.0332713 
2214 -0.00780117 0.0844151 
2215 -0.00997179 0.201909 
2216 0.0949744 -0.148274 
2217 0.092616 -0.0306361 
2218 0.0905107 0.0861758 
2219 0.0869752 0.202824 
2220 -0.298137 -0.154726 
2221 -0.300794 -0.0412123 
2222 -0.303814 0.0723158 
2223 -0.306299 0.185212 
2224 -0.20302 -0.15149 
2225 -0.205519 -0.0388974 
2226 -0.208709 0.0745071 
2227 -0.210994 0.18664 
2228 -0.108884 -0.148575 
2229 -0.111937 -0.0357738 
2230 -0.11405 0.0763555 
2231 -0.116562 0.188393 
2232 -0.0155599 -0.145651 
2233 -0.017821 -0.0335788 
2234 -0.0206218 0.0780028 
2235 -0.0236409 0.190038 
2236 0.0775419 -0.142108 
2237 0.0744887 -0.0309086 
2238 0.0716689 0.0800168 
2239 0.0690788 0.19146 
2240 -0.297401 -0.149378 
2241 -0.300516 -0.0418296 
2242 -0.303343 0.0661787 
2243 -0.306703 0.174232 
2244 -0.206444 -0.146671 
2245 -0.209587 -0.0384866 
2246 -0.21247 0.0683972 
2247 -0.215351 0.175678 
2248 -0.116582 -0.142851 
2249 -0.119774 -0.0362242 
2250 -0.122483 0.0704246 
2251 -0.125148 0.177855 
2252 -0.0272053 -0.139794 
2253 -0.0301817 -0.0337441 
2254 -0.0334038 0.0722194 
2255 -0.0359043 0.179151 
2256 0.0609269 -0.13746 
2257 0.0581334 -0.0310252 
2258 0.0552452 0.07438 
2259 0.0523951 0.180301 
2260 -0.296665 -0.14446 
2261 -0.30016 -0.0416905 
2262 -0.302675 0.0615732 
2263 -0.306329 0.165192 
2264 -0.20978 -0.141394 
2265 -0.212741 -0.0394972 
2266 -0.215731 0.0636789 
2267 -0.219238 0.166483 
2268 -0.123744 -0.138566 
2269 -0.127161 -0.0360457 
2270 -0.130184 0.0661565 
2271 -0.132736 0.168386 
2272 -0.0386765 -0.135413 
2273 -0.0416631 -0.0330757 
2274 -0.0445654 0.0684682 
2275 -0.0474769 0.169424 
2276 0.0456987 -0.131664 
2277 0.0430087 -0.0309447 
2278 0.0398406 0.0702186 
2279 0.0369278 0.171389 
2280 -0.296555 -0.14061 
2281 -0.300241 -0.0412965 
2282 -0.302851 0.0569117 
2283 -0.30625 0.155968 
2284 -0.213693 -0.137314 
2285 -0.216289 -0.0386682 
2286 -0.219679 0.0597412 
2287 -0.222793 0.158142 
2288 -0.131164 -0.133326 
2289 -0.134215 -0.0359814 
2290 -0.137734 0.061679 
2291 -0.140772 0.159275 
2292 -0.0493147 -0.13033 
2293 -0.0527653 -0.0335453 
2294 -0.0554829 0.0643885 
2295 -0.0582849 0.161718 
2296 0.0311044 -0.126645 
2297 0.0279192 -0.0307276 
2298 0.0256536 0.0662913 
2299 0.0225697 0.163399 
2300 -0.296581 -0.135769 
2301 -0.299843 -0.041195 
2302 -0.303237 0.0537259 
2303 -0.306649 0.148257 
2304 -0.21656 -0.132891 
2305 -0.220293 -0.0386936 
2306 -0.223819 0.0554398 
2307 -0.22656 0.150627 
2308 -0.137843 -0.129073 
2309 -0.140542 -0.0353511 
2310 -0.143864 0.0586888 
2311 -0.147095 0.152154 
2312 -0.058735 -0.126219 
2313 -0.0626543 -0.0327737 
2314 -0.0657295 0.0607233 
2315 -0.069018 0.153729 
2316 0.0181722 -0.122729 
2317 0.0144985 -0.0292556 
2318 0.0116713 0.0632994 
2319 0.00882975 0.156131 
2320 -0.296896 -0.132033 
2321 -0.300664 -0.0405448 
2322 -0.30411 0.0502177 
2323 -0.307841 0.141819 
2324 -0.219851 -0.128626 
2325 -0.223405 -0.0377884 
2326 -0.226822 0.0530916 
2327 -0.230823 0.143322 
2328 -0.143714 -0.125229 
2329 -0.146955 -0.0345539 
2330 -0.151136 0.0556869 
2331 -0.153782 0.14545 
2332 -0.069065 -0.120888 
2333 -0.0720027 -0.0314912 
2334 -0.0751346 0.05756 
2335 -0.0786124 0.147781 
2336 0.00574801 -0.117917 
2337 0.00251672 -0.0291127 
2338 -0.00107756 0.0607143 
2339 -0.00434584 0.150064 
2340 -0.297491 -0.12731 
2341 -0.300603 -0.0400319 
2342 -0.304537 0.0472788 
2343 -0.308337 0.135168 
2344 -0.223405 -0.124133 
2345 -0.227113 -0.0367621 
2346 -0.230619 0.0499601 
2347 -0.23417 0.137073 
2348 -0.150188 -0.12029 
2349 -0.153345 -0.0338971 
2350 -0.156822 0.0530067 
2351 -0.160464 0.139553 
2352 -0.0770186 -0.11688 
2353 -0.0810003 -0.031195 
2354 -0.0845148 0.0555451 
2355 -0.0875165 0.141555 
2356 -0.006286 -0.114015 
2357 -0.00952527 -0.0283313 
2358 -0.0122431 0.0576585 
2359 -0.0155392 0.143556 
2360 -0.298094 -0.123526 
2361 -0.301376 -0.0388353 
2362 -0.305832 0.0456211 
2363 -0.308916 0.129838 
2364 -0.226628 -0.120064 
2365 -0.229996 -0.036013 
2366 -0.233911 0.047571 
2367 -0.237172 0.131878 
2368 -0.155734 -0.116372 
2369 -0.159867 -0.0330681 
2370 -0.162907 0.0507364 
2371 -0.167065 0.134424 
2372 -0.0864182 -0.112791 
2373 -0.0897156 -0.0298848 
2374 -0.0931688 0.0530192 
2375 -0.0969315 0.136297 
2376 -0.01729 -0.108957 
2377 -0.0206725 -0.0264755 
2378 -0.0240004 0.0561342 
2379 -0.0276224 0.138169 
2380 -0.298436 -0.119369 
2381 -0.302743 -0.0384199 
2382 -0.305872 0.0430664 
2383 -0.310441 0.125364 
2384 -0.229499 -0.116118 
2385 -0.233283 -0.0347552 
2386 -0.236968 0.0465782 
2387 -0.241333 0.127637 
2388 -0.160981 -0.112626 
2389 -0.164782 -0.0316201 
2390 -0.169079 0.0487872 
2391 -0.172403 0.129235 
2392 -0.0945282 -0.108328 
2393 -0.0975411 -0.0287335 
2394 -0.101695 0.0519205 
2395 -0.105185 0.132084 
2396 -0.0270922 -0.105223 
2397 -0.0305256 -0.0253523 
2398 -0.0346551 0.053886 
2399 -0.0384108 0.134216 
2400 -0.299652 -0.115669 
2401 -0.30319 -0.0373433 
2402 -0.307333 0.0414069 
2403 -0.311407 0.121251 
2404 -0.23236 -0.112356 
2405 -0.236734 -0.0333897 
2406 -0.240966 0.045055 
2407 -0.244426 0.123122 
2408 -0.167042 -0.108397 
2409 -0.170964 -0.0300876 
2410 -0.174329 0.0472936 
2411 -0.178025 0.125243 
2412 -0.101711 -0.10425 
2413 -0.105396 -0.0271081 
2414 -0.109307 0.0498367 
2415 -0.113124 0.128156 
2416 -0.0377472 -0.1009 
2417 -0.0406892 -0.0240702 
2418 -0.0445213 0.0528935 
2419 -0.0477681 0.129875 
2420 -0.300936 -0.111406 
2421 -0.304166 -0.0360852 
2422 -0.308192 0.0404836 
2423 -0.312563 0.116913 
2424 -0.236238 -0.10841 
2425 -0.24018 -0.0318606 
2426 -0.24414 0.0436247 
2427 -0.247462 0.119173 
2428 -0.172237 -0.10454 
2429 -0.176299 -0.0290254 
2430 -0.179627 0.0464163 
2431 -0.183862 0.121768 
2432 -0.108894 -0.100763 
2433 -0.112988 -0.0257221 
2434 -0.116341 0.0491367 
2435 -0.119937 0.124301 
2436 -0.046712 -0.0969863 
2437 -0.0504945 -0.0223063 
2438 -0.0542222 0.0516257 
2439 -0.0571775 0.126654 
