20480 -0.333436 -0.216333 
20481 -0.33378 -0.0168957 
20482 -0.33324 0.183637 
20483 -0.333287 0.38329 
20484 -0.166745 -0.217154 
20485 -0.166707 -0.0163561 
20486 -0.166995 0.182977 
20487 -0.166702 0.383819 
20488 -0.00022005 -0.216864 
20489 -0.000317667 -0.0164969 
20490 -0.000219415 0.183607 
20491 -4.19921e-05 0.383084 
20492 0.166486 -0.216814 
20493 0.166241 -0.01657 
20494 0.166743 0.183396 
20495 0.166361 0.383828 
20496 0.332875 -0.217156 
20497 0.333674 -0.0168742 
20498 0.333482 0.183558 
20499 0.333564 0.383349 
20500 -0.29784 -0.194882 
20501 -0.297554 -0.0117943 
20502 -0.297491 0.171993 
20503 -0.29759 0.355615 
20504 -0.14496 -0.194996 
20505 -0.144705 -0.0118029 
20506 -0.145037 0.171285 
20507 -0.144941 0.355295 
20508 0.00762227 -0.194943 
20509 0.00836058 -0.0116159 
20510 0.0083381 0.171674 
20511 0.00795947 0.355088 
20512 0.160208 -0.195099 
20513 0.16068 -0.0119219 
20514 0.160925 0.170531 
20515 0.16124 0.353999 
20516 0.312764 -0.19534 
20517 0.312547 -0.0120257 
20518 0.313115 0.170278 
20519 0.313161 0.353383 
20520 -0.268621 -0.177453 
20521 -0.268697 -0.00855449 
20522 -0.267767 0.161505 
20523 -0.267894 0.331538 
20524 -0.127587 -0.177997 
20525 -0.127143 -0.00830705 
20526 -0.126794 0.161084 
20527 -0.126707 0.330863 
20528 0.0140108 -0.177695 
20529 0.0136878 -0.00892178 
20530 0.0149155 0.160293 
20531 0.0154583 0.329657 
20532 0.154756 -0.177366 
20533 0.155281 -0.00900189 
20534 0.155239 0.159825 
20535 0.15542 0.329024 
20536 0.294131 -0.178246 
20537 0.295298 -0.0094584 
20538 0.29584 0.159187 
20539 0.296685 0.328071 
20540 -0.243834 -0.162951 
20541 -0.243461 -0.0053773 
20542 -0.242988 0.15199 
20543 -0.242366 0.31051 
20544 -0.111799 -0.163319 
20545 -0.112131 -0.00609939 
20546 -0.110947 0.15174 
20547 -0.111164 0.308848 
20548 0.0184558 -0.163076 
20549 0.0189544 -0.00653787 
20550 0.0194975 0.150684 
20551 0.0206471 0.308238 
20552 0.148882 -0.162764 
20553 0.14977 -0.00632635 
20554 0.14993 0.150321 
20555 0.150679 0.307111 
20556 0.2785 -0.163327 
20557 0.280018 -0.00676254 
20558 0.280339 0.149137 
20559 0.281397 0.306035 
20560 -0.222863 -0.150926 
20561 -0.221929 -0.00306288 
20562 -0.221757 0.143614 
20563 -0.221627 0.29191 
20564 -0.100243 -0.15041 
20565 -0.0988021 -0.00434134 
20566 -0.0985041 0.142964 
20567 -0.0977993 0.29008 
20568 0.0222601 -0.151252 
20569 0.0228979 -0.00437926 
20570 0.0239174 0.1419 
20571 0.0246318 0.288546 
20572 0.144068 -0.151281 
20573 0.144702 -0.00540797 
20574 0.1455 0.140538 
20575 0.146766 0.287688 
20576 0.264655 -0.150961 
20577 0.266098 -0.0054265 
20578 0.266883 0.140198 
20579 0.267789 0.286125 
20580 -0.204442 -0.14057 
20581 -0.204024 -0.00231818 
20582 -0.20273 0.135653 
20583 -0.202774 0.274765 
20584 -0.0895283 -0.140321 
20585 -0.0880437 -0.00258069 
20586 -0.087522 0.134793 
20587 -0.0864656 0.27355 
20588 0.025487 -0.140749 
20589 0.0260265 -0.00336161 
20590 0.0276144 0.133832 
20591 0.0283574 0.271566 
20592 0.139376 -0.140584 
20593 0.139857 -0.0043557 
20594 0.140907 0.132562 
20595 0.14223 0.270117 
20596 0.252645 -0.141366 
20597 0.253795 -0.00457249 
20598 0.254906 0.13189 
20599 0.255921 0.268903 
20600 -0.188593 -0.131481 
20601 -0.18798 -0.00170142 
20602 -0.187234 0.128834 
20603 -0.186399 0.259952 
20604 -0.0801679 -0.131932 
20605 -0.0796483 -0.00219306 
20606 -0.0786005 0.12791 
20607 -0.0775583 0.257648 
20608 0.0276043 -0.132412 
20609 0.0287395 -0.00274888 
20610 0.0293595 0.126092 
20611 0.0309588 0.256639 
20612 0.134614 -0.132683 
20613 0.135441 -0.00428572 
20614 0.137417 0.124955 
20615 0.138763 0.254635 
20616 0.240381 -0.132909 
20617 0.241925 -0.00454048 
20618 0.244127 0.123994 
20619 0.245683 0.252345 
20620 -0.175317 -0.123379 
20621 -0.174273 -0.00151065 
20622 -0.172704 0.122411 
20623 -0.1719 0.245559 
20624 -0.0720069 -0.124232 
20625 -0.0718187 -0.00242571 
20626 -0.0704853 0.120691 
20627 -0.068965 0.243818 
20628 0.0296215 -0.124873 
20629 0.030301 -0.00335386 
20630 0.0321685 0.119358 
20631 0.033354 0.242033 
20632 0.129985 -0.125748 
20633 0.131642 -0.00395843 
20634 0.13273 0.118073 
20635 0.134235 0.24038 
20636 0.23084 -0.125667 
20637 0.232286 -0.00482401 
20638 0.233467 0.116552 
20639 0.235354 0.238033 
20640 -0.162909 -0.11789 
20641 -0.1617 -0.00114657 
20642 -0.160567 0.115326 
20643 -0.15982 0.232918 
20644 -0.0659401 -0.118376 
20645 -0.0647594 -0.00192134 
20646 -0.0637829 0.11454 
20647 -0.0616882 0.231049 
20648 0.0308039 -0.11919 
20649 0.0318881 -0.0035987 
20650 0.0337373 0.112122 
20651 0.0343895 0.229242 
20652 0.126442 -0.119448 
20653 0.127234 -0.00425545 
20654 0.128974 0.11112 
20655 0.13135 0.22699 
20656 0.221111 -0.11983 
20657 0.222948 -0.00569482 
20658 0.224091 0.109161 
20659 0.226187 0.225222 
20660 -0.152966 -0.112477 
20661 -0.151733 -0.00161915 
20662 -0.150001 0.109025 
20663 -0.148586 0.22115 
20664 -0.0603626 -0.112833 
20665 -0.0588074 -0.00268088 
20666 -0.0577056 0.108086 
20667 -0.0560351 0.218928 
20668 0.030841 -0.113239 
20669 0.0325147 -0.00361252 
20670 0.0342924 0.105877 
20671 0.0363051 0.216238 
20672 0.12195 -0.114713 
20673 0.123343 -0.00479176 
20674 0.125446 0.104266 
20675 0.127943 0.214767 
20676 0.211619 -0.114703 
20677 0.213853 -0.00682107 
20678 0.215551 0.102376 
20679 0.217591 0.212647 
20680 -0.143835 -0.107963 
20681 -0.142325 -0.00271959 
20682 -0.14067 0.103707 
20683 -0.139141 0.209545 
20684 -0.0552691 -0.10891 
20685 -0.0540071 -0.00327816 
20686 -0.0518387 0.101899 
20687 -0.0511794 0.207364 
20688 0.0317699 -0.109357 
20689 0.0336086 -0.00487821 
20690 0.0355295 0.100027 
20691 0.0372854 0.205041 
20692 0.117945 -0.109695 
20693 0.119677 -0.00575972 
20694 0.121676 0.0985664 
20695 0.124453 0.202781 
20696 0.203965 -0.110826 
20697 0.20552 -0.00783608 
20698 0.207897 0.0963181 
20699 0.21035 0.200723 
20700 -0.134978 -0.104265 
20701 -0.133938 -0.00351755 
20702 -0.131954 0.0979434 
20703 -0.130572 0.199126 
20704 -0.0517552 -0.104393 
20705 -0.0493333 -0.00481203 
20706 -0.0476233 0.0960334 
20707 -0.0459744 0.196807 
20708 0.031425 -0.105831 
20709 0.0338851 -0.00614422 
20710 0.0353417 0.0939433 
20711 0.0372331 0.194754 
20712 0.114729 -0.106588 
20713 0.116888 -0.00698557 
20714 0.118675 0.0918849 
20715 0.120574 0.192791 
20716 0.196232 -0.107594 
20717 0.19782 -0.00858179 
20718 0.200784 0.0904048 
20719 0.203165 0.190502 
20720 -0.128148 -0.100527 
20721 -0.126216 -0.0040325 
20722 -0.124635 0.092451 
20723 -0.12342 0.189512 
20724 -0.048027 -0.101762 
20725 -0.0461274 -0.00607405 
20726 -0.0439273 0.0901838 
20727 -0.0421366 0.187396 
20728 0.0318399 -0.102356 
20729 0.03348 -0.00693277 
20730 0.0356597 0.0889449 
20731 0.0381762 0.185328 
20732 0.11104 -0.103545 
20733 0.112998 -0.00862211 
20734 0.114813 0.08669 
20735 0.117685 0.182122 
20736 0.18846 -0.104615 
20737 0.19083 -0.0101466 
20738 0.193179 0.0846604 
20739 0.19543 0.180342 
20740 -0.121858 -0.0980718 
20741 -0.120307 -0.00590756 
20742 -0.118383 0.0877155 
20743 -0.116792 0.181036 
20744 -0.045382 -0.0986677 
20745 -0.0428289 -0.0069658 
20746 -0.0408227 0.08491 
20747 -0.0392508 0.178424 
20748 0.0317669 -0.0997438 
20749 0.034065 -0.00883214 
20750 0.036263 0.0833797 
20751 0.0379884 0.174916 
20752 0.107389 -0.101087 
20753 0.109713 -0.0103779 
20754 0.112033 0.0808384 
20755 0.114226 0.172713 
20756 0.181756 -0.102392 
20757 0.184073 -0.0123729 
20758 0.186695 0.0784818 
20759 0.18932 0.170629 
20760 -0.116106 -0.0954331 
20761 -0.114188 -0.00740878 
20762 -0.112193 0.0821656 
20763 -0.110288 0.171516 
20764 -0.0426054 -0.0970689 
20765 -0.0398373 -0.00878093 
20766 -0.0376483 0.0799879 
20767 -0.0354802 0.169389 
20768 0.0312029 -0.0981793 
20769 0.0328515 -0.0104038 
20770 0.0354608 0.0781441 
20771 0.0376669 0.16634 
20772 0.103313 -0.0994327 
20773 0.105688 -0.0125966 
20774 0.108238 0.0756474 
20775 0.111169 0.164071 
20776 0.174798 -0.100935 
20777 0.177573 -0.0134823 
20778 0.180134 0.0735053 
20779 0.18314 0.160972 
20780 -0.111001 -0.0937344 
20781 -0.109743 -0.00915948 
20782 -0.107191 0.0769621 
20783 -0.105143 0.163031 
20784 -0.04025 -0.0955402 
20785 -0.0375231 -0.00997304 
20786 -0.0356289 0.0747685 
20787 -0.0330725 0.16099 
20788 0.0304285 -0.0970937 
20789 0.032414 -0.0120363 
20790 0.0355141 0.0723664 
20791 0.0377111 0.157967 
20792 0.0998083 -0.0977197 
20793 0.102534 -0.0142139 
20794 0.105294 0.0704141 
20795 0.108034 0.15478 
20796 0.168306 -0.0991022 
20797 0.171902 -0.0153836 
20798 0.174098 0.0678395 
20799 0.176718 0.152516 
20800 -0.107446 -0.0924307 
20801 -0.104593 -0.0103323 
20802 -0.102705 0.0720177 
20803 -0.100694 0.155069 
20804 -0.0380617 -0.0943868 
20805 -0.036401 -0.01217 
20806 -0.0336089 0.0702341 
20807 -0.0310379 0.152732 
20808 0.0295666 -0.0959558 
20809 0.032016 -0.0137891 
20810 0.0349746 0.0675207 
20811 0.0374038 0.150109 
20812 0.0961157 -0.0971413 
20813 0.0988502 -0.0160747 
20814 0.10174 0.0655394 
20815 0.104402 0.146557 
20816 0.162787 -0.0983175 
20817 0.1657 -0.0179501 
20818 0.168369 0.0627191 
20819 0.17127 0.144012 
20820 -0.103165 -0.0911685 
20821 -0.101087 -0.0119942 
20822 -0.0987321 0.0671517 
20823 -0.0959255 0.148222 
20824 -0.0369462 -0.0935549 
20825 -0.0345903 -0.0141871 
20826 -0.0318185 0.0654914 
20827 -0.0292122 0.144794 
20828 0.0280255 -0.0943382 
20829 0.0307605 -0.015699 
20830 0.033648 0.0626976 
20831 0.0365804 0.142137 
20832 0.0927086 -0.0958776 
20833 0.0963239 -0.0184811 
20834 0.0991966 0.060574 
20835 0.10176 0.139205 
20836 0.157174 -0.0975426 
20837 0.160167 -0.0197909 
20838 0.162516 0.0576917 
20839 0.165907 0.136198 
20840 -0.0998443 -0.0913213 
20841 -0.096879 -0.014248 
20842 -0.0943826 0.0633172 
20843 -0.0925291 0.139941 
20844 -0.0356368 -0.0923386 
20845 -0.0328062 -0.0163463 
20846 -0.0309644 0.06023 
20847 -0.0276019 0.137752 
20848 0.0272641 -0.093602 
20849 0.0301262 -0.017724 
20850 0.0333005 0.0580133 
20851 0.0359675 0.134679 
20852 0.0896067 -0.0952607 
20853 0.09277 -0.0202376 
20854 0.0960225 0.0556841 
20855 0.0989223 0.131155 
20856 0.151399 -0.0975026 
20857 0.154493 -0.0217934 
20858 0.157891 0.052731 
20859 0.160252 0.129073 
20860 -0.0970956 -0.0903904 
20861 -0.0946667 -0.0160697 
20862 -0.0916147 0.0580485 
20863 -0.0885701 0.133517 
20864 -0.034876 -0.092391 
20865 -0.0318764 -0.0180977 
20866 -0.0295146 0.0557229 
20867 -0.0267148 0.130352 
20868 0.0256199 -0.0935255 
20869 0.0292039 -0.020267 
20870 0.0314049 0.0531781 
20871 0.0347003 0.127725 
20872 0.0859915 -0.0949072 
20873 0.0898305 -0.0221666 
20874 0.0925921 0.0510949 
20875 0.0951699 0.124285 
20876 0.146403 -0.0964644 
20877 0.14869 -0.0241093 
20878 0.151938 0.048011 
20879 0.155087 0.121403 
