20640 -0.333488 -0.216379 
20641 -0.333415 -0.0170378 
20642 -0.33349 0.183633 
20643 -0.333721 0.383077 
20644 -0.166581 -0.216694 
20645 -0.166564 -0.0163607 
20646 -0.167034 0.182883 
20647 -0.166807 0.383175 
20648 -0.000194719 -0.217076 
20649 -7.79189e-06 -0.016833 
20650 4.35659e-06 0.183826 
20651 0.000475311 0.383308 
20652 0.166743 -0.216546 
20653 0.167081 -0.0170278 
20654 0.166382 0.183219 
20655 0.166787 0.383708 
20656 0.33286 -0.216473 
20657 0.333526 -0.0169776 
20658 0.333603 0.182871 
20659 0.333806 0.383513 
20660 -0.29842 -0.201357 
20661 -0.298228 -0.0174951 
20662 -0.298767 0.166537 
20663 -0.298089 0.350429 
20664 -0.145439 -0.200908 
20665 -0.144889 -0.0176924 
20666 -0.145435 0.166331 
20667 -0.144841 0.349555 
20668 0.00729198 -0.201698 
20669 0.00790396 -0.0180521 
20670 0.00826498 0.165233 
20671 0.00857977 0.34861 
20672 0.160285 -0.202007 
20673 0.16021 -0.0183712 
20674 0.161225 0.165325 
20675 0.161304 0.348932 
20676 0.312662 -0.201866 
20677 0.312797 -0.0189149 
20678 0.313594 0.16424 
20679 0.313592 0.34833 
20680 -0.269668 -0.188414 
20681 -0.269284 -0.0182209 
20682 -0.268953 0.15106 
20683 -0.268861 0.321809 
20684 -0.128015 -0.188446 
20685 -0.127212 -0.0191709 
20686 -0.127098 0.150776 
20687 -0.126352 0.320437 
20688 0.0130711 -0.189558 
20689 0.0133945 -0.0195661 
20690 0.0143859 0.150151 
20691 0.0149074 0.319729 
20692 0.154001 -0.189056 
20693 0.154731 -0.0205365 
20694 0.15574 0.149102 
20695 0.156624 0.31816 
20696 0.294437 -0.189324 
20697 0.295703 -0.0208393 
20698 0.295786 0.1485 
20699 0.296825 0.317082 
20700 -0.245396 -0.17856 
20701 -0.24505 -0.0199119 
20702 -0.2439 0.138412 
20703 -0.243268 0.296065 
20704 -0.113913 -0.178827 
20705 -0.113087 -0.0211677 
20706 -0.112399 0.137224 
20707 -0.111159 0.294676 
20708 0.0178787 -0.179496 
20709 0.0189004 -0.0213676 
20710 0.0197791 0.136294 
20711 0.0201025 0.294115 
20712 0.148634 -0.179115 
20713 0.149653 -0.0227967 
20714 0.150491 0.134437 
20715 0.151913 0.292514 
20716 0.278324 -0.179496 
20717 0.280182 -0.0234261 
20718 0.281134 0.133325 
20719 0.282596 0.290511 
20720 -0.224681 -0.169923 
20721 -0.223985 -0.0222561 
20722 -0.222561 0.12581 
20723 -0.221789 0.273811 
20724 -0.101103 -0.17059 
20725 -0.100461 -0.0232127 
20726 -0.0993508 0.124792 
20727 -0.0982515 0.272158 
20728 0.0213504 -0.171038 
20729 0.0228211 -0.0239345 
20730 0.0238815 0.123287 
20731 0.0254148 0.270889 
20732 0.143621 -0.171101 
20733 0.14489 -0.0246734 
20734 0.146267 0.122179 
20735 0.14692 0.269253 
20736 0.26509 -0.171695 
20737 0.266485 -0.0258912 
20738 0.267771 0.120762 
20739 0.269078 0.267722 
20740 -0.207086 -0.16206 
20741 -0.205933 -0.0241785 
20742 -0.204814 0.114512 
20743 -0.202916 0.25456 
20744 -0.0906399 -0.163384 
20745 -0.089494 -0.0247865 
20746 -0.0885341 0.113799 
20747 -0.0869065 0.252519 
20748 0.0241742 -0.163567 
20749 0.0252013 -0.0263969 
20750 0.0268051 0.111433 
20751 0.0289989 0.250046 
20752 0.138587 -0.164572 
20753 0.139742 -0.0277754 
20754 0.141139 0.110271 
20755 0.143179 0.24847 
20756 0.25194 -0.164995 
20757 0.25397 -0.0282173 
20758 0.255594 0.108984 
20759 0.257119 0.24625 
20760 -0.191161 -0.15684 
20761 -0.190315 -0.0263994 
20762 -0.188401 0.105201 
20763 -0.187344 0.23621 
20764 -0.082573 -0.15714 
20765 -0.0809567 -0.0272142 
20766 -0.078777 0.102598 
20767 -0.077763 0.234022 
20768 0.0260604 -0.15834 
20769 0.02767 -0.0290706 
20770 0.0294901 0.101525 
20771 0.0312738 0.231533 
20772 0.13372 -0.158854 
20773 0.136017 -0.0300308 
20774 0.137805 0.0995202 
20775 0.139289 0.229443 
20776 0.241068 -0.160623 
20777 0.242963 -0.0310769 
20778 0.244854 0.0982468 
20779 0.247085 0.227582 
20780 -0.177571 -0.151908 
20781 -0.176406 -0.0278949 
20782 -0.174835 0.0952492 
20783 -0.172438 0.219856 
20784 -0.0752561 -0.152938 
20785 -0.0726327 -0.0300089 
20786 -0.0709573 0.0939143 
20787 -0.069449 0.217237 
20788 0.0280723 -0.1537 
20789 0.0292214 -0.0310508 
20790 0.0314237 0.0916019 
20791 0.0338263 0.215279 
20792 0.128775 -0.155215 
20793 0.131128 -0.0328086 
20794 0.133907 0.0895653 
20795 0.135532 0.212298 
20796 0.230535 -0.155418 
20797 0.232805 -0.0340466 
20798 0.234809 0.0875178 
20799 0.236854 0.210032 
20800 -0.166372 -0.147856 
20801 -0.16456 -0.0304833 
20802 -0.162191 0.0869742 
20803 -0.160892 0.204623 
20804 -0.0684362 -0.148528 
20805 -0.0658627 -0.0321523 
20806 -0.0647554 0.0850349 
20807 -0.0621493 0.201501 
20808 0.0283188 -0.149857 
20809 0.0311575 -0.033992 
20810 0.033023 0.0828114 
20811 0.0356158 0.199323 
20812 0.12538 -0.1515 
20813 0.127206 -0.0353942 
20814 0.129268 0.080737 
20815 0.131414 0.19638 
20816 0.220668 -0.152758 
20817 0.223057 -0.0366306 
20818 0.225164 0.0787363 
20819 0.227349 0.194641 
20820 -0.155609 -0.144926 
20821 -0.153547 -0.0333931 
20822 -0.151597 0.0784235 
20823 -0.149657 0.190958 
20824 -0.0628706 -0.146306 
20825 -0.0605113 -0.035196 
20826 -0.0585357 0.0758572 
20827 -0.0562075 0.187879 
20828 0.0297222 -0.147013 
20829 0.0315625 -0.0365775 
20830 0.0344843 0.0744377 
20831 0.0366614 0.185146 
20832 0.121184 -0.147861 
20833 0.123113 -0.0381636 
20834 0.125739 0.0720686 
20835 0.128494 0.182906 
20836 0.211616 -0.149364 
20837 0.214313 -0.0404263 
20838 0.216408 0.0697661 
20839 0.219712 0.180298 
20840 -0.146975 -0.141969 
20841 -0.144306 -0.0360404 
20842 -0.142031 0.0706842 
20843 -0.140088 0.177763 
20844 -0.0576383 -0.14358 
20845 -0.0561526 -0.038071 
20846 -0.0532253 0.0687915 
20847 -0.0506933 0.174719 
20848 0.0293942 -0.144559 
20849 0.0320222 -0.0397961 
20850 0.0345241 0.066361 
20851 0.0374828 0.171874 
20852 0.117363 -0.145578 
20853 0.11908 -0.0415597 
20854 0.12256 0.0637578 
20855 0.124975 0.169225 
20856 0.20294 -0.14698 
20857 0.205755 -0.0434028 
20858 0.209047 0.061837 
20859 0.211233 0.166804 
20860 -0.138354 -0.139862 
20861 -0.136147 -0.0384303 
20862 -0.133674 0.0637405 
20863 -0.131503 0.165318 
20864 -0.0539306 -0.140902 
20865 -0.0516315 -0.0398949 
20866 -0.0490572 0.0605093 
20867 -0.0458651 0.162625 
20868 0.0294598 -0.142631 
20869 0.0323544 -0.0425889 
20870 0.0348571 0.0589108 
20871 0.0377819 0.159177 
20872 0.112782 -0.143893 
20873 0.116221 -0.0440937 
20874 0.118898 0.0566564 
20875 0.121636 0.15645 
20876 0.195849 -0.145818 
20877 0.19821 -0.0455921 
20878 0.200897 0.0534557 
20879 0.203784 0.154116 
20880 -0.13212 -0.138059 
20881 -0.128701 -0.0405471 
20882 -0.12613 0.0567315 
20883 -0.123368 0.15412 
20884 -0.0508829 -0.140149 
20885 -0.0481825 -0.0427259 
20886 -0.0447724 0.0536728 
20887 -0.042472 0.151034 
20888 0.0300813 -0.140877 
20889 0.0323849 -0.044727 
20890 0.0356744 0.0515541 
20891 0.0380304 0.148003 
20892 0.109247 -0.143095 
20893 0.111836 -0.0475249 
20894 0.115057 0.0491107 
20895 0.117969 0.14545 
20896 0.188118 -0.144796 
20897 0.191016 -0.0487437 
20898 0.193794 0.0463719 
20899 0.197377 0.141833 
20900 -0.125174 -0.136778 
20901 -0.122597 -0.0434159 
20902 -0.119571 0.0494871 
20903 -0.116919 0.143812 
20904 -0.0480459 -0.138871 
20905 -0.0443221 -0.0458532 
20906 -0.0417977 0.0471868 
20907 -0.0387975 0.139965 
20908 0.0296487 -0.140053 
20909 0.0320201 -0.0478645 
20910 0.0355728 0.0450009 
20911 0.0385947 0.137786 
20912 0.105755 -0.141984 
20913 0.108887 -0.0503489 
20914 0.111693 0.0420787 
20915 0.114927 0.134712 
20916 0.181331 -0.143253 
20917 0.184045 -0.0524589 
20918 0.187626 0.0390406 
20919 0.190247 0.131733 
20920 -0.119771 -0.136377 
20921 -0.11661 -0.0465928 
20922 -0.113622 0.0436361 
20923 -0.111455 0.133843 
20924 -0.0448159 -0.137551 
20925 -0.0418044 -0.0484152 
20926 -0.0390674 0.0405823 
20927 -0.0360185 0.130329 
20928 0.0288379 -0.139214 
20929 0.0315263 -0.0505233 
20930 0.0351177 0.0376305 
20931 0.0379997 0.127147 
20932 0.101849 -0.141558 
20933 0.104843 -0.052903 
20934 0.10834 0.0356325 
20935 0.111369 0.124078 
20936 0.174811 -0.143004 
20937 0.178096 -0.0553859 
20938 0.180422 0.0324084 
20939 0.184615 0.120691 
20940 -0.114544 -0.13535 
20941 -0.111757 -0.0490172 
20942 -0.108904 0.0370728 
20943 -0.106234 0.124007 
20944 -0.0431358 -0.137522 
20945 -0.0395919 -0.0510612 
20946 -0.0367352 0.034975 
20947 -0.0339058 0.120908 
20948 0.0275944 -0.138472 
20949 0.0310296 -0.0538867 
20950 0.0349404 0.03229 
20951 0.0378842 0.11712 
20952 0.0980372 -0.141006 
20953 0.102136 -0.0561974 
20954 0.105159 0.0294928 
20955 0.108418 0.114448 
20956 0.168371 -0.142591 
20957 0.171003 -0.0585652 
20958 0.174521 0.0267531 
20959 0.178249 0.111112 
20960 -0.111078 -0.135278 
20961 -0.107267 -0.0521999 
20962 -0.103909 0.0316474 
20963 -0.101247 0.115469 
20964 -0.0412967 -0.136397 
20965 -0.0377715 -0.0541216 
20966 -0.0351417 0.0288348 
20967 -0.0315949 0.111645 
20968 0.0276913 -0.138904 
20969 0.0303512 -0.0564344 
20970 0.0342514 0.0263206 
20971 0.0371196 0.108094 
20972 0.0947773 -0.140365 
20973 0.0979054 -0.0591801 
20974 0.102056 0.0236094 
20975 0.104818 0.10517 
20976 0.161961 -0.142572 
20977 0.165057 -0.0605523 
20978 0.168714 0.0206204 
20979 0.172547 0.102432 
20980 -0.107299 -0.134824 
20981 -0.103948 -0.054249 
20982 -0.100321 0.0263851 
20983 -0.097091 0.106353 
20984 -0.0397278 -0.136834 
20985 -0.0361302 -0.0570716 
20986 -0.0335388 0.0234472 
20987 -0.0294233 0.102773 
20988 0.0262051 -0.13857 
20989 0.0299432 -0.0591866 
20990 0.0331158 0.0203854 
20991 0.0368804 0.100351 
20992 0.0910816 -0.140794 
20993 0.0951676 -0.0616471 
20994 0.0985705 0.0175166 
20995 0.102006 0.0968963 
20996 0.15617 -0.142489 
20997 0.159475 -0.0639633 
20998 0.163164 0.0148266 
20999 0.166373 0.0932407 
21000 -0.103334 -0.13506 
21001 -0.0996017 -0.0569849 
21002 -0.0965477 0.0206182 
21003 -0.0934957 0.098976 
21004 -0.0388576 -0.136511 
21005 -0.0357986 -0.059202 
21006 -0.0315221 0.0175671 
21007 -0.0287296 0.0954363 
21008 0.0251044 -0.13914 
21009 0.0284873 -0.061589 
21010 0.0319425 0.0148411 
21011 0.0354515 0.0912396 
21012 0.087909 -0.140907 
21013 0.091998 -0.0644318 
21014 0.095448 0.0120264 
21015 0.0984802 0.0886848 
21016 0.150978 -0.142608 
21017 0.154188 -0.0667671 
21018 0.157578 0.00871522 
21019 0.161275 0.0848748 
21020 -0.100323 -0.134942 
21021 -0.0965787 -0.0601616 
21022 -0.0938748 0.0150024 
21023 -0.0896607 0.0902651 
21024 -0.0380328 -0.136998 
21025 -0.0347046 -0.062016 
21026 -0.0309288 0.0127364 
21027 -0.0269767 0.0872547 
21028 0.0234246 -0.138814 
21029 0.0274667 -0.0647374 
21030 0.0306579 0.00938665 
21031 0.0343497 0.0838513 
21032 0.0843738 -0.140448 
21033 0.0889352 -0.0674461 
21034 0.0921977 0.00702049 
21035 0.0961669 0.0805086 
21036 0.14517 -0.142521 
21037 0.149213 -0.0694422 
21038 0.152257 0.00407379 
21039 0.156574 0.0772796 
