20720 -0.332977 -0.2168 
20721 -0.333061 -0.0169802 
20722 -0.333077 0.183284 
20723 -0.332847 0.383014 
20724 -0.166939 -0.217138 
20725 -0.167112 -0.016869 
20726 -0.166912 0.183133 
20727 -0.16638 0.382906 
20728 -0.000409736 -0.216329 
20729 -4.91417e-05 -0.0164476 
20730 -0.000177289 0.183175 
20731 -0.000311857 0.38306 
20732 0.166688 -0.216684 
20733 0.16671 -0.0169827 
20734 0.166765 0.183822 
20735 0.166685 0.383662 
20736 0.333534 -0.216743 
20737 0.33284 -0.0164289 
20738 0.333067 0.183693 
20739 0.333794 0.38314 
20740 -0.298924 -0.204209 
20741 -0.298906 -0.0198098 
20742 -0.298047 0.163452 
20743 -0.298589 0.347473 
20744 -0.146135 -0.204103 
20745 -0.145419 -0.0208409 
20746 -0.145052 0.163281 
20747 -0.145087 0.347393 
20748 0.00669763 -0.203982 
20749 0.00788309 -0.0212963 
20750 0.00822913 0.163076 
20751 0.00880858 0.346544 
20752 0.159753 -0.204979 
20753 0.15997 -0.0214778 
20754 0.160789 0.161779 
20755 0.16134 0.345463 
20756 0.312677 -0.204488 
20757 0.312694 -0.0218389 
20758 0.313771 0.161894 
20759 0.313748 0.345396 
20760 -0.270897 -0.194279 
20761 -0.270389 -0.0242204 
20762 -0.269714 0.146281 
20763 -0.268484 0.316459 
20764 -0.128546 -0.194424 
20765 -0.127956 -0.0242804 
20766 -0.126845 0.145458 
20767 -0.126622 0.316013 
20768 0.0132759 -0.194968 
20769 0.0139908 -0.0248064 
20770 0.0141528 0.145021 
20771 0.0157029 0.314702 
20772 0.15405 -0.195424 
20773 0.154947 -0.025872 
20774 0.156055 0.144082 
20775 0.156122 0.31349 
20776 0.294914 -0.195195 
20777 0.295776 -0.0259892 
20778 0.296418 0.142996 
20779 0.297071 0.312045 
20780 -0.246332 -0.185792 
20781 -0.244975 -0.0276104 
20782 -0.244403 0.131639 
20783 -0.243205 0.290201 
20784 -0.113824 -0.18632 
20785 -0.113563 -0.0284427 
20786 -0.11221 0.130102 
20787 -0.111005 0.287854 
20788 0.0168598 -0.186456 
20789 0.0183941 -0.0289514 
20790 0.0198265 0.128411 
20791 0.0203322 0.287157 
20792 0.148055 -0.187581 
20793 0.149594 -0.0300254 
20794 0.150984 0.127767 
20795 0.151513 0.285572 
20796 0.279237 -0.18823 
20797 0.279866 -0.0311798 
20798 0.28093 0.126419 
20799 0.282478 0.283445 
20800 -0.22617 -0.179038 
20801 -0.224707 -0.0306047 
20802 -0.2229 0.117076 
20803 -0.222444 0.265997 
20804 -0.102566 -0.179363 
20805 -0.101015 -0.032358 
20806 -0.09907 0.115792 
20807 -0.0984635 0.264401 
20808 0.0211809 -0.180409 
20809 0.0218182 -0.032918 
20810 0.0241489 0.114831 
20811 0.024983 0.261756 
20812 0.14267 -0.180784 
20813 0.144414 -0.0345046 
20814 0.145981 0.112566 
20815 0.147418 0.260294 
20816 0.264749 -0.181969 
20817 0.266659 -0.0353862 
20818 0.268459 0.111518 
20819 0.270023 0.258408 
20820 -0.208058 -0.173115 
20821 -0.206672 -0.0338901 
20822 -0.205376 0.104888 
20823 -0.20315 0.244145 
20824 -0.0918661 -0.174196 
20825 -0.0899166 -0.0353952 
20826 -0.088698 0.103348 
20827 -0.087218 0.241819 
20828 0.0237363 -0.174811 
20829 0.0247117 -0.0368563 
20830 0.0267026 0.101169 
20831 0.0287063 0.2398 
20832 0.138577 -0.176074 
20833 0.139727 -0.0377094 
20834 0.141965 0.100219 
20835 0.143842 0.237548 
20836 0.251906 -0.176403 
20837 0.253705 -0.0390794 
20838 0.255703 0.0978692 
20839 0.258311 0.235854 
20840 -0.192895 -0.168653 
20841 -0.190616 -0.038127 
20842 -0.189145 0.094013 
20843 -0.1873 0.224905 
20844 -0.0833547 -0.169311 
20845 -0.0810821 -0.0389378 
20846 -0.0798707 0.0911569 
20847 -0.0779331 0.223084 
20848 0.0255521 -0.170613 
20849 0.0272011 -0.0407444 
20850 0.0291285 0.0899427 
20851 0.0310586 0.220561 
20852 0.133141 -0.172171 
20853 0.135245 -0.0425705 
20854 0.137502 0.0873017 
20855 0.139375 0.217534 
20856 0.240513 -0.172885 
20857 0.242631 -0.04339 
20858 0.244864 0.0857937 
20859 0.247229 0.215214 
20860 -0.179231 -0.164972 
20861 -0.177009 -0.0413935 
20862 -0.175124 0.0826883 
20863 -0.172693 0.207554 
20864 -0.0754378 -0.166303 
20865 -0.0730919 -0.0432407 
20866 -0.0713097 0.0807635 
20867 -0.069656 0.204586 
20868 0.027154 -0.167116 
20869 0.0295158 -0.0439655 
20870 0.0311809 0.0787971 
20871 0.0339924 0.201904 
20872 0.129404 -0.168469 
20873 0.130908 -0.0462591 
20874 0.133652 0.076853 
20875 0.136188 0.199629 
20876 0.230548 -0.169227 
20877 0.23221 -0.0473461 
20878 0.234936 0.0746696 
20879 0.237171 0.196784 
20880 -0.167443 -0.162158 
20881 -0.165763 -0.0446278 
20882 -0.163218 0.0734258 
20883 -0.161091 0.19132 
20884 -0.0689837 -0.163487 
20885 -0.0671069 -0.0462878 
20886 -0.0651351 0.0710494 
20887 -0.0624635 0.188982 
20888 0.0282256 -0.164599 
20889 0.0303156 -0.0485249 
20890 0.0329161 0.0688711 
20891 0.0352807 0.186006 
20892 0.125124 -0.166431 
20893 0.127335 -0.0495378 
20894 0.129703 0.0661703 
20895 0.132519 0.182704 
20896 0.220634 -0.166905 
20897 0.223124 -0.0515034 
20898 0.225649 0.0640315 
20899 0.228015 0.180276 
20900 -0.157357 -0.159417 
20901 -0.154321 -0.0476338 
20902 -0.152259 0.0637764 
20903 -0.149721 0.176903 
20904 -0.0640658 -0.160739 
20905 -0.0614477 -0.0498415 
20906 -0.058401 0.0614001 
20907 -0.0560037 0.173572 
20908 0.0287175 -0.162721 
20909 0.0313567 -0.0513437 
20910 0.0341381 0.0596765 
20911 0.0363553 0.170705 
20912 0.120869 -0.163557 
20913 0.123359 -0.0537 
20914 0.126367 0.0570569 
20915 0.128829 0.16763 
20916 0.212024 -0.165178 
20917 0.214443 -0.054913 
20918 0.216772 0.0550708 
20919 0.219745 0.164889 
20920 -0.147943 -0.157702 
20921 -0.14529 -0.0514618 
20922 -0.143352 0.0556197 
20923 -0.140024 0.162889 
20924 -0.0587049 -0.159545 
20925 -0.0567694 -0.0531442 
20926 -0.0537777 0.0535126 
20927 -0.0507126 0.159939 
20928 0.0288356 -0.160784 
20929 0.0324596 -0.055302 
20930 0.0351345 0.0507789 
20931 0.03771 0.156847 
20932 0.11701 -0.162593 
20933 0.119279 -0.0574966 
20934 0.121952 0.0485731 
20935 0.12503 0.154145 
20936 0.203609 -0.16352 
20937 0.20634 -0.0586926 
20938 0.208933 0.0457286 
20939 0.212471 0.150581 
20940 -0.140491 -0.156315 
20941 -0.137017 -0.0548697 
20942 -0.134912 0.0479733 
20943 -0.131704 0.149651 
20944 -0.054543 -0.158132 
20945 -0.0521146 -0.0568166 
20946 -0.0497636 0.0451276 
20947 -0.0468463 0.146387 
20948 0.0294355 -0.159697 
20949 0.032208 -0.0586713 
20950 0.0352283 0.0425915 
20951 0.0376662 0.144164 
20952 0.112456 -0.161713 
20953 0.116147 -0.0603099 
20954 0.118589 0.0403185 
20955 0.121951 0.14088 
20956 0.195529 -0.162409 
20957 0.198956 -0.0629567 
20958 0.201428 0.0369333 
20959 0.204279 0.137672 
20960 -0.132816 -0.155288 
20961 -0.1303 -0.0579266 
20962 -0.126881 0.0398837 
20963 -0.123852 0.138172 
20964 -0.0511974 -0.157642 
20965 -0.0489089 -0.0603921 
20966 -0.0458738 0.0372805 
20967 -0.0424517 0.13464 
20968 0.0294923 -0.158382 
20969 0.0322165 -0.0624825 
20970 0.0354803 0.0349765 
20971 0.0387471 0.131981 
20972 0.108705 -0.160371 
20973 0.11229 -0.0641304 
20974 0.115729 0.0323395 
20975 0.118132 0.128294 
20976 0.187972 -0.161721 
20977 0.191109 -0.0665517 
20978 0.194727 0.029154 
20979 0.1973 0.125319 
20980 -0.127164 -0.154572 
20981 -0.123762 -0.0613539 
20982 -0.120806 0.0328875 
20983 -0.118005 0.127064 
20984 -0.0484757 -0.156537 
20985 -0.0451224 -0.0632636 
20986 -0.0423759 0.0296822 
20987 -0.0392138 0.123893 
20988 0.0288869 -0.158636 
20989 0.0323418 -0.0657202 
20990 0.0348201 0.0271499 
20991 0.038357 0.120736 
20992 0.105535 -0.15997 
20993 0.108174 -0.0678838 
20994 0.112264 0.0251284 
20995 0.1153 0.117107 
20996 0.181585 -0.161655 
20997 0.184576 -0.0699869 
20998 0.187649 0.0219262 
20999 0.191264 0.113995 
21000 -0.120795 -0.154265 
21001 -0.117711 -0.0641436 
21002 -0.114628 0.0259662 
21003 -0.11136 0.116646 
21004 -0.0459833 -0.156435 
21005 -0.0429679 -0.0660878 
21006 -0.0391954 0.0235002 
21007 -0.0364361 0.113231 
21008 0.0279119 -0.158285 
21009 0.031563 -0.0692479 
21010 0.0352332 0.0205575 
21011 0.0384222 0.110221 
21012 0.101671 -0.159577 
21013 0.105129 -0.071339 
21014 0.108108 0.0171967 
21015 0.111691 0.106908 
21016 0.17476 -0.161727 
21017 0.178035 -0.0738319 
21018 0.180924 0.015122 
21019 0.184194 0.103624 
21020 -0.116402 -0.1535 
21021 -0.113127 -0.0673818 
21022 -0.109528 0.019212 
21023 -0.105835 0.106735 
21024 -0.0444179 -0.156136 
21025 -0.0407855 -0.0693837 
21026 -0.0373476 0.0166284 
21027 -0.0337551 0.102993 
21028 0.0274857 -0.157393 
21029 0.0311034 -0.0719032 
21030 0.0346778 0.0134257 
21031 0.0374131 0.0999381 
21032 0.0985601 -0.159564 
21033 0.102002 -0.0738806 
21034 0.105455 0.0112164 
21035 0.108599 0.0969889 
21036 0.167899 -0.16119 
21037 0.171369 -0.0765484 
21038 0.174943 0.00849089 
21039 0.178993 0.0927586 
21040 -0.112401 -0.153964 
21041 -0.108949 -0.0699817 
21042 -0.104836 0.013421 
21043 -0.101148 0.0973117 
21044 -0.0420763 -0.155928 
21045 -0.0387032 -0.0729925 
21046 -0.0348307 0.0106595 
21047 -0.0320042 0.0936962 
21048 0.0268161 -0.157666 
21049 0.0298017 -0.0753233 
21050 0.0334419 0.00791424 
21051 0.0367901 0.0906138 
21052 0.0950049 -0.160073 
21053 0.0982957 -0.0774135 
21054 0.102037 0.0046694 
21055 0.105428 0.0867672 
21056 0.162484 -0.161798 
21057 0.165412 -0.0798638 
21058 0.169448 0.00217033 
21059 0.172561 0.0837833 
21060 -0.108164 -0.153959 
21061 -0.105064 -0.0733618 
21062 -0.101022 0.00757971 
21063 -0.0971966 0.0882352 
21064 -0.0406301 -0.155586 
21065 -0.0367899 -0.0753031 
21066 -0.0332381 0.00513011 
21067 -0.0304894 0.0854674 
21068 0.0252815 -0.158413 
21069 0.028751 -0.0785861 
21070 0.0330894 0.00167697 
21071 0.0362679 0.0815204 
21072 0.0916651 -0.159841 
21073 0.0949372 -0.0810154 
21074 0.098103 -0.00168146 
21075 0.102246 0.0784682 
21076 0.156682 -0.162295 
21077 0.16002 -0.0826622 
21078 0.163641 -0.00424713 
21079 0.167057 0.0750945 
21080 -0.104453 -0.154154 
21081 -0.10082 -0.075548 
21082 -0.0976646 0.00221888 
21083 -0.0932638 0.0805922 
21084 -0.0396695 -0.156097 
21085 -0.0360254 -0.0788879 
21086 -0.0320216 -0.00143949 
21087 -0.0290378 0.0765113 
21088 0.0249676 -0.158339 
21089 0.0279587 -0.0807402 
21090 0.0323048 -0.00408321 
21091 0.0352574 0.0736382 
21092 0.088208 -0.160173 
21093 0.0916176 -0.0836954 
21094 0.0948622 -0.0065429 
21095 0.0988331 0.0698999 
21096 0.150514 -0.162678 
21097 0.154555 -0.0858479 
21098 0.157966 -0.00966669 
21099 0.162143 0.0662566 
21100 -0.102116 -0.154469 
21101 -0.0982024 -0.0783528 
21102 -0.094021 -0.00338694 
21103 -0.0906555 0.0723557 
21104 -0.0386912 -0.156592 
21105 -0.0352614 -0.0811778 
21106 -0.0313652 -0.00680934 
21107 -0.0273588 0.0687059 
21108 0.023584 -0.158451 
21109 0.0272239 -0.0840121 
21110 0.0310617 -0.00951825 
21111 0.0349269 0.0652137 
21112 0.0845292 -0.160251 
21113 0.0883128 -0.0869033 
21114 0.092075 -0.0124241 
21115 0.095835 0.0614809 
21116 0.145415 -0.162237 
21117 0.148717 -0.0887154 
21118 0.152446 -0.015516 
21119 0.156446 0.0588806 
