20800 -0.333734 -0.216785 
20801 -0.333137 -0.0171311 
20802 -0.332957 0.183229 
20803 -0.333208 0.383481 
20804 -0.166727 -0.216902 
20805 -0.166479 -0.0170766 
20806 -0.166738 0.183018 
20807 -0.16697 0.383759 
20808 -0.000293345 -0.216632 
20809 -7.78848e-06 -0.0162395 
20810 0.000406022 0.183169 
20811 0.000407309 0.38339 
20812 0.166832 -0.216548 
20813 0.166427 -0.0166925 
20814 0.166533 0.183022 
20815 0.166722 0.383773 
20816 0.333239 -0.217161 
20817 0.333292 -0.0166323 
20818 0.333621 0.183283 
20819 0.333354 0.383816 
20820 -0.299093 -0.20702 
20821 -0.299511 -0.0231239 
20822 -0.299134 0.161247 
20823 -0.297837 0.345586 
20824 -0.145718 -0.206474 
20825 -0.14556 -0.0231471 
20826 -0.14567 0.160878 
20827 -0.144772 0.344888 
20828 0.006857 -0.206936 
20829 0.00712066 -0.023093 
20830 0.00834996 0.159993 
20831 0.00822303 0.344107 
20832 0.159936 -0.207709 
20833 0.160173 -0.0237493 
20834 0.161237 0.159216 
20835 0.161544 0.343137 
20836 0.31277 -0.207914 
20837 0.313081 -0.0241392 
20838 0.313976 0.158737 
20839 0.314453 0.342509 
20840 -0.271112 -0.199212 
20841 -0.270576 -0.0282327 
20842 -0.269865 0.141769 
20843 -0.268882 0.31235 
20844 -0.128925 -0.199171 
20845 -0.128634 -0.0287346 
20846 -0.127527 0.141188 
20847 -0.126179 0.310996 
20848 0.012634 -0.199238 
20849 0.0130466 -0.0301083 
20850 0.0147279 0.139906 
20851 0.0153654 0.309979 
20852 0.154145 -0.19979 
20853 0.1544 -0.0300276 
20854 0.155944 0.139188 
20855 0.15703 0.308769 
20856 0.295289 -0.200402 
20857 0.295754 -0.0312967 
20858 0.297063 0.137881 
20859 0.297632 0.308095 
20860 -0.247603 -0.192575 
20861 -0.245657 -0.033645 
20862 -0.245059 0.124608 
20863 -0.243692 0.283748 
20864 -0.114278 -0.193392 
20865 -0.113768 -0.0348723 
20866 -0.112619 0.123852 
20867 -0.111145 0.282356 
20868 0.0174729 -0.194111 
20869 0.0178728 -0.0354427 
20870 0.0197922 0.12269 
20871 0.0203829 0.280414 
20872 0.14802 -0.194283 
20873 0.149706 -0.0366262 
20874 0.150758 0.121223 
20875 0.15261 0.279365 
20876 0.27952 -0.195082 
20877 0.280915 -0.0376891 
20878 0.281438 0.119753 
20879 0.283285 0.277765 
20880 -0.226245 -0.186799 
20881 -0.224811 -0.0387337 
20882 -0.223285 0.109458 
20883 -0.222567 0.258769 
20884 -0.102243 -0.188425 
20885 -0.100914 -0.0395789 
20886 -0.100058 0.10765 
20887 -0.0982357 0.25592 
20888 0.0201702 -0.18888 
20889 0.0215972 -0.0413519 
20890 0.0233678 0.106427 
20891 0.025514 0.254457 
20892 0.142878 -0.189227 
20893 0.145211 -0.0425098 
20894 0.146873 0.104874 
20895 0.147508 0.252344 
20896 0.264731 -0.190747 
20897 0.266975 -0.0436101 
20898 0.268206 0.103584 
20899 0.269998 0.250287 
20900 -0.208844 -0.182809 
20901 -0.207426 -0.0437045 
20902 -0.205722 0.096017 
20903 -0.204065 0.235224 
20904 -0.092021 -0.184202 
20905 -0.0907101 -0.0446405 
20906 -0.0892757 0.0938012 
20907 -0.0868729 0.233015 
20908 0.0236733 -0.185444 
20909 0.025223 -0.0462545 
20910 0.0265477 0.0919814 
20911 0.0289042 0.230694 
20912 0.138107 -0.185952 
20913 0.140459 -0.0473633 
20914 0.142189 0.0899873 
20915 0.14415 0.229027 
20916 0.252401 -0.187338 
20917 0.254264 -0.0489218 
20918 0.256657 0.0887047 
20919 0.2585 0.226275 
20920 -0.193974 -0.179425 
20921 -0.191202 -0.0484416 
20922 -0.18999 0.0832458 
20923 -0.187761 0.214614 
20924 -0.0837699 -0.180543 
20925 -0.0818066 -0.0500363 
20926 -0.0792325 0.0813756 
20927 -0.0771755 0.212472 
20928 0.0249913 -0.182427 
20929 0.0276108 -0.0518472 
20930 0.0294481 0.0792072 
20931 0.0311948 0.210313 
20932 0.133668 -0.183255 
20933 0.135352 -0.0528464 
20934 0.138158 0.0775868 
20935 0.140176 0.207841 
20936 0.240785 -0.184229 
20937 0.243694 -0.0544931 
20938 0.245158 0.0753263 
20939 0.248191 0.204781 
20940 -0.180602 -0.177189 
20941 -0.178135 -0.0529815 
20942 -0.175898 0.0715024 
20943 -0.173335 0.196019 
20944 -0.076317 -0.178732 
20945 -0.0735881 -0.0539826 
20946 -0.0717511 0.0698332 
20947 -0.0695663 0.193901 
20948 0.0269945 -0.179266 
20949 0.0293264 -0.0558207 
20950 0.0318606 0.0679279 
20951 0.0339129 0.190713 
20952 0.128927 -0.180761 
20953 0.131874 -0.0575561 
20954 0.134014 0.0653083 
20955 0.136467 0.188226 
20956 0.230325 -0.181979 
20957 0.233578 -0.059759 
20958 0.235516 0.0636081 
20959 0.238303 0.185911 
20960 -0.16836 -0.174786 
20961 -0.165638 -0.0574746 
20962 -0.163563 0.0611606 
20963 -0.160712 0.179845 
20964 -0.0702346 -0.176537 
20965 -0.067396 -0.0591159 
20966 -0.0651766 0.0591205 
20967 -0.0620418 0.176639 
20968 0.0283394 -0.178072 
20969 0.0306259 -0.0607113 
20970 0.0326902 0.0569242 
20971 0.0356934 0.174129 
20972 0.124623 -0.178865 
20973 0.127878 -0.0624373 
20974 0.130368 0.0546162 
20975 0.1325 0.171518 
20976 0.221413 -0.180209 
20977 0.223986 -0.0644203 
20978 0.225952 0.0520193 
20979 0.229425 0.168412 
20980 -0.158003 -0.173637 
20981 -0.1556 -0.0607584 
20982 -0.15261 0.0514654 
20983 -0.150399 0.163814 
20984 -0.0648247 -0.175217 
20985 -0.0618118 -0.0627859 
20986 -0.0585712 0.0491371 
20987 -0.055973 0.160574 
20988 0.0282375 -0.176045 
20989 0.0312071 -0.0652267 
20990 0.0339193 0.0464162 
20991 0.0366889 0.15809 
20992 0.120612 -0.177618 
20993 0.123437 -0.0670979 
20994 0.126543 0.0435878 
20995 0.128609 0.154634 
20996 0.211979 -0.17937 
20997 0.215343 -0.0688308 
20998 0.217327 0.0413758 
20999 0.220602 0.152092 
21000 -0.149569 -0.172629 
21001 -0.145888 -0.064836 
21002 -0.14378 0.0419169 
21003 -0.140565 0.150046 
21004 -0.0599011 -0.174275 
21005 -0.0570847 -0.0673023 
21006 -0.054117 0.0391906 
21007 -0.0508236 0.146516 
21008 0.0286763 -0.175398 
21009 0.0313653 -0.0689873 
21010 0.0349463 0.0370002 
21011 0.0371699 0.143351 
21012 0.116729 -0.17695 
21013 0.119395 -0.0714981 
21014 0.122275 0.0344618 
21015 0.125235 0.140594 
21016 0.204021 -0.178276 
21017 0.206783 -0.0728618 
21018 0.210058 0.0317755 
21019 0.213108 0.136997 
21020 -0.141384 -0.171539 
21021 -0.138511 -0.0689242 
21022 -0.13495 0.0335215 
21023 -0.132336 0.136082 
21024 -0.0560435 -0.17307 
21025 -0.0529314 -0.0708279 
21026 -0.0497341 0.0309415 
21027 -0.0466012 0.132752 
21028 0.0294572 -0.174592 
21029 0.0323864 -0.0727681 
21030 0.0355503 0.0280514 
21031 0.0382353 0.129794 
21032 0.11248 -0.176011 
21033 0.116466 -0.0749253 
21034 0.118779 0.0256877 
21035 0.121674 0.126594 
21036 0.196505 -0.177901 
21037 0.198688 -0.0769985 
21038 0.201824 0.0234454 
21039 0.205072 0.123958 
21040 -0.133835 -0.171025 
21041 -0.130627 -0.0727266 
21042 -0.128238 0.0257263 
21043 -0.124182 0.124114 
21044 -0.0520382 -0.172579 
21045 -0.0491067 -0.0749919 
21046 -0.0461405 0.0230481 
21047 -0.0431334 0.121069 
21048 0.0286968 -0.17383 
21049 0.0319133 -0.0773759 
21050 0.0351783 0.0199382 
21051 0.0386196 0.116984 
21052 0.109048 -0.175777 
21053 0.112791 -0.0796288 
21054 0.115143 0.0179244 
21055 0.118459 0.113827 
21056 0.188475 -0.177179 
21057 0.191455 -0.0817337 
21058 0.194898 0.0146931 
21059 0.198423 0.111556 
21060 -0.12819 -0.1706 
21061 -0.124632 -0.0759685 
21062 -0.120809 0.0178751 
21063 -0.117775 0.112128 
21064 -0.0492402 -0.172353 
21065 -0.0459918 -0.0781694 
21066 -0.0427747 0.0156599 
21067 -0.0391251 0.108678 
21068 0.0289152 -0.173619 
21069 0.0319682 -0.080983 
21070 0.0351056 0.0126905 
21071 0.038498 0.105603 
21072 0.105517 -0.175955 
21073 0.109221 -0.0826585 
21074 0.112226 0.0101811 
21075 0.11508 0.103027 
21076 0.181481 -0.177357 
21077 0.184806 -0.0856623 
21078 0.187937 0.00723725 
21079 0.191048 0.0993449 
21080 -0.122549 -0.170442 
21081 -0.118931 -0.0797253 
21082 -0.115458 0.0111781 
21083 -0.111884 0.10162 
21084 -0.0464004 -0.172181 
21085 -0.0436823 -0.0819919 
21086 -0.0402951 0.00775569 
21087 -0.036898 0.0985867 
21088 0.0275582 -0.17395 
21089 0.0317303 -0.0844694 
21090 0.0343469 0.00531929 
21091 0.0380268 0.0949483 
21092 0.101495 -0.175983 
21093 0.105589 -0.0870118 
21094 0.108825 0.00229722 
21095 0.112399 0.0920945 
21096 0.174891 -0.17754 
21097 0.178214 -0.0887333 
21098 0.181399 -0.000284293 
21099 0.184706 0.088016 
21100 -0.117719 -0.170093 
21101 -0.113471 -0.0827099 
21102 -0.110466 0.00487726 
21103 -0.107156 0.0918317 
21104 -0.0441485 -0.172032 
21105 -0.0414536 -0.0856626 
21106 -0.0372149 0.00116792 
21107 -0.0342616 0.0885898 
21108 0.0273067 -0.173952 
21109 0.030546 -0.0878162 
21110 0.0344658 -0.00111588 
21111 0.038061 0.0848026 
21112 0.0980435 -0.176065 
21113 0.10227 -0.0901397 
21114 0.104969 -0.00419196 
21115 0.108991 0.0812706 
21116 0.168905 -0.178028 
21117 0.171908 -0.092446 
21118 0.176041 -0.00756566 
21119 0.179484 0.0785147 
21120 -0.113118 -0.16979 
21121 -0.10935 -0.0863607 
21122 -0.105872 -0.00223904 
21123 -0.10191 0.082153 
21124 -0.0429414 -0.172084 
21125 -0.0387709 -0.0881784 
21126 -0.0353999 -0.00476453 
21127 -0.0323615 0.0783974 
21128 0.0265025 -0.174347 
21129 0.0299654 -0.0912354 
21130 0.0337734 -0.00794199 
21131 0.0373897 0.0756272 
21132 0.0946569 -0.175981 
21133 0.0982573 -0.0938436 
21134 0.10249 -0.0103603 
21135 0.10565 0.0716398 
21136 0.162887 -0.177971 
21137 0.166217 -0.0955903 
21138 0.169833 -0.0139728 
21139 0.172834 0.0686783 
21140 -0.109016 -0.170462 
21141 -0.105424 -0.0888759 
21142 -0.101593 -0.00771626 
21143 -0.0980794 0.0731174 
21144 -0.041024 -0.172043 
21145 -0.0374707 -0.0919212 
21146 -0.0336903 -0.0112874 
21147 -0.0303607 0.069591 
21148 0.0252258 -0.174562 
21149 0.0292402 -0.0942637 
21150 0.0329525 -0.0134269 
21151 0.0359872 0.065971 
21152 0.0919859 -0.176785 
21153 0.094678 -0.0964698 
21154 0.0991226 -0.016901 
21155 0.101923 0.0630648 
21156 0.157359 -0.178824 
21157 0.160093 -0.0988936 
21158 0.164382 -0.0195917 
21159 0.167352 0.0591894 
21160 -0.105121 -0.170264 
21161 -0.101826 -0.092148 
21162 -0.0979058 -0.013694 
21163 -0.0946689 0.0647634 
21164 -0.0403063 -0.172827 
21165 -0.036509 -0.0942916 
21166 -0.0331465 -0.0163907 
21167 -0.0289916 0.0614234 
21168 0.0244979 -0.174988 
21169 0.0276359 -0.0974033 
21170 0.0319796 -0.019939 
21171 0.035091 0.0578071 
21172 0.0878752 -0.176829 
21173 0.092253 -0.0996789 
21174 0.0955772 -0.0222931 
21175 0.098699 0.0546476 
21176 0.151345 -0.178463 
21177 0.15507 -0.102098 
21178 0.158971 -0.0252559 
21179 0.161819 0.0516199 
21180 -0.102514 -0.17111 
21181 -0.0987269 -0.0946349 
21182 -0.0952131 -0.0187088 
21183 -0.0913713 0.0566621 
21184 -0.0389963 -0.173121 
21185 -0.0358745 -0.0977006 
21186 -0.0312638 -0.0218975 
21187 -0.0283323 0.053449 
21188 0.0232082 -0.17529 
21189 0.0271612 -0.0997862 
21190 0.0307494 -0.0246035 
21191 0.0342051 0.0502509 
21192 0.0853027 -0.176797 
21193 0.0884342 -0.102439 
21194 0.0927367 -0.0278577 
21195 0.0961581 0.0470605 
21196 0.145475 -0.179243 
21197 0.149708 -0.10484 
21198 0.15266 -0.0305716 
21199 0.15627 0.0432043 
