20860 -0.333437 -0.217128 
20861 -0.333721 -0.0163362 
20862 -0.333585 0.183799 
20863 -0.333111 0.383157 
20864 -0.166344 -0.216345 
20865 -0.167148 -0.016902 
20866 -0.166685 0.183767 
20867 -0.166738 0.383797 
20868 0.000133103 -0.216401 
20869 -0.000324331 -0.0163471 
20870 -0.000211285 0.183343 
20871 4.04319e-05 0.38296 
20872 0.166663 -0.216711 
20873 0.166501 -0.0161805 
20874 0.166997 0.183345 
20875 0.166416 0.383051 
20876 0.333741 -0.216523 
20877 0.333657 -0.0163822 
20878 0.333393 0.183619 
20879 0.333046 0.383369 
20880 -0.299264 -0.208725 
20881 -0.299551 -0.024195 
20882 -0.298385 0.159206 
20883 -0.298543 0.343392 
20884 -0.146487 -0.208934 
20885 -0.145613 -0.0252128 
20886 -0.14487 0.159308 
20887 -0.144969 0.343003 
20888 0.00739375 -0.208743 
20889 0.00705786 -0.0249245 
20890 0.00814236 0.158568 
20891 0.00900456 0.342017 
20892 0.160181 -0.208895 
20893 0.161001 -0.0259707 
20894 0.160981 0.157802 
20895 0.161446 0.341845 
20896 0.313007 -0.209502 
20897 0.313254 -0.0260144 
20898 0.314213 0.157156 
20899 0.314683 0.340709 
20900 -0.271781 -0.202554 
20901 -0.271078 -0.0313285 
20902 -0.26959 0.139025 
20903 -0.268663 0.309698 
20904 -0.129729 -0.203004 
20905 -0.128591 -0.0320772 
20906 -0.127191 0.137711 
20907 -0.126274 0.308585 
20908 0.0122268 -0.202946 
20909 0.0138315 -0.0327498 
20910 0.0145427 0.13721 
20911 0.0152039 0.306697 
20912 0.153945 -0.203678 
20913 0.154778 -0.0334309 
20914 0.156392 0.136562 
20915 0.157163 0.305825 
20916 0.29539 -0.204073 
20917 0.295849 -0.0344778 
20918 0.297257 0.134668 
20919 0.298439 0.304604 
20920 -0.247111 -0.1971 
20921 -0.246485 -0.037989 
20922 -0.245237 0.120536 
20923 -0.243678 0.279343 
20924 -0.114675 -0.197304 
20925 -0.113526 -0.0394427 
20926 -0.112075 0.119865 
20927 -0.111222 0.278497 
20928 0.0171865 -0.197973 
20929 0.0181377 -0.0400383 
20930 0.019805 0.117812 
20931 0.0210274 0.276038 
20932 0.148331 -0.199058 
20933 0.149541 -0.0406857 
20934 0.151464 0.117151 
20935 0.152719 0.27454 
20936 0.279122 -0.199237 
20937 0.280291 -0.0422329 
20938 0.282248 0.115577 
20939 0.283782 0.27267 
20940 -0.226691 -0.193342 
20941 -0.225536 -0.0447058 
20942 -0.224367 0.104848 
20943 -0.222231 0.253043 
20944 -0.103158 -0.194082 
20945 -0.101015 -0.0452494 
20946 -0.0997309 0.102487 
20947 -0.0985638 0.251538 
20948 0.0206186 -0.194883 
20949 0.0222033 -0.0469933 
20950 0.0232349 0.101363 
20951 0.0254312 0.249395 
20952 0.142846 -0.195244 
20953 0.14472 -0.0481171 
20954 0.146927 0.0999398 
20955 0.147856 0.247327 
20956 0.265457 -0.195734 
20957 0.267126 -0.0487167 
20958 0.26849 0.0983675 
20959 0.270871 0.245609 
20960 -0.209378 -0.189537 
20961 -0.207621 -0.0497033 
20962 -0.206229 0.0897194 
20963 -0.204041 0.229692 
20964 -0.0930993 -0.190166 
20965 -0.0905219 -0.0516763 
20966 -0.0893382 0.0878244 
20967 -0.08721 0.227468 
20968 0.0232651 -0.191987 
20969 0.0252869 -0.0528775 
20970 0.0265417 0.0860246 
20971 0.0285706 0.225159 
20972 0.138546 -0.192628 
20973 0.140541 -0.0538082 
20974 0.142696 0.0839418 
20975 0.143752 0.223022 
20976 0.253363 -0.193861 
20977 0.255187 -0.0551459 
20978 0.257148 0.0826482 
20979 0.258715 0.221143 
20980 -0.194375 -0.187437 
20981 -0.19196 -0.0556746 
20982 -0.189712 0.0770675 
20983 -0.188229 0.208469 
20984 -0.0842712 -0.188337 
20985 -0.0817787 -0.0565082 
20986 -0.0797262 0.074794 
20987 -0.0772522 0.205871 
20988 0.0254916 -0.188952 
20989 0.0270132 -0.0589218 
20990 0.0294008 0.0721227 
20991 0.0319114 0.203723 
20992 0.133556 -0.190777 
20993 0.13564 -0.0598842 
20994 0.137862 0.0700216 
20995 0.140273 0.201159 
20996 0.242035 -0.191332 
20997 0.2434 -0.0613871 
20998 0.246242 0.0686859 
20999 0.247958 0.19844 
21000 -0.180641 -0.184839 
21001 -0.178435 -0.0603112 
21002 -0.175876 0.0649396 
21003 -0.174235 0.189683 
21004 -0.0769502 -0.186269 
21005 -0.0743948 -0.062263 
21006 -0.0716656 0.0622328 
21007 -0.0699363 0.187121 
21008 0.0266848 -0.187526 
21009 0.0288672 -0.0633328 
21010 0.0312576 0.0599897 
21011 0.0343776 0.183824 
21012 0.129481 -0.188694 
21013 0.132089 -0.065326 
21014 0.134516 0.0574215 
21015 0.136927 0.181553 
21016 0.23081 -0.190565 
21017 0.233798 -0.0667657 
21018 0.236144 0.0560232 
21019 0.238057 0.179017 
21020 -0.168968 -0.183341 
21021 -0.166979 -0.0653503 
21022 -0.164225 0.0532501 
21023 -0.161182 0.17182 
21024 -0.070142 -0.185085 
21025 -0.0672631 -0.0665469 
21026 -0.06534 0.0506086 
21027 -0.0625106 0.169059 
21028 0.0280326 -0.186488 
21029 0.0303993 -0.0687951 
21030 0.0329101 0.0489381 
21031 0.0356744 0.16576 
21032 0.125593 -0.187556 
21033 0.127783 -0.0707543 
21034 0.130168 0.0459193 
21035 0.132874 0.163163 
21036 0.221278 -0.188606 
21037 0.224271 -0.0722464 
21038 0.226352 0.0435875 
21039 0.229233 0.160221 
21040 -0.15871 -0.182703 
21041 -0.156051 -0.0693384 
21042 -0.153691 0.0428194 
21043 -0.151024 0.156397 
21044 -0.0647515 -0.184132 
21045 -0.0622621 -0.0716512 
21046 -0.0589727 0.0408662 
21047 -0.0560937 0.153087 
21048 0.0284879 -0.184993 
21049 0.0309897 -0.0738571 
21050 0.0337332 0.0378796 
21051 0.0364818 0.150438 
21052 0.12095 -0.187026 
21053 0.124017 -0.0752263 
21054 0.126541 0.0358828 
21055 0.12945 0.146609 
21056 0.212847 -0.187947 
21057 0.215361 -0.0772156 
21058 0.218397 0.0330522 
21059 0.221174 0.144035 
21060 -0.150205 -0.18151 
21061 -0.146377 -0.073505 
21062 -0.143848 0.0333802 
21063 -0.141263 0.141154 
21064 -0.0597283 -0.182843 
21065 -0.0574513 -0.0756514 
21066 -0.0541318 0.0315729 
21067 -0.0508419 0.138603 
21068 0.0286554 -0.184408 
21069 0.03229 -0.0782589 
21070 0.0349733 0.0283899 
21071 0.0380358 0.135239 
21072 0.117282 -0.185804 
21073 0.120297 -0.0797738 
21074 0.12277 0.0258602 
21075 0.125425 0.132399 
21076 0.204329 -0.187699 
21077 0.207704 -0.0817596 
21078 0.210622 0.0236169 
21079 0.213373 0.128909 
21080 -0.142251 -0.18111 
21081 -0.138716 -0.0780833 
21082 -0.135316 0.0246358 
21083 -0.132257 0.128112 
21084 -0.0559478 -0.182623 
21085 -0.0527614 -0.0798234 
21086 -0.0499405 0.0223275 
21087 -0.046646 0.124743 
21088 0.0291574 -0.184206 
21089 0.0318064 -0.0826117 
21090 0.0352435 0.0198836 
21091 0.0378456 0.121772 
21092 0.113298 -0.185567 
21093 0.116019 -0.084296 
21094 0.119809 0.0171586 
21095 0.121928 0.118325 
21096 0.196404 -0.187796 
21097 0.199874 -0.0861915 
21098 0.202168 0.0145694 
21099 0.206132 0.115058 
21100 -0.134465 -0.18036 
21101 -0.131447 -0.081729 
21102 -0.127897 0.0161796 
21103 -0.125268 0.115059 
21104 -0.0521601 -0.182173 
21105 -0.048887 -0.0840072 
21106 -0.0458597 0.0141795 
21107 -0.0428161 0.112132 
21108 0.0293773 -0.183587 
21109 0.0323203 -0.0862509 
21110 0.0357081 0.0115139 
21111 0.0387946 0.108809 
21112 0.109986 -0.185853 
21113 0.112356 -0.0886624 
21114 0.115753 0.0085919 
21115 0.119165 0.105103 
21116 0.189293 -0.187169 
21117 0.192524 -0.0904938 
21118 0.195577 0.00623667 
21119 0.198395 0.10196 
21120 -0.128246 -0.179817 
21121 -0.125403 -0.085436 
21122 -0.121359 0.00882942 
21123 -0.118689 0.103322 
21124 -0.0496286 -0.181734 
21125 -0.0462808 -0.088166 
21126 -0.0430267 0.00576956 
21127 -0.0395085 0.100604 
21128 0.0288452 -0.183947 
21129 0.0317338 -0.0904925 
21130 0.0352941 0.0033855 
21131 0.0380308 0.0968445 
21132 0.106133 -0.185207 
21133 0.109462 -0.0920673 
21134 0.112316 0.000726738 
21135 0.115768 0.0931843 
21136 0.182792 -0.187017 
21137 0.185724 -0.0944259 
21138 0.188491 -0.00239463 
21139 0.191964 0.0908457 
21140 -0.122424 -0.180103 
21141 -0.118947 -0.0890268 
21142 -0.116155 0.00130408 
21143 -0.112309 0.0930603 
21144 -0.0464425 -0.181588 
21145 -0.0435329 -0.0915226 
21146 -0.0396445 -0.000959587 
21147 -0.0363342 0.0894418 
21148 0.0286239 -0.184037 
21149 0.0316424 -0.0942733 
21150 0.0352833 -0.00377271 
21151 0.038034 0.0862185 
21152 0.102156 -0.185256 
21153 0.106104 -0.0965604 
21154 0.108845 -0.00684314 
21155 0.112192 0.0826868 
21156 0.176179 -0.187219 
21157 0.178696 -0.0988747 
21158 0.18222 -0.00964393 
21159 0.18514 0.0794446 
21160 -0.11803 -0.179954 
21161 -0.114637 -0.09266 
21162 -0.11111 -0.00460375 
21163 -0.107218 0.0820899 
21164 -0.0448381 -0.181972 
21165 -0.0414106 -0.0945711 
21166 -0.0382193 -0.00756439 
21167 -0.0346103 0.0787014 
21168 0.0277965 -0.183606 
21169 0.0304912 -0.0975887 
21170 0.0347757 -0.0108123 
21171 0.0374243 0.0759668 
21172 0.099216 -0.186135 
21173 0.102397 -0.0996693 
21174 0.105761 -0.0132913 
21175 0.109216 0.0725194 
21176 0.169033 -0.187992 
21177 0.172716 -0.101928 
21178 0.176104 -0.0168491 
21179 0.179401 0.0687794 
21180 -0.113316 -0.180693 
21181 -0.109408 -0.0958735 
21182 -0.1065 -0.0114706 
21183 -0.102516 0.073073 
21184 -0.0430427 -0.182541 
21185 -0.0397712 -0.0987001 
21186 -0.035619 -0.0138774 
21187 -0.0321775 0.0691524 
21188 0.0263907 -0.18378 
21189 0.0302129 -0.100941 
21190 0.0334026 -0.0167174 
21191 0.0371334 0.0666282 
21192 0.0955147 -0.185835 
21193 0.0993127 -0.102761 
21194 0.102442 -0.019817 
21195 0.105952 0.0624128 
21196 0.163305 -0.187726 
21197 0.166959 -0.105789 
21198 0.170516 -0.0225101 
21199 0.173391 0.0593993 
21200 -0.109016 -0.180683 
21201 -0.105448 -0.0987578 
21202 -0.10251 -0.0174373 
21203 -0.0984449 0.064457 
21204 -0.0419255 -0.182398 
21205 -0.0381764 -0.101518 
21206 -0.033856 -0.0201547 
21207 -0.0303143 0.0604992 
21208 0.0252524 -0.18461 
21209 0.028989 -0.103495 
21210 0.0332244 -0.023374 
21211 0.0367088 0.0572545 
21212 0.0923164 -0.186862 
21213 0.0959274 -0.106402 
21214 0.0989006 -0.0264996 
21215 0.102103 0.053448 
21216 0.157093 -0.187984 
21217 0.161358 -0.1082 
21218 0.163981 -0.0287853 
21219 0.168122 0.0504511 
21220 -0.105877 -0.181291 
21221 -0.10251 -0.101606 
21222 -0.0982092 -0.0235302 
21223 -0.0947412 0.0559644 
21224 -0.0404428 -0.182388 
21225 -0.0366002 -0.103952 
21226 -0.0332511 -0.025883 
21227 -0.0296494 0.0517356 
21228 0.0243722 -0.184695 
21229 0.0284394 -0.106606 
21230 0.0319688 -0.0287432 
21231 0.0351481 0.0492139 
21232 0.0881754 -0.18631 
21233 0.0921497 -0.109258 
21234 0.0952783 -0.0319289 
21235 0.0993339 0.0455921 
21236 0.152353 -0.188247 
21237 0.155617 -0.111022 
21238 0.159106 -0.0347288 
21239 0.162234 0.0417799 
21240 -0.102925 -0.181574 
21241 -0.0989285 -0.10504 
21242 -0.0952577 -0.0284184 
21243 -0.0913697 0.047543 
21244 -0.0394658 -0.182726 
21245 -0.0354179 -0.107211 
21246 -0.03177 -0.0317516 
21247 -0.0283595 0.0441938 
21248 0.0230079 -0.185517 
21249 0.0272838 -0.10994 
21250 0.0303191 -0.0345998 
21251 0.033913 0.0411895 
21252 0.0850729 -0.186824 
21253 0.0890655 -0.111726 
21254 0.0928018 -0.0366181 
21255 0.0961062 0.0377774 
21256 0.146338 -0.188997 
21257 0.149764 -0.114231 
21258 0.153965 -0.0402712 
21259 0.156671 0.0339857 
