20920 -0.333038 -0.216709 
20921 -0.332871 -0.0169701 
20922 -0.333258 0.183085 
20923 -0.33376 0.382956 
20924 -0.16693 -0.216581 
20925 -0.166997 -0.0170771 
20926 -0.166968 0.183648 
20927 -0.166464 0.382883 
20928 0.000189158 -0.216591 
20929 -0.000249789 -0.0166506 
20930 8.44766e-05 0.182983 
20931 0.000432344 0.383076 
20932 0.16693 -0.216663 
20933 0.167117 -0.0165571 
20934 0.166454 0.183003 
20935 0.166556 0.383723 
20936 0.333354 -0.216426 
20937 0.333115 -0.0169943 
20938 0.333564 0.183787 
20939 0.333728 0.383379 
20940 -0.299678 -0.210577 
20941 -0.299724 -0.0261672 
20942 -0.298461 0.158554 
20943 -0.298011 0.342506 
20944 -0.146182 -0.210572 
20945 -0.145697 -0.0264563 
20946 -0.145495 0.157275 
20947 -0.144915 0.341531 
20948 0.00688253 -0.211041 
20949 0.00721985 -0.0270666 
20950 0.00759793 0.157521 
20951 0.00903021 0.340893 
20952 0.159771 -0.210459 
20953 0.16089 -0.0272748 
20954 0.160674 0.156182 
20955 0.161989 0.340769 
20956 0.313309 -0.211626 
20957 0.313822 -0.0277115 
20958 0.313986 0.155874 
20959 0.314786 0.339726 
20960 -0.271648 -0.205093 
20961 -0.271271 -0.0347922 
20962 -0.269641 0.136439 
20963 -0.269519 0.307106 
20964 -0.129436 -0.205601 
20965 -0.128762 -0.035108 
20966 -0.127081 0.135029 
20967 -0.126823 0.306081 
20968 0.0126361 -0.20582 
20969 0.0140292 -0.03546 
20970 0.0142237 0.134418 
20971 0.0152817 0.304664 
20972 0.15436 -0.20654 
20973 0.154918 -0.0366145 
20974 0.155742 0.133209 
20975 0.156656 0.303821 
20976 0.295482 -0.207313 
20977 0.296292 -0.0373803 
20978 0.29721 0.132607 
20979 0.297673 0.302092 
20980 -0.247522 -0.200623 
20981 -0.247113 -0.0414979 
20982 -0.244994 0.116971 
20983 -0.244389 0.276367 
20984 -0.114963 -0.201668 
20985 -0.113486 -0.0426719 
20986 -0.112103 0.115641 
20987 -0.111093 0.274137 
20988 0.0169537 -0.20188 
20989 0.0187868 -0.0439454 
20990 0.0198954 0.11427 
20991 0.020742 0.272589 
20992 0.148204 -0.203318 
20993 0.149765 -0.0446505 
20994 0.151273 0.112838 
20995 0.152956 0.271554 
20996 0.279461 -0.203299 
20997 0.281021 -0.0463373 
20998 0.282724 0.112054 
20999 0.28328 0.269909 
21000 -0.227454 -0.197946 
21001 -0.225718 -0.0489416 
21002 -0.224167 0.0997032 
21003 -0.222967 0.24908 
21004 -0.10289 -0.198693 
21005 -0.101306 -0.0499607 
21006 -0.100225 0.0984323 
21007 -0.0981317 0.246845 
21008 0.0200491 -0.198915 
21009 0.0216528 -0.051032 
21010 0.0237968 0.0967979 
21011 0.0254809 0.245022 
21012 0.143969 -0.200627 
21013 0.145432 -0.0524323 
21014 0.146465 0.0952631 
21015 0.148632 0.243203 
21016 0.266152 -0.201377 
21017 0.26733 -0.0540165 
21018 0.268833 0.0933922 
21019 0.271227 0.24065 
21020 -0.209905 -0.195567 
21021 -0.207713 -0.0552928 
21022 -0.205926 0.0843183 
21023 -0.204591 0.224778 
21024 -0.0929777 -0.195858 
21025 -0.0910377 -0.0566396 
21026 -0.0895838 0.0834363 
21027 -0.0877314 0.222334 
21028 0.0234368 -0.196928 
21029 0.0246173 -0.0579423 
21030 0.0270629 0.0814238 
21031 0.0288751 0.220164 
21032 0.138664 -0.197872 
21033 0.140268 -0.0594755 
21034 0.1429 0.078866 
21035 0.144561 0.217769 
21036 0.253451 -0.199166 
21037 0.254958 -0.0603745 
21038 0.257762 0.0769753 
21039 0.259131 0.21606 
21040 -0.194417 -0.193593 
21041 -0.19291 -0.0611975 
21042 -0.190283 0.0705004 
21043 -0.187811 0.203161 
21044 -0.0838177 -0.194104 
21045 -0.0825591 -0.0630001 
21046 -0.0802688 0.0692904 
21047 -0.077496 0.200327 
21048 0.025602 -0.195879 
21049 0.0269493 -0.063887 
21050 0.0294508 0.0667492 
21051 0.0317129 0.198069 
21052 0.134487 -0.196724 
21053 0.136591 -0.0656089 
21054 0.138081 0.065036 
21055 0.140559 0.195427 
21056 0.242145 -0.198257 
21057 0.244168 -0.0671953 
21058 0.246745 0.0623921 
21059 0.24886 0.193397 
21060 -0.181263 -0.191747 
21061 -0.179009 -0.0662875 
21062 -0.176513 0.0586598 
21063 -0.173983 0.183001 
21064 -0.0763422 -0.19268 
21065 -0.0745203 -0.0680675 
21066 -0.0722174 0.056533 
21067 -0.0694267 0.180524 
21068 0.0266503 -0.19383 
21069 0.0292364 -0.0702343 
21070 0.0312715 0.0535498 
21071 0.033719 0.17767 
21072 0.130242 -0.195147 
21073 0.132389 -0.0714903 
21074 0.134354 0.0514169 
21075 0.136398 0.175562 
21076 0.232216 -0.197108 
21077 0.23424 -0.0733457 
21078 0.236255 0.0495087 
21079 0.238676 0.173091 
21080 -0.169891 -0.190903 
21081 -0.167427 -0.0717542 
21082 -0.163872 0.0471362 
21083 -0.161629 0.165958 
21084 -0.0706802 -0.19213 
21085 -0.0674888 -0.0741225 
21086 -0.0647359 0.0449853 
21087 -0.0630796 0.16304 
21088 0.0282953 -0.192921 
21089 0.030272 -0.0757288 
21090 0.0326977 0.0418971 
21091 0.0355024 0.159923 
21092 0.125987 -0.195045 
21093 0.12829 -0.0768804 
21094 0.130424 0.0401384 
21095 0.132932 0.157407 
21096 0.22216 -0.196103 
21097 0.224901 -0.0786901 
21098 0.227205 0.0373246 
21099 0.230125 0.15447 
21100 -0.159489 -0.189353 
21101 -0.156341 -0.0762866 
21102 -0.15383 0.0359846 
21103 -0.151353 0.149152 
21104 -0.0647164 -0.191036 
21105 -0.0621709 -0.0790837 
21106 -0.0588658 0.0337696 
21107 -0.0563856 0.146622 
21108 0.0283884 -0.192331 
21109 0.0313655 -0.0805701 
21110 0.0340053 0.0317935 
21111 0.0365546 0.143941 
21112 0.121049 -0.194266 
21113 0.124521 -0.0820721 
21114 0.126707 0.0292351 
21115 0.129758 0.140915 
21116 0.213569 -0.195936 
21117 0.215932 -0.0841963 
21118 0.21914 0.026888 
21119 0.221032 0.137979 
21120 -0.14988 -0.189356 
21121 -0.147632 -0.0812862 
21122 -0.144247 0.0265313 
21123 -0.14124 0.134626 
21124 -0.0601518 -0.191192 
21125 -0.0575882 -0.083601 
21126 -0.0542933 0.0239925 
21127 -0.0510228 0.131223 
21128 0.0293324 -0.192431 
21129 0.0319784 -0.0852719 
21130 0.0345699 0.0217003 
21131 0.0372762 0.128556 
21132 0.11738 -0.193779 
21133 0.120754 -0.0870238 
21134 0.123521 0.0190541 
21135 0.12589 0.125422 
21136 0.205347 -0.195361 
21137 0.208002 -0.0888258 
21138 0.210872 0.0164421 
21139 0.213167 0.122638 
21140 -0.142224 -0.188743 
21141 -0.138957 -0.0857803 
21142 -0.135636 0.0179503 
21143 -0.13271 0.120231 
21144 -0.0560141 -0.190667 
21145 -0.0530899 -0.0878321 
21146 -0.0496766 0.0151017 
21147 -0.0471537 0.117385 
21148 0.0293774 -0.191964 
21149 0.0324491 -0.0901639 
21150 0.0347459 0.0123179 
21151 0.0383299 0.11428 
21152 0.113783 -0.193807 
21153 0.117016 -0.0917179 
21154 0.119812 0.0101282 
21155 0.122291 0.111465 
21156 0.197226 -0.195584 
21157 0.199865 -0.0933371 
21158 0.203298 0.00734667 
21159 0.206074 0.107962 
21160 -0.134978 -0.188856 
21161 -0.131422 -0.0892897 
21162 -0.128822 0.00895088 
21163 -0.124949 0.107686 
21164 -0.0527476 -0.190589 
21165 -0.0496962 -0.0912468 
21166 -0.0464607 0.00668658 
21167 -0.0428575 0.105097 
21168 0.0288244 -0.192048 
21169 0.0323627 -0.0935612 
21170 0.0350701 0.00419507 
21171 0.0379521 0.101595 
21172 0.109984 -0.193097 
21173 0.112933 -0.0960575 
21174 0.115779 0.00133343 
21175 0.119056 0.0988439 
21176 0.190238 -0.194679 
21177 0.192883 -0.0980748 
21178 0.195956 -0.00110948 
21179 0.198765 0.0956212 
21180 -0.128779 -0.188007 
21181 -0.125602 -0.0930016 
21182 -0.122323 0.0010709 
21183 -0.119157 0.0961368 
21184 -0.0496932 -0.189665 
21185 -0.0463928 -0.0956458 
21186 -0.0427031 -0.00116139 
21187 -0.0396065 0.0934973 
21188 0.0292899 -0.191749 
21189 0.0324033 -0.0980977 
21190 0.0349945 -0.00399365 
21191 0.0383932 0.0900813 
21192 0.106809 -0.193812 
21193 0.109439 -0.100354 
21194 0.112894 -0.00622033 
21195 0.115296 0.0867802 
21196 0.182762 -0.195436 
21197 0.186407 -0.101628 
21198 0.188852 -0.00921436 
21199 0.192608 0.0830714 
21200 -0.122611 -0.187959 
21201 -0.120031 -0.0966657 
21202 -0.116444 -0.00603987 
21203 -0.113319 0.0852362 
21204 -0.0466432 -0.190573 
21205 -0.0436674 -0.0991321 
21206 -0.0402573 -0.00831676 
21207 -0.0364621 0.0817522 
21208 0.0285844 -0.19176 
21209 0.0313719 -0.101937 
21210 0.0350808 -0.0108144 
21211 0.0385111 0.0784574 
21212 0.102611 -0.193169 
21213 0.106326 -0.104055 
21214 0.109573 -0.0140598 
21215 0.112221 0.0758539 
21216 0.176305 -0.195008 
21217 0.179564 -0.105952 
21218 0.182495 -0.0165158 
21219 0.185645 0.0721485 
21220 -0.118466 -0.188636 
21221 -0.114222 -0.100502 
21222 -0.11105 -0.0120223 
21223 -0.107728 0.0753015 
21224 -0.0448833 -0.19018 
21225 -0.040888 -0.102986 
21226 -0.0383716 -0.0149208 
21227 -0.0342788 0.0716868 
21228 0.0273456 -0.191524 
21229 0.0312478 -0.104645 
21230 0.0344123 -0.018019 
21231 0.0381056 0.0685469 
21232 0.0991802 -0.193855 
21233 0.102496 -0.106876 
21234 0.105564 -0.0209915 
21235 0.108727 0.0651126 
21236 0.170553 -0.19512 
21237 0.173656 -0.109762 
21238 0.17698 -0.0236371 
21239 0.179676 0.0621469 
21240 -0.113439 -0.188202 
21241 -0.110216 -0.103259 
21242 -0.106524 -0.0191567 
21243 -0.103071 0.0654731 
21244 -0.0432069 -0.189895 
21245 -0.0392427 -0.105638 
21246 -0.0357853 -0.0215181 
21247 -0.0321866 0.0619612 
21248 0.0265298 -0.192197 
21249 0.0301302 -0.108571 
21250 0.0339175 -0.0240972 
21251 0.0370322 0.0594761 
21252 0.0957224 -0.193504 
21253 0.0995316 -0.110173 
21254 0.102288 -0.0269739 
21255 0.105388 0.055741 
21256 0.164526 -0.195292 
21257 0.167259 -0.112572 
21258 0.170387 -0.0300295 
21259 0.17358 0.0525194 
21260 -0.110104 -0.188267 
21261 -0.106229 -0.106273 
21262 -0.102445 -0.0244475 
21263 -0.0988601 0.0564762 
21264 -0.0416018 -0.190211 
21265 -0.0378091 -0.108785 
21266 -0.0342227 -0.0274335 
21267 -0.0306326 0.0539685 
21268 0.0260431 -0.192064 
21269 0.0288681 -0.110829 
21270 0.0326613 -0.0302382 
21271 0.0356433 0.0499137 
21272 0.0922607 -0.193537 
21273 0.0958677 -0.113305 
21274 0.0990964 -0.0332742 
21275 0.102842 0.0469682 
21276 0.158568 -0.196069 
21277 0.161895 -0.115838 
21278 0.165162 -0.0361767 
21279 0.167994 0.0440064 
21280 -0.106255 -0.188576 
21281 -0.102901 -0.10903 
21282 -0.0992335 -0.0304318 
21283 -0.0952376 0.0491091 
21284 -0.0399768 -0.190724 
21285 -0.0370574 -0.111885 
21286 -0.0333312 -0.0332039 
21287 -0.0300043 0.0455694 
21288 0.0252362 -0.192801 
21289 0.0287846 -0.113891 
21290 0.0316034 -0.0353597 
21291 0.035362 0.0424682 
21292 0.0893801 -0.194272 
21293 0.0929599 -0.116651 
21294 0.0959784 -0.0387442 
21295 0.0993679 0.0391241 
21296 0.152723 -0.19608 
21297 0.155797 -0.118445 
21298 0.159278 -0.04166 
21299 0.162731 0.0353662 
21300 -0.103063 -0.188992 
21301 -0.0994994 -0.112254 
21302 -0.0961147 -0.0355731 
21303 -0.0918354 0.0409102 
21304 -0.0395965 -0.190281 
21305 -0.0360976 -0.114829 
21306 -0.0325376 -0.0380688 
21307 -0.0289074 0.0372706 
21308 0.0241055 -0.193014 
21309 0.0272814 -0.116497 
21310 0.0310562 -0.0414186 
21311 0.0341032 0.0348292 
21312 0.0858065 -0.194462 
21313 0.0892145 -0.118581 
21314 0.09213 -0.0437583 
21315 0.0957872 0.0314986 
21316 0.147453 -0.196547 
21317 0.150389 -0.120706 
21318 0.153695 -0.0468128 
21319 0.157007 0.0276998 
