21040 -0.333657 -0.216343 
21041 -0.333799 -0.0165374 
21042 -0.333724 0.18309 
21043 -0.333781 0.383771 
21044 -0.166188 -0.216986 
21045 -0.166406 -0.0163564 
21046 -0.166227 0.183436 
21047 -0.166563 0.383679 
21048 3.62224e-05 -0.217095 
21049 -0.000383649 -0.0165232 
21050 -8.00144e-05 0.183795 
21051 8.89325e-05 0.383713 
21052 0.167098 -0.217052 
21053 0.166592 -0.016203 
21054 0.166556 0.183719 
21055 0.166812 0.383223 
21056 0.33331 -0.216749 
21057 0.333711 -0.0164844 
21058 0.333197 0.182892 
21059 0.332959 0.383257 
21060 -0.300347 -0.212622 
21061 -0.300045 -0.0282591 
21062 -0.299284 0.156364 
21063 -0.298805 0.340528 
21064 -0.146684 -0.21295 
21065 -0.14605 -0.0280941 
21066 -0.144946 0.155711 
21067 -0.144864 0.339857 
21068 0.00750279 -0.213217 
21069 0.00751779 -0.0291236 
21070 0.00817955 0.15474 
21071 0.00901354 0.338995 
21072 0.15987 -0.213582 
21073 0.160673 -0.0288964 
21074 0.16134 0.154271 
21075 0.161308 0.338232 
21076 0.313698 -0.213728 
21077 0.31417 -0.0300375 
21078 0.313857 0.15429 
21079 0.314731 0.337809 
21080 -0.27215 -0.20893 
21081 -0.270947 -0.0381772 
21082 -0.270436 0.133183 
21083 -0.26911 0.303607 
21084 -0.129814 -0.209841 
21085 -0.128388 -0.0386478 
21086 -0.128008 0.13193 
21087 -0.126947 0.30206 
21088 0.0128295 -0.210149 
21089 0.0136883 -0.0396705 
21090 0.0143987 0.130933 
21091 0.0151645 0.301293 
21092 0.154753 -0.210628 
21093 0.155509 -0.0406136 
21094 0.156103 0.129414 
21095 0.156669 0.299563 
21096 0.296231 -0.210839 
21097 0.296732 -0.0409261 
21098 0.297755 0.128574 
21099 0.298693 0.298869 
21100 -0.248322 -0.206665 
21101 -0.246992 -0.0475138 
21102 -0.245818 0.112099 
21103 -0.244177 0.271878 
21104 -0.115813 -0.207291 
21105 -0.113654 -0.0477194 
21106 -0.112993 0.111221 
21107 -0.11199 0.269757 
21108 0.0172457 -0.207857 
21109 0.018436 -0.0488933 
21110 0.0198907 0.109774 
21111 0.0211567 0.268546 
21112 0.149218 -0.208933 
21113 0.150749 -0.0497631 
21114 0.151446 0.108692 
21115 0.152752 0.266907 
21116 0.280227 -0.209465 
21117 0.282001 -0.0510165 
21118 0.283153 0.106587 
21119 0.284074 0.264751 
21120 -0.228101 -0.205026 
21121 -0.226284 -0.0556079 
21122 -0.22473 0.093819 
21123 -0.223517 0.243401 
21124 -0.102954 -0.20579 
21125 -0.101983 -0.0560675 
21126 -0.100307 0.0925813 
21127 -0.0986451 0.240953 
21128 0.0204245 -0.206496 
21129 0.0219847 -0.0574815 
21130 0.0239284 0.0906467 
21131 0.0252074 0.239501 
21132 0.143785 -0.207398 
21133 0.145684 -0.0591253 
21134 0.146843 0.0896411 
21135 0.148777 0.237675 
21136 0.266672 -0.208159 
21137 0.268577 -0.0602553 
21138 0.270132 0.087865 
21139 0.271493 0.235604 
21140 -0.210233 -0.202705 
21141 -0.208757 -0.0623548 
21142 -0.206891 0.0783041 
21143 -0.20441 0.218608 
21144 -0.093494 -0.204279 
21145 -0.0916722 -0.0642884 
21146 -0.0891881 0.0764913 
21147 -0.0872453 0.215815 
21148 0.0231276 -0.205082 
21149 0.0250784 -0.064932 
21150 0.0268646 0.0746414 
21151 0.02858 0.213606 
21152 0.139317 -0.205642 
21153 0.140957 -0.0668285 
21154 0.14301 0.0725116 
21155 0.144555 0.211259 
21156 0.254524 -0.206438 
21157 0.256248 -0.0679317 
21158 0.257547 0.0705458 
21159 0.260143 0.209524 
21160 -0.19571 -0.20184 
21161 -0.192769 -0.0689498 
21162 -0.191082 0.0632328 
21163 -0.188365 0.195627 
21164 -0.0849409 -0.20292 
21165 -0.0820729 -0.0709415 
21166 -0.0805975 0.0610788 
21167 -0.0780986 0.193654 
21168 0.0258936 -0.204255 
21169 0.0277449 -0.0723733 
21170 0.0299073 0.0595483 
21171 0.0314627 0.191157 
21172 0.134993 -0.205087 
21173 0.136523 -0.0735726 
21174 0.138408 0.0576442 
21175 0.140728 0.188511 
21176 0.243372 -0.206404 
21177 0.245278 -0.0755518 
21178 0.247438 0.055634 
21179 0.248856 0.186139 
21180 -0.182232 -0.200959 
21181 -0.179925 -0.0747848 
21182 -0.177308 0.0501963 
21183 -0.17491 0.175465 
21184 -0.0771594 -0.202555 
21185 -0.0750268 -0.0772503 
21186 -0.0727248 0.0483672 
21187 -0.0697905 0.173143 
21188 0.0274389 -0.203038 
21189 0.0295178 -0.0780271 
21190 0.031826 0.0459837 
21191 0.033811 0.17058 
21192 0.130478 -0.204065 
21193 0.132334 -0.0803242 
21194 0.134444 0.0444386 
21195 0.13657 0.16802 
21196 0.232822 -0.205397 
21197 0.23504 -0.0819836 
21198 0.236927 0.041729 
21199 0.239127 0.165086 
21200 -0.17008 -0.200291 
21201 -0.167548 -0.0808127 
21202 -0.165495 0.0381579 
21203 -0.162644 0.157088 
21204 -0.0708902 -0.201123 
21205 -0.067742 -0.0822917 
21206 -0.0652952 0.0364789 
21207 -0.0626457 0.154816 
21208 0.0288564 -0.202204 
21209 0.0306664 -0.0842693 
21210 0.0334287 0.0339776 
21211 0.0359299 0.152115 
21212 0.126791 -0.204213 
21213 0.128963 -0.0861825 
21214 0.131017 0.0315258 
21215 0.132724 0.149426 
21216 0.223688 -0.205057 
21217 0.226043 -0.0870408 
21218 0.228305 0.0297067 
21219 0.229928 0.146564 
21220 -0.159524 -0.199696 
21221 -0.15721 -0.0858332 
21222 -0.153957 0.0273494 
21223 -0.151859 0.140999 
21224 -0.0651793 -0.200648 
21225 -0.0623116 -0.0875066 
21226 -0.059857 0.0254212 
21227 -0.0574191 0.137725 
21228 0.0290944 -0.202478 
21229 0.0315833 -0.0889305 
21230 0.0343947 0.0230534 
21231 0.0370172 0.135086 
21232 0.122428 -0.203215 
21233 0.124676 -0.0914277 
21234 0.127387 0.0205985 
21235 0.129299 0.132412 
21236 0.215179 -0.204991 
21237 0.217063 -0.0926653 
21238 0.21935 0.0182886 
21239 0.222176 0.129713 
21240 -0.1509 -0.199376 
21241 -0.147955 -0.0902393 
21242 -0.144847 0.0177671 
21243 -0.142743 0.12637 
21244 -0.0605775 -0.200451 
21245 -0.0572672 -0.0920437 
21246 -0.0542701 0.015253 
21247 -0.0524899 0.123034 
21248 0.0299475 -0.20225 
21249 0.032068 -0.09393 
21250 0.0346504 0.0133732 
21251 0.0379023 0.120317 
21252 0.118388 -0.202933 
21253 0.121506 -0.0961463 
21254 0.123749 0.0112594 
21255 0.125956 0.117121 
21256 0.206823 -0.204055 
21257 0.209147 -0.0976925 
21258 0.211904 0.00884744 
21259 0.213422 0.115245 
21260 -0.142501 -0.198624 
21261 -0.139485 -0.0947087 
21262 -0.136954 0.00914004 
21263 -0.13381 0.112022 
21264 -0.0559078 -0.200042 
21265 -0.0527222 -0.0964045 
21266 -0.0504486 0.0066227 
21267 -0.0480496 0.109399 
21268 0.0302966 -0.201374 
21269 0.032935 -0.0981988 
21270 0.0355146 0.00373059 
21271 0.0381146 0.106274 
21272 0.114882 -0.203249 
21273 0.117574 -0.100129 
21274 0.119581 0.00220222 
21275 0.122515 0.103505 
21276 0.199479 -0.204304 
21277 0.201421 -0.102188 
21278 0.2035 -0.00020698 
21279 0.206659 0.100988 
21280 -0.135148 -0.198278 
21281 -0.132751 -0.0984457 
21282 -0.129912 0.000661815 
21283 -0.12642 0.099642 
21284 -0.0523194 -0.200462 
21285 -0.0490327 -0.101001 
21286 -0.0461649 -0.00204682 
21287 -0.0440989 0.0969188 
21288 0.0296641 -0.201858 
21289 0.032529 -0.102904 
21290 0.0354043 -0.00470532 
21291 0.0379185 0.0940858 
21292 0.110946 -0.202891 
21293 0.113335 -0.104385 
21294 0.116448 -0.00634749 
21295 0.119232 0.0910984 
21296 0.191731 -0.203778 
21297 0.193956 -0.10596 
21298 0.196456 -0.00928052 
21299 0.199362 0.0880229 
21300 -0.129444 -0.198248 
21301 -0.126405 -0.102449 
21302 -0.123185 -0.00734545 
21303 -0.119974 0.087535 
21304 -0.0491332 -0.199794 
21305 -0.0459615 -0.104184 
21306 -0.0434608 -0.0100172 
21307 -0.0406453 0.0854081 
21308 0.0294795 -0.201285 
21309 0.0326541 -0.106729 
21310 0.0346258 -0.01186 
21311 0.0376529 0.0825261 
21312 0.10745 -0.202178 
21313 0.110206 -0.108697 
21314 0.112844 -0.0145116 
21315 0.115574 0.078974 
21316 0.185108 -0.20406 
21317 0.187311 -0.110416 
21318 0.18953 -0.0171149 
21319 0.191887 0.0760895 
21320 -0.123108 -0.198165 
21321 -0.119892 -0.10549 
21322 -0.117094 -0.0137292 
21323 -0.114557 0.0775446 
21324 -0.0471155 -0.199182 
21325 -0.0433094 -0.108183 
21326 -0.0411244 -0.0168965 
21327 -0.0381017 0.0747745 
21328 0.0287247 -0.200498 
21329 0.0320266 -0.110166 
21330 0.0346723 -0.0186585 
21331 0.037984 0.0714593 
21332 0.104521 -0.201978 
21333 0.107252 -0.112047 
21334 0.109604 -0.0212751 
21335 0.112421 0.0684847 
21336 0.177929 -0.203272 
21337 0.180512 -0.1132 
21338 0.183142 -0.0237665 
21339 0.186062 0.0659848 
21340 -0.117931 -0.197521 
21341 -0.114885 -0.109295 
21342 -0.112471 -0.0207091 
21343 -0.108448 0.067259 
21344 -0.0447605 -0.199391 
21345 -0.041561 -0.111325 
21346 -0.0387916 -0.0226138 
21347 -0.0352837 0.0644525 
21348 0.0282575 -0.200502 
21349 0.0314551 -0.112907 
21350 0.0345387 -0.0257332 
21351 0.0370469 0.0614293 
21352 0.100256 -0.202234 
21353 0.102873 -0.11483 
21354 0.105612 -0.02835 
21355 0.108781 0.0587452 
21356 0.172328 -0.203464 
21357 0.174882 -0.117009 
21358 0.177361 -0.0299439 
21359 0.179868 0.0559476 
21360 -0.113526 -0.197366 
21361 -0.111066 -0.111476 
21362 -0.10741 -0.0269118 
21363 -0.103896 0.0583648 
21364 -0.042266 -0.199016 
21365 -0.0397057 -0.113716 
21366 -0.0363322 -0.0294881 
21367 -0.0338961 0.0551994 
21368 0.0277915 -0.200773 
21369 0.0309769 -0.11545 
21370 0.0331568 -0.0312322 
21371 0.0358477 0.0525865 
21372 0.097609 -0.202093 
21373 0.100006 -0.11729 
21374 0.102664 -0.0338248 
21375 0.105238 0.0500523 
21376 0.165977 -0.203574 
21377 0.168809 -0.119989 
21378 0.171539 -0.0360485 
21379 0.173235 0.0467004 
21380 -0.110297 -0.197859 
21381 -0.106731 -0.114577 
21382 -0.10387 -0.0317143 
21383 -0.100032 0.0498692 
21384 -0.0414112 -0.198479 
21385 -0.0377927 -0.116101 
21386 -0.0350115 -0.0344924 
21387 -0.031871 0.0470633 
21388 0.0265577 -0.200643 
21389 0.029266 -0.118831 
21390 0.0321015 -0.0369128 
21391 0.0349068 0.0446014 
21392 0.0936991 -0.201676 
21393 0.0970589 -0.120421 
21394 0.0995068 -0.0393427 
21395 0.102319 0.0414981 
21396 0.160632 -0.202449 
21397 0.162587 -0.122004 
21398 0.16536 -0.0413197 
21399 0.168137 0.0382151 
21400 -0.106203 -0.197032 
21401 -0.103655 -0.116918 
21402 -0.100256 -0.0375074 
21403 -0.0964623 0.0420079 
21404 -0.0401525 -0.198448 
21405 -0.0368928 -0.119198 
21406 -0.0340577 -0.0395983 
21407 -0.030747 0.0395831 
21408 0.0254721 -0.199446 
21409 0.0284445 -0.120511 
21410 0.0316463 -0.0419849 
21411 0.0342249 0.0366153 
21412 0.0906791 -0.201335 
21413 0.093562 -0.122464 
21414 0.0963106 -0.0439362 
21415 0.0986753 0.0332037 
21416 0.154384 -0.202513 
21417 0.15749 -0.12446 
21418 0.159948 -0.0465248 
21419 0.162599 0.0308695 
21420 -0.103372 -0.197063 
21421 -0.100474 -0.119496 
21422 -0.0968429 -0.0418945 
21423 -0.0935422 0.0351947 
21424 -0.0391092 -0.197786 
21425 -0.0354413 -0.120709 
21426 -0.0328663 -0.0439157 
21427 -0.0298293 0.0317607 
21428 0.0247155 -0.19953 
21429 0.0269756 -0.122867 
21430 0.0306321 -0.0470105 
21431 0.0334823 0.0291802 
21432 0.0876403 -0.201062 
21433 0.0900588 -0.12445 
21434 0.0925763 -0.0488094 
21435 0.0953243 0.0266544 
21436 0.149733 -0.20249 
21437 0.151495 -0.126064 
21438 0.153875 -0.0509878 
21439 0.156531 0.0238096 
