21160 -0.333296 -0.216331 
21161 -0.333814 -0.01627 
21162 -0.333274 0.183178 
21163 -0.332863 0.383017 
21164 -0.166588 -0.21714 
21165 -0.166391 -0.0165735 
21166 -0.166913 0.183509 
21167 -0.166749 0.383141 
21168 -0.000153361 -0.21678 
21169 3.92901e-05 -0.0164 
21170 0.000195932 0.183236 
21171 -0.000464171 0.383614 
21172 0.166349 -0.216174 
21173 0.167141 -0.016172 
21174 0.166879 0.183468 
21175 0.166183 0.383312 
21176 0.333201 -0.216415 
21177 0.33369 -0.0164498 
21178 0.333299 0.183823 
21179 0.333332 0.383191 
21180 -0.300834 -0.213851 
21181 -0.299979 -0.0292603 
21182 -0.29978 0.155254 
21183 -0.298882 0.340026 
21184 -0.146869 -0.214013 
21185 -0.145656 -0.0298704 
21186 -0.145252 0.155227 
21187 -0.145506 0.339246 
21188 0.00743248 -0.214221 
21189 0.00740258 -0.0297646 
21190 0.00813426 0.154393 
21191 0.0079615 0.338417 
21192 0.160757 -0.214262 
21193 0.16141 -0.0299468 
21194 0.161379 0.15428 
21195 0.16168 0.337889 
21196 0.313765 -0.214263 
21197 0.314277 -0.030082 
21198 0.314071 0.153082 
21199 0.315164 0.336957 
21200 -0.272937 -0.210952 
21201 -0.271379 -0.0401459 
21202 -0.270768 0.131454 
21203 -0.2696 0.302205 
21204 -0.129509 -0.211979 
21205 -0.128658 -0.0406918 
21206 -0.128142 0.130167 
21207 -0.126684 0.300782 
21208 0.0130861 -0.212419 
21209 0.0139305 -0.0409855 
21210 0.0139446 0.129115 
21211 0.0149801 0.300045 
21212 0.154423 -0.212443 
21213 0.155331 -0.0413231 
21214 0.156111 0.12887 
21215 0.157554 0.299307 
21216 0.296413 -0.21248 
21217 0.297425 -0.0421296 
21218 0.297413 0.127936 
21219 0.298347 0.297354 
21220 -0.248973 -0.209566 
21221 -0.248229 -0.0488949 
21222 -0.246886 0.109877 
21223 -0.245028 0.269865 
21224 -0.11589 -0.210085 
21225 -0.114524 -0.0500626 
21226 -0.112997 0.108877 
21227 -0.111829 0.26823 
21228 0.0174415 -0.210611 
21229 0.0186461 -0.0510324 
21230 0.0196586 0.108471 
21231 0.0208024 0.266398 
21232 0.149561 -0.210824 
21233 0.150466 -0.0523547 
21234 0.15181 0.10655 
21235 0.153072 0.265132 
21236 0.281627 -0.210912 
21237 0.282862 -0.053101 
21238 0.282938 0.105383 
21239 0.284411 0.264079 
21240 -0.228495 -0.207965 
21241 -0.226968 -0.0578386 
21242 -0.225591 0.0915341 
21243 -0.224216 0.241564 
21244 -0.103196 -0.207814 
21245 -0.1021 -0.0583904 
21246 -0.100477 0.0904268 
21247 -0.0991879 0.239335 
21248 0.0204227 -0.208753 
21249 0.02202 -0.0598549 
21250 0.0239888 0.0887075 
21251 0.0245551 0.237629 
21252 0.145192 -0.209265 
21253 0.146466 -0.061014 
21254 0.146808 0.0877356 
21255 0.148422 0.235563 
21256 0.267531 -0.210389 
21257 0.268635 -0.0619281 
21258 0.270661 0.0860942 
21259 0.271504 0.234185 
21260 -0.210928 -0.20654 
21261 -0.209066 -0.0650713 
21262 -0.207935 0.0752001 
21263 -0.205252 0.216255 
21264 -0.0938119 -0.207297 
21265 -0.0915628 -0.0666044 
21266 -0.0902882 0.0741563 
21267 -0.0885937 0.214152 
21268 0.023686 -0.207336 
21269 0.025281 -0.066958 
21270 0.0266229 0.072825 
21271 0.0286009 0.212126 
21272 0.140487 -0.20841 
21273 0.141362 -0.0685402 
21274 0.143053 0.0707085 
21275 0.143975 0.209975 
21276 0.255922 -0.209059 
21277 0.257319 -0.0701153 
21278 0.257889 0.0696003 
21279 0.259917 0.20813 
21280 -0.196232 -0.204845 
21281 -0.193597 -0.0719971 
21282 -0.192071 0.060724 
21283 -0.190192 0.193581 
21284 -0.085053 -0.205585 
21285 -0.0824055 -0.0729796 
21286 -0.080898 0.0595011 
21287 -0.0789695 0.191244 
21288 0.0264449 -0.206865 
21289 0.027404 -0.0745761 
21290 0.0290631 0.0580804 
21291 0.0306695 0.189088 
21292 0.135849 -0.207918 
21293 0.136811 -0.0752218 
21294 0.138547 0.0561006 
21295 0.140775 0.187924 
21296 0.244729 -0.208346 
21297 0.245947 -0.0762235 
21298 0.247788 0.0543294 
21299 0.248426 0.184869 
21300 -0.182592 -0.203849 
21301 -0.180672 -0.0778335 
21302 -0.177889 0.0485076 
21303 -0.175958 0.173949 
21304 -0.0771181 -0.204635 
21305 -0.0746314 -0.0785885 
21306 -0.0727182 0.0467516 
21307 -0.0706141 0.171272 
21308 0.0275668 -0.205505 
21309 0.0291983 -0.0799525 
21310 0.0311605 0.044264 
21311 0.0326909 0.16896 
21312 0.131408 -0.206597 
21313 0.133346 -0.0812757 
21314 0.134843 0.0427429 
21315 0.136487 0.167455 
21316 0.234287 -0.207309 
21317 0.235784 -0.0826809 
21318 0.237165 0.0410814 
21319 0.23883 0.164855 
21320 -0.170944 -0.203591 
21321 -0.16869 -0.0829089 
21322 -0.165688 0.0362437 
21323 -0.163856 0.156009 
21324 -0.0705578 -0.20418 
21325 -0.0681662 -0.0840201 
21326 -0.0660477 0.0347231 
21327 -0.0641377 0.153114 
21328 0.0287376 -0.204772 
21329 0.0310848 -0.0859491 
21330 0.0324438 0.0330256 
21331 0.03453 0.151468 
21332 0.127796 -0.20599 
21333 0.129369 -0.0872793 
21334 0.130881 0.0315093 
21335 0.132678 0.1493 
21336 0.225145 -0.206491 
21337 0.226381 -0.0883119 
21338 0.228206 0.0288796 
21339 0.229929 0.146699 
21340 -0.160351 -0.202588 
21341 -0.158225 -0.0876011 
21342 -0.155686 0.0255817 
21343 -0.152975 0.13967 
21344 -0.0645942 -0.203605 
21345 -0.0622466 -0.0890311 
21346 -0.0601635 0.0244017 
21347 -0.0584902 0.137273 
21348 0.0300235 -0.204353 
21349 0.0313958 -0.0909545 
21350 0.0340572 0.0224573 
21351 0.0355136 0.135408 
21352 0.123446 -0.205545 
21353 0.125467 -0.0918706 
21354 0.126862 0.020065 
21355 0.128432 0.132363 
21356 0.216398 -0.206412 
21357 0.217919 -0.0933432 
21358 0.219464 0.0184584 
21359 0.221053 0.130271 
21360 -0.151084 -0.201335 
21361 -0.149091 -0.0924323 
21362 -0.146144 0.0165931 
21363 -0.144015 0.124677 
21364 -0.0600076 -0.202068 
21365 -0.0574839 -0.0936205 
21366 -0.0553171 0.01505 
21367 -0.0532076 0.12254 
21368 0.0302729 -0.203159 
21369 0.0323516 -0.0954698 
21370 0.0338174 0.0127296 
21371 0.0361739 0.120538 
21372 0.119964 -0.204384 
21373 0.121723 -0.0962966 
21374 0.123283 0.0110045 
21375 0.124944 0.117709 
21376 0.208501 -0.205099 
21377 0.210323 -0.0977679 
21378 0.211697 0.00936498 
21379 0.212766 0.115713 
21380 -0.142818 -0.200758 
21381 -0.140116 -0.0966975 
21382 -0.138079 0.00839409 
21383 -0.135528 0.112002 
21384 -0.0562818 -0.201734 
21385 -0.0533582 -0.0972922 
21386 -0.0517348 0.00628178 
21387 -0.0490815 0.109717 
21388 0.0301038 -0.203091 
21389 0.0324308 -0.0989367 
21390 0.0342868 0.00382094 
21391 0.0367207 0.107091 
21392 0.116125 -0.203676 
21393 0.117484 -0.10049 
21394 0.11921 0.00252306 
21395 0.121306 0.104025 
21396 0.200501 -0.204149 
21397 0.201817 -0.102371 
21398 0.204352 0.000636988 
21399 0.206096 0.102198 
21400 -0.135641 -0.199698 
21401 -0.13341 -0.100158 
21402 -0.130442 -9.14808e-05 
21403 -0.128619 0.100048 
21404 -0.0523276 -0.200955 
21405 -0.0503722 -0.100787 
21406 -0.0472528 -0.00164762 
21407 -0.0455852 0.0969356 
21408 0.0305025 -0.202388 
21409 0.0326492 -0.102287 
21410 0.035072 -0.0040148 
21411 0.0371804 0.094879 
21412 0.112234 -0.203236 
21413 0.114588 -0.103585 
21414 0.116502 -0.00514369 
21415 0.118092 0.0925108 
21416 0.192859 -0.203798 
21417 0.195164 -0.104923 
21418 0.196477 -0.00799947 
21419 0.19861 0.0894948 
21420 -0.129399 -0.199128 
21421 -0.127005 -0.102742 
21422 -0.12483 -0.007331 
21423 -0.121466 0.0887007 
21424 -0.0491099 -0.200415 
21425 -0.0471617 -0.10403 
21426 -0.0447324 -0.00849092 
21427 -0.0425331 0.0856118 
21428 0.0299687 -0.201365 
21429 0.0324856 -0.105324 
21430 0.0338952 -0.0112479 
21431 0.0364312 0.0837899 
21432 0.108612 -0.201698 
21433 0.111011 -0.107417 
21434 0.112041 -0.0129433 
21435 0.114394 0.0815394 
21436 0.186524 -0.203376 
21437 0.187813 -0.108463 
21438 0.189385 -0.0149849 
21439 0.19188 0.0785476 
21440 -0.123796 -0.198474 
21441 -0.120748 -0.105456 
21442 -0.118688 -0.0136239 
21443 -0.115853 0.0779979 
21444 -0.0466725 -0.199878 
21445 -0.0439284 -0.107172 
21446 -0.0420289 -0.0153072 
21447 -0.0398303 0.0755664 
21448 0.0293412 -0.200718 
21449 0.0315297 -0.108176 
21450 0.03395 -0.0174898 
21451 0.0364893 0.0737437 
21452 0.104989 -0.201031 
21453 0.107034 -0.109816 
21454 0.108526 -0.018635 
21455 0.110826 0.0711228 
21456 0.180254 -0.201844 
21457 0.181919 -0.111605 
21458 0.183135 -0.0210776 
21459 0.184803 0.0686333 
21460 -0.118683 -0.197222 
21461 -0.115799 -0.107988 
21462 -0.113974 -0.0194104 
21463 -0.110884 0.068985 
21464 -0.0447355 -0.198528 
21465 -0.042166 -0.109687 
21466 -0.0396468 -0.0207811 
21467 -0.0374509 0.0666704 
21468 0.0295575 -0.199553 
21469 0.031599 -0.110753 
21470 0.0333042 -0.023145 
21471 0.0355435 0.0639804 
21472 0.101902 -0.199867 
21473 0.10406 -0.112167 
21474 0.105749 -0.0250522 
21475 0.107531 0.0618051 
21476 0.173524 -0.201281 
21477 0.175739 -0.113526 
21478 0.176909 -0.0270787 
21479 0.178389 0.0601239 
21480 -0.114186 -0.197151 
21481 -0.111235 -0.110115 
21482 -0.109187 -0.0250037 
21483 -0.107119 0.0602083 
21484 -0.0428414 -0.197389 
21485 -0.0403876 -0.111624 
21486 -0.037702 -0.0261887 
21487 -0.0362052 0.0581227 
21488 0.0281731 -0.198824 
21489 0.0305754 -0.113267 
21490 0.0320401 -0.0284401 
21491 0.0344419 0.0557882 
21492 0.0987141 -0.199279 
21493 0.100624 -0.114639 
21494 0.10253 -0.03055 
21495 0.103611 0.0535301 
21496 0.167747 -0.199885 
21497 0.169352 -0.115655 
21498 0.171329 -0.0323522 
21499 0.172834 0.0517016 
21500 -0.110665 -0.195826 
21501 -0.10739 -0.112025 
21502 -0.10535 -0.0299281 
21503 -0.1025 0.0526807 
21504 -0.0413035 -0.196475 
21505 -0.0391645 -0.113638 
21506 -0.0360743 -0.0314141 
21507 -0.0338645 0.0506399 
21508 0.0271958 -0.196986 
21509 0.0297962 -0.114648 
21510 0.0314714 -0.0327178 
21511 0.033124 0.0480267 
21512 0.0953476 -0.198053 
21513 0.0970215 -0.116297 
21514 0.0984597 -0.0347272 
21515 0.100732 0.046384 
21516 0.161949 -0.198934 
21517 0.163491 -0.118043 
21518 0.164528 -0.0367467 
21519 0.166368 0.0440657 
21520 -0.106946 -0.194901 
21521 -0.10428 -0.113715 
21522 -0.101601 -0.0340797 
21523 -0.0996735 0.0458279 
21524 -0.0394505 -0.195239 
21525 -0.0380187 -0.115665 
21526 -0.0356426 -0.0356053 
21527 -0.0329137 0.0434855 
21528 0.0261335 -0.196241 
21529 0.0286536 -0.116307 
21530 0.0298886 -0.0378146 
21531 0.0326366 0.0414617 
21532 0.0921038 -0.197205 
21533 0.0934207 -0.118194 
21534 0.0953063 -0.0389945 
21535 0.0965806 0.0392115 
21536 0.156473 -0.197738 
21537 0.157394 -0.119213 
21538 0.159004 -0.0410364 
21539 0.16079 0.0368082 
21540 -0.103365 -0.193728 
21541 -0.101436 -0.115226 
21542 -0.0984972 -0.037654 
21543 -0.0969657 0.0387202 
21544 -0.039205 -0.19438 
21545 -0.036368 -0.116654 
21546 -0.0340525 -0.0396513 
21547 -0.0319158 0.0373142 
21548 0.0255036 -0.194861 
21549 0.027559 -0.118226 
21550 0.0290349 -0.0410207 
21551 0.0309363 0.0346735 
21552 0.0881132 -0.19559 
21553 0.0896518 -0.118909 
21554 0.0918268 -0.0428208 
21555 0.0932169 0.0324271 
21556 0.15127 -0.196344 
21557 0.152546 -0.120647 
21558 0.15396 -0.04481 
21559 0.155623 0.030407 
