21280 -0.33305 -0.216312 
21281 -0.333499 -0.0165137 
21282 -0.333502 0.183399 
21283 -0.333154 0.383393 
21284 -0.166466 -0.21647 
21285 -0.166358 -0.0164104 
21286 -0.166449 0.183243 
21287 -0.166364 0.383017 
21288 -0.000438141 -0.216731 
21289 -0.000457339 -0.0162703 
21290 -2.59799e-05 0.183177 
21291 0.000217781 0.383614 
21292 0.16622 -0.216499 
21293 0.166865 -0.0165621 
21294 0.167095 0.183759 
21295 0.166257 0.383259 
21296 0.333077 -0.217078 
21297 0.333421 -0.0165458 
21298 0.333265 0.183734 
21299 0.333822 0.383482 
21300 -0.301045 -0.213548 
21301 -0.300321 -0.0288521 
21302 -0.299726 0.156121 
21303 -0.299579 0.340603 
21304 -0.146734 -0.213704 
21305 -0.145794 -0.0294323 
21306 -0.146315 0.155268 
21307 -0.145054 0.339576 
21308 0.00744793 -0.213788 
21309 0.00785163 -0.0293207 
21310 0.00800269 0.154807 
21311 0.00808271 0.33936 
21312 0.160255 -0.213816 
21313 0.160576 -0.0297555 
21314 0.161367 0.154095 
21315 0.161465 0.338131 
21316 0.313428 -0.213825 
21317 0.313969 -0.0303269 
21318 0.3139 0.154328 
21319 0.314536 0.338398 
21320 -0.272944 -0.210538 
21321 -0.272331 -0.039444 
21322 -0.271278 0.131846 
21323 -0.270641 0.30364 
21324 -0.129743 -0.211059 
21325 -0.128813 -0.0392113 
21326 -0.12836 0.13145 
21327 -0.128209 0.301903 
21328 0.0122848 -0.210708 
21329 0.0131242 -0.039631 
21330 0.0139708 0.130646 
21331 0.0147036 0.30133 
21332 0.154593 -0.210987 
21333 0.155899 -0.0401297 
21334 0.156272 0.130404 
21335 0.156501 0.300378 
21336 0.297245 -0.212002 
21337 0.297291 -0.0407022 
21338 0.297455 0.128806 
21339 0.297875 0.299443 
21340 -0.249641 -0.208355 
21341 -0.248158 -0.0477221 
21342 -0.247849 0.111681 
21343 -0.246629 0.27123 
21344 -0.11555 -0.208874 
21345 -0.114814 -0.0488035 
21346 -0.113787 0.111182 
21347 -0.113216 0.27015 
21348 0.0169768 -0.209119 
21349 0.0176504 -0.0491163 
21350 0.0190643 0.109788 
21351 0.0192999 0.268886 
21352 0.149697 -0.209115 
21353 0.150484 -0.0502637 
21354 0.15101 0.109104 
21355 0.151668 0.267975 
21356 0.281961 -0.209739 
21357 0.282473 -0.0508156 
21358 0.282984 0.107557 
21359 0.283744 0.265918 
21360 -0.229318 -0.205882 
21361 -0.228266 -0.056084 
21362 -0.227041 0.0938708 
21363 -0.225519 0.243588 
21364 -0.104368 -0.206714 
21365 -0.102597 -0.0567914 
21366 -0.101448 0.0926383 
21367 -0.100209 0.241702 
21368 0.0205104 -0.207226 
21369 0.021973 -0.0577961 
21370 0.0227983 0.09174 
21371 0.0235356 0.241026 
21372 0.144775 -0.207654 
21373 0.146216 -0.0584888 
21374 0.147157 0.0903368 
21375 0.147364 0.239032 
21376 0.268551 -0.207363 
21377 0.269495 -0.0592587 
21378 0.270386 0.0900183 
21379 0.270703 0.237185 
21380 -0.212345 -0.203969 
21381 -0.210632 -0.0625961 
21382 -0.209111 0.0782759 
21383 -0.20741 0.21959 
21384 -0.0941461 -0.204947 
21385 -0.0922629 -0.0633617 
21386 -0.0915085 0.0768324 
21387 -0.0895752 0.217657 
21388 0.0233864 -0.205353 
21389 0.0250594 -0.0643081 
21390 0.0261097 0.0759213 
21391 0.0268516 0.215801 
21392 0.140448 -0.205309 
21393 0.141748 -0.0652614 
21394 0.1423 0.07462 
21395 0.142865 0.214602 
21396 0.256661 -0.206 
21397 0.25707 -0.0657814 
21398 0.258108 0.0739153 
21399 0.258701 0.212276 
21400 -0.196913 -0.202366 
21401 -0.195019 -0.0691124 
21402 -0.193404 0.065023 
21403 -0.191283 0.19751 
21404 -0.0845054 -0.202444 
21405 -0.0839383 -0.0696026 
21406 -0.0821836 0.0632854 
21407 -0.0812084 0.195602 
21408 0.0258567 -0.203805 
21409 0.027534 -0.070095 
21410 0.02799 0.0616126 
21411 0.0297501 0.193531 
21412 0.13611 -0.204078 
21413 0.137128 -0.0709707 
21414 0.137775 0.0610762 
21415 0.139487 0.192237 
21416 0.245973 -0.204436 
21417 0.245872 -0.0724149 
21418 0.247437 0.0592891 
21419 0.248047 0.190404 
21420 -0.183457 -0.200567 
21421 -0.181642 -0.0742901 
21422 -0.180058 0.0520639 
21423 -0.178561 0.178317 
21424 -0.0777029 -0.201019 
21425 -0.076443 -0.0745668 
21426 -0.0746976 0.0510267 
21427 -0.073349 0.176207 
21428 0.0273379 -0.202054 
21429 0.0285043 -0.0753963 
21430 0.0297206 0.0496963 
21431 0.0316223 0.174194 
21432 0.132293 -0.202057 
21433 0.132796 -0.0761525 
21434 0.134093 0.0488396 
21435 0.135338 0.172816 
21436 0.235587 -0.20264 
21437 0.235864 -0.0778518 
21438 0.236901 0.0472114 
21439 0.238057 0.171334 
21440 -0.171122 -0.199386 
21441 -0.169795 -0.0787086 
21442 -0.167995 0.0414073 
21443 -0.166718 0.161424 
21444 -0.0711405 -0.199942 
21445 -0.0694845 -0.0792462 
21446 -0.0677819 0.0402062 
21447 -0.0664055 0.159115 
21448 0.0288552 -0.199745 
21449 0.0303995 -0.080275 
21450 0.0315263 0.038575 
21451 0.0329999 0.156972 
21452 0.127856 -0.200065 
21453 0.129194 -0.0810734 
21454 0.12965 0.0374491 
21455 0.130615 0.155869 
21456 0.22624 -0.201073 
21457 0.2264 -0.0818693 
21458 0.227338 0.0357861 
21459 0.228068 0.154118 
21460 -0.161555 -0.197834 
21461 -0.159389 -0.0821571 
21462 -0.157502 0.0322038 
21463 -0.155743 0.145862 
21464 -0.0653948 -0.198286 
21465 -0.0640277 -0.0839624 
21466 -0.0622706 0.030447 
21467 -0.0607085 0.143675 
21468 0.0293787 -0.198334 
21469 0.0304899 -0.0848286 
21470 0.0323101 0.0292558 
21471 0.0340338 0.142389 
21472 0.124093 -0.198326 
21473 0.12489 -0.0850474 
21474 0.125881 0.0277587 
21475 0.127189 0.140162 
21476 0.217467 -0.199048 
21477 0.218469 -0.0863176 
21478 0.21894 0.0267471 
21479 0.220187 0.138612 
21480 -0.152314 -0.196342 
21481 -0.150165 -0.0863809 
21482 -0.148904 0.0226833 
21483 -0.146162 0.132072 
21484 -0.0602043 -0.196847 
21485 -0.0592608 -0.0868187 
21486 -0.0576296 0.0213913 
21487 -0.055639 0.130442 
21488 0.0298885 -0.196988 
21489 0.0318333 -0.0881231 
21490 0.0327266 0.0207222 
21491 0.0345813 0.127905 
21492 0.119753 -0.196658 
21493 0.121436 -0.0885702 
21494 0.121872 0.0190722 
21495 0.123625 0.125718 
21496 0.209497 -0.197847 
21497 0.209636 -0.089762 
21498 0.210326 0.0173792 
21499 0.211899 0.124107 
21500 -0.143532 -0.194744 
21501 -0.141761 -0.0892924 
21502 -0.139985 0.0156393 
21503 -0.138865 0.119347 
21504 -0.0564166 -0.194395 
21505 -0.0550768 -0.089602 
21506 -0.0531188 0.0142103 
21507 -0.0519881 0.117476 
21508 0.0307111 -0.195136 
21509 0.0316764 -0.0910445 
21510 0.0334718 0.0127049 
21511 0.0339837 0.115973 
21512 0.11673 -0.19567 
21513 0.117118 -0.0918086 
21514 0.118854 0.0115382 
21515 0.119043 0.114021 
21516 0.201672 -0.196156 
21517 0.202334 -0.0921872 
21518 0.202618 0.0101994 
21519 0.20345 0.112011 
21520 -0.136628 -0.192531 
21521 -0.135171 -0.0919438 
21522 -0.133384 0.00821647 
21523 -0.13128 0.108259 
21524 -0.0527519 -0.193046 
21525 -0.0508127 -0.0926773 
21526 -0.0495856 0.00686646 
21527 -0.0483982 0.105947 
21528 0.0299708 -0.19322 
21529 0.0315496 -0.0940079 
21530 0.0328048 0.00543001 
21531 0.0337585 0.104405 
21532 0.112118 -0.193524 
21533 0.113711 -0.0944609 
21534 0.114499 0.00478536 
21535 0.115605 0.102333 
21536 0.194496 -0.194385 
21537 0.195023 -0.0950557 
21538 0.195994 0.00278358 
21539 0.196071 0.100695 
21540 -0.130212 -0.191353 
21541 -0.128448 -0.0938906 
21542 -0.126907 0.00237426 
21543 -0.125368 0.0974454 
21544 -0.0498921 -0.191518 
21545 -0.0482609 -0.0950927 
21546 -0.0468003 0.00113184 
21547 -0.0452048 0.0961844 
21548 0.0296328 -0.191304 
21549 0.0313126 -0.0959145 
21550 0.0327241 -0.000970564 
21551 0.0335599 0.0941715 
21552 0.108824 -0.19192 
21553 0.109843 -0.0965518 
21554 0.111486 -0.00137365 
21555 0.111697 0.092597 
21556 0.187345 -0.192702 
21557 0.188154 -0.0977603 
21558 0.188775 -0.00327786 
21559 0.188951 0.0910478 
21560 -0.124623 -0.189272 
21561 -0.122983 -0.0963553 
21562 -0.121039 -0.00340022 
21563 -0.119704 0.0881864 
21564 -0.0476086 -0.189242 
21565 -0.0453176 -0.0970077 
21566 -0.0444018 -0.0043337 
21567 -0.0432226 0.0870248 
21568 0.0293878 -0.190433 
21569 0.0310928 -0.0979795 
21570 0.0316639 -0.00640887 
21571 0.0328258 0.0848031 
21572 0.105789 -0.190255 
21573 0.106547 -0.0984375 
21574 0.107707 -0.00689826 
21575 0.108146 0.0837635 
21576 0.180229 -0.190173 
21577 0.180994 -0.0989811 
21578 0.181788 -0.00882821 
21579 0.182454 0.0815416 
21580 -0.119892 -0.188166 
21581 -0.118457 -0.0980092 
21582 -0.116712 -0.0080698 
21583 -0.115147 0.0804885 
21584 -0.0448443 -0.187478 
21585 -0.0437285 -0.0987009 
21586 -0.0417581 -0.009545 
21587 -0.0406692 0.078937 
21588 0.028538 -0.188155 
21589 0.0296227 -0.0994862 
21590 0.0310799 -0.0112558 
21591 0.0328231 0.0770852 
21592 0.101511 -0.188237 
21593 0.1028 -0.0994979 
21594 0.103942 -0.0118846 
21595 0.104549 0.074887 
21596 0.174292 -0.188955 
21597 0.174478 -0.100942 
21598 0.175092 -0.0135293 
21599 0.176411 0.0733581 
21600 -0.115241 -0.186095 
21601 -0.113808 -0.0996436 
21602 -0.11182 -0.0126301 
21603 -0.110882 0.0725009 
21604 -0.0431034 -0.186109 
21605 -0.0414402 -0.0994615 
21606 -0.0408843 -0.0140688 
21607 -0.0391174 0.0706033 
21608 0.0281374 -0.18618 
21609 0.0287507 -0.100984 
21610 0.0305496 -0.0157846 
21611 0.0312081 0.0697038 
21612 0.0982952 -0.1869 
21613 0.0992017 -0.100766 
21614 0.100183 -0.0161428 
21615 0.101147 0.0681621 
21616 0.167922 -0.186232 
21617 0.169065 -0.101885 
21618 0.169558 -0.0179116 
21619 0.169477 0.066514 
21620 -0.111424 -0.183864 
21621 -0.109588 -0.100091 
21622 -0.107904 -0.0174778 
21623 -0.106412 0.0654548 
21624 -0.0416371 -0.184021 
21625 -0.0402287 -0.101244 
21626 -0.0390179 -0.0184366 
21627 -0.0374576 0.064315 
21628 0.0273403 -0.184459 
21629 0.0280085 -0.10135 
21630 0.0296227 -0.0190227 
21631 0.0298551 0.0627979 
21632 0.094953 -0.184823 
21633 0.0961156 -0.101998 
21634 0.0969831 -0.0204884 
21635 0.0975522 0.0610922 
21636 0.162656 -0.184306 
21637 0.163122 -0.103007 
21638 0.163371 -0.0214081 
21639 0.16342 0.0594647 
21640 -0.108282 -0.182421 
21641 -0.106286 -0.101393 
21642 -0.105278 -0.0210659 
21643 -0.103857 0.0590447 
21644 -0.0401407 -0.182623 
21645 -0.039185 -0.101218 
21646 -0.0380055 -0.0214774 
21647 -0.0373136 0.0583143 
21648 0.0258165 -0.182703 
21649 0.0271424 -0.101761 
21650 0.0277974 -0.022411 
21651 0.0285455 0.0561904 
21652 0.0916866 -0.181963 
21653 0.0929244 -0.102408 
21654 0.0927861 -0.0236036 
21655 0.0933579 0.0546824 
21656 0.156232 -0.182765 
21657 0.157289 -0.103285 
21658 0.157157 -0.0249781 
21659 0.15758 0.0530494 
21660 -0.104734 -0.179843 
21661 -0.103392 -0.101276 
21662 -0.101709 -0.0233755 
21663 -0.100367 0.0533068 
21664 -0.0399822 -0.180537 
21665 -0.0383446 -0.101789 
21666 -0.0370998 -0.0242629 
21667 -0.0365461 0.0521925 
21668 0.0244456 -0.179884 
21669 0.0258288 -0.103073 
21670 0.0267502 -0.0256791 
21671 0.0270138 0.0510349 
21672 0.0883984 -0.180066 
21673 0.0893513 -0.103018 
21674 0.0899987 -0.0265442 
21675 0.0900192 0.0499174 
21676 0.151445 -0.179799 
21677 0.151695 -0.104068 
21678 0.152078 -0.027439 
21679 0.152147 0.0481967 
