21340 -0.333061 -0.21617 
21341 -0.333631 -0.0169865 
21342 -0.333351 0.183216 
21343 -0.333629 0.383596 
21344 -0.166239 -0.216823 
21345 -0.16643 -0.0163064 
21346 -0.167099 0.183566 
21347 -0.166571 0.383174 
21348 -4.65123e-05 -0.216622 
21349 4.11835e-05 -0.016972 
21350 -0.000472241 0.183203 
21351 -0.0004679 0.383129 
21352 0.167123 -0.216197 
21353 0.166948 -0.016838 
21354 0.166518 0.182924 
21355 0.166336 0.383 
21356 0.33287 -0.217024 
21357 0.33331 -0.016434 
21358 0.332997 0.183115 
21359 0.332973 0.383235 
21360 -0.300768 -0.213065 
21361 -0.300913 -0.0279906 
21362 -0.300413 0.156462 
21363 -0.299699 0.340636 
21364 -0.146683 -0.213172 
21365 -0.146556 -0.0287656 
21366 -0.146016 0.155663 
21367 -0.145868 0.340411 
21368 0.00712735 -0.212936 
21369 0.00783416 -0.0283653 
21370 0.00795567 0.15569 
21371 0.00780257 0.339665 
21372 0.160482 -0.212673 
21373 0.161186 -0.0284141 
21374 0.161064 0.155508 
21375 0.161656 0.33899 
21376 0.314113 -0.213157 
21377 0.313959 -0.0294357 
21378 0.314068 0.155064 
21379 0.314661 0.338909 
21380 -0.273048 -0.209743 
21381 -0.272956 -0.0381547 
21382 -0.27149 0.133975 
21383 -0.270739 0.304755 
21384 -0.130559 -0.209574 
21385 -0.129038 -0.037961 
21386 -0.129309 0.132585 
21387 -0.128644 0.303391 
21388 0.0127072 -0.209968 
21389 0.0127318 -0.0384197 
21390 0.0139436 0.132042 
21391 0.0143373 0.303195 
21392 0.155493 -0.210012 
21393 0.155295 -0.0394393 
21394 0.156296 0.131999 
21395 0.156462 0.301593 
21396 0.297468 -0.210096 
21397 0.297319 -0.038951 
21398 0.297856 0.130735 
21399 0.297939 0.301627 
21400 -0.249851 -0.206566 
21401 -0.249303 -0.0458288 
21402 -0.248439 0.113439 
21403 -0.246921 0.273273 
21404 -0.115975 -0.206448 
21405 -0.115372 -0.0469016 
21406 -0.114881 0.11276 
21407 -0.114093 0.27241 
21408 0.0171396 -0.206653 
21409 0.0183065 -0.0469293 
21410 0.0183308 0.112152 
21411 0.0193017 0.271163 
21412 0.150008 -0.207578 
21413 0.15075 -0.0478237 
21414 0.15128 0.110988 
21415 0.151034 0.270327 
21416 0.282435 -0.207466 
21417 0.282933 -0.0477452 
21418 0.282667 0.11075 
21419 0.283609 0.269126 
21420 -0.230135 -0.204309 
21421 -0.228217 -0.0533198 
21422 -0.227656 0.0963922 
21423 -0.226097 0.246052 
21424 -0.104004 -0.204398 
21425 -0.103075 -0.0535963 
21426 -0.102749 0.0951516 
21427 -0.100925 0.244909 
21428 0.0209839 -0.204291 
21429 0.0215816 -0.054297 
21430 0.0224949 0.0951166 
21431 0.0233613 0.244036 
21432 0.145091 -0.204788 
21433 0.145904 -0.0549191 
21434 0.146654 0.093582 
21435 0.147308 0.241979 
21436 0.268818 -0.204406 
21437 0.26881 -0.0562147 
21438 0.269125 0.0930819 
21439 0.269902 0.24082 
21440 -0.211993 -0.20197 
21441 -0.211278 -0.0593155 
21442 -0.209905 0.0818175 
21443 -0.20901 0.222051 
21444 -0.0939611 -0.202154 
21445 -0.093195 -0.0603206 
21446 -0.0914811 0.0802912 
21447 -0.0913355 0.2205 
21448 0.0233691 -0.201495 
21449 0.0247958 -0.0612565 
21450 0.0256223 0.0795073 
21451 0.0260989 0.219127 
21452 0.140903 -0.201553 
21453 0.141348 -0.0613617 
21454 0.142034 0.0782018 
21455 0.142221 0.217942 
21456 0.256715 -0.201747 
21457 0.256641 -0.0619443 
21458 0.257524 0.0777266 
21459 0.258184 0.216467 
21460 -0.196781 -0.198746 
21461 -0.196272 -0.0655225 
21462 -0.194148 0.0688323 
21463 -0.192881 0.201654 
21464 -0.0850055 -0.19966 
21465 -0.0838932 -0.0659889 
21466 -0.0825911 0.0677525 
21467 -0.0819521 0.200258 
21468 0.0259381 -0.199595 
21469 0.0261678 -0.0662304 
21470 0.0276785 0.0666964 
21471 0.0285104 0.198362 
21472 0.136084 -0.199445 
21473 0.137161 -0.0669779 
21474 0.137842 0.0656334 
21475 0.138037 0.19716 
21476 0.245708 -0.199602 
21477 0.245912 -0.0678798 
21478 0.246797 0.0644611 
21479 0.247526 0.195552 
21480 -0.183625 -0.197281 
21481 -0.182211 -0.0702231 
21482 -0.180788 0.0567572 
21483 -0.179477 0.182283 
21484 -0.0774547 -0.197493 
21485 -0.0763742 -0.0705202 
21486 -0.0754569 0.0558818 
21487 -0.0740578 0.181532 
21488 0.0272848 -0.197342 
21489 0.0281665 -0.0711958 
21490 0.0294054 0.0546363 
21491 0.0305655 0.179918 
21492 0.132217 -0.197064 
21493 0.132254 -0.0716904 
21494 0.133147 0.0533299 
21495 0.134039 0.177771 
21496 0.235825 -0.19735 
21497 0.235897 -0.0728172 
21498 0.236751 0.0526246 
21499 0.237029 0.176012 
21500 -0.171744 -0.194314 
21501 -0.170629 -0.073948 
21502 -0.168814 0.0469218 
21503 -0.167694 0.166444 
21504 -0.0715663 -0.195278 
21505 -0.0698031 -0.0744256 
21506 -0.0691455 0.0456345 
21507 -0.0675912 0.164933 
21508 0.0285852 -0.194847 
21509 0.0293058 -0.0750956 
21510 0.0301539 0.0440959 
21511 0.0309568 0.163075 
21512 0.127368 -0.194899 
21513 0.128172 -0.0755206 
21514 0.129367 0.0433167 
21515 0.129518 0.161315 
21516 0.226285 -0.195626 
21517 0.226772 -0.0760886 
21518 0.227242 0.0422775 
21519 0.227389 0.159615 
21520 -0.162103 -0.192906 
21521 -0.160126 -0.0773668 
21522 -0.159079 0.037323 
21523 -0.157707 0.151498 
21524 -0.066269 -0.192489 
21525 -0.064265 -0.0775363 
21526 -0.0635716 0.0361687 
21527 -0.061988 0.149544 
21528 0.0296597 -0.192255 
21529 0.0303333 -0.0782324 
21530 0.0315847 0.0355806 
21531 0.0326019 0.147817 
21532 0.123469 -0.192627 
21533 0.124188 -0.0792873 
21534 0.125364 0.0341082 
21535 0.125364 0.146265 
21536 0.217407 -0.192597 
21537 0.217573 -0.0800237 
21538 0.217862 0.0325586 
21539 0.218731 0.145108 
21540 -0.152576 -0.190492 
21541 -0.151654 -0.0801055 
21542 -0.149662 0.0295941 
21543 -0.1482 0.137587 
21544 -0.0615623 -0.190188 
21545 -0.0601482 -0.0808016 
21546 -0.0583686 0.0279924 
21547 -0.0573196 0.136296 
21548 0.0296802 -0.19021 
21549 0.0307391 -0.081659 
21550 0.0312374 0.0268009 
21551 0.0321819 0.134891 
21552 0.119765 -0.1909 
21553 0.120455 -0.0824107 
21554 0.120967 0.0258426 
21555 0.121932 0.132895 
21556 0.208637 -0.190725 
21557 0.209844 -0.0822683 
21558 0.210242 0.0243594 
21559 0.210364 0.131336 
21560 -0.144472 -0.187822 
21561 -0.143224 -0.0823412 
21562 -0.141883 0.0220568 
21563 -0.140456 0.126207 
21564 -0.0567112 -0.187818 
21565 -0.0554556 -0.0828602 
21566 -0.0545439 0.0212989 
21567 -0.0536875 0.124529 
21568 0.0300927 -0.187983 
21569 0.0310152 -0.0837953 
21570 0.0312704 0.0195347 
21571 0.0330204 0.123403 
21572 0.115668 -0.188534 
21573 0.116593 -0.0844939 
21574 0.117397 0.018891 
21575 0.118171 0.121583 
21576 0.201587 -0.187924 
21577 0.201616 -0.0852985 
21578 0.201893 0.0178308 
21579 0.20291 0.120311 
21580 -0.137616 -0.186098 
21581 -0.136337 -0.0847499 
21582 -0.134973 0.0154207 
21583 -0.133877 0.115014 
21584 -0.053551 -0.186418 
21585 -0.0524951 -0.0849913 
21586 -0.0512909 0.0147664 
21587 -0.0498129 0.113848 
21588 0.0302084 -0.185729 
21589 0.0307184 -0.085489 
21590 0.0316619 0.0136991 
21591 0.0321252 0.111938 
21592 0.112454 -0.185875 
21593 0.113238 -0.086848 
21594 0.113506 0.0123837 
21595 0.114468 0.110461 
21596 0.194084 -0.186146 
21597 0.194071 -0.0867229 
21598 0.194931 0.01139 
21599 0.194966 0.109207 
21600 -0.130793 -0.183658 
21601 -0.130169 -0.0869369 
21602 -0.128778 0.0102444 
21603 -0.126835 0.105725 
21604 -0.0504009 -0.183401 
21605 -0.0497606 -0.0876495 
21606 -0.0481341 0.00844721 
21607 -0.047015 0.103745 
21608 0.029986 -0.183733 
21609 0.030209 -0.0876838 
21610 0.0311788 0.00746938 
21611 0.0323412 0.102941 
21612 0.108404 -0.183398 
21613 0.109691 -0.0883162 
21614 0.109897 0.00652345 
21615 0.109993 0.101412 
21616 0.186674 -0.183397 
21617 0.187134 -0.0882379 
21618 0.187859 0.00564911 
21619 0.187824 0.100084 
21620 -0.125324 -0.18207 
21621 -0.124817 -0.0877825 
21622 -0.122665 0.00430393 
21623 -0.121739 0.0970201 
21624 -0.0482334 -0.181159 
21625 -0.0473463 -0.0881278 
21626 -0.0456091 0.00369918 
21627 -0.0449273 0.0958263 
21628 0.0292407 -0.18161 
21629 0.0297664 -0.0887879 
21630 0.0300127 0.0030506 
21631 0.0310833 0.0936496 
21632 0.105375 -0.180883 
21633 0.105826 -0.0893265 
21634 0.106438 0.00236812 
21635 0.106645 0.0931768 
21636 0.17989 -0.18139 
21637 0.180352 -0.0893146 
21638 0.180971 0.000924367 
21639 0.180867 0.0915477 
21640 -0.120483 -0.179782 
21641 -0.119316 -0.0897311 
21642 -0.118018 0.000544281 
21643 -0.117067 0.0887189 
21644 -0.0458942 -0.179244 
21645 -0.045184 -0.0896347 
21646 -0.0435359 -0.00113484 
21647 -0.0432319 0.0875963 
21648 0.0286856 -0.178956 
21649 0.0290571 -0.0898984 
21650 0.0295317 -0.00195778 
21651 0.0302249 0.0861293 
21652 0.101953 -0.17866 
21653 0.101509 -0.0902271 
21654 0.102005 -0.00220213 
21655 0.102425 0.0847798 
21656 0.174256 -0.178566 
21657 0.173753 -0.0904386 
21658 0.17447 -0.00321201 
21659 0.174605 0.0840782 
21660 -0.116014 -0.17699 
21661 -0.115382 -0.0905668 
21662 -0.113724 -0.00400574 
21663 -0.112439 0.0819222 
21664 -0.0440691 -0.177007 
21665 -0.0427509 -0.0904976 
21666 -0.042682 -0.00468725 
21667 -0.0411358 0.0806498 
21668 0.027901 -0.176214 
21669 0.0279533 -0.0906122 
21670 0.0285228 -0.00558193 
21671 0.0294975 0.0797535 
21672 0.0977825 -0.176841 
21673 0.0986729 -0.0914465 
21674 0.0990975 -0.00647721 
21675 0.0988189 0.0778885 
21676 0.168322 -0.176216 
21677 0.167593 -0.0914389 
21678 0.168415 -0.00642861 
21679 0.168415 0.0769907 
21680 -0.111842 -0.17528 
21681 -0.111068 -0.0908866 
21682 -0.110067 -0.00716682 
21683 -0.109299 0.0758872 
21684 -0.0425908 -0.174055 
21685 -0.0414506 -0.0908001 
21686 -0.0405914 -0.00845964 
21687 -0.0401263 0.0739679 
21688 0.0264863 -0.174236 
21689 0.0269477 -0.0907862 
21690 0.0271774 -0.00867276 
21691 0.0283754 0.0726805 
21692 0.0949182 -0.173588 
21693 0.0948452 -0.0911408 
21694 0.0955489 -0.00986234 
21695 0.0953802 0.0721872 
21696 0.16197 -0.173212 
21697 0.162299 -0.0913423 
21698 0.161914 -0.0105703 
21699 0.161753 0.0704748 
21700 -0.108591 -0.171985 
21701 -0.107918 -0.0912741 
21702 -0.10681 -0.0108972 
21703 -0.105828 0.0697221 
21704 -0.0415286 -0.172425 
21705 -0.0406701 -0.0914702 
21706 -0.0403815 -0.0111266 
21707 -0.039078 0.0685783 
21708 0.0252789 -0.171292 
21709 0.0254693 -0.0914292 
21710 0.0258724 -0.011832 
21711 0.0263976 0.067428 
21712 0.0914043 -0.171161 
21713 0.0910908 -0.091385 
21714 0.0919187 -0.0123618 
21715 0.0920462 0.0658276 
21716 0.156687 -0.171488 
21717 0.156594 -0.0912552 
21718 0.156161 -0.012792 
21719 0.156195 0.0654494 
21720 -0.105845 -0.169591 
21721 -0.104596 -0.0916307 
21722 -0.104615 -0.0131115 
21723 -0.103451 0.0640674 
21724 -0.0409022 -0.169958 
21725 -0.0402387 -0.0910323 
21726 -0.0393462 -0.0139348 
21727 -0.0385405 0.0631457 
21728 0.024262 -0.169204 
21729 0.0244245 -0.0913099 
21730 0.0250855 -0.0140202 
21731 0.0252959 0.0621236 
21732 0.0881582 -0.16906 
21733 0.088038 -0.0916951 
21734 0.0881485 -0.0144358 
21735 0.0878878 0.0615462 
21736 0.150398 -0.168374 
21737 0.150325 -0.091473 
21738 0.150317 -0.0149558 
21739 0.15047 0.0602679 
