21420 -0.333596 -0.216293 
21421 -0.33342 -0.0165846 
21422 -0.333345 0.183787 
21423 -0.333333 0.382963 
21424 -0.167081 -0.216866 
21425 -0.167107 -0.0170832 
21426 -0.16658 0.183143 
21427 -0.166475 0.383678 
21428 4.42543e-05 -0.216787 
21429 0.000333665 -0.0166815 
21430 5.76109e-05 0.183766 
21431 0.000339002 0.383233 
21432 0.166492 -0.216896 
21433 0.16617 -0.0170411 
21434 0.166548 0.183711 
21435 0.16637 0.383335 
21436 0.33335 -0.216302 
21437 0.333762 -0.0163073 
21438 0.3334 0.18379 
21439 0.333389 0.383187 
21440 -0.301256 -0.211842 
21441 -0.300389 -0.0263374 
21442 -0.299951 0.157877 
21443 -0.300426 0.342448 
21444 -0.147321 -0.211748 
21445 -0.146373 -0.0272868 
21446 -0.146447 0.158043 
21447 -0.146159 0.342002 
21448 0.00659637 -0.211654 
21449 0.00715848 -0.0271608 
21450 0.00727146 0.157306 
21451 0.00795464 0.341572 
21452 0.16025 -0.212008 
21453 0.161193 -0.0274291 
21454 0.160935 0.156778 
21455 0.16086 0.340876 
21456 0.314127 -0.212178 
21457 0.314376 -0.0271263 
21458 0.314245 0.156621 
21459 0.314249 0.340931 
21460 -0.273629 -0.206801 
21461 -0.273081 -0.0354109 
21462 -0.273102 0.136319 
21463 -0.271863 0.307424 
21464 -0.130901 -0.207582 
21465 -0.129879 -0.0351209 
21466 -0.129244 0.135737 
21467 -0.12869 0.30621 
21468 0.01197 -0.207655 
21469 0.0126578 -0.0356621 
21470 0.0131874 0.134963 
21471 0.0131184 0.305542 
21472 0.154583 -0.206978 
21473 0.155336 -0.0361543 
21474 0.155063 0.134822 
21475 0.155186 0.30491 
21476 0.296995 -0.206834 
21477 0.297077 -0.0366476 
21478 0.297211 0.13428 
21479 0.296969 0.304205 
21480 -0.250417 -0.203061 
21481 -0.249659 -0.042619 
21482 -0.248995 0.118089 
21483 -0.248189 0.277293 
21484 -0.117008 -0.203051 
21485 -0.115649 -0.0427633 
21486 -0.114993 0.117008 
21487 -0.11484 0.275997 
21488 0.0171824 -0.20323 
21489 0.0177318 -0.0429208 
21490 0.0176727 0.116056 
21491 0.0176778 0.2751 
21492 0.149591 -0.203193 
21493 0.150108 -0.0436143 
21494 0.150583 0.115437 
21495 0.150487 0.274512 
21496 0.282558 -0.203088 
21497 0.282526 -0.043504 
21498 0.282318 0.115099 
21499 0.282204 0.273473 
21500 -0.230208 -0.199841 
21501 -0.229897 -0.0491535 
21502 -0.228739 0.101948 
21503 -0.228329 0.251612 
21504 -0.104569 -0.199347 
21505 -0.103792 -0.0490526 
21506 -0.103146 0.100688 
21507 -0.10306 0.2502 
21508 0.0202867 -0.199457 
21509 0.0207311 -0.0496661 
21510 0.0210621 0.100548 
21511 0.0220576 0.248992 
21512 0.14442 -0.198883 
21513 0.145355 -0.050089 
21514 0.145019 0.098979 
21515 0.145256 0.247849 
21516 0.26901 -0.199422 
21517 0.269235 -0.050221 
21518 0.268518 0.0986526 
21519 0.269277 0.247237 
21520 -0.212992 -0.195827 
21521 -0.212712 -0.0538531 
21522 -0.210962 0.0871437 
21523 -0.210044 0.228774 
21524 -0.0952155 -0.195747 
21525 -0.0944525 -0.0544624 
21526 -0.093581 0.0870504 
21527 -0.0920903 0.227758 
21528 0.0233386 -0.195566 
21529 0.0238224 -0.0544684 
21530 0.0243723 0.085687 
21531 0.0241522 0.226268 
21532 0.14001 -0.195662 
21533 0.140192 -0.0549735 
21534 0.141147 0.0850405 
21535 0.141063 0.225285 
21536 0.256203 -0.195225 
21537 0.256245 -0.0551195 
21538 0.256506 0.0850734 
21539 0.256395 0.224062 
21540 -0.198178 -0.192835 
21541 -0.197156 -0.0584954 
21542 -0.196043 0.0756541 
21543 -0.195117 0.20855 
21544 -0.08587 -0.192595 
21545 -0.08494 -0.0588827 
21546 -0.0841668 0.0742313 
21547 -0.0844033 0.207392 
21548 0.0247093 -0.192054 
21549 0.0253748 -0.0593151 
21550 0.0258746 0.0739608 
21551 0.026832 0.2062 
21552 0.135833 -0.19254 
21553 0.136302 -0.0589496 
21554 0.136044 0.0735104 
21555 0.136263 0.205139 
21556 0.245024 -0.192095 
21557 0.245122 -0.0597232 
21558 0.245469 0.0718884 
21559 0.245453 0.203332 
21560 -0.185192 -0.189835 
21561 -0.184328 -0.062006 
21562 -0.183491 0.0650007 
21563 -0.1817 0.190646 
21564 -0.0791584 -0.188915 
21565 -0.0784967 -0.0619216 
21566 -0.0774497 0.064366 
21567 -0.0762268 0.189251 
21568 0.0269611 -0.188634 
21569 0.0271913 -0.0630355 
21570 0.0279882 0.0628967 
21571 0.0283488 0.187979 
21572 0.131095 -0.189185 
21573 0.131413 -0.0629843 
21574 0.131609 0.0623096 
21575 0.131677 0.187131 
21576 0.235304 -0.188405 
21577 0.235595 -0.0634527 
21578 0.234993 0.0612946 
21579 0.235602 0.18596 
21580 -0.172991 -0.18591 
21581 -0.172587 -0.0646222 
21582 -0.171098 0.0549731 
21583 -0.170313 0.175106 
21584 -0.0721725 -0.186059 
21585 -0.0717851 -0.0652047 
21586 -0.0710866 0.0543294 
21587 -0.0702514 0.173519 
21588 0.0277766 -0.185452 
21589 0.0282277 -0.0659483 
21590 0.0283311 0.0542267 
21591 0.0296461 0.173042 
21592 0.127247 -0.185523 
21593 0.127087 -0.0657909 
21594 0.127198 0.0533342 
21595 0.127706 0.171797 
21596 0.226053 -0.185839 
21597 0.225489 -0.0660949 
21598 0.225311 0.0522772 
21599 0.225906 0.170808 
21600 -0.162801 -0.183222 
21601 -0.162645 -0.0675594 
21602 -0.161699 0.0471245 
21603 -0.160528 0.161726 
21604 -0.0664423 -0.183351 
21605 -0.0663531 -0.0679368 
21606 -0.0653882 0.0467381 
21607 -0.0649954 0.16019 
21608 0.0289236 -0.182456 
21609 0.0289555 -0.0678221 
21610 0.029687 0.0453975 
21611 0.0301347 0.15897 
21612 0.122959 -0.18211 
21613 0.123601 -0.068309 
21614 0.12327 0.0452276 
21615 0.123529 0.157462 
21616 0.216565 -0.181755 
21617 0.21697 -0.068725 
21618 0.217207 0.0445406 
21619 0.216983 0.156564 
21620 -0.154336 -0.180166 
21621 -0.152858 -0.0697355 
21622 -0.152581 0.0394678 
21623 -0.151384 0.148646 
21624 -0.0626323 -0.18027 
21625 -0.0617908 -0.0700624 
21626 -0.0610652 0.0393592 
21627 -0.0600746 0.147256 
21628 0.0291027 -0.179862 
21629 0.0292618 -0.0700402 
21630 0.0295929 0.0388582 
21631 0.0300017 0.146426 
21632 0.118936 -0.178983 
21633 0.118964 -0.0703383 
21634 0.119016 0.0375985 
21635 0.119606 0.145823 
21636 0.208583 -0.179117 
21637 0.208683 -0.070853 
21638 0.208121 0.0374035 
21639 0.208286 0.144 
21640 -0.145731 -0.177154 
21641 -0.14571 -0.0718114 
21642 -0.144584 0.033013 
21643 -0.143599 0.137948 
21644 -0.0578597 -0.17642 
21645 -0.0578582 -0.0717555 
21646 -0.0572673 0.0331668 
21647 -0.0566923 0.136237 
21648 0.0289986 -0.176727 
21649 0.029066 -0.0713115 
21650 0.0301177 0.0321348 
21651 0.029879 0.135806 
21652 0.11518 -0.175761 
21653 0.115276 -0.0723438 
21654 0.115836 0.0311125 
21655 0.114996 0.134078 
21656 0.200809 -0.175218 
21657 0.200887 -0.0720949 
21658 0.200077 0.0313749 
21659 0.199917 0.132899 
21660 -0.139146 -0.174192 
21661 -0.138147 -0.0725489 
21662 -0.137622 0.0282547 
21663 -0.137097 0.127914 
21664 -0.054499 -0.173729 
21665 -0.0538423 -0.0727189 
21666 -0.0536157 0.0267532 
21667 -0.0536285 0.12713 
21668 0.0292499 -0.173386 
21669 0.0294883 -0.0734039 
21670 0.0288563 0.026199 
21671 0.0292292 0.125555 
21672 0.111969 -0.172635 
21673 0.111634 -0.0729813 
21674 0.111225 0.0259235 
21675 0.110969 0.124952 
21676 0.193125 -0.172676 
21677 0.193481 -0.0731343 
21678 0.192575 0.025388 
21679 0.193057 0.123329 
21680 -0.132599 -0.17151 
21681 -0.132288 -0.0737258 
21682 -0.131508 0.0226479 
21683 -0.130512 0.118599 
21684 -0.0518099 -0.170676 
21685 -0.0510141 -0.0742863 
21686 -0.0507501 0.0223287 
21687 -0.0501427 0.118284 
21688 0.028108 -0.170677 
21689 0.0284391 -0.0742423 
21690 0.0290739 0.021726 
21691 0.0289518 0.117262 
21692 0.108099 -0.169522 
21693 0.107847 -0.0740985 
21694 0.107151 0.0210078 
21695 0.107519 0.1159 
21696 0.186787 -0.168995 
21697 0.185759 -0.0735755 
21698 0.1857 0.020394 
21699 0.185337 0.115418 
21700 -0.126942 -0.168237 
21701 -0.126883 -0.0745851 
21702 -0.126465 0.0182465 
21703 -0.125705 0.110777 
21704 -0.0489924 -0.167329 
21705 -0.0487181 -0.07438 
21706 -0.0486771 0.0179396 
21707 -0.0479652 0.110158 
21708 0.028304 -0.167521 
21709 0.0283186 -0.074428 
21710 0.0283352 0.0176792 
21711 0.0282148 0.109339 
21712 0.104663 -0.166687 
21713 0.104148 -0.0739538 
21714 0.104254 0.0169518 
21715 0.103163 0.108078 
21716 0.179936 -0.165558 
21717 0.179376 -0.0746628 
21718 0.179042 0.016401 
21719 0.178558 0.106936 
21720 -0.122274 -0.165374 
21721 -0.121406 -0.0745429 
21722 -0.121843 0.0151083 
21723 -0.120594 0.104042 
21724 -0.0474107 -0.164404 
21725 -0.0474336 -0.0749646 
21726 -0.0470602 0.0138906 
21727 -0.0468441 0.102743 
21728 0.027586 -0.164435 
21729 0.0268245 -0.0747588 
21730 0.0271627 0.013668 
21731 0.0266393 0.102531 
21732 0.10029 -0.16383 
21733 0.100213 -0.0747444 
21734 0.0995897 0.0132994 
21735 0.0998346 0.101395 
21736 0.173703 -0.162286 
21737 0.172807 -0.0739503 
21738 0.171849 0.0134436 
21739 0.171137 0.100592 
21740 -0.11804 -0.162855 
21741 -0.117813 -0.0754787 
21742 -0.117275 0.011274 
21743 -0.116433 0.0977332 
21744 -0.0458118 -0.161863 
21745 -0.0448986 -0.074828 
21746 -0.0455071 0.0112734 
21747 -0.044916 0.0968696 
21748 0.0259832 -0.161228 
21749 0.0259796 -0.0750935 
21750 0.0258396 0.0108382 
21751 0.0254996 0.0961819 
21752 0.097312 -0.159676 
21753 0.0964147 -0.0741681 
21754 0.0961303 0.0105929 
21755 0.0963081 0.0953453 
21756 0.166922 -0.158975 
21757 0.166036 -0.0741168 
21758 0.165325 0.0104141 
21759 0.165544 0.0941046 
21760 -0.114256 -0.159293 
21761 -0.114059 -0.0754009 
21762 -0.113403 0.00900877 
21763 -0.113583 0.0918391 
21764 -0.0435834 -0.158533 
21765 -0.0443597 -0.0745227 
21766 -0.0442297 0.00795156 
21767 -0.0441221 0.0908113 
21768 0.0250608 -0.157967 
21769 0.0247192 -0.074015 
21770 0.0250336 0.00834586 
21771 0.0240239 0.0897941 
21772 0.0939036 -0.156512 
21773 0.0935305 -0.074244 
21774 0.0921753 0.00822178 
21775 0.0924859 0.0895204 
21776 0.161383 -0.155795 
21777 0.160409 -0.0741924 
21778 0.159269 0.00785502 
21779 0.158618 0.0892133 
21780 -0.110371 -0.156296 
21781 -0.110359 -0.0746505 
21782 -0.110559 0.00611792 
21783 -0.110186 0.0861437 
21784 -0.042502 -0.1554 
21785 -0.0433014 -0.0748447 
21786 -0.0429466 0.00606421 
21787 -0.0430928 0.0855502 
21788 0.023905 -0.155008 
21789 0.0240483 -0.0743309 
21790 0.0234898 0.00629875 
21791 0.0224292 0.0847271 
21792 0.0902332 -0.15372 
21793 0.0895698 -0.0736536 
21794 0.0888609 0.00545425 
21795 0.0879506 0.0841125 
21796 0.155323 -0.152667 
21797 0.154313 -0.0732309 
21798 0.15367 0.00562357 
21799 0.152633 0.0841892 
21800 -0.107885 -0.15284 
21801 -0.10807 -0.0742202 
21802 -0.108021 0.00379057 
21803 -0.10736 0.0817411 
21804 -0.0417861 -0.152255 
21805 -0.0421661 -0.0733865 
21806 -0.0421641 0.00435212 
21807 -0.0431757 0.0814565 
21808 0.0230281 -0.151235 
21809 0.0219247 -0.0736274 
21810 0.0219349 0.00404066 
21811 0.0216939 0.08041 
21812 0.0869039 -0.14994 
21813 0.0860378 -0.072917 
21814 0.0847729 0.00390669 
21815 0.0841647 0.0800586 
21816 0.149381 -0.149244 
21817 0.14835 -0.0729265 
21818 0.147506 0.00369984 
21819 0.146629 0.0801051 
