21460 -0.332952 -0.217096 
21461 -0.332901 -0.0162905 
21462 -0.333583 0.183101 
21463 -0.33378 0.382953 
21464 -0.16633 -0.21622 
21465 -0.166584 -0.0164992 
21466 -0.166902 0.183752 
21467 -0.166232 0.38364 
21468 0.000108385 -0.216235 
21469 -7.90731e-05 -0.0170828 
21470 -7.62149e-05 0.18291 
21471 -3.98576e-05 0.383788 
21472 0.166284 -0.216702 
21473 0.166606 -0.0161838 
21474 0.166888 0.18293 
21475 0.167156 0.383527 
21476 0.333184 -0.216374 
21477 0.333704 -0.0166053 
21478 0.333296 0.183567 
21479 0.333548 0.383668 
21480 -0.301606 -0.211361 
21481 -0.300912 -0.0264172 
21482 -0.300944 0.159158 
21483 -0.299944 0.342964 
21484 -0.147475 -0.210433 
21485 -0.147323 -0.0257821 
21486 -0.14711 0.158167 
21487 -0.146758 0.34257 
21488 0.00728375 -0.210862 
21489 0.0069179 -0.0265653 
21490 0.00727007 0.158059 
21491 0.0068859 0.342678 
21492 0.160919 -0.21065 
21493 0.160121 -0.0260985 
21494 0.161072 0.158167 
21495 0.161188 0.342374 
21496 0.313849 -0.21116 
21497 0.313567 -0.0260094 
21498 0.313713 0.157602 
21499 0.313584 0.341221 
21500 -0.27406 -0.206012 
21501 -0.273704 -0.0338038 
21502 -0.273528 0.138153 
21503 -0.273037 0.308743 
21504 -0.130433 -0.206036 
21505 -0.130633 -0.0337345 
21506 -0.129527 0.136926 
21507 -0.129601 0.308311 
21508 0.0119958 -0.205215 
21509 0.0121797 -0.0336235 
21510 0.0129291 0.136913 
21511 0.0127987 0.307388 
21512 0.154688 -0.20498 
21513 0.154898 -0.0344729 
21514 0.154658 0.137039 
21515 0.155127 0.307021 
21516 0.296695 -0.205817 
21517 0.29656 -0.0349102 
21518 0.297206 0.135759 
21519 0.296702 0.306352 
21520 -0.251481 -0.200671 
21521 -0.249992 -0.0398363 
21522 -0.250156 0.120037 
21523 -0.2495 0.279451 
21524 -0.116581 -0.201128 
21525 -0.116332 -0.0399855 
21526 -0.116393 0.119135 
21527 -0.115136 0.278512 
21528 0.0164067 -0.20058 
21529 0.0168353 -0.0402998 
21530 0.0171158 0.118753 
21531 0.0173637 0.278085 
21532 0.149658 -0.200309 
21533 0.150162 -0.0413485 
21534 0.149547 0.118563 
21535 0.150157 0.277465 
21536 0.282535 -0.200459 
21537 0.281688 -0.0413925 
21538 0.281831 0.118272 
21539 0.281706 0.27629 
21540 -0.230789 -0.196767 
21541 -0.230138 -0.0453183 
21542 -0.229991 0.104584 
21543 -0.229034 0.254253 
21544 -0.105578 -0.196637 
21545 -0.10518 -0.0456916 
21546 -0.10368 0.104231 
21547 -0.10375 0.25348 
21548 0.0197792 -0.195879 
21549 0.0201639 -0.04608 
21550 0.0210648 0.103304 
21551 0.0209724 0.252068 
21552 0.144177 -0.19555 
21553 0.14428 -0.0461804 
21554 0.145 0.103164 
21555 0.145415 0.251911 
21556 0.268354 -0.196322 
21557 0.268483 -0.0463939 
21558 0.267999 0.101802 
21559 0.268249 0.250203 
21560 -0.214299 -0.191995 
21561 -0.213109 -0.0504616 
21562 -0.211841 0.0908375 
21563 -0.211481 0.232496 
21564 -0.0949957 -0.192568 
21565 -0.0947526 -0.0507877 
21566 -0.0943443 0.0903184 
21567 -0.0932486 0.23149 
21568 0.0223503 -0.191954 
21569 0.0227833 -0.0505648 
21570 0.02356 0.089928 
21571 0.0236812 0.230094 
21572 0.13982 -0.191915 
21573 0.14037 -0.0504245 
21574 0.140329 0.0896809 
21575 0.140088 0.229511 
21576 0.256306 -0.19142 
21577 0.256156 -0.0513851 
21578 0.25573 0.0892063 
21579 0.255969 0.227988 
21580 -0.198616 -0.189003 
21581 -0.198351 -0.0539993 
21582 -0.196908 0.0798459 
21583 -0.196913 0.213127 
21584 -0.0868474 -0.18817 
21585 -0.0860599 -0.0542131 
21586 -0.0856775 0.0789545 
21587 -0.0850284 0.211778 
21588 0.0242397 -0.188246 
21589 0.0248597 -0.0548844 
21590 0.0252598 0.0787826 
21591 0.0255233 0.210387 
21592 0.135341 -0.187376 
21593 0.135756 -0.0545211 
21594 0.135317 0.0775552 
21595 0.135543 0.209404 
21596 0.245301 -0.187545 
21597 0.245299 -0.0551797 
21598 0.244426 0.0771263 
21599 0.245222 0.208316 
21600 -0.185531 -0.185208 
21601 -0.184494 -0.057534 
21602 -0.183718 0.0692943 
21603 -0.183182 0.196011 
21604 -0.0797126 -0.184059 
21605 -0.0792989 -0.0576882 
21606 -0.0784085 0.0689305 
21607 -0.0782166 0.194921 
21608 0.0263778 -0.184384 
21609 0.0263522 -0.057296 
21610 0.0264536 0.0687888 
21611 0.0266127 0.193466 
21612 0.131059 -0.18417 
21613 0.131418 -0.05758 
21614 0.130928 0.068005 
21615 0.131466 0.192735 
21616 0.235401 -0.183748 
21617 0.235227 -0.057305 
21618 0.235041 0.0676884 
21619 0.234338 0.19141 
21620 -0.17408 -0.181161 
21621 -0.173835 -0.060157 
21622 -0.172233 0.060893 
21623 -0.171858 0.18041 
21624 -0.0734336 -0.180952 
21625 -0.0727674 -0.0602823 
21626 -0.0722767 0.0603949 
21627 -0.071739 0.179677 
21628 0.0277527 -0.180647 
21629 0.0276296 -0.0602012 
21630 0.0276309 0.059151 
21631 0.0276969 0.178388 
21632 0.127122 -0.179511 
21633 0.12652 -0.059979 
21634 0.126506 0.0591729 
21635 0.127044 0.177167 
21636 0.225076 -0.179435 
21637 0.225548 -0.0603823 
21638 0.225212 0.058399 
21639 0.224124 0.176261 
21640 -0.1643 -0.177401 
21641 -0.16289 -0.0617792 
21642 -0.162827 0.0530565 
21643 -0.162216 0.167014 
21644 -0.0674737 -0.17677 
21645 -0.0676506 -0.0617091 
21646 -0.0671804 0.0523249 
21647 -0.0662962 0.166687 
21648 0.0284337 -0.17697 
21649 0.0286018 -0.0620117 
21650 0.0287214 0.0517293 
21651 0.0286587 0.165492 
21652 0.123173 -0.175715 
21653 0.122362 -0.062413 
21654 0.122804 0.0517012 
21655 0.121975 0.163841 
21656 0.216683 -0.175982 
21657 0.216482 -0.0624387 
21658 0.215527 0.0509179 
21659 0.215269 0.163161 
21660 -0.154902 -0.174313 
21661 -0.154795 -0.0634101 
21662 -0.153979 0.0459372 
21663 -0.153475 0.155431 
21664 -0.0631622 -0.173627 
21665 -0.06208 -0.0634536 
21666 -0.0621748 0.0455601 
21667 -0.0615991 0.154166 
21668 0.0281322 -0.172727 
21669 0.0286674 -0.0636091 
21670 0.0287537 0.0455679 
21671 0.0284205 0.1538 
21672 0.118662 -0.172907 
21673 0.118238 -0.0632896 
21674 0.1182 0.0449601 
21675 0.118352 0.15199 
21676 0.208375 -0.17227 
21677 0.208261 -0.0630602 
21678 0.207726 0.0441864 
21679 0.207298 0.151149 
21680 -0.146813 -0.170594 
21681 -0.146045 -0.0651495 
21682 -0.146126 0.0405817 
21683 -0.145071 0.144579 
21684 -0.0590937 -0.170019 
21685 -0.0581655 -0.0652185 
21686 -0.0588255 0.0397861 
21687 -0.0580902 0.14394 
21688 0.0287186 -0.169679 
21689 0.0279757 -0.0650973 
21690 0.0278961 0.0396136 
21691 0.0285762 0.142618 
21692 0.11532 -0.168332 
21693 0.114272 -0.0647117 
21694 0.113863 0.039401 
21695 0.113977 0.142272 
21696 0.200175 -0.168687 
21697 0.199816 -0.0645894 
21698 0.199297 0.0390581 
21699 0.199103 0.140855 
21700 -0.140422 -0.167499 
21701 -0.14001 -0.0656032 
21702 -0.138697 0.0345419 
21703 -0.138991 0.134934 
21704 -0.0556935 -0.166932 
21705 -0.0550112 -0.0654221 
21706 -0.0552188 0.0351526 
21707 -0.0553922 0.13455 
21708 0.0280746 -0.165541 
21709 0.0284924 -0.0659533 
21710 0.0278757 0.0347218 
21711 0.0279343 0.133473 
21712 0.111161 -0.164935 
21713 0.110475 -0.065347 
21714 0.109832 0.0342813 
21715 0.110287 0.132907 
21716 0.193012 -0.164049 
21717 0.192131 -0.0650662 
21718 0.191398 0.0336651 
21719 0.190774 0.131343 
21720 -0.134185 -0.163532 
21721 -0.13361 -0.0662356 
21722 -0.133151 0.0301488 
21723 -0.132641 0.12668 
21724 -0.0524752 -0.16275 
21725 -0.0526684 -0.066632 
21726 -0.0526538 0.0302624 
21727 -0.0522521 0.125831 
21728 0.0279757 -0.162778 
21729 0.0276123 -0.0661845 
21730 0.0275561 0.0303292 
21731 0.0271349 0.124654 
21732 0.1073 -0.161491 
21733 0.106608 -0.0657422 
21734 0.105895 0.0297037 
21735 0.106007 0.124762 
21736 0.185489 -0.160915 
21737 0.185206 -0.0655881 
21738 0.184074 0.0298586 
21739 0.183829 0.123544 
21740 -0.127952 -0.160454 
21741 -0.128277 -0.0663142 
21742 -0.127615 0.0260849 
21743 -0.127937 0.118563 
21744 -0.0505608 -0.160183 
21745 -0.0500504 -0.0660444 
21746 -0.0505249 0.0261603 
21747 -0.0497499 0.118155 
21748 0.0276533 -0.158444 
21749 0.0267622 -0.0663574 
21750 0.0261409 0.0265244 
21751 0.025856 0.117253 
21752 0.10383 -0.158374 
21753 0.103138 -0.0660388 
21754 0.102347 0.0260382 
21755 0.101631 0.116505 
21756 0.178922 -0.157037 
21757 0.178608 -0.0653147 
21758 0.177737 0.025588 
21759 0.176695 0.115988 
21760 -0.123844 -0.157266 
21761 -0.122801 -0.0667778 
21762 -0.122729 0.0231416 
21763 -0.123472 0.112245 
21764 -0.0476952 -0.155913 
21765 -0.048066 -0.0660073 
21766 -0.04841 0.0227828 
21767 -0.0484542 0.111704 
21768 0.0267171 -0.154971 
21769 0.0257498 -0.0658819 
21770 0.0258661 0.0225502 
21771 0.024991 0.111412 
21772 0.1004 -0.154456 
21773 0.0995363 -0.0651533 
21774 0.098666 0.0224804 
21775 0.0983225 0.11049 
21776 0.172947 -0.153691 
21777 0.171595 -0.065308 
21778 0.170612 0.0222563 
21779 0.170343 0.109454 
21780 -0.119094 -0.154247 
21781 -0.119234 -0.0661297 
21782 -0.118865 0.0201238 
21783 -0.119461 0.106276 
21784 -0.0466927 -0.152676 
21785 -0.0467237 -0.0659927 
21786 -0.0473524 0.0201452 
21787 -0.0468221 0.105582 
21788 0.0254332 -0.151534 
21789 0.0247228 -0.0654664 
21790 0.0246368 0.0204149 
21791 0.0238007 0.105437 
21792 0.0958605 -0.150929 
21793 0.0952265 -0.0650449 
21794 0.0952542 0.0204147 
21795 0.0938064 0.104647 
21796 0.166569 -0.149973 
21797 0.165882 -0.0650875 
21798 0.164366 0.0197049 
21799 0.163911 0.104252 
21800 -0.11517 -0.150354 
21801 -0.115352 -0.0657635 
21802 -0.11579 0.0173058 
21803 -0.115575 0.100901 
21804 -0.0455247 -0.14927 
21805 -0.0454573 -0.0654602 
21806 -0.0452715 0.0179056 
21807 -0.046503 0.100049 
21808 0.0239001 -0.148808 
21809 0.023513 -0.0654798 
21810 0.0225988 0.0177162 
21811 0.022142 0.0997706 
21812 0.093009 -0.147719 
21813 0.0922354 -0.0640759 
21814 0.0906416 0.017546 
21815 0.0906883 0.0991393 
21816 0.160604 -0.146669 
21817 0.159622 -0.0643083 
21818 0.15795 0.0175727 
21819 0.156871 0.0989662 
21820 -0.111375 -0.147416 
21821 -0.111613 -0.0652752 
21822 -0.112427 0.0151215 
21823 -0.112173 0.0957094 
21824 -0.0439271 -0.145653 
21825 -0.0445788 -0.0645557 
21826 -0.0445413 0.0151799 
21827 -0.0449841 0.0952516 
21828 0.0232426 -0.145209 
21829 0.0225672 -0.0638161 
21830 0.0219478 0.0159756 
21831 0.0212707 0.0954387 
21832 0.0891111 -0.14318 
21833 0.0879092 -0.0640159 
21834 0.0870557 0.0157767 
21835 0.0859186 0.0945364 
21836 0.155015 -0.142466 
21837 0.153327 -0.0625512 
21838 0.152512 0.0156513 
21839 0.150688 0.094238 
21840 -0.108909 -0.143245 
21841 -0.109309 -0.0645134 
21842 -0.109758 0.0135062 
21843 -0.110091 0.0914635 
21844 -0.043397 -0.14204 
21845 -0.044213 -0.0634982 
21846 -0.0439409 0.0138634 
21847 -0.0452702 0.0915116 
21848 0.0219768 -0.140868 
21849 0.0213321 -0.0627368 
21850 0.0204057 0.013894 
21851 0.0190757 0.0911853 
21852 0.0858561 -0.140136 
21853 0.0845697 -0.0625392 
21854 0.0832322 0.0146966 
21855 0.0823623 0.0905029 
21856 0.149466 -0.138853 
21857 0.147491 -0.061952 
21858 0.14616 0.0142991 
21859 0.145594 0.0902132 
