2160 -0.333037 -0.21633 
2161 -0.333171 -0.0166709 
2162 -0.333831 0.183029 
2163 -0.333769 0.382871 
2164 -0.166555 -0.216638 
2165 -0.166712 -0.0165922 
2166 -0.166423 0.182999 
2167 -0.16671 0.383505 
2168 9.72211e-05 -0.216278 
2169 -0.000394093 -0.0171579 
2170 -0.000269674 0.183023 
2171 -0.00024101 0.383399 
2172 0.166759 -0.216264 
2173 0.166355 -0.0168862 
2174 0.166546 0.183055 
2175 0.167038 0.382933 
2176 0.333076 -0.216974 
2177 0.333534 -0.0164672 
2178 0.333808 0.183295 
2179 0.333589 0.383434 
2180 -0.325547 -0.204037 
2181 -0.326195 -0.0202124 
2182 -0.32584 0.163633 
2183 -0.326612 0.34852 
2184 -0.171468 -0.203929 
2185 -0.172118 -0.0194876 
2186 -0.172322 0.164227 
2187 -0.173189 0.348581 
2188 -0.0181548 -0.203407 
2189 -0.01877 -0.0188326 
2190 -0.0193071 0.164288 
2191 -0.019741 0.348307 
2192 0.135196 -0.203026 
2193 0.134045 -0.0187559 
2194 0.134338 0.164691 
2195 0.133319 0.348453 
2196 0.287867 -0.201477 
2197 0.287637 -0.0179574 
2198 0.28706 0.164732 
2199 0.285753 0.349001 
2200 -0.318711 -0.193432 
2201 -0.319753 -0.0231583 
2202 -0.320261 0.147454 
2203 -0.322012 0.31866 
2204 -0.175986 -0.192401 
2205 -0.177094 -0.0216851 
2206 -0.178423 0.148443 
2207 -0.179196 0.319398 
2208 -0.0338227 -0.191304 
2209 -0.0351163 -0.0207683 
2210 -0.0362414 0.14942 
2211 -0.0374958 0.31963 
2212 0.1071 -0.190494 
2213 0.106153 -0.0204768 
2214 0.105334 0.149353 
2215 0.104348 0.319077 
2216 0.248611 -0.189475 
2217 0.247342 -0.0195969 
2218 0.246623 0.150326 
2219 0.246239 0.319413 
2220 -0.313159 -0.183623 
2221 -0.315059 -0.024633 
2222 -0.315795 0.134138 
2223 -0.317371 0.293402 
2224 -0.18079 -0.181856 
2225 -0.181579 -0.0232622 
2226 -0.183294 0.135519 
2227 -0.184847 0.293472 
2228 -0.0479631 -0.181146 
2229 -0.0497932 -0.0228268 
2230 -0.0507859 0.135458 
2231 -0.0524522 0.294511 
2232 0.0829757 -0.179316 
2233 0.0822904 -0.0210298 
2234 0.0810748 0.136342 
2235 0.079692 0.294774 
2236 0.214547 -0.177691 
2237 0.21283 -0.0200825 
2238 0.212381 0.137754 
2239 0.210959 0.295072 
2240 -0.308695 -0.174606 
2241 -0.31051 -0.0257905 
2242 -0.312499 0.123066 
2243 -0.31405 0.271848 
2244 -0.184647 -0.173262 
2245 -0.186596 -0.0249776 
2246 -0.188497 0.123432 
2247 -0.190147 0.272064 
2248 -0.0607877 -0.17137 
2249 -0.0627712 -0.0235651 
2250 -0.0640458 0.124945 
2251 -0.0663335 0.273225 
2252 0.0620276 -0.169456 
2253 0.0601836 -0.0213751 
2254 0.0586019 0.125549 
2255 0.0573297 0.27323 
2256 0.184495 -0.168067 
2257 0.182686 -0.0207832 
2258 0.181243 0.126895 
2259 0.180137 0.274577 
2260 -0.306089 -0.167002 
2261 -0.307967 -0.0265346 
2262 -0.310193 0.113125 
2263 -0.311877 0.253333 
2264 -0.189152 -0.164107 
2265 -0.190364 -0.0256138 
2266 -0.192589 0.11378 
2267 -0.194186 0.25378 
2268 -0.0726044 -0.162596 
2269 -0.0740812 -0.0236932 
2270 -0.0764037 0.115541 
2271 -0.0780407 0.254439 
2272 0.042733 -0.160924 
2273 0.0417124 -0.022444 
2274 0.0396906 0.116867 
2275 0.0377392 0.255526 
2276 0.158001 -0.158455 
2277 0.156402 -0.0201217 
2278 0.15412 0.118054 
2279 0.152686 0.255655 
2280 -0.303371 -0.158654 
2281 -0.305688 -0.02689 
2282 -0.307852 0.104888 
2283 -0.31003 0.236976 
2284 -0.192271 -0.156894 
2285 -0.19438 -0.02562 
2286 -0.197256 0.106248 
2287 -0.199061 0.237985 
2288 -0.0825238 -0.154363 
2289 -0.0851389 -0.0234306 
2290 -0.0872368 0.107671 
2291 -0.08923 0.238562 
2292 0.0262489 -0.152575 
2293 0.0243286 -0.0221647 
2294 0.0216502 0.108963 
2295 0.0194289 0.239614 
2296 0.133819 -0.150485 
2297 0.13229 -0.0203025 
2298 0.130697 0.109687 
2299 0.127999 0.240541 
2300 -0.300587 -0.152483 
2301 -0.303489 -0.0273975 
2302 -0.306154 0.0977963 
2303 -0.308345 0.222667 
2304 -0.196394 -0.149648 
2305 -0.199237 -0.0253796 
2306 -0.201644 0.0994377 
2307 -0.203446 0.223806 
2308 -0.0928473 -0.14673 
2309 -0.0948752 -0.0235055 
2310 -0.0976523 0.100218 
2311 -0.099311 0.224214 
2312 0.0109276 -0.144724 
2313 0.0081297 -0.021233 
2314 0.00574202 0.102031 
2315 0.00321682 0.226094 
2316 0.112918 -0.142057 
2317 0.110616 -0.0192957 
2318 0.108081 0.103528 
2319 0.106717 0.227181 
2320 -0.29907 -0.145898 
2321 -0.301842 -0.0270146 
2322 -0.304427 0.0914553 
2323 -0.307297 0.209921 
2324 -0.20016 -0.142361 
2325 -0.202418 -0.0248708 
2326 -0.205605 0.0928328 
2327 -0.208264 0.211219 
2328 -0.101167 -0.140426 
2329 -0.104174 -0.0229376 
2330 -0.106051 0.0948477 
2331 -0.10941 0.212808 
2332 -0.00357522 -0.13741 
2333 -0.0064954 -0.0204046 
2334 -0.00836685 0.0967378 
2335 -0.0107972 0.213852 
2336 0.093511 -0.134974 
2337 0.0911103 -0.0184027 
2338 0.088211 0.0975948 
2339 0.0864155 0.215152 
2340 -0.298349 -0.139579 
2341 -0.300907 -0.0265419 
2342 -0.304077 0.0858734 
2343 -0.30705 0.198875 
2344 -0.203912 -0.136847 
2345 -0.20598 -0.0240476 
2346 -0.208912 0.0876089 
2347 -0.212137 0.20026 
2348 -0.110155 -0.133583 
2349 -0.112282 -0.0218059 
2350 -0.115273 0.0893519 
2351 -0.117848 0.201626 
2352 -0.0164515 -0.131168 
2353 -0.0192711 -0.0201691 
2354 -0.0215692 0.0913748 
2355 -0.0241067 0.202965 
2356 0.0748202 -0.128645 
2357 0.0730119 -0.0172248 
2358 0.0699585 0.0936138 
2359 0.068341 0.204215 
2360 -0.297244 -0.132659 
2361 -0.300901 -0.0255398 
2362 -0.303957 0.0816444 
2363 -0.306109 0.189059 
2364 -0.207527 -0.130426 
2365 -0.210226 -0.0231934 
2366 -0.21247 0.0839494 
2367 -0.216357 0.191333 
2368 -0.117897 -0.126946 
2369 -0.12074 -0.0215246 
2370 -0.123294 0.0859722 
2371 -0.126123 0.192413 
2372 -0.0293651 -0.124372 
2373 -0.0314604 -0.0188435 
2374 -0.0339424 0.0874664 
2375 -0.0370256 0.194045 
2376 0.0592396 -0.121927 
2377 0.0567277 -0.0162329 
2378 0.0538057 0.0887888 
2379 0.0511337 0.195507 
2380 -0.296525 -0.12722 
2381 -0.300108 -0.0249219 
2382 -0.302829 0.0783967 
2383 -0.306936 0.18109 
2384 -0.210517 -0.123991 
2385 -0.2133 -0.0219989 
2386 -0.217054 0.0796414 
2387 -0.219334 0.182403 
2388 -0.125468 -0.121033 
2389 -0.128411 -0.019967 
2390 -0.130931 0.0817525 
2391 -0.133964 0.184441 
2392 -0.0404999 -0.118238 
2393 -0.0434615 -0.0178593 
2394 -0.0457477 0.0839589 
2395 -0.0490026 0.185803 
2396 0.0433288 -0.11594 
2397 0.0411938 -0.0150456 
2398 0.0381737 0.0856724 
2399 0.0350725 0.186546 
2400 -0.296486 -0.121814 
2401 -0.299963 -0.0235554 
2402 -0.303036 0.0746798 
2403 -0.3064 0.173339 
2404 -0.213895 -0.118922 
2405 -0.217402 -0.020752 
2406 -0.220593 0.0772382 
2407 -0.223638 0.175263 
2408 -0.131849 -0.115664 
2409 -0.135188 -0.0185562 
2410 -0.137888 0.079264 
2411 -0.140918 0.176749 
2412 -0.0510377 -0.112419 
2413 -0.0537505 -0.0164271 
2414 -0.0564418 0.0805814 
2415 -0.0593464 0.178534 
2416 0.0298442 -0.109999 
2417 0.026746 -0.0135294 
2418 0.0242117 0.0826159 
2419 0.0207503 0.180119 
2420 -0.296441 -0.116439 
2421 -0.299779 -0.0222333 
2422 -0.303759 0.0717359 
2423 -0.30723 0.167145 
2424 -0.217157 -0.113197 
2425 -0.220209 -0.0192379 
2426 -0.22403 0.0738707 
2427 -0.227438 0.168362 
2428 -0.138429 -0.110153 
2429 -0.142137 -0.0166426 
2430 -0.14448 0.0767693 
2431 -0.147811 0.169824 
2432 -0.0608697 -0.107154 
2433 -0.0641165 -0.0141813 
2434 -0.0667612 0.07888 
2435 -0.0694553 0.171813 
2436 0.0161154 -0.104036 
2437 0.0138309 -0.0122426 
2438 0.0101582 0.080449 
2439 0.00774111 0.173407 
2440 -0.29694 -0.111467 
2441 -0.300773 -0.0204787 
2442 -0.303924 0.0702383 
2443 -0.306989 0.161004 
2444 -0.220808 -0.108352 
2445 -0.224063 -0.0181377 
2446 -0.227747 0.0724073 
2447 -0.230892 0.16269 
2448 -0.144832 -0.105203 
2449 -0.148136 -0.0154678 
2450 -0.151469 0.0747806 
2451 -0.154699 0.164375 
2452 -0.0704424 -0.101586 
2453 -0.0728025 -0.0121872 
2454 -0.0758821 0.0765617 
2455 -0.0790676 0.166411 
2456 0.00415193 -0.0989895 
2457 0.00109032 -0.00966937 
2458 -0.00188741 0.0784204 
2459 -0.00489955 0.168267 
2460 -0.297391 -0.106049 
2461 -0.300622 -0.0193459 
2462 -0.304707 0.0688473 
2463 -0.308057 0.155626 
2464 -0.224005 -0.102313 
2465 -0.22714 -0.0164319 
2466 -0.230384 0.0707585 
2467 -0.234527 0.157343 
2468 -0.150932 -0.0998701 
2469 -0.154505 -0.0130513 
2470 -0.157354 0.073181 
2471 -0.160795 0.159228 
2472 -0.0795021 -0.0969266 
2473 -0.0819897 -0.010385 
2474 -0.0850316 0.0747485 
2475 -0.0881054 0.161549 
2476 -0.0081965 -0.0938372 
2477 -0.0106061 -0.00803304 
2478 -0.0142413 0.0767981 
2479 -0.0172211 0.162683 
2480 -0.298054 -0.10128 
2481 -0.301317 -0.0172585 
2482 -0.305382 0.066854 
2483 -0.308841 0.151234 
2484 -0.227393 -0.0973169 
2485 -0.230792 -0.0144493 
2486 -0.233531 0.069827 
2487 -0.237376 0.15385 
2488 -0.157047 -0.0941538 
2489 -0.160609 -0.0120932 
2490 -0.163196 0.0713481 
2491 -0.167253 0.1553 
2492 -0.0874384 -0.0911896 
2493 -0.0904851 -0.0086229 
2494 -0.0942421 0.0740066 
2495 -0.09697 0.157084 
2496 -0.0188771 -0.0887164 
2497 -0.0220201 -0.00655594 
2498 -0.0253831 0.0765105 
2499 -0.0278497 0.158711 
2500 -0.298711 -0.0964363 
2501 -0.30235 -0.0150529 
2502 -0.305971 0.0661574 
2503 -0.309629 0.147848 
2504 -0.230202 -0.0926895 
2505 -0.233603 -0.0127702 
2506 -0.236926 0.0684662 
2507 -0.2406 0.14977 
2508 -0.162857 -0.0892013 
2509 -0.165372 -0.00999508 
2510 -0.169537 0.0711514 
2511 -0.172671 0.151259 
2512 -0.0952095 -0.0861121 
2513 -0.0986877 -0.00727496 
2514 -0.101931 0.0734268 
2515 -0.104824 0.152822 
2516 -0.0288872 -0.0837553 
2517 -0.0318858 -0.00434962 
2518 -0.0354279 0.0747082 
2519 -0.038602 0.155215 
2520 -0.300244 -0.0910097 
2521 -0.303916 -0.0130605 
2522 -0.307091 0.0657026 
2523 -0.311208 0.144326 
2524 -0.233302 -0.0882622 
2525 -0.23744 -0.00991001 
2526 -0.240166 0.0675172 
2527 -0.244535 0.146127 
2528 -0.168097 -0.0848558 
2529 -0.171794 -0.00703776 
2530 -0.174948 0.0701905 
2531 -0.178339 0.148093 
2532 -0.103468 -0.0820056 
2533 -0.106453 -0.00461818 
2534 -0.109541 0.0720479 
2535 -0.112475 0.14955 
2536 -0.038978 -0.0781429 
2537 -0.0425798 -0.00242548 
2538 -0.045507 0.0747611 
2539 -0.0485764 0.151988 
2540 -0.300475 -0.0859058 
2541 -0.304979 -0.0112318 
2542 -0.30846 0.0650761 
2543 -0.31253 0.141513 
2544 -0.236915 -0.0826875 
2545 -0.240133 -0.00771103 
2546 -0.244024 0.067055 
2547 -0.247517 0.142864 
2548 -0.172866 -0.0797599 
2549 -0.176481 -0.00478658 
2550 -0.180453 0.0696025 
2551 -0.183451 0.14483 
2552 -0.110705 -0.0765634 
2553 -0.113766 -0.00246245 
2554 -0.116589 0.0715792 
2555 -0.119943 0.147187 
2556 -0.0487282 -0.0740472 
2557 -0.0520347 3.983e-06 
2558 -0.0550416 0.0746892 
2559 -0.0577676 0.148628 
