21640 -0.333205 -0.216684 
21641 -0.333625 -0.0166906 
21642 -0.332928 0.182849 
21643 -0.333023 0.383015 
21644 -0.166259 -0.216467 
21645 -0.166985 -0.0170773 
21646 -0.167071 0.182914 
21647 -0.166583 0.38369 
21648 -0.000376788 -0.216973 
21649 -0.00030389 -0.0171537 
21650 4.52504e-05 0.183351 
21651 -0.000447182 0.383329 
21652 0.166431 -0.216468 
21653 0.166902 -0.0170789 
21654 0.166953 0.183625 
21655 0.166274 0.382999 
21656 0.332929 -0.216283 
21657 0.333207 -0.0167129 
21658 0.332951 0.18308 
21659 0.333709 0.382889 
21660 -0.30245 -0.20606 
21661 -0.302184 -0.0206622 
21662 -0.302102 0.164117 
21663 -0.301999 0.348109 
21664 -0.147646 -0.20566 
21665 -0.147417 -0.0212113 
21666 -0.148114 0.163509 
21667 -0.147882 0.347868 
21668 0.00622055 -0.205957 
21669 0.00621081 -0.0209585 
21670 0.0064156 0.164234 
21671 0.00637704 0.348505 
21672 0.16004 -0.205333 
21673 0.159574 -0.0208306 
21674 0.159969 0.163941 
21675 0.159583 0.347939 
21676 0.313253 -0.204993 
21677 0.313069 -0.0206038 
21678 0.313331 0.163959 
21679 0.313452 0.347926 
21680 -0.276104 -0.196312 
21681 -0.276091 -0.0243953 
21682 -0.275863 0.147477 
21683 -0.275557 0.319111 
21684 -0.132569 -0.195813 
21685 -0.132646 -0.0240645 
21686 -0.132219 0.147538 
21687 -0.132019 0.318804 
21688 0.01145 -0.19546 
21689 0.0111375 -0.0235903 
21690 0.0113101 0.147718 
21691 0.011041 0.318246 
21692 0.154394 -0.195282 
21693 0.1539 -0.0243368 
21694 0.15343 0.147806 
21695 0.15263 0.31785 
21696 0.296902 -0.1947 
21697 0.296493 -0.023669 
21698 0.295443 0.147521 
21699 0.295145 0.318086 
21700 -0.253692 -0.188397 
21701 -0.253642 -0.0263583 
21702 -0.253641 0.134072 
21703 -0.253479 0.293675 
21704 -0.118447 -0.187406 
21705 -0.119424 -0.0265283 
21706 -0.119453 0.134195 
21707 -0.119219 0.293778 
21708 0.0147033 -0.186672 
21709 0.0146145 -0.0258493 
21710 0.0139737 0.133446 
21711 0.0141569 0.292846 
21712 0.148297 -0.185845 
21713 0.147777 -0.0258727 
21714 0.147046 0.133936 
21715 0.146812 0.292579 
21716 0.280902 -0.185636 
21717 0.280622 -0.0252986 
21718 0.279713 0.133377 
21719 0.279131 0.292545 
21720 -0.234108 -0.179891 
21721 -0.234136 -0.028418 
21722 -0.234204 0.122154 
21723 -0.233519 0.272554 
21724 -0.107593 -0.1794 
21725 -0.107871 -0.0277733 
21726 -0.107609 0.122099 
21727 -0.1084 0.272449 
21728 0.0182909 -0.178193 
21729 0.0172448 -0.0278091 
21730 0.0169645 0.122351 
21731 0.0166279 0.27169 
21732 0.142726 -0.177204 
21733 0.142674 -0.0275427 
21734 0.141852 0.121678 
21735 0.141527 0.271343 
21736 0.267504 -0.176972 
21737 0.266524 -0.0268569 
21738 0.266078 0.121804 
21739 0.26546 0.270585 
21740 -0.217025 -0.17214 
21741 -0.217129 -0.0300729 
21742 -0.216872 0.112326 
21743 -0.216919 0.254027 
21744 -0.0975578 -0.171965 
21745 -0.0985605 -0.0289955 
21746 -0.0988873 0.112106 
21747 -0.098744 0.253581 
21748 0.0205393 -0.170698 
21749 0.0197821 -0.0291718 
21750 0.0190041 0.112602 
21751 0.0185799 0.253212 
21752 0.138302 -0.169479 
21753 0.137048 -0.0284232 
21754 0.136573 0.112178 
21755 0.135239 0.252333 
21756 0.255077 -0.169333 
21757 0.254299 -0.0282719 
21758 0.253219 0.112572 
21759 0.25208 0.251949 
21760 -0.202693 -0.165619 
21761 -0.202789 -0.0306287 
21762 -0.203013 0.10381 
21763 -0.202732 0.237723 
21764 -0.0894074 -0.164845 
21765 -0.0900439 -0.0300733 
21766 -0.0902731 0.104124 
21767 -0.0916323 0.237683 
21768 0.0219167 -0.163744 
21769 0.0214473 -0.0294901 
21770 0.020676 0.103972 
21771 0.0204847 0.23708 
21772 0.132766 -0.162361 
21773 0.131758 -0.0291981 
21774 0.131049 0.103844 
21775 0.130416 0.236199 
21776 0.243862 -0.161242 
21777 0.2427 -0.0282751 
21778 0.241687 0.104612 
21779 0.239639 0.235716 
21780 -0.189833 -0.159053 
21781 -0.189795 -0.0310316 
21782 -0.190483 0.0963309 
21783 -0.191091 0.223378 
21784 -0.08282 -0.157247 
21785 -0.0833192 -0.0300567 
21786 -0.0842491 0.0965347 
21787 -0.0849765 0.222589 
21788 0.0232822 -0.156651 
21789 0.0223688 -0.0300126 
21790 0.0214441 0.097318 
21791 0.0207157 0.22329 
21792 0.128441 -0.155369 
21793 0.127723 -0.0293536 
21794 0.126456 0.0967404 
21795 0.124997 0.222906 
21796 0.232571 -0.1545 
21797 0.23189 -0.0278084 
21798 0.230851 0.0974003 
21799 0.22876 0.222049 
21800 -0.178805 -0.152724 
21801 -0.178877 -0.0309672 
21802 -0.179724 0.0907185 
21803 -0.180325 0.211115 
21804 -0.0770959 -0.151777 
21805 -0.0779736 -0.0296592 
21806 -0.0781285 0.0904957 
21807 -0.079289 0.210238 
21808 0.0235475 -0.149661 
21809 0.0230394 -0.028755 
21810 0.022382 0.0910478 
21811 0.020983 0.210896 
21812 0.123663 -0.14889 
21813 0.122776 -0.0280581 
21814 0.12186 0.0908284 
21815 0.120685 0.210292 
21816 0.223313 -0.147568 
21817 0.221758 -0.0276098 
21818 0.22049 0.0915545 
21819 0.219044 0.209773 
21820 -0.168268 -0.146289 
21821 -0.169438 -0.0305306 
21822 -0.169463 0.085383 
21823 -0.17058 0.199932 
21824 -0.0721208 -0.145337 
21825 -0.0723324 -0.029546 
21826 -0.0729613 0.085099 
21827 -0.0738531 0.199759 
21828 0.0239602 -0.144121 
21829 0.0236365 -0.028514 
21830 0.022507 0.0862116 
21831 0.0207369 0.199658 
21832 0.119691 -0.142378 
21833 0.118079 -0.0277715 
21834 0.116858 0.0865304 
21835 0.116061 0.200092 
21836 0.213602 -0.140816 
21837 0.212694 -0.027381 
21838 0.211361 0.0870213 
21839 0.209472 0.199465 
21840 -0.15977 -0.140739 
21841 -0.160543 -0.029297 
21842 -0.161596 0.0810453 
21843 -0.162479 0.190384 
21844 -0.0670922 -0.138932 
21845 -0.06853 -0.0290015 
21846 -0.0696189 0.0812434 
21847 -0.0701705 0.19058 
21848 0.0246863 -0.138068 
21849 0.0235547 -0.0276537 
21850 0.0223797 0.0820124 
21851 0.0213 0.190128 
21852 0.115665 -0.136365 
21853 0.113745 -0.0268161 
21854 0.112733 0.0817113 
21855 0.11099 0.190063 
21856 0.205713 -0.134968 
21857 0.203343 -0.0259461 
21858 0.202262 0.0821815 
21859 0.199955 0.190294 
21860 -0.152049 -0.135154 
21861 -0.153112 -0.028662 
21862 -0.15394 0.076592 
21863 -0.154496 0.181692 
21864 -0.0631826 -0.133749 
21865 -0.0651172 -0.0280168 
21866 -0.0661273 0.0771115 
21867 -0.0672321 0.182273 
21868 0.0243449 -0.131862 
21869 0.0228103 -0.0263751 
21870 0.0217013 0.0782046 
21871 0.0205248 0.181728 
21872 0.110964 -0.130521 
21873 0.109594 -0.0252663 
21874 0.108563 0.0784048 
21875 0.106422 0.181556 
21876 0.197164 -0.129134 
21877 0.195993 -0.0242923 
21878 0.1937 0.0791572 
21879 0.192375 0.181609 
21880 -0.145099 -0.12966 
21881 -0.146323 -0.027209 
21882 -0.147924 0.0738914 
21883 -0.148832 0.17467 
21884 -0.0601213 -0.127526 
21885 -0.0615056 -0.0268183 
21886 -0.0625215 0.0742122 
21887 -0.0642302 0.174831 
21888 0.0237436 -0.126705 
21889 0.022369 -0.0254852 
21890 0.0207141 0.0751192 
21891 0.019116 0.175124 
21892 0.106796 -0.124084 
21893 0.105937 -0.0243971 
21894 0.103888 0.075739 
21895 0.102133 0.174584 
21896 0.190038 -0.122692 
21897 0.187717 -0.0232464 
21898 0.186148 0.0762777 
21899 0.183371 0.174854 
21900 -0.139206 -0.124384 
21901 -0.141101 -0.0259345 
21902 -0.141319 0.0708902 
21903 -0.1425 0.167722 
21904 -0.0577014 -0.122475 
21905 -0.0594193 -0.0245966 
21906 -0.0609227 0.0713455 
21907 -0.0619724 0.167649 
21908 0.0230774 -0.120934 
21909 0.0213326 -0.0239668 
21910 0.0199916 0.0727126 
21911 0.0187778 0.168171 
21912 0.103544 -0.119197 
21913 0.101761 -0.0224866 
21914 0.0997259 0.0730087 
21915 0.0977323 0.168591 
21916 0.182813 -0.117127 
21917 0.179996 -0.0209953 
21918 0.177994 0.0739881 
21919 0.175832 0.168731 
21920 -0.134436 -0.119499 
21921 -0.135459 -0.0245951 
21922 -0.137023 0.0684497 
21923 -0.137836 0.161913 
21924 -0.0554538 -0.117025 
21925 -0.0571477 -0.0239123 
21926 -0.0582402 0.0698716 
21927 -0.060435 0.162306 
21928 0.0223061 -0.114888 
21929 0.0205988 -0.0224185 
21930 0.018702 0.0704742 
21931 0.016834 0.162556 
21932 0.0990027 -0.113838 
21933 0.0971085 -0.0209711 
21934 0.0953541 0.0711805 
21935 0.093126 0.162969 
21936 0.174876 -0.111819 
21937 0.172942 -0.0196728 
21938 0.170677 0.0724335 
21939 0.168271 0.16366 
21940 -0.129034 -0.113962 
21941 -0.131272 -0.0235379 
21942 -0.132596 0.0672089 
21943 -0.134109 0.156822 
21944 -0.0540868 -0.112244 
21945 -0.055563 -0.0218379 
21946 -0.0569504 0.0683047 
21947 -0.0590465 0.157489 
21948 0.0213856 -0.110587 
21949 0.0191255 -0.020374 
21950 0.0177725 0.0693849 
21951 0.0157699 0.157553 
21952 0.0958151 -0.108497 
21953 0.0927989 -0.0190595 
21954 0.0909935 0.0701731 
21955 0.0887202 0.158175 
21956 0.168383 -0.106514 
21957 0.166068 -0.0172439 
21958 0.164014 0.0704266 
21959 0.161666 0.158382 
21960 -0.125233 -0.109399 
21961 -0.126702 -0.0218787 
21962 -0.128947 0.0658749 
21963 -0.130057 0.152518 
21964 -0.0519973 -0.107131 
21965 -0.0536658 -0.0195475 
21966 -0.0560484 0.0671972 
21967 -0.0571571 0.152488 
21968 0.0196435 -0.105452 
21969 0.0180644 -0.0183168 
21970 0.0165682 0.0675428 
21971 0.0137986 0.153448 
21972 0.0919243 -0.103125 
21973 0.0891468 -0.0163669 
21974 0.0875517 0.0693129 
21975 0.0851051 0.154211 
21976 0.16223 -0.100644 
21977 0.160094 -0.0151712 
21978 0.157082 0.0693542 
21979 0.154909 0.154857 
21980 -0.121777 -0.104203 
21981 -0.12368 -0.0192261 
21982 -0.125164 0.0647763 
21983 -0.127348 0.148674 
21984 -0.0506319 -0.101728 
21985 -0.0533002 -0.0177187 
21986 -0.0546372 0.0662129 
21987 -0.0564144 0.148755 
21988 0.0192734 -0.100144 
21989 0.0163055 -0.0166318 
21990 0.0148797 0.0668582 
21991 0.0123703 0.149926 
21992 0.0876608 -0.0976169 
21993 0.0857537 -0.0144447 
21994 0.0826024 0.0679789 
21995 0.080944 0.150288 
21996 0.155712 -0.0952588 
21997 0.153762 -0.0128058 
21998 0.150444 0.0687819 
21999 0.148524 0.150667 
22000 -0.118716 -0.0997036 
22001 -0.120787 -0.0170605 
22002 -0.122697 0.0637472 
22003 -0.124432 0.145412 
22004 -0.0498456 -0.097174 
22005 -0.0520586 -0.0157419 
22006 -0.0540881 0.0656918 
22007 -0.0566421 0.145641 
22008 0.0169228 -0.0947185 
22009 0.0146213 -0.0136458 
22010 0.0125524 0.0665093 
22011 0.010891 0.146664 
22012 0.0836234 -0.0923673 
22013 0.0815999 -0.0126772 
22014 0.0792898 0.0680886 
22015 0.0769828 0.146857 
22016 0.149578 -0.0907883 
22017 0.147304 -0.0108894 
22018 0.144905 0.0689373 
22019 0.141543 0.147961 
22020 -0.115559 -0.0952143 
22021 -0.117789 -0.0150533 
22022 -0.119993 0.0631916 
22023 -0.122017 0.141597 
22024 -0.0492476 -0.0924505 
22025 -0.0515545 -0.0139317 
22026 -0.0539465 0.0643897 
22027 -0.0565692 0.143178 
22028 0.0162763 -0.0906246 
22029 0.0129093 -0.0120651 
22030 0.0106491 0.0661237 
22031 0.00867464 0.143284 
22032 0.0807766 -0.0878564 
22033 0.0777362 -0.0100742 
22034 0.0753159 0.0670202 
22035 0.0724539 0.144716 
22036 0.143884 -0.0853938 
22037 0.141148 -0.00800367 
22038 0.138748 0.0687279 
22039 0.135504 0.144642 
