2180 -0.332856 -0.216732 
2181 -0.332906 -0.0166353 
2182 -0.333591 0.182914 
2183 -0.333488 0.383247 
2184 -0.166995 -0.216391 
2185 -0.166576 -0.0163722 
2186 -0.166517 0.183488 
2187 -0.166675 0.38329 
2188 -0.00042214 -0.216898 
2189 -2.09523e-05 -0.0163355 
2190 0.000284861 0.183028 
2191 0.000116016 0.383535 
2192 0.166847 -0.217104 
2193 0.166742 -0.0167346 
2194 0.166498 0.183562 
2195 0.166635 0.383604 
2196 0.333777 -0.216632 
2197 0.333298 -0.0162356 
2198 0.332956 0.183409 
2199 0.333247 0.383078 
2200 -0.325335 -0.20399 
2201 -0.325756 -0.0197401 
2202 -0.326053 0.164641 
2203 -0.326405 0.348783 
2204 -0.17123 -0.203127 
2205 -0.172387 -0.0194378 
2206 -0.172313 0.164492 
2207 -0.173283 0.349053 
2208 -0.0178607 -0.202222 
2209 -0.0192362 -0.0188177 
2210 -0.0197658 0.164772 
2211 -0.0196186 0.348767 
2212 0.134428 -0.202486 
2213 0.134566 -0.0186661 
2214 0.133817 0.164923 
2215 0.132956 0.349492 
2216 0.28775 -0.201132 
2217 0.287285 -0.0183462 
2218 0.286949 0.165444 
2219 0.285901 0.349377 
2220 -0.318577 -0.192805 
2221 -0.320082 -0.0218744 
2222 -0.321009 0.148366 
2223 -0.321478 0.319235 
2224 -0.176094 -0.191737 
2225 -0.176731 -0.0214333 
2226 -0.177723 0.149048 
2227 -0.179198 0.319678 
2228 -0.0341686 -0.190075 
2229 -0.0352431 -0.0202333 
2230 -0.0363845 0.149365 
2231 -0.0373197 0.319417 
2232 0.107758 -0.189438 
2233 0.10667 -0.0197098 
2234 0.105908 0.150102 
2235 0.104282 0.320065 
2236 0.248135 -0.188632 
2237 0.247096 -0.0184152 
2238 0.246654 0.150628 
2239 0.245434 0.320406 
2240 -0.313737 -0.182633 
2241 -0.314925 -0.0233127 
2242 -0.31638 0.135548 
2243 -0.317144 0.294845 
2244 -0.180851 -0.180703 
2245 -0.18238 -0.0223369 
2246 -0.183154 0.135777 
2247 -0.185149 0.29531 
2248 -0.0481385 -0.17922 
2249 -0.0493132 -0.0211063 
2250 -0.0507714 0.136942 
2251 -0.0520382 0.295387 
2252 0.0833165 -0.178053 
2253 0.0821631 -0.019814 
2254 0.0805503 0.137373 
2255 0.0795757 0.295893 
2256 0.214087 -0.176401 
2257 0.213175 -0.0193537 
2258 0.211627 0.138551 
2259 0.210906 0.295773 
2260 -0.309357 -0.17305 
2261 -0.311088 -0.0250308 
2262 -0.312729 0.12426 
2263 -0.314104 0.27345 
2264 -0.18509 -0.171881 
2265 -0.186827 -0.0228726 
2266 -0.188475 0.125482 
2267 -0.190207 0.274052 
2268 -0.0609576 -0.170041 
2269 -0.0629535 -0.022264 
2270 -0.0647659 0.12629 
2271 -0.0657255 0.274247 
2272 0.0622168 -0.167968 
2273 0.0599368 -0.0206023 
2274 0.0588615 0.127247 
2275 0.0578157 0.274528 
2276 0.184633 -0.16605 
2277 0.183233 -0.018934 
2278 0.181432 0.128331 
2279 0.179514 0.275666 
2280 -0.305682 -0.164978 
2281 -0.308264 -0.0253761 
2282 -0.310148 0.114714 
2283 -0.311666 0.254308 
2284 -0.189184 -0.162824 
2285 -0.191254 -0.0239219 
2286 -0.193035 0.116148 
2287 -0.194786 0.254996 
2288 -0.0720997 -0.161169 
2289 -0.0749324 -0.021651 
2290 -0.0760679 0.117144 
2291 -0.0780849 0.256081 
2292 0.0426796 -0.15926 
2293 0.0410392 -0.0205457 
2294 0.0392629 0.118372 
2295 0.0375933 0.256468 
2296 0.157308 -0.157161 
2297 0.156274 -0.0190462 
2298 0.154797 0.119425 
2299 0.153041 0.257442 
2300 -0.303522 -0.157333 
2301 -0.3053 -0.024954 
2302 -0.307455 0.106937 
2303 -0.309946 0.238734 
2304 -0.192523 -0.154632 
2305 -0.194623 -0.023844 
2306 -0.196637 0.107435 
2307 -0.199669 0.239828 
2308 -0.0825921 -0.152977 
2309 -0.0855203 -0.0215316 
2310 -0.0871719 0.10928 
2311 -0.0891742 0.240768 
2312 0.0260795 -0.150478 
2313 0.0233952 -0.0195513 
2314 0.0218425 0.110611 
2315 0.0200715 0.241004 
2316 0.134113 -0.148172 
2317 0.131658 -0.0183284 
2318 0.129676 0.112329 
2319 0.127733 0.24192 
2320 -0.301271 -0.15017 
2321 -0.303013 -0.0250213 
2322 -0.306207 0.0997831 
2323 -0.3089 0.224796 
2324 -0.196463 -0.147823 
2325 -0.199172 -0.0228007 
2326 -0.201169 0.100627 
2327 -0.203807 0.225423 
2328 -0.0923237 -0.145125 
2329 -0.0953698 -0.0214853 
2330 -0.09735 0.102434 
2331 -0.0998282 0.226226 
2332 0.0107526 -0.142062 
2333 0.00797769 -0.0190128 
2334 0.0061157 0.103781 
2335 0.00344789 0.227188 
2336 0.112095 -0.139717 
2337 0.109917 -0.0173484 
2338 0.108186 0.10564 
2339 0.106018 0.228841 
2340 -0.29936 -0.142869 
2341 -0.302306 -0.0246077 
2342 -0.304693 0.0941136 
2343 -0.307931 0.212462 
2344 -0.200286 -0.140669 
2345 -0.202334 -0.0231002 
2346 -0.205452 0.0949786 
2347 -0.207942 0.213457 
2348 -0.10177 -0.138246 
2349 -0.103952 -0.0200969 
2350 -0.106219 0.0968041 
2351 -0.109075 0.214188 
2352 -0.00372266 -0.134839 
2353 -0.00615361 -0.0183576 
2354 -0.00848022 0.0982607 
2355 -0.0115577 0.216091 
2356 0.0933848 -0.132666 
2357 0.0901642 -0.0160612 
2358 0.0888537 0.100302 
2359 0.0861857 0.217246 
2360 -0.297772 -0.136637 
2361 -0.300924 -0.023567 
2362 -0.30434 0.0891477 
2363 -0.307284 0.202038 
2364 -0.203511 -0.134157 
2365 -0.206661 -0.0220405 
2366 -0.209288 0.0905067 
2367 -0.211527 0.202643 
2368 -0.109523 -0.130541 
2369 -0.112897 -0.0200252 
2370 -0.115082 0.0923345 
2371 -0.118124 0.20461 
2372 -0.0168265 -0.128352 
2373 -0.019469 -0.0169869 
2374 -0.0222956 0.0939038 
2375 -0.0244781 0.204958 
2376 0.0745698 -0.126141 
2377 0.0723103 -0.0154074 
2378 0.0697674 0.0956241 
2379 0.0676451 0.20686 
2380 -0.297755 -0.1299 
2381 -0.299926 -0.0233047 
2382 -0.303202 0.0845908 
2383 -0.30681 0.191724 
2384 -0.207381 -0.127315 
2385 -0.210512 -0.0211331 
2386 -0.212843 0.0858577 
2387 -0.215859 0.193218 
2388 -0.118187 -0.124093 
2389 -0.120524 -0.0180111 
2390 -0.123515 0.0884944 
2391 -0.126253 0.194754 
2392 -0.0290438 -0.121291 
2393 -0.0322603 -0.0160673 
2394 -0.0346486 0.0901384 
2395 -0.037586 0.196087 
2396 0.0586463 -0.119161 
2397 0.0557667 -0.0138765 
2398 0.0533553 0.0913005 
2399 0.0510262 0.197698 
2400 -0.297305 -0.124448 
2401 -0.299756 -0.0214436 
2402 -0.303436 0.0805923 
2403 -0.306412 0.183658 
2404 -0.21102 -0.121426 
2405 -0.213575 -0.0194343 
2406 -0.216978 0.0829623 
2407 -0.219526 0.185098 
2408 -0.124969 -0.118698 
2409 -0.12769 -0.0166806 
2410 -0.130762 0.0852041 
2411 -0.13377 0.186467 
2412 -0.0405945 -0.116023 
2413 -0.0430785 -0.0145328 
2414 -0.0458874 0.0869171 
2415 -0.0485045 0.188281 
2416 0.0434579 -0.112308 
2417 0.040645 -0.0121393 
2418 0.0381593 0.0883926 
2419 0.0349201 0.18984 
2420 -0.297007 -0.118001 
2421 -0.299686 -0.0207051 
2422 -0.303583 0.077723 
2423 -0.306039 0.176967 
2424 -0.213482 -0.115181 
2425 -0.217045 -0.0179454 
2426 -0.220159 0.0800096 
2427 -0.223752 0.178541 
2428 -0.132372 -0.112566 
2429 -0.135529 -0.015501 
2430 -0.138211 0.0823081 
2431 -0.14123 0.179558 
2432 -0.0506028 -0.109372 
2433 -0.0538953 -0.0132688 
2434 -0.0564812 0.0837104 
2435 -0.0596042 0.180709 
2436 0.0290287 -0.106556 
2437 0.0264436 -0.0103021 
2438 0.0232262 0.0858083 
2439 0.020587 0.182454 
2440 -0.29676 -0.112763 
2441 -0.30008 -0.0185223 
2442 -0.303042 0.0756308 
2443 -0.306714 0.169948 
2444 -0.21739 -0.110254 
2445 -0.220405 -0.0164949 
2446 -0.223561 0.0780825 
2447 -0.227459 0.172235 
2448 -0.139145 -0.106748 
2449 -0.141537 -0.0140493 
2450 -0.145015 0.0796868 
2451 -0.148165 0.173785 
2452 -0.0611187 -0.1042 
2453 -0.0639437 -0.0113328 
2454 -0.0665692 0.0812998 
2455 -0.0698568 0.175073 
2456 0.016393 -0.100728 
2457 0.0130488 -0.00874731 
2458 0.00989254 0.0832793 
2459 0.00751622 0.176775 
2460 -0.29728 -0.107526 
2461 -0.300558 -0.017538 
2462 -0.304203 0.0733547 
2463 -0.307122 0.16482 
2464 -0.220269 -0.103984 
2465 -0.224144 -0.0148223 
2466 -0.226749 0.0752422 
2467 -0.230091 0.166393 
2468 -0.1452 -0.100829 
2469 -0.148283 -0.0123998 
2470 -0.151166 0.07783 
2471 -0.154138 0.167431 
2472 -0.0706203 -0.0985615 
2473 -0.0729648 -0.00942619 
2474 -0.0768522 0.0802798 
2475 -0.0792099 0.169105 
2476 0.0034468 -0.0948841 
2477 0.000240109 -0.00692875 
2478 -0.00178477 0.0814381 
2479 -0.00496432 0.171183 
2480 -0.29711 -0.102375 
2481 -0.300658 -0.0148234 
2482 -0.304422 0.0716681 
2483 -0.307693 0.15963 
2484 -0.223478 -0.0992233 
2485 -0.227237 -0.0126578 
2486 -0.230332 0.074498 
2487 -0.234402 0.161855 
2488 -0.151059 -0.09602 
2489 -0.154628 -0.0094884 
2490 -0.1578 0.0766159 
2491 -0.160526 0.162915 
2492 -0.0796894 -0.0927942 
2493 -0.0819239 -0.00770044 
2494 -0.0853189 0.0780278 
2495 -0.0880587 0.164423 
2496 -0.00799883 -0.0894877 
2497 -0.0109048 -0.00466952 
2498 -0.0143927 0.0801796 
2499 -0.0165051 0.166171 
2500 -0.298431 -0.0965624 
2501 -0.301753 -0.0131903 
2502 -0.305166 0.0713461 
2503 -0.309218 0.155264 
2504 -0.226701 -0.0941676 
2505 -0.230233 -0.0105792 
2506 -0.233855 0.0727567 
2507 -0.237468 0.157205 
2508 -0.157001 -0.0904943 
2509 -0.159831 -0.00783206 
2510 -0.163465 0.0753824 
2511 -0.1671 0.158275 
2512 -0.0880811 -0.0874819 
2513 -0.0908382 -0.0054842 
2514 -0.0943298 0.0777802 
2515 -0.0969238 0.160247 
2516 -0.0186793 -0.084862 
2517 -0.0216651 -0.00277836 
2518 -0.0251331 0.079109 
2519 -0.0277 0.161838 
2520 -0.299245 -0.0918935 
2521 -0.302022 -0.0113344 
2522 -0.306074 0.0698938 
2523 -0.309286 0.151319 
2524 -0.230232 -0.0889488 
2525 -0.234218 -0.00854053 
2526 -0.237524 0.0724897 
2527 -0.241168 0.153425 
2528 -0.162455 -0.0861029 
2529 -0.166199 -0.00575913 
2530 -0.169154 0.0741808 
2531 -0.172854 0.155229 
2532 -0.0952677 -0.0822095 
2533 -0.098552 -0.003205 
2534 -0.101878 0.0763948 
2535 -0.104972 0.156737 
2536 -0.0293076 -0.0791571 
2537 -0.0320632 -0.0010522 
2538 -0.0350391 0.0791044 
2539 -0.0383071 0.158804 
2540 -0.30014 -0.0871206 
2541 -0.303511 -0.00868974 
2542 -0.306802 0.0697557 
2543 -0.310604 0.148372 
2544 -0.233261 -0.0839264 
2545 -0.236729 -0.00657089 
2546 -0.240476 0.0716054 
2547 -0.243748 0.150581 
2548 -0.168137 -0.0811318 
2549 -0.171152 -0.00393787 
2550 -0.174836 0.0738941 
2551 -0.177606 0.15219 
2552 -0.103558 -0.0777249 
2553 -0.106191 -0.000664844 
2554 -0.109226 0.0762797 
2555 -0.113155 0.153654 
2556 -0.0390755 -0.0747059 
2557 -0.0421132 0.00133524 
2558 -0.0451535 0.0777835 
2559 -0.0485057 0.15557 
2560 -0.300403 -0.0820217 
2561 -0.304852 -0.0069647 
2562 -0.308119 0.0697956 
2563 -0.311602 0.145401 
2564 -0.236854 -0.0791854 
2565 -0.239742 -0.00355675 
2566 -0.244075 0.0711414 
2567 -0.247678 0.147018 
2568 -0.173124 -0.0762517 
2569 -0.177094 -0.00109822 
2570 -0.180112 0.0735525 
2571 -0.183747 0.14904 
2572 -0.110707 -0.0727415 
2573 -0.113577 0.0013119 
2574 -0.117212 0.0762232 
2575 -0.120099 0.150584 
2576 -0.0492327 -0.0698981 
2577 -0.0515555 0.00357744 
2578 -0.0551915 0.0781496 
2579 -0.0580842 0.152223 
