21920 -0.333302 -0.216606 
21921 -0.333381 -0.0171101 
21922 -0.33349 0.183643 
21923 -0.333206 0.383244 
21924 -0.167143 -0.216236 
21925 -0.16701 -0.0164998 
21926 -0.166478 0.18376 
21927 -0.166595 0.38318 
21928 -6.61693e-05 -0.216764 
21929 0.000164421 -0.0168669 
21930 0.000351871 0.183636 
21931 -0.000340026 0.383402 
21932 0.167155 -0.21634 
21933 0.166606 -0.0168804 
21934 0.166305 0.183308 
21935 0.166511 0.382887 
21936 0.333721 -0.216461 
21937 0.333322 -0.0163672 
21938 0.333333 0.18353 
21939 0.33366 0.382866 
21940 -0.303767 -0.196846 
21941 -0.304528 -0.0111971 
21942 -0.304133 0.17336 
21943 -0.304479 0.359232 
21944 -0.14947 -0.196572 
21945 -0.149457 -0.0106453 
21946 -0.149726 0.173875 
21947 -0.150157 0.359279 
21948 0.00456876 -0.195545 
21949 0.00459412 -0.0104473 
21950 0.00426102 0.174545 
21951 0.00426307 0.358679 
21952 0.159528 -0.195432 
21953 0.158257 -0.010748 
21954 0.158567 0.174468 
21955 0.158098 0.359165 
21956 0.313003 -0.195335 
21957 0.312122 -0.0097151 
21958 0.311472 0.174701 
21959 0.311576 0.359246 
21960 -0.278579 -0.179131 
21961 -0.279428 -0.00681647 
21962 -0.280353 0.166023 
21963 -0.28024 0.337987 
21964 -0.135117 -0.178013 
21965 -0.135075 -0.0062778 
21966 -0.136584 0.166717 
21967 -0.136553 0.338772 
21968 0.0086676 -0.177817 
21969 0.00781418 -0.00483922 
21970 0.00713668 0.166637 
21971 0.00701609 0.338481 
21972 0.151761 -0.176594 
21973 0.151589 -0.00458531 
21974 0.150745 0.167474 
21975 0.149378 0.339055 
21976 0.295273 -0.175436 
21977 0.294124 -0.00352222 
21978 0.293248 0.167189 
21979 0.292545 0.338885 
21980 -0.25762 -0.163137 
21981 -0.258699 -0.00152812 
21982 -0.259191 0.159871 
21983 -0.260662 0.320799 
21984 -0.123083 -0.162533 
21985 -0.1237 -0.00110439 
21986 -0.124469 0.160597 
21987 -0.125879 0.321208 
21988 0.0115169 -0.16068 
21989 0.0106662 0.000474986 
21990 0.00951576 0.161112 
21991 0.00836266 0.321475 
21992 0.145242 -0.159428 
21993 0.144631 0.000906156 
21994 0.142888 0.161582 
21995 0.142084 0.321306 
21996 0.278585 -0.158875 
21997 0.2778 0.0016782 
21998 0.276914 0.161932 
21999 0.27536 0.32212 
22000 -0.239442 -0.149288 
22001 -0.240205 0.00298618 
22002 -0.241517 0.15465 
22003 -0.24254 0.306022 
22004 -0.112146 -0.147634 
22005 -0.113665 0.00369683 
22006 -0.115082 0.1551 
22007 -0.115573 0.306472 
22008 0.0141519 -0.146228 
22009 0.0128769 0.00504007 
22010 0.0110545 0.155693 
22011 0.0100497 0.306845 
22012 0.139369 -0.14497 
22013 0.138061 0.00606909 
22014 0.136939 0.15731 
22015 0.135374 0.306854 
22016 0.264891 -0.143167 
22017 0.262985 0.00743511 
22018 0.261696 0.157319 
22019 0.259636 0.307681 
22020 -0.223534 -0.135987 
22021 -0.22438 0.00712677 
22022 -0.226236 0.150822 
22023 -0.2272 0.29373 
22024 -0.103128 -0.134365 
22025 -0.105415 0.00923332 
22026 -0.107 0.151221 
22027 -0.108534 0.294032 
22028 0.0158725 -0.132072 
22029 0.0143673 0.0099538 
22030 0.0123106 0.152189 
22031 0.0111704 0.294511 
22032 0.13422 -0.130636 
22033 0.131983 0.0111226 
22034 0.130011 0.152799 
22035 0.12825 0.294778 
22036 0.252006 -0.129342 
22037 0.24934 0.0129194 
22038 0.248057 0.154153 
22039 0.245857 0.294924 
22040 -0.209717 -0.123319 
22041 -0.210966 0.0123189 
22042 -0.213138 0.147684 
22043 -0.214139 0.282524 
22044 -0.0965364 -0.121571 
22045 -0.0979674 0.0138299 
22046 -0.0992009 0.148784 
22047 -0.100943 0.283085 
22048 0.0165525 -0.119675 
22049 0.0147911 0.0152168 
22050 0.013159 0.149523 
22051 0.0109457 0.28367 
22052 0.128605 -0.117506 
22053 0.12636 0.0162642 
22054 0.124787 0.150186 
22055 0.122228 0.284115 
22056 0.239613 -0.116052 
22057 0.237472 0.0174011 
22058 0.23495 0.151787 
22059 0.23284 0.284672 
22060 -0.197264 -0.112745 
22061 -0.198838 0.016045 
22062 -0.201212 0.144756 
22063 -0.202827 0.273155 
22064 -0.0899725 -0.110126 
22065 -0.0913449 0.0178736 
22066 -0.093717 0.146106 
22067 -0.0951855 0.274208 
22068 0.0170121 -0.108114 
22069 0.0145801 0.0197261 
22070 0.0124629 0.147279 
22071 0.0104812 0.274679 
22072 0.122777 -0.105887 
22073 0.120531 0.0216897 
22074 0.118697 0.147934 
22075 0.116291 0.275446 
22076 0.228441 -0.104179 
22077 0.226417 0.0229028 
22078 0.22396 0.149109 
22079 0.221648 0.276102 
22080 -0.186682 -0.10167 
22081 -0.189223 0.0211015 
22082 -0.190799 0.142774 
22083 -0.192952 0.264661 
22084 -0.0845707 -0.100206 
22085 -0.0864683 0.0226549 
22086 -0.0888033 0.143773 
22087 -0.0909262 0.265801 
22088 0.017079 -0.09705 
22089 0.0148121 0.0238684 
22090 0.0129774 0.145063 
22091 0.0103599 0.266372 
22092 0.118533 -0.0956019 
22093 0.115865 0.0256216 
22094 0.113561 0.146543 
22095 0.11059 0.267123 
22096 0.217978 -0.0931927 
22097 0.215124 0.0281305 
22098 0.212684 0.147757 
22099 0.210295 0.268473 
22100 -0.177236 -0.0926427 
22101 -0.180038 0.0250486 
22102 -0.181705 0.141351 
22103 -0.184029 0.258412 
22104 -0.0801905 -0.0897534 
22105 -0.0818169 0.0265241 
22106 -0.0847571 0.142531 
22107 -0.0872535 0.258696 
22108 0.017605 -0.0870946 
22109 0.014558 0.0286875 
22110 0.0122478 0.14379 
22111 0.00994526 0.260094 
22112 0.112867 -0.0849459 
22113 0.110467 0.0309288 
22114 0.107951 0.145688 
22115 0.105009 0.260928 
22116 0.208214 -0.0827746 
22117 0.206263 0.0325151 
22118 0.203489 0.146773 
22119 0.200586 0.261107 
22120 -0.169673 -0.0826773 
22121 -0.171411 0.0292342 
22122 -0.174241 0.140675 
22123 -0.176622 0.251765 
22124 -0.0753814 -0.0800201 
22125 -0.0780358 0.0308841 
22126 -0.0811294 0.14157 
22127 -0.0839625 0.253091 
22128 0.0165537 -0.0778146 
22129 0.0142237 0.0325844 
22130 0.0115859 0.143826 
22131 0.0091405 0.254118 
22132 0.10835 -0.075622 
22133 0.105298 0.0351526 
22134 0.103092 0.144964 
22135 0.100212 0.254168 
22136 0.199363 -0.0727727 
22137 0.196538 0.0365773 
22138 0.193414 0.145926 
22139 0.190649 0.255231 
22140 -0.162434 -0.0745328 
22141 -0.164714 0.0327326 
22142 -0.167786 0.139709 
22143 -0.170429 0.246289 
22144 -0.0721148 -0.0712372 
22145 -0.0749807 0.0346523 
22146 -0.0777004 0.141812 
22147 -0.0812978 0.247439 
22148 0.0159447 -0.0687777 
22149 0.0129192 0.0371942 
22150 0.0109127 0.143336 
22151 0.00792236 0.248277 
22152 0.104439 -0.0662878 
22153 0.100566 0.0393776 
22154 0.0975329 0.144927 
22155 0.0954837 0.249087 
22156 0.190691 -0.0632918 
22157 0.187953 0.0416062 
22158 0.185071 0.146432 
22159 0.18173 0.250204 
22160 -0.155395 -0.066454 
22161 -0.158745 0.0366201 
22162 -0.161124 0.139329 
22163 -0.164005 0.241471 
22164 -0.0700876 -0.063008 
22165 -0.0731725 0.0391724 
22166 -0.0760857 0.141068 
22167 -0.0781468 0.242757 
22168 0.0149379 -0.0606939 
22169 0.0124954 0.040908 
22170 0.00958916 0.142233 
22171 0.00591708 0.244151 
22172 0.0994281 -0.0577461 
22173 0.0967207 0.0435886 
22174 0.0932811 0.144546 
22175 0.0897244 0.24526 
22176 0.182361 -0.0547512 
22177 0.179566 0.0457676 
22178 0.176023 0.145804 
22179 0.173291 0.245948 
22180 -0.149867 -0.058098 
22181 -0.15292 0.0408321 
22182 -0.155723 0.138685 
22183 -0.15958 0.237735 
22184 -0.0679148 -0.0550694 
22185 -0.070863 0.0425017 
22186 -0.0740401 0.140688 
22187 -0.0763705 0.238821 
22188 0.0144122 -0.0521901 
22189 0.0106833 0.0448397 
22190 0.00798159 0.142924 
22191 0.00448287 0.239704 
22192 0.0954911 -0.0502663 
22193 0.0919449 0.0478579 
22194 0.0886385 0.144432 
22195 0.0848953 0.240842 
22196 0.174864 -0.0473086 
22197 0.171598 0.0498929 
22198 0.167897 0.146509 
22199 0.165215 0.242093 
22200 -0.144797 -0.0511477 
22201 -0.148372 0.0441779 
22202 -0.151603 0.139041 
22203 -0.155 0.234327 
22204 -0.0656052 -0.0483268 
22205 -0.0689523 0.0463818 
22206 -0.0722864 0.141455 
22207 -0.0758081 0.234974 
22208 0.0133495 -0.0452442 
22209 0.00924676 0.0487329 
22210 0.00646801 0.142604 
22211 0.00345571 0.237033 
22212 0.0903033 -0.0424996 
22213 0.0877518 0.0510677 
22214 0.084038 0.145037 
22215 0.0809161 0.237593 
22216 0.167669 -0.0396349 
22217 0.16397 0.0542615 
22218 0.160598 0.146463 
22219 0.156973 0.238838 
22220 -0.140801 -0.0434622 
22221 -0.143993 0.0476475 
22222 -0.148032 0.139229 
22223 -0.151094 0.231192 
22224 -0.0638268 -0.0406964 
22225 -0.0676472 0.0504511 
22226 -0.071355 0.141833 
22227 -0.0740852 0.232421 
22228 0.0117396 -0.0376827 
22229 0.00860041 0.0533045 
22230 0.00482136 0.143587 
22231 0.000961978 0.233732 
22232 0.0866463 -0.0351638 
22233 0.0829879 0.0553974 
22234 0.0794333 0.145774 
22235 0.07597 0.235227 
22236 0.160887 -0.0317607 
22237 0.156873 0.0579306 
22238 0.153311 0.147291 
22239 0.149906 0.23616 
22240 -0.136718 -0.037579 
22241 -0.14062 0.0515701 
22242 -0.144336 0.140293 
22243 -0.147298 0.228328 
22244 -0.0632015 -0.0340091 
22245 -0.0667722 0.053915 
22246 -0.0700317 0.141538 
22247 -0.0734919 0.229366 
22248 0.0101961 -0.031212 
22249 0.00669107 0.0570428 
22250 0.0032201 0.143892 
22251 -0.000645578 0.231151 
22252 0.0826305 -0.0277347 
22253 0.0791581 0.0596031 
22254 0.0749598 0.146355 
22255 0.0714857 0.232851 
22256 0.15378 -0.0249075 
22257 0.149627 0.0615884 
22258 0.146394 0.147893 
22259 0.142901 0.2343 
22260 -0.133847 -0.0303179 
22261 -0.13768 0.0548515 
22262 -0.141252 0.140503 
22263 -0.144437 0.226229 
22264 -0.0627764 -0.0276197 
22265 -0.0654627 0.057519 
22266 -0.0695116 0.142084 
22267 -0.0734905 0.227597 
22268 0.00790328 -0.0247207 
22269 0.00486132 0.0599187 
22270 0.00138781 0.144544 
22271 -0.00235998 0.229179 
22272 0.0786641 -0.0208421 
22273 0.0748928 0.0629124 
22274 0.0708326 0.147162 
22275 0.0668721 0.230614 
22276 0.147384 -0.0182869 
22277 0.143462 0.0656529 
22278 0.140052 0.148656 
22279 0.135728 0.232102 
22280 -0.131462 -0.024278 
22281 -0.134705 0.0585452 
22282 -0.138875 0.140803 
22283 -0.141875 0.223692 
22284 -0.0622364 -0.0211317 
22285 -0.065274 0.0608114 
22286 -0.0692101 0.14291 
22287 -0.0728804 0.224828 
22288 0.00706133 -0.0182519 
22289 0.00313988 0.0635757 
22290 -0.000817251 0.145192 
22291 -0.00467928 0.227222 
22292 0.0738559 -0.0150889 
22293 0.0703964 0.0663849 
22294 0.0665283 0.147514 
22295 0.062924 0.228524 
22296 0.140405 -0.011438 
22297 0.136845 0.0688186 
22298 0.132881 0.149817 
22299 0.129117 0.230012 
22300 -0.128854 -0.0188424 
22301 -0.132499 0.0612269 
22302 -0.135824 0.14191 
22303 -0.14042 0.222069 
22304 -0.0619527 -0.0154452 
22305 -0.0654552 0.0640557 
22306 -0.0694439 0.144096 
22307 -0.0733308 0.223673 
22308 0.00441886 -0.012265 
22309 0.00070306 0.0669479 
22310 -0.00312899 0.146523 
22311 -0.00665127 0.224972 
22312 0.0704871 -0.00896803 
22313 0.0656674 0.0696081 
22314 0.06216 0.148245 
22315 0.058644 0.226588 
22316 0.13415 -0.00576955 
22317 0.130185 0.0728676 
22318 0.126683 0.150603 
22319 0.123251 0.228791 
