22140 -0.333372 -0.217145 
22141 -0.33383 -0.0167699 
22142 -0.333093 0.183042 
22143 -0.333636 0.383431 
22144 -0.166745 -0.216909 
22145 -0.166171 -0.0161957 
22146 -0.167016 0.183437 
22147 -0.1671 0.383095 
22148 -1.2654e-05 -0.217107 
22149 3.63665e-05 -0.0163631 
22150 0.000441492 0.1833 
22151 0.000216763 0.382891 
22152 0.166715 -0.216384 
22153 0.166744 -0.0168323 
22154 0.166746 0.183267 
22155 0.166947 0.383384 
22156 0.333019 -0.21679 
22157 0.333104 -0.0165902 
22158 0.33312 0.183587 
22159 0.333473 0.383775 
22160 -0.305148 -0.190535 
22161 -0.305405 -0.00511836 
22162 -0.306359 0.180519 
22163 -0.30613 0.366352 
22164 -0.14998 -0.189871 
22165 -0.151285 -0.00460442 
22166 -0.15124 0.180527 
22167 -0.151916 0.366564 
22168 0.00422246 -0.189389 
22169 0.00351068 -0.00463073 
22170 0.00343142 0.181086 
22171 0.00222229 0.365788 
22172 0.158575 -0.188793 
22173 0.158075 -0.00364726 
22174 0.156916 0.181461 
22175 0.156939 0.366057 
22176 0.312806 -0.188128 
22177 0.312169 -0.00338443 
22178 0.311022 0.181227 
22179 0.310345 0.366245 
22180 -0.281527 -0.1674 
22181 -0.281959 0.00512556 
22182 -0.283077 0.177909 
22183 -0.284296 0.351372 
22184 -0.136552 -0.166405 
22185 -0.137897 0.00573093 
22186 -0.138934 0.17845 
22187 -0.13913 0.352007 
22188 0.00743457 -0.165643 
22189 0.00635797 0.00654907 
22190 0.00506487 0.179221 
22191 0.00443332 0.35152 
22192 0.15035 -0.164852 
22193 0.149438 0.00801133 
22194 0.14891 0.1796 
22195 0.148353 0.351705 
22196 0.294319 -0.163389 
22197 0.293063 0.00790989 
22198 0.291638 0.180021 
22199 0.290582 0.352584 
22200 -0.260942 -0.147319 
22201 -0.262138 0.0145204 
22202 -0.263204 0.177305 
22203 -0.264663 0.338554 
22204 -0.125392 -0.146034 
22205 -0.126216 0.0158364 
22206 -0.128396 0.177402 
22207 -0.12972 0.338959 
22208 0.00982613 -0.144947 
22209 0.00855215 0.017088 
22210 0.00714638 0.178023 
22211 0.00590318 0.339899 
22212 0.144129 -0.143139 
22213 0.142199 0.0183253 
22214 0.140971 0.179437 
22215 0.140069 0.340614 
22216 0.277685 -0.141913 
22217 0.276575 0.0187771 
22218 0.275066 0.179348 
22219 0.272945 0.340362 
22220 -0.243157 -0.129128 
22221 -0.244597 0.0230059 
22222 -0.246489 0.176344 
22223 -0.247887 0.328292 
22224 -0.115645 -0.127576 
22225 -0.117394 0.0244782 
22226 -0.119298 0.176553 
22227 -0.120488 0.328819 
22228 0.0108823 -0.125552 
22229 0.00952893 0.0261065 
22230 0.00766065 0.17789 
22231 0.00629572 0.329886 
22232 0.137447 -0.124309 
22233 0.135683 0.0268402 
22234 0.133615 0.179068 
22235 0.131872 0.329682 
22236 0.262368 -0.122028 
22237 0.261355 0.0284287 
22238 0.259622 0.179948 
22239 0.257675 0.330907 
22240 -0.228029 -0.112611 
22241 -0.230118 0.031316 
22242 -0.231437 0.175242 
22243 -0.233992 0.319175 
22244 -0.107295 -0.110642 
22245 -0.109438 0.032556 
22246 -0.111965 0.176814 
22247 -0.113726 0.319641 
22248 0.0120144 -0.109363 
22249 0.0105964 0.0342546 
22250 0.00862128 0.177209 
22251 0.00652665 0.320633 
22252 0.131461 -0.106478 
22253 0.129192 0.036047 
22254 0.127511 0.178928 
22255 0.125242 0.320909 
22256 0.249051 -0.105236 
22257 0.246748 0.036954 
22258 0.24514 0.179527 
22259 0.243057 0.321885 
22260 -0.214616 -0.0978947 
22261 -0.216468 0.0389343 
22262 -0.219224 0.175352 
22263 -0.221319 0.311484 
22264 -0.100478 -0.0957296 
22265 -0.102878 0.0404091 
22266 -0.104882 0.176753 
22267 -0.107071 0.312356 
22268 0.0127345 -0.0930477 
22269 0.0101822 0.0422664 
22270 0.00815273 0.177272 
22271 0.00577066 0.312907 
22272 0.124703 -0.0916851 
22273 0.122646 0.0438976 
22274 0.120254 0.178906 
22275 0.118666 0.313971 
22276 0.236844 -0.0889859 
22277 0.23429 0.0456165 
22278 0.232457 0.179952 
22279 0.230066 0.314614 
22280 -0.203098 -0.08399 
22281 -0.205964 0.045725 
22282 -0.208436 0.174584 
22283 -0.210415 0.304924 
22284 -0.0949841 -0.0816883 
22285 -0.0971796 0.0476603 
22286 -0.0996036 0.176262 
22287 -0.101769 0.305646 
22288 0.0126514 -0.079198 
22289 0.0105573 0.0495599 
22290 0.00740903 0.177451 
22291 0.0052234 0.306462 
22292 0.118983 -0.0774504 
22293 0.117076 0.0511838 
22294 0.114671 0.179522 
22295 0.112235 0.307664 
22296 0.225279 -0.074715 
22297 0.2225 0.0529499 
22298 0.220274 0.179995 
22299 0.218087 0.307741 
22300 -0.192492 -0.0712604 
22301 -0.195825 0.051312 
22302 -0.198529 0.175148 
22303 -0.201092 0.298562 
22304 -0.0895523 -0.0691299 
22305 -0.0927618 0.0539743 
22306 -0.0947597 0.17662 
22307 -0.0980292 0.299336 
22308 0.0128994 -0.0668133 
22309 0.0103413 0.0561886 
22310 0.00714973 0.17837 
22311 0.00445481 0.300981 
22312 0.113847 -0.0636359 
22313 0.111132 0.0576406 
22314 0.108317 0.180044 
22315 0.105802 0.301865 
22316 0.214767 -0.0612991 
22317 0.211651 0.0596796 
22318 0.209679 0.181518 
22319 0.207099 0.302479 
22320 -0.183898 -0.0606251 
22321 -0.187359 0.0580307 
22322 -0.189326 0.175266 
22323 -0.192929 0.293645 
22324 -0.0857265 -0.0573496 
22325 -0.0879683 0.0598345 
22326 -0.0910614 0.177645 
22327 -0.0938541 0.294371 
22328 0.0119846 -0.0548298 
22329 0.00892539 0.0624302 
22330 0.0059693 0.178591 
22331 0.00356871 0.296048 
22332 0.109109 -0.0524895 
22333 0.105861 0.0637951 
22334 0.102781 0.180624 
22335 0.100141 0.296668 
22336 0.204884 -0.0497469 
22337 0.201855 0.0663591 
22338 0.199248 0.18212 
22339 0.196514 0.297213 
22340 -0.176094 -0.0491455 
22341 -0.17955 0.0630318 
22342 -0.182307 0.176198 
22343 -0.185693 0.288906 
22344 -0.0820615 -0.0461802 
22345 -0.0849547 0.0651564 
22346 -0.0878582 0.178214 
22347 -0.0907139 0.290229 
22348 0.0117082 -0.0435217 
22349 0.00859427 0.067654 
22350 0.0056239 0.179621 
22351 0.00223834 0.291653 
22352 0.104218 -0.0412507 
22353 0.100275 0.0697218 
22354 0.0980649 0.181059 
22355 0.0948264 0.292291 
22356 0.19495 -0.0381974 
22357 0.1923 0.072216 
22358 0.188878 0.182225 
22359 0.18653 0.293226 
22360 -0.169617 -0.03957 
22361 -0.172262 0.0687192 
22362 -0.176032 0.176992 
22363 -0.178601 0.284506 
22364 -0.0790292 -0.0362535 
22365 -0.0826397 0.0703418 
22366 -0.085624 0.178844 
22367 -0.0887778 0.286498 
22368 0.010811 -0.0333895 
22369 0.00749586 0.0726609 
22370 0.00428356 0.179696 
22371 0.00114233 0.286766 
22372 0.0989426 -0.0313411 
22373 0.0959124 0.0759072 
22374 0.0924139 0.181566 
22375 0.0896713 0.288599 
22376 0.186515 -0.0277505 
22377 0.182879 0.0774852 
22378 0.180059 0.183138 
22379 0.177455 0.289702 
22380 -0.163364 -0.0298536 
22381 -0.166548 0.0730159 
22382 -0.169873 0.177248 
22383 -0.173343 0.28069 
22384 -0.0768092 -0.0273077 
22385 -0.0802149 0.075363 
22386 -0.0832916 0.179493 
22387 -0.086526 0.282692 
22388 0.00908407 -0.024827 
22389 0.00563564 0.0786196 
22390 0.00229116 0.18141 
22391 -0.0005807 0.283387 
22392 0.0937379 -0.0217284 
22393 0.0909161 0.0807159 
22394 0.0874837 0.182911 
22395 0.0840397 0.285162 
22396 0.177484 -0.0187938 
22397 0.174419 0.0827904 
22398 0.171646 0.184147 
22399 0.168244 0.286652 
22400 -0.158064 -0.0216394 
22401 -0.161184 0.0778802 
22402 -0.165223 0.177873 
22403 -0.168111 0.278367 
22404 -0.0750652 -0.0190897 
22405 -0.0777373 0.0808934 
22406 -0.0816406 0.180229 
22407 -0.0845531 0.279637 
22408 0.00772912 -0.0153525 
22409 0.00467759 0.0830748 
22410 0.00142596 0.181786 
22411 -0.00200865 0.280344 
22412 0.0893997 -0.0132127 
22413 0.0857825 0.0854053 
22414 0.0828862 0.183511 
22415 0.0790535 0.281879 
22416 0.169621 -0.00937605 
22417 0.166438 0.0881612 
22418 0.163346 0.18555 
22419 0.160464 0.28297 
22420 -0.153684 -0.0133524 
22421 -0.156984 0.0825144 
22422 -0.160946 0.17847 
22423 -0.164559 0.275395 
22424 -0.0728488 -0.0108233 
22425 -0.0768979 0.0851315 
22426 -0.0803988 0.180712 
22427 -0.0840658 0.276651 
22428 0.00643801 -0.00795486 
22429 0.00297482 0.0873393 
22430 -0.00117633 0.182604 
22431 -0.00388539 0.277932 
22432 0.0847947 -0.00414894 
22433 0.0814857 0.0894449 
22434 0.0774879 0.184338 
22435 0.074691 0.279121 
22436 0.162469 -0.00141746 
22437 0.158638 0.0924046 
22438 0.155879 0.186231 
22439 0.152112 0.279967 
22440 -0.149414 -0.006606 
22441 -0.152808 0.0864449 
22442 -0.156823 0.179085 
22443 -0.160868 0.27211 
22444 -0.072119 -0.00298654 
22445 -0.0758211 0.0889516 
22446 -0.0787966 0.181458 
22447 -0.082751 0.273474 
22448 0.00444515 -4.89738e-06 
22449 0.000939199 0.0913639 
22450 -0.00210208 0.183022 
22451 -0.00594404 0.274994 
22452 0.0798623 0.00328492 
22453 0.0763827 0.0936909 
22454 0.0736324 0.185334 
22455 0.0693461 0.276763 
22456 0.154966 0.0059898 
22457 0.151028 0.0962754 
22458 0.147721 0.18704 
22459 0.144206 0.277636 
22460 -0.145715 0.0011252 
22461 -0.149862 0.0899432 
22462 -0.153466 0.179909 
22463 -0.15707 0.269703 
22464 -0.0705661 0.00377837 
22465 -0.0742826 0.0931421 
22466 -0.078404 0.181664 
22467 -0.0826708 0.270913 
22468 0.00250192 0.00742462 
22469 -0.000569659 0.0951694 
22470 -0.00413706 0.183778 
22471 -0.00802372 0.272911 
22472 0.0757584 0.0104168 
22473 0.0723816 0.0982918 
22474 0.0687257 0.186319 
22475 0.0652899 0.274531 
22476 0.147541 0.0127968 
22477 0.144101 0.10052 
22478 0.140932 0.188194 
22479 0.137657 0.275281 
22480 -0.142958 0.00708724 
22481 -0.146076 0.0937323 
22482 -0.150056 0.180947 
22483 -0.154174 0.267836 
22484 -0.0699278 0.0101516 
22485 -0.0743062 0.096433 
22486 -0.0782264 0.18319 
22487 -0.0816696 0.269571 
22488 0.0010837 0.0139936 
22489 -0.00328603 0.0992461 
22490 -0.00633973 0.184711 
22491 -0.0104868 0.270995 
22492 0.0715815 0.0171483 
22493 0.0674281 0.101873 
22494 0.0642842 0.18675 
22495 0.0602626 0.272128 
22496 0.141375 0.0193623 
22497 0.137782 0.104482 
22498 0.134303 0.18834 
22499 0.130699 0.273112 
22500 -0.139918 0.0137267 
22501 -0.144318 0.096931 
22502 -0.147582 0.180896 
22503 -0.151995 0.265445 
22504 -0.070557 0.0162964 
22505 -0.0737279 0.100153 
22506 -0.0781456 0.183512 
22507 -0.0814639 0.266931 
22508 -0.0011481 0.0201009 
22509 -0.00475142 0.10213 
22510 -0.00908926 0.18532 
22511 -0.0122867 0.268125 
22512 0.0665971 0.0224056 
22513 0.0636026 0.105532 
22514 0.0594649 0.187685 
22515 0.0555472 0.269935 
22516 0.134146 0.0257523 
22517 0.131076 0.10716 
22518 0.126721 0.189426 
22519 0.123903 0.271064 
22520 -0.137724 0.0192687 
22521 -0.141427 0.100761 
22522 -0.145717 0.182377 
22523 -0.149911 0.263243 
22524 -0.0700419 0.0221102 
22525 -0.0740682 0.103376 
22526 -0.0779918 0.18427 
22527 -0.0820518 0.265098 
22528 -0.00293999 0.0254023 
22529 -0.00665425 0.10612 
22530 -0.0108738 0.185924 
22531 -0.0148799 0.266928 
22532 0.0631227 0.0286944 
22533 0.0590934 0.10825 
22534 0.0556989 0.188473 
22535 0.0514131 0.267902 
22536 0.127557 0.0315413 
22537 0.123889 0.11125 
22538 0.120258 0.189797 
22539 0.116567 0.269941 
