22260 -0.333241 -0.217043 
22261 -0.333289 -0.0162686 
22262 -0.333182 0.1831 
22263 -0.333754 0.383162 
22264 -0.166554 -0.217076 
22265 -0.166798 -0.0164943 
22266 -0.166594 0.183411 
22267 -0.166393 0.383165 
22268 0.000447437 -0.216856 
22269 0.000377336 -0.0171192 
22270 0.000405993 0.183063 
22271 -0.00034899 0.382996 
22272 0.166237 -0.216718 
22273 0.166201 -0.0165193 
22274 0.166516 0.182858 
22275 0.166744 0.383735 
22276 0.333426 -0.216794 
22277 0.333338 -0.0170767 
22278 0.333443 0.183586 
22279 0.333708 0.382891 
22280 -0.306096 -0.188612 
22281 -0.306349 -0.00305248 
22282 -0.307221 0.182346 
22283 -0.307247 0.368804 
22284 -0.150639 -0.187917 
22285 -0.15106 -0.00221739 
22286 -0.151802 0.182871 
22287 -0.152355 0.368767 
22288 0.00376895 -0.187303 
22289 0.00319519 -0.00210699 
22290 0.00311522 0.18361 
22291 0.00234548 0.368445 
22292 0.157688 -0.186681 
22293 0.157211 -0.00200098 
22294 0.156991 0.183807 
22295 0.156132 0.368447 
22296 0.312072 -0.186603 
22297 0.311739 -0.00141244 
22298 0.311156 0.183899 
22299 0.311028 0.369271 
22300 -0.282168 -0.164201 
22301 -0.283306 0.008978 
22302 -0.283933 0.182532 
22303 -0.285689 0.356169 
22304 -0.138108 -0.163257 
22305 -0.138763 0.010316 
22306 -0.139372 0.183277 
22307 -0.140837 0.356228 
22308 0.00634179 -0.16176 
22309 0.00587245 0.0112475 
22310 0.00489896 0.183394 
22311 0.00328655 0.356714 
22312 0.149756 -0.160453 
22313 0.149195 0.0116625 
22314 0.148627 0.18403 
22315 0.147403 0.356634 
22316 0.293687 -0.16033 
22317 0.292131 0.0124617 
22318 0.291469 0.184547 
22319 0.290325 0.356702 
22320 -0.262149 -0.142211 
22321 -0.263645 0.0205181 
22322 -0.265307 0.182404 
22323 -0.26621 0.345634 
22324 -0.126268 -0.140933 
22325 -0.128533 0.0213293 
22326 -0.129369 0.183826 
22327 -0.130894 0.34551 
22328 0.0086222 -0.139619 
22329 0.00668654 0.021847 
22330 0.00567618 0.184297 
22331 0.00467065 0.346337 
22332 0.14284 -0.137596 
22333 0.141876 0.0234262 
22334 0.140165 0.184966 
22335 0.139087 0.346688 
22336 0.276435 -0.137081 
22337 0.274956 0.0243964 
22338 0.274273 0.185762 
22339 0.272428 0.346836 
22340 -0.245424 -0.122606 
22341 -0.246622 0.0303682 
22342 -0.248907 0.183244 
22343 -0.250362 0.336116 
22344 -0.117888 -0.121421 
22345 -0.119257 0.0314096 
22346 -0.120528 0.183479 
22347 -0.122784 0.336354 
22348 0.00952527 -0.119257 
22349 0.00812986 0.0323567 
22350 0.00631117 0.184414 
22351 0.00501961 0.336963 
22352 0.135653 -0.117758 
22353 0.134691 0.033727 
22354 0.133049 0.18581 
22355 0.13063 0.337088 
22356 0.261591 -0.116259 
22357 0.259802 0.0354379 
22358 0.2586 0.18598 
22359 0.257356 0.337931 
22360 -0.229935 -0.105376 
22361 -0.232094 0.0386728 
22362 -0.23454 0.183237 
22363 -0.236009 0.328189 
22364 -0.110003 -0.103528 
22365 -0.112024 0.0401168 
22366 -0.113595 0.183972 
22367 -0.115659 0.328722 
22368 0.0106401 -0.101403 
22369 0.00865012 0.0416461 
22370 0.00596501 0.185525 
22371 0.00477017 0.329298 
22372 0.129692 -0.100131 
22373 0.127244 0.0437431 
22374 0.125609 0.186408 
22375 0.123563 0.33006 
22376 0.248149 -0.0973991 
22377 0.245789 0.044655 
22378 0.244592 0.18763 
22379 0.242538 0.330274 
22380 -0.217187 -0.0900374 
22381 -0.21967 0.0471924 
22382 -0.221865 0.18413 
22383 -0.223708 0.320797 
22384 -0.10247 -0.0875646 
22385 -0.105456 0.0487208 
22386 -0.107071 0.184655 
22387 -0.109222 0.321866 
22388 0.0100785 -0.0851954 
22389 0.00819308 0.050169 
22390 0.00655621 0.18589 
22391 0.00370744 0.322268 
22392 0.122738 -0.0834745 
22393 0.120873 0.0521466 
22394 0.118877 0.186912 
22395 0.117228 0.322748 
22396 0.235025 -0.0818038 
22397 0.233477 0.0535795 
22398 0.231161 0.188919 
22399 0.228903 0.324045 
22400 -0.206152 -0.0756404 
22401 -0.20847 0.0541803 
22402 -0.210742 0.184582 
22403 -0.213718 0.314753 
22404 -0.0977233 -0.073208 
22405 -0.0998049 0.0561777 
22406 -0.101891 0.186053 
22407 -0.104848 0.315647 
22408 0.0107884 -0.0705879 
22409 0.00856475 0.0578941 
22410 0.00533883 0.186777 
22411 0.00318528 0.316371 
22412 0.117212 -0.0685924 
22413 0.1155 0.0598735 
22414 0.112746 0.188043 
22415 0.110373 0.317329 
22416 0.223181 -0.0668324 
22417 0.221114 0.061619 
22418 0.218659 0.189338 
22419 0.216697 0.318286 
22420 -0.195625 -0.0626339 
22421 -0.198411 0.0615541 
22422 -0.201261 0.185365 
22423 -0.203736 0.309576 
22424 -0.0929546 -0.0604773 
22425 -0.0953857 0.063168 
22426 -0.0980506 0.186569 
22427 -0.100544 0.310434 
22428 0.0103904 -0.0579529 
22429 0.00776994 0.064974 
22430 0.00509893 0.188305 
22431 0.00223746 0.31092 
22432 0.111544 -0.0554548 
22433 0.109637 0.0669657 
22434 0.106926 0.188749 
22435 0.104565 0.312361 
22436 0.212177 -0.0531223 
22437 0.210655 0.0689559 
22438 0.20737 0.1908 
22439 0.205102 0.312378 
22440 -0.1873 -0.0506592 
22441 -0.19008 0.0672986 
22442 -0.193202 0.185695 
22443 -0.19626 0.304101 
22444 -0.0882086 -0.0484909 
22445 -0.0910612 0.0697594 
22446 -0.0941132 0.186848 
22447 -0.0970212 0.305657 
22448 0.00925439 -0.046126 
22449 0.00684189 0.0716914 
22450 0.00392169 0.188248 
22451 0.00152275 0.306354 
22452 0.105822 -0.043491 
22453 0.103555 0.0733399 
22454 0.101393 0.189678 
22455 0.0989871 0.307358 
22456 0.20259 -0.0410799 
22457 0.199864 0.0754845 
22458 0.197141 0.191994 
22459 0.195287 0.308291 
22460 -0.179488 -0.0404433 
22461 -0.183023 0.0734575 
22462 -0.185584 0.186746 
22463 -0.1885 0.299849 
22464 -0.085012 -0.0370109 
22465 -0.0876243 0.0752878 
22466 -0.091287 0.187466 
22467 -0.0941932 0.301156 
22468 0.0081059 -0.035237 
22469 0.00529938 0.0769047 
22470 0.00260634 0.189062 
22471 -0.000508961 0.30149 
22472 0.100773 -0.0321332 
22473 0.0985574 0.0793064 
22474 0.0960469 0.190477 
22475 0.0932037 0.302545 
22476 0.192776 -0.0296135 
22477 0.190604 0.0815936 
22478 0.187521 0.192429 
22479 0.185123 0.304074 
22480 -0.173119 -0.0297421 
22481 -0.176007 0.0787419 
22482 -0.17979 0.186608 
22483 -0.182511 0.296548 
22484 -0.0827855 -0.0273328 
22485 -0.0855863 0.0805839 
22486 -0.0883741 0.188561 
22487 -0.0913479 0.297031 
22488 0.00751822 -0.0245447 
22489 0.00385898 0.0827897 
22490 0.00177606 0.190701 
22491 -0.00127676 0.297952 
22492 0.0958572 -0.021912 
22493 0.092948 0.0842641 
22494 0.0898616 0.191378 
22495 0.0874925 0.298863 
22496 0.183647 -0.0191089 
22497 0.181541 0.0870462 
22498 0.178157 0.192914 
22499 0.17534 0.300474 
22500 -0.167422 -0.0206634 
22501 -0.170169 0.0833066 
22502 -0.173595 0.187808 
22503 -0.17684 0.292252 
22504 -0.0800393 -0.0185189 
22505 -0.0828787 0.0855133 
22506 -0.086175 0.189751 
22507 -0.0894314 0.293601 
22508 0.00588567 -0.0157995 
22509 0.00301879 0.0871841 
22510 -0.000663141 0.190537 
22511 -0.00372291 0.294222 
22512 0.0907271 -0.0124624 
22513 0.0878719 0.0895543 
22514 0.0846912 0.192233 
22515 0.0823141 0.295492 
22516 0.175383 -0.010182 
22517 0.172622 0.0913496 
22518 0.169125 0.194199 
22519 0.167119 0.296735 
22520 -0.161533 -0.0120683 
22521 -0.165679 0.0881833 
22522 -0.168732 0.188297 
22523 -0.171931 0.289246 
22524 -0.0783022 -0.00924393 
22525 -0.0817736 0.0901372 
22526 -0.0851851 0.190231 
22527 -0.0883545 0.290488 
22528 0.00428064 -0.00687839 
22529 0.00115776 0.0916815 
22530 -0.00147023 0.191024 
22531 -0.00542143 0.290941 
22532 0.0860122 -0.00432465 
22533 0.0829582 0.0943139 
22534 0.0799336 0.193379 
22535 0.0773789 0.292456 
22536 0.166909 -0.00200424 
22537 0.164411 0.096757 
22538 0.160965 0.194616 
22539 0.158038 0.293117 
22540 -0.157738 -0.00415805 
22541 -0.161128 0.0923453 
22542 -0.16494 0.188659 
22543 -0.167562 0.285678 
22544 -0.0766789 -0.00208071 
22545 -0.0799107 0.0940674 
22546 -0.0837 0.190342 
22547 -0.0866325 0.287202 
22548 0.00281461 0.00135231 
22549 -0.00049956 0.0959223 
22550 -0.003592 0.19253 
22551 -0.00729608 0.287806 
22552 0.0808481 0.00348957 
22553 0.0786719 0.0983989 
22554 0.0756546 0.193477 
22555 0.071796 0.288722 
22556 0.158679 0.00628024 
22557 0.156051 0.101117 
22558 0.152911 0.195221 
22559 0.150023 0.29041 
22560 -0.153955 0.00309454 
22561 -0.15703 0.0960572 
22562 -0.160545 0.1891 
22563 -0.163883 0.283132 
22564 -0.0763203 0.00517823 
22565 -0.0793824 0.098426 
22566 -0.0829191 0.19112 
22567 -0.0856855 0.284481 
22568 0.000644124 0.00859399 
22569 -0.00279193 0.0997539 
22570 -0.00602199 0.192605 
22571 -0.00871488 0.285379 
22572 0.0762618 0.0106391 
22573 0.0731362 0.102142 
22574 0.0702095 0.194186 
22575 0.0671304 0.286605 
22576 0.151722 0.0139717 
22577 0.148643 0.104139 
22578 0.146202 0.195451 
22579 0.142339 0.287346 
22580 -0.150363 0.0097439 
22581 -0.153472 0.098924 
22582 -0.156915 0.18957 
22583 -0.160781 0.280215 
22584 -0.0748286 0.0118305 
22585 -0.0788958 0.101514 
22586 -0.0825121 0.191701 
22587 -0.0853664 0.28165 
22588 -0.00109036 0.0153788 
22589 -0.00483024 0.104005 
22590 -0.00780557 0.192899 
22591 -0.0109247 0.282274 
22592 0.0716226 0.0178803 
22593 0.0694649 0.106061 
22594 0.0661067 0.194581 
22595 0.0630904 0.283102 
22596 0.144519 0.0199866 
22597 0.141288 0.10807 
22598 0.138065 0.196528 
22599 0.135819 0.284184 
22600 -0.147163 0.015262 
22601 -0.151287 0.102444 
22602 -0.154278 0.189406 
22603 -0.158572 0.277662 
22604 -0.0748144 0.018148 
22605 -0.0782429 0.105123 
22606 -0.0820236 0.191685 
22607 -0.0851976 0.278509 
22608 -0.00347465 0.0206382 
22609 -0.0065297 0.106656 
22610 -0.00956274 0.192992 
22611 -0.0131888 0.27988 
22612 0.0673653 0.0236942 
22613 0.0646876 0.108763 
22614 0.0617196 0.194814 
22615 0.0581062 0.28072 
22616 0.137669 0.0265012 
22617 0.134064 0.111634 
22618 0.131274 0.196656 
22619 0.128169 0.282164 
22620 -0.144914 0.0211528 
22621 -0.148853 0.105563 
22622 -0.151863 0.189736 
22623 -0.156058 0.27456 
22624 -0.0747916 0.0243519 
22625 -0.0777346 0.108065 
22626 -0.081289 0.192141 
22627 -0.0850857 0.276174 
22628 -0.00581697 0.0270839 
22629 -0.00882741 0.1104 
22630 -0.011937 0.19295 
22631 -0.0147536 0.277568 
22632 0.0626806 0.0293995 
22633 0.0601527 0.112163 
22634 0.0564978 0.194842 
22635 0.0538428 0.278843 
22636 0.130122 0.032354 
22637 0.128003 0.114652 
22638 0.124911 0.196217 
22639 0.121806 0.27913 
22640 -0.143138 0.0268742 
22641 -0.146558 0.107888 
22642 -0.149726 0.190151 
22643 -0.153349 0.272387 
22644 -0.0747751 0.0289294 
22645 -0.0785426 0.110881 
22646 -0.0819902 0.192321 
22647 -0.0846796 0.274048 
22648 -0.00718383 0.0321728 
22649 -0.010406 0.112738 
22650 -0.014386 0.193553 
22651 -0.0175323 0.274691 
22652 0.0582396 0.0348795 
22653 0.0554224 0.114305 
22654 0.0524399 0.195403 
22655 0.0495792 0.276171 
22656 0.123587 0.0373222 
22657 0.121502 0.11733 
22658 0.117788 0.196432 
22659 0.115207 0.276542 
