22640 -0.333458 -0.216432 
22641 -0.33336 -0.0166381 
22642 -0.333758 0.183481 
22643 -0.333791 0.383657 
22644 -0.167134 -0.216671 
22645 -0.166362 -0.0162467 
22646 -0.167162 0.183453 
22647 -0.166949 0.382969 
22648 2.04936e-05 -0.21687 
22649 -0.000387228 -0.016697 
22650 -0.000342321 0.183123 
22651 0.000275457 0.383157 
22652 0.166674 -0.216667 
22653 0.166467 -0.0168894 
22654 0.166995 0.183477 
22655 0.166956 0.383154 
22656 0.333153 -0.216998 
22657 0.333229 -0.0161993 
22658 0.33353 0.183628 
22659 0.333372 0.383059 
22660 -0.308313 -0.189865 
22661 -0.308568 -0.0038545 
22662 -0.309157 0.18237 
22663 -0.309173 0.368111 
22664 -0.153496 -0.189313 
22665 -0.153671 -0.00341176 
22666 -0.153283 0.181713 
22667 -0.154398 0.368004 
22668 0.0019755 -0.189133 
22669 0.0011587 -0.0034491 
22670 0.00141884 0.182187 
22671 0.00128693 0.368362 
22672 0.156048 -0.188628 
22673 0.156065 -0.00300596 
22674 0.155902 0.182076 
22675 0.155636 0.367779 
22676 0.310179 -0.188269 
22677 0.309687 -0.00276362 
22678 0.310574 0.182334 
22679 0.3101 0.367756 
22680 -0.286668 -0.167203 
22681 -0.287602 0.00711029 
22682 -0.287923 0.180732 
22683 -0.288777 0.355074 
22684 -0.141787 -0.16604 
22685 -0.142558 0.00745568 
22686 -0.142832 0.180655 
22687 -0.143575 0.35459 
22688 0.00222709 -0.165876 
22689 0.00190949 0.00775512 
22690 0.00113387 0.180748 
22691 0.00115065 0.354273 
22692 0.146846 -0.165327 
22693 0.145848 0.00773212 
22694 0.145827 0.1805 
22695 0.145722 0.354019 
22696 0.289769 -0.164669 
22697 0.290095 0.00838904 
22698 0.289859 0.18095 
22699 0.289042 0.353841 
22700 -0.268027 -0.14696 
22701 -0.269669 0.0159388 
22702 -0.270327 0.178987 
22703 -0.271363 0.342427 
22704 -0.13264 -0.14617 
22705 -0.132912 0.0161354 
22706 -0.1336 0.179313 
22707 -0.134292 0.342572 
22708 0.00315906 -0.145507 
22709 0.00177433 0.0165201 
22710 0.0018811 0.179789 
22711 0.000954595 0.34221 
22712 0.137916 -0.14417 
22713 0.137477 0.017534 
22714 0.13667 0.179374 
22715 0.136348 0.342412 
22716 0.271998 -0.143317 
22717 0.271266 0.0175814 
22718 0.270849 0.179647 
22719 0.270858 0.34212 
22720 -0.253227 -0.12922 
22721 -0.253733 0.0244637 
22722 -0.254878 0.177952 
22723 -0.25591 0.332476 
22724 -0.124414 -0.128453 
22725 -0.125662 0.0241012 
22726 -0.126164 0.177907 
22727 -0.127881 0.332083 
22728 0.00204592 -0.127346 
22729 0.00145988 0.0247884 
22730 0.00115432 0.178106 
22731 0.000204826 0.331724 
22732 0.129662 -0.126513 
22733 0.128601 0.0260196 
22734 0.128301 0.17765 
22735 0.127397 0.331169 
22736 0.255332 -0.12558 
22737 0.254491 0.0260118 
22738 0.25449 0.178102 
22739 0.25395 0.330368 
22740 -0.238948 -0.114148 
22741 -0.24069 0.0303918 
22742 -0.241968 0.17579 
22743 -0.243277 0.321686 
22744 -0.118324 -0.112568 
22745 -0.119155 0.0313943 
22746 -0.120487 0.176023 
22747 -0.121204 0.321999 
22748 0.00191032 -0.11215 
22749 0.00104304 0.0318663 
22750 0.000844184 0.176499 
22751 -0.000614754 0.321206 
22752 0.121215 -0.110909 
22753 0.120965 0.0329428 
22754 0.120199 0.17666 
22755 0.119747 0.321406 
22756 0.240402 -0.110253 
22757 0.23963 0.0326415 
22758 0.240105 0.176463 
22759 0.239635 0.321163 
22760 -0.227479 -0.100739 
22761 -0.229061 0.0363182 
22762 -0.229752 0.174908 
22763 -0.231151 0.313327 
22764 -0.113082 -0.0992455 
22765 -0.114407 0.0369819 
22766 -0.115042 0.174768 
22767 -0.116149 0.312826 
22768 0.000712224 -0.0980413 
22769 0.000188282 0.0375773 
22770 -0.00073928 0.17473 
22771 -0.00132268 0.312656 
22772 0.114015 -0.097195 
22773 0.114064 0.038259 
22774 0.11347 0.175368 
22775 0.112897 0.311825 
22776 0.225984 -0.0965441 
22777 0.226061 0.0389685 
22778 0.225849 0.174647 
22779 0.225419 0.311409 
22780 -0.217131 -0.0885587 
22781 -0.218393 0.0417114 
22782 -0.219712 0.172933 
22783 -0.221556 0.304603 
22784 -0.108695 -0.0877924 
22785 -0.10932 0.042338 
22786 -0.110817 0.172672 
22787 -0.112116 0.304068 
22788 -6.10078e-05 -0.0865026 
22789 -0.000967035 0.042692 
22790 -0.00197145 0.173436 
22791 -0.00235343 0.303816 
22792 0.10697 -0.0850957 
22793 0.106404 0.0433586 
22794 0.105973 0.173531 
22795 0.105456 0.303049 
22796 0.213671 -0.0845173 
22797 0.213218 0.0442696 
22798 0.213179 0.173684 
22799 0.212771 0.302813 
22800 -0.209061 -0.0777573 
22801 -0.209802 0.0458686 
22802 -0.211228 0.171709 
22803 -0.213219 0.296492 
22804 -0.104596 -0.0773986 
22805 -0.10616 0.0469274 
22806 -0.10662 0.170937 
22807 -0.108049 0.2967 
22808 -0.00154303 -0.0764463 
22809 -0.00291362 0.0473031 
22810 -0.00357095 0.170905 
22811 -0.00439915 0.295902 
22812 0.1001 -0.074931 
22813 0.0999168 0.047613 
22814 0.0995019 0.171267 
22815 0.0988568 0.295838 
22816 0.201672 -0.0738787 
22817 0.201829 0.0483981 
22818 0.201107 0.171672 
22819 0.200527 0.294691 
22820 -0.201135 -0.0692772 
22821 -0.202513 0.0495282 
22822 -0.203691 0.169071 
22823 -0.205088 0.289499 
22824 -0.101994 -0.0676882 
22825 -0.10273 0.0501507 
22826 -0.103713 0.169886 
22827 -0.105106 0.289449 
22828 -0.00356311 -0.0669448 
22829 -0.00393462 0.0513809 
22830 -0.00519629 0.169597 
22831 -0.00597388 0.28803 
22832 0.0943665 -0.0661174 
22833 0.0935081 0.0520003 
22834 0.092688 0.169601 
22835 0.0923698 0.287923 
22836 0.190376 -0.064939 
22837 0.190785 0.0519084 
22838 0.190404 0.169462 
22839 0.190167 0.287553 
22840 -0.194022 -0.0604774 
22841 -0.195994 0.0536263 
22842 -0.196845 0.167319 
22843 -0.198546 0.282355 
22844 -0.0998065 -0.0592332 
22845 -0.100706 0.053278 
22846 -0.101385 0.167788 
22847 -0.102411 0.282164 
22848 -0.00554488 -0.0581743 
22849 -0.005815 0.0544458 
22850 -0.00648829 0.167743 
22851 -0.00735709 0.281561 
22852 0.0876101 -0.0576375 
22853 0.0877507 0.0547431 
22854 0.0872718 0.167743 
22855 0.0861893 0.280701 
22856 0.180396 -0.0562479 
22857 0.17992 0.0548536 
22858 0.179524 0.167215 
22859 0.179831 0.280437 
22860 -0.188244 -0.0533322 
22861 -0.189595 0.0555936 
22862 -0.191402 0.165907 
22863 -0.192532 0.276095 
22864 -0.0979738 -0.0525151 
22865 -0.0987978 0.0558332 
22866 -0.0992649 0.165323 
22867 -0.101049 0.275032 
22868 -0.00709264 -0.0508106 
22869 -0.00798777 0.0564744 
22870 -0.00847308 0.165132 
22871 -0.0099238 0.274742 
22872 0.0822168 -0.0501842 
22873 0.0817453 0.0569038 
22874 0.081312 0.165281 
22875 0.0807213 0.273927 
22876 0.170237 -0.0497754 
22877 0.17015 0.0575884 
22878 0.169709 0.165074 
22879 0.169982 0.273014 
22880 -0.183308 -0.0468637 
22881 -0.185078 0.0577932 
22882 -0.186306 0.163509 
22883 -0.18747 0.269785 
22884 -0.0957163 -0.0460917 
22885 -0.0968453 0.0587048 
22886 -0.0979674 0.163411 
22887 -0.0990304 0.268773 
22888 -0.00913897 -0.0448249 
22889 -0.0098954 0.0588921 
22890 -0.0113057 0.163276 
22891 -0.0114251 0.268433 
22892 0.0761895 -0.0439991 
22893 0.0760364 0.0592293 
22894 0.075007 0.162764 
22895 0.0749045 0.267435 
22896 0.160909 -0.0432026 
22897 0.161034 0.0592393 
22898 0.160284 0.162612 
22899 0.160159 0.266761 
22900 -0.179516 -0.0409155 
22901 -0.180593 0.0598339 
22902 -0.181646 0.161347 
22903 -0.182804 0.263919 
22904 -0.0949357 -0.040239 
22905 -0.0961445 0.0596836 
22906 -0.0972173 0.160673 
22907 -0.0977618 0.262422 
22908 -0.0121168 -0.0395908 
22909 -0.0119995 0.0603044 
22910 -0.0135309 0.161076 
22911 -0.0133481 0.262338 
22912 0.0703616 -0.0381667 
22913 0.0698138 0.0612018 
22914 0.0696904 0.160462 
22915 0.0699582 0.261342 
22916 0.152236 -0.0370106 
22917 0.152071 0.0613387 
22918 0.151693 0.160468 
22919 0.15175 0.260615 
22920 -0.175461 -0.0360168 
22921 -0.177013 0.0611275 
22922 -0.177767 0.159564 
22923 -0.178986 0.257123 
22924 -0.0941878 -0.0351156 
22925 -0.0955793 0.0616497 
22926 -0.0960891 0.159138 
22927 -0.096604 0.257042 
22928 -0.0145542 -0.0337779 
22929 -0.0146844 0.0615968 
22930 -0.0148616 0.158744 
22931 -0.0154679 0.256303 
22932 0.0650154 -0.0329802 
22933 0.0647045 0.062092 
22934 0.0642905 0.157997 
22935 0.0638225 0.255186 
22936 0.143793 -0.0324829 
22937 0.143831 0.0622532 
22938 0.14391 0.157744 
22939 0.143362 0.254119 
22940 -0.172787 -0.0312912 
22941 -0.173934 0.0627114 
22942 -0.174423 0.15707 
22943 -0.17548 0.251619 
22944 -0.0938468 -0.030553 
22945 -0.0949577 0.0622457 
22946 -0.0954458 0.156626 
22947 -0.0966735 0.251079 
22948 -0.0165631 -0.0298156 
22949 -0.0172138 0.0628462 
22950 -0.0173065 0.156532 
22951 -0.0181617 0.250373 
22952 0.0598066 -0.0286921 
22953 0.0592926 0.0633846 
22954 0.0593834 0.155311 
22955 0.0591904 0.249508 
22956 0.135678 -0.0284135 
22957 0.135456 0.0636148 
22958 0.135505 0.154953 
22959 0.135298 0.248683 
22960 -0.169427 -0.0271485 
22961 -0.170669 0.0630993 
22962 -0.172089 0.154346 
22963 -0.172714 0.246147 
22964 -0.0937383 -0.0262203 
22965 -0.0949602 0.0637157 
22966 -0.095013 0.154243 
22967 -0.0963482 0.245524 
22968 -0.018956 -0.0258594 
22969 -0.0197206 0.0632464 
22970 -0.0198005 0.153345 
22971 -0.0210348 0.24381 
22972 0.0546088 -0.0251204 
22973 0.0546672 0.0638798 
22974 0.0538045 0.152626 
22975 0.054124 0.24338 
22976 0.127311 -0.0251505 
22977 0.127154 0.0633112 
22978 0.127287 0.152813 
22979 0.127695 0.242224 
22980 -0.167128 -0.0235706 
22981 -0.168533 0.0636399 
22982 -0.169407 0.152227 
22983 -0.169674 0.241233 
22984 -0.0946199 -0.0231943 
22985 -0.0949128 0.0632093 
22986 -0.0954076 0.151574 
22987 -0.096511 0.239545 
22988 -0.0223798 -0.0226585 
22989 -0.0222435 0.0633258 
22990 -0.0223988 0.150813 
22991 -0.0227065 0.238683 
22992 0.0489486 -0.0221064 
22993 0.0489017 0.064092 
22994 0.0495073 0.149915 
22995 0.0495036 0.237892 
22996 0.119663 -0.0216133 
22997 0.11991 0.0642177 
22998 0.120253 0.150197 
22999 0.120406 0.236937 
23000 -0.165688 -0.0211291 
23001 -0.166848 0.0640489 
23002 -0.1674 0.149709 
23003 -0.168072 0.235729 
23004 -0.0952147 -0.0200273 
23005 -0.0953611 0.063496 
23006 -0.0954741 0.148998 
23007 -0.0965148 0.234332 
23008 -0.0244131 -0.0196159 
23009 -0.0247906 0.0637545 
23010 -0.0255964 0.148431 
23011 -0.0258892 0.233377 
23012 0.0443435 -0.0191689 
23013 0.0443968 0.0634923 
23014 0.0445785 0.148052 
23015 0.0441961 0.232252 
23016 0.112197 -0.0193141 
23017 0.112905 0.0640087 
23018 0.113474 0.146642 
23019 0.113691 0.230797 
23020 -0.164053 -0.0179174 
23021 -0.165235 0.0634136 
23022 -0.165499 0.146487 
23023 -0.166085 0.230512 
23024 -0.0957764 -0.0178729 
23025 -0.0954988 0.0640132 
23026 -0.0964137 0.145824 
23027 -0.0970476 0.228764 
23028 -0.027997 -0.0170571 
23029 -0.0276706 0.0634408 
23030 -0.0284464 0.145826 
23031 -0.028434 0.2276 
23032 0.0393883 -0.0166459 
23033 0.0389711 0.0638487 
23034 0.0391633 0.144348 
23035 0.0395377 0.226218 
23036 0.105204 -0.0167963 
23037 0.105921 0.0631582 
23038 0.105981 0.144069 
23039 0.106228 0.225855 
