22760 -0.333392 -0.216597 
22761 -0.333282 -0.0170089 
22762 -0.333717 0.183429 
22763 -0.33368 0.383091 
22764 -0.167083 -0.216256 
22765 -0.166468 -0.0169959 
22766 -0.166898 0.182866 
22767 -0.166673 0.383781 
22768 -0.000106696 -0.21669 
22769 -4.35688e-05 -0.017139 
22770 0.000127247 0.182866 
22771 6.62445e-05 0.383525 
22772 0.166295 -0.216957 
22773 0.166218 -0.0164912 
22774 0.166498 0.18365 
22775 0.166314 0.383371 
22776 0.333662 -0.216326 
22777 0.333259 -0.0167674 
22778 0.333546 0.183722 
22779 0.333514 0.383141 
22780 -0.30939 -0.192347 
22781 -0.309591 -0.00705614 
22782 -0.309409 0.17908 
22783 -0.309494 0.365337 
22784 -0.154575 -0.192051 
22785 -0.154092 -0.00687576 
22786 -0.154687 0.178812 
22787 -0.154742 0.365448 
22788 0.000210272 -0.191685 
22789 0.000606677 -0.00696981 
22790 0.000336347 0.179569 
22791 0.000418232 0.364724 
22792 0.154782 -0.192006 
22793 0.15493 -0.00654802 
22794 0.155076 0.179552 
22795 0.155486 0.365267 
22796 0.309794 -0.192003 
22797 0.309299 -0.00660099 
22798 0.309498 0.178593 
22799 0.309923 0.364864 
22800 -0.288647 -0.171793 
22801 -0.288762 0.00145906 
22802 -0.289353 0.175735 
22803 -0.289632 0.349399 
22804 -0.144131 -0.17192 
22805 -0.144234 0.00117422 
22806 -0.144485 0.175404 
22807 -0.145166 0.349378 
22808 0.000761664 -0.171399 
22809 0.000235259 0.00212322 
22810 -4.78873e-06 0.174836 
22811 0.000434077 0.348741 
22812 0.144238 -0.170591 
22813 0.144731 0.00203717 
22814 0.144651 0.175424 
22815 0.144773 0.348028 
22816 0.288195 -0.170511 
22817 0.288364 0.00237726 
22818 0.288135 0.174584 
22819 0.288409 0.348211 
22820 -0.271356 -0.153967 
22821 -0.271913 0.00867575 
22822 -0.27233 0.171635 
22823 -0.272431 0.335788 
22824 -0.135435 -0.154395 
22825 -0.135604 0.00908441 
22826 -0.136348 0.171327 
22827 -0.136727 0.334892 
22828 -3.41157e-06 -0.153019 
22829 -0.000404566 0.0083632 
22830 -0.000620355 0.1714 
22831 -0.000385579 0.334782 
22832 0.13538 -0.152518 
22833 0.135387 0.0087677 
22834 0.135034 0.171325 
22835 0.135274 0.334347 
22836 0.268871 -0.152177 
22837 0.268982 0.00870712 
22838 0.269694 0.171119 
22839 0.269765 0.333601 
22840 -0.256686 -0.138669 
22841 -0.256949 0.0145103 
22842 -0.257199 0.168472 
22843 -0.258037 0.322482 
22844 -0.128165 -0.1386 
22845 -0.128998 0.0147721 
22846 -0.128993 0.167611 
22847 -0.129178 0.321592 
22848 -0.00105967 -0.138142 
22849 -0.000824899 0.014923 
22850 -0.00138021 0.167476 
22851 -0.000876045 0.320804 
22852 0.126239 -0.137069 
22853 0.126228 0.015101 
22854 0.126494 0.167348 
22855 0.126058 0.320413 
22856 0.252169 -0.136897 
22857 0.252797 0.0143618 
22858 0.252686 0.167076 
22859 0.252725 0.319556 
22860 -0.243276 -0.126242 
22861 -0.24459 0.0191001 
22862 -0.245061 0.164269 
22863 -0.245846 0.310954 
22864 -0.122769 -0.124854 
22865 -0.123284 0.0195812 
22866 -0.123513 0.164576 
22867 -0.123665 0.309684 
22868 -0.00237579 -0.124704 
22869 -0.0026867 0.0191385 
22870 -0.00275278 0.164432 
22871 -0.0030268 0.309223 
22872 0.118003 -0.123792 
22873 0.117909 0.0189887 
22874 0.117452 0.163142 
22875 0.117594 0.307984 
22876 0.236264 -0.123305 
22877 0.236998 0.0199085 
22878 0.237457 0.163086 
22879 0.237273 0.307108 
22880 -0.232595 -0.113968 
22881 -0.233364 0.023183 
22882 -0.233759 0.161033 
22883 -0.234507 0.299379 
22884 -0.117244 -0.114075 
22885 -0.118413 0.0227535 
22886 -0.118577 0.160827 
22887 -0.118844 0.299219 
22888 -0.00381302 -0.113487 
22889 -0.00407081 0.0234135 
22890 -0.00409436 0.160095 
22891 -0.0035586 0.298321 
22892 0.109297 -0.112979 
22893 0.10954 0.0230167 
22894 0.110177 0.15988 
22895 0.110068 0.297253 
22896 0.221971 -0.112278 
22897 0.222252 0.0237614 
22898 0.222461 0.159765 
22899 0.223 0.29611 
22900 -0.222909 -0.104179 
22901 -0.223683 0.02661 
22902 -0.224284 0.157984 
22903 -0.224524 0.28936 
22904 -0.113231 -0.10369 
22905 -0.113873 0.0268578 
22906 -0.114642 0.157409 
22907 -0.114423 0.288655 
22908 -0.00526788 -0.103259 
22909 -0.00525535 0.0264933 
22910 -0.00541683 0.156768 
22911 -0.00513575 0.287537 
22912 0.102359 -0.102431 
22913 0.102121 0.0265679 
22914 0.103081 0.156317 
22915 0.102594 0.286575 
22916 0.208439 -0.102379 
22917 0.208945 0.0267107 
22918 0.209512 0.155354 
22919 0.209902 0.285482 
22920 -0.214932 -0.0949792 
22921 -0.214809 0.0290623 
22922 -0.215897 0.154135 
22923 -0.215782 0.279694 
22924 -0.110615 -0.094496 
22925 -0.110694 0.0294409 
22926 -0.110603 0.153711 
22927 -0.111796 0.279446 
22928 -0.00742167 -0.0938797 
22929 -0.00708655 0.0290621 
22930 -0.00749646 0.153049 
22931 -0.00716369 0.278326 
22932 0.0954494 -0.0939853 
22933 0.0949076 0.0287381 
22934 0.0959799 0.152454 
22935 0.096277 0.277056 
22936 0.196556 -0.0936052 
22937 0.197175 0.0293102 
22938 0.198086 0.151613 
22939 0.198193 0.275586 
22940 -0.207023 -0.0879713 
22941 -0.207566 0.0308963 
22942 -0.208071 0.150808 
22943 -0.208531 0.271126 
22944 -0.108189 -0.0869206 
22945 -0.107675 0.031404 
22946 -0.108456 0.15067 
22947 -0.108824 0.26977 
22948 -0.00956523 -0.0867347 
22949 -0.00938057 0.0314781 
22950 -0.00968752 0.149114 
22951 -0.00908709 0.268809 
22952 0.087987 -0.0864575 
22953 0.0882877 0.0307302 
22954 0.0890904 0.148757 
22955 0.0892892 0.267798 
22956 0.185365 -0.0863347 
22957 0.185637 0.0306822 
22958 0.186 0.147902 
22959 0.187324 0.266705 
22960 -0.201441 -0.0808929 
22961 -0.201344 0.0324887 
22962 -0.201569 0.147809 
22963 -0.202205 0.262355 
22964 -0.105799 -0.0805474 
22965 -0.10599 0.0327587 
22966 -0.106408 0.146333 
22967 -0.106016 0.260986 
22968 -0.0116584 -0.080598 
22969 -0.0113515 0.0324349 
22970 -0.0118376 0.146408 
22971 -0.0108769 0.26007 
22972 0.0819664 -0.0792946 
22973 0.081898 0.0322606 
22974 0.0826776 0.145303 
22975 0.0833563 0.259163 
22976 0.174571 -0.0794202 
22977 0.174616 0.0324771 
22978 0.175169 0.144787 
22979 0.175852 0.257108 
22980 -0.19609 -0.0746516 
22981 -0.195772 0.0344475 
22982 -0.196783 0.143878 
22983 -0.196966 0.254293 
22984 -0.103946 -0.0748235 
22985 -0.104694 0.0342896 
22986 -0.104565 0.143302 
22987 -0.104394 0.253427 
22988 -0.0140818 -0.074379 
22989 -0.0142848 0.0341005 
22990 -0.0137444 0.141916 
22991 -0.0131187 0.251401 
22992 0.0756716 -0.0743944 
22993 0.0761767 0.0336259 
22994 0.0769027 0.141424 
22995 0.0764759 0.250834 
22996 0.16388 -0.0741336 
22997 0.164352 0.0327418 
22998 0.165458 0.140699 
22999 0.166725 0.249616 
23000 -0.191255 -0.0695929 
23001 -0.191217 0.0349829 
23002 -0.191252 0.14039 
23003 -0.192232 0.247315 
23004 -0.103726 -0.0693262 
23005 -0.103498 0.034932 
23006 -0.103357 0.139713 
23007 -0.103762 0.245526 
23008 -0.0162373 -0.0697014 
23009 -0.016601 0.0348121 
23010 -0.0154895 0.139001 
23011 -0.0157974 0.243456 
23012 0.0688665 -0.0693409 
23013 0.070233 0.0336231 
23014 0.0702673 0.138127 
23015 0.070777 0.242687 
23016 0.15406 -0.0685862 
23017 0.155277 0.034107 
23018 0.15607 0.137242 
23019 0.156946 0.241004 
23020 -0.187292 -0.0650614 
23021 -0.187731 0.0354073 
23022 -0.186973 0.137444 
23023 -0.187359 0.239507 
23024 -0.10271 -0.0651945 
23025 -0.103006 0.0347587 
23026 -0.10243 0.135759 
23027 -0.102275 0.237919 
23028 -0.0194503 -0.0648934 
23029 -0.0191323 0.0349856 
23030 -0.0180617 0.135503 
23031 -0.0177891 0.236704 
23032 0.0631589 -0.0645695 
23033 0.064016 0.0345584 
23034 0.0643105 0.134068 
23035 0.0659115 0.234791 
23036 0.145421 -0.0645897 
23037 0.145979 0.0334869 
23038 0.146704 0.133224 
23039 0.147493 0.233372 
23040 -0.183647 -0.0615253 
23041 -0.183449 0.0356435 
23042 -0.183654 0.134169 
23043 -0.184176 0.232616 
23044 -0.101866 -0.0608824 
23045 -0.102547 0.0352614 
23046 -0.102098 0.132573 
23047 -0.101992 0.230935 
23048 -0.0222752 -0.0613904 
23049 -0.0216072 0.0349753 
23050 -0.0204491 0.131536 
23051 -0.0203139 0.229258 
23052 0.0574992 -0.061637 
23053 0.0586755 0.0341249 
23054 0.059302 0.130124 
23055 0.0598186 0.22724 
23056 0.135889 -0.0611153 
23057 0.137406 0.0338062 
23058 0.138268 0.129556 
23059 0.139357 0.226095 
23060 -0.180662 -0.0585355 
23061 -0.180558 0.0355369 
23062 -0.180597 0.130234 
23063 -0.18043 0.224919 
23064 -0.102303 -0.058441 
23065 -0.102212 0.0350172 
23066 -0.10161 0.129136 
23067 -0.101291 0.22316 
23068 -0.0244226 -0.0582041 
23069 -0.0238539 0.0342911 
23070 -0.0232245 0.128357 
23071 -0.0226416 0.221858 
23072 0.051379 -0.0581798 
23073 0.0522514 0.0338782 
23074 0.0541395 0.127131 
23075 0.0549629 0.220012 
23076 0.128014 -0.0579758 
23077 0.128796 0.0331413 
23078 0.130426 0.125782 
23079 0.131222 0.218895 
23080 -0.178121 -0.0552952 
23081 -0.177761 0.035787 
23082 -0.177616 0.127086 
23083 -0.178308 0.219046 
23084 -0.102878 -0.0555229 
23085 -0.101913 0.0350553 
23086 -0.102049 0.125539 
23087 -0.101515 0.217279 
23088 -0.0280223 -0.0552509 
23089 -0.0274121 0.0338366 
23090 -0.0267014 0.123742 
23091 -0.0256171 0.215369 
23092 0.0461886 -0.0555481 
23093 0.0477754 0.0330117 
23094 0.0484788 0.123431 
23095 0.0495414 0.213514 
23096 0.119693 -0.0557823 
23097 0.120339 0.0326295 
23098 0.121488 0.122164 
23099 0.123692 0.211885 
23100 -0.176548 -0.0525373 
23101 -0.176449 0.0343759 
23102 -0.175403 0.123004 
23103 -0.175119 0.212135 
23104 -0.103408 -0.0530397 
23105 -0.102784 0.0342562 
23106 -0.102342 0.122212 
23107 -0.10165 0.20999 
23108 -0.0302548 -0.0530752 
23109 -0.0301655 0.0329931 
23110 -0.0287684 0.12074 
23111 -0.0285081 0.208469 
23112 0.0409801 -0.0529212 
23113 0.041561 0.0324374 
23114 0.0428157 0.11953 
23115 0.0447233 0.206117 
23116 0.111746 -0.0538665 
23117 0.112758 0.0320289 
23118 0.113785 0.117525 
23119 0.115237 0.204773 
23120 -0.1746 -0.0504636 
23121 -0.174109 0.03419 
23122 -0.174323 0.119611 
23123 -0.173291 0.205621 
23124 -0.10352 -0.0510844 
23125 -0.103224 0.0328317 
23126 -0.102379 0.118066 
23127 -0.101526 0.20394 
23128 -0.0338273 -0.0514874 
23129 -0.0323301 0.0326199 
23130 -0.0316025 0.11666 
23131 -0.0310129 0.20225 
23132 0.0351524 -0.051599 
23133 0.0366623 0.0318063 
23134 0.0377721 0.115914 
23135 0.0391828 0.199774 
23136 0.104308 -0.0518392 
23137 0.105067 0.0312369 
23138 0.107048 0.11398 
23139 0.108174 0.198575 
23140 -0.173399 -0.0495304 
23141 -0.172866 0.0332761 
23142 -0.172936 0.116549 
23143 -0.172114 0.199379 
23144 -0.104704 -0.0497824 
23145 -0.10388 0.0323345 
23146 -0.102797 0.11422 
23147 -0.102141 0.197473 
23148 -0.0368172 -0.0500884 
23149 -0.0358717 0.0315127 
23150 -0.0345124 0.112763 
23151 -0.0335659 0.195384 
23152 0.0303992 -0.0500843 
23153 0.031662 0.0300426 
23154 0.0332582 0.111293 
23155 0.0339953 0.193206 
23156 0.0966019 -0.0509752 
23157 0.0979909 0.0296966 
23158 0.0994584 0.110007 
23159 0.101065 0.191231 
