23120 -0.333801 -0.216511 
23121 -0.333728 -0.0162872 
23122 -0.333298 0.182949 
23123 -0.333636 0.383767 
23124 -0.166459 -0.21694 
23125 -0.166539 -0.016949 
23126 -0.166909 0.183325 
23127 -0.16715 0.383401 
23128 -0.000272502 -0.216446 
23129 0.000485944 -0.016262 
23130 0.000366732 0.183109 
23131 -0.000172879 0.383394 
23132 0.167034 -0.216536 
23133 0.167097 -0.0165156 
23134 0.167082 0.183784 
23135 0.166869 0.383084 
23136 0.332979 -0.216489 
23137 0.333811 -0.016704 
23138 0.333127 0.183315 
23139 0.333043 0.383 
23140 -0.313263 -0.204767 
23141 -0.312866 -0.0181484 
23142 -0.31228 0.167951 
23143 -0.312688 0.353544 
23144 -0.157599 -0.204348 
23145 -0.157786 -0.0184066 
23146 -0.156846 0.166919 
23147 -0.157335 0.353549 
23148 -0.00267173 -0.204717 
23149 -0.00295991 -0.0193011 
23150 -0.00215539 0.166682 
23151 -0.00219826 0.353331 
23152 0.151416 -0.204968 
23153 0.152262 -0.0189143 
23154 0.152233 0.166146 
23155 0.153389 0.352698 
23156 0.306474 -0.205387 
23157 0.306989 -0.0200393 
23158 0.306655 0.166418 
23159 0.307889 0.35168 
23160 -0.296112 -0.194996 
23161 -0.295574 -0.0209794 
23162 -0.295342 0.153131 
23163 -0.294243 0.327743 
23164 -0.150526 -0.194627 
23165 -0.150208 -0.0207529 
23166 -0.149418 0.152998 
23167 -0.149413 0.326656 
23168 -0.00549868 -0.195524 
23169 -0.00552658 -0.0214682 
23170 -0.00500336 0.15225 
23171 -0.00396777 0.325415 
23172 0.138185 -0.195451 
23173 0.139087 -0.0217644 
23174 0.140112 0.151247 
23175 0.141079 0.325041 
23176 0.282283 -0.195561 
23177 0.283413 -0.0224144 
23178 0.284008 0.15074 
23179 0.285015 0.323741 
23180 -0.280676 -0.18605 
23181 -0.280848 -0.02304 
23182 -0.28003 0.14109 
23183 -0.279223 0.304202 
23184 -0.144496 -0.186135 
23185 -0.144165 -0.0238837 
23186 -0.143536 0.13993 
23187 -0.14202 0.303029 
23188 -0.00881667 -0.187445 
23189 -0.00767666 -0.0247979 
23190 -0.00667302 0.138285 
23191 -0.00596271 0.301754 
23192 0.126445 -0.187584 
23193 0.127799 -0.0247399 
23194 0.12878 0.136992 
23195 0.129702 0.30039 
23196 0.260928 -0.18733 
23197 0.262571 -0.0262944 
23198 0.262839 0.136342 
23199 0.264624 0.298674 
23200 -0.268948 -0.179177 
23201 -0.267356 -0.0256637 
23202 -0.266829 0.128674 
23203 -0.266032 0.283041 
23204 -0.140389 -0.179752 
23205 -0.138622 -0.0263665 
23206 -0.138339 0.127738 
23207 -0.137393 0.281288 
23208 -0.011703 -0.179859 
23209 -0.0106819 -0.0271143 
23210 -0.0101684 0.126109 
23211 -0.00827236 0.280273 
23212 0.114984 -0.180365 
23213 0.11661 -0.0281831 
23214 0.11744 0.124873 
23215 0.119492 0.278533 
23216 0.241737 -0.181667 
23217 0.243344 -0.0290614 
23218 0.244526 0.12331 
23219 0.245928 0.276768 
23220 -0.257565 -0.173058 
23221 -0.256982 -0.0277134 
23222 -0.256054 0.117775 
23223 -0.254858 0.264309 
23224 -0.136448 -0.173829 
23225 -0.135345 -0.0289771 
23226 -0.133502 0.11642 
23227 -0.132082 0.261716 
23228 -0.0153298 -0.175155 
23229 -0.0136888 -0.0306048 
23230 -0.0122937 0.11457 
23231 -0.0114421 0.260015 
23232 0.104611 -0.175592 
23233 0.106802 -0.0310563 
23234 0.10773 0.113482 
23235 0.109829 0.257912 
23236 0.224551 -0.175747 
23237 0.225726 -0.0319933 
23238 0.227594 0.112196 
23239 0.229057 0.256035 
23240 -0.248467 -0.168585 
23241 -0.247214 -0.0304387 
23242 -0.246492 0.107708 
23243 -0.244845 0.246452 
23244 -0.133876 -0.169112 
23245 -0.132086 -0.031895 
23246 -0.130038 0.105603 
23247 -0.129158 0.244681 
23248 -0.0189946 -0.170643 
23249 -0.0166578 -0.0332153 
23250 -0.0155994 0.104447 
23251 -0.014059 0.241669 
23252 0.0953492 -0.171442 
23253 0.0972001 -0.034823 
23254 0.0992302 0.10227 
23255 0.100148 0.239364 
23256 0.20835 -0.171898 
23257 0.210264 -0.0360459 
23258 0.211894 0.101101 
23259 0.214188 0.237767 
23260 -0.241051 -0.164933 
23261 -0.239771 -0.0334098 
23262 -0.238225 0.0985533 
23263 -0.236777 0.230162 
23264 -0.130935 -0.165688 
23265 -0.129122 -0.035148 
23266 -0.127577 0.0958133 
23267 -0.125552 0.227316 
23268 -0.0219082 -0.166231 
23269 -0.0204966 -0.0358912 
23270 -0.0181672 0.0943499 
23271 -0.0163767 0.225769 
23272 0.0856989 -0.167587 
23273 0.0878289 -0.037691 
23274 0.0898982 0.0918508 
23275 0.0920917 0.222698 
23276 0.193531 -0.16792 
23277 0.195459 -0.0392486 
23278 0.198266 0.0907311 
23279 0.200195 0.220928 
23280 -0.233953 -0.161537 
23281 -0.232562 -0.036638 
23282 -0.230375 0.0887608 
23283 -0.229024 0.215541 
23284 -0.12951 -0.162941 
23285 -0.127299 -0.0374944 
23286 -0.12536 0.0871882 
23287 -0.123559 0.212812 
23288 -0.0252389 -0.163299 
23289 -0.0231462 -0.0392213 
23290 -0.0210551 0.0846111 
23291 -0.0189014 0.209789 
23292 0.0774931 -0.16461 
23293 0.0795339 -0.0406372 
23294 0.0822207 0.0827964 
23295 0.0845568 0.206948 
23296 0.179614 -0.16513 
23297 0.182442 -0.0427277 
23298 0.184696 0.0809704 
23299 0.186971 0.204438 
23300 -0.228262 -0.15868 
23301 -0.226497 -0.039039 
23302 -0.224733 0.0803208 
23303 -0.222182 0.20089 
23304 -0.128329 -0.159816 
23305 -0.126334 -0.0411916 
23306 -0.124494 0.0788984 
23307 -0.122161 0.198488 
23308 -0.0290195 -0.16066 
23309 -0.026942 -0.0427008 
23310 -0.0246718 0.0765089 
23311 -0.0223116 0.195502 
23312 0.0695075 -0.162385 
23313 0.0720283 -0.04445 
23314 0.0741378 0.0739696 
23315 0.076655 0.192641 
23316 0.166992 -0.162854 
23317 0.169528 -0.0460493 
23318 0.171712 0.0713767 
23319 0.174676 0.19008 
23320 -0.223213 -0.156983 
23321 -0.221604 -0.0423134 
23322 -0.219207 0.073094 
23323 -0.216904 0.188062 
23324 -0.1278 -0.157927 
23325 -0.125347 -0.0443127 
23326 -0.12269 0.0705171 
23327 -0.120622 0.185092 
23328 -0.0325895 -0.158941 
23329 -0.0297333 -0.0456069 
23330 -0.0270687 0.0678674 
23331 -0.0253358 0.182033 
23332 0.0612349 -0.160641 
23333 0.0647 -0.0473588 
23334 0.0668205 0.0658802 
23335 0.0692416 0.179529 
23336 0.154289 -0.161232 
23337 0.157444 -0.0493108 
23338 0.160493 0.0627286 
23339 0.163282 0.175906 
23340 -0.219696 -0.154792 
23341 -0.217197 -0.0446966 
23342 -0.214347 0.0645948 
23343 -0.21198 0.175611 
23344 -0.127322 -0.156747 
23345 -0.124782 -0.0472038 
23346 -0.12267 0.0629183 
23347 -0.119224 0.172264 
23348 -0.036504 -0.157997 
23349 -0.0336876 -0.0493473 
23350 -0.0311402 0.05966 
23351 -0.0283981 0.169608 
23352 0.0543802 -0.159074 
23353 0.0574134 -0.0506193 
23354 0.05936 0.0580371 
23355 0.0626038 0.166607 
23356 0.143293 -0.159922 
23357 0.146718 -0.0526364 
23358 0.148847 0.0554148 
23359 0.152398 0.16344 
23360 -0.21609 -0.153258 
23361 -0.213369 -0.048487 
23362 -0.211036 0.0578905 
23363 -0.208122 0.164067 
23364 -0.126748 -0.154698 
23365 -0.124794 -0.0506232 
23366 -0.121422 0.0550232 
23367 -0.119467 0.160548 
23368 -0.0395197 -0.156362 
23369 -0.0365066 -0.0520327 
23370 -0.0344141 0.0527917 
23371 -0.030647 0.157268 
23372 0.0465823 -0.157578 
23373 0.0499319 -0.0542057 
23374 0.0525165 0.0495059 
23375 0.0555814 0.154889 
23376 0.133093 -0.15984 
23377 0.135661 -0.0559737 
23378 0.138672 0.0473911 
23379 0.142075 0.151652 
23380 -0.212799 -0.152541 
23381 -0.209567 -0.051499 
23382 -0.207586 0.0507637 
23383 -0.205038 0.152813 
23384 -0.127551 -0.153657 
23385 -0.124245 -0.0535408 
23386 -0.121302 0.0478386 
23387 -0.118594 0.149618 
23388 -0.0435394 -0.155619 
23389 -0.0399891 -0.0553353 
23390 -0.0369231 0.0452273 
23391 -0.0346771 0.146975 
23392 0.0398152 -0.1576 
23393 0.0434552 -0.0571588 
23394 0.0468503 0.0424565 
23395 0.0492845 0.143676 
23396 0.122118 -0.158256 
23397 0.125642 -0.0599736 
23398 0.128898 0.0404664 
23399 0.132753 0.140098 
23400 -0.210016 -0.152168 
23401 -0.207108 -0.0535699 
23402 -0.203996 0.0439732 
23403 -0.201182 0.142814 
23404 -0.12829 -0.15319 
23405 -0.12477 -0.0566891 
23406 -0.122141 0.0414966 
23407 -0.119359 0.139146 
23408 -0.0468597 -0.155424 
23409 -0.0437581 -0.0581948 
23410 -0.0409944 0.038643 
23411 -0.0370085 0.13595 
23412 0.0332377 -0.156825 
23413 0.0364835 -0.0610086 
23414 0.0404817 0.0358578 
23415 0.043107 0.132763 
23416 0.113048 -0.158792 
23417 0.115945 -0.0624505 
23418 0.119942 0.0335241 
23419 0.12322 0.129266 
23420 -0.20789 -0.151775 
23421 -0.205388 -0.0572783 
23422 -0.20217 0.0379318 
23423 -0.198693 0.13289 
23424 -0.129206 -0.1527 
23425 -0.12515 -0.0587895 
23426 -0.122027 0.0352261 
23427 -0.119015 0.129245 
23428 -0.0508496 -0.155226 
23429 -0.0475644 -0.0613606 
23430 -0.0437174 0.0316601 
23431 -0.0408061 0.126306 
23432 0.0272842 -0.156821 
23433 0.0304283 -0.0639912 
23434 0.0340009 0.0296723 
23435 0.0370852 0.122883 
23436 0.103092 -0.15859 
23437 0.107497 -0.0660986 
23438 0.11042 0.0259483 
23439 0.114029 0.118949 
23440 -0.205962 -0.151421 
23441 -0.20315 -0.0593837 
23442 -0.199591 0.0313089 
23443 -0.196815 0.123187 
23444 -0.129746 -0.152634 
23445 -0.126389 -0.0622006 
23446 -0.123419 0.0291675 
23447 -0.119337 0.12008 
23448 -0.0542083 -0.154911 
23449 -0.0510579 -0.0645592 
23450 -0.0474001 0.0262314 
23451 -0.0437567 0.116669 
23452 0.0209623 -0.156288 
23453 0.0243119 -0.0669577 
23454 0.0273706 0.0229275 
23455 0.0312842 0.11336 
23456 0.0944756 -0.157769 
23457 0.0982055 -0.0691717 
23458 0.101576 0.019756 
23459 0.105085 0.109602 
23460 -0.205114 -0.150645 
23461 -0.20216 -0.0622141 
23462 -0.198486 0.0260941 
23463 -0.194646 0.115295 
23464 -0.131192 -0.15252 
23465 -0.127464 -0.0652913 
23466 -0.124067 0.0226953 
23467 -0.120541 0.111014 
23468 -0.0571127 -0.154282 
23469 -0.0542842 -0.0671094 
23470 -0.0510452 0.0202608 
23471 -0.0466366 0.107552 
23472 0.0147102 -0.156685 
23473 0.0188294 -0.0695392 
23474 0.021638 0.0168799 
23475 0.025384 0.103976 
23476 0.085816 -0.158154 
23477 0.0901196 -0.0728752 
23478 0.0934055 0.0138276 
23479 0.0973688 0.100201 
23480 -0.204202 -0.151337 
23481 -0.200354 -0.0649955 
23482 -0.197521 0.0203289 
23483 -0.193707 0.106068 
23484 -0.13175 -0.153263 
23485 -0.128384 -0.0683718 
23486 -0.125403 0.0174391 
23487 -0.121978 0.102347 
23488 -0.0612454 -0.154838 
23489 -0.0572012 -0.0701051 
23490 -0.0537074 0.0136644 
23491 -0.0498268 0.0985948 
23492 0.00876167 -0.156857 
23493 0.0124624 -0.0733215 
23494 0.0161833 0.011228 
23495 0.0203024 0.0957349 
23496 0.0781533 -0.15912 
23497 0.0813422 -0.075343 
23498 0.0856631 0.0076206 
23499 0.0894214 0.0917081 
23500 -0.203583 -0.150787 
23501 -0.199805 -0.0683064 
23502 -0.196003 0.0148574 
23503 -0.192374 0.0983988 
23504 -0.134072 -0.152653 
23505 -0.129685 -0.070696 
23506 -0.125904 0.0121782 
23507 -0.122742 0.094969 
23508 -0.0645529 -0.154905 
23509 -0.0614724 -0.0737077 
23510 -0.0576086 0.00830074 
23511 -0.053707 0.0912712 
23512 0.0030114 -0.157298 
23513 0.00698738 -0.0763873 
23514 0.0105022 0.00533391 
23515 0.0142696 0.0871354 
23516 0.0700277 -0.158994 
23517 0.0739518 -0.0785819 
23518 0.0781625 0.00236498 
23519 0.0816704 0.0839746 
