23160 -0.333724 -0.216567 
23161 -0.333034 -0.0167688 
23162 -0.333359 0.183783 
23163 -0.333241 0.383236 
23164 -0.16679 -0.216537 
23165 -0.166577 -0.0162041 
23166 -0.166267 0.183227 
23167 -0.166219 0.383055 
23168 0.000424627 -0.216519 
23169 4.14837e-05 -0.017083 
23170 -0.000424201 0.183674 
23171 0.000305888 0.382864 
23172 0.166305 -0.216323 
23173 0.166287 -0.0164332 
23174 0.166361 0.18335 
23175 0.166309 0.383828 
23176 0.333111 -0.216543 
23177 0.333411 -0.0168592 
23178 0.333343 0.183442 
23179 0.333587 0.3838 
23180 -0.31302 -0.206316 
23181 -0.312647 -0.0201889 
23182 -0.31276 0.166785 
23183 -0.312777 0.352588 
23184 -0.158081 -0.205718 
23185 -0.15795 -0.0203063 
23186 -0.15722 0.165591 
23187 -0.157632 0.352087 
23188 -0.00306949 -0.205963 
23189 -0.0030899 -0.020201 
23190 -0.00208105 0.165691 
23191 -0.00212145 0.351681 
23192 0.151501 -0.206413 
23193 0.151864 -0.0207623 
23194 0.151991 0.165049 
23195 0.152716 0.35063 
23196 0.306165 -0.206206 
23197 0.306633 -0.0212496 
23198 0.307231 0.164516 
23199 0.307595 0.350357 
23200 -0.296395 -0.197317 
23201 -0.295931 -0.0230473 
23202 -0.295904 0.150891 
23203 -0.294921 0.325244 
23204 -0.151699 -0.197582 
23205 -0.1507 -0.0241788 
23206 -0.150442 0.150168 
23207 -0.149612 0.324444 
23208 -0.00699651 -0.197592 
23209 -0.00533542 -0.0245292 
23210 -0.00460017 0.148961 
23211 -0.00463057 0.323554 
23212 0.137878 -0.197557 
23213 0.138283 -0.0249908 
23214 0.139033 0.148698 
23215 0.140383 0.322179 
23216 0.281331 -0.197769 
23217 0.282847 -0.0253939 
23218 0.283082 0.147535 
23219 0.284854 0.321053 
23220 -0.2821 -0.189686 
23221 -0.281801 -0.0259746 
23222 -0.280204 0.136796 
23223 -0.2803 0.300823 
23224 -0.145229 -0.190479 
23225 -0.144615 -0.0268463 
23226 -0.143809 0.136392 
23227 -0.142595 0.299603 
23228 -0.0100476 -0.190723 
23229 -0.00860457 -0.0278171 
23230 -0.00733588 0.135278 
23231 -0.00715738 0.297912 
23232 0.125119 -0.190865 
23233 0.126919 -0.0290325 
23234 0.127992 0.13417 
23235 0.129084 0.296564 
23236 0.259969 -0.191476 
23237 0.26131 -0.0299064 
23238 0.263097 0.133086 
23239 0.263588 0.295098 
23240 -0.269802 -0.184264 
23241 -0.269074 -0.0300378 
23242 -0.268336 0.12432 
23243 -0.267069 0.279447 
23244 -0.141547 -0.184147 
23245 -0.140346 -0.0309622 
23246 -0.138802 0.122756 
23247 -0.137776 0.277668 
23248 -0.01301 -0.184765 
23249 -0.0122432 -0.0320193 
23250 -0.0108466 0.12185 
23251 -0.0097562 0.274994 
23252 0.114317 -0.185072 
23253 0.115455 -0.0325222 
23254 0.116657 0.119919 
23255 0.11829 0.273911 
23256 0.240687 -0.18574 
23257 0.241843 -0.0338069 
23258 0.244225 0.118796 
23259 0.245545 0.272138 
23260 -0.25907 -0.17928 
23261 -0.258134 -0.0334098 
23262 -0.257431 0.112567 
23263 -0.256039 0.258573 
23264 -0.137291 -0.179311 
23265 -0.136532 -0.0342302 
23266 -0.134442 0.11084 
23267 -0.133644 0.256469 
23268 -0.0163727 -0.179968 
23269 -0.015125 -0.0355269 
23270 -0.0135235 0.109283 
23271 -0.0116755 0.254564 
23272 0.103743 -0.180508 
23273 0.105234 -0.0368044 
23274 0.106542 0.107745 
23275 0.108363 0.252452 
23276 0.223216 -0.181251 
23277 0.224338 -0.0382147 
23278 0.227005 0.106578 
23279 0.228929 0.251088 
23280 -0.250867 -0.174918 
23281 -0.249153 -0.0364225 
23282 -0.247404 0.102157 
23283 -0.245707 0.240722 
23284 -0.13526 -0.175438 
23285 -0.132901 -0.0378688 
23286 -0.131355 0.10051 
23287 -0.130098 0.2383 
23288 -0.0203286 -0.176404 
23289 -0.0184583 -0.0397423 
23290 -0.016322 0.0983577 
23291 -0.0146996 0.236365 
23292 0.0932787 -0.177665 
23293 0.0953215 -0.0404494 
23294 0.0971056 0.0960606 
23295 0.0996366 0.233258 
23296 0.206876 -0.178633 
23297 0.208359 -0.0418097 
23298 0.210572 0.094778 
23299 0.213003 0.231138 
23300 -0.242648 -0.170841 
23301 -0.240729 -0.0401769 
23302 -0.239576 0.091525 
23303 -0.237785 0.223777 
23304 -0.132683 -0.172543 
23305 -0.13118 -0.0411828 
23306 -0.128821 0.0893137 
23307 -0.127612 0.221079 
23308 -0.023533 -0.173706 
23309 -0.0221741 -0.0431293 
23310 -0.0193224 0.0875973 
23311 -0.0175289 0.218432 
23312 0.0845272 -0.174617 
23313 0.0866257 -0.044319 
23314 0.0890477 0.0852489 
23315 0.0910478 0.21623 
23316 0.191445 -0.17556 
23317 0.194173 -0.0456182 
23318 0.196041 0.0838508 
23319 0.199151 0.213636 
23320 -0.236357 -0.169001 
23321 -0.234465 -0.0430433 
23322 -0.232788 0.0823803 
23323 -0.230786 0.208039 
23324 -0.131399 -0.16982 
23325 -0.129068 -0.0450086 
23326 -0.126698 0.0804619 
23327 -0.124952 0.20529 
23328 -0.0270353 -0.170712 
23329 -0.0249005 -0.0461939 
23330 -0.0233076 0.0782183 
23331 -0.0205222 0.203074 
23332 0.075294 -0.171698 
23333 0.0783766 -0.048408 
23334 0.0802341 0.075988 
23335 0.0830935 0.199513 
23336 0.178029 -0.172646 
23337 0.180911 -0.0502238 
23338 0.183339 0.0738678 
23339 0.185265 0.19689 
23340 -0.230701 -0.166555 
23341 -0.228462 -0.0470055 
23342 -0.226165 0.0734518 
23343 -0.223576 0.194204 
23344 -0.130347 -0.16762 
23345 -0.128039 -0.0488215 
23346 -0.12547 0.071363 
23347 -0.123538 0.190668 
23348 -0.0309463 -0.169107 
23349 -0.0283881 -0.0498535 
23350 -0.0263134 0.0684874 
23351 -0.0232438 0.187887 
23352 0.0673863 -0.170412 
23353 0.0700101 -0.0519434 
23354 0.073019 0.0664653 
23355 0.0751287 0.185201 
23356 0.165436 -0.17165 
23357 0.167586 -0.0534452 
23358 0.170153 0.0634874 
23359 0.173372 0.181861 
23360 -0.22617 -0.16486 
23361 -0.222954 -0.0504186 
23362 -0.220592 0.0652323 
23363 -0.218227 0.180115 
23364 -0.129575 -0.166406 
23365 -0.127023 -0.052185 
23366 -0.124383 0.0628138 
23367 -0.121906 0.177541 
23368 -0.034592 -0.167358 
23369 -0.0324341 -0.0540883 
23370 -0.0292359 0.0596636 
23371 -0.0270326 0.174027 
23372 0.0594932 -0.168946 
23373 0.0621187 -0.0553107 
23374 0.0647714 0.0579353 
23375 0.0681117 0.170884 
23376 0.152948 -0.169802 
23377 0.156032 -0.0580437 
23378 0.158745 0.0545855 
23379 0.16208 0.168453 
23380 -0.221568 -0.162834 
23381 -0.218689 -0.0534662 
23382 -0.216095 0.0564574 
23383 -0.214241 0.167731 
23384 -0.12909 -0.164733 
23385 -0.126776 -0.0556795 
23386 -0.123593 0.0540288 
23387 -0.121229 0.163995 
23388 -0.0377667 -0.166317 
23389 -0.0354378 -0.057778 
23390 -0.0327038 0.0515251 
23391 -0.0301639 0.161147 
23392 0.0523339 -0.167942 
23393 0.0546542 -0.0596594 
23394 0.0584136 0.049022 
23395 0.060934 0.158025 
23396 0.141906 -0.168603 
23397 0.144548 -0.0611896 
23398 0.147085 0.046891 
23399 0.150464 0.15475 
23400 -0.218371 -0.162601 
23401 -0.215477 -0.0569366 
23402 -0.212286 0.049114 
23403 -0.209886 0.155163 
23404 -0.129241 -0.163497 
23405 -0.127044 -0.0586006 
23406 -0.123643 0.0463125 
23407 -0.12067 0.15199 
23408 -0.0420591 -0.165437 
23409 -0.0386267 -0.0604475 
23410 -0.0357667 0.0436975 
23411 -0.0325152 0.148494 
23412 0.0449238 -0.166622 
23413 0.0479539 -0.0626383 
23414 0.0509048 0.0410034 
23415 0.0542647 0.146113 
23416 0.13017 -0.168678 
23417 0.133942 -0.0655852 
23418 0.137504 0.0382081 
23419 0.140221 0.142032 
23420 -0.215564 -0.160982 
23421 -0.212099 -0.0593379 
23422 -0.209636 0.0426104 
23423 -0.206607 0.144666 
23424 -0.129659 -0.163205 
23425 -0.126985 -0.0624729 
23426 -0.123324 0.0388762 
23427 -0.12059 0.141443 
23428 -0.0452158 -0.16441 
23429 -0.0426314 -0.0641185 
23430 -0.0392726 0.0362375 
23431 -0.035852 0.13739 
23432 0.0375533 -0.166361 
23433 0.0413617 -0.0661645 
23434 0.0447619 0.0340016 
23435 0.0473261 0.13447 
23436 0.120273 -0.167549 
23437 0.123883 -0.0687765 
23438 0.127021 0.0309457 
23439 0.130407 0.130782 
23440 -0.212633 -0.16085 
23441 -0.209685 -0.0627541 
23442 -0.20674 0.0355389 
23443 -0.203027 0.133933 
23444 -0.130503 -0.162547 
23445 -0.127374 -0.0656168 
23446 -0.124123 0.0324642 
23447 -0.120714 0.130409 
23448 -0.049121 -0.164367 
23449 -0.0461073 -0.0674187 
23450 -0.0426832 0.02982 
23451 -0.0389193 0.12728 
23452 0.0315395 -0.166042 
23453 0.0347782 -0.069763 
23454 0.0382568 0.026801 
23455 0.0415501 0.123032 
23456 0.110107 -0.167646 
23457 0.114249 -0.0719718 
23458 0.117577 0.023836 
23459 0.121459 0.1203 
23460 -0.210886 -0.160336 
23461 -0.207802 -0.0662325 
23462 -0.203785 0.0285187 
23463 -0.201283 0.12385 
23464 -0.131562 -0.162844 
23465 -0.128271 -0.0681264 
23466 -0.124303 0.0260723 
23467 -0.121213 0.120094 
23468 -0.0532416 -0.164672 
23469 -0.0490414 -0.0707446 
23470 -0.0464721 0.0228424 
23471 -0.0422405 0.116655 
23472 0.0247023 -0.165867 
23473 0.0280187 -0.0735446 
23474 0.0319098 0.0201416 
23475 0.0357514 0.112889 
23476 0.101183 -0.167948 
23477 0.104835 -0.0751808 
23478 0.108177 0.0172011 
23479 0.112592 0.109542 
23480 -0.20931 -0.160074 
23481 -0.206019 -0.0695578 
23482 -0.202356 0.0228438 
23483 -0.198972 0.114486 
23484 -0.132055 -0.16238 
23485 -0.128901 -0.0715522 
23486 -0.125585 0.0195098 
23487 -0.122166 0.110447 
23488 -0.0560446 -0.164084 
23489 -0.0531325 -0.0742971 
23490 -0.0496058 0.0160379 
23491 -0.0457448 0.106941 
23492 0.017894 -0.166021 
23493 0.0218195 -0.0762134 
23494 0.0252317 0.012882 
23495 0.0288928 0.103865 
23496 0.0918227 -0.167688 
23497 0.096417 -0.0791992 
23498 0.0997875 0.0104211 
23499 0.103071 0.100404 
23500 -0.207711 -0.160853 
23501 -0.204816 -0.0721912 
23502 -0.200446 0.0164261 
23503 -0.197 0.105534 
23504 -0.133325 -0.162564 
23505 -0.129751 -0.074552 
23506 -0.125897 0.0137596 
23507 -0.122545 0.102074 
23508 -0.0600517 -0.164555 
23509 -0.0562342 -0.0769427 
23510 -0.0531748 0.0100413 
23511 -0.0486413 0.0983263 
23512 0.0122135 -0.166555 
23513 0.016272 -0.0797856 
23514 0.0193979 0.00715994 
23515 0.0239615 0.0939032 
23516 0.0839261 -0.168357 
23517 0.0876041 -0.0818367 
23518 0.0912012 0.00438305 
23519 0.0955398 0.0909103 
23520 -0.206855 -0.161062 
23521 -0.203051 -0.0748943 
23522 -0.199531 0.011096 
23523 -0.196376 0.0965166 
23524 -0.134743 -0.162719 
23525 -0.131711 -0.0773991 
23526 -0.127345 0.00723616 
23527 -0.123585 0.0932312 
23528 -0.0643615 -0.16464 
23529 -0.0604143 -0.0799877 
23530 -0.055989 0.00493878 
23531 -0.0521265 0.089409 
23532 0.00617543 -0.166605 
23533 0.010499 -0.0824593 
23534 0.0143046 0.00163406 
23535 0.0176836 0.0860955 
23536 0.0755546 -0.168275 
23537 0.0792178 -0.0850479 
23538 0.0829858 -0.0020185 
23539 0.0876545 0.0820967 
23540 -0.206391 -0.160809 
23541 -0.202353 -0.0778283 
23542 -0.198685 0.00570707 
23543 -0.195313 0.0889328 
23544 -0.136388 -0.162438 
23545 -0.132173 -0.0806468 
23546 -0.129186 0.00200325 
23547 -0.125345 0.0848039 
23548 -0.0680658 -0.165255 
23549 -0.0638215 -0.0833369 
23550 -0.0600202 -0.00156668 
23551 -0.0557224 0.081316 
23552 0.000748633 -0.167055 
23553 0.00407503 -0.0853132 
23554 0.00864919 -0.00407952 
23555 0.012005 0.0777755 
23556 0.0677926 -0.168735 
23557 0.0716658 -0.0883212 
23558 0.0754002 -0.00699554 
23559 0.0792128 0.0738381 
