23340 -0.333752 -0.216765 
23341 -0.333596 -0.0162934 
23342 -0.333351 0.183296 
23343 -0.333385 0.383138 
23344 -0.166275 -0.21686 
23345 -0.1666 -0.0167176 
23346 -0.167011 0.183357 
23347 -0.166407 0.383132 
23348 -1.15114e-05 -0.21678 
23349 0.000248153 -0.0164172 
23350 -0.000162388 0.183181 
23351 0.000110771 0.383814 
23352 0.166931 -0.21716 
23353 0.166456 -0.0164259 
23354 0.167146 0.183554 
23355 0.166589 0.383419 
23356 0.333556 -0.217144 
23357 0.333632 -0.0163603 
23358 0.33289 0.183074 
23359 0.33383 0.383421 
23360 -0.314809 -0.21178 
23361 -0.314458 -0.0253758 
23362 -0.314218 0.161278 
23363 -0.313868 0.347182 
23364 -0.159905 -0.211102 
23365 -0.158878 -0.0251579 
23366 -0.158694 0.160388 
23367 -0.157795 0.346996 
23368 -0.00423021 -0.211925 
23369 -0.00440818 -0.026329 
23370 -0.0037645 0.159597 
23371 -0.00310133 0.345923 
23372 0.150673 -0.212414 
23373 0.150659 -0.0258585 
23374 0.151577 0.159525 
23375 0.151339 0.344935 
23376 0.304507 -0.211871 
23377 0.304919 -0.0268098 
23378 0.306045 0.158501 
23379 0.306351 0.344579 
23380 -0.298977 -0.207578 
23381 -0.298091 -0.0330825 
23382 -0.298178 0.141041 
23383 -0.296844 0.316149 
23384 -0.153987 -0.207668 
23385 -0.153298 -0.0335856 
23386 -0.152271 0.140059 
23387 -0.150905 0.314191 
23388 -0.00876405 -0.207686 
23389 -0.00826141 -0.0339368 
23390 -0.00754189 0.139874 
23391 -0.00673392 0.313329 
23392 0.135648 -0.208054 
23393 0.136225 -0.0346648 
23394 0.137112 0.138306 
23395 0.138039 0.312157 
23396 0.279195 -0.208655 
23397 0.28012 -0.0353501 
23398 0.281719 0.13712 
23399 0.282755 0.31052 
23400 -0.28659 -0.203748 
23401 -0.284703 -0.0397408 
23402 -0.283914 0.123317 
23403 -0.282598 0.287079 
23404 -0.149291 -0.204332 
23405 -0.148216 -0.0406035 
23406 -0.146964 0.122146 
23407 -0.145318 0.285851 
23408 -0.013758 -0.205305 
23409 -0.0123631 -0.0421996 
23410 -0.0105066 0.121239 
23411 -0.00944004 0.284075 
23412 0.121835 -0.205751 
23413 0.122991 -0.0428057 
23414 0.124564 0.11971 
23415 0.126591 0.282315 
23416 0.2571 -0.206692 
23417 0.258526 -0.0443035 
23418 0.260094 0.118313 
23419 0.261193 0.280662 
23420 -0.275054 -0.201297 
23421 -0.273998 -0.0465967 
23422 -0.272113 0.108042 
23423 -0.270736 0.262204 
23424 -0.146175 -0.20217 
23425 -0.143997 -0.0476089 
23426 -0.143229 0.105836 
23427 -0.141479 0.26005 
23428 -0.0173571 -0.202511 
23429 -0.0162967 -0.0492409 
23430 -0.0140137 0.104093 
23431 -0.0126468 0.25814 
23432 0.109443 -0.203602 
23433 0.111882 -0.0500593 
23434 0.113107 0.103015 
23435 0.115216 0.256298 
23436 0.236365 -0.204039 
23437 0.238444 -0.0521566 
23438 0.240464 0.101121 
23439 0.242214 0.254103 
23440 -0.265741 -0.198853 
23441 -0.263472 -0.0534795 
23442 -0.262202 0.0935585 
23443 -0.259724 0.239424 
23444 -0.143012 -0.200376 
23445 -0.141809 -0.0543124 
23446 -0.139583 0.0915677 
23447 -0.137402 0.236529 
23448 -0.0219916 -0.201172 
23449 -0.0196866 -0.0557417 
23450 -0.0182873 0.0896786 
23451 -0.0164432 0.234966 
23452 0.0987372 -0.20241 
23453 0.100394 -0.0573284 
23454 0.102644 0.08725 
23455 0.104198 0.232648 
23456 0.218169 -0.20305 
23457 0.220626 -0.0587451 
23458 0.22289 0.0851129 
23459 0.224272 0.230112 
23460 -0.256876 -0.197672 
23461 -0.254704 -0.0588747 
23462 -0.252926 0.0798141 
23463 -0.25083 0.21859 
23464 -0.141184 -0.19809 
23465 -0.138904 -0.0605507 
23466 -0.136592 0.0775412 
23467 -0.134961 0.216134 
23468 -0.0257373 -0.199807 
23469 -0.0243859 -0.0619235 
23470 -0.0213179 0.0759451 
23471 -0.0194427 0.213305 
23472 0.0880475 -0.20056 
23473 0.0903435 -0.063429 
23474 0.0922822 0.0734088 
23475 0.0946664 0.210248 
23476 0.201915 -0.2019 
23477 0.204179 -0.0652258 
23478 0.206552 0.0716598 
23479 0.208208 0.207742 
23480 -0.250201 -0.196364 
23481 -0.247932 -0.0643715 
23482 -0.245673 0.0677659 
23483 -0.242799 0.199768 
23484 -0.140288 -0.197686 
23485 -0.137624 -0.0664812 
23486 -0.134661 0.0653027 
23487 -0.132935 0.196757 
23488 -0.0302053 -0.198568 
23489 -0.0284033 -0.0677544 
23490 -0.0254696 0.0632988 
23491 -0.0228379 0.19352 
23492 0.0779522 -0.199894 
23493 0.0809585 -0.0699995 
23494 0.0834786 0.0606687 
23495 0.0862338 0.190648 
23496 0.186481 -0.200777 
23497 0.188052 -0.0713797 
23498 0.190564 0.0588192 
23499 0.193914 0.188185 
23500 -0.244215 -0.194902 
23501 -0.241618 -0.0697208 
23502 -0.239061 0.0558825 
23503 -0.236584 0.182154 
23504 -0.139066 -0.196843 
23505 -0.136299 -0.0715008 
23506 -0.133633 0.0538528 
23507 -0.131339 0.179519 
23508 -0.0343619 -0.197672 
23509 -0.031976 -0.0738181 
23510 -0.0295119 0.0509032 
23511 -0.0259017 0.176196 
23512 0.0685642 -0.199043 
23513 0.0716083 -0.0755912 
23514 0.0741631 0.0484418 
23515 0.0767802 0.172811 
23516 0.171744 -0.200615 
23517 0.173961 -0.0768792 
23518 0.176966 0.0465486 
23519 0.18003 0.169789 
23520 -0.239453 -0.19477 
23521 -0.235907 -0.0740907 
23522 -0.232952 0.045706 
23523 -0.230514 0.166334 
23524 -0.137908 -0.196485 
23525 -0.135755 -0.0761301 
23526 -0.132533 0.0435005 
23527 -0.129838 0.16317 
23528 -0.0384551 -0.197686 
23529 -0.0359964 -0.0784493 
23530 -0.0330828 0.0404544 
23531 -0.0294161 0.160077 
23532 0.060636 -0.198665 
23533 0.0632097 -0.0801333 
23534 0.0665744 0.0377871 
23535 0.0695432 0.156838 
23536 0.158294 -0.20078 
23537 0.161046 -0.0825822 
23538 0.163912 0.0349756 
23539 0.167021 0.153883 
23540 -0.234896 -0.194063 
23541 -0.231676 -0.078665 
23542 -0.22832 0.0358251 
23543 -0.225426 0.151439 
23544 -0.137938 -0.195968 
23545 -0.135498 -0.080999 
23546 -0.131531 0.0334636 
23547 -0.128464 0.147872 
23548 -0.0421111 -0.197183 
23549 -0.0394697 -0.0833958 
23550 -0.0364191 0.0309129 
23551 -0.033141 0.144765 
23552 0.0517723 -0.198521 
23553 0.054707 -0.0856443 
23554 0.0585553 0.0279955 
23555 0.061704 0.141309 
23556 0.145722 -0.20035 
23557 0.1484 -0.0877009 
23558 0.151456 0.0251926 
23559 0.15472 0.137865 
23560 -0.230948 -0.193462 
23561 -0.227525 -0.0835979 
23562 -0.224521 0.0270029 
23563 -0.221347 0.137478 
23564 -0.138572 -0.19542 
23565 -0.134674 -0.0860225 
23566 -0.132162 0.0244835 
23567 -0.128532 0.134341 
23568 -0.0462838 -0.196891 
23569 -0.0430996 -0.0873897 
23570 -0.039622 0.0209715 
23571 -0.0364112 0.131237 
23572 0.043999 -0.199293 
23573 0.0469225 -0.0905868 
23574 0.0510251 0.0190095 
23575 0.0534456 0.127091 
23576 0.133855 -0.200543 
23577 0.137004 -0.092434 
23578 0.140679 0.0159706 
23579 0.143818 0.12401 
23580 -0.228231 -0.193308 
23581 -0.224175 -0.0878926 
23582 -0.22064 0.0188954 
23583 -0.217533 0.124729 
23584 -0.138696 -0.195721 
23585 -0.135674 -0.0897941 
23586 -0.131731 0.0160716 
23587 -0.128811 0.120976 
23588 -0.0505782 -0.19728 
23589 -0.0475443 -0.0925305 
23590 -0.0437977 0.0132349 
23591 -0.0407187 0.117612 
23592 0.0362977 -0.198921 
23593 0.0395388 -0.094305 
23594 0.0434999 0.0103042 
23595 0.0464302 0.11458 
23596 0.123133 -0.200852 
23597 0.126059 -0.0970939 
23598 0.129618 0.00708185 
23599 0.132963 0.110457 
23600 -0.224921 -0.19314 
23601 -0.221196 -0.0917444 
23602 -0.217459 0.0104409 
23603 -0.214612 0.113418 
23604 -0.139635 -0.195457 
23605 -0.135404 -0.0935152 
23606 -0.132082 0.00753238 
23607 -0.128752 0.109384 
23608 -0.0546616 -0.197423 
23609 -0.0506953 -0.095917 
23610 -0.0475059 0.00470278 
23611 -0.0434994 0.106042 
23612 0.0293409 -0.198767 
23613 0.032934 -0.098568 
23614 0.0359806 0.00150634 
23615 0.0395522 0.102295 
23616 0.111893 -0.200401 
23617 0.115703 -0.100908 
23618 0.119012 -0.00155257 
23619 0.12267 0.0988865 
23620 -0.222553 -0.193427 
23621 -0.219144 -0.0948989 
23622 -0.215326 0.00320777 
23623 -0.211692 0.101746 
23624 -0.139752 -0.19555 
23625 -0.136662 -0.0975181 
23626 -0.132448 0.000401069 
23627 -0.129448 0.098137 
23628 -0.0586678 -0.196906 
23629 -0.0551358 -0.100468 
23630 -0.0507077 -0.00308301 
23631 -0.0477633 0.0943481 
23632 0.0219478 -0.19877 
23633 0.0257248 -0.102618 
23634 0.0294713 -0.00571061 
23635 0.0327626 0.0909181 
23636 0.101956 -0.201303 
23637 0.105628 -0.105238 
23638 0.109726 -0.00820535 
23639 0.112475 0.0871707 
23640 -0.220897 -0.193205 
23641 -0.216906 -0.0988055 
23642 -0.213285 -0.00358232 
23643 -0.209054 0.0912214 
23644 -0.141716 -0.195279 
23645 -0.137777 -0.100836 
23646 -0.133301 -0.00693934 
23647 -0.129934 0.087951 
23648 -0.0621781 -0.197768 
23649 -0.0582779 -0.103755 
23650 -0.0545864 -0.00978026 
23651 -0.0512768 0.0844214 
23652 0.0160462 -0.199852 
23653 0.0190544 -0.106156 
23654 0.0232567 -0.0131034 
23655 0.0264068 0.0806671 
23656 0.0921641 -0.201208 
23657 0.0957908 -0.108615 
23658 0.100128 -0.0156258 
23659 0.103398 0.0767526 
23660 -0.219948 -0.193687 
23661 -0.216091 -0.101535 
23662 -0.212174 -0.00952278 
23663 -0.207937 0.0821579 
23664 -0.142277 -0.19543 
23665 -0.138857 -0.104451 
23666 -0.134352 -0.0135891 
23667 -0.130447 0.0783052 
23668 -0.0659105 -0.198138 
23669 -0.0623379 -0.107146 
23670 -0.0586934 -0.0159533 
23671 -0.0541851 0.074113 
23672 0.00894839 -0.199313 
23673 0.0127088 -0.109389 
23674 0.0162062 -0.0191567 
23675 0.020991 0.0707111 
23676 0.0836658 -0.201442 
23677 0.0873518 -0.111978 
23678 0.0911982 -0.0221786 
23679 0.0949908 0.0666856 
23680 -0.218904 -0.193651 
23681 -0.214689 -0.104733 
23682 -0.210765 -0.0162311 
23683 -0.206215 0.0726006 
23684 -0.144012 -0.196409 
23685 -0.139568 -0.107071 
23686 -0.135864 -0.019685 
23687 -0.132294 0.0685353 
23688 -0.0704438 -0.198235 
23689 -0.0658455 -0.110137 
23690 -0.062325 -0.0224348 
23691 -0.0578027 0.0654038 
23692 0.00263168 -0.200204 
23693 0.00675439 -0.11262 
23694 0.0105497 -0.0256445 
23695 0.0140464 0.0619727 
23696 0.0749958 -0.202347 
23697 0.0783193 -0.114833 
23698 0.0825814 -0.0283575 
23699 0.0864176 0.0577441 
23700 -0.218031 -0.194046 
23701 -0.214167 -0.108173 
23702 -0.209169 -0.0219092 
23703 -0.20556 0.0645055 
23704 -0.145895 -0.196272 
23705 -0.141795 -0.110534 
23706 -0.137491 -0.0249714 
23707 -0.133567 0.0607334 
23708 -0.0736078 -0.198013 
23709 -0.0700899 -0.112991 
23710 -0.06585 -0.0280251 
23711 -0.0623589 0.0571389 
23712 -0.0033319 -0.199957 
23713 0.000500252 -0.115672 
23714 0.00443447 -0.030864 
23715 0.008649 0.0530236 
23716 0.0660826 -0.202047 
23717 0.0701471 -0.117959 
23718 0.0736199 -0.0341083 
23719 0.0780338 0.0489964 
23720 -0.217829 -0.194411 
23721 -0.212805 -0.110144 
23722 -0.208545 -0.027243 
23723 -0.204903 0.0560568 
23724 -0.147236 -0.196626 
23725 -0.143431 -0.113634 
23726 -0.13834 -0.0299957 
23727 -0.134348 0.0528374 
23728 -0.077988 -0.198022 
23729 -0.0732746 -0.116294 
23730 -0.0701338 -0.0331108 
23731 -0.0652089 0.0488391 
23732 -0.00926549 -0.200758 
23733 -0.0056973 -0.117993 
23734 -0.00112499 -0.0363679 
23735 0.00293215 0.0449706 
23736 0.0575268 -0.202713 
23737 0.0619982 -0.121411 
23738 0.066152 -0.040268 
23739 0.0698452 0.0416771 
