23360 -0.333128 -0.216227 
23361 -0.333501 -0.0163252 
23362 -0.333168 0.183637 
23363 -0.333628 0.383286 
23364 -0.166174 -0.216628 
23365 -0.166649 -0.0162463 
23366 -0.167036 0.183665 
23367 -0.166822 0.383455 
23368 0.000484884 -0.216493 
23369 0.00027672 -0.016801 
23370 -2.35494e-05 0.183636 
23371 0.000461108 0.383371 
23372 0.166793 -0.216908 
23373 0.16641 -0.0169126 
23374 0.166199 0.183557 
23375 0.166318 0.383733 
23376 0.333318 -0.21642 
23377 0.333254 -0.0167202 
23378 0.333366 0.183476 
23379 0.333289 0.38336 
23380 -0.31479 -0.211951 
23381 -0.314663 -0.025632 
23382 -0.314025 0.160874 
23383 -0.313896 0.346753 
23384 -0.160027 -0.211732 
23385 -0.159428 -0.0255757 
23386 -0.159069 0.159731 
23387 -0.15825 0.346621 
23388 -0.00468361 -0.212542 
23389 -0.00388275 -0.0263006 
23390 -0.0033456 0.159884 
23391 -0.00352738 0.34518 
23392 0.150507 -0.212537 
23393 0.150642 -0.0271754 
23394 0.150712 0.15899 
23395 0.152023 0.345229 
23396 0.304273 -0.212803 
23397 0.305561 -0.0271996 
23398 0.305946 0.158335 
23399 0.306561 0.344362 
23400 -0.299505 -0.207841 
23401 -0.29899 -0.0340598 
23402 -0.297745 0.140544 
23403 -0.297008 0.315022 
23404 -0.153877 -0.208839 
23405 -0.153139 -0.0343948 
23406 -0.15204 0.139395 
23407 -0.151867 0.313236 
23408 -0.00931447 -0.208757 
23409 -0.00886195 -0.0350978 
23410 -0.00795126 0.138376 
23411 -0.00627752 0.312717 
23412 0.135623 -0.208934 
23413 0.136428 -0.0357486 
23414 0.136833 0.137299 
23415 0.13817 0.31065 
23416 0.279082 -0.210065 
23417 0.280614 -0.0365234 
23418 0.281225 0.136484 
23419 0.282549 0.310053 
23420 -0.286336 -0.204835 
23421 -0.285189 -0.0416355 
23422 -0.284177 0.122242 
23423 -0.283344 0.286151 
23424 -0.149729 -0.205356 
23425 -0.148488 -0.042733 
23426 -0.147831 0.120606 
23427 -0.145724 0.285037 
23428 -0.0142906 -0.206092 
23429 -0.0125684 -0.0431069 
23430 -0.0113112 0.119816 
23431 -0.00999755 0.283341 
23432 0.121398 -0.206862 
23433 0.122913 -0.0447178 
23434 0.124349 0.118035 
23435 0.12558 0.281212 
23436 0.256355 -0.207188 
23437 0.257741 -0.0458239 
23438 0.259022 0.116982 
23439 0.261088 0.279321 
23440 -0.275619 -0.203031 
23441 -0.274179 -0.047772 
23442 -0.27271 0.105798 
23443 -0.270617 0.260437 
23444 -0.14617 -0.203381 
23445 -0.144789 -0.0498687 
23446 -0.143226 0.104977 
23447 -0.14148 0.259147 
23448 -0.0182667 -0.204633 
23449 -0.0166896 -0.0507551 
23450 -0.0150504 0.102535 
23451 -0.013517 0.256649 
23452 0.109706 -0.204993 
23453 0.111033 -0.0519017 
23454 0.113107 0.10085 
23455 0.114479 0.254211 
23456 0.236604 -0.206175 
23457 0.237833 -0.053608 
23458 0.240214 0.0995113 
23459 0.241823 0.252932 
23460 -0.265818 -0.200701 
23461 -0.264452 -0.0546426 
23462 -0.262501 0.0913851 
23463 -0.26002 0.23733 
23464 -0.143466 -0.202085 
23465 -0.141715 -0.0562374 
23466 -0.140514 0.0895588 
23467 -0.138469 0.235523 
23468 -0.0228769 -0.202503 
23469 -0.0204567 -0.0579033 
23470 -0.0189729 0.0878588 
23471 -0.0162726 0.233088 
23472 0.0982255 -0.204196 
23473 0.0998864 -0.0592051 
23474 0.102502 0.0856648 
23475 0.104022 0.230716 
23476 0.217759 -0.204624 
23477 0.220148 -0.0609108 
23478 0.221706 0.0837086 
23479 0.223844 0.228226 
23480 -0.257783 -0.199029 
23481 -0.255275 -0.0605939 
23482 -0.253174 0.0776732 
23483 -0.251579 0.216734 
23484 -0.142399 -0.200559 
23485 -0.139638 -0.0626162 
23486 -0.137158 0.0760016 
23487 -0.135469 0.214486 
23488 -0.0265151 -0.201846 
23489 -0.0244067 -0.0644935 
23490 -0.0219914 0.0733271 
23491 -0.0197469 0.21087 
23492 0.0877322 -0.202782 
23493 0.0898616 -0.0656215 
23494 0.0920597 0.0717407 
23495 0.0946103 0.208789 
23496 0.200774 -0.203966 
23497 0.203576 -0.0675461 
23498 0.205893 0.0692612 
23499 0.207714 0.205876 
23500 -0.251419 -0.19803 
23501 -0.248515 -0.0659974 
23502 -0.245926 0.0657346 
23503 -0.243909 0.197425 
23504 -0.140406 -0.199817 
23505 -0.138075 -0.0681071 
23506 -0.135183 0.063307 
23507 -0.133198 0.194589 
23508 -0.0311165 -0.20068 
23509 -0.0289687 -0.0705186 
23510 -0.0257712 0.0609539 
23511 -0.0239017 0.192147 
23512 0.0773254 -0.201808 
23513 0.0803311 -0.0717817 
23514 0.08245 0.05893 
23515 0.0851535 0.189319 
23516 0.185232 -0.203237 
23517 0.187475 -0.0731003 
23518 0.190323 0.0562254 
23519 0.19328 0.185708 
23520 -0.244622 -0.197089 
23521 -0.24189 -0.0719374 
23522 -0.23938 0.0545306 
23523 -0.237072 0.180232 
23524 -0.139745 -0.199333 
23525 -0.136522 -0.0733583 
23526 -0.133704 0.0518243 
23527 -0.131026 0.176696 
23528 -0.0347802 -0.200494 
23529 -0.0327458 -0.0760039 
23530 -0.02968 0.0493905 
23531 -0.0268707 0.174378 
23532 0.0686665 -0.20135 
23533 0.0714813 -0.0771795 
23534 0.0734723 0.0471591 
23535 0.076863 0.171224 
23536 0.171467 -0.203208 
23537 0.174031 -0.0796854 
23538 0.17633 0.0441636 
23539 0.179111 0.167719 
23540 -0.239724 -0.19715 
23541 -0.236514 -0.076202 
23542 -0.23418 0.0433025 
23543 -0.230923 0.164134 
23544 -0.139369 -0.197966 
23545 -0.136122 -0.0786058 
23546 -0.13328 0.0408998 
23547 -0.129866 0.160361 
23548 -0.0394658 -0.200271 
23549 -0.0365295 -0.0812923 
23550 -0.033683 0.03823 
23551 -0.0305412 0.157706 
23552 0.0591956 -0.201222 
23553 0.0624482 -0.0830167 
23554 0.0655625 0.0358393 
23555 0.0685599 0.154451 
23556 0.157217 -0.20337 
23557 0.160826 -0.0851446 
23558 0.163058 0.0332374 
23559 0.166256 0.151681 
23560 -0.235786 -0.196568 
23561 -0.232209 -0.0814708 
23562 -0.228768 0.0335061 
23563 -0.225782 0.148874 
23564 -0.139278 -0.19849 
23565 -0.135921 -0.0831916 
23566 -0.133071 0.0314081 
23567 -0.13007 0.146052 
23568 -0.0431084 -0.199344 
23569 -0.0403032 -0.0853951 
23570 -0.0367528 0.0278548 
23571 -0.0336403 0.142029 
23572 0.0511534 -0.201552 
23573 0.0547576 -0.087923 
23574 0.0578414 0.0255131 
23575 0.0609928 0.138786 
23576 0.145046 -0.203388 
23577 0.148216 -0.0899395 
23578 0.151293 0.0229809 
23579 0.154626 0.135764 
23580 -0.23215 -0.196341 
23581 -0.228831 -0.0853782 
23582 -0.22525 0.0244778 
23583 -0.222164 0.135652 
23584 -0.13958 -0.198134 
23585 -0.136126 -0.0881264 
23586 -0.132073 0.0221457 
23587 -0.129187 0.131849 
23588 -0.0478344 -0.2001 
23589 -0.0439186 -0.0901005 
23590 -0.0410077 0.0194732 
23591 -0.0377331 0.128112 
23592 0.0437116 -0.201134 
23593 0.0467199 -0.0929242 
23594 0.0497015 0.0164431 
23595 0.0528357 0.125322 
23596 0.132943 -0.202721 
23597 0.136089 -0.0945515 
23598 0.139769 0.0134754 
23599 0.142968 0.121695 
23600 -0.228844 -0.195688 
23601 -0.225381 -0.0899092 
23602 -0.221814 0.0163679 
23603 -0.218426 0.122118 
23604 -0.139242 -0.198346 
23605 -0.13573 -0.0925068 
23606 -0.132476 0.013783 
23607 -0.128737 0.119112 
23608 -0.0518193 -0.199809 
23609 -0.048382 -0.0941724 
23610 -0.0443592 0.0106462 
23611 -0.041463 0.115371 
23612 0.0357273 -0.201958 
23613 0.0387621 -0.0965021 
23614 0.0426292 0.00699041 
23615 0.0462289 0.111975 
23616 0.122337 -0.202967 
23617 0.125014 -0.0995393 
23618 0.12834 0.0046899 
23619 0.131774 0.108733 
23620 -0.226 -0.195916 
23621 -0.222336 -0.0937626 
23622 -0.218643 0.00878077 
23623 -0.21543 0.110112 
23624 -0.139977 -0.198338 
23625 -0.136837 -0.095902 
23626 -0.133379 0.00535302 
23627 -0.12929 0.107111 
23628 -0.0556707 -0.2 
23629 -0.0521608 -0.0990286 
23630 -0.0479506 0.00274445 
23631 -0.0451258 0.102837 
23632 0.0288225 -0.202024 
23633 0.0321758 -0.101178 
23634 0.0358227 -0.000678464 
23635 0.038611 0.0994694 
23636 0.111784 -0.203838 
23637 0.114508 -0.103859 
23638 0.118599 -0.00383663 
23639 0.121693 0.096294 
23640 -0.22369 -0.196229 
23641 -0.220123 -0.0972143 
23642 -0.216042 0.00120391 
23643 -0.212993 0.0992618 
23644 -0.141504 -0.198494 
23645 -0.13725 -0.0998461 
23646 -0.133446 -0.00201556 
23647 -0.129881 0.0961806 
23648 -0.0595339 -0.199649 
23649 -0.0560295 -0.102431 
23650 -0.0524306 -0.00519496 
23651 -0.048085 0.0923327 
23652 0.0217727 -0.201572 
23653 0.024605 -0.105205 
23654 0.0286807 -0.00838641 
23655 0.0318536 0.0886919 
23656 0.101375 -0.203948 
23657 0.104933 -0.107075 
23658 0.108267 -0.0108277 
23659 0.111737 0.0849197 
23660 -0.222294 -0.196678 
23661 -0.218569 -0.101425 
23662 -0.214514 -0.00622291 
23663 -0.210923 0.0890912 
23664 -0.142458 -0.1981 
23665 -0.137951 -0.103941 
23666 -0.134498 -0.00923063 
23667 -0.130455 0.0850877 
23668 -0.0629429 -0.199997 
23669 -0.0590524 -0.105744 
23670 -0.0554908 -0.0117941 
23671 -0.0518549 0.081569 
23672 0.0151142 -0.201721 
23673 0.0183807 -0.108929 
23674 0.0221955 -0.0155772 
23675 0.0255253 0.0777674 
23676 0.0916897 -0.20343 
23677 0.095375 -0.111108 
23678 0.098953 -0.0184232 
23679 0.10307 0.0743453 
23680 -0.221201 -0.196363 
23681 -0.216827 -0.104208 
23682 -0.212993 -0.0124463 
23683 -0.208476 0.0793761 
23684 -0.143755 -0.198747 
23685 -0.139713 -0.107159 
23686 -0.135393 -0.0160184 
23687 -0.131621 0.0757217 
23688 -0.0675958 -0.199935 
23689 -0.0634074 -0.109467 
23690 -0.0590881 -0.0188592 
23691 -0.0553643 0.0715243 
23692 0.00792802 -0.202004 
23693 0.0121732 -0.112387 
23694 0.0154068 -0.0216093 
23695 0.0194468 0.0681516 
23696 0.0824488 -0.204617 
23697 0.0861865 -0.114398 
23698 0.0896532 -0.0245072 
23699 0.0941662 0.0648482 
23700 -0.219282 -0.196268 
23701 -0.215693 -0.10767 
23702 -0.211344 -0.0187747 
23703 -0.207578 0.0702093 
23704 -0.145066 -0.198934 
23705 -0.141151 -0.109965 
23706 -0.136867 -0.0217385 
23707 -0.132812 0.0669136 
23708 -0.0714634 -0.20058 
23709 -0.0672195 -0.112167 
23710 -0.0631417 -0.0245106 
23711 -0.0594609 0.0631429 
23712 0.00135636 -0.202487 
23713 0.00521718 -0.11528 
23714 0.00968247 -0.0278386 
23715 0.0131096 0.0590749 
23716 0.0740333 -0.204414 
23717 0.0777349 -0.117232 
23718 0.0817014 -0.0308076 
23719 0.0850167 0.0556918 
23720 -0.218832 -0.196904 
23721 -0.214577 -0.109933 
23722 -0.21047 -0.0244731 
23723 -0.206343 0.0619525 
23724 -0.146384 -0.198354 
23725 -0.141943 -0.113192 
23726 -0.138093 -0.0270435 
23727 -0.134318 0.0585037 
23728 -0.074708 -0.200574 
23729 -0.0713242 -0.115656 
23730 -0.0665518 -0.0309068 
23731 -0.062647 0.0547429 
23732 -0.00398443 -0.202135 
23733 8.49704e-06 -0.117793 
23734 0.00349522 -0.0338023 
23735 0.00788664 0.0511274 
23736 0.0656853 -0.204488 
23737 0.0687123 -0.120843 
23738 0.0726524 -0.0362765 
23739 0.0769223 0.0468671 
23740 -0.218981 -0.196997 
23741 -0.213973 -0.113353 
23742 -0.210439 -0.029568 
23743 -0.205286 0.0534778 
23744 -0.148306 -0.19844 
23745 -0.143582 -0.115097 
23746 -0.139939 -0.0330107 
23747 -0.135617 0.0501578 
23748 -0.0786369 -0.200541 
23749 -0.0747538 -0.117896 
23750 -0.0703723 -0.035503 
23751 -0.0664187 0.0468743 
23752 -0.0102521 -0.202979 
23753 -0.00606945 -0.121125 
23754 -0.00252202 -0.0388445 
23755 0.00182485 0.04304 
23756 0.0570852 -0.204407 
23757 0.061158 -0.123192 
23758 0.0654012 -0.0418996 
23759 0.068734 0.0392123 
