23380 -0.333791 -0.216552 
23381 -0.333422 -0.0170457 
23382 -0.333517 0.183135 
23383 -0.333398 0.383628 
23384 -0.166916 -0.217138 
23385 -0.166207 -0.016221 
23386 -0.166511 0.182896 
23387 -0.166908 0.383126 
23388 -0.000475023 -0.21708 
23389 0.000218557 -0.0165196 
23390 -0.000135591 0.183124 
23391 -0.00028632 0.383247 
23392 0.166585 -0.217166 
23393 0.166499 -0.016896 
23394 0.166463 0.183006 
23395 0.166713 0.383118 
23396 0.33355 -0.216504 
23397 0.33382 -0.0165339 
23398 0.333439 0.18319 
23399 0.33284 0.382938 
23400 -0.31498 -0.212324 
23401 -0.314817 -0.0263259 
23402 -0.314539 0.15995 
23403 -0.314177 0.346862 
23404 -0.159759 -0.212577 
23405 -0.15987 -0.0265825 
23406 -0.159036 0.1594 
23407 -0.158583 0.346022 
23408 -0.00469559 -0.212639 
23409 -0.00464034 -0.0272942 
23410 -0.0035005 0.15864 
23411 -0.00310275 0.344744 
23412 0.149562 -0.21299 
23413 0.150345 -0.0271689 
23414 0.150664 0.158239 
23415 0.151718 0.343899 
23416 0.304224 -0.21351 
23417 0.304564 -0.02719 
23418 0.305953 0.158488 
23419 0.305848 0.34408 
23420 -0.300444 -0.209051 
23421 -0.298923 -0.0344051 
23422 -0.298538 0.139427 
23423 -0.297703 0.314212 
23424 -0.154078 -0.208851 
23425 -0.153241 -0.0354575 
23426 -0.152809 0.138451 
23427 -0.152258 0.312735 
23428 -0.00923694 -0.210174 
23429 -0.00846553 -0.036122 
23430 -0.00810411 0.137999 
23431 -0.00641155 0.311809 
23432 0.135306 -0.210633 
23433 0.136036 -0.0365975 
23434 0.137415 0.137083 
23435 0.138164 0.309813 
23436 0.278744 -0.210241 
23437 0.2804 -0.037069 
23438 0.281477 0.135354 
23439 0.282442 0.308815 
23440 -0.286755 -0.205929 
23441 -0.285452 -0.0425984 
23442 -0.284578 0.121722 
23443 -0.283245 0.285096 
23444 -0.150668 -0.206836 
23445 -0.148783 -0.0436977 
23446 -0.147534 0.119674 
23447 -0.145994 0.283131 
23448 -0.0143224 -0.207325 
23449 -0.0129416 -0.0448468 
23450 -0.0113941 0.118486 
23451 -0.0102042 0.281943 
23452 0.121312 -0.208054 
23453 0.122922 -0.0454627 
23454 0.123958 0.117141 
23455 0.125053 0.279718 
23456 0.256203 -0.209056 
23457 0.257537 -0.0469996 
23458 0.259604 0.115518 
23459 0.260423 0.278829 
23460 -0.276004 -0.203646 
23461 -0.274308 -0.0497627 
23462 -0.272473 0.104371 
23463 -0.271079 0.259115 
23464 -0.147039 -0.205396 
23465 -0.145302 -0.0513207 
23466 -0.144051 0.103467 
23467 -0.141935 0.257549 
23468 -0.0185591 -0.206064 
23469 -0.0173177 -0.0521067 
23470 -0.0156884 0.10121 
23471 -0.0135188 0.255301 
23472 0.109055 -0.206306 
23473 0.111217 -0.0532264 
23474 0.112787 0.0993714 
23475 0.113854 0.252999 
23476 0.236396 -0.207944 
23477 0.237823 -0.0548976 
23478 0.239451 0.0982789 
23479 0.241337 0.250747 
23480 -0.266161 -0.202411 
23481 -0.264144 -0.0560239 
23482 -0.262284 0.0901241 
23483 -0.260761 0.235974 
23484 -0.144821 -0.203867 
23485 -0.142033 -0.0579092 
23486 -0.140097 0.0876157 
23487 -0.138229 0.233386 
23488 -0.022825 -0.204524 
23489 -0.0214223 -0.0594054 
23490 -0.0189477 0.086152 
23491 -0.0171196 0.231149 
23492 0.0977301 -0.205033 
23493 0.0995418 -0.0611891 
23494 0.10181 0.0836121 
23495 0.103544 0.229172 
23496 0.217971 -0.2069 
23497 0.219705 -0.061788 
23498 0.221916 0.0819088 
23499 0.223297 0.226236 
23500 -0.258681 -0.201229 
23501 -0.25625 -0.0625899 
23502 -0.254449 0.0762726 
23503 -0.25206 0.214772 
23504 -0.142512 -0.202676 
23505 -0.140628 -0.0638932 
23506 -0.138012 0.0737698 
23507 -0.135618 0.212027 
23508 -0.0274781 -0.20307 
23509 -0.0246084 -0.0656214 
23510 -0.0229777 0.0714719 
23511 -0.0202098 0.209918 
23512 0.0867129 -0.204781 
23513 0.0895983 -0.0677913 
23514 0.0913173 0.0699939 
23515 0.0938001 0.206587 
23516 0.200525 -0.205453 
23517 0.202713 -0.0693803 
23518 0.205012 0.0670994 
23519 0.207644 0.20389 
23520 -0.251647 -0.200158 
23521 -0.249055 -0.0682187 
23522 -0.246461 0.0631414 
23523 -0.243628 0.195165 
23524 -0.141216 -0.201554 
23525 -0.138321 -0.0699063 
23526 -0.136345 0.0609313 
23527 -0.134022 0.192459 
23528 -0.0311524 -0.203143 
23529 -0.0288378 -0.0722735 
23530 -0.0262922 0.058633 
23531 -0.023919 0.190038 
23532 0.0767685 -0.204475 
23533 0.079816 -0.0735271 
23534 0.0822885 0.0566398 
23535 0.0850957 0.186924 
23536 0.18529 -0.205218 
23537 0.187628 -0.0752453 
23538 0.189768 0.0539091 
23539 0.192149 0.184351 
23540 -0.246048 -0.199858 
23541 -0.242536 -0.0736 
23542 -0.240081 0.0524454 
23543 -0.237755 0.177862 
23544 -0.14011 -0.200611 
23545 -0.137945 -0.0762064 
23546 -0.134514 0.0496441 
23547 -0.132076 0.174549 
23548 -0.0359117 -0.202624 
23549 -0.0329098 -0.0774117 
23550 -0.0303151 0.0472459 
23551 -0.0275907 0.17156 
23552 0.0675409 -0.204277 
23553 0.0704027 -0.0800368 
23554 0.073151 0.044702 
23555 0.0762772 0.169297 
23556 0.1709 -0.204883 
23557 0.17326 -0.0812703 
23558 0.176261 0.0420019 
23559 0.178879 0.165838 
23560 -0.240686 -0.199426 
23561 -0.237237 -0.0791038 
23562 -0.235157 0.0417602 
23563 -0.231845 0.162035 
23564 -0.14 -0.200742 
23565 -0.13729 -0.0810556 
23566 -0.133519 0.0390684 
23567 -0.130628 0.158577 
23568 -0.0404204 -0.202211 
23569 -0.03723 -0.0834662 
23570 -0.0345881 0.0361435 
23571 -0.0313303 0.155624 
23572 0.0591936 -0.20314 
23573 0.0619346 -0.0851282 
23574 0.0648412 0.0330828 
23575 0.06764 0.151851 
23576 0.157078 -0.205208 
23577 0.159984 -0.0869128 
23578 0.162273 0.0313961 
23579 0.165398 0.14895 
23580 -0.236157 -0.198442 
23581 -0.232726 -0.083533 
23582 -0.229483 0.0314315 
23583 -0.226743 0.146585 
23584 -0.13988 -0.200632 
23585 -0.136315 -0.086262 
23586 -0.133916 0.0284257 
23587 -0.130507 0.142984 
23588 -0.0436256 -0.202203 
23589 -0.0406553 -0.0882699 
23590 -0.0379162 0.0258489 
23591 -0.03461 0.140174 
23592 0.0503492 -0.203463 
23593 0.0540961 -0.0901933 
23594 0.0571671 0.0230861 
23595 0.0596544 0.136446 
23596 0.14444 -0.205268 
23597 0.147845 -0.0921326 
23598 0.150385 0.0204915 
23599 0.153137 0.134113 
23600 -0.23307 -0.199012 
23601 -0.229046 -0.087917 
23602 -0.225453 0.0226613 
23603 -0.22291 0.132601 
23604 -0.139952 -0.200032 
23605 -0.136355 -0.0902703 
23606 -0.132798 0.0195646 
23607 -0.130259 0.129606 
23608 -0.048612 -0.201834 
23609 -0.0447067 -0.0925179 
23610 -0.0414363 0.0170054 
23611 -0.0381361 0.126103 
23612 0.0426454 -0.203719 
23613 0.0462762 -0.0946721 
23614 0.0493658 0.0141986 
23615 0.0521345 0.122355 
23616 0.132924 -0.204963 
23617 0.135687 -0.0971965 
23618 0.139137 0.0111934 
23619 0.14245 0.119412 
23620 -0.22946 -0.198618 
23621 -0.226161 -0.0917612 
23622 -0.222287 0.0144368 
23623 -0.219056 0.120131 
23624 -0.14063 -0.199878 
23625 -0.13675 -0.094723 
23626 -0.133361 0.0111204 
23627 -0.130198 0.116192 
23628 -0.0521779 -0.202529 
23629 -0.0490643 -0.0971312 
23630 -0.0456448 0.00857729 
23631 -0.0424134 0.11264 
23632 0.035498 -0.203944 
23633 0.0385127 -0.0993056 
23634 0.0415351 0.00488077 
23635 0.0448927 0.109881 
23636 0.121337 -0.205014 
23637 0.125011 -0.101691 
23638 0.127541 0.00236575 
23639 0.13078 0.106093 
23640 -0.226919 -0.198881 
23641 -0.223455 -0.0966659 
23642 -0.219146 0.00636224 
23643 -0.216252 0.108316 
23644 -0.14091 -0.200284 
23645 -0.137568 -0.0989732 
23646 -0.134295 0.00322078 
23647 -0.130663 0.104273 
23648 -0.0563385 -0.202245 
23649 -0.0525861 -0.101115 
23650 -0.0495874 -9.37302e-05 
23651 -0.0460503 0.100678 
23652 0.0273674 -0.203469 
23653 0.0311396 -0.103483 
23654 0.0342088 -0.00298169 
23655 0.0383777 0.0978433 
23656 0.110153 -0.205786 
23657 0.114039 -0.105439 
23658 0.117787 -0.00593542 
23659 0.121427 0.0943416 
23660 -0.225199 -0.198267 
23661 -0.221132 -0.100141 
23662 -0.216727 -0.000850468 
23663 -0.213079 0.0966548 
23664 -0.141549 -0.200359 
23665 -0.138477 -0.10203 
23666 -0.134255 -0.00449406 
23667 -0.13106 0.0930674 
23668 -0.0601702 -0.202292 
23669 -0.0565015 -0.104629 
23670 -0.052577 -0.00724077 
23671 -0.0489181 0.0899326 
23672 0.0202396 -0.204097 
23673 0.0242358 -0.107474 
23674 0.0276776 -0.0106581 
23675 0.0314074 0.0862084 
23676 0.100557 -0.206275 
23677 0.103961 -0.109353 
23678 0.108118 -0.0131187 
23679 0.110867 0.0832561 
23680 -0.2229 -0.198871 
23681 -0.219672 -0.103499 
23682 -0.214863 -0.00850252 
23683 -0.211239 0.0871995 
23684 -0.143362 -0.200106 
23685 -0.139423 -0.106051 
23686 -0.135086 -0.0110672 
23687 -0.131626 0.082619 
23688 -0.0639005 -0.202137 
23689 -0.0606292 -0.107989 
23690 -0.0562098 -0.0139908 
23691 -0.0525498 0.0798436 
23692 0.0133772 -0.204117 
23693 0.0171386 -0.110815 
23694 0.0215876 -0.0175146 
23695 0.0244628 0.0756149 
23696 0.0913941 -0.206465 
23697 0.0945559 -0.113411 
23698 0.0986409 -0.0205075 
23699 0.101874 0.0720164 
23700 -0.222227 -0.198821 
23701 -0.218105 -0.106682 
23702 -0.213639 -0.0147306 
23703 -0.209968 0.0767616 
23704 -0.144617 -0.200883 
23705 -0.14066 -0.109267 
23706 -0.136523 -0.0181887 
23707 -0.132683 0.073082 
23708 -0.0681375 -0.202594 
23709 -0.0643477 -0.111203 
23710 -0.0603376 -0.0210904 
23711 -0.0561203 0.0696609 
23712 0.0070526 -0.204191 
23713 0.0108112 -0.113868 
23714 0.0146222 -0.0237796 
23715 0.0190182 0.0661697 
23716 0.081824 -0.205919 
23717 0.0856661 -0.116381 
23718 0.0891179 -0.0269296 
23719 0.0923851 0.0621837 
23720 -0.220754 -0.19842 
23721 -0.21663 -0.109168 
23722 -0.212873 -0.0207303 
23723 -0.208326 0.0684482 
23724 -0.1461 -0.200609 
23725 -0.142163 -0.112432 
23726 -0.138008 -0.0235311 
23727 -0.13336 0.0645676 
23728 -0.0721817 -0.203063 
23729 -0.0680921 -0.115197 
23730 -0.0641011 -0.0264518 
23731 -0.0599456 0.0605043 
23732 0.00139245 -0.204183 
23733 0.00475025 -0.116781 
23734 0.00848677 -0.030098 
23735 0.0128023 0.0571152 
23736 0.0728668 -0.206551 
23737 0.0767752 -0.120148 
23738 0.0806249 -0.0330975 
23739 0.0838244 0.0539754 
23740 -0.219712 -0.198611 
23741 -0.215545 -0.112006 
23742 -0.211741 -0.0258137 
23743 -0.20728 0.0595505 
23744 -0.147569 -0.200358 
23745 -0.143224 -0.115036 
23746 -0.139408 -0.029181 
23747 -0.135037 0.0562305 
23748 -0.0763646 -0.202432 
23749 -0.0720535 -0.117666 
23750 -0.0682663 -0.0328943 
23751 -0.0643869 0.0521551 
23752 -0.00512532 -0.205073 
23753 -0.00160364 -0.119693 
23754 0.00269148 -0.0354636 
23755 0.00658467 0.0490917 
23756 0.0640269 -0.2062 
23757 0.0677175 -0.122099 
23758 0.0715196 -0.0384895 
23759 0.0758801 0.0449938 
23760 -0.219652 -0.19847 
23761 -0.214948 -0.11458 
23762 -0.21131 -0.0311356 
23763 -0.206415 0.0515878 
23764 -0.149371 -0.201038 
23765 -0.144795 -0.117328 
23766 -0.140773 -0.0350295 
23767 -0.137169 0.0483462 
23768 -0.079748 -0.202541 
23769 -0.0758705 -0.120575 
23770 -0.0713229 -0.0382613 
23771 -0.0679635 0.0442236 
23772 -0.0116873 -0.204627 
23773 -0.00715955 -0.12304 
23774 -0.00380839 -0.0406272 
23775 0.000764262 0.0410581 
23776 0.0561367 -0.207048 
23777 0.0605044 -0.125412 
23778 0.0638975 -0.0435356 
23779 0.0672781 0.0367364 
