23460 -0.332959 -0.216424 
23461 -0.333153 -0.0162708 
23462 -0.333827 0.183628 
23463 -0.333351 0.383193 
23464 -0.167056 -0.217104 
23465 -0.166209 -0.0163019 
23466 -0.16658 0.183039 
23467 -0.166368 0.383456 
23468 -0.000242883 -0.21664 
23469 -0.000386807 -0.016706 
23470 -0.000201025 0.183536 
23471 6.16269e-05 0.383249 
23472 0.166511 -0.216799 
23473 0.166758 -0.0165736 
23474 0.167093 0.183305 
23475 0.167069 0.383309 
23476 0.332992 -0.216367 
23477 0.333672 -0.0169888 
23478 0.333176 0.183502 
23479 0.333825 0.383632 
23480 -0.315379 -0.213542 
23481 -0.315392 -0.0273603 
23482 -0.314769 0.158805 
23483 -0.314039 0.344539 
23484 -0.160681 -0.214026 
23485 -0.160033 -0.0283995 
23486 -0.158986 0.158588 
23487 -0.159157 0.344022 
23488 -0.00486825 -0.214472 
23489 -0.00443332 -0.0288835 
23490 -0.00462596 0.157155 
23491 -0.00380046 0.344007 
23492 0.149213 -0.214376 
23493 0.150415 -0.029212 
23494 0.150776 0.157226 
23495 0.151329 0.342737 
23496 0.303856 -0.215164 
23497 0.304209 -0.0287309 
23498 0.305215 0.156492 
23499 0.305541 0.341656 
23500 -0.300812 -0.211544 
23501 -0.299675 -0.0374475 
23502 -0.299267 0.136767 
23503 -0.297838 0.311687 
23504 -0.155196 -0.21204 
23505 -0.154117 -0.0383067 
23506 -0.153793 0.135767 
23507 -0.152487 0.310387 
23508 -0.0101504 -0.212323 
23509 -0.00974688 -0.0388971 
23510 -0.00877266 0.135133 
23511 -0.00780301 0.308393 
23512 0.133729 -0.212685 
23513 0.134657 -0.040063 
23514 0.136389 0.133472 
23515 0.136799 0.306972 
23516 0.278077 -0.213682 
23517 0.279431 -0.0406963 
23518 0.280438 0.132782 
23519 0.281217 0.306312 
23520 -0.288664 -0.210461 
23521 -0.287365 -0.0466951 
23522 -0.285884 0.117538 
23523 -0.284444 0.280856 
23524 -0.151775 -0.210389 
23525 -0.150321 -0.0471393 
23526 -0.149053 0.115836 
23527 -0.147938 0.279853 
23528 -0.0152235 -0.211738 
23529 -0.0141613 -0.0487207 
23530 -0.0130067 0.114489 
23531 -0.0109453 0.278049 
23532 0.120566 -0.21244 
23533 0.121205 -0.0496195 
23534 0.122704 0.113256 
23535 0.124039 0.275673 
23536 0.255758 -0.212448 
23537 0.256539 -0.0501213 
23538 0.257842 0.111651 
23539 0.259137 0.274715 
23540 -0.277666 -0.208852 
23541 -0.276465 -0.054464 
23542 -0.274036 0.0998394 
23543 -0.272768 0.254385 
23544 -0.148752 -0.209815 
23545 -0.146874 -0.055657 
23546 -0.145332 0.0983911 
23547 -0.143174 0.252507 
23548 -0.0203769 -0.210468 
23549 -0.0179788 -0.0566295 
23550 -0.0167014 0.096551 
23551 -0.0150461 0.25077 
23552 0.107262 -0.211419 
23553 0.10914 -0.0577773 
23554 0.110808 0.0952065 
23555 0.112177 0.248462 
23556 0.234466 -0.211753 
23557 0.236395 -0.0595302 
23558 0.237959 0.0937023 
23559 0.23972 0.246293 
23560 -0.268269 -0.207701 
23561 -0.266739 -0.0620712 
23562 -0.264695 0.0849132 
23563 -0.262108 0.230565 
23564 -0.145914 -0.208727 
23565 -0.144159 -0.0634104 
23566 -0.142268 0.0824436 
23567 -0.140216 0.228064 
23568 -0.0251694 -0.210196 
23569 -0.0229372 -0.0644964 
23570 -0.0206912 0.0803579 
23571 -0.018676 0.226128 
23572 0.0954891 -0.210738 
23573 0.0974145 -0.0661276 
23574 0.0997762 0.0787166 
23575 0.10184 0.223439 
23576 0.216133 -0.211845 
23577 0.217399 -0.0673746 
23578 0.219983 0.0771947 
23579 0.221218 0.22106 
23580 -0.26029 -0.206846 
23581 -0.258533 -0.0684102 
23582 -0.256114 0.0704644 
23583 -0.253868 0.208502 
23584 -0.144363 -0.208199 
23585 -0.1428 -0.0703637 
23586 -0.139648 0.0681984 
23587 -0.137482 0.206397 
23588 -0.0296282 -0.209892 
23589 -0.0272662 -0.0715004 
23590 -0.0253335 0.0657685 
23591 -0.0221475 0.203449 
23592 0.0852304 -0.210657 
23593 0.0872982 -0.0731924 
23594 0.0899046 0.0644106 
23595 0.0916913 0.200891 
23596 0.198932 -0.2114 
23597 0.200625 -0.074831 
23598 0.20294 0.0615349 
23599 0.204886 0.198764 
23600 -0.254317 -0.207045 
23601 -0.251165 -0.0749574 
23602 -0.2485 0.0572214 
23603 -0.246366 0.189085 
23604 -0.143748 -0.207595 
23605 -0.141392 -0.0761346 
23606 -0.138773 0.0551682 
23607 -0.136233 0.186457 
23608 -0.0336786 -0.209313 
23609 -0.0317534 -0.0783225 
23610 -0.0289527 0.0527502 
23611 -0.0264285 0.183417 
23612 0.075285 -0.210247 
23613 0.0774902 -0.079669 
23614 0.0794958 0.0506456 
23615 0.0821297 0.180335 
23616 0.183052 -0.211933 
23617 0.184868 -0.0817875 
23618 0.187331 0.0484905 
23619 0.189925 0.178516 
23620 -0.248122 -0.206391 
23621 -0.245445 -0.0803699 
23622 -0.242666 0.0451104 
23623 -0.240282 0.17129 
23624 -0.142537 -0.207922 
23625 -0.140004 -0.0817461 
23626 -0.137588 0.0433448 
23627 -0.134761 0.167885 
23628 -0.0379919 -0.208707 
23629 -0.0354337 -0.0840238 
23630 -0.0332108 0.0402884 
23631 -0.0298906 0.165212 
23632 0.0657404 -0.21066 
23633 0.0677058 -0.0858476 
23634 0.0707777 0.038391 
23635 0.0730879 0.162837 
23636 0.167987 -0.212023 
23637 0.170611 -0.0875489 
23638 0.173695 0.0354693 
23639 0.176352 0.159069 
23640 -0.243789 -0.206327 
23641 -0.240595 -0.0852798 
23642 -0.23691 0.0348936 
23643 -0.234176 0.155161 
23644 -0.142473 -0.207633 
23645 -0.1397 -0.0872277 
23646 -0.136373 0.0320038 
23647 -0.133168 0.151803 
23648 -0.0425002 -0.208865 
23649 -0.0393279 -0.0896876 
23650 -0.0369352 0.0290966 
23651 -0.033783 0.148994 
23652 0.0560915 -0.210631 
23653 0.0593609 -0.091158 
23654 0.0625686 0.0270676 
23655 0.0650153 0.145896 
23656 0.154238 -0.211544 
23657 0.157835 -0.0938515 
23658 0.160543 0.0246195 
23659 0.162863 0.142733 
23660 -0.23939 -0.206141 
23661 -0.235623 -0.0908071 
23662 -0.232701 0.0249594 
23663 -0.229387 0.140325 
23664 -0.142802 -0.207276 
23665 -0.139624 -0.0924465 
23666 -0.136691 0.0220896 
23667 -0.133365 0.136931 
23668 -0.0466955 -0.208964 
23669 -0.0437073 -0.0950664 
23670 -0.0406169 0.0193109 
23671 -0.0376661 0.133524 
23672 0.0477487 -0.210147 
23673 0.0512728 -0.0971065 
23674 0.0542721 0.0164623 
23675 0.0569758 0.129707 
23676 0.142251 -0.211694 
23677 0.144579 -0.0983034 
23678 0.148049 0.0138373 
23679 0.150662 0.126653 
23680 -0.235318 -0.205709 
23681 -0.232476 -0.0947133 
23682 -0.228878 0.0155854 
23683 -0.226019 0.125605 
23684 -0.143195 -0.206928 
23685 -0.140057 -0.0969675 
23686 -0.1363 0.0132253 
23687 -0.132756 0.122244 
23688 -0.0505872 -0.208665 
23689 -0.0474335 -0.0995864 
23690 -0.0448222 0.00977145 
23691 -0.0412189 0.119473 
23692 0.0394045 -0.210207 
23693 0.0429148 -0.101526 
23694 0.0457699 0.00737089 
23695 0.0491559 0.115854 
23696 0.12966 -0.212436 
23697 0.132569 -0.103471 
23698 0.136168 0.00503124 
23699 0.138657 0.113231 
23700 -0.232669 -0.205533 
23701 -0.229614 -0.0989259 
23702 -0.225403 0.00684837 
23703 -0.221857 0.11269 
23704 -0.143693 -0.206979 
23705 -0.140046 -0.101781 
23706 -0.136211 0.00442136 
23707 -0.133469 0.109758 
23708 -0.0552532 -0.208882 
23709 -0.0515104 -0.103505 
23710 -0.048056 0.00162413 
23711 -0.0447192 0.106878 
23712 0.0321545 -0.210646 
23713 0.0350223 -0.105635 
23714 0.0383898 -0.00163167 
23715 0.0419805 0.102699 
23716 0.118457 -0.21256 
23717 0.121471 -0.107895 
23718 0.124923 -0.00417704 
23719 0.128087 0.0996252 
23720 -0.2301 -0.2057 
23721 -0.226261 -0.103177 
23722 -0.222808 -0.00114948 
23723 -0.219413 0.101029 
23724 -0.144188 -0.206873 
23725 -0.140899 -0.10504 
23726 -0.137032 -0.00387694 
23727 -0.133457 0.0980683 
23728 -0.0593186 -0.208724 
23729 -0.0557168 -0.107567 
23730 -0.0528972 -0.00659316 
23731 -0.0489002 0.0947602 
23732 0.0250538 -0.211094 
23733 0.0278006 -0.110055 
23734 0.0315255 -0.00947304 
23735 0.0344025 0.0910401 
23736 0.107366 -0.211864 
23737 0.110943 -0.111664 
23738 0.114242 -0.0124548 
23739 0.11755 0.0880119 
23740 -0.228454 -0.205565 
23741 -0.224799 -0.10624 
23742 -0.220213 -0.00774861 
23743 -0.217304 0.0900964 
23744 -0.145377 -0.207389 
23745 -0.141393 -0.108514 
23746 -0.13838 -0.0109942 
23747 -0.133881 0.0867063 
23748 -0.062956 -0.208657 
23749 -0.059891 -0.111097 
23750 -0.0560623 -0.0135806 
23751 -0.0523931 0.0835357 
23752 0.0174406 -0.210706 
23753 0.0214768 -0.113258 
23754 0.0248084 -0.0170987 
23755 0.0277929 0.079547 
23756 0.0978447 -0.212356 
23757 0.101262 -0.115708 
23758 0.104264 -0.0193286 
23759 0.107177 0.0770491 
23760 -0.226742 -0.205114 
23761 -0.222473 -0.109957 
23762 -0.218836 -0.0143966 
23763 -0.215268 0.0802527 
23764 -0.146309 -0.207522 
23765 -0.142508 -0.111938 
23766 -0.139288 -0.0176899 
23767 -0.134809 0.0768188 
23768 -0.0678138 -0.209311 
23769 -0.0636821 -0.11481 
23770 -0.0604677 -0.0207933 
23771 -0.0564911 0.0729487 
23772 0.0107302 -0.210133 
23773 0.013879 -0.117346 
23774 0.017945 -0.0238396 
23775 0.0214709 0.0693773 
23776 0.0882216 -0.212121 
23777 0.0913335 -0.119315 
23778 0.0945309 -0.0260525 
23779 0.0982914 0.0663081 
23780 -0.225761 -0.205489 
23781 -0.221672 -0.112534 
23782 -0.217177 -0.0212674 
23783 -0.21387 0.0705302 
23784 -0.14751 -0.20669 
23785 -0.143729 -0.11552 
23786 -0.139857 -0.0239605 
23787 -0.136377 0.0669637 
23788 -0.070989 -0.208266 
23789 -0.0674915 -0.117431 
23790 -0.0641156 -0.0266866 
23791 -0.0601287 0.0633447 
23792 0.00401544 -0.210251 
23793 0.00796885 -0.120273 
23794 0.011537 -0.029682 
23795 0.0143908 0.0599532 
23796 0.0787417 -0.212072 
23797 0.0817835 -0.12212 
23798 0.0852284 -0.0329886 
23799 0.088857 0.056827 
23800 -0.224761 -0.20496 
23801 -0.220399 -0.115805 
23802 -0.216604 -0.0269556 
23803 -0.212119 0.0621212 
23804 -0.149848 -0.206454 
23805 -0.145668 -0.118219 
23806 -0.141396 -0.0297169 
23807 -0.137698 0.0590238 
23808 -0.0757817 -0.208086 
23809 -0.0720496 -0.119964 
23810 -0.0677435 -0.0323262 
23811 -0.0638571 0.054563 
23812 -0.00261271 -0.209949 
23813 0.00137815 -0.122417 
23814 0.00445272 -0.0356542 
23815 0.00819494 0.0519398 
23816 0.0698501 -0.211712 
23817 0.0733124 -0.124669 
23818 0.0768193 -0.0380202 
23819 0.0796101 0.0486077 
23820 -0.223625 -0.205042 
23821 -0.219287 -0.117885 
23822 -0.215409 -0.0323948 
23823 -0.211014 0.0538547 
23824 -0.151468 -0.206043 
23825 -0.146676 -0.120135 
23826 -0.143576 -0.034537 
23827 -0.139522 0.05079 
23828 -0.079139 -0.208398 
23829 -0.0753223 -0.123272 
23830 -0.0716536 -0.037971 
23831 -0.0676455 0.0471943 
23832 -0.00838955 -0.210228 
23833 -0.00522761 -0.125406 
23834 -0.00162061 -0.0403847 
23835 0.00215307 0.0435927 
23836 0.0616869 -0.211481 
23837 0.0649218 -0.127362 
23838 0.068006 -0.0433707 
23839 0.0718941 0.0397155 
23840 -0.223446 -0.204875 
23841 -0.219173 -0.12066 
23842 -0.215429 -0.0368349 
23843 -0.211169 0.0464207 
23844 -0.152408 -0.206673 
23845 -0.149178 -0.122595 
23846 -0.144715 -0.0402818 
23847 -0.140864 0.0433961 
23848 -0.0832413 -0.208193 
23849 -0.0792257 -0.124944 
23850 -0.0755713 -0.0426571 
23851 -0.0720107 0.0393157 
23852 -0.0147836 -0.209375 
23853 -0.010539 -0.127994 
23854 -0.00722413 -0.0451525 
23855 -0.00356495 0.0356787 
23856 0.0527957 -0.211482 
23857 0.0566574 -0.130324 
23858 0.0597736 -0.0486785 
23859 0.0630365 0.0330989 
