23540 -0.33367 -0.216426 
23541 -0.333564 -0.0170616 
23542 -0.333394 0.183007 
23543 -0.333646 0.383068 
23544 -0.166729 -0.216494 
23545 -0.167066 -0.0165439 
23546 -0.166539 0.183319 
23547 -0.166679 0.383807 
23548 -0.000244225 -0.216895 
23549 -0.000222002 -0.0162207 
23550 0.000427216 0.183666 
23551 0.00011525 0.382983 
23552 0.167086 -0.216613 
23553 0.166641 -0.0162564 
23554 0.166656 0.183811 
23555 0.166757 0.383199 
23556 0.333818 -0.21689 
23557 0.333754 -0.0162143 
23558 0.332896 0.183164 
23559 0.33358 0.382956 
23560 -0.316036 -0.214786 
23561 -0.31619 -0.0288154 
23562 -0.31542 0.157834 
23563 -0.314816 0.344234 
23564 -0.16055 -0.214849 
23565 -0.160737 -0.029324 
23566 -0.159795 0.157524 
23567 -0.158825 0.3433 
23568 -0.00560986 -0.214967 
23569 -0.00538259 -0.0290095 
23570 -0.00425909 0.156995 
23571 -0.00374848 0.342119 
23572 0.148738 -0.215977 
23573 0.149825 -0.0295589 
23574 0.150184 0.156255 
23575 0.150239 0.341745 
23576 0.304154 -0.215855 
23577 0.304159 -0.0298466 
23578 0.305127 0.155275 
23579 0.305071 0.340875 
23580 -0.30147 -0.214071 
23581 -0.301056 -0.0392526 
23582 -0.300242 0.1347 
23583 -0.299222 0.309731 
23584 -0.156464 -0.213861 
23585 -0.155339 -0.0395144 
23586 -0.153948 0.133724 
23587 -0.153236 0.308174 
23588 -0.0109784 -0.214079 
23589 -0.0101389 -0.0409089 
23590 -0.0089104 0.133109 
23591 -0.00871633 0.307298 
23592 0.133673 -0.215098 
23593 0.134355 -0.0413016 
23594 0.13549 0.13167 
23595 0.135806 0.305172 
23596 0.277466 -0.215364 
23597 0.278442 -0.0417188 
23598 0.278921 0.131508 
23599 0.279891 0.304187 
23600 -0.289672 -0.213065 
23601 -0.287908 -0.0491624 
23602 -0.287118 0.115466 
23603 -0.28509 0.279264 
23604 -0.152833 -0.213177 
23605 -0.151675 -0.0492772 
23606 -0.149895 0.113426 
23607 -0.14861 0.277259 
23608 -0.0167806 -0.214033 
23609 -0.0150727 -0.0509983 
23610 -0.0134171 0.112476 
23611 -0.0127099 0.274928 
23612 0.118805 -0.214338 
23613 0.120873 -0.0517482 
23614 0.122237 0.11092 
23615 0.123289 0.273846 
23616 0.25457 -0.215335 
23617 0.256078 -0.0524532 
23618 0.256436 0.109337 
23619 0.25841 0.27182 
23620 -0.279432 -0.211949 
23621 -0.277919 -0.056993 
23622 -0.275452 0.0975612 
23623 -0.2743 0.252037 
23624 -0.14998 -0.212964 
23625 -0.147872 -0.0587361 
23626 -0.146503 0.0951787 
23627 -0.144465 0.249129 
23628 -0.021669 -0.213128 
23629 -0.019539 -0.0599422 
23630 -0.0187094 0.0943019 
23631 -0.016903 0.247333 
23632 0.106721 -0.214173 
23633 0.107456 -0.0607493 
23634 0.109832 0.0921942 
23635 0.111043 0.245644 
23636 0.232956 -0.214906 
23637 0.235048 -0.062429 
23638 0.236451 0.0908201 
23639 0.238017 0.243511 
23640 -0.270543 -0.21091 
23641 -0.268136 -0.065266 
23642 -0.26623 0.0813455 
23643 -0.264375 0.227537 
23644 -0.148356 -0.212275 
23645 -0.146327 -0.0664398 
23646 -0.143553 0.0797797 
23647 -0.14153 0.224698 
23648 -0.0267413 -0.213066 
23649 -0.0245275 -0.0677333 
23650 -0.0229704 0.0775941 
23651 -0.0205441 0.222698 
23652 0.0941271 -0.213912 
23653 0.0963715 -0.0695169 
23654 0.0976908 0.0760194 
23655 0.0996533 0.220132 
23656 0.213991 -0.214513 
23657 0.216462 -0.0705676 
23658 0.218432 0.0735741 
23659 0.219387 0.218324 
23660 -0.26261 -0.210873 
23661 -0.260866 -0.0719377 
23662 -0.257728 0.0670703 
23663 -0.255307 0.205779 
23664 -0.147046 -0.211678 
23665 -0.144001 -0.0731769 
23666 -0.142313 0.0643897 
23667 -0.139424 0.203167 
23668 -0.0310594 -0.213047 
23669 -0.0293978 -0.0747334 
23670 -0.02721 0.06308 
23671 -0.0245232 0.200337 
23672 0.0830366 -0.214067 
23673 0.0850976 -0.0768212 
23674 0.0870041 0.061128 
23675 0.0897918 0.198097 
23676 0.197361 -0.215159 
23677 0.19948 -0.0777144 
23678 0.201006 0.0583207 
23679 0.202867 0.195346 
23680 -0.256388 -0.210312 
23681 -0.254037 -0.0779088 
23682 -0.250541 0.0537965 
23683 -0.248001 0.18557 
23684 -0.145506 -0.211698 
23685 -0.143161 -0.0795717 
23686 -0.140916 0.0519289 
23687 -0.138435 0.18313 
23688 -0.0355492 -0.212233 
23689 -0.0334862 -0.0818175 
23690 -0.0309901 0.0493579 
23691 -0.0287636 0.18058 
23692 0.0728077 -0.213885 
23693 0.0757115 -0.0830929 
23694 0.0776391 0.0473127 
23695 0.0796752 0.177786 
23696 0.181237 -0.215241 
23697 0.183531 -0.0844373 
23698 0.185132 0.0448599 
23699 0.187648 0.174332 
23700 -0.251093 -0.210459 
23701 -0.247669 -0.083423 
23702 -0.244902 0.0415201 
23703 -0.242552 0.167909 
23704 -0.145135 -0.211386 
23705 -0.141891 -0.0852864 
23706 -0.139309 0.0395433 
23707 -0.137213 0.164851 
23708 -0.0407663 -0.212086 
23709 -0.0382238 -0.0871464 
23710 -0.0349165 0.037436 
23711 -0.0329012 0.161814 
23712 0.0630724 -0.213836 
23713 0.0662295 -0.089194 
23714 0.0685592 0.0345642 
23715 0.0707736 0.159103 
23716 0.166143 -0.214712 
23717 0.168136 -0.091039 
23718 0.171392 0.0330579 
23719 0.172792 0.155738 
23720 -0.246018 -0.210225 
23721 -0.242557 -0.0887451 
23722 -0.239999 0.0312627 
23723 -0.23652 0.150813 
23724 -0.14484 -0.211346 
23725 -0.142104 -0.090667 
23726 -0.139666 0.0290502 
23727 -0.136605 0.148663 
23728 -0.0447044 -0.211886 
23729 -0.0418971 -0.0929884 
23730 -0.0397377 0.02658 
23731 -0.0366228 0.145017 
23732 0.0540758 -0.214098 
23733 0.0569246 -0.0944784 
23734 0.0591272 0.0237253 
23735 0.0622843 0.141903 
23736 0.152777 -0.214742 
23737 0.15515 -0.0964756 
23738 0.157583 0.0213767 
23739 0.159724 0.139805 
23740 -0.242355 -0.209096 
23741 -0.239036 -0.0940518 
23742 -0.235204 0.0217383 
23743 -0.232809 0.13656 
23744 -0.145576 -0.210451 
23745 -0.141795 -0.0958071 
23746 -0.13939 0.019082 
23747 -0.136001 0.132818 
23748 -0.0489073 -0.212513 
23749 -0.046484 -0.097659 
23750 -0.0432987 0.0158987 
23751 -0.0404424 0.130071 
23752 0.0459015 -0.21329 
23753 0.0482513 -0.0995511 
23754 0.0510182 0.0136587 
23755 0.0534224 0.127212 
23756 0.139638 -0.215223 
23757 0.142267 -0.10176 
23758 0.144624 0.0111756 
23759 0.147318 0.12361 
23760 -0.238485 -0.2095 
23761 -0.235185 -0.0978839 
23762 -0.231658 0.0124575 
23763 -0.228749 0.122837 
23764 -0.145925 -0.210956 
23765 -0.142127 -0.100213 
23766 -0.139019 0.0092246 
23767 -0.135799 0.119596 
23768 -0.0531408 -0.212344 
23769 -0.0506686 -0.101888 
23770 -0.0474977 0.00742569 
23771 -0.0450385 0.11577 
23772 0.0377302 -0.213322 
23773 0.0405476 -0.104214 
23774 0.0429831 0.00449579 
23775 0.0456491 0.112686 
23776 0.12714 -0.215224 
23777 0.130405 -0.106426 
23778 0.133152 0.00262773 
23779 0.135371 0.109884 
23780 -0.235302 -0.208505 
23781 -0.232605 -0.102389 
23782 -0.228315 0.00360015 
23783 -0.225701 0.109786 
23784 -0.146693 -0.210177 
23785 -0.142684 -0.104046 
23786 -0.140056 0.00181177 
23787 -0.136132 0.106815 
23788 -0.0575121 -0.212061 
23789 -0.0549788 -0.105858 
23790 -0.0515285 -0.000753476 
23791 -0.0488527 0.103137 
23792 0.0290762 -0.213219 
23793 0.032366 -0.108516 
23794 0.0353474 -0.00398393 
23795 0.0381444 0.100544 
23796 0.115675 -0.214426 
23797 0.119167 -0.110384 
23798 0.122109 -0.00670254 
23799 0.124415 0.0973896 
23800 -0.233016 -0.208117 
23801 -0.229726 -0.106345 
23802 -0.225754 -0.0036261 
23803 -0.222286 0.0983792 
23804 -0.147402 -0.210267 
23805 -0.1436 -0.108281 
23806 -0.140157 -0.00572335 
23807 -0.136841 0.0952021 
23808 -0.0624316 -0.211461 
23809 -0.0591949 -0.11026 
23810 -0.0555329 -0.00880493 
23811 -0.0522386 0.0916996 
23812 0.02191 -0.213432 
23813 0.02506 -0.112408 
23814 0.0282589 -0.0114856 
23815 0.0306327 0.0885558 
23816 0.105403 -0.21434 
23817 0.108475 -0.114298 
23818 0.110978 -0.0141869 
23819 0.113889 0.0852645 
23820 -0.231162 -0.208112 
23821 -0.227953 -0.109305 
23822 -0.224137 -0.0105099 
23823 -0.220817 0.0881754 
23824 -0.148086 -0.209901 
23825 -0.144594 -0.111714 
23826 -0.141803 -0.0130983 
23827 -0.137463 0.0844069 
23828 -0.066407 -0.210714 
23829 -0.0626156 -0.11354 
23830 -0.0601825 -0.0161967 
23831 -0.0567441 0.081509 
23832 0.0152435 -0.212606 
23833 0.0183438 -0.115534 
23834 0.0210158 -0.0186566 
23835 0.0242887 0.0779805 
23836 0.0949908 -0.21407 
23837 0.0980143 -0.117869 
23838 0.100582 -0.0211205 
23839 0.103555 0.0754104 
23840 -0.229905 -0.208082 
23841 -0.225572 -0.11163 
23842 -0.222213 -0.0166065 
23843 -0.218607 0.0774831 
23844 -0.149556 -0.2093 
23845 -0.14613 -0.113967 
23846 -0.142405 -0.0196018 
23847 -0.139456 0.0744848 
23848 -0.0701598 -0.210434 
23849 -0.0668867 -0.115999 
23850 -0.0632842 -0.0221423 
23851 -0.0603235 0.0711035 
23852 0.00783853 -0.212047 
23853 0.0112698 -0.118749 
23854 0.0143462 -0.0253203 
23855 0.0167892 0.0683581 
23856 0.08554 -0.213808 
23857 0.0880553 -0.119941 
23858 0.0910973 -0.0271685 
23859 0.0943186 0.0654465 
23860 -0.228891 -0.207598 
23861 -0.224648 -0.114787 
23862 -0.220997 -0.0230491 
23863 -0.217657 0.0692783 
23864 -0.151427 -0.208899 
23865 -0.14721 -0.117008 
23866 -0.144239 -0.0251805 
23867 -0.139912 0.0656305 
23868 -0.0739415 -0.210047 
23869 -0.0715241 -0.119247 
23870 -0.0677484 -0.0285849 
23871 -0.0642867 0.0625896 
23872 0.00103913 -0.211616 
23873 0.00471771 -0.121046 
23874 0.00723416 -0.0307423 
23875 0.0110918 0.0590982 
23876 0.0755757 -0.213646 
23877 0.0785518 -0.122828 
23878 0.0820948 -0.0328822 
23879 0.0847535 0.0556031 
23880 -0.227978 -0.20693 
23881 -0.223642 -0.117278 
23882 -0.220178 -0.0286051 
23883 -0.216524 0.0606935 
23884 -0.153007 -0.208239 
23885 -0.149132 -0.119248 
23886 -0.145523 -0.0304475 
23887 -0.141911 0.0568802 
23888 -0.0784544 -0.209446 
23889 -0.0746179 -0.121472 
23890 -0.071334 -0.0330478 
23891 -0.0686321 0.0544684 
23892 -0.00498261 -0.21115 
23893 -0.00208028 -0.123548 
23894 0.000596747 -0.0358777 
23895 0.00438415 0.0509881 
23896 0.067052 -0.212664 
23897 0.0700827 -0.125304 
23898 0.0723921 -0.0389668 
23899 0.0760802 0.0480384 
23900 -0.22731 -0.206276 
23901 -0.223513 -0.119201 
23902 -0.219127 -0.0333959 
23903 -0.215708 0.0531871 
23904 -0.154242 -0.207259 
23905 -0.150524 -0.121868 
23906 -0.147363 -0.0361403 
23907 -0.143378 0.0492877 
23908 -0.0829572 -0.208695 
23909 -0.0789221 -0.123768 
23910 -0.075688 -0.0379592 
23911 -0.0721275 0.0468112 
23912 -0.0112191 -0.210746 
23913 -0.00824807 -0.125062 
23914 -0.00546902 -0.0408097 
23915 -0.00197948 0.0433014 
23916 0.0583813 -0.212355 
23917 0.0613058 -0.127396 
23918 0.0641224 -0.0438775 
23919 0.0673826 0.0403106 
23920 -0.226436 -0.205154 
23921 -0.222982 -0.121407 
23922 -0.21854 -0.0377482 
23923 -0.21487 0.0457493 
23924 -0.156558 -0.20716 
23925 -0.15197 -0.123719 
23926 -0.149077 -0.0406429 
23927 -0.145091 0.0424021 
23928 -0.0867397 -0.207765 
23929 -0.0832976 -0.125635 
23930 -0.0794431 -0.0427491 
23931 -0.0765031 0.0393856 
23932 -0.0173383 -0.209936 
23933 -0.0150528 -0.127289 
23934 -0.0117932 -0.0452155 
23935 -0.00842429 0.0360067 
23936 0.049519 -0.211171 
23937 0.0525808 -0.129264 
23938 0.0563436 -0.0482454 
23939 0.0592565 0.0331481 
