23620 -0.333777 -0.21631 
23621 -0.333321 -0.0169871 
23622 -0.333394 0.183664 
23623 -0.333309 0.383254 
23624 -0.166644 -0.216862 
23625 -0.166273 -0.0162106 
23626 -0.166247 0.183587 
23627 -0.166775 0.382886 
23628 0.00042526 -0.216935 
23629 -0.000203008 -0.0163845 
23630 0.00035259 0.183042 
23631 -0.000194194 0.382861 
23632 0.166452 -0.21704 
23633 0.166454 -0.0162038 
23634 0.166479 0.183621 
23635 0.167116 0.38367 
23636 0.33354 -0.216346 
23637 0.333432 -0.0168036 
23638 0.333281 0.183001 
23639 0.333798 0.38358 
23640 -0.317064 -0.215641 
23641 -0.316444 -0.029329 
23642 -0.315974 0.157267 
23643 -0.314996 0.343725 
23644 -0.161489 -0.216087 
23645 -0.16085 -0.0297486 
23646 -0.160593 0.157039 
23647 -0.16002 0.342225 
23648 -0.00624506 -0.21548 
23649 -0.00575248 -0.0297238 
23650 -0.00553806 0.156045 
23651 -0.00479915 0.341643 
23652 0.148731 -0.215961 
23653 0.149508 -0.0305535 
23654 0.149154 0.15599 
23655 0.150291 0.341248 
23656 0.302997 -0.216302 
23657 0.304147 -0.0304883 
23658 0.303715 0.154931 
23659 0.304277 0.340969 
23660 -0.302696 -0.21469 
23661 -0.301302 -0.0403055 
23662 -0.300516 0.134208 
23663 -0.299396 0.308412 
23664 -0.156706 -0.215219 
23665 -0.155699 -0.0410438 
23666 -0.155643 0.132862 
23667 -0.154387 0.307547 
23668 -0.0122989 -0.214743 
23669 -0.0112254 -0.0418298 
23670 -0.0104494 0.132498 
23671 -0.00895165 0.305588 
23672 0.133167 -0.215185 
23673 0.133371 -0.0422504 
23674 0.134614 0.131579 
23675 0.135043 0.305123 
23676 0.276691 -0.215792 
23677 0.277762 -0.0428891 
23678 0.278837 0.130123 
23679 0.278975 0.303628 
23680 -0.290268 -0.213913 
23681 -0.289176 -0.0498655 
23682 -0.288101 0.114267 
23683 -0.286898 0.277972 
23684 -0.153625 -0.213706 
23685 -0.15235 -0.0503684 
23686 -0.151404 0.112364 
23687 -0.149855 0.275729 
23688 -0.0177539 -0.215046 
23689 -0.0161681 -0.0512335 
23690 -0.0152108 0.111966 
23691 -0.0134639 0.274208 
23692 0.117971 -0.215343 
23693 0.11959 -0.0527049 
23694 0.12059 0.110191 
23695 0.121163 0.272619 
23696 0.253085 -0.216317 
23697 0.254384 -0.0534362 
23698 0.255869 0.10937 
23699 0.25658 0.271013 
23700 -0.280336 -0.212695 
23701 -0.278707 -0.0578853 
23702 -0.277294 0.0963876 
23703 -0.275048 0.250333 
23704 -0.151326 -0.213495 
23705 -0.149921 -0.0596062 
23706 -0.148545 0.0948538 
23707 -0.146738 0.248859 
23708 -0.0231295 -0.214588 
23709 -0.0211968 -0.0601912 
23710 -0.0195072 0.0935038 
23711 -0.0185421 0.246904 
23712 0.104831 -0.21511 
23713 0.106542 -0.0611659 
23714 0.107359 0.0920073 
23715 0.109661 0.244483 
23716 0.232648 -0.216087 
23717 0.233682 -0.0629758 
23718 0.235222 0.0897017 
23719 0.236509 0.242599 
23720 -0.272349 -0.21256 
23721 -0.269727 -0.0661853 
23722 -0.267495 0.0797938 
23723 -0.265919 0.22634 
23724 -0.149922 -0.212988 
23725 -0.147808 -0.0668635 
23726 -0.145978 0.0787909 
23727 -0.143398 0.223545 
23728 -0.0276316 -0.214157 
23729 -0.0261048 -0.0680344 
23730 -0.0241329 0.076499 
23731 -0.0222407 0.22165 
23732 0.0923903 -0.214845 
23733 0.0944575 -0.0698438 
23734 0.0959385 0.0746106 
23735 0.0973454 0.219428 
23736 0.213212 -0.215543 
23737 0.214749 -0.0706174 
23738 0.216088 0.073563 
23739 0.217335 0.217685 
23740 -0.26466 -0.211894 
23741 -0.262009 -0.0724837 
23742 -0.260187 0.0661771 
23743 -0.258204 0.20451 
23744 -0.148696 -0.21272 
23745 -0.146449 -0.0744818 
23746 -0.144111 0.0636111 
23747 -0.141475 0.202327 
23748 -0.0330888 -0.213015 
23749 -0.0310031 -0.0759145 
23750 -0.0285852 0.061918 
23751 -0.0270292 0.199787 
23752 0.0816749 -0.214236 
23753 0.083079 -0.0769289 
23754 0.085562 0.0607035 
23755 0.087051 0.197339 
23756 0.195483 -0.215022 
23757 0.19757 -0.0778489 
23758 0.199204 0.0579135 
23759 0.200931 0.195165 
23760 -0.257892 -0.211638 
23761 -0.255586 -0.0785958 
23762 -0.253283 0.052582 
23763 -0.250791 0.184511 
23764 -0.147101 -0.212593 
23765 -0.145559 -0.0805293 
23766 -0.14292 0.0507876 
23767 -0.140233 0.18181 
23768 -0.0376925 -0.212863 
23769 -0.0358931 -0.081548 
23770 -0.0331203 0.0487963 
23771 -0.0312275 0.179653 
23772 0.0712754 -0.213675 
23773 0.0727083 -0.0830958 
23774 0.0754025 0.0469957 
23775 0.077715 0.176781 
23776 0.179331 -0.214978 
23777 0.180933 -0.0853307 
23778 0.182594 0.0453888 
23779 0.184748 0.174226 
23780 -0.25283 -0.210274 
23781 -0.250596 -0.0848838 
23782 -0.247105 0.0410075 
23783 -0.244481 0.167263 
23784 -0.147412 -0.211704 
23785 -0.144901 -0.0863424 
23786 -0.141938 0.0392763 
23787 -0.139603 0.163939 
23788 -0.0426853 -0.213188 
23789 -0.0406089 -0.0879986 
23790 -0.037495 0.0373785 
23791 -0.0357139 0.161074 
23792 0.0615472 -0.213825 
23793 0.0634902 -0.0893028 
23794 0.0652871 0.0354254 
23795 0.0677206 0.158438 
23796 0.164113 -0.214728 
23797 0.166269 -0.0902978 
23798 0.167868 0.0330085 
23799 0.170011 0.156062 
23800 -0.248628 -0.210114 
23801 -0.245048 -0.0890763 
23802 -0.242825 0.0314063 
23803 -0.239428 0.15084 
23804 -0.146981 -0.211519 
23805 -0.144765 -0.0911377 
23806 -0.142254 0.0285511 
23807 -0.138929 0.147808 
23808 -0.0469302 -0.212169 
23809 -0.0443079 -0.0929602 
23810 -0.0423864 0.0265748 
23811 -0.0401034 0.144896 
23812 0.0520385 -0.213083 
23813 0.0548373 -0.0941835 
23814 0.0563975 0.024394 
23815 0.0591242 0.142498 
23816 0.150639 -0.214378 
23817 0.152002 -0.0956782 
23818 0.154925 0.0219912 
23819 0.156985 0.139821 
23820 -0.244124 -0.209921 
23821 -0.241524 -0.0941606 
23822 -0.237989 0.0217162 
23823 -0.235752 0.135981 
23824 -0.147652 -0.210782 
23825 -0.144318 -0.095954 
23826 -0.141709 0.0189872 
23827 -0.139291 0.132919 
23828 -0.0519941 -0.211853 
23829 -0.0491067 -0.097679 
23830 -0.0469301 0.0166361 
23831 -0.0441099 0.130616 
23832 0.0433523 -0.212412 
23833 0.0461826 -0.098785 
23834 0.0479679 0.0147139 
23835 0.05007 0.128075 
23836 0.137381 -0.214104 
23837 0.139911 -0.100476 
23838 0.14142 0.012201 
23839 0.144032 0.125416 
23840 -0.241423 -0.209134 
23841 -0.237579 -0.0979722 
23842 -0.2352 0.0123632 
23843 -0.231823 0.12261 
23844 -0.148332 -0.210243 
23845 -0.145285 -0.0990914 
23846 -0.141951 0.0108255 
23847 -0.13905 0.119453 
23848 -0.0559636 -0.211167 
23849 -0.0533442 -0.101097 
23850 -0.05062 0.00844431 
23851 -0.0481852 0.117395 
23852 0.0347434 -0.212114 
23853 0.0372705 -0.102509 
23854 0.0402581 0.00587009 
23855 0.042353 0.114436 
23856 0.124974 -0.213563 
23857 0.127425 -0.104903 
23858 0.129264 0.00337163 
23859 0.132311 0.111122 
23860 -0.238057 -0.207835 
23861 -0.23505 -0.10161 
23862 -0.232153 0.00506333 
23863 -0.228252 0.110745 
23864 -0.149304 -0.20888 
23865 -0.145655 -0.103491 
23866 -0.14294 0.00207937 
23867 -0.139727 0.107453 
23868 -0.0600561 -0.21055 
23869 -0.0572785 -0.105019 
23870 -0.0553975 0.000145799 
23871 -0.0520273 0.104692 
23872 0.026693 -0.212086 
23873 0.0297274 -0.106986 
23874 0.0326101 -0.00189431 
23875 0.0349661 0.101576 
23876 0.11357 -0.212858 
23877 0.115401 -0.108382 
23878 0.117931 -0.00477177 
23879 0.120162 0.0994067 
23880 -0.236136 -0.207008 
23881 -0.232302 -0.104636 
23882 -0.22963 -0.00213405 
23883 -0.22635 0.0997982 
23884 -0.149828 -0.208189 
23885 -0.147317 -0.105973 
23886 -0.143312 -0.00485891 
23887 -0.140641 0.0968759 
23888 -0.0644921 -0.209365 
23889 -0.0618557 -0.107908 
23890 -0.0592961 -0.00727462 
23891 -0.0566676 0.0932487 
23892 0.0191248 -0.210846 
23893 0.0218892 -0.10993 
23894 0.02455 -0.00891714 
23895 0.0270033 0.0909502 
23896 0.102587 -0.211833 
23897 0.10518 -0.111537 
23898 0.10786 -0.011402 
23899 0.10934 0.0876551 
23900 -0.234436 -0.206232 
23901 -0.231148 -0.107349 
23902 -0.227414 -0.00912411 
23903 -0.224689 0.0893159 
23904 -0.150593 -0.207705 
23905 -0.147621 -0.109266 
23906 -0.14516 -0.011645 
23907 -0.141528 0.0859622 
23908 -0.0691447 -0.208438 
23909 -0.0666074 -0.111304 
23910 -0.0637633 -0.0140413 
23911 -0.0600172 0.0838609 
23912 0.0121031 -0.210128 
23913 0.0148787 -0.112973 
23914 0.0178033 -0.016079 
23915 0.0203852 0.0809947 
23916 0.0919022 -0.211596 
23917 0.0944147 -0.114812 
23918 0.0968441 -0.0185871 
23919 0.100028 0.0779118 
23920 -0.232736 -0.20539 
23921 -0.229217 -0.109547 
23922 -0.225892 -0.0143076 
23923 -0.223004 0.0795894 
23924 -0.152858 -0.206839 
23925 -0.149542 -0.111725 
23926 -0.146597 -0.0168475 
23927 -0.143372 0.0770691 
23928 -0.0737099 -0.208101 
23929 -0.0703005 -0.113895 
23930 -0.0671043 -0.0198911 
23931 -0.064905 0.0739116 
23932 0.00537632 -0.208916 
23933 0.00760031 -0.115637 
23934 0.0099772 -0.0216113 
23935 0.0131066 0.0713932 
23936 0.0821347 -0.210098 
23937 0.0846613 -0.117166 
23938 0.0873159 -0.0241098 
23939 0.0895909 0.0686641 
23940 -0.231781 -0.204535 
23941 -0.228275 -0.112426 
23942 -0.2251 -0.0202816 
23943 -0.220958 0.0715947 
23944 -0.153624 -0.20534 
23945 -0.150421 -0.114248 
23946 -0.147253 -0.0220835 
23947 -0.144203 0.0680863 
23948 -0.0777736 -0.207241 
23949 -0.0745328 -0.115648 
23950 -0.0715744 -0.025274 
23951 -0.0690905 0.0656458 
23952 -0.00187191 -0.208578 
23953 0.0011313 -0.117399 
23954 0.0036753 -0.0268498 
23955 0.00645916 0.063073 
23956 0.0724923 -0.209552 
23957 0.0758301 -0.118705 
23958 0.0781973 -0.0291713 
23959 0.0801723 0.0595213 
23960 -0.230383 -0.203329 
23961 -0.227192 -0.114473 
23962 -0.223995 -0.0250219 
23963 -0.220978 0.063221 
23964 -0.155647 -0.204906 
23965 -0.152197 -0.115842 
23966 -0.149353 -0.0270089 
23967 -0.14652 0.0607442 
23968 -0.0815958 -0.205458 
23969 -0.078486 -0.117492 
23970 -0.0753033 -0.0298587 
23971 -0.073046 0.0574569 
23972 -0.00814022 -0.20693 
23973 -0.00560399 -0.118929 
23974 -0.0032211 -0.0317719 
23975 -0.000571755 0.0550643 
23976 0.0635783 -0.208085 
23977 0.0668584 -0.120408 
23978 0.0686037 -0.0337821 
23979 0.0708999 0.051771 
23980 -0.229634 -0.202225 
23981 -0.2269 -0.115237 
23982 -0.223622 -0.0295557 
23983 -0.220445 0.0566346 
23984 -0.157688 -0.204007 
23985 -0.15423 -0.117724 
23986 -0.150883 -0.031672 
23987 -0.147915 0.0529575 
23988 -0.0856742 -0.205043 
23989 -0.082613 -0.118837 
23990 -0.0801302 -0.0339036 
23991 -0.0773278 0.0503273 
23992 -0.014429 -0.205516 
23993 -0.0122336 -0.120629 
23994 -0.00888429 -0.0366739 
23995 -0.00676252 0.0483111 
23996 0.0552365 -0.206565 
23997 0.0576288 -0.122313 
23998 0.06007 -0.0384314 
23999 0.0621518 0.0448142 
24000 -0.229564 -0.201317 
24001 -0.226925 -0.117043 
24002 -0.22281 -0.0339377 
24003 -0.219984 0.0498748 
24004 -0.159036 -0.201998 
24005 -0.15641 -0.118852 
24006 -0.152747 -0.035683 
24007 -0.149391 0.0468859 
24008 -0.089953 -0.203591 
24009 -0.0866422 -0.120151 
24010 -0.0834192 -0.0376947 
24011 -0.0808471 0.0439542 
24012 -0.0212148 -0.204688 
24013 -0.0179719 -0.122175 
24014 -0.0155913 -0.0403016 
24015 -0.0133477 0.041762 
24016 0.0470222 -0.20516 
24017 0.0488755 -0.123089 
24018 0.0521614 -0.0426336 
24019 0.054373 0.0384812 
