23660 -0.333493 -0.216853 
23661 -0.332882 -0.016486 
23662 -0.333714 0.183741 
23663 -0.333198 0.383179 
23664 -0.167147 -0.216972 
23665 -0.166286 -0.0169207 
23666 -0.166317 0.183554 
23667 -0.167106 0.383072 
23668 -0.00040143 -0.217166 
23669 -0.000350902 -0.01686 
23670 0.000327844 0.18329 
23671 0.000443311 0.383361 
23672 0.166486 -0.217002 
23673 0.166595 -0.0163153 
23674 0.167166 0.183388 
23675 0.16637 0.382834 
23676 0.333268 -0.216724 
23677 0.332993 -0.0163985 
23678 0.333123 0.183778 
23679 0.333375 0.383266 
23680 -0.316508 -0.215006 
23681 -0.316407 -0.0287543 
23682 -0.316045 0.157117 
23683 -0.315315 0.342844 
23684 -0.16187 -0.216115 
23685 -0.160568 -0.0298826 
23686 -0.160683 0.156131 
23687 -0.159802 0.342848 
23688 -0.00673891 -0.215879 
23689 -0.00571688 -0.0302053 
23690 -0.00588762 0.156208 
23691 -0.00464649 0.341714 
23692 0.148679 -0.21625 
23693 0.14929 -0.0300425 
23694 0.149251 0.155989 
23695 0.1493 0.341519 
23696 0.303147 -0.21616 
23697 0.30393 -0.0307786 
23698 0.304243 0.155487 
23699 0.304392 0.341109 
23700 -0.303491 -0.214603 
23701 -0.301589 -0.0401309 
23702 -0.301492 0.134494 
23703 -0.299885 0.30824 
23704 -0.15738 -0.21496 
23705 -0.156468 -0.0401541 
23706 -0.155168 0.133675 
23707 -0.155046 0.307178 
23708 -0.0126274 -0.215613 
23709 -0.0117882 -0.0416427 
23710 -0.0105414 0.132731 
23711 -0.00978391 0.305793 
23712 0.131916 -0.215629 
23713 0.132795 -0.042118 
23714 0.133861 0.13183 
23715 0.134995 0.305048 
23716 0.276561 -0.215556 
23717 0.277464 -0.0422811 
23718 0.278097 0.130781 
23719 0.278498 0.303871 
23720 -0.29082 -0.213349 
23721 -0.290019 -0.0496107 
23722 -0.288879 0.114312 
23723 -0.287462 0.277301 
23724 -0.154788 -0.213537 
23725 -0.153032 -0.0506545 
23726 -0.151753 0.113046 
23727 -0.150281 0.276033 
23728 -0.0183511 -0.214343 
23729 -0.0171638 -0.0509521 
23730 -0.0158636 0.111852 
23731 -0.0147311 0.274728 
23732 0.117685 -0.214864 
23733 0.118385 -0.0524889 
23734 0.119701 0.11067 
23735 0.121373 0.273212 
23736 0.252406 -0.215126 
23737 0.254086 -0.0528344 
23738 0.254382 0.109003 
23739 0.255469 0.271689 
23740 -0.280879 -0.212812 
23741 -0.280045 -0.0583925 
23742 -0.278076 0.0968637 
23743 -0.275747 0.250109 
23744 -0.152038 -0.21379 
23745 -0.150433 -0.0588339 
23746 -0.149098 0.0947831 
23747 -0.147055 0.248524 
23748 -0.0234156 -0.214269 
23749 -0.0218627 -0.0597378 
23750 -0.0205215 0.0932787 
23751 -0.0194008 0.247164 
23752 0.104658 -0.214564 
23753 0.10557 -0.0614567 
23754 0.107478 0.0920376 
23755 0.108493 0.24451 
23756 0.231655 -0.214917 
23757 0.232571 -0.0619686 
23758 0.234314 0.0908967 
23759 0.235189 0.24267 
23760 -0.272854 -0.211896 
23761 -0.270984 -0.0652999 
23762 -0.26833 0.0810074 
23763 -0.266986 0.226661 
23764 -0.15068 -0.212191 
23765 -0.148772 -0.0662422 
23766 -0.146831 0.0791628 
23767 -0.145028 0.22401 
23768 -0.0291511 -0.213294 
23769 -0.0275384 -0.0678512 
23770 -0.0258018 0.0768259 
23771 -0.0237375 0.221824 
23772 0.0919777 -0.214342 
23773 0.0932627 -0.0694552 
23774 0.095214 0.0755612 
23775 0.0968691 0.220235 
23776 0.212434 -0.214674 
23777 0.213435 -0.0704591 
23778 0.215076 0.0743759 
23779 0.216138 0.218105 
23780 -0.265224 -0.211383 
23781 -0.263718 -0.0719922 
23782 -0.261113 0.0661387 
23783 -0.258989 0.204956 
23784 -0.149284 -0.212486 
23785 -0.147453 -0.0738498 
23786 -0.144695 0.0645017 
23787 -0.143516 0.20215 
23788 -0.0333749 -0.212704 
23789 -0.0321741 -0.0751679 
23790 -0.0304828 0.0625037 
23791 -0.0281563 0.199902 
23792 0.0811274 -0.213997 
23793 0.0827974 -0.0765606 
23794 0.0838158 0.0610957 
23795 0.0854522 0.198121 
23796 0.194006 -0.21395 
23797 0.195844 -0.0772111 
23798 0.198143 0.0589804 
23799 0.199066 0.195222 
23800 -0.258788 -0.21065 
23801 -0.256317 -0.0777264 
23802 -0.25486 0.0534906 
23803 -0.252171 0.184778 
23804 -0.148472 -0.211705 
23805 -0.14606 -0.0790863 
23806 -0.144223 0.0513316 
23807 -0.142066 0.18312 
23808 -0.0387712 -0.212115 
23809 -0.036406 -0.0805543 
23810 -0.0345995 0.0494196 
23811 -0.0321112 0.180661 
23812 0.0699285 -0.213335 
23813 0.07212 -0.0819559 
23814 0.0742447 0.0482331 
23815 0.0761682 0.178344 
23816 0.177984 -0.213961 
23817 0.179593 -0.084143 
23818 0.181329 0.0456773 
23819 0.183731 0.175389 
23820 -0.253829 -0.209758 
23821 -0.251659 -0.0835065 
23822 -0.248876 0.0423283 
23823 -0.245671 0.167442 
23824 -0.148405 -0.210538 
23825 -0.145584 -0.0845979 
23826 -0.143119 0.0399089 
23827 -0.141544 0.16463 
23828 -0.0430651 -0.211923 
23829 -0.041202 -0.0864663 
23830 -0.0386585 0.0381108 
23831 -0.0372199 0.163042 
23832 0.0606331 -0.212197 
23833 0.06179 -0.0877009 
23834 0.0642407 0.0362835 
23835 0.0664623 0.160082 
23836 0.163465 -0.213767 
23837 0.165072 -0.0889726 
23838 0.167082 0.0338514 
23839 0.168812 0.157637 
23840 -0.249783 -0.209073 
23841 -0.246339 -0.0881398 
23842 -0.243742 0.0320371 
23843 -0.241203 0.151434 
23844 -0.148687 -0.209583 
23845 -0.145914 -0.0898937 
23846 -0.143567 0.0298185 
23847 -0.141086 0.148937 
23848 -0.0480634 -0.211018 
23849 -0.0459285 -0.0914502 
23850 -0.0432706 0.0274092 
23851 -0.0410978 0.146133 
23852 0.0505121 -0.211655 
23853 0.0534357 -0.0922893 
23854 0.05556 0.0259965 
23855 0.0576318 0.14433 
23856 0.149467 -0.212568 
23857 0.151248 -0.0940031 
23858 0.152846 0.0241322 
23859 0.15521 0.141069 
23860 -0.24514 -0.208488 
23861 -0.242894 -0.0920037 
23862 -0.240095 0.0231653 
23863 -0.236526 0.137125 
23864 -0.149141 -0.209501 
23865 -0.145901 -0.0943716 
23866 -0.143076 0.020093 
23867 -0.141068 0.135168 
23868 -0.0531835 -0.209731 
23869 -0.0504675 -0.0954523 
23870 -0.0477049 0.0179719 
23871 -0.0454898 0.131774 
23872 0.0423778 -0.210922 
23873 0.0444317 -0.0972506 
23874 0.0460777 0.0162589 
23875 0.0490847 0.129755 
23876 0.136595 -0.212063 
23877 0.138306 -0.0987216 
23878 0.140069 0.0142513 
23879 0.142567 0.127162 
23880 -0.242521 -0.20668 
23881 -0.238972 -0.0958728 
23882 -0.236311 0.0142201 
23883 -0.233252 0.123748 
23884 -0.149802 -0.207879 
23885 -0.146163 -0.0982529 
23886 -0.144158 0.0124294 
23887 -0.141615 0.12126 
23888 -0.0574054 -0.208785 
23889 -0.0547085 -0.099062 
23890 -0.0526326 0.00961153 
23891 -0.0498235 0.118874 
23892 0.0334646 -0.210332 
23893 0.0358262 -0.101347 
23894 0.0377702 0.00780453 
23895 0.040674 0.116184 
23896 0.123655 -0.211455 
23897 0.12555 -0.102902 
23898 0.128232 0.00539899 
23899 0.130232 0.114037 
23900 -0.239316 -0.206391 
23901 -0.23625 -0.099547 
23902 -0.23347 0.00710618 
23903 -0.230204 0.11208 
23904 -0.150288 -0.20742 
23905 -0.147182 -0.101166 
23906 -0.144968 0.00497791 
23907 -0.141729 0.109668 
23908 -0.06165 -0.208587 
23909 -0.059216 -0.102961 
23910 -0.0563266 0.0021183 
23911 -0.0544083 0.106726 
23912 0.0258645 -0.209108 
23913 0.0284778 -0.104233 
23914 0.0304126 0.000453008 
23915 0.0322998 0.103827 
23916 0.11244 -0.210676 
23917 0.11406 -0.105875 
23918 0.116069 -0.00184341 
23919 0.118404 0.101994 
23920 -0.237349 -0.204823 
23921 -0.23437 -0.10227 
23922 -0.231432 -0.000258425 
23923 -0.228579 0.101726 
23924 -0.151146 -0.206518 
23925 -0.148778 -0.104338 
23926 -0.145435 -0.00254297 
23927 -0.142809 0.0986971 
23928 -0.0664559 -0.206814 
23929 -0.0632727 -0.105285 
23930 -0.060633 -0.00434556 
23931 -0.0586995 0.0961805 
23932 0.0176102 -0.207817 
23933 0.0201875 -0.107197 
23934 0.0229242 -0.0067911 
23935 0.0251529 0.0936039 
23936 0.10147 -0.209199 
23937 0.103757 -0.109012 
23938 0.105962 -0.00884914 
23939 0.10786 0.0906073 
23940 -0.23548 -0.203778 
23941 -0.232736 -0.104737 
23942 -0.229028 -0.00653244 
23943 -0.225733 0.0919341 
23944 -0.15295 -0.204927 
23945 -0.149461 -0.106165 
23946 -0.14631 -0.00913474 
23947 -0.143798 0.0890589 
23948 -0.0702982 -0.20561 
23949 -0.0681736 -0.1077 
23950 -0.0656347 -0.0107666 
23951 -0.0629544 0.0863722 
23952 0.0102927 -0.207458 
23953 0.0128015 -0.109924 
23954 0.0158845 -0.013353 
23955 0.0173796 0.0834871 
23956 0.0909674 -0.207694 
23957 0.0928216 -0.111726 
23958 0.0952988 -0.0146899 
23959 0.0977161 0.0807181 
23960 -0.234378 -0.202646 
23961 -0.231185 -0.107361 
23962 -0.227929 -0.012488 
23963 -0.225151 0.0821193 
23964 -0.153871 -0.203652 
23965 -0.151311 -0.108924 
23966 -0.14818 -0.0145647 
23967 -0.145545 0.0794097 
23968 -0.0743597 -0.20485 
23969 -0.0723078 -0.110406 
23970 -0.0692306 -0.0167229 
23971 -0.0664222 0.0765195 
23972 0.0036228 -0.206203 
23973 0.005794 -0.112361 
23974 0.00838185 -0.0182362 
23975 0.0109463 0.074122 
23976 0.0809712 -0.206304 
23977 0.083459 -0.112982 
23978 0.0857365 -0.0210549 
23979 0.0871682 0.0720758 
23980 -0.233079 -0.201395 
23981 -0.229919 -0.109149 
23982 -0.226996 -0.0171968 
23983 -0.223412 0.0740159 
23984 -0.154975 -0.203122 
23985 -0.152781 -0.110644 
23986 -0.150115 -0.0191942 
23987 -0.147116 0.0715465 
23988 -0.0793571 -0.204055 
23989 -0.0758182 -0.112368 
23990 -0.0740368 -0.0215582 
23991 -0.0711433 0.0684474 
23992 -0.00281188 -0.204357 
23993 -0.00108049 -0.113365 
23994 0.00134106 -0.0237822 
23995 0.00430426 0.0666092 
23996 0.0718597 -0.205124 
23997 0.0734435 -0.114752 
23998 0.0753317 -0.0259106 
23999 0.0782943 0.0639725 
24000 -0.231863 -0.200777 
24001 -0.22944 -0.110482 
24002 -0.226179 -0.0213927 
24003 -0.223269 0.0666499 
24004 -0.157202 -0.201679 
24005 -0.153789 -0.11277 
24006 -0.151348 -0.0244136 
24007 -0.148168 0.0643056 
24008 -0.0825888 -0.202105 
24009 -0.0808448 -0.114141 
24010 -0.077697 -0.0258627 
24011 -0.0750974 0.0616443 
24012 -0.0102991 -0.203433 
24013 -0.00709721 -0.114907 
24014 -0.00485404 -0.0278133 
24015 -0.00280692 0.0589072 
24016 0.0619534 -0.203606 
24017 0.0644519 -0.117014 
24018 0.0667918 -0.0297227 
24019 0.0686724 0.0560352 
24020 -0.231454 -0.198743 
24021 -0.228459 -0.111878 
24022 -0.225036 -0.0258415 
24023 -0.22252 0.0600019 
24024 -0.15878 -0.199767 
24025 -0.156057 -0.113153 
24026 -0.153471 -0.0277296 
24027 -0.150174 0.0572507 
24028 -0.0868475 -0.200349 
24029 -0.084512 -0.11482 
24030 -0.0817403 -0.0297274 
24031 -0.0798118 0.0541065 
24032 -0.016044 -0.201263 
24033 -0.0141544 -0.11659 
24034 -0.0112818 -0.0316185 
24035 -0.00872148 0.0522532 
24036 0.0535521 -0.202045 
24037 0.0556324 -0.118426 
24038 0.0581811 -0.0337532 
24039 0.0604042 0.0494421 
24040 -0.231768 -0.196888 
24041 -0.228732 -0.113042 
24042 -0.224826 -0.0300537 
24043 -0.221864 0.0534206 
24044 -0.16046 -0.197971 
24045 -0.158435 -0.114792 
24046 -0.155672 -0.031917 
24047 -0.152072 0.050229 
24048 -0.0910882 -0.199523 
24049 -0.089094 -0.116199 
24050 -0.0860304 -0.033983 
24051 -0.0831689 0.0479845 
24052 -0.022451 -0.199982 
24053 -0.0206487 -0.117887 
24054 -0.0178792 -0.0354716 
24055 -0.0154384 0.0455492 
24056 0.0454568 -0.200397 
24057 0.0474059 -0.118461 
24058 0.0496639 -0.0374331 
24059 0.0511071 0.0433014 
