23760 -0.333622 -0.216888 
23761 -0.333558 -0.0170896 
23762 -0.333702 0.183292 
23763 -0.332994 0.382944 
23764 -0.167111 -0.216171 
23765 -0.166764 -0.0165382 
23766 -0.167012 0.18338 
23767 -0.166709 0.382998 
23768 -0.000463152 -0.216173 
23769 0.00029078 -0.0168804 
23770 2.78473e-06 0.18355 
23771 0.000360899 0.383129 
23772 0.16681 -0.216196 
23773 0.166457 -0.0163623 
23774 0.166369 0.18373 
23775 0.166542 0.383067 
23776 0.332837 -0.216478 
23777 0.332836 -0.0166696 
23778 0.333206 0.183791 
23779 0.333015 0.3832 
23780 -0.317134 -0.214964 
23781 -0.316837 -0.0282241 
23782 -0.316898 0.157329 
23783 -0.315809 0.343503 
23784 -0.161556 -0.214939 
23785 -0.161109 -0.0289474 
23786 -0.161121 0.157552 
23787 -0.160833 0.343487 
23788 -0.00678786 -0.215265 
23789 -0.00694841 -0.0293223 
23790 -0.00652988 0.156447 
23791 -0.005839 0.342824 
23792 0.148417 -0.215453 
23793 0.148362 -0.029295 
23794 0.148525 0.155839 
23795 0.149385 0.342355 
23796 0.302619 -0.21585 
23797 0.302714 -0.0296057 
23798 0.303101 0.155861 
23799 0.303846 0.34175 
23800 -0.304364 -0.212721 
23801 -0.302935 -0.0384921 
23802 -0.302305 0.135583 
23803 -0.30102 0.3092 
23804 -0.15828 -0.213768 
23805 -0.157612 -0.0392375 
23806 -0.156551 0.13493 
23807 -0.155681 0.30866 
23808 -0.0136508 -0.213404 
23809 -0.0124264 -0.0397896 
23810 -0.0121975 0.133429 
23811 -0.010884 0.306862 
23812 0.13157 -0.214261 
23813 0.131757 -0.0403272 
23814 0.132463 0.132865 
23815 0.133261 0.306238 
23816 0.27598 -0.214141 
23817 0.275773 -0.0405358 
23818 0.27696 0.131948 
23819 0.277249 0.304756 
23820 -0.292514 -0.211449 
23821 -0.291587 -0.0480722 
23822 -0.289727 0.116111 
23823 -0.289319 0.279691 
23824 -0.155959 -0.21173 
23825 -0.15494 -0.0484241 
23826 -0.153112 0.114926 
23827 -0.15252 0.277551 
23828 -0.0194517 -0.212254 
23829 -0.0188981 -0.0489692 
23830 -0.0177904 0.113708 
23831 -0.0162239 0.276461 
23832 0.116431 -0.212955 
23833 0.117231 -0.0500853 
23834 0.118285 0.112363 
23835 0.119295 0.275447 
23836 0.251103 -0.212778 
23837 0.252049 -0.0507264 
23838 0.253399 0.111891 
23839 0.253993 0.273692 
23840 -0.28264 -0.209729 
23841 -0.281528 -0.0550191 
23842 -0.280311 0.0989895 
23843 -0.278449 0.252795 
23844 -0.153769 -0.210227 
23845 -0.152019 -0.0565142 
23846 -0.151369 0.0971709 
23847 -0.149461 0.251388 
23848 -0.0250217 -0.210789 
23849 -0.0242836 -0.0575059 
23850 -0.0227305 0.0962424 
23851 -0.0217193 0.24891 
23852 0.102986 -0.211498 
23853 0.103601 -0.0579434 
23854 0.104525 0.0952264 
23855 0.105974 0.247276 
23856 0.230008 -0.211841 
23857 0.230484 -0.05906 
23858 0.231731 0.0936148 
23859 0.232661 0.245677 
23860 -0.275101 -0.208279 
23861 -0.273337 -0.0626269 
23862 -0.271197 0.083724 
23863 -0.269287 0.229307 
23864 -0.152435 -0.209135 
23865 -0.150503 -0.0634787 
23866 -0.148738 0.0824692 
23867 -0.147788 0.227826 
23868 -0.0303442 -0.209731 
23869 -0.029163 -0.0644166 
23870 -0.0278102 0.0806658 
23871 -0.0264038 0.225557 
23872 0.0905819 -0.209699 
23873 0.0908006 -0.064858 
23874 0.0925516 0.0794756 
23875 0.0933188 0.224188 
23876 0.210296 -0.210774 
23877 0.210975 -0.0661867 
23878 0.211886 0.0783373 
23879 0.213279 0.221401 
23880 -0.267362 -0.207566 
23881 -0.265805 -0.0686407 
23882 -0.264092 0.0701061 
23883 -0.261757 0.208775 
23884 -0.151282 -0.207424 
23885 -0.150153 -0.0690137 
23886 -0.14824 0.069137 
23887 -0.146143 0.206736 
23888 -0.0362161 -0.208161 
23889 -0.0347752 -0.0705177 
23890 -0.0327766 0.067301 
23891 -0.0311346 0.204113 
23892 0.0788983 -0.208891 
23893 0.0799495 -0.0712257 
23894 0.081327 0.0661812 
23895 0.0828764 0.202012 
23896 0.192112 -0.208713 
23897 0.19316 -0.0725684 
23898 0.194462 0.0640577 
23899 0.195661 0.200368 
23900 -0.261496 -0.20605 
23901 -0.260002 -0.0728788 
23902 -0.257817 0.0586783 
23903 -0.255771 0.189779 
23904 -0.151104 -0.205969 
23905 -0.148974 -0.0745839 
23906 -0.147162 0.056445 
23907 -0.145143 0.187143 
23908 -0.0414315 -0.206364 
23909 -0.0395424 -0.075569 
23910 -0.0380925 0.0551484 
23911 -0.0365922 0.185042 
23912 0.067609 -0.207086 
23913 0.0688858 -0.0766071 
23914 0.0700993 0.0537369 
23915 0.0720229 0.183413 
23916 0.175848 -0.208051 
23917 0.176744 -0.0774421 
23918 0.178397 0.0521321 
23919 0.179509 0.18155 
23920 -0.256112 -0.204128 
23921 -0.254627 -0.0782631 
23922 -0.252603 0.04826 
23923 -0.250398 0.172654 
23924 -0.150981 -0.205035 
23925 -0.148646 -0.0789636 
23926 -0.147237 0.0457047 
23927 -0.145066 0.170533 
23928 -0.0460563 -0.205592 
23929 -0.0446432 -0.0798865 
23930 -0.0426869 0.0440996 
23931 -0.0415217 0.168162 
23932 0.0570432 -0.205437 
23933 0.0591321 -0.0806668 
23934 0.0609958 0.0431283 
23935 0.0620807 0.166706 
23936 0.160027 -0.20641 
23937 0.162058 -0.0818066 
23938 0.162899 0.0413201 
23939 0.164317 0.163813 
23940 -0.251773 -0.202769 
23941 -0.249758 -0.0818082 
23942 -0.247814 0.0387013 
23943 -0.245113 0.157482 
23944 -0.151142 -0.203037 
23945 -0.149036 -0.0832352 
23946 -0.146789 0.0363823 
23947 -0.144564 0.155797 
23948 -0.0508097 -0.204073 
23949 -0.0490238 -0.0839584 
23950 -0.047666 0.0347619 
23951 -0.0453542 0.153463 
23952 0.0482232 -0.204039 
23953 0.0490933 -0.0856177 
23954 0.0514406 0.0335544 
23955 0.0525165 0.151409 
23956 0.146305 -0.204912 
23957 0.147619 -0.0860985 
23958 0.148957 0.0320822 
23959 0.150531 0.149361 
23960 -0.248713 -0.200835 
23961 -0.245674 -0.0851772 
23962 -0.243488 0.0295999 
23963 -0.240994 0.144507 
23964 -0.151636 -0.201797 
23965 -0.149155 -0.0858799 
23966 -0.147601 0.0281599 
23967 -0.145406 0.14177 
23968 -0.0562534 -0.202217 
23969 -0.0541752 -0.0873713 
23970 -0.0520441 0.0263283 
23971 -0.0500854 0.140038 
23972 0.03899 -0.202229 
23973 0.040533 -0.0885269 
23974 0.0418669 0.0246329 
23975 0.0439704 0.137009 
23976 0.132512 -0.202996 
23977 0.134493 -0.0892941 
23978 0.135832 0.023236 
23979 0.137382 0.135788 
23980 -0.245567 -0.199595 
23981 -0.243507 -0.0886262 
23982 -0.240242 0.0216199 
23983 -0.238295 0.131506 
23984 -0.152148 -0.199474 
23985 -0.150839 -0.0897362 
23986 -0.14872 0.0201855 
23987 -0.146507 0.129613 
23988 -0.0605763 -0.200531 
23989 -0.0586137 -0.0902739 
23990 -0.0568525 0.0189394 
23991 -0.0551117 0.127257 
23992 0.0299936 -0.200343 
23993 0.0318968 -0.0914656 
23994 0.0334219 0.017573 
23995 0.0352806 0.125017 
23996 0.120692 -0.201731 
23997 0.122041 -0.0924639 
23998 0.123584 0.0155982 
23999 0.124856 0.122517 
24000 -0.242733 -0.197626 
24001 -0.240301 -0.0904422 
24002 -0.237661 0.0155982 
24003 -0.235514 0.120626 
24004 -0.153454 -0.198377 
24005 -0.150975 -0.0922353 
24006 -0.149103 0.0132515 
24007 -0.147209 0.118641 
24008 -0.0652651 -0.198062 
24009 -0.0629158 -0.0930677 
24010 -0.0614879 0.011927 
24011 -0.0598996 0.116105 
24012 0.0225934 -0.199367 
24013 0.02369 -0.0941121 
24014 0.0252243 0.0105869 
24015 0.0276283 0.113548 
24016 0.108703 -0.198991 
24017 0.110373 -0.0949823 
24018 0.111428 0.00879374 
24019 0.113348 0.111846 
24020 -0.240584 -0.195707 
24021 -0.238299 -0.0929771 
24022 -0.235986 0.00918809 
24023 -0.233602 0.110599 
24024 -0.155149 -0.195622 
24025 -0.152549 -0.0943578 
24026 -0.150187 0.00764787 
24027 -0.148369 0.107986 
24028 -0.0692776 -0.196556 
24029 -0.0675174 -0.0950152 
24030 -0.0657798 0.00632928 
24031 -0.0644331 0.106472 
24032 0.0140348 -0.196878 
24033 0.0159805 -0.0956631 
24034 0.0181557 0.00466622 
24035 0.0196617 0.103616 
24036 0.0975944 -0.197179 
24037 0.0988858 -0.0972848 
24038 0.100705 0.00295452 
24039 0.102127 0.102213 
24040 -0.238942 -0.193679 
24041 -0.237097 -0.0943773 
24042 -0.234385 0.00322998 
24043 -0.231987 0.101854 
24044 -0.156607 -0.194102 
24045 -0.154157 -0.0952123 
24046 -0.151526 0.00197725 
24047 -0.149639 0.098848 
24048 -0.074555 -0.194548 
24049 -0.0723331 -0.0967022 
24050 -0.0702919 0.000386823 
24051 -0.0685032 0.0966334 
24052 0.00721178 -0.195173 
24053 0.00829496 -0.0976396 
24054 0.0106194 -0.00142932 
24055 0.0119348 0.0952913 
24056 0.0875159 -0.195755 
24057 0.0881766 -0.0990677 
24058 0.0896717 -0.00261302 
24059 0.090997 0.0924553 
24060 -0.237737 -0.191326 
24061 -0.235652 -0.096102 
24062 -0.233206 -0.00154748 
24063 -0.230285 0.0927406 
24064 -0.157485 -0.191869 
24065 -0.15567 -0.0971405 
24066 -0.153163 -0.00248936 
24067 -0.151388 0.0906513 
24068 -0.0781326 -0.192396 
24069 -0.0762564 -0.0976715 
24070 -0.0749743 -0.00452958 
24071 -0.0728618 0.0893571 
24072 -0.000300163 -0.193127 
24073 0.00116563 -0.0989374 
24074 0.00320444 -0.00582755 
24075 0.00422943 0.086349 
24076 0.0770482 -0.193132 
24077 0.077934 -0.0996117 
24078 0.0799354 -0.00750508 
24079 0.0815745 0.0847341 
24080 -0.237047 -0.190032 
24081 -0.234849 -0.0973031 
24082 -0.232428 -0.00594692 
24083 -0.229776 0.0855418 
24084 -0.159266 -0.190503 
24085 -0.15697 -0.0978212 
24086 -0.155483 -0.00731348 
24087 -0.152687 0.0831371 
24088 -0.0825657 -0.190085 
24089 -0.0810828 -0.0991404 
24090 -0.0794135 -0.00866684 
24091 -0.076823 0.0814995 
24092 -0.00693631 -0.190972 
24093 -0.00573658 -0.0999374 
24094 -0.00356147 -0.0103199 
24095 -0.002764 0.0790025 
24096 0.0675542 -0.19122 
24097 0.0689089 -0.101287 
24098 0.0704503 -0.0113881 
24099 0.0717889 0.0772081 
24100 -0.236424 -0.187649 
24101 -0.23387 -0.0981416 
24102 -0.23094 -0.00936448 
24103 -0.22945 0.0787547 
24104 -0.161356 -0.187637 
24105 -0.158732 -0.0991455 
24106 -0.156875 -0.010766 
24107 -0.154971 0.0765464 
24108 -0.086777 -0.187809 
24109 -0.0852373 -0.0996942 
24110 -0.0836261 -0.0117894 
24111 -0.0817458 0.0749262 
24112 -0.0141188 -0.188061 
24113 -0.0127607 -0.100835 
24114 -0.0103708 -0.0139127 
24115 -0.00914659 0.0725088 
24116 0.0586847 -0.188679 
24117 0.0593546 -0.101756 
24118 0.0611507 -0.01489 
24119 0.0624894 0.0708067 
24120 -0.235627 -0.185764 
24121 -0.233096 -0.0990471 
24122 -0.231411 -0.0130355 
24123 -0.228871 0.0725789 
24124 -0.163068 -0.186082 
24125 -0.160692 -0.0997459 
24126 -0.158873 -0.0139897 
24127 -0.156534 0.0703399 
24128 -0.0911592 -0.185772 
24129 -0.0899359 -0.100096 
24130 -0.0881887 -0.0154348 
24131 -0.0859943 0.0686577 
24132 -0.020551 -0.185781 
24133 -0.0191796 -0.100989 
24134 -0.0179615 -0.0173148 
24135 -0.0155088 0.0670089 
24136 0.0493303 -0.18655 
24137 0.0509937 -0.102302 
24138 0.0514313 -0.018419 
24139 0.0532176 0.0649094 
24140 -0.235964 -0.182751 
24141 -0.233227 -0.0987167 
24142 -0.231265 -0.0159109 
24143 -0.22895 0.066566 
24144 -0.16505 -0.182812 
24145 -0.163541 -0.100043 
24146 -0.160818 -0.0169211 
24147 -0.159499 0.0654146 
24148 -0.0951818 -0.183489 
24149 -0.093511 -0.100515 
24150 -0.0924849 -0.0188183 
24151 -0.0907497 0.0632497 
24152 -0.0264496 -0.18345 
24153 -0.0251944 -0.101056 
24154 -0.0240792 -0.0194567 
24155 -0.0224047 0.0615704 
24156 0.0405279 -0.183905 
24157 0.0424807 -0.102601 
24158 0.043525 -0.0213476 
24159 0.044839 0.0600388 
