23840 -0.333664 -0.216302 
23841 -0.333574 -0.0168343 
23842 -0.33306 0.182886 
23843 -0.333727 0.383259 
23844 -0.166418 -0.217115 
23845 -0.166465 -0.0169556 
23846 -0.166498 0.183556 
23847 -0.166603 0.383135 
23848 -0.000375062 -0.216982 
23849 -0.00017595 -0.0169976 
23850 -0.000381317 0.183538 
23851 0.000224102 0.383109 
23852 0.166351 -0.216194 
23853 0.166877 -0.0165475 
23854 0.166264 0.182952 
23855 0.16634 0.383184 
23856 0.333714 -0.216224 
23857 0.333739 -0.0162082 
23858 0.333671 0.183569 
23859 0.333774 0.383054 
23860 -0.31828 -0.214192 
23861 -0.316897 -0.0271033 
23862 -0.316585 0.158355 
23863 -0.316412 0.344367 
23864 -0.162395 -0.214312 
23865 -0.161996 -0.0279623 
23866 -0.161834 0.158744 
23867 -0.161773 0.344089 
23868 -0.00744877 -0.214073 
23869 -0.00670613 -0.0279263 
23870 -0.00657142 0.157611 
23871 -0.0064778 0.344074 
23872 0.147215 -0.214251 
23873 0.147677 -0.0279407 
23874 0.147803 0.157671 
23875 0.148054 0.342955 
23876 0.30249 -0.213872 
23877 0.302363 -0.0286456 
23878 0.302331 0.15725 
23879 0.303114 0.342381 
23880 -0.305113 -0.211445 
23881 -0.303586 -0.0362024 
23882 -0.30273 0.137521 
23883 -0.302193 0.311483 
23884 -0.159685 -0.210835 
23885 -0.15859 -0.0367291 
23886 -0.157537 0.136405 
23887 -0.157448 0.310352 
23888 -0.0140181 -0.210997 
23889 -0.0140677 -0.0373628 
23890 -0.0131026 0.13611 
23891 -0.0124411 0.308992 
23892 0.130921 -0.21197 
23893 0.130584 -0.0382004 
23894 0.131174 0.135495 
23895 0.13213 0.307993 
23896 0.274838 -0.211246 
23897 0.275388 -0.0384945 
23898 0.275537 0.134337 
23899 0.275935 0.307869 
23900 -0.293708 -0.208462 
23901 -0.292354 -0.0445826 
23902 -0.291657 0.1188 
23903 -0.290481 0.282053 
23904 -0.157314 -0.208796 
23905 -0.155413 -0.0448092 
23906 -0.154658 0.117856 
23907 -0.154308 0.280631 
23908 -0.0203058 -0.208923 
23909 -0.0197916 -0.0451748 
23910 -0.0186243 0.117354 
23911 -0.0181718 0.279787 
23912 0.1154 -0.209059 
23913 0.115777 -0.0460691 
23914 0.116451 0.116045 
23915 0.117254 0.278255 
23916 0.25033 -0.208776 
23917 0.250616 -0.0464517 
23918 0.251482 0.115221 
23919 0.251908 0.276842 
23920 -0.283924 -0.2061 
23921 -0.283188 -0.0509077 
23922 -0.281529 0.103017 
23923 -0.279919 0.2568 
23924 -0.155248 -0.205884 
23925 -0.153643 -0.0520665 
23926 -0.152849 0.101922 
23927 -0.152242 0.254794 
23928 -0.027046 -0.206874 
23929 -0.0260381 -0.0523699 
23930 -0.0251911 0.100273 
23931 -0.0238363 0.253212 
23932 0.100956 -0.206963 
23933 0.102305 -0.0529278 
23934 0.102177 0.0998072 
23935 0.102919 0.252161 
23936 0.227882 -0.206845 
23937 0.229218 -0.0534754 
23938 0.229775 0.0985159 
23939 0.229743 0.250961 
23940 -0.276619 -0.203667 
23941 -0.27437 -0.0574821 
23942 -0.272947 0.0887957 
23943 -0.271455 0.233464 
23944 -0.153525 -0.203455 
23945 -0.153174 -0.0575743 
23946 -0.151584 0.0875285 
23947 -0.14992 0.232567 
23948 -0.0320359 -0.204238 
23949 -0.0311587 -0.0584784 
23950 -0.0306092 0.0859142 
23951 -0.0290482 0.230773 
23952 0.0882792 -0.203923 
23953 0.0889732 -0.0597741 
23954 0.0903907 0.0851884 
23955 0.090738 0.229628 
23956 0.208216 -0.204708 
23957 0.208756 -0.0595384 
23958 0.210126 0.083649 
23959 0.210058 0.227134 
23960 -0.269273 -0.201449 
23961 -0.267464 -0.0623138 
23962 -0.266534 0.0760954 
23963 -0.26414 0.213599 
23964 -0.153353 -0.201571 
23965 -0.152304 -0.0625662 
23966 -0.150618 0.0753492 
23967 -0.149501 0.211992 
23968 -0.0376887 -0.201481 
23969 -0.0372151 -0.0634571 
23970 -0.0354632 0.0734942 
23971 -0.0348567 0.210747 
23972 0.0761327 -0.201608 
23973 0.0773176 -0.0642602 
23974 0.0782916 0.0720234 
23975 0.0787465 0.208844 
23976 0.190228 -0.201878 
23977 0.190749 -0.0650883 
23978 0.19185 0.0711576 
23979 0.191793 0.207288 
23980 -0.263875 -0.198528 
23981 -0.262109 -0.0668862 
23982 -0.260092 0.0645552 
23983 -0.258984 0.195589 
23984 -0.153193 -0.199271 
23985 -0.151882 -0.0669391 
23986 -0.150648 0.0636174 
23987 -0.148646 0.194565 
23988 -0.0431676 -0.199133 
23989 -0.0422004 -0.0676348 
23990 -0.0412682 0.0630114 
23991 -0.0397007 0.192983 
23992 0.0656232 -0.199073 
23993 0.0665524 -0.0683553 
23994 0.0673269 0.0614691 
23995 0.0685631 0.190491 
23996 0.173631 -0.19995 
23997 0.174475 -0.0694104 
23998 0.174616 0.0600872 
23999 0.176081 0.189077 
24000 -0.259112 -0.196162 
24001 -0.257259 -0.0700699 
24002 -0.255617 0.0553414 
24003 -0.252901 0.180343 
24004 -0.153248 -0.196904 
24005 -0.151706 -0.0709617 
24006 -0.150034 0.0537681 
24007 -0.148435 0.177998 
24008 -0.0487809 -0.196594 
24009 -0.0478092 -0.0717314 
24010 -0.0459696 0.0522238 
24011 -0.0443288 0.176126 
24012 0.0547429 -0.197043 
24013 0.0558068 -0.0721416 
24014 0.0574992 0.0514628 
24015 0.0585213 0.17442 
24016 0.158001 -0.197637 
24017 0.159003 -0.0727012 
24018 0.159724 0.0501265 
24019 0.160413 0.173149 
24020 -0.254309 -0.193467 
24021 -0.253022 -0.0733804 
24022 -0.250884 0.0461247 
24023 -0.248674 0.16583 
24024 -0.153876 -0.194517 
24025 -0.151836 -0.0741705 
24026 -0.150665 0.0453037 
24027 -0.148823 0.16354 
24028 -0.0536635 -0.194363 
24029 -0.0525029 -0.0751824 
24030 -0.0511881 0.0439262 
24031 -0.0501834 0.162032 
24032 0.0452827 -0.194308 
24033 0.0463332 -0.0759381 
24034 0.047125 0.043214 
24035 0.0485597 0.160637 
24036 0.143797 -0.194903 
24037 0.143988 -0.0763444 
24038 0.145141 0.0410791 
24039 0.146162 0.15873 
24040 -0.250981 -0.191869 
24041 -0.249084 -0.0761261 
24042 -0.247288 0.0385352 
24043 -0.245082 0.153198 
24044 -0.154559 -0.191778 
24045 -0.152935 -0.0763373 
24046 -0.151097 0.0374689 
24047 -0.149355 0.150723 
24048 -0.0584674 -0.19123 
24049 -0.0569184 -0.0771483 
24050 -0.0555337 0.0360561 
24051 -0.0544718 0.149762 
24052 0.0366286 -0.191651 
24053 0.0371716 -0.0785183 
24054 0.038139 0.034749 
24055 0.0393413 0.147509 
24056 0.130214 -0.191874 
24057 0.130981 -0.0790153 
24058 0.131943 0.0338379 
24059 0.132349 0.14584 
24060 -0.247712 -0.188677 
24061 -0.246532 -0.0781182 
24062 -0.243894 0.0319944 
24063 -0.242738 0.141348 
24064 -0.154875 -0.188757 
24065 -0.153237 -0.0782934 
24066 -0.151799 0.0311759 
24067 -0.150083 0.13994 
24068 -0.0638998 -0.189627 
24069 -0.0623481 -0.079374 
24070 -0.0607233 0.0291041 
24071 -0.0597367 0.138059 
24072 0.0271989 -0.188841 
24073 0.028917 -0.0797206 
24074 0.0293451 0.0282218 
24075 0.0307137 0.136102 
24076 0.117242 -0.189374 
24077 0.117906 -0.0811896 
24078 0.119032 0.0275163 
24079 0.119413 0.134461 
24080 -0.246094 -0.186068 
24081 -0.243364 -0.0799981 
24082 -0.241765 0.0264633 
24083 -0.240062 0.130961 
24084 -0.156498 -0.186442 
24085 -0.154837 -0.0809113 
24086 -0.152815 0.0243953 
24087 -0.151372 0.129061 
24088 -0.0681824 -0.18673 
24089 -0.0663705 -0.0812412 
24090 -0.0651301 0.0238707 
24091 -0.0640708 0.127813 
24092 0.0196476 -0.18669 
24093 0.0202259 -0.0816252 
24094 0.0213555 0.0224774 
24095 0.0227749 0.125986 
24096 0.105553 -0.186765 
24097 0.106476 -0.0826329 
24098 0.106902 0.0209486 
24099 0.107802 0.123735 
24100 -0.243661 -0.183366 
24101 -0.24166 -0.0810901 
24102 -0.240494 0.0205297 
24103 -0.237706 0.122098 
24104 -0.157536 -0.184202 
24105 -0.156152 -0.0813281 
24106 -0.154452 0.019025 
24107 -0.15315 0.120558 
24108 -0.0725476 -0.183966 
24109 -0.0714597 -0.0826294 
24110 -0.0704474 0.0185787 
24111 -0.0691549 0.118482 
24112 0.0109054 -0.183852 
24113 0.0120559 -0.0834605 
24114 0.0131626 0.0171364 
24115 0.014457 0.116423 
24116 0.0944451 -0.183555 
24117 0.0953323 -0.08359 
24118 0.0963262 0.016147 
24119 0.0964839 0.115056 
24120 -0.242331 -0.180758 
24121 -0.240142 -0.0820585 
24122 -0.23815 0.0156832 
24123 -0.237095 0.113636 
24124 -0.159689 -0.18075 
24125 -0.15745 -0.0825645 
24126 -0.156322 0.0149073 
24127 -0.154381 0.111994 
24128 -0.0776659 -0.181152 
24129 -0.0759266 -0.0836575 
24130 -0.0750306 0.0134963 
24131 -0.0734978 0.109525 
24132 0.00389853 -0.181115 
24133 0.004616 -0.0840506 
24134 0.00542275 0.0123679 
24135 0.00637254 0.108641 
24136 0.0833397 -0.181473 
24137 0.084721 -0.0842126 
24138 0.0851426 0.0110762 
24139 0.0854043 0.107092 
24140 -0.241291 -0.178188 
24141 -0.238899 -0.0827045 
24142 -0.23731 0.0112478 
24143 -0.235961 0.106003 
24144 -0.161068 -0.177893 
24145 -0.159471 -0.0836023 
24146 -0.157728 0.0104803 
24147 -0.156264 0.104417 
24148 -0.0818859 -0.178191 
24149 -0.0808135 -0.0844858 
24150 -0.0791625 0.00912698 
24151 -0.0781185 0.102184 
24152 -0.00329531 -0.178133 
24153 -0.00295645 -0.0846203 
24154 -0.00136009 0.0082172 
24155 -0.00131929 0.100534 
24156 0.0731 -0.177787 
24157 0.07397 -0.0845191 
24158 0.0751793 0.0074458 
24159 0.0755162 0.0989167 
24160 -0.240253 -0.176025 
24161 -0.238568 -0.0830308 
24162 -0.237131 0.00832539 
24163 -0.235027 0.0990209 
24164 -0.163195 -0.175317 
24165 -0.160907 -0.083695 
24166 -0.159662 0.00738509 
24167 -0.15877 0.0977081 
24168 -0.0865211 -0.175172 
24169 -0.0854417 -0.0848252 
24170 -0.0841945 0.0063158 
24171 -0.0823987 0.0954356 
24172 -0.0109661 -0.175286 
24173 -0.00993605 -0.085093 
24174 -0.00900619 0.00493308 
24175 -0.00824079 0.094674 
24176 0.063814 -0.175616 
24177 0.0644978 -0.0852711 
24178 0.0647533 0.00458145 
24179 0.066028 0.0925606 
24180 -0.239923 -0.173127 
24181 -0.237484 -0.0834183 
24182 -0.236537 0.00511999 
24183 -0.23492 0.0931536 
24184 -0.164399 -0.172383 
24185 -0.162892 -0.0841014 
24186 -0.162356 0.00440922 
24187 -0.160204 0.0911881 
24188 -0.090282 -0.172818 
24189 -0.0893251 -0.0847444 
24190 -0.0886025 0.00316898 
24191 -0.0876104 0.0896395 
24192 -0.0177722 -0.171966 
24193 -0.0164814 -0.0849556 
24194 -0.016205 0.00164188 
24195 -0.0149259 0.0879681 
24196 0.0545143 -0.171751 
24197 0.0550375 -0.0852281 
24198 0.0560675 0.000808697 
24199 0.0561384 0.086417 
24200 -0.239678 -0.17038 
24201 -0.237802 -0.0841344 
24202 -0.235752 0.00217621 
24203 -0.234242 0.0873234 
24204 -0.167059 -0.170326 
24205 -0.16511 -0.0838801 
24206 -0.164242 0.00148117 
24207 -0.163171 0.0853261 
24208 -0.0950395 -0.170025 
24209 -0.0935923 -0.0837923 
24210 -0.0933585 0.000109388 
24211 -0.0915371 0.0846624 
24212 -0.0241649 -0.169391 
24213 -0.0237769 -0.0845995 
24214 -0.0229302 -0.000330174 
24215 -0.0221285 0.0833207 
24216 0.0457398 -0.169505 
24217 0.0465724 -0.0850694 
24218 0.046101 -0.000801049 
24219 0.0466087 0.0818071 
24220 -0.239346 -0.167162 
24221 -0.237807 -0.0830628 
24222 -0.235999 0.000146003 
24223 -0.234297 0.0826221 
24224 -0.169302 -0.167265 
24225 -0.167185 -0.0840037 
24226 -0.166144 -0.00132446 
24227 -0.165351 0.0810687 
24228 -0.0996908 -0.166784 
24229 -0.0980066 -0.0839686 
24230 -0.0978432 -0.0017275 
24231 -0.0962187 0.0796984 
24232 -0.0307946 -0.166474 
24233 -0.0299626 -0.083677 
24234 -0.0295855 -0.00219601 
24235 -0.0288401 0.0779882 
24236 0.0366424 -0.16598 
24237 0.0375835 -0.0843516 
24238 0.037708 -0.0036895 
24239 0.0380325 0.0767308 
