30025 -0.333308 -0.249989 
30026 -0.333416 -0.0832436 
30027 -0.333379 0.0832937 
30028 -0.333377 0.250029 
30029 -0.33326 0.416709 
30030 -0.166598 -0.250053 
30031 -0.166705 -0.0833015 
30032 -0.16657 0.0832874 
30033 -0.16669 0.249934 
30034 -0.166703 0.41661 
30035 3.82375e-05 -0.250099 
30036 -3.36299e-05 -0.0834646 
30037 9.38657e-05 0.0833001 
30038 -0.000118465 0.249961 
30039 -6.14022e-07 0.416765 
30040 0.166691 -0.249906 
30041 0.166678 -0.0834219 
30042 0.166581 0.0833382 
30043 0.166661 0.249883 
30044 0.166525 0.41673 
30045 0.333306 -0.250022 
30046 0.333394 -0.08334 
30047 0.333379 0.0832697 
30048 0.333356 0.250054 
30049 0.333214 0.416775 
30050 -0.334786 -0.25195 
30051 -0.334779 -0.0859111 
30052 -0.334533 0.0802931 
30053 -0.334156 0.246083 
30054 -0.33415 0.411864 
30055 -0.168865 -0.251982 
30056 -0.168616 -0.085903 
30057 -0.168372 0.0801076 
30058 -0.168351 0.245849 
30059 -0.168199 0.411526 
30060 -0.0027269 -0.251768 
30061 -0.00265232 -0.0858227 
30062 -0.00265976 0.0799154 
30063 -0.00246529 0.245668 
30064 -0.00227915 0.411243 
30065 0.163184 -0.251847 
30066 0.163143 -0.0858999 
30067 0.16325 0.0798994 
30068 0.163231 0.245539 
30069 0.163226 0.411095 
30070 0.328898 -0.251811 
30071 0.329014 -0.0860611 
30072 0.32878 0.0798242 
30073 0.328782 0.245338 
30074 0.328774 0.410802 
30075 -0.336666 -0.254065 
30076 -0.336252 -0.0882086 
30077 -0.33586 0.0772728 
30078 -0.335447 0.242199 
30079 -0.334928 0.407032 
30080 -0.170943 -0.253863 
30081 -0.170552 -0.0884445 
30082 -0.170337 0.0768003 
30083 -0.169978 0.241814 
30084 -0.169741 0.406532 
30085 -0.00538503 -0.253899 
30086 -0.00530162 -0.0885679 
30087 -0.00509545 0.0764724 
30088 -0.00497707 0.241481 
30089 -0.00490927 0.405917 
30090 0.159712 -0.253798 
30091 0.159769 -0.0884292 
30092 0.159648 0.076343 
30093 0.159936 0.241005 
30094 0.159819 0.405542 
30095 0.324604 -0.253668 
30096 0.324558 -0.0886879 
30097 0.324339 0.0761356 
30098 0.324169 0.240797 
30099 0.32412 0.405089 
30100 -0.338195 -0.255998 
30101 -0.337648 -0.090913 
30102 -0.337128 0.0738871 
30103 -0.336546 0.23815 
30104 -0.335751 0.401997 
30105 -0.172881 -0.255946 
30106 -0.172533 -0.0909756 
30107 -0.172305 0.0736169 
30108 -0.171799 0.237698 
30109 -0.171317 0.401331 
30110 -0.00806643 -0.255885 
30111 -0.0079327 -0.090858 
30112 -0.00773601 0.0733221 
30113 -0.00758128 0.237272 
30114 -0.00729273 0.400709 
30115 0.156402 -0.255743 
30116 0.156211 -0.0910829 
30117 0.156251 0.0730185 
30118 0.156262 0.236758 
30119 0.156159 0.40002 
30120 0.320381 -0.25549 
30121 0.320146 -0.0911657 
30122 0.319911 0.0726974 
30123 0.319752 0.236257 
30124 0.319443 0.399296 
30125 -0.339739 -0.258066 
30126 -0.339101 -0.0934794 
30127 -0.338226 0.0707509 
30128 -0.337515 0.234219 
30129 -0.336794 0.397175 
30130 -0.175009 -0.257913 
30131 -0.174593 -0.0935861 
30132 -0.174011 0.0704526 
30133 -0.173551 0.233653 
30134 -0.17304 0.396374 
30135 -0.010656 -0.257603 
30136 -0.0104016 -0.0935454 
30137 -0.0102988 0.0700766 
30138 -0.0101372 0.233069 
30139 -0.0099405 0.395665 
30140 0.153082 -0.257512 
30141 0.152932 -0.0936529 
30142 0.152888 0.0696689 
30143 0.152796 0.232469 
30144 0.152719 0.394725 
30145 0.316148 -0.257182 
30146 0.315869 -0.0935247 
30147 0.315398 0.0694548 
30148 0.315023 0.231869 
30149 0.314868 0.393995 
30150 -0.341373 -0.26027 
30151 -0.340373 -0.0960407 
30152 -0.339458 0.06743 
30153 -0.338677 0.230241 
30154 -0.337783 0.392428 
30155 -0.176998 -0.260093 
30156 -0.176421 -0.0961352 
30157 -0.175982 0.0671113 
30158 -0.175387 0.2295 
30159 -0.174731 0.391447 
30160 -0.013152 -0.259526 
30161 -0.0131551 -0.0959729 
30162 -0.0127783 0.066836 
30163 -0.0127003 0.229003 
30164 -0.0125057 0.390378 
30165 0.149758 -0.259261 
30166 0.14952 -0.0960242 
30167 0.149438 0.0664221 
30168 0.14925 0.228157 
30169 0.149092 0.389389 
30170 0.312244 -0.258798 
30171 0.311613 -0.0959382 
30172 0.311168 0.0661618 
30173 0.310585 0.227602 
30174 0.310086 0.388506 
30175 -0.342948 -0.262463 
30176 -0.341939 -0.0985828 
30177 -0.340846 0.0642498 
30178 -0.339838 0.226329 
30179 -0.338937 0.387542 
30180 -0.179066 -0.261849 
30181 -0.178352 -0.0986294 
30182 -0.177749 0.0638912 
30183 -0.177071 0.225492 
30184 -0.176577 0.386372 
30185 -0.0158448 -0.261495 
30186 -0.0156107 -0.0986277 
30187 -0.0155902 0.0636384 
30188 -0.0153798 0.224906 
30189 -0.0151194 0.385306 
30190 0.146562 -0.260899 
30191 0.146222 -0.0983848 
30192 0.146047 0.0632124 
30193 0.145852 0.224095 
30194 0.145521 0.384273 
30195 0.308055 -0.260465 
30196 0.307293 -0.0985179 
30197 0.306771 0.0629351 
30198 0.306099 0.223412 
30199 0.305425 0.383282 
30200 -0.344435 -0.264601 
30201 -0.343347 -0.101245 
30202 -0.34226 0.0610348 
30203 -0.341103 0.222539 
30204 -0.339991 0.382828 
30205 -0.181027 -0.263941 
30206 -0.180344 -0.101039 
30207 -0.179767 0.0606759 
30208 -0.179089 0.221637 
30209 -0.178467 0.381495 
30210 -0.0184532 -0.263287 
30211 -0.0181196 -0.100921 
30212 -0.0181011 0.0604367 
30213 -0.0179207 0.220774 
30214 -0.0178113 0.380408 
30215 0.143089 -0.262729 
30216 0.142922 -0.100787 
30217 0.142642 0.060109 
30218 0.142174 0.220026 
30219 0.141988 0.3792 
30220 0.304106 -0.262005 
30221 0.303261 -0.100653 
30222 0.302476 0.0599217 
30223 0.301434 0.219399 
30224 0.30094 0.378018 
30225 -0.346015 -0.266624 
30226 -0.3447 -0.103937 
30227 -0.343472 0.0578385 
30228 -0.342334 0.218442 
30229 -0.341291 0.378057 
30230 -0.182802 -0.265846 
30231 -0.182199 -0.103513 
30232 -0.181529 0.0576243 
30233 -0.180963 0.217686 
30234 -0.180299 0.376868 
30235 -0.0208746 -0.26506 
30236 -0.0208332 -0.103171 
30237 -0.0205874 0.0574359 
30238 -0.0205099 0.216964 
30239 -0.0205581 0.375382 
30240 0.140207 -0.264457 
30241 0.139681 -0.103086 
30242 0.139148 0.0569726 
30243 0.138737 0.21621 
30244 0.138311 0.374153 
30245 0.300092 -0.26355 
30246 0.298907 -0.10289 
30247 0.29809 0.0566327 
30248 0.29703 0.215452 
30249 0.296072 0.372901 
30250 -0.347286 -0.26883 
30251 -0.346153 -0.106431 
30252 -0.344922 0.0547084 
30253 -0.343732 0.214539 
30254 -0.342497 0.373287 
30255 -0.184708 -0.267889 
30256 -0.184085 -0.106082 
30257 -0.183592 0.0545589 
30258 -0.18287 0.213821 
30259 -0.182412 0.371936 
30260 -0.0231904 -0.266837 
30261 -0.0231716 -0.105755 
30262 -0.0232248 0.0542447 
30263 -0.0231914 0.213017 
30264 -0.0231807 0.370611 
30265 0.137041 -0.265904 
30266 0.136389 -0.10529 
30267 0.135768 0.0540563 
30268 0.135135 0.212239 
30269 0.13455 0.369414 
30270 0.296182 -0.264854 
30271 0.294883 -0.104936 
30272 0.293808 0.0539128 
30273 0.292501 0.211547 
30274 0.291314 0.368078 
30275 -0.348687 -0.271027 
30276 -0.347499 -0.109064 
30277 -0.346263 0.0515553 
30278 -0.344995 0.210758 
30279 -0.343951 0.368647 
30280 -0.186604 -0.269789 
30281 -0.18601 -0.108539 
30282 -0.185489 0.0513706 
30283 -0.184927 0.209959 
30284 -0.184413 0.367188 
30285 -0.0256676 -0.26864 
30286 -0.0258819 -0.108054 
30287 -0.0259904 0.0511687 
30288 -0.0260283 0.209358 
30289 -0.0261135 0.365834 
30290 0.13387 -0.26741 
30291 0.133123 -0.107417 
30292 0.132392 0.0513361 
30293 0.131716 0.2085 
30294 0.130886 0.364806 
30295 0.292169 -0.266224 
30296 0.290702 -0.106751 
30297 0.289518 0.0510326 
30298 0.288071 0.207843 
30299 0.286608 0.3633 
30300 -0.350175 -0.272975 
30301 -0.348846 -0.111527 
30302 -0.347759 0.0483675 
30303 -0.346643 0.206948 
30304 -0.345348 0.364038 
30305 -0.18841 -0.271633 
30306 -0.187889 -0.110875 
30307 -0.187341 0.0484371 
30308 -0.186973 0.20625 
30309 -0.186602 0.362591 
30310 -0.0279155 -0.270152 
30311 -0.0282947 -0.110139 
30312 -0.0285635 0.0484061 
30313 -0.0286563 0.205472 
30314 -0.0289112 0.361339 
30315 0.13088 -0.268883 
30316 0.129881 -0.109547 
30317 0.129113 0.048445 
30318 0.128037 0.204941 
30319 0.12719 0.360002 
30320 0.288372 -0.267381 
30321 0.286811 -0.108868 
30322 0.285078 0.0483733 
30323 0.283559 0.204231 
30324 0.281985 0.358688 
30325 -0.351585 -0.275095 
30326 -0.350454 -0.114158 
30327 -0.349037 0.0453114 
30328 -0.34801 0.20332 
30329 -0.346689 0.35942 
30330 -0.190151 -0.273517 
30331 -0.189863 -0.113191 
30332 -0.189594 0.0453888 
30333 -0.18884 0.202419 
30334 -0.188561 0.358067 
30335 -0.0303707 -0.271822 
30336 -0.0307919 -0.112367 
30337 -0.0313019 0.0454912 
30338 -0.0315144 0.202019 
30339 -0.0317903 0.35682 
30340 0.127901 -0.270054 
30341 0.126772 -0.111459 
30342 0.125675 0.0455756 
30343 0.124554 0.201347 
30344 0.123324 0.355479 
30345 0.284775 -0.268532 
30346 0.282814 -0.110509 
30347 0.280787 0.0458029 
30348 0.279129 0.200701 
30349 0.277267 0.354093 
30350 -0.352951 -0.277208 
30351 -0.351689 -0.116675 
30352 -0.350607 0.0422006 
30353 -0.349365 0.199264 
30354 -0.348269 0.354985 
30355 -0.191944 -0.275237 
30356 -0.191618 -0.115648 
30357 -0.191481 0.0424894 
30358 -0.191027 0.198957 
30359 -0.190667 0.353647 
30360 -0.0327281 -0.273248 
30361 -0.0332577 -0.114466 
30362 -0.0337756 0.0427151 
30363 -0.0340808 0.198432 
30364 -0.0346863 0.352522 
30365 0.124844 -0.271388 
30366 0.123651 -0.113424 
30367 0.122298 0.0431494 
30368 0.120983 0.197834 
30369 0.119613 0.351117 
30370 0.281019 -0.26954 
30371 0.278906 -0.112279 
30372 0.276795 0.043445 
30373 0.27466 0.197327 
30374 0.272583 0.349803 
30375 -0.354205 -0.279233 
30376 -0.353244 -0.119195 
30377 -0.352089 0.0391542 
30378 -0.351033 0.195845 
30379 -0.350164 0.350461 
30380 -0.193707 -0.277041 
30381 -0.193469 -0.117732 
30382 -0.193342 0.0396699 
30383 -0.193004 0.195387 
30384 -0.193023 0.349404 
30385 -0.0350541 -0.274782 
30386 -0.0355994 -0.1165 
30387 -0.0363803 0.0401151 
30388 -0.0370749 0.19505 
30389 -0.0377474 0.348161 
30390 0.121879 -0.272618 
30391 0.120542 -0.115209 
30392 0.1188 0.0405875 
30393 0.117372 0.194578 
30394 0.115788 0.346913 
30395 0.277309 -0.270421 
30396 0.274783 -0.113862 
30397 0.272513 0.0410679 
30398 0.270182 0.194139 
30399 0.267814 0.345663 
30400 -0.355614 -0.281311 
30401 -0.354532 -0.121575 
30402 -0.353575 0.0359406 
30403 -0.352607 0.192173 
30404 -0.351476 0.346178 
30405 -0.195416 -0.27874 
30406 -0.195336 -0.119972 
30407 -0.195221 0.0368965 
30408 -0.195386 0.191902 
30409 -0.195253 0.345047 
30410 -0.0373096 -0.2763 
30411 -0.0380749 -0.118249 
30412 -0.0390072 0.0375951 
30413 -0.0397879 0.191684 
30414 -0.0406278 0.343956 
30415 0.11908 -0.273716 
30416 0.117235 -0.116807 
30417 0.115608 0.0380947 
30418 0.113888 0.191386 
30419 0.112045 0.342781 
30420 0.273722 -0.271179 
30421 0.271092 -0.1153 
30422 0.268351 0.0388045 
30423 0.265602 0.191009 
30424 0.262973 0.341606 
30425 -0.35682 -0.283065 
30426 -0.355998 -0.123947 
30427 -0.355018 0.0332061 
30428 -0.354158 0.188585 
30429 -0.353331 0.341844 
30430 -0.197225 -0.280314 
30431 -0.197336 -0.122055 
30432 -0.197417 0.0340855 
30433 -0.197549 0.188512 
30434 -0.1976 0.340934 
30435 -0.0395367 -0.277455 
30436 -0.0406391 -0.120296 
30437 -0.0416849 0.0349692 
30438 -0.0425662 0.188252 
30439 -0.0437391 0.339711 
30440 0.116173 -0.274599 
30441 0.114157 -0.118442 
30442 0.112194 0.0357694 
30443 0.110256 0.188186 
30444 0.108328 0.338921 
30445 0.270004 -0.271891 
30446 0.267001 -0.116721 
30447 0.26402 0.0366002 
30448 0.261283 0.18803 
30449 0.258371 0.337757 
30450 -0.358186 -0.285091 
30451 -0.357498 -0.126352 
30452 -0.356625 0.0304517 
30453 -0.355827 0.185078 
30454 -0.35512 0.337835 
30455 -0.198902 -0.281791 
30456 -0.199249 -0.124002 
30457 -0.19939 0.0315958 
30458 -0.199755 0.185184 
30459 -0.2 0.336852 
30460 -0.0418033 -0.27867 
30461 -0.0429424 -0.122068 
30462 -0.0442855 0.0325721 
30463 -0.0455547 0.185243 
30464 -0.0468146 0.336075 
30465 0.113307 -0.275458 
30466 0.111203 -0.119947 
30467 0.108777 0.0337037 
30468 0.106515 0.185304 
30469 0.104628 0.334907 
30470 0.266433 -0.272368 
30471 0.263228 -0.117954 
30472 0.259916 0.0345792 
30473 0.256788 0.18549 
30474 0.253742 0.334268 
30475 -0.359427 -0.286833 
30476 -0.358931 -0.128535 
30477 -0.358213 0.0277515 
30478 -0.357521 0.181785 
30479 -0.356895 0.333834 
30480 -0.200607 -0.283211 
30481 -0.200995 -0.126041 
30482 -0.201502 0.0289857 
30483 -0.201904 0.182006 
30484 -0.202278 0.332872 
30485 -0.0438103 -0.279757 
30486 -0.0455442 -0.123558 
30487 -0.0470235 0.0302474 
30488 -0.0484494 0.182299 
30489 -0.0498538 0.332104 
30490 0.110478 -0.27629 
30491 0.107958 -0.121235 
30492 0.105436 0.0316616 
30493 0.1029 0.182403 
30494 0.100548 0.331281 
30495 0.262697 -0.272724 
30496 0.259403 -0.119008 
30497 0.255708 0.0328431 
30498 0.2524 0.182611 
30499 0.248792 0.330486 
30500 -0.360595 -0.288532 
30501 -0.360189 -0.130667 
30502 -0.359695 0.0250356 
30503 -0.359404 0.178456 
30504 -0.358904 0.329712 
30505 -0.202021 -0.284593 
30506 -0.202776 -0.12798 
30507 -0.20353 0.0265128 
30508 -0.204133 0.178896 
30509 -0.204883 0.329129 
30510 -0.0459582 -0.280753 
30511 -0.0477452 -0.125318 
30512 -0.0496059 0.0280831 
30513 -0.0512118 0.17921 
30514 -0.053002 0.328439 
30515 0.107728 -0.277008 
30516 0.104895 -0.122509 
30517 0.10207 0.0297116 
30518 0.0992953 0.17976 
30519 0.0966259 0.327793 
30520 0.259258 -0.273184 
30521 0.255439 -0.119877 
30522 0.251649 0.0310625 
30523 0.247791 0.180133 
30524 0.244147 0.327145 
