30125 -0.333328 -0.249918 
30126 -0.333305 -0.0832641 
30127 -0.333341 0.0833574 
30128 -0.333272 0.250052 
30129 -0.33332 0.416704 
30130 -0.166765 -0.250081 
30131 -0.166765 -0.0833948 
30132 -0.166683 0.0833316 
30133 -0.166737 0.250014 
30134 -0.166617 0.416598 
30135 -6.13368e-06 -0.250008 
30136 5.04948e-05 -0.0834008 
30137 -5.07837e-05 0.0833826 
30138 6.75873e-06 0.250002 
30139 -7.43932e-05 0.416575 
30140 0.166721 -0.249992 
30141 0.16669 -0.0833429 
30142 0.166565 0.0834395 
30143 0.166623 0.250057 
30144 0.166767 0.41671 
30145 0.333384 -0.249944 
30146 0.333345 -0.0834225 
30147 0.333476 0.0833248 
30148 0.333272 0.250016 
30149 0.333369 0.416662 
30150 -0.334924 -0.252097 
30151 -0.334709 -0.0858191 
30152 -0.334544 0.0799953 
30153 -0.334383 0.245914 
30154 -0.334322 0.411577 
30155 -0.168707 -0.252008 
30156 -0.168588 -0.0860436 
30157 -0.168506 0.0800561 
30158 -0.168501 0.245879 
30159 -0.168382 0.411468 
30160 -0.00272341 -0.251961 
30161 -0.00267964 -0.0859262 
30162 -0.00277683 0.0801613 
30163 -0.00268806 0.245751 
30164 -0.0025681 0.411351 
30165 0.163152 -0.251835 
30166 0.163165 -0.0858562 
30167 0.163134 0.0801237 
30168 0.162945 0.245747 
30169 0.163073 0.411078 
30170 0.329111 -0.251731 
30171 0.328899 -0.0858341 
30172 0.328779 0.0800232 
30173 0.328594 0.245393 
30174 0.3285 0.411022 
30175 -0.336337 -0.254379 
30176 -0.336051 -0.0886504 
30177 -0.335854 0.0767752 
30178 -0.33561 0.241954 
30179 -0.335307 0.406611 
30180 -0.170685 -0.253983 
30181 -0.170503 -0.0885052 
30182 -0.170397 0.076708 
30183 -0.170265 0.241715 
30184 -0.170155 0.406425 
30185 -0.00523559 -0.253793 
30186 -0.00525686 -0.0882981 
30187 -0.00518435 0.0766495 
30188 -0.00530328 0.241564 
30189 -0.00533987 0.405996 
30190 0.160017 -0.2536 
30191 0.159817 -0.0882954 
30192 0.159506 0.0766928 
30193 0.159435 0.241321 
30194 0.159274 0.405745 
30195 0.324893 -0.253257 
30196 0.324515 -0.0881331 
30197 0.324293 0.076616 
30198 0.323865 0.241258 
30199 0.323612 0.405512 
30200 -0.337798 -0.256438 
30201 -0.337528 -0.0911934 
30202 -0.337281 0.0735699 
30203 -0.336865 0.237788 
30204 -0.336461 0.401698 
30205 -0.172593 -0.255996 
30206 -0.172412 -0.0910381 
30207 -0.172389 0.0734897 
30208 -0.172267 0.237636 
30209 -0.172057 0.401227 
30210 -0.00784374 -0.255739 
30211 -0.00784714 -0.0910408 
30212 -0.00804289 0.0733596 
30213 -0.00805322 0.237217 
30214 -0.00813617 0.400923 
30215 0.156626 -0.255145 
30216 0.156379 -0.0906833 
30217 0.15615 0.0734719 
30218 0.155808 0.237114 
30219 0.155505 0.400475 
30220 0.320704 -0.25483 
30221 0.320263 -0.0905555 
30222 0.319725 0.0734407 
30223 0.319121 0.236998 
30224 0.318736 0.400059 
30225 -0.33921 -0.258485 
30226 -0.338969 -0.0938848 
30227 -0.338487 0.0703137 
30228 -0.338113 0.233807 
30229 -0.337775 0.396861 
30230 -0.17452 -0.25793 
30231 -0.174364 -0.0934688 
30232 -0.174205 0.0702412 
30233 -0.174155 0.233592 
30234 -0.173992 0.396293 
30235 -0.0102038 -0.257434 
30236 -0.0104976 -0.0933305 
30237 -0.0105885 0.0703662 
30238 -0.0107318 0.2334 
30239 -0.0107933 0.395715 
30240 0.1535 -0.256718 
30241 0.153067 -0.0929412 
30242 0.152541 0.0703068 
30243 0.152183 0.233127 
30244 0.151742 0.395245 
30245 0.316733 -0.256212 
30246 0.315931 -0.0926639 
30247 0.315236 0.0704683 
30248 0.3146 0.232881 
30249 0.313793 0.394843 
30250 -0.340892 -0.26077 
30251 -0.340284 -0.096442 
30252 -0.339783 0.0670333 
30253 -0.339333 0.229816 
30254 -0.33901 0.391842 
30255 -0.176489 -0.260019 
30256 -0.176364 -0.0961661 
30257 -0.176437 0.0670389 
30258 -0.176203 0.229456 
30259 -0.176096 0.391305 
30260 -0.0129004 -0.259203 
30261 -0.012943 -0.095695 
30262 -0.0133252 0.0672718 
30263 -0.0135794 0.229304 
30264 -0.0138156 0.390798 
30265 0.150185 -0.258416 
30266 0.149633 -0.0952783 
30267 0.149151 0.0672897 
30268 0.148578 0.228956 
30269 0.148088 0.390335 
30270 0.31259 -0.257612 
30271 0.311738 -0.0948229 
30272 0.310739 0.0674121 
30273 0.309858 0.228912 
30274 0.308856 0.389799 
30275 -0.34222 -0.262822 
30276 -0.341657 -0.0992623 
30277 -0.341248 0.0638273 
30278 -0.340783 0.225887 
30279 -0.340332 0.386973 
30280 -0.178285 -0.261851 
30281 -0.178305 -0.0985977 
30282 -0.178133 0.0639485 
30283 -0.178029 0.225569 
30284 -0.177955 0.386472 
30285 -0.0151449 -0.260946 
30286 -0.0155749 -0.0979245 
30287 -0.0159317 0.0641573 
30288 -0.0161402 0.225392 
30289 -0.0165406 0.385922 
30290 0.147175 -0.259932 
30291 0.146414 -0.0974487 
30292 0.145582 0.0642691 
30293 0.144929 0.225109 
30294 0.144358 0.385267 
30295 0.30869 -0.258959 
30296 0.307474 -0.0968144 
30297 0.306304 0.0644288 
30298 0.305275 0.225018 
30299 0.304061 0.384561 
30300 -0.343564 -0.265077 
30301 -0.343144 -0.101769 
30302 -0.342593 0.0605617 
30303 -0.342138 0.221889 
30304 -0.341768 0.382234 
30305 -0.180199 -0.263832 
30306 -0.180268 -0.100907 
30307 -0.180071 0.0607586 
30308 -0.180135 0.221698 
30309 -0.180107 0.381777 
30310 -0.0176104 -0.262629 
30311 -0.018173 -0.100255 
30312 -0.0185282 0.0611011 
30313 -0.0190755 0.22155 
30314 -0.019391 0.381022 
30315 0.143994 -0.261396 
30316 0.143028 -0.0995863 
30317 0.141985 0.0613515 
30318 0.141346 0.221334 
30319 0.14039 0.380543 
30320 0.304771 -0.260114 
30321 0.303377 -0.0988035 
30322 0.302003 0.0617244 
30323 0.300608 0.221184 
30324 0.299156 0.379786 
30325 -0.344887 -0.267144 
30326 -0.344549 -0.104372 
30327 -0.344059 0.0573319 
30328 -0.343487 0.217984 
30329 -0.343051 0.377659 
30330 -0.182027 -0.265643 
30331 -0.182 -0.103405 
30332 -0.181954 0.0577748 
30333 -0.182213 0.217937 
30334 -0.1822 0.376877 
30335 -0.019981 -0.264171 
30336 -0.0205182 -0.102437 
30337 -0.0211347 0.0582172 
30338 -0.0217931 0.217722 
30339 -0.0223314 0.376443 
30340 0.140897 -0.262697 
30341 0.139823 -0.101557 
30342 0.138735 0.0586312 
30343 0.137566 0.217689 
30344 0.136503 0.375748 
30345 0.300919 -0.261326 
30346 0.29921 -0.100646 
30347 0.297549 0.0591489 
30348 0.295888 0.217436 
30349 0.294191 0.375173 
30350 -0.346386 -0.269217 
30351 -0.345998 -0.106809 
30352 -0.345513 0.054231 
30353 -0.345161 0.214192 
30354 -0.344514 0.372967 
30355 -0.183722 -0.267332 
30356 -0.183987 -0.105642 
30357 -0.184044 0.0547462 
30358 -0.184352 0.214197 
30359 -0.184388 0.3723 
30360 -0.022367 -0.265667 
30361 -0.0231646 -0.104573 
30362 -0.0239073 0.055388 
30363 -0.024669 0.214232 
30364 -0.0252681 0.371753 
30365 0.137877 -0.264033 
30366 0.136602 -0.103489 
30367 0.135264 0.0559657 
30368 0.133793 0.214125 
30369 0.132598 0.37125 
30370 0.29701 -0.262291 
30371 0.295137 -0.102366 
30372 0.29332 0.0564835 
30373 0.291294 0.214023 
30374 0.289522 0.370731 
30375 -0.347733 -0.271082 
30376 -0.34747 -0.109427 
30377 -0.346921 0.0510922 
30378 -0.346694 0.210355 
30379 -0.346193 0.368412 
30380 -0.185484 -0.269052 
30381 -0.185682 -0.107913 
30382 -0.186142 0.0519062 
30383 -0.18629 0.210529 
30384 -0.186645 0.367999 
30385 -0.0246171 -0.267179 
30386 -0.0256138 -0.106765 
30387 -0.0265731 0.0527442 
30388 -0.0273304 0.210596 
30389 -0.0284325 0.367302 
30390 0.134959 -0.265153 
30391 0.133296 -0.105327 
30392 0.131767 0.053344 
30393 0.130219 0.210586 
30394 0.128619 0.366998 
30395 0.293391 -0.263146 
30396 0.290994 -0.104007 
30397 0.288838 0.0539981 
30398 0.286591 0.210783 
30399 0.284651 0.366262 
30400 -0.348894 -0.273148 
30401 -0.34881 -0.11177 
30402 -0.34838 0.0481193 
30403 -0.348111 0.206713 
30404 -0.347805 0.363938 
30405 -0.187231 -0.270863 
30406 -0.187725 -0.110177 
30407 -0.188182 0.0491384 
30408 -0.188563 0.206891 
30409 -0.188937 0.363579 
30410 -0.0268739 -0.268429 
30411 -0.0281488 -0.108509 
30412 -0.0291346 0.0500184 
30413 -0.030242 0.207284 
30414 -0.0313983 0.363058 
30415 0.131926 -0.266223 
30416 0.130249 -0.107058 
30417 0.128255 0.050927 
30418 0.126592 0.207449 
30419 0.124626 0.362602 
30420 0.289397 -0.263927 
30421 0.286986 -0.105411 
30422 0.284529 0.0518234 
30423 0.281958 0.207474 
30424 0.279593 0.362056 
30425 -0.350359 -0.274927 
30426 -0.350144 -0.114128 
30427 -0.349885 0.0451438 
30428 -0.349789 0.203229 
30429 -0.349521 0.359662 
30430 -0.188776 -0.272377 
30431 -0.189602 -0.11221 
30432 -0.19007 0.0462506 
30433 -0.19065 0.20348 
30434 -0.191223 0.359132 
30435 -0.0292368 -0.269717 
30436 -0.0304465 -0.110376 
30437 -0.0319967 0.0474996 
30438 -0.0330562 0.203851 
30439 -0.0344871 0.358838 
30440 0.128947 -0.267084 
30441 0.126906 -0.108627 
30442 0.124959 0.0484481 
30443 0.122682 0.204346 
30444 0.120958 0.358497 
30445 0.28567 -0.264619 
30446 0.282861 -0.106775 
30447 0.280186 0.0495739 
30448 0.277448 0.20463 
30449 0.274839 0.358066 
30450 -0.351549 -0.277012 
30451 -0.351547 -0.116526 
30452 -0.351362 0.0424098 
30453 -0.351414 0.199526 
30454 -0.351386 0.355348 
30455 -0.190641 -0.273949 
30456 -0.191475 -0.114331 
30457 -0.192171 0.0436662 
30458 -0.193018 0.200026 
30459 -0.193712 0.355022 
30460 -0.0315199 -0.270995 
30461 -0.0328867 -0.11213 
30462 -0.0344746 0.0449525 
30463 -0.0361197 0.200541 
30464 -0.0374872 0.35474 
30465 0.126051 -0.268019 
30466 0.1237 -0.110047 
30467 0.121487 0.0461712 
30468 0.119175 0.201088 
30469 0.116836 0.354583 
30470 0.282064 -0.265131 
30471 0.278843 -0.108135 
30472 0.275816 0.0475973 
30473 0.272783 0.201674 
30474 0.269904 0.354167 
30475 -0.35266 -0.278931 
30476 -0.352811 -0.118788 
30477 -0.353058 0.039545 
30478 -0.353044 0.196179 
30479 -0.353332 0.350925 
30480 -0.192195 -0.275401 
30481 -0.193311 -0.116458 
30482 -0.194328 0.0409499 
30483 -0.195049 0.196696 
30484 -0.196162 0.350893 
30485 -0.033699 -0.272113 
30486 -0.0354705 -0.113884 
30487 -0.0372237 0.0425511 
30488 -0.0390404 0.197573 
30489 -0.0408958 0.350898 
30490 0.123297 -0.268835 
30491 0.120679 -0.111568 
30492 0.118095 0.0441156 
30493 0.11546 0.198139 
30494 0.113 0.350668 
30495 0.278405 -0.265515 
30496 0.275056 -0.10921 
30497 0.271602 0.045553 
30498 0.268318 0.198721 
30499 0.264884 0.350586 
30500 -0.354067 -0.280492 
30501 -0.354213 -0.120954 
30502 -0.354546 0.0366625 
30503 -0.354889 0.192686 
30504 -0.355018 0.347025 
30505 -0.193968 -0.276832 
30506 -0.195222 -0.118165 
30507 -0.196249 0.0386376 
30508 -0.197381 0.19353 
30509 -0.198529 0.347072 
30510 -0.0360425 -0.273012 
30511 -0.0379451 -0.115515 
30512 -0.0399918 0.0404889 
30513 -0.0419038 0.194482 
30514 -0.0439384 0.346976 
30515 0.120256 -0.269404 
30516 0.117538 -0.112831 
30517 0.114477 0.0421272 
30518 0.111733 0.195333 
30519 0.108832 0.347024 
30520 0.274715 -0.265803 
30521 0.271072 -0.110173 
30522 0.267353 0.0438057 
30523 0.263704 0.196234 
30524 0.260039 0.347005 
30525 -0.355208 -0.282204 
30526 -0.355632 -0.12328 
30527 -0.356175 0.034049 
30528 -0.356501 0.18953 
30529 -0.35708 0.343098 
30530 -0.195671 -0.27797 
30531 -0.197136 -0.120146 
30532 -0.19839 0.0362311 
30533 -0.199716 0.190497 
30534 -0.201121 0.343184 
30535 -0.0380355 -0.273994 
30536 -0.0402491 -0.11705 
30537 -0.04258 0.0382018 
30538 -0.045008 0.191704 
30539 -0.0471704 0.343387 
30540 0.117522 -0.270044 
30541 0.114285 -0.114024 
30542 0.111195 0.0401175 
30543 0.108012 0.192584 
30544 0.104972 0.343334 
30545 0.271084 -0.265971 
30546 0.267118 -0.110941 
30547 0.263059 0.0421703 
30548 0.259002 0.193684 
30549 0.255095 0.343399 
30550 -0.356353 -0.283848 
30551 -0.357052 -0.12514 
30552 -0.357773 0.0315013 
30553 -0.358316 0.186324 
30554 -0.35911 0.339233 
30555 -0.197252 -0.279312 
30556 -0.198903 -0.121833 
30557 -0.200586 0.033817 
30558 -0.202164 0.187542 
30559 -0.20359 0.339321 
30560 -0.0402149 -0.274759 
30561 -0.042712 -0.118327 
30562 -0.0453469 0.0361954 
30563 -0.0478886 0.188911 
30564 -0.0502473 0.339716 
30565 0.11472 -0.27034 
30566 0.111228 -0.114943 
30567 0.10781 0.0384142 
30568 0.104326 0.190135 
30569 0.100905 0.340051 
30570 0.26747 -0.266151 
30571 0.263303 -0.111744 
30572 0.258838 0.0408402 
30573 0.254509 0.191416 
30574 0.250279 0.340383 
30575 -0.357541 -0.285159 
30576 -0.358472 -0.127158 
30577 -0.359121 0.0289327 
30578 -0.360176 0.183108 
30579 -0.361169 0.33537 
30580 -0.198737 -0.280295 
30581 -0.200673 -0.123327 
30582 -0.202665 0.031606 
30583 -0.204407 0.184694 
30584 -0.206252 0.335824 
30585 -0.0424613 -0.275349 
30586 -0.0451615 -0.119739 
30587 -0.047962 0.0343259 
30588 -0.0508027 0.186307 
30589 -0.0536428 0.336342 
30590 0.111936 -0.270523 
30591 0.108142 -0.115945 
30592 0.104412 0.0369222 
30593 0.100571 0.187621 
30594 0.0969162 0.336697 
30595 0.26414 -0.265891 
30596 0.259447 -0.112466 
30597 0.254625 0.0393372 
30598 0.250048 0.189377 
30599 0.245436 0.337147 
30600 -0.358641 -0.286714 
30601 -0.359973 -0.12909 
30602 -0.360971 0.0265947 
30603 -0.362102 0.180254 
30604 -0.363217 0.33181 
30605 -0.200429 -0.281269 
30606 -0.202595 -0.124883 
30607 -0.20475 0.0294425 
30608 -0.206729 0.18188 
30609 -0.208774 0.33243 
30610 -0.0443037 -0.276108 
30611 -0.047651 -0.120758 
30612 -0.0507298 0.0324015 
30613 -0.0537881 0.183778 
30614 -0.0568355 0.333023 
30615 0.109038 -0.2709 
30616 0.105052 -0.116788 
30617 0.101076 0.0354419 
30618 0.0968254 0.185428 
30619 0.0929877 0.333748 
30620 0.260439 -0.265733 
30621 0.255462 -0.112895 
30622 0.250392 0.038142 
30623 0.245421 0.187157 
30624 0.240516 0.334354 
