30200 -0.333328 -0.24994 
30201 -0.333377 -0.0833511 
30202 -0.333269 0.0832819 
30203 -0.333395 0.249909 
30204 -0.333281 0.416683 
30205 -0.166652 -0.249966 
30206 -0.166766 -0.0833157 
30207 -0.166748 0.083308 
30208 -0.16674 0.250022 
30209 -0.166707 0.416558 
30210 -1.12451e-05 -0.24998 
30211 2.45178e-05 -0.0831937 
30212 0.00014069 0.0833416 
30213 5.64067e-05 0.250012 
30214 -3.03174e-05 0.416683 
30215 0.166642 -0.249948 
30216 0.166697 -0.0833249 
30217 0.166663 0.0833274 
30218 0.166566 0.24996 
30219 0.166652 0.41667 
30220 0.333259 -0.249993 
30221 0.333345 -0.0831828 
30222 0.333325 0.0832974 
30223 0.333268 0.250044 
30224 0.333328 0.416758 
30225 -0.334766 -0.252262 
30226 -0.334832 -0.0860292 
30227 -0.334662 0.0800269 
30228 -0.334529 0.24576 
30229 -0.334493 0.41161 
30230 -0.168643 -0.252056 
30231 -0.168546 -0.0858759 
30232 -0.16857 0.0800106 
30233 -0.168598 0.245881 
30234 -0.168496 0.41143 
30235 -0.00253737 -0.251659 
30236 -0.00253818 -0.0856926 
30237 -0.00268981 0.0800588 
30238 -0.0027601 0.245789 
30239 -0.00285158 0.411418 
30240 0.16344 -0.251722 
30241 0.163188 -0.0856525 
30242 0.163054 0.0800729 
30243 0.162967 0.245868 
30244 0.16278 0.411412 
30245 0.329265 -0.251402 
30246 0.32892 -0.0855139 
30247 0.328719 0.080221 
30248 0.328499 0.245776 
30249 0.328263 0.411218 
30250 -0.336301 -0.254377 
30251 -0.336062 -0.0887205 
30252 -0.336052 0.0767336 
30253 -0.335964 0.241686 
30254 -0.335711 0.406427 
30255 -0.170463 -0.254025 
30256 -0.170566 -0.0883565 
30257 -0.170561 0.0768163 
30258 -0.170487 0.241781 
30259 -0.170601 0.406478 
30260 -0.00504313 -0.253679 
30261 -0.00529722 -0.0881142 
30262 -0.00537995 0.07687 
30263 -0.00557237 0.241756 
30264 -0.00582118 0.406339 
30265 0.160101 -0.253235 
30266 0.159786 -0.0878665 
30267 0.159664 0.0770127 
30268 0.159179 0.241642 
30269 0.158939 0.406112 
30270 0.325079 -0.252703 
30271 0.324586 -0.0877227 
30272 0.32411 0.0771561 
30273 0.323835 0.241697 
30274 0.323275 0.40594 
30275 -0.337601 -0.256566 
30276 -0.33754 -0.0912419 
30277 -0.337333 0.0734142 
30278 -0.337186 0.237751 
30279 -0.337022 0.401706 
30280 -0.172358 -0.255863 
30281 -0.172488 -0.0909554 
30282 -0.172532 0.0735987 
30283 -0.17249 0.237621 
30284 -0.172521 0.401408 
30285 -0.0074999 -0.25532 
30286 -0.00780909 -0.0906418 
30287 -0.00811194 0.0737764 
30288 -0.00835854 0.237658 
30289 -0.00862254 0.401292 
30290 0.157063 -0.25462 
30291 0.156524 -0.090189 
30292 0.155907 0.0739692 
30293 0.155422 0.237746 
30294 0.155141 0.400905 
30295 0.320861 -0.254262 
30296 0.32021 -0.0896759 
30297 0.319539 0.074129 
30298 0.318792 0.237568 
30299 0.318241 0.400802 
30300 -0.338963 -0.258636 
30301 -0.338829 -0.0939838 
30302 -0.338846 0.070073 
30303 -0.338685 0.233851 
30304 -0.338547 0.396739 
30305 -0.174265 -0.257684 
30306 -0.17446 -0.0933476 
30307 -0.174404 0.0704988 
30308 -0.174575 0.233752 
30309 -0.174762 0.39663 
30310 -0.0100323 -0.256923 
30311 -0.0103315 -0.0928981 
30312 -0.0107946 0.0707661 
30313 -0.0112084 0.233852 
30314 -0.0115699 0.396339 
30315 0.15365 -0.255924 
30316 0.153167 -0.0923374 
30317 0.152443 0.0710819 
30318 0.151662 0.233846 
30319 0.151163 0.396029 
30320 0.316913 -0.255395 
30321 0.31599 -0.0916368 
30322 0.314984 0.071258 
30323 0.314025 0.233881 
30324 0.313114 0.395798 
30325 -0.340455 -0.26075 
30326 -0.34028 -0.0965476 
30327 -0.340038 0.0671047 
30328 -0.339967 0.22981 
30329 -0.339824 0.392101 
30330 -0.175945 -0.259638 
30331 -0.176285 -0.0958051 
30332 -0.176395 0.0673675 
30333 -0.176696 0.229809 
30334 -0.176906 0.391652 
30335 -0.0124676 -0.258509 
30336 -0.0129516 -0.0949594 
30337 -0.0135393 0.0677929 
30338 -0.0140217 0.22992 
30339 -0.0145954 0.391552 
30340 0.150634 -0.257504 
30341 0.149874 -0.0943658 
30342 0.148877 0.0683048 
30343 0.148028 0.230041 
30344 0.147217 0.391111 
30345 0.312932 -0.256408 
30346 0.311702 -0.0934665 
30347 0.310557 0.0686982 
30348 0.309302 0.230147 
30349 0.308244 0.390943 
30350 -0.341789 -0.262724 
30351 -0.34158 -0.0990052 
30352 -0.341549 0.0638267 
30353 -0.341517 0.225974 
30354 -0.341508 0.387129 
30355 -0.177917 -0.261446 
30356 -0.17816 -0.0980748 
30357 -0.17845 0.0645374 
30358 -0.178749 0.226025 
30359 -0.179044 0.386971 
30360 -0.0147977 -0.260059 
30361 -0.0155195 -0.0972048 
30362 -0.0161477 0.0650311 
30363 -0.0169332 0.226242 
30364 -0.0176167 0.386782 
30365 0.147532 -0.258708 
30366 0.146438 -0.096172 
30367 0.145271 0.0655277 
30368 0.144151 0.226407 
30369 0.143199 0.386435 
30370 0.309071 -0.257379 
30371 0.307573 -0.095338 
30372 0.305998 0.065914 
30373 0.304654 0.226479 
30374 0.303125 0.386335 
30375 -0.343042 -0.264713 
30376 -0.343102 -0.101513 
30377 -0.34295 0.0606701 
30378 -0.342921 0.221948 
30379 -0.342885 0.382524 
30380 -0.179522 -0.263209 
30381 -0.180093 -0.100353 
30382 -0.180536 0.0614731 
30383 -0.181006 0.222384 
30384 -0.181316 0.382334 
30385 -0.0171239 -0.261532 
30386 -0.0180817 -0.0990642 
30387 -0.0188858 0.0620638 
30388 -0.0199366 0.222517 
30389 -0.0206522 0.3822 
30390 0.144388 -0.259843 
30391 0.143094 -0.0980463 
30392 0.141763 0.0628913 
30393 0.140489 0.222872 
30394 0.139041 0.381971 
30395 0.305033 -0.258218 
30396 0.303349 -0.0969678 
30397 0.301555 0.0635109 
30398 0.299753 0.223135 
30399 0.297972 0.38177 
30400 -0.344425 -0.266812 
30401 -0.344428 -0.104061 
30402 -0.344475 0.057639 
30403 -0.34455 0.218391 
30404 -0.34461 0.378054 
30405 -0.181353 -0.264899 
30406 -0.181948 -0.102526 
30407 -0.182404 0.0585063 
30408 -0.183085 0.218773 
30409 -0.183547 0.377937 
30410 -0.0195262 -0.262895 
30411 -0.0204415 -0.10124 
30412 -0.0215479 0.0594922 
30413 -0.0226597 0.219023 
30414 -0.0236598 0.377735 
30415 0.14146 -0.26103 
30416 0.139825 -0.0998622 
30417 0.138257 0.0602001 
30418 0.136804 0.219512 
30419 0.135122 0.377712 
30420 0.301318 -0.25899 
30421 0.299228 -0.0985057 
30422 0.297151 0.0612633 
30423 0.295158 0.219814 
30424 0.293009 0.377546 
30425 -0.345587 -0.268752 
30426 -0.345697 -0.106474 
30427 -0.345854 0.0545684 
30428 -0.346194 0.214672 
30429 -0.346308 0.373552 
30430 -0.183177 -0.266447 
30431 -0.183717 -0.104809 
30432 -0.184508 0.055683 
30433 -0.18531 0.215058 
30434 -0.185968 0.373571 
30435 -0.0216856 -0.264216 
30436 -0.0229906 -0.1032 
30437 -0.0241665 0.0568111 
30438 -0.0255402 0.215736 
30439 -0.0269019 0.373346 
30440 0.138538 -0.261969 
30441 0.136564 -0.10148 
30442 0.134704 0.0579403 
30443 0.132802 0.21612 
30444 0.131037 0.373319 
30445 0.297465 -0.259596 
30446 0.29508 -0.0998155 
30447 0.292628 0.0588359 
30448 0.290321 0.216744 
30449 0.287888 0.37329 
30450 -0.346846 -0.270593 
30451 -0.347113 -0.108783 
30452 -0.347497 0.0517381 
30453 -0.347829 0.210935 
30454 -0.348138 0.369189 
30455 -0.184699 -0.267959 
30456 -0.185737 -0.106847 
30457 -0.186656 0.0529612 
30458 -0.187458 0.211594 
30459 -0.1883 0.369139 
30460 -0.0239265 -0.265173 
30461 -0.0254512 -0.104932 
30462 -0.0270027 0.0544246 
30463 -0.028714 0.212315 
30464 -0.0300021 0.369225 
30465 0.135324 -0.262711 
30466 0.133353 -0.103041 
30467 0.131324 0.0555739 
30468 0.129098 0.212889 
30469 0.127122 0.369203 
30470 0.293544 -0.260266 
30471 0.291017 -0.101071 
30472 0.28832 0.0567683 
30473 0.285586 0.213628 
30474 0.282806 0.369192 
30475 -0.348125 -0.272519 
30476 -0.348593 -0.111031 
30477 -0.349012 0.0488624 
30478 -0.349411 0.207431 
30479 -0.350049 0.364785 
30480 -0.18647 -0.269478 
30481 -0.187522 -0.108886 
30482 -0.188724 0.0504222 
30483 -0.189722 0.208236 
30484 -0.190914 0.365066 
30485 -0.0263306 -0.266391 
30486 -0.0281357 -0.106287 
30487 -0.0297757 0.0520838 
30488 -0.0314571 0.209164 
30489 -0.0331837 0.365284 
30490 0.132618 -0.263514 
30491 0.130257 -0.104326 
30492 0.127821 0.0534539 
30493 0.125459 0.209962 
30494 0.123099 0.365236 
30495 0.290028 -0.260598 
30496 0.287035 -0.102197 
30497 0.283929 0.05496 
30498 0.280906 0.210766 
30499 0.27791 0.365363 
30500 -0.349296 -0.27414 
30501 -0.350012 -0.113345 
30502 -0.350558 0.0461364 
30503 -0.351083 0.203928 
30504 -0.35167 0.360588 
30505 -0.188172 -0.270797 
30506 -0.189429 -0.110673 
30507 -0.190802 0.0477709 
30508 -0.192101 0.205094 
30509 -0.193323 0.360819 
30510 -0.0284541 -0.267401 
30511 -0.0304273 -0.108296 
30512 -0.0325552 0.0496849 
30513 -0.0345544 0.206098 
30514 -0.0365186 0.361196 
30515 0.12968 -0.264218 
30516 0.127007 -0.105542 
30517 0.124298 0.0514358 
30518 0.121541 0.207047 
30519 0.119018 0.361346 
30520 0.286335 -0.260796 
30521 0.283011 -0.103198 
30522 0.279464 0.0530662 
30523 0.2763 0.208274 
30524 0.272927 0.361778 
30525 -0.350667 -0.275832 
30526 -0.351387 -0.115463 
30527 -0.352106 0.043343 
30528 -0.35286 0.200611 
30529 -0.35379 0.356575 
30530 -0.189767 -0.272105 
30531 -0.191259 -0.112656 
30532 -0.192855 0.0454077 
30533 -0.194445 0.201898 
30534 -0.195943 0.357008 
30535 -0.0305802 -0.268283 
30536 -0.0329942 -0.109885 
30537 -0.0352493 0.0474251 
30538 -0.0374864 0.203179 
30539 -0.039705 0.357319 
30540 0.126796 -0.264657 
30541 0.12379 -0.106776 
30542 0.120702 0.0495258 
30543 0.118038 0.204343 
30544 0.114823 0.357825 
30545 0.282598 -0.261032 
30546 0.2789 -0.104016 
30547 0.275217 0.0513834 
30548 0.271583 0.205506 
30549 0.267938 0.358255 
30550 -0.351753 -0.2774 
30551 -0.352564 -0.117482 
30552 -0.353657 0.0406627 
30553 -0.354735 0.197439 
30554 -0.355728 0.352669 
30555 -0.19148 -0.273247 
30556 -0.193042 -0.114278 
30557 -0.194929 0.0429716 
30558 -0.196654 0.198887 
30559 -0.198462 0.353163 
30560 -0.0327767 -0.269085 
30561 -0.0353603 -0.111014 
30562 -0.03797 0.0453721 
30563 -0.0404729 0.200325 
30564 -0.0430158 0.353837 
30565 0.123921 -0.264989 
30566 0.120717 -0.107955 
30567 0.117217 0.0477123 
30568 0.11407 0.201656 
30569 0.110643 0.354407 
30570 0.278938 -0.261049 
30571 0.274801 -0.104896 
30572 0.270785 0.0498927 
30573 0.266913 0.203068 
30574 0.262955 0.354918 
30575 -0.35278 -0.278944 
30576 -0.35413 -0.119449 
30577 -0.355318 0.0381068 
30578 -0.356537 0.19417 
30579 -0.35768 0.348901 
30580 -0.192965 -0.274268 
30581 -0.194985 -0.115828 
30582 -0.19703 0.0408198 
30583 -0.199131 0.195963 
30584 -0.201251 0.349449 
30585 -0.0350826 -0.269945 
30586 -0.0378755 -0.112389 
30587 -0.0406853 0.0434468 
30588 -0.0434824 0.197582 
30589 -0.0462815 0.350297 
30590 0.121084 -0.26547 
30591 0.11747 -0.108922 
30592 0.113958 0.0460407 
30593 0.110196 0.199347 
30594 0.106693 0.351028 
30595 0.275384 -0.261063 
30596 0.270882 -0.105575 
30597 0.266566 0.0483832 
30598 0.262305 0.200846 
30599 0.257914 0.351693 
30600 -0.354012 -0.280293 
30601 -0.355476 -0.121352 
30602 -0.357023 0.0356869 
30603 -0.358393 0.191199 
30604 -0.359906 0.345001 
30605 -0.194604 -0.275251 
30606 -0.196965 -0.11743 
30607 -0.199379 0.0386547 
30608 -0.201491 0.193013 
30609 -0.203808 0.34612 
30610 -0.0371554 -0.270413 
30611 -0.0402901 -0.113545 
30612 -0.0433993 0.0415229 
30613 -0.0465821 0.195047 
30614 -0.0495662 0.3469 
30615 0.118313 -0.265456 
30616 0.114209 -0.109753 
30617 0.110267 0.044363 
30618 0.106389 0.196784 
30619 0.102539 0.347741 
30620 0.271712 -0.260659 
30621 0.26709 -0.105918 
30622 0.262205 0.0474208 
30623 0.257555 0.198833 
30624 0.253044 0.348954 
30625 -0.35525 -0.281547 
30626 -0.35678 -0.123166 
30627 -0.358606 0.033462 
30628 -0.360218 0.188219 
30629 -0.361941 0.341443 
30630 -0.196102 -0.276304 
30631 -0.198854 -0.118944 
30632 -0.201376 0.0365814 
30633 -0.20392 0.190462 
30634 -0.206522 0.3425 
30635 -0.03929 -0.270898 
30636 -0.0426726 -0.114704 
30637 -0.0461349 0.0398591 
30638 -0.0495601 0.192718 
30639 -0.0529167 0.34373 
30640 0.115521 -0.265605 
30641 0.111287 -0.110468 
30642 0.106825 0.0430382 
30643 0.102596 0.194843 
30644 0.0984213 0.344898 
30645 0.268162 -0.260374 
30646 0.262984 -0.106258 
30647 0.257987 0.0461055 
30648 0.252894 0.196882 
30649 0.248019 0.345976 
30650 -0.356238 -0.282829 
30651 -0.358324 -0.125005 
30652 -0.360278 0.0311594 
30653 -0.362335 0.185509 
30654 -0.364288 0.337962 
30655 -0.197536 -0.276964 
30656 -0.200659 -0.120312 
30657 -0.203467 0.034765 
30658 -0.20635 0.187954 
30659 -0.209198 0.339456 
30660 -0.0413049 -0.271216 
30661 -0.0451445 -0.11559 
30662 -0.0488652 0.0382316 
30663 -0.0526558 0.190375 
30664 -0.0562265 0.340632 
30665 0.112593 -0.265522 
30666 0.108149 -0.111072 
30667 0.103403 0.0417341 
30668 0.0989003 0.192722 
30669 0.0944108 0.342072 
30670 0.2646 -0.259944 
30671 0.259104 -0.106509 
30672 0.253683 0.0451584 
30673 0.248298 0.195067 
30674 0.243047 0.343222 
30675 -0.357292 -0.284093 
30676 -0.359628 -0.126479 
30677 -0.361924 0.0290456 
30678 -0.364063 0.182659 
30679 -0.366469 0.334631 
30680 -0.199237 -0.277693 
30681 -0.20234 -0.121518 
30682 -0.205593 0.0328987 
30683 -0.208865 0.185515 
30684 -0.212045 0.336264 
30685 -0.0435733 -0.271366 
30686 -0.0475564 -0.116335 
30687 -0.0517966 0.0368052 
30688 -0.0557702 0.188189 
30689 -0.0596083 0.33775 
30690 0.10989 -0.265308 
30691 0.105037 -0.111555 
30692 0.0999725 0.0405258 
30693 0.0950916 0.190807 
30694 0.0903059 0.339292 
30695 0.261062 -0.259371 
30696 0.255156 -0.10653 
30697 0.249417 0.044216 
30698 0.243738 0.19333 
30699 0.238101 0.340879 
