30450 -0.333207 -0.250064 
30451 -0.33321 -0.0833109 
30452 -0.333303 0.0833609 
30453 -0.333269 0.249901 
30454 -0.333364 0.416682 
30455 -0.166695 -0.249998 
30456 -0.166697 -0.0833766 
30457 -0.166667 0.0833132 
30458 -0.166742 0.249955 
30459 -0.166592 0.416612 
30460 0.000107606 -0.249926 
30461 -0.000122465 -0.0833128 
30462 2.85073e-05 0.0831944 
30463 2.43984e-06 0.250008 
30464 -5.60773e-05 0.416499 
30465 0.166636 -0.249897 
30466 0.166638 -0.0832855 
30467 0.166665 0.0833306 
30468 0.166699 0.250008 
30469 0.166654 0.41668 
30470 0.333307 -0.250029 
30471 0.333398 -0.0832746 
30472 0.333229 0.0834101 
30473 0.333409 0.249985 
30474 0.333212 0.416815 
30475 -0.33461 -0.251699 
30476 -0.334586 -0.0855889 
30477 -0.334981 0.080379 
30478 -0.334995 0.246267 
30479 -0.335196 0.412097 
30480 -0.168361 -0.251434 
30481 -0.168539 -0.0853504 
30482 -0.168823 0.0806657 
30483 -0.169013 0.246477 
30484 -0.169241 0.412116 
30485 -0.0023636 -0.251028 
30486 -0.00265566 -0.0848837 
30487 -0.00285904 0.0808296 
30488 -0.00321398 0.246567 
30489 -0.00332572 0.412244 
30490 0.163487 -0.250657 
30491 0.163132 -0.08479 
30492 0.162859 0.0811444 
30493 0.162572 0.246701 
30494 0.16228 0.41224 
30495 0.329375 -0.250363 
30496 0.328845 -0.0843809 
30497 0.328682 0.0811761 
30498 0.328304 0.2469 
30499 0.327718 0.412362 
30500 -0.335818 -0.253576 
30501 -0.336096 -0.0879553 
30502 -0.336504 0.0774265 
30503 -0.336723 0.242425 
30504 -0.336936 0.407631 
30505 -0.170068 -0.25277 
30506 -0.170497 -0.0874684 
30507 -0.170932 0.077885 
30508 -0.171368 0.24291 
30509 -0.171833 0.407757 
30510 -0.0046948 -0.252098 
30511 -0.00537048 -0.0866596 
30512 -0.00576095 0.0784107 
30513 -0.0062563 0.243293 
30514 -0.00687222 0.408015 
30515 0.160491 -0.251192 
30516 0.159795 -0.0861501 
30517 0.159101 0.0788209 
30518 0.158554 0.243524 
30519 0.157821 0.408209 
30520 0.32527 -0.250522 
30521 0.324489 -0.0853544 
30522 0.323633 0.0792742 
30523 0.322983 0.243887 
30524 0.322355 0.408282 
30525 -0.336848 -0.255191 
30526 -0.337424 -0.0901603 
30527 -0.338088 0.07452 
30528 -0.33858 0.239032 
30529 -0.339078 0.403126 
30530 -0.171792 -0.254003 
30531 -0.172426 -0.0892965 
30532 -0.173223 0.0754738 
30533 -0.173788 0.239632 
30534 -0.174565 0.40344 
30535 -0.00706429 -0.25285 
30536 -0.00783991 -0.0881789 
30537 -0.0085785 0.076173 
30538 -0.00952475 0.240098 
30539 -0.0102497 0.403778 
30540 0.157293 -0.251698 
30541 0.156268 -0.0872096 
30542 0.155348 0.076875 
30543 0.154331 0.24067 
30544 0.153466 0.404171 
30545 0.321404 -0.250478 
30546 0.320238 -0.0862706 
30547 0.318887 0.0775801 
30548 0.317783 0.24116 
30549 0.316718 0.404513 
30550 -0.338117 -0.256859 
30551 -0.338823 -0.0923625 
30552 -0.339653 0.0718511 
30553 -0.340272 0.235635 
30554 -0.340989 0.398876 
30555 -0.173364 -0.255215 
30556 -0.174287 -0.0909719 
30557 -0.175292 0.0729916 
30558 -0.176178 0.236363 
30559 -0.177129 0.399335 
30560 -0.00930233 -0.253576 
30561 -0.0104083 -0.0896207 
30562 -0.0115037 0.0738963 
30563 -0.0125954 0.237197 
30564 -0.0139561 0.399731 
30565 0.154284 -0.251955 
30566 0.153096 -0.0882033 
30567 0.151655 0.0749744 
30568 0.15022 0.23779 
30569 0.149065 0.40024 
30570 0.317373 -0.250436 
30571 0.315724 -0.0869559 
30572 0.314239 0.0759601 
30573 0.312644 0.238658 
30574 0.311316 0.400668 
30575 -0.33926 -0.25822 
30576 -0.340166 -0.0943776 
30577 -0.341258 0.069344 
30578 -0.342026 0.23218 
30579 -0.343224 0.394679 
30580 -0.175094 -0.25614 
30581 -0.176223 -0.0926082 
30582 -0.177507 0.0705583 
30583 -0.178588 0.233138 
30584 -0.179969 0.395416 
30585 -0.0115049 -0.254219 
30586 -0.0129934 -0.0909577 
30587 -0.0143748 0.0719041 
30588 -0.0159211 0.23419 
30589 -0.0173723 0.396072 
30590 0.151485 -0.252243 
30591 0.149612 -0.0891987 
30592 0.147962 0.0731607 
30593 0.146196 0.23517 
30594 0.144531 0.396636 
30595 0.313561 -0.250254 
30596 0.311459 -0.0876983 
30597 0.309542 0.0743839 
30598 0.307595 0.236115 
30599 0.305737 0.39716 
30600 -0.340385 -0.259637 
30601 -0.341559 -0.0961752 
30602 -0.34288 0.0667841 
30603 -0.344053 0.22897 
30604 -0.345229 0.390726 
30605 -0.176505 -0.257226 
30606 -0.178197 -0.0941091 
30607 -0.179684 0.0683626 
30608 -0.181073 0.23007 
30609 -0.1826 0.391735 
30610 -0.0137284 -0.254742 
30611 -0.0156135 -0.0922237 
30612 -0.017366 0.0699375 
30613 -0.0192212 0.231433 
30614 -0.0208187 0.39238 
30615 0.14836 -0.252327 
30616 0.146204 -0.0900988 
30617 0.144171 0.0715671 
30618 0.1422 0.232759 
30619 0.140068 0.39315 
30620 0.309594 -0.249934 
30621 0.307202 -0.0882187 
30622 0.304856 0.0732352 
30623 0.30267 0.233723 
30624 0.30021 0.39398 
30625 -0.34148 -0.260874 
30626 -0.342885 -0.0979269 
30627 -0.344411 0.0643187 
30628 -0.345923 0.225956 
30629 -0.347331 0.386865 
30630 -0.17836 -0.258033 
30631 -0.180023 -0.0956513 
30632 -0.181925 0.0662646 
30633 -0.183587 0.227432 
30634 -0.185555 0.387917 
30635 -0.0160241 -0.255133 
30636 -0.0180073 -0.0931893 
30637 -0.0203057 0.0682689 
30638 -0.02231 0.228814 
30639 -0.02442 0.388846 
30640 0.145396 -0.252235 
30641 0.143045 -0.0908957 
30642 0.140371 0.0701378 
30643 0.138053 0.230294 
30644 0.135568 0.389876 
30645 0.305805 -0.249308 
30646 0.303029 -0.0884266 
30647 0.300303 0.0720178 
30648 0.297507 0.231725 
30649 0.294886 0.390988 
30650 -0.342517 -0.262144 
30651 -0.344315 -0.0996704 
30652 -0.346079 0.0618964 
30653 -0.348051 0.222808 
30654 -0.349538 0.38303 
30655 -0.179733 -0.258751 
30656 -0.182042 -0.0968244 
30657 -0.184029 0.0643356 
30658 -0.186263 0.224599 
30659 -0.188329 0.384183 
30660 -0.0181856 -0.255439 
30661 -0.0204663 -0.0940722 
30662 -0.023031 0.0664774 
30663 -0.025549 0.226291 
30664 -0.0279376 0.38549 
30665 0.142488 -0.251971 
30666 0.139597 -0.0914009 
30667 0.136937 0.0686806 
30668 0.134022 0.228193 
30669 0.131219 0.38671 
30670 0.301875 -0.24871 
30671 0.298768 -0.0885073 
30672 0.295616 0.0708812 
30673 0.292535 0.229917 
30674 0.289304 0.387921 
30675 -0.343635 -0.263162 
30676 -0.345661 -0.10119 
30677 -0.347755 0.0597499 
30678 -0.349894 0.220105 
30679 -0.351893 0.379604 
30680 -0.181434 -0.259424 
30681 -0.183806 -0.0980378 
30682 -0.186287 0.0624734 
30683 -0.188715 0.221818 
30684 -0.191181 0.380922 
30685 -0.0204031 -0.255573 
30686 -0.023191 -0.0948247 
30687 -0.0259104 0.0650092 
30688 -0.0288842 0.223956 
30689 -0.031593 0.382457 
30690 0.139419 -0.251773 
30691 0.136249 -0.0917604 
30692 0.133151 0.0675863 
30693 0.129938 0.225941 
30694 0.126913 0.383716 
30695 0.298185 -0.248101 
30696 0.294617 -0.0885291 
30697 0.290996 0.0700905 
30698 0.28743 0.22799 
30699 0.283958 0.385168 
30700 -0.344878 -0.264031 
30701 -0.347062 -0.102744 
30702 -0.349367 0.0576957 
30703 -0.351913 0.217227 
30704 -0.354172 0.376216 
30705 -0.182948 -0.259868 
30706 -0.185781 -0.0992805 
30707 -0.188717 0.0606833 
30708 -0.191257 0.219623 
30709 -0.194093 0.377892 
30710 -0.0225806 -0.255489 
30711 -0.0257643 -0.095634 
30712 -0.0288407 0.0635254 
30713 -0.0320831 0.221952 
30714 -0.0353375 0.379261 
30715 0.136444 -0.251308 
30716 0.133046 -0.0920796 
30717 0.129445 0.0664289 
30718 0.125833 0.224031 
30719 0.122336 0.380958 
30720 0.294529 -0.247222 
30721 0.290386 -0.0883964 
30722 0.28652 0.0693045 
30723 0.282517 0.226449 
30724 0.27874 0.382465 
30725 -0.345822 -0.265019 
30726 -0.34841 -0.104309 
30727 -0.351285 0.055692 
30728 -0.353903 0.214681 
30729 -0.356482 0.372809 
30730 -0.184506 -0.26018 
30731 -0.187617 -0.100134 
30732 -0.190687 0.0589781 
30733 -0.193791 0.21721 
30734 -0.197059 0.374625 
30735 -0.0246008 -0.255441 
30736 -0.0282652 -0.0961546 
30737 -0.0318014 0.0621983 
30738 -0.0353571 0.219737 
30739 -0.03883 0.37655 
30740 0.133714 -0.250844 
30741 0.129813 -0.0922062 
30742 0.125744 0.0654234 
30743 0.121824 0.222233 
30744 0.117925 0.37827 
30745 0.290685 -0.246138 
30746 0.286307 -0.0884173 
30747 0.281898 0.0685835 
30748 0.277742 0.224799 
30749 0.273325 0.380162 
30750 -0.346745 -0.265711 
30751 -0.349906 -0.105522 
30752 -0.352891 0.0537272 
30753 -0.355965 0.212197 
30754 -0.358952 0.369661 
30755 -0.186029 -0.260427 
30756 -0.189355 -0.10107 
30757 -0.19307 0.057386 
30758 -0.196466 0.214999 
30759 -0.199841 0.371866 
30760 -0.0267917 -0.255159 
30761 -0.0307398 -0.0967644 
30762 -0.0346095 0.0611771 
30763 -0.0385674 0.217773 
30764 -0.042405 0.373852 
30765 0.130737 -0.250254 
30766 0.126586 -0.0922617 
30767 0.122192 0.0646863 
30768 0.117881 0.220653 
30769 0.113673 0.375894 
30770 0.286861 -0.244917 
30771 0.282288 -0.0879124 
30772 0.277406 0.0683548 
30773 0.272587 0.223572 
30774 0.267974 0.377885 
30775 -0.347815 -0.266108 
30776 -0.351338 -0.106657 
30777 -0.354711 0.0520101 
30778 -0.357955 0.209792 
30779 -0.361414 0.36669 
30780 -0.187637 -0.260588 
30781 -0.191423 -0.101719 
30782 -0.195279 0.0559962 
30783 -0.199077 0.213079 
30784 -0.202825 0.368994 
30785 -0.0290388 -0.254945 
30786 -0.0331977 -0.0970184 
30787 -0.037506 0.0599563 
30788 -0.0416703 0.2162 
30789 -0.0459288 0.371254 
30790 0.127906 -0.249243 
30791 0.12314 -0.0922179 
30792 0.118511 0.0639092 
30793 0.113709 0.219198 
30794 0.109208 0.373584 
30795 0.283235 -0.243693 
30796 0.278122 -0.0873051 
30797 0.272835 0.0678976 
30798 0.267728 0.222181 
30799 0.262671 0.375953 
30800 -0.348904 -0.266836 
30801 -0.352638 -0.107805 
30802 -0.356382 0.0502656 
30803 -0.360191 0.207659 
30804 -0.363863 0.36386 
30805 -0.189101 -0.260558 
30806 -0.19332 -0.102477 
30807 -0.197499 0.0548447 
30808 -0.201671 0.21119 
30809 -0.205815 0.366335 
30810 -0.0311516 -0.254343 
30811 -0.035753 -0.0972499 
30812 -0.040548 0.0591963 
30813 -0.0450162 0.214443 
30814 -0.0496232 0.368928 
30815 0.125008 -0.248268 
30816 0.11999 -0.091851 
30817 0.114801 0.0633754 
30818 0.109754 0.217934 
30819 0.104786 0.371398 
30820 0.279489 -0.242361 
30821 0.273926 -0.0870147 
30822 0.268375 0.0676186 
30823 0.262767 0.221238 
30824 0.257354 0.374011 
30825 -0.34997 -0.267155 
30826 -0.353927 -0.108552 
30827 -0.358159 0.0490691 
30828 -0.362116 0.205401 
30829 -0.366266 0.36121 
30830 -0.190573 -0.260428 
30831 -0.195129 -0.1029 
30832 -0.199695 0.0536149 
30833 -0.204209 0.209243 
30834 -0.208884 0.364067 
30835 -0.0332854 -0.253802 
30836 -0.0383348 -0.0973915 
30837 -0.0434315 0.0583894 
30838 -0.0483153 0.212941 
30839 -0.0532567 0.366821 
30840 0.122193 -0.247273 
30841 0.116661 -0.0915905 
30842 0.111247 0.0631282 
30843 0.105899 0.216735 
30844 0.100415 0.369634 
30845 0.275711 -0.240706 
30846 0.26976 -0.0860571 
30847 0.263992 0.0675318 
30848 0.258051 0.220305 
30849 0.252405 0.372245 
30850 -0.350921 -0.267303 
30851 -0.355369 -0.109518 
30852 -0.35979 0.0476088 
30853 -0.364295 0.203726 
30854 -0.36882 0.358676 
30855 -0.192262 -0.260123 
30856 -0.197083 -0.10332 
30857 -0.201904 0.0527417 
30858 -0.206909 0.2077 
30859 -0.21189 0.361739 
30860 -0.035347 -0.253164 
30861 -0.040755 -0.0970831 
30862 -0.0463232 0.057805 
30863 -0.0516528 0.211848 
30864 -0.0569145 0.364781 
30865 0.119346 -0.246001 
30866 0.113535 -0.0911503 
30867 0.107643 0.0626244 
30868 0.101811 0.215714 
30869 0.0960742 0.367811 
30870 0.271982 -0.239055 
30871 0.265815 -0.0852845 
30872 0.259402 0.0676423 
30873 0.253333 0.219646 
30874 0.247162 0.370665 
30875 -0.351882 -0.267439 
30876 -0.35681 -0.110104 
30877 -0.361707 0.0463692 
30878 -0.366582 0.201816 
30879 -0.37135 0.35632 
30880 -0.193716 -0.259864 
30881 -0.199078 -0.103569 
30882 -0.20438 0.0517294 
30883 -0.209615 0.206255 
30884 -0.214925 0.359595 
30885 -0.0375515 -0.252285 
30886 -0.0432481 -0.0970375 
30887 -0.0492126 0.0573524 
30888 -0.0547597 0.210488 
30889 -0.060498 0.362879 
30890 0.116392 -0.244729 
30891 0.110153 -0.0907681 
30892 0.104047 0.062586 
30893 0.0979147 0.214747 
30894 0.0918245 0.366136 
30895 0.268391 -0.237424 
30896 0.261727 -0.0842173 
30897 0.255075 0.0678479 
30898 0.248426 0.219106 
30899 0.24187 0.369254 
30900 -0.35303 -0.267405 
30901 -0.358326 -0.110544 
30902 -0.363493 0.0451657 
30903 -0.368621 0.200126 
30904 -0.373804 0.354063 
30905 -0.195341 -0.259264 
30906 -0.20086 -0.103546 
30907 -0.206679 0.0510888 
30908 -0.212197 0.204893 
30909 -0.217917 0.357707 
30910 -0.0396559 -0.251313 
30911 -0.04587 -0.0967972 
30912 -0.0519588 0.0569341 
30913 -0.0580069 0.209383 
30914 -0.0639311 0.361204 
30915 0.113475 -0.243207 
30916 0.106873 -0.0899297 
30917 0.100517 0.0625764 
30918 0.0938891 0.213998 
30919 0.0874554 0.364696 
30920 0.264639 -0.235555 
30921 0.257782 -0.083086 
30922 0.250812 0.0680671 
30923 0.243905 0.218495 
30924 0.236774 0.368058 
30925 -0.353915 -0.267242 
30926 -0.359748 -0.111013 
30927 -0.365366 0.0444009 
30928 -0.370958 0.198611 
30929 -0.376523 0.351971 
30930 -0.196725 -0.258769 
30931 -0.202808 -0.103556 
30932 -0.208949 0.0504276 
30933 -0.214938 0.203557 
30934 -0.221024 0.355884 
30935 -0.0416483 -0.250126 
30936 -0.0482204 -0.096283 
30937 -0.0549332 0.0565152 
30938 -0.0613192 0.208531 
30939 -0.0678156 0.35954 
30940 0.110763 -0.241691 
30941 0.103786 -0.0890676 
30942 0.0968952 0.0627123 
30943 0.0899808 0.213393 
30944 0.0831419 0.363262 
30945 0.2609 -0.233497 
30946 0.253589 -0.0819449 
30947 0.246327 0.0683837 
30948 0.239059 0.218172 
30949 0.23186 0.366958 
