30550 -0.3333 -0.250003 
30551 -0.33335 -0.083391 
30552 -0.333306 0.0833254 
30553 -0.333348 0.249908 
30554 -0.333356 0.416664 
30555 -0.166705 -0.250112 
30556 -0.166607 -0.0833995 
30557 -0.166607 0.0833396 
30558 -0.166618 0.249921 
30559 -0.166629 0.416704 
30560 1.12694e-05 -0.249851 
30561 -7.56811e-05 -0.0833138 
30562 -1.8951e-05 0.0833668 
30563 -6.21813e-06 0.249933 
30564 -1.85582e-05 0.41665 
30565 0.16667 -0.250055 
30566 0.166704 -0.0832668 
30567 0.16671 0.0832492 
30568 0.166766 0.249985 
30569 0.16667 0.41669 
30570 0.333332 -0.250027 
30571 0.333268 -0.0834527 
30572 0.333293 0.083303 
30573 0.333314 0.249993 
30574 0.33333 0.416766 
30575 -0.334546 -0.251406 
30576 -0.334668 -0.0852689 
30577 -0.335029 0.0807235 
30578 -0.335121 0.246496 
30579 -0.33546 0.41232 
30580 -0.168304 -0.25102 
30581 -0.168537 -0.0850381 
30582 -0.168887 0.0809591 
30583 -0.169175 0.246873 
30584 -0.169399 0.41251 
30585 -0.00227721 -0.250594 
30586 -0.00269343 -0.0846054 
30587 -0.00300817 0.0810986 
30588 -0.00328474 0.246898 
30589 -0.00356647 0.412676 
30590 0.163571 -0.250118 
30591 0.163131 -0.0842677 
30592 0.162753 0.0815696 
30593 0.162404 0.247385 
30594 0.162127 0.412923 
30595 0.329232 -0.249703 
30596 0.328872 -0.0838819 
30597 0.328583 0.0818183 
30598 0.328017 0.247341 
30599 0.327515 0.41301 
30600 -0.335616 -0.252906 
30601 -0.336068 -0.0872858 
30602 -0.336586 0.0780384 
30603 -0.337059 0.243368 
30604 -0.337711 0.40834 
30605 -0.169935 -0.251978 
30606 -0.17051 -0.086533 
30607 -0.171115 0.078715 
30608 -0.171786 0.243672 
30609 -0.172144 0.408629 
30610 -0.00452875 -0.250989 
30611 -0.00527184 -0.0857606 
30612 -0.00604182 0.0793868 
30613 -0.00665316 0.244316 
30614 -0.00736643 0.408965 
30615 0.160636 -0.250323 
30616 0.159737 -0.0849716 
30617 0.158912 0.0798839 
30618 0.158069 0.244709 
30619 0.157502 0.409225 
30620 0.325446 -0.249339 
30621 0.324404 -0.0842945 
30622 0.32365 0.080467 
30623 0.322833 0.245092 
30624 0.321864 0.409596 
30625 -0.336753 -0.254138 
30626 -0.337524 -0.089142 
30627 -0.338248 0.0755575 
30628 -0.339107 0.240043 
30629 -0.339827 0.404269 
30630 -0.171565 -0.252731 
30631 -0.172457 -0.0879488 
30632 -0.173309 0.0765527 
30633 -0.174191 0.240765 
30634 -0.175165 0.404812 
30635 -0.00679978 -0.251395 
30636 -0.00779939 -0.0868405 
30637 -0.00889606 0.0775821 
30638 -0.00986323 0.241586 
30639 -0.0109015 0.405392 
30640 0.157561 -0.250029 
30641 0.156445 -0.0857178 
30642 0.155146 0.0784334 
30643 0.153969 0.242311 
30644 0.152891 0.405931 
30645 0.321409 -0.248734 
30646 0.319999 -0.0846184 
30647 0.318799 0.0793743 
30648 0.317421 0.242956 
30649 0.316294 0.40637 
30650 -0.337843 -0.255263 
30651 -0.338876 -0.0907992 
30652 -0.339904 0.0732784 
30653 -0.341023 0.236993 
30654 -0.3421 0.400535 
30655 -0.17304 -0.253469 
30656 -0.174448 -0.0892685 
30657 -0.175569 0.0745856 
30658 -0.176848 0.237909 
30659 -0.178053 0.401039 
30660 -0.00905923 -0.251625 
30661 -0.0103259 -0.0877867 
30662 -0.011846 0.0757462 
30663 -0.0132319 0.238974 
30664 -0.0146335 0.401759 
30665 0.154328 -0.249874 
30666 0.152785 -0.0862923 
30667 0.1513 0.0769862 
30668 0.149872 0.239908 
30669 0.148358 0.402645 
30670 0.317377 -0.248156 
30671 0.315661 -0.0849043 
30672 0.313901 0.0782553 
30673 0.31215 0.240987 
30674 0.310635 0.403425 
30675 -0.338959 -0.256364 
30676 -0.34026 -0.0925701 
30677 -0.341712 0.0709626 
30678 -0.342968 0.234178 
30679 -0.344305 0.396793 
30680 -0.174758 -0.254038 
30681 -0.176227 -0.090414 
30682 -0.177734 0.0725483 
30683 -0.17942 0.235305 
30684 -0.180959 0.397687 
30685 -0.0113727 -0.251718 
30686 -0.0130795 -0.0884449 
30687 -0.0148113 0.0742033 
30688 -0.0165748 0.236734 
30689 -0.0182611 0.398551 
30690 0.151486 -0.249564 
30691 0.14951 -0.0867336 
30692 0.147511 0.0756429 
30693 0.145567 0.237718 
30694 0.143721 0.399458 
30695 0.31348 -0.247133 
30696 0.311298 -0.0847123 
30697 0.309267 0.0773345 
30698 0.306989 0.239083 
30699 0.305014 0.400343 
30700 -0.340029 -0.25727 
30701 -0.341766 -0.0939194 
30702 -0.343406 0.0689118 
30703 -0.344858 0.231334 
30704 -0.346731 0.393155 
30705 -0.176281 -0.254395 
30706 -0.17819 -0.0916924 
30707 -0.180093 0.0708407 
30708 -0.182012 0.232768 
30709 -0.183888 0.394307 
30710 -0.013523 -0.251865 
30711 -0.0155609 -0.0893108 
30712 -0.0177933 0.0727957 
30713 -0.019822 0.234325 
30714 -0.0219747 0.395645 
30715 0.148503 -0.248985 
30716 0.14604 -0.0869501 
30717 0.143746 0.0747896 
30718 0.141413 0.235884 
30719 0.13909 0.396661 
30720 0.30959 -0.246468 
30721 0.306997 -0.0845127 
30722 0.304589 0.0766988 
30723 0.301956 0.237514 
30724 0.299494 0.39781 
30725 -0.340956 -0.25805 
30726 -0.342973 -0.095227 
30727 -0.345058 0.0668269 
30728 -0.346911 0.228631 
30729 -0.349016 0.389754 
30730 -0.177919 -0.254874 
30731 -0.180189 -0.092604 
30732 -0.182418 0.0692092 
30733 -0.184713 0.230408 
30734 -0.186853 0.391177 
30735 -0.0157034 -0.251656 
30736 -0.0181496 -0.089738 
30737 -0.0206848 0.0714007 
30738 -0.0231961 0.232368 
30739 -0.0256373 0.392565 
30740 0.145495 -0.248323 
30741 0.142829 -0.0871208 
30742 0.140074 0.0736972 
30743 0.137387 0.233932 
30744 0.134491 0.393852 
30745 0.305644 -0.245211 
30746 0.302708 -0.0844244 
30747 0.29992 0.0759956 
30748 0.296882 0.235889 
30749 0.293835 0.395259 
30750 -0.342023 -0.258814 
30751 -0.344345 -0.0966696 
30752 -0.346681 0.0649634 
30753 -0.349044 0.226121 
30754 -0.351348 0.386552 
30755 -0.179506 -0.255059 
30756 -0.182113 -0.0935568 
30757 -0.184654 0.0675866 
30758 -0.187318 0.22823 
30759 -0.189891 0.388313 
30760 -0.0178242 -0.251363 
30761 -0.0208174 -0.0903674 
30762 -0.0236969 0.070188 
30763 -0.0264775 0.230432 
30764 -0.0293845 0.389811 
30765 0.142536 -0.247706 
30766 0.139438 -0.0870927 
30767 0.136257 0.0728601 
30768 0.133073 0.232412 
30769 0.130004 0.391514 
30770 0.301865 -0.243899 
30771 0.298456 -0.0840635 
30772 0.295117 0.0755049 
30773 0.291696 0.234546 
30774 0.288401 0.392872 
30775 -0.343003 -0.259456 
30776 -0.345762 -0.0977356 
30777 -0.348545 0.0631501 
30778 -0.351205 0.223699 
30779 -0.353793 0.383705 
30780 -0.180957 -0.255235 
30781 -0.183965 -0.0941935 
30782 -0.186827 0.0662174 
30783 -0.189844 0.226095 
30784 -0.192803 0.385517 
30785 -0.0200662 -0.251011 
30786 -0.0233825 -0.090535 
30787 -0.0264575 0.0692807 
30788 -0.0298327 0.228521 
30789 -0.0330694 0.387182 
30790 0.139626 -0.24683 
30791 0.1361 -0.0869351 
30792 0.132519 0.0723041 
30793 0.128978 0.230835 
30794 0.125575 0.38909 
30795 0.298036 -0.242548 
30796 0.294325 -0.0834175 
30797 0.290528 0.0751516 
30798 0.28672 0.233148 
30799 0.282981 0.390716 
30800 -0.344107 -0.25986 
30801 -0.347172 -0.0989367 
30802 -0.350235 0.06159 
30803 -0.353311 0.221455 
30804 -0.356347 0.380649 
30805 -0.182618 -0.255105 
30806 -0.185722 -0.0949342 
30807 -0.189163 0.0650719 
30808 -0.192641 0.224176 
30809 -0.196026 0.382944 
30810 -0.0222624 -0.250365 
30811 -0.0260237 -0.0907413 
30812 -0.0295867 0.0683446 
30813 -0.0332338 0.226769 
30814 -0.0368031 0.384749 
30815 0.13675 -0.245903 
30816 0.132775 -0.0866242 
30817 0.128777 0.0717115 
30818 0.12496 0.229547 
30819 0.120986 0.386817 
30820 0.294221 -0.241153 
30821 0.290009 -0.0828268 
30822 0.285892 0.074971 
30823 0.281668 0.232145 
30824 0.277454 0.388972 
30825 -0.345085 -0.260242 
30826 -0.348516 -0.0997055 
30827 -0.351896 0.0601469 
30828 -0.355513 0.219263 
30829 -0.358821 0.377977 
30830 -0.183968 -0.254959 
30831 -0.187693 -0.0952362 
30832 -0.191549 0.0637368 
30833 -0.195283 0.222239 
30834 -0.198924 0.380298 
30835 -0.0244259 -0.2498 
30836 -0.0284336 -0.0907376 
30837 -0.0324207 0.0675938 
30838 -0.0365655 0.22547 
30839 -0.0404726 0.38251 
30840 0.133789 -0.244778 
30841 0.129411 -0.0862932 
30842 0.125172 0.0713661 
30843 0.120768 0.228275 
30844 0.116534 0.384763 
30845 0.2904 -0.239481 
30846 0.285956 -0.0819635 
30847 0.281301 0.0750498 
30848 0.276722 0.231289 
30849 0.272145 0.387137 
30850 -0.346019 -0.260421 
30851 -0.350015 -0.100574 
30852 -0.353753 0.0588155 
30853 -0.357714 0.217381 
30854 -0.361389 0.375414 
30855 -0.185606 -0.254617 
30856 -0.189696 -0.0956631 
30857 -0.193695 0.0629247 
30858 -0.197794 0.220773 
30859 -0.202007 0.377895 
30860 -0.0265482 -0.248941 
30861 -0.0311405 -0.0907026 
30862 -0.0354277 0.0670942 
30863 -0.03975 0.223952 
30864 -0.044325 0.380443 
30865 0.130746 -0.243379 
30866 0.125995 -0.0857292 
30867 0.121447 0.070967 
30868 0.116746 0.227235 
30869 0.112031 0.38305 
30870 0.286701 -0.237803 
30871 0.281526 -0.081168 
30872 0.276636 0.0750365 
30873 0.271656 0.230592 
30874 0.266739 0.385293 
30875 -0.34717 -0.260552 
30876 -0.351285 -0.101217 
30877 -0.355643 0.0575503 
30878 -0.35982 0.21549 
30879 -0.364031 0.373051 
30880 -0.187185 -0.254223 
30881 -0.19167 -0.0957795 
30882 -0.196147 0.0620772 
30883 -0.200525 0.219241 
30884 -0.205029 0.37565 
30885 -0.0287106 -0.248041 
30886 -0.0336941 -0.0903992 
30887 -0.0384158 0.066472 
30888 -0.0431714 0.222753 
30889 -0.0478148 0.37851 
30890 0.12779 -0.242062 
30891 0.122814 -0.0851789 
30892 0.117803 0.0708294 
30893 0.112721 0.226435 
30894 0.107628 0.381398 
30895 0.282714 -0.235891 
30896 0.277527 -0.0800192 
30897 0.272105 0.0752985 
30898 0.266687 0.22984 
30899 0.261497 0.383968 
30900 -0.34815 -0.260474 
30901 -0.352696 -0.101706 
30902 -0.357348 0.0563661 
30903 -0.361931 0.213865 
30904 -0.36664 0.370739 
30905 -0.188571 -0.253668 
30906 -0.193471 -0.0959502 
30907 -0.198439 0.0612532 
30908 -0.203254 0.217897 
30909 -0.208157 0.373772 
30910 -0.0308599 -0.247152 
30911 -0.0360128 -0.0902183 
30912 -0.0413133 0.0660838 
30913 -0.0464935 0.221699 
30914 -0.0516693 0.376773 
30915 0.124972 -0.240549 
30916 0.119425 -0.0844939 
30917 0.114 0.0708494 
30918 0.108661 0.225661 
30919 0.10319 0.379819 
30920 0.27911 -0.234024 
30921 0.273372 -0.0790555 
30922 0.267705 0.0755765 
30923 0.261926 0.229517 
30924 0.256112 0.382748 
30925 -0.349127 -0.260299 
30926 -0.354299 -0.102102 
30927 -0.359178 0.0553784 
30928 -0.364092 0.212186 
30929 -0.369125 0.368541 
30930 -0.19011 -0.253027 
30931 -0.195352 -0.0958259 
30932 -0.200757 0.0606844 
30933 -0.206037 0.216696 
30934 -0.211226 0.371876 
30935 -0.0331131 -0.245968 
30936 -0.0387889 -0.0895726 
30937 -0.0442605 0.0658833 
30938 -0.0497331 0.220761 
30939 -0.055262 0.375225 
30940 0.122212 -0.238902 
30941 0.116188 -0.0837277 
30942 0.110354 0.0710125 
30943 0.104537 0.224941 
30944 0.0988035 0.378466 
30945 0.275205 -0.23175 
30946 0.269188 -0.0776281 
30947 0.263196 0.076127 
30948 0.257002 0.229119 
30949 0.250992 0.381656 
30950 -0.350225 -0.259942 
30951 -0.355486 -0.10234 
30952 -0.361024 0.0546292 
30953 -0.366348 0.211 
30954 -0.371729 0.366622 
30955 -0.191622 -0.252152 
30956 -0.197561 -0.0956537 
30957 -0.203065 0.0602799 
30958 -0.208793 0.215543 
30959 -0.214251 0.370144 
30960 -0.0352608 -0.244618 
30961 -0.0412836 -0.089144 
30962 -0.0471156 0.0657781 
30963 -0.0531317 0.219966 
30964 -0.0587519 0.373569 
30965 0.119077 -0.237123 
30966 0.11292 -0.0825959 
30967 0.106759 0.0712071 
30968 0.100549 0.22455 
30969 0.0944349 0.377115 
30970 0.27152 -0.229626 
30971 0.265151 -0.076147 
30972 0.258752 0.0765883 
30973 0.252193 0.228876 
30974 0.245836 0.380657 
30975 -0.351172 -0.259479 
30976 -0.356972 -0.102432 
30977 -0.362759 0.0538953 
30978 -0.368713 0.209625 
30979 -0.374267 0.364909 
30980 -0.193095 -0.251262 
30981 -0.199221 -0.0953012 
30982 -0.205389 0.0598855 
30983 -0.211412 0.214664 
30984 -0.217516 0.368773 
30985 -0.0373597 -0.243121 
30986 -0.0436322 -0.0884969 
30987 -0.0499663 0.0656514 
30988 -0.0563686 0.219353 
30989 -0.0626786 0.372379 
30990 0.116331 -0.235182 
30991 0.10975 -0.0815485 
30992 0.103117 0.0716262 
30993 0.0965892 0.224174 
30994 0.0901243 0.376138 
30995 0.267845 -0.227376 
30996 0.261009 -0.0747734 
30997 0.254167 0.0774506 
30998 0.247308 0.22896 
30999 0.240638 0.379773 
31000 -0.351984 -0.258826 
31001 -0.358395 -0.102394 
31002 -0.364665 0.0533054 
31003 -0.370857 0.208556 
31004 -0.377064 0.363218 
31005 -0.194801 -0.250159 
31006 -0.20115 -0.0949422 
31007 -0.207803 0.0595939 
31008 -0.214074 0.213677 
31009 -0.220491 0.367148 
31010 -0.0395676 -0.241596 
31011 -0.0461341 -0.0876045 
31012 -0.0529536 0.0659416 
31013 -0.059611 0.218968 
31014 -0.0663224 0.371241 
31015 0.113341 -0.233079 
31016 0.106337 -0.0802998 
31017 0.099533 0.0720943 
31018 0.0925371 0.223937 
31019 0.0858516 0.375243 
31020 0.264133 -0.225077 
31021 0.256826 -0.07331 
31022 0.24962 0.0781115 
31023 0.242489 0.228937 
31024 0.235791 0.379165 
31025 -0.353228 -0.258061 
31026 -0.359887 -0.102221 
31027 -0.366521 0.0528535 
31028 -0.373076 0.207569 
31029 -0.379613 0.361764 
31030 -0.196262 -0.249079 
31031 -0.203086 -0.0945757 
31032 -0.209827 0.0595463 
31033 -0.216705 0.213072 
31034 -0.223599 0.366041 
31035 -0.0417703 -0.240073 
31036 -0.048876 -0.0867245 
31037 -0.0558231 0.0660931 
31038 -0.0628477 0.218323 
31039 -0.0698222 0.370289 
31040 0.110429 -0.23113 
31041 0.103159 -0.0789571 
31042 0.0959634 0.072658 
31043 0.0887115 0.223834 
31044 0.0814347 0.374434 
31045 0.260343 -0.222495 
31046 0.252841 -0.0714962 
31047 0.2454 0.0789824 
31048 0.237887 0.229179 
31049 0.230667 0.378529 
