2460 -0.333491 -0.216687 
2461 -0.33317 -0.0165187 
2462 -0.332881 0.183499 
2463 -0.333561 0.382916 
2464 -0.166526 -0.216291 
2465 -0.167164 -0.0163281 
2466 -0.166564 0.183325 
2467 -0.166401 0.382892 
2468 0.00047109 -0.217091 
2469 0.000292303 -0.0163835 
2470 0.0002259 0.183509 
2471 -0.000156276 0.383224 
2472 0.166549 -0.216276 
2473 0.166877 -0.0171295 
2474 0.166786 0.182881 
2475 0.166926 0.383218 
2476 0.333045 -0.216198 
2477 0.333784 -0.0165455 
2478 0.333406 0.183542 
2479 0.333198 0.383797 
2480 -0.324858 -0.197208 
2481 -0.325156 -0.0136034 
2482 -0.325521 0.170557 
2483 -0.325888 0.354304 
2484 -0.171302 -0.197145 
2485 -0.172329 -0.0128543 
2486 -0.172707 0.170485 
2487 -0.173252 0.354483 
2488 -0.0185121 -0.196234 
2489 -0.0185118 -0.0129648 
2490 -0.0196244 0.170864 
2491 -0.0200445 0.354334 
2492 0.133737 -0.196422 
2493 0.134221 -0.0127456 
2494 0.133179 0.171269 
2495 0.133261 0.354606 
2496 0.286942 -0.195568 
2497 0.286809 -0.0125358 
2498 0.286589 0.17119 
2499 0.285612 0.354607 
2500 -0.318176 -0.179826 
2501 -0.319282 -0.0106447 
2502 -0.320008 0.160397 
2503 -0.320485 0.330505 
2504 -0.175836 -0.179118 
2505 -0.177057 -0.00956984 
2506 -0.177777 0.16049 
2507 -0.178483 0.330431 
2508 -0.0350042 -0.178986 
2509 -0.0353123 -0.00949162 
2510 -0.0361744 0.160284 
2511 -0.0366745 0.330307 
2512 0.106031 -0.177599 
2513 0.10585 -0.00904007 
2514 0.105508 0.160528 
2515 0.104275 0.330748 
2516 0.247028 -0.177375 
2517 0.246008 -0.00783158 
2518 0.245932 0.161178 
2519 0.2455 0.330523 
2520 -0.312892 -0.165065 
2521 -0.314033 -0.00715424 
2522 -0.314714 0.151456 
2523 -0.316279 0.309855 
2524 -0.181126 -0.164179 
2525 -0.18152 -0.0060471 
2526 -0.182265 0.152158 
2527 -0.183635 0.310615 
2528 -0.0490178 -0.162608 
2529 -0.0499306 -0.00593708 
2530 -0.0504929 0.151725 
2531 -0.0519914 0.309911 
2532 0.0817815 -0.162127 
2533 0.0811032 -0.00477305 
2534 0.0800795 0.152162 
2535 0.0800549 0.31011 
2536 0.212129 -0.160912 
2537 0.211295 -0.0039515 
2538 0.211027 0.152588 
2539 0.210349 0.310684 
2540 -0.308691 -0.150814 
2541 -0.310117 -0.00383485 
2542 -0.310759 0.145007 
2543 -0.31239 0.293568 
2544 -0.18453 -0.1501 
2545 -0.185672 -0.00262009 
2546 -0.18671 0.145183 
2547 -0.188302 0.292666 
2548 -0.0622407 -0.148462 
2549 -0.0631574 -0.00214445 
2550 -0.0634227 0.144966 
2551 -0.0647431 0.292693 
2552 0.0607454 -0.148116 
2553 0.059779 -0.00164624 
2554 0.0586451 0.146039 
2555 0.0574472 0.292961 
2556 0.182358 -0.146576 
2557 0.181619 -0.00020446 
2558 0.181142 0.146311 
2559 0.180579 0.293694 
2560 -0.30481 -0.138878 
2561 -0.306485 0.000126412 
2562 -0.307818 0.139433 
2563 -0.309003 0.278971 
2564 -0.188454 -0.137075 
2565 -0.190544 0.00105312 
2566 -0.191074 0.139103 
2567 -0.193242 0.278189 
2568 -0.0729587 -0.135792 
2569 -0.0745927 0.00194335 
2570 -0.0756383 0.139717 
2571 -0.0769303 0.278463 
2572 0.0414109 -0.135119 
2573 0.040055 0.00247901 
2574 0.0397086 0.140466 
2575 0.0386666 0.278909 
2576 0.155635 -0.133372 
2577 0.154785 0.0031044 
2578 0.154101 0.140619 
2579 0.153517 0.278907 
2580 -0.302394 -0.127733 
2581 -0.30398 0.0034342 
2582 -0.305016 0.134782 
2583 -0.307424 0.265813 
2584 -0.192481 -0.125714 
2585 -0.194253 0.00461765 
2586 -0.195419 0.135362 
2587 -0.196771 0.266262 
2588 -0.0843385 -0.124682 
2589 -0.0849546 0.00539252 
2590 -0.0861063 0.135413 
2591 -0.0877097 0.266107 
2592 0.0245807 -0.123629 
2593 0.0235667 0.00630382 
2594 0.02194 0.13552 
2595 0.021276 0.266676 
2596 0.131193 -0.121534 
2597 0.130349 0.00693745 
2598 0.130022 0.136832 
2599 0.12847 0.265874 
2600 -0.299907 -0.116892 
2601 -0.301897 0.00707104 
2602 -0.303235 0.131057 
2603 -0.30562 0.255725 
2604 -0.196661 -0.114774 
2605 -0.198198 0.0082813 
2606 -0.1989 0.131215 
2607 -0.201105 0.255305 
2608 -0.093013 -0.11357 
2609 -0.0952171 0.00877058 
2610 -0.096421 0.131508 
2611 -0.0979903 0.255701 
2612 0.00907109 -0.112272 
2613 0.00773201 0.00978018 
2614 0.00658115 0.132564 
2615 0.00470669 0.255793 
2616 0.10954 -0.110713 
2617 0.108788 0.0107993 
2618 0.107827 0.133402 
2619 0.107567 0.255528 
2620 -0.298392 -0.106357 
2621 -0.300402 0.0100604 
2622 -0.301923 0.127778 
2623 -0.303751 0.246487 
2624 -0.199937 -0.105333 
2625 -0.201643 0.0112589 
2626 -0.203305 0.128511 
2627 -0.204875 0.24626 
2628 -0.102137 -0.104277 
2629 -0.103469 0.0122709 
2630 -0.105322 0.129076 
2631 -0.106201 0.246621 
2632 -0.00593622 -0.102748 
2633 -0.00644743 0.0136078 
2634 -0.00834958 0.129106 
2635 -0.0094652 0.245791 
2636 0.089981 -0.101132 
2637 0.0894017 0.0144674 
2638 0.0881646 0.130248 
2639 0.0872666 0.246496 
2640 -0.296905 -0.0973463 
2641 -0.298742 0.0136333 
2642 -0.300417 0.125346 
2643 -0.302479 0.237605 
2644 -0.203247 -0.0958289 
2645 -0.205354 0.0143682 
2646 -0.207144 0.126033 
2647 -0.208668 0.237923 
2648 -0.110666 -0.0941574 
2649 -0.112184 0.0161591 
2650 -0.11305 0.126539 
2651 -0.115179 0.237899 
2652 -0.0187666 -0.0927629 
2653 -0.020297 0.0168197 
2654 -0.020832 0.127431 
2655 -0.022423 0.238371 
2656 0.0728378 -0.0911576 
2657 0.0715585 0.0180846 
2658 0.0704212 0.128202 
2659 0.0694711 0.237858 
2660 -0.295787 -0.0884688 
2661 -0.297759 0.0177369 
2662 -0.300318 0.124051 
2663 -0.301806 0.23077 
2664 -0.206742 -0.0868744 
2665 -0.208709 0.018773 
2666 -0.210362 0.124616 
2667 -0.212232 0.23111 
2668 -0.117869 -0.085301 
2669 -0.119876 0.0193322 
2670 -0.121159 0.125134 
2671 -0.123318 0.231546 
2672 -0.0307235 -0.0839606 
2673 -0.0320037 0.020352 
2674 -0.0331575 0.125447 
2675 -0.0340418 0.231666 
2676 0.0560118 -0.0833374 
2677 0.0554096 0.0211862 
2678 0.0542779 0.126167 
2679 0.0528645 0.231383 
2680 -0.295321 -0.0807796 
2681 -0.297818 0.0203531 
2682 -0.299826 0.123148 
2683 -0.300964 0.225401 
2684 -0.209765 -0.0785625 
2685 -0.21155 0.0217755 
2686 -0.213827 0.1228 
2687 -0.215676 0.225215 
2688 -0.12517 -0.0774713 
2689 -0.126647 0.022938 
2690 -0.128372 0.124027 
2691 -0.130226 0.2254 
2692 -0.04182 -0.0762342 
2693 -0.0435054 0.0238877 
2694 -0.0444045 0.124448 
2695 -0.0453286 0.22565 
2696 0.0406916 -0.0747388 
2697 0.0403142 0.025102 
2698 0.0393074 0.124858 
2699 0.0378054 0.225073 
2700 -0.294919 -0.0727985 
2701 -0.296579 0.0242362 
2702 -0.299465 0.121492 
2703 -0.300781 0.220293 
2704 -0.213373 -0.0713447 
2705 -0.215532 0.0250119 
2706 -0.216453 0.122743 
2707 -0.21903 0.2204 
2708 -0.132259 -0.0694925 
2709 -0.133968 0.0264138 
2710 -0.135044 0.122925 
2711 -0.136778 0.219637 
2712 -0.0526183 -0.0680991 
2713 -0.0537843 0.0268504 
2714 -0.0554118 0.123351 
2715 -0.0562837 0.219886 
2716 0.0269562 -0.0673514 
2717 0.0261374 0.0281287 
2718 0.0244583 0.123618 
2719 0.0233628 0.220072 
2720 -0.294457 -0.065021 
2721 -0.297043 0.0277303 
2722 -0.298952 0.121337 
2723 -0.300993 0.215925 
2724 -0.216414 -0.0633671 
2725 -0.218493 0.0283121 
2726 -0.219819 0.121667 
2727 -0.221816 0.21565 
2728 -0.13909 -0.0626503 
2729 -0.140192 0.0297767 
2730 -0.141872 0.122687 
2731 -0.143672 0.215321 
2732 -0.0623357 -0.0609655 
2733 -0.0636156 0.0309055 
2734 -0.0651504 0.123133 
2735 -0.0658142 0.215538 
2736 0.0134029 -0.0598446 
2737 0.0132119 0.0318193 
2738 0.0120308 0.122775 
2739 0.0111079 0.215406 
2740 -0.295164 -0.0583089 
2741 -0.29747 0.0307161 
2742 -0.299032 0.121049 
2743 -0.30066 0.211113 
2744 -0.219987 -0.0568292 
2745 -0.221054 0.0324836 
2746 -0.223126 0.122013 
2747 -0.224996 0.211296 
2748 -0.145023 -0.0550011 
2749 -0.146662 0.0330505 
2750 -0.147801 0.121954 
2751 -0.149648 0.211614 
2752 -0.0711598 -0.0540714 
2753 -0.0727034 0.0336117 
2754 -0.0736725 0.122516 
2755 -0.0747255 0.211727 
2756 0.00148444 -0.0526177 
2757 0.00107497 0.0344468 
2758 -0.000357531 0.122603 
2759 -0.00130509 0.211154 
2760 -0.294974 -0.0512846 
2761 -0.297323 0.0351147 
2762 -0.299618 0.121249 
2763 -0.301794 0.20839 
2764 -0.222931 -0.0504548 
2765 -0.224952 0.0350568 
2766 -0.226517 0.121184 
2767 -0.228173 0.207827 
2768 -0.151572 -0.0490854 
2769 -0.152242 0.0365932 
2770 -0.153948 0.121963 
2771 -0.155092 0.207552 
2772 -0.0801222 -0.0471075 
2773 -0.0817952 0.0369586 
2774 -0.0827665 0.122551 
2775 -0.0836788 0.207693 
2776 -0.0102727 -0.0456358 
2777 -0.0111671 0.0381409 
2778 -0.0121762 0.122879 
2779 -0.0129632 0.207663 
2780 -0.296121 -0.0446878 
2781 -0.297478 0.0381769 
2782 -0.300138 0.121054 
2783 -0.301637 0.204857 
2784 -0.226136 -0.0432855 
2785 -0.227554 0.0392434 
2786 -0.229142 0.122169 
2787 -0.231457 0.204706 
2788 -0.156864 -0.0426012 
2789 -0.15858 0.0391271 
2790 -0.159885 0.12248 
2791 -0.161451 0.205041 
2792 -0.0886395 -0.0413886 
2793 -0.0897546 0.0403519 
2794 -0.090419 0.12247 
2795 -0.0922514 0.205106 
2796 -0.0206424 -0.0395882 
2797 -0.0217878 0.0411511 
2798 -0.0224923 0.123148 
2799 -0.023136 0.205006 
2800 -0.296294 -0.0386318 
2801 -0.298226 0.0414196 
2802 -0.30038 0.122281 
2803 -0.302404 0.203368 
2804 -0.228978 -0.0377198 
2805 -0.231173 0.0423446 
2806 -0.232097 0.121917 
2807 -0.233907 0.202342 
2808 -0.161993 -0.0360756 
2809 -0.164028 0.0430113 
2810 -0.165425 0.122096 
2811 -0.166963 0.202006 
2812 -0.0963941 -0.0348467 
2813 -0.0970428 0.0435953 
2814 -0.0989203 0.122945 
2815 -0.100029 0.201911 
2816 -0.0314006 -0.0335891 
2817 -0.0322503 0.0441759 
2818 -0.0330149 0.122816 
2819 -0.0334932 0.20219 
2820 -0.297615 -0.0322374 
2821 -0.299239 0.0449514 
2822 -0.301148 0.123002 
2823 -0.302768 0.201226 
2824 -0.232376 -0.0315936 
2825 -0.234017 0.0449271 
2826 -0.235424 0.12302 
2827 -0.236941 0.200595 
2828 -0.167254 -0.0300089 
2829 -0.169003 0.0459142 
2830 -0.170001 0.123347 
2831 -0.17175 0.199962 
2832 -0.103745 -0.0292079 
2833 -0.104922 0.0468334 
2834 -0.105819 0.123409 
2835 -0.107485 0.199519 
2836 -0.0405109 -0.028229 
2837 -0.0419062 0.0468162 
2838 -0.0422437 0.123319 
2839 -0.0431771 0.199384 
2840 -0.298656 -0.0269292 
2841 -0.299729 0.0481897 
2842 -0.302417 0.123065 
2843 -0.304129 0.198784 
2844 -0.235425 -0.0251221 
2845 -0.237155 0.0487101 
2846 -0.238545 0.123763 
2847 -0.239448 0.198824 
2848 -0.172855 -0.024493 
2849 -0.174489 0.0489798 
2850 -0.17508 0.123849 
2851 -0.176342 0.198263 
2852 -0.111111 -0.0235115 
2853 -0.111971 0.0492549 
2854 -0.113584 0.12332 
2855 -0.114465 0.19769 
2856 -0.0497344 -0.0229855 
2857 -0.0509435 0.0499261 
2858 -0.0515722 0.123345 
2859 -0.0522499 0.197558 
