31100 -0.33332 -0.250042 
31101 -0.333369 -0.0832943 
31102 -0.333343 0.0832951 
31103 -0.333459 0.250028 
31104 -0.333334 0.416619 
31105 -0.166659 -0.250005 
31106 -0.16669 -0.0834259 
31107 -0.166606 0.0832475 
31108 -0.166725 0.25005 
31109 -0.166644 0.416547 
31110 -6.19802e-06 -0.249944 
31111 6.57365e-05 -0.0834106 
31112 2.60893e-05 0.083437 
31113 2.74097e-05 0.250064 
31114 5.68259e-06 0.416666 
31115 0.166694 -0.249955 
31116 0.166658 -0.0833123 
31117 0.166772 0.0833691 
31118 0.16671 0.249958 
31119 0.166574 0.416629 
31120 0.333346 -0.249921 
31121 0.333332 -0.0833963 
31122 0.333338 0.0833219 
31123 0.333233 0.250095 
31124 0.333361 0.416611 
31125 -0.334276 -0.248385 
31126 -0.334804 -0.0824947 
31127 -0.335067 0.0834488 
31128 -0.335585 0.2496 
31129 -0.336103 0.415734 
31130 -0.168306 -0.247874 
31131 -0.16854 -0.0820843 
31132 -0.169174 0.0838587 
31133 -0.169401 0.249808 
31134 -0.170011 0.415994 
31135 -0.00217495 -0.247541 
31136 -0.00280331 -0.0815795 
31137 -0.00314035 0.0842128 
31138 -0.00360702 0.250224 
31139 -0.0039383 0.416221 
31140 0.163571 -0.246931 
31141 0.163079 -0.0812289 
31142 0.162698 0.0846711 
31143 0.162187 0.25038 
31144 0.161923 0.416516 
31145 0.32917 -0.246575 
31146 0.328789 -0.0806345 
31147 0.328312 0.0848826 
31148 0.328056 0.250829 
31149 0.327584 0.416621 
31150 -0.335224 -0.246713 
31151 -0.336092 -0.0815386 
31152 -0.337022 0.0839137 
31153 -0.337953 0.249385 
31154 -0.338914 0.415045 
31155 -0.169668 -0.245692 
31156 -0.170604 -0.0807068 
31157 -0.171554 0.0847022 
31158 -0.172351 0.249949 
31159 -0.17324 0.41537 
31160 -0.00465971 -0.244735 
31161 -0.00543053 -0.0796825 
31162 -0.00639028 0.0853957 
31163 -0.00692884 0.250453 
31164 -0.00793633 0.415819 
31165 0.160256 -0.243699 
31166 0.159461 -0.0788709 
31167 0.158711 0.0861609 
31168 0.157949 0.251123 
31169 0.157148 0.416178 
31170 0.32473 -0.242689 
31171 0.324076 -0.0779873 
31172 0.323455 0.0867259 
31173 0.322777 0.251706 
31174 0.322137 0.416727 
31175 -0.336095 -0.244911 
31176 -0.337486 -0.0803724 
31177 -0.33892 0.0843215 
31178 -0.340286 0.249372 
31179 -0.341675 0.414283 
31180 -0.171462 -0.243354 
31181 -0.172728 -0.0792047 
31182 -0.174002 0.085381 
31183 -0.175175 0.25018 
31184 -0.176536 0.414877 
31185 -0.00692997 -0.24202 
31186 -0.00817013 -0.077805 
31187 -0.00929972 0.0864692 
31188 -0.0105232 0.250938 
31189 -0.0116603 0.41574 
31190 0.156957 -0.240531 
31191 0.155952 -0.0766521 
31192 0.154846 0.0874088 
31193 0.153747 0.251875 
31194 0.152554 0.416328 
31195 0.320482 -0.239108 
31196 0.31963 -0.0753773 
31197 0.318619 0.0884783 
31198 0.317618 0.2528 
31199 0.316583 0.416925 
31200 -0.337222 -0.242888 
31201 -0.339036 -0.0790627 
31202 -0.340776 0.0850019 
31203 -0.342515 0.24931 
31204 -0.344304 0.413913 
31205 -0.172995 -0.241088 
31206 -0.174677 -0.0774861 
31207 -0.176307 0.0863442 
31208 -0.17786 0.250408 
31209 -0.179502 0.414826 
31210 -0.00951049 -0.239012 
31211 -0.0108528 -0.0757997 
31212 -0.0124445 0.0877136 
31213 -0.0139763 0.251543 
31214 -0.0154745 0.415467 
31215 0.153841 -0.237176 
31216 0.152343 -0.0741724 
31217 0.150863 0.088983 
31218 0.149531 0.252728 
31219 0.148132 0.416389 
31220 0.316318 -0.235155 
31221 0.314929 -0.0725121 
31222 0.313709 0.0904322 
31223 0.312412 0.253582 
31224 0.311162 0.417216 
31225 -0.338038 -0.24101 
31226 -0.340329 -0.0778193 
31227 -0.342483 0.0856204 
31228 -0.344795 0.249412 
31229 -0.34701 0.41357 
31230 -0.17454 -0.238573 
31231 -0.176532 -0.0756765 
31232 -0.178684 0.0873051 
31233 -0.18071 0.250771 
31234 -0.182806 0.414605 
31235 -0.0117579 -0.236095 
31236 -0.0136568 -0.0737356 
31237 -0.0154777 0.0890922 
31238 -0.0173025 0.25226 
31239 -0.0192164 0.415672 
31240 0.150522 -0.233794 
31241 0.148887 -0.0716289 
31242 0.147008 0.0907321 
31243 0.145286 0.253555 
31244 0.143659 0.416678 
31245 0.311975 -0.231371 
31246 0.310407 -0.0696927 
31247 0.308929 0.0924769 
31248 0.307393 0.254936 
31249 0.305835 0.417663 
31250 -0.33917 -0.238805 
31251 -0.341887 -0.0763544 
31252 -0.344361 0.0864297 
31253 -0.347151 0.249807 
31254 -0.34984 0.413407 
31255 -0.176186 -0.235986 
31256 -0.178598 -0.074078 
31257 -0.181107 0.0885045 
31258 -0.183542 0.251459 
31259 -0.185889 0.414612 
31260 -0.0140267 -0.233028 
31261 -0.0163655 -0.0715567 
31262 -0.0186483 0.0905761 
31263 -0.020748 0.252978 
31264 -0.0229772 0.41586 
31265 0.147108 -0.230375 
31266 0.145266 -0.0691046 
31267 0.143305 0.092481 
31268 0.141173 0.254585 
31269 0.139262 0.417026 
31270 0.307835 -0.22756 
31271 0.305951 -0.0666857 
31272 0.304089 0.0945811 
31273 0.302333 0.256041 
31274 0.300509 0.418213 
31275 -0.340202 -0.236381 
31276 -0.343148 -0.0746801 
31277 -0.346319 0.0874721 
31278 -0.349334 0.250259 
31279 -0.352507 0.413554 
31280 -0.177819 -0.233216 
31281 -0.180593 -0.0719312 
31282 -0.183391 0.0898073 
31283 -0.186246 0.252017 
31284 -0.18915 0.41479 
31285 -0.0164739 -0.229903 
31286 -0.0188974 -0.0691777 
31287 -0.0215448 0.0920678 
31288 -0.0240068 0.253814 
31289 -0.0266515 0.415976 
31290 0.143928 -0.226797 
31291 0.141661 -0.0664145 
31292 0.139393 0.0942839 
31293 0.137135 0.255564 
31294 0.1348 0.417481 
31295 0.303611 -0.223589 
31296 0.301459 -0.0637271 
31297 0.299485 0.0965288 
31298 0.297311 0.257379 
31299 0.295326 0.418885 
31300 -0.341217 -0.234033 
31301 -0.344717 -0.0730722 
31302 -0.34818 0.0885583 
31303 -0.351556 0.250882 
31304 -0.355096 0.413612 
31305 -0.179441 -0.230323 
31306 -0.18276 -0.0698113 
31307 -0.185844 0.0910697 
31308 -0.18886 0.252758 
31309 -0.192062 0.415089 
31310 -0.018759 -0.226792 
31311 -0.0219134 -0.0667967 
31312 -0.0246238 0.0937061 
31313 -0.0272586 0.255008 
31314 -0.030375 0.41648 
31315 0.140724 -0.223178 
31316 0.138121 -0.0637797 
31317 0.135734 0.0963739 
31318 0.133108 0.256811 
31319 0.130535 0.418082 
31320 0.299411 -0.219702 
31321 0.296918 -0.06058 
31322 0.294864 0.0988109 
31323 0.292499 0.258785 
31324 0.290278 0.419557 
31325 -0.342401 -0.23151 
31326 -0.346152 -0.0711211 
31327 -0.349839 0.0896996 
31328 -0.353929 0.251374 
31329 -0.357726 0.413855 
31330 -0.181069 -0.227555 
31331 -0.184618 -0.0678223 
31332 -0.18831 0.0925835 
31333 -0.191638 0.253788 
31334 -0.19515 0.415526 
31335 -0.0212472 -0.223569 
31336 -0.0244077 -0.0643164 
31337 -0.027489 0.0953826 
31338 -0.0306479 0.255958 
31339 -0.033805 0.416944 
31340 0.13746 -0.219722 
31341 0.13465 -0.0609921 
31342 0.132013 0.0981803 
31343 0.128937 0.258152 
31344 0.126244 0.418608 
31345 0.295224 -0.215658 
31346 0.292685 -0.0577375 
31347 0.290169 0.100991 
31348 0.287773 0.260276 
31349 0.285279 0.420217 
31350 -0.343351 -0.228873 
31351 -0.347596 -0.0694075 
31352 -0.351882 0.0911706 
31353 -0.356148 0.252258 
31354 -0.360299 0.414309 
31355 -0.182848 -0.224595 
31356 -0.186683 -0.0655445 
31357 -0.190478 0.0942152 
31358 -0.19431 0.254775 
31359 -0.198303 0.416057 
31360 -0.0237125 -0.220146 
31361 -0.0271069 -0.0619267 
31362 -0.0304302 0.0972553 
31363 -0.033887 0.257074 
31364 -0.0372985 0.417636 
31365 0.134119 -0.215994 
31366 0.131225 -0.0582702 
31367 0.128128 0.100117 
31368 0.125227 0.259465 
31369 0.122021 0.419457 
31370 0.290964 -0.21173 
31371 0.288292 -0.0545896 
31372 0.285555 0.103115 
31373 0.282872 0.261752 
31374 0.280344 0.421043 
31375 -0.344499 -0.226216 
31376 -0.349065 -0.0672494 
31377 -0.353659 0.0927576 
31378 -0.358437 0.253309 
31379 -0.362848 0.414875 
31380 -0.184511 -0.221445 
31381 -0.188762 -0.0632851 
31382 -0.192803 0.0958571 
31383 -0.196956 0.255895 
31384 -0.201207 0.416584 
31385 -0.0260627 -0.216786 
31386 -0.0297512 -0.0593408 
31387 -0.0333872 0.099145 
31388 -0.0372384 0.258327 
31389 -0.0408138 0.418486 
31390 0.130991 -0.212207 
31391 0.127801 -0.0553965 
31392 0.124638 0.102158 
31393 0.121354 0.260807 
31394 0.11796 0.420221 
31395 0.286636 -0.207762 
31396 0.283817 -0.0513798 
31397 0.281059 0.10544 
31398 0.278297 0.263382 
31399 0.275593 0.42205 
31400 -0.345499 -0.223194 
31401 -0.350531 -0.065054 
31402 -0.355351 0.0941756 
31403 -0.360399 0.254317 
31404 -0.365462 0.415446 
31405 -0.186317 -0.218316 
31406 -0.190616 -0.0608591 
31407 -0.195079 0.097646 
31408 -0.199556 0.256918 
31409 -0.204053 0.41756 
31410 -0.0286192 -0.213415 
31411 -0.0324604 -0.0566434 
31412 -0.0363718 0.101137 
31413 -0.0402847 0.259631 
31414 -0.0443517 0.419233 
31415 0.127761 -0.208549 
31416 0.124266 -0.0525813 
31417 0.120865 0.104344 
31418 0.117404 0.262352 
31419 0.114046 0.421231 
31420 0.282317 -0.203776 
31421 0.279513 -0.0484148 
31422 0.276621 0.107841 
31423 0.273664 0.265028 
31424 0.270831 0.422985 
31425 -0.346793 -0.220333 
31426 -0.352003 -0.0629711 
31427 -0.357317 0.0957174 
31428 -0.362463 0.255445 
31429 -0.367744 0.416234 
31430 -0.187975 -0.215237 
31431 -0.19274 -0.0583085 
31432 -0.197412 0.0993968 
31433 -0.202138 0.258355 
31434 -0.206786 0.418218 
31435 -0.0311047 -0.209977 
31436 -0.0351229 -0.0539565 
31437 -0.0392397 0.102936 
31438 -0.0434132 0.261084 
31439 -0.0476829 0.420219 
31440 0.12443 -0.204695 
31441 0.120833 -0.0496133 
31442 0.117264 0.106589 
31443 0.113729 0.263728 
31444 0.110083 0.422154 
31445 0.278181 -0.199635 
31446 0.275216 -0.04539 
31447 0.272147 0.110099 
31448 0.269104 0.266599 
31449 0.266097 0.424131 
31450 -0.347988 -0.217391 
31451 -0.353452 -0.0606173 
31452 -0.359087 0.0974924 
31453 -0.364804 0.256768 
31454 -0.370249 0.41735 
31455 -0.18981 -0.211854 
31456 -0.194671 -0.055926 
31457 -0.199745 0.101179 
31458 -0.204687 0.259649 
31459 -0.209728 0.419261 
31460 -0.033527 -0.206402 
31461 -0.0379087 -0.0513181 
31462 -0.0422816 0.105116 
31463 -0.0464598 0.262464 
31464 -0.0508642 0.42126 
31465 0.121036 -0.200969 
31466 0.117367 -0.0468114 
31467 0.113718 0.108825 
31468 0.109834 0.265354 
31469 0.106215 0.423176 
31470 0.27397 -0.195769 
31471 0.270907 -0.0422012 
31472 0.267695 0.112264 
31473 0.264555 0.268188 
31474 0.261513 0.425129 
31475 -0.349066 -0.214423 
31476 -0.355082 -0.0581457 
31477 -0.361004 0.0992366 
31478 -0.366769 0.258032 
31479 -0.372728 0.418299 
31480 -0.191614 -0.208626 
31481 -0.196793 -0.0534585 
31482 -0.202 0.103208 
31483 -0.207211 0.261153 
31484 -0.212578 0.420295 
31485 -0.0361772 -0.202751 
31486 -0.0405356 -0.0486279 
31487 -0.0449418 0.107084 
31488 -0.0494692 0.264102 
31489 -0.0542526 0.422255 
31490 0.117754 -0.197293 
31491 0.113995 -0.0437687 
31492 0.110087 0.110955 
31493 0.106251 0.267034 
31494 0.10226 0.424374 
31495 0.269684 -0.191752 
31496 0.266661 -0.0391299 
31497 0.263362 0.114714 
31498 0.260165 0.269979 
31499 0.256914 0.42617 
31500 -0.350464 -0.211251 
31501 -0.356569 -0.055831 
31502 -0.362626 0.101089 
31503 -0.368789 0.259484 
31504 -0.37511 0.419375 
31505 -0.193451 -0.205143 
31506 -0.198866 -0.0507555 
31507 -0.204328 0.105255 
31508 -0.209765 0.262598 
31509 -0.215133 0.421365 
31510 -0.0385802 -0.199338 
31511 -0.0432485 -0.045743 
31512 -0.0479475 0.109236 
31513 -0.0526062 0.265606 
31514 -0.057287 0.423495 
31515 0.114279 -0.193539 
31516 0.110559 -0.0408712 
31517 0.106625 0.113143 
31518 0.102638 0.268605 
31519 0.0984384 0.4254 
31520 0.265444 -0.187776 
31521 0.262381 -0.0360462 
31522 0.259148 0.117118 
31523 0.255802 0.271623 
31524 0.252561 0.427399 
31525 -0.351761 -0.208066 
31526 -0.358155 -0.0530916 
31527 -0.364564 0.103097 
31528 -0.370988 0.261124 
31529 -0.377495 0.420528 
31530 -0.195337 -0.201803 
31531 -0.200865 -0.0479645 
31532 -0.206538 0.107431 
31533 -0.212189 0.264213 
31534 -0.217923 0.422612 
31535 -0.0411316 -0.195747 
31536 -0.0458757 -0.0430362 
31537 -0.0508153 0.111358 
31538 -0.055542 0.267276 
31539 -0.0604811 0.424672 
31540 0.111025 -0.189816 
31541 0.107082 -0.0379747 
31542 0.103171 0.115363 
31543 0.0988695 0.270368 
31544 0.0949876 0.426525 
31545 0.261346 -0.183913 
31546 0.258218 -0.033035 
31547 0.25485 0.119385 
31548 0.251507 0.273107 
31549 0.248244 0.428518 
31550 -0.353042 -0.204699 
31551 -0.359608 -0.0506695 
31552 -0.366216 0.105199 
31553 -0.373227 0.262575 
31554 -0.379887 0.42184 
31555 -0.197345 -0.198495 
31556 -0.202995 -0.0453344 
31557 -0.208779 0.10936 
31558 -0.214645 0.265882 
31559 -0.220553 0.423776 
31560 -0.0437339 -0.192189 
31561 -0.0486297 -0.0400389 
31562 -0.0535644 0.113669 
31563 -0.0585052 0.268776 
31564 -0.0634985 0.425809 
31565 0.10779 -0.186089 
31566 0.103723 -0.0350812 
31567 0.0995748 0.117652 
31568 0.0954726 0.271742 
31569 0.0912139 0.427735 
31570 0.257027 -0.179942 
31571 0.253923 -0.0300138 
31572 0.250535 0.121709 
31573 0.247212 0.275009 
31574 0.243825 0.429699 
31575 -0.354389 -0.201458 
31576 -0.361226 -0.0480042 
31577 -0.368073 0.107325 
31578 -0.375036 0.264364 
31579 -0.382073 0.423304 
31580 -0.199341 -0.194998 
31581 -0.205145 -0.0425359 
31582 -0.210966 0.111617 
31583 -0.217118 0.267496 
31584 -0.223189 0.425197 
31585 -0.0462948 -0.188609 
31586 -0.0513579 -0.0372175 
31587 -0.0563231 0.115776 
31588 -0.0614849 0.27058 
31589 -0.066739 0.427116 
31590 0.104374 -0.182383 
31591 0.100233 -0.0320847 
31592 0.0962036 0.119956 
31593 0.0918027 0.273603 
31594 0.0877077 0.429031 
31595 0.25296 -0.17603 
31596 0.249737 -0.0267637 
31597 0.246501 0.123981 
31598 0.243062 0.27662 
31599 0.239689 0.430989 
