31200 -0.333298 -0.250035 
31201 -0.33334 -0.0833776 
31202 -0.333321 0.0833047 
31203 -0.333317 0.250087 
31204 -0.333332 0.416665 
31205 -0.166874 -0.250086 
31206 -0.16675 -0.0833378 
31207 -0.166805 0.083353 
31208 -0.166626 0.249963 
31209 -0.166652 0.416554 
31210 -6.04989e-05 -0.25016 
31211 2.31394e-05 -0.0833853 
31212 2.67407e-05 0.0832626 
31213 -4.46734e-05 0.25003 
31214 3.20163e-05 0.4167 
31215 0.166658 -0.250008 
31216 0.16671 -0.0832165 
31217 0.166689 0.0832435 
31218 0.16664 0.250094 
31219 0.166641 0.416626 
31220 0.333369 -0.249948 
31221 0.333299 -0.0832982 
31222 0.333267 0.0834989 
31223 0.333246 0.250019 
31224 0.333256 0.416661 
31225 -0.334271 -0.247833 
31226 -0.334724 -0.0818327 
31227 -0.335143 0.0842017 
31228 -0.33565 0.250153 
31229 -0.336088 0.416474 
31230 -0.168247 -0.247435 
31231 -0.168665 -0.0814886 
31232 -0.168983 0.0844312 
31233 -0.169453 0.250426 
31234 -0.16987 0.416716 
31235 -0.00234963 -0.246931 
31236 -0.00275816 -0.0810642 
31237 -0.0031107 0.0847131 
31238 -0.00346453 0.25072 
31239 -0.00371843 0.416767 
31240 0.163403 -0.246489 
31241 0.163003 -0.0808118 
31242 0.162751 0.0849876 
31243 0.162361 0.250898 
31244 0.16198 0.416942 
31245 0.328857 -0.246072 
31246 0.328739 -0.0803704 
31247 0.328444 0.0852747 
31248 0.328034 0.251178 
31249 0.327811 0.417088 
31250 -0.335242 -0.24568 
31251 -0.336215 -0.080301 
31252 -0.336889 0.0850336 
31253 -0.337862 0.250524 
31254 -0.338763 0.416285 
31255 -0.169946 -0.244743 
31256 -0.170576 -0.0795727 
31257 -0.171416 0.0855254 
31258 -0.172197 0.25103 
31259 -0.17304 0.416465 
31260 -0.00479598 -0.243784 
31261 -0.00543382 -0.0787215 
31262 -0.00617704 0.0863044 
31263 -0.00694272 0.251588 
31264 -0.0077063 0.416893 
31265 0.160035 -0.242834 
31266 0.159543 -0.0779961 
31267 0.158747 0.0868775 
31268 0.158218 0.251963 
31269 0.157556 0.417298 
31270 0.324568 -0.241996 
31271 0.32396 -0.0772913 
31272 0.323676 0.0874862 
31273 0.323001 0.252455 
31274 0.322434 0.417692 
31275 -0.336271 -0.24313 
31276 -0.337618 -0.0787991 
31277 -0.338796 0.0860147 
31278 -0.340082 0.250971 
31279 -0.341404 0.416258 
31280 -0.171491 -0.241745 
31281 -0.172621 -0.0775652 
31282 -0.173886 0.0869182 
31283 -0.174989 0.251658 
31284 -0.176107 0.416705 
31285 -0.00726339 -0.24059 
31286 -0.00824694 -0.0762865 
31287 -0.0092569 0.0879448 
31288 -0.0103622 0.252424 
31289 -0.011478 0.417164 
31290 0.156725 -0.239097 
31291 0.155894 -0.0753454 
31292 0.154888 0.0888628 
31293 0.153864 0.25315 
31294 0.153167 0.41783 
31295 0.32017 -0.23787 
31296 0.31933 -0.0741832 
31297 0.318639 0.0896993 
31298 0.31779 0.253912 
31299 0.31711 0.41831 
31300 -0.337257 -0.240699 
31301 -0.339087 -0.0769712 
31302 -0.340779 0.0871162 
31303 -0.342385 0.251583 
31304 -0.34414 0.416216 
31305 -0.173275 -0.238937 
31306 -0.174724 -0.0755449 
31307 -0.176335 0.0883724 
31308 -0.177751 0.252418 
31309 -0.179262 0.41697 
31310 -0.00956392 -0.2373 
31311 -0.0109694 -0.0739782 
31312 -0.0122668 0.089578 
31313 -0.0136938 0.253545 
31314 -0.0148816 0.417628 
31315 0.153545 -0.235377 
31316 0.152297 -0.0725348 
31317 0.151095 0.0907096 
31318 0.149899 0.254226 
31319 0.148716 0.418216 
31320 0.315827 -0.233756 
31321 0.314952 -0.0710147 
31322 0.313817 0.0919291 
31323 0.312871 0.255132 
31324 0.311889 0.418919 
31325 -0.338319 -0.238082 
31326 -0.340346 -0.0751603 
31327 -0.342562 0.0882767 
31328 -0.344649 0.252185 
31329 -0.34671 0.416685 
31330 -0.174818 -0.236068 
31331 -0.176706 -0.0732637 
31332 -0.178623 0.0897945 
31333 -0.180576 0.253385 
31334 -0.182446 0.417366 
31335 -0.0120137 -0.233826 
31336 -0.013663 -0.0714064 
31337 -0.015401 0.0912961 
31338 -0.0170054 0.254412 
31339 -0.0185993 0.41831 
31340 0.150067 -0.231661 
31341 0.14864 -0.0697544 
31342 0.147176 0.0927169 
31343 0.145747 0.255591 
31344 0.144444 0.418913 
31345 0.311554 -0.229543 
31346 0.310343 -0.0679044 
31347 0.309118 0.0941731 
31348 0.307833 0.256623 
31349 0.306669 0.419701 
31350 -0.339435 -0.235397 
31351 -0.341785 -0.0731081 
31352 -0.344278 0.0897426 
31353 -0.346728 0.253143 
31354 -0.349387 0.41689 
31355 -0.176496 -0.232789 
31356 -0.178581 -0.0708546 
31357 -0.18089 0.0913942 
31358 -0.183158 0.254369 
31359 -0.185312 0.417818 
31360 -0.0145363 -0.230355 
31361 -0.0164473 -0.0689778 
31362 -0.018351 0.0930291 
31363 -0.0203103 0.255739 
31364 -0.0222163 0.41903 
31365 0.146652 -0.227813 
31366 0.145115 -0.0667866 
31367 0.143407 0.0947457 
31368 0.141796 0.256966 
31369 0.140152 0.419779 
31370 0.307187 -0.225327 
31371 0.305756 -0.0647556 
31372 0.304404 0.0964487 
31373 0.303078 0.25838 
31374 0.301603 0.420652 
31375 -0.340458 -0.232406 
31376 -0.343223 -0.0710977 
31377 -0.346078 0.0911286 
31378 -0.349003 0.254131 
31379 -0.351975 0.417745 
31380 -0.178399 -0.229672 
31381 -0.180667 -0.0685762 
31382 -0.183223 0.0931135 
31383 -0.185872 0.255611 
31384 -0.188338 0.418738 
31385 -0.0168134 -0.226805 
31386 -0.0190371 -0.0662723 
31387 -0.021384 0.0950511 
31388 -0.0234744 0.25698 
31389 -0.0258369 0.419684 
31390 0.143536 -0.223969 
31391 0.141601 -0.0638546 
31392 0.139741 0.0969327 
31393 0.13788 0.258422 
31394 0.136035 0.420546 
31395 0.302854 -0.221228 
31396 0.301215 -0.0614792 
31397 0.29977 0.0988612 
31398 0.298191 0.259886 
31399 0.296732 0.421441 
31400 -0.341573 -0.229745 
31401 -0.344802 -0.0689544 
31402 -0.347854 0.0928139 
31403 -0.351096 0.255181 
31404 -0.354519 0.418214 
31405 -0.179917 -0.226508 
31406 -0.182674 -0.0661376 
31407 -0.18554 0.0948242 
31408 -0.188367 0.256677 
31409 -0.191239 0.419346 
31410 -0.0194093 -0.223303 
31411 -0.0218346 -0.0635135 
31412 -0.0241534 0.0969133 
31413 -0.0267169 0.258364 
31414 -0.0291361 0.42045 
31415 0.140121 -0.220247 
31416 0.138045 -0.0609161 
31417 0.136009 0.0991203 
31418 0.133821 0.26001 
31419 0.131815 0.421486 
31420 0.298522 -0.217021 
31421 0.296855 -0.0582206 
31422 0.29524 0.101278 
31423 0.293502 0.261435 
31424 0.291731 0.42254 
31425 -0.342653 -0.226614 
31426 -0.346205 -0.0665146 
31427 -0.349683 0.0943136 
31428 -0.353357 0.256311 
31429 -0.356957 0.419052 
31430 -0.181649 -0.223135 
31431 -0.184648 -0.0637145 
31432 -0.187761 0.0967765 
31433 -0.190993 0.258006 
31434 -0.194164 0.42023 
31435 -0.021968 -0.219677 
31436 -0.0244379 -0.0606877 
31437 -0.0272041 0.0989038 
31438 -0.0299527 0.259893 
31439 -0.0325771 0.421341 
31440 0.136725 -0.216278 
31441 0.134474 -0.0578372 
31442 0.132344 0.101326 
31443 0.130015 0.261484 
31444 0.127847 0.422515 
31445 0.294204 -0.212713 
31446 0.292434 -0.0551262 
31447 0.29072 0.103673 
31448 0.288817 0.263206 
31449 0.287033 0.423585 
31450 -0.343845 -0.223548 
31451 -0.34768 -0.0640082 
31452 -0.351461 0.0961317 
31453 -0.355355 0.257596 
31454 -0.359282 0.420078 
31455 -0.183478 -0.219736 
31456 -0.186909 -0.0609385 
31457 -0.19024 0.0985874 
31458 -0.193484 0.259491 
31459 -0.197 0.421229 
31460 -0.0243796 -0.216156 
31461 -0.0274121 -0.0579254 
31462 -0.030005 0.101266 
31463 -0.0330569 0.261434 
31464 -0.0359205 0.422387 
31465 0.133384 -0.212404 
31466 0.131049 -0.0548275 
31467 0.12871 0.103591 
31468 0.12625 0.263063 
31469 0.123868 0.423647 
31470 0.289934 -0.208781 
31471 0.287957 -0.0518458 
31472 0.286096 0.106091 
31473 0.284305 0.26486 
31474 0.282223 0.4247 
31475 -0.34485 -0.22037 
31476 -0.349139 -0.0616869 
31477 -0.353309 0.0980793 
31478 -0.35769 0.258927 
31479 -0.361944 0.421044 
31480 -0.185264 -0.216373 
31481 -0.188884 -0.0583713 
31482 -0.192342 0.10072 
31483 -0.196115 0.260894 
31484 -0.199812 0.422188 
31485 -0.026986 -0.212557 
31486 -0.0300545 -0.0551247 
31487 -0.0331274 0.103367 
31488 -0.036184 0.262945 
31489 -0.0392884 0.423339 
31490 0.129869 -0.208541 
31491 0.127558 -0.0517845 
31492 0.124939 0.105945 
31493 0.122415 0.26469 
31494 0.119809 0.424668 
31495 0.285582 -0.204555 
31496 0.283585 -0.0485362 
31497 0.281711 0.1085 
31498 0.27964 0.266532 
31499 0.277708 0.42581 
31500 -0.346119 -0.217236 
31501 -0.350746 -0.0592721 
31502 -0.354999 0.100043 
31503 -0.359624 0.260462 
31504 -0.364097 0.42211 
31505 -0.187015 -0.213081 
31506 -0.190856 -0.0556091 
31507 -0.194747 0.102746 
31508 -0.198686 0.262354 
31509 -0.202537 0.423308 
31510 -0.0294694 -0.208893 
31511 -0.0326671 -0.0522159 
31512 -0.0359905 0.105487 
31513 -0.0391869 0.264354 
31514 -0.0424113 0.424701 
31515 0.126608 -0.204679 
31516 0.124069 -0.0488219 
31517 0.121355 0.108236 
31518 0.118713 0.26643 
31519 0.115961 0.42566 
31520 0.281153 -0.200423 
31521 0.27925 -0.04538 
31522 0.277226 0.11092 
31523 0.275197 0.268139 
31524 0.273071 0.427066 
31525 -0.347339 -0.214018 
31526 -0.352157 -0.056559 
31527 -0.356948 0.102067 
31528 -0.361767 0.262092 
31529 -0.366477 0.423297 
31530 -0.188984 -0.209428 
31531 -0.192963 -0.0529549 
31532 -0.196914 0.1049 
31533 -0.201105 0.264082 
31534 -0.205333 0.424542 
31535 -0.0320792 -0.204945 
31536 -0.0354967 -0.0493555 
31537 -0.0387497 0.107733 
31538 -0.0423357 0.266109 
31539 -0.0457374 0.425789 
31540 0.123282 -0.200709 
31541 0.120487 -0.0456885 
31542 0.117827 0.110395 
31543 0.114991 0.268097 
31544 0.112356 0.426985 
31545 0.276924 -0.19629 
31546 0.274967 -0.0421387 
31547 0.272784 0.113217 
31548 0.270708 0.270092 
31549 0.26863 0.428019 
31550 -0.348636 -0.210555 
31551 -0.35372 -0.0540424 
31552 -0.358788 0.104214 
31553 -0.363815 0.263639 
31554 -0.368875 0.42457 
31555 -0.190821 -0.205961 
31556 -0.194945 -0.0500487 
31557 -0.199168 0.106972 
31558 -0.203521 0.265693 
31559 -0.207882 0.425845 
31560 -0.0346788 -0.201351 
31561 -0.0381124 -0.0464603 
31562 -0.0415294 0.109922 
31563 -0.045131 0.26776 
31564 -0.0487646 0.42697 
31565 0.119843 -0.196806 
31566 0.116939 -0.0427367 
31567 0.114277 0.112818 
31568 0.111424 0.269725 
31569 0.108649 0.428124 
31570 0.272633 -0.192318 
31571 0.2705 -0.0390852 
31572 0.268531 0.115711 
31573 0.266395 0.271818 
31574 0.264216 0.429452 
31575 -0.350008 -0.207151 
31576 -0.355267 -0.0513265 
31577 -0.36052 0.106172 
31578 -0.365727 0.265314 
31579 -0.371043 0.425999 
31580 -0.192607 -0.202345 
31581 -0.196995 -0.047232 
31582 -0.201451 0.109235 
31583 -0.205876 0.267439 
31584 -0.210671 0.427124 
31585 -0.0371984 -0.197733 
31586 -0.0408274 -0.0434251 
31587 -0.0445289 0.112235 
31588 -0.0481431 0.269395 
31589 -0.0517269 0.428226 
31590 0.116374 -0.192951 
31591 0.113595 -0.0396242 
31592 0.110771 0.115236 
31593 0.107957 0.271505 
31594 0.105076 0.429505 
31595 0.268391 -0.18848 
31596 0.266178 -0.0359019 
31597 0.264065 0.118057 
31598 0.262187 0.273471 
31599 0.259961 0.430452 
31600 -0.351374 -0.203734 
31601 -0.356641 -0.0485409 
31602 -0.362199 0.108482 
31603 -0.367716 0.267101 
31604 -0.373295 0.4275 
31605 -0.194618 -0.198871 
31606 -0.199078 -0.0444851 
31607 -0.203641 0.111534 
31608 -0.208385 0.269199 
31609 -0.213013 0.428476 
31610 -0.0400149 -0.193847 
31611 -0.0436096 -0.040568 
31612 -0.0471363 0.11445 
31613 -0.0510924 0.271283 
31614 -0.0548134 0.429634 
31615 0.113048 -0.189057 
31616 0.110095 -0.0366693 
31617 0.107279 0.117473 
31618 0.104482 0.273213 
31619 0.101334 0.43068 
31620 0.264162 -0.184212 
31621 0.261993 -0.032898 
31622 0.259956 0.120382 
31623 0.257706 0.275141 
31624 0.255725 0.431588 
31625 -0.352771 -0.200304 
31626 -0.358402 -0.045675 
31627 -0.363898 0.110674 
31628 -0.369623 0.268955 
31629 -0.375427 0.429051 
31630 -0.196564 -0.195268 
31631 -0.201507 -0.0416491 
31632 -0.206031 0.11383 
31633 -0.210723 0.270807 
31634 -0.215604 0.43 
31635 -0.0425341 -0.190259 
31636 -0.0463971 -0.0376307 
31637 -0.0498485 0.116811 
31638 -0.0538993 0.272997 
31639 -0.0576853 0.431047 
31640 0.109598 -0.185224 
31641 0.10673 -0.0336707 
31642 0.103951 0.119808 
31643 0.10099 0.274966 
31644 0.0978524 0.4318 
31645 0.259862 -0.180366 
31646 0.257675 -0.0296871 
31647 0.255791 0.122818 
31648 0.253706 0.276833 
31649 0.251588 0.432728 
31650 -0.354238 -0.19687 
31651 -0.359976 -0.0427333 
31652 -0.365692 0.113002 
31653 -0.371622 0.270851 
31654 -0.377511 0.430695 
31655 -0.198675 -0.191685 
31656 -0.203479 -0.0387816 
31657 -0.208199 0.116117 
31658 -0.213121 0.272793 
31659 -0.218064 0.431518 
31660 -0.0452233 -0.186593 
31661 -0.0489992 -0.0345547 
31662 -0.0528031 0.119207 
31663 -0.0567359 0.274825 
31664 -0.0607457 0.432423 
31665 0.10623 -0.181503 
31666 0.10336 -0.0305265 
31667 0.100526 0.121999 
31668 0.0975032 0.276654 
31669 0.0944645 0.433225 
31670 0.25547 -0.17651 
31671 0.253587 -0.026624 
31672 0.251517 0.124946 
31673 0.249416 0.278521 
31674 0.247446 0.43395 
31675 -0.355626 -0.193338 
31676 -0.361592 -0.0398998 
31677 -0.367567 0.115401 
31678 -0.373536 0.272807 
31679 -0.379557 0.43226 
31680 -0.20071 -0.188022 
31681 -0.205516 -0.0357535 
31682 -0.210364 0.118424 
31683 -0.215349 0.27471 
31684 -0.220466 0.433009 
31685 -0.0478066 -0.1829 
31686 -0.051678 -0.0316633 
31687 -0.0556876 0.12135 
31688 -0.0595866 0.27645 
31689 -0.0633628 0.433757 
31690 0.102723 -0.177866 
31691 0.099824 -0.0276972 
31692 0.0970783 0.124427 
31693 0.0941744 0.278367 
31694 0.0909734 0.434405 
31695 0.251233 -0.17286 
31696 0.24929 -0.0237675 
31697 0.247429 0.127213 
31698 0.245558 0.280093 
31699 0.243481 0.435117 
