2520 -0.333415 -0.216614 
2521 -0.333342 -0.0171475 
2522 -0.333599 0.183361 
2523 -0.333476 0.383759 
2524 -0.166473 -0.216878 
2525 -0.166232 -0.0167694 
2526 -0.166422 0.183737 
2527 -0.166494 0.383691 
2528 0.000287328 -0.216455 
2529 0.000101447 -0.0165059 
2530 0.00023939 0.183206 
2531 0.00020836 0.383653 
2532 0.166419 -0.21637 
2533 0.166477 -0.0166977 
2534 0.166963 0.183301 
2535 0.166832 0.383546 
2536 0.333792 -0.217123 
2537 0.333459 -0.0166031 
2538 0.333138 0.183462 
2539 0.333064 0.382882 
2540 -0.324388 -0.195568 
2541 -0.325152 -0.0117589 
2542 -0.325396 0.17185 
2543 -0.325836 0.35591 
2544 -0.171561 -0.195208 
2545 -0.172273 -0.0122527 
2546 -0.171898 0.172219 
2547 -0.17242 0.355139 
2548 -0.0187419 -0.195248 
2549 -0.0186777 -0.0114657 
2550 -0.019524 0.171985 
2551 -0.0190621 0.355556 
2552 0.133815 -0.194244 
2553 0.134304 -0.0110799 
2554 0.133743 0.172272 
2555 0.133714 0.355829 
2556 0.286734 -0.194339 
2557 0.286366 -0.0113532 
2558 0.286287 0.171557 
2559 0.286552 0.355876 
2560 -0.3175 -0.177123 
2561 -0.319098 -0.00775801 
2562 -0.319508 0.162489 
2563 -0.320317 0.333019 
2564 -0.176311 -0.176959 
2565 -0.177023 -0.00730317 
2566 -0.177621 0.16256 
2567 -0.177751 0.332638 
2568 -0.0353675 -0.176124 
2569 -0.0353121 -0.0072187 
2570 -0.0354976 0.162222 
2571 -0.0360927 0.33298 
2572 0.106301 -0.175968 
2573 0.105925 -0.00686676 
2574 0.105343 0.162656 
2575 0.104753 0.33285 
2576 0.246828 -0.175224 
2577 0.246463 -0.00628839 
2578 0.245751 0.162643 
2579 0.24539 0.332755 
2580 -0.312677 -0.16103 
2581 -0.313082 -0.00347216 
2582 -0.314332 0.155189 
2583 -0.314993 0.31314 
2584 -0.180595 -0.160048 
2585 -0.181795 -0.00290921 
2586 -0.18198 0.15492 
2587 -0.183124 0.313188 
2588 -0.0489636 -0.159153 
2589 -0.0502177 -0.00276538 
2590 -0.0502898 0.154757 
2591 -0.0509734 0.312728 
2592 0.0819336 -0.158905 
2593 0.0811678 -0.0017335 
2594 0.0811263 0.155664 
2595 0.0803179 0.313317 
2596 0.21192 -0.157478 
2597 0.211304 -0.00112822 
2598 0.210845 0.155373 
2599 0.210871 0.312627 
2600 -0.307887 -0.146586 
2601 -0.309582 0.000339452 
2602 -0.310739 0.148788 
2603 -0.311407 0.297399 
2604 -0.185 -0.145629 
2605 -0.185623 0.00187819 
2606 -0.187033 0.148904 
2607 -0.187854 0.296752 
2608 -0.0620018 -0.145023 
2609 -0.0624482 0.00201422 
2610 -0.0632016 0.149231 
2611 -0.0642129 0.297037 
2612 0.0599161 -0.143374 
2613 0.0599157 0.00224722 
2614 0.0586831 0.149633 
2615 0.0583678 0.296825 
2616 0.181821 -0.142367 
2617 0.181252 0.0032681 
2618 0.180497 0.149895 
2619 0.180571 0.296847 
2620 -0.304883 -0.133382 
2621 -0.306066 0.00535813 
2622 -0.307488 0.143818 
2623 -0.308251 0.283093 
2624 -0.188517 -0.132684 
2625 -0.189338 0.00598096 
2626 -0.190677 0.144171 
2627 -0.191469 0.283269 
2628 -0.0733734 -0.131327 
2629 -0.074509 0.00677766 
2630 -0.0751856 0.14412 
2631 -0.0761196 0.282592 
2632 0.0416457 -0.1302 
2633 0.040604 0.00659641 
2634 0.0394806 0.144342 
2635 0.0395569 0.282615 
2636 0.154683 -0.129149 
2637 0.15494 0.00804296 
2638 0.154184 0.144416 
2639 0.153264 0.282862 
2640 -0.301353 -0.121726 
2641 -0.302714 0.00874249 
2642 -0.304378 0.139995 
2643 -0.30588 0.271787 
2644 -0.191869 -0.12027 
2645 -0.193973 0.00930832 
2646 -0.195097 0.140267 
2647 -0.195884 0.27135 
2648 -0.0839961 -0.119071 
2649 -0.0851506 0.0107755 
2650 -0.0853694 0.140382 
2651 -0.086603 0.270655 
2652 0.0240696 -0.11822 
2653 0.0230094 0.0111145 
2654 0.0225177 0.140515 
2655 0.0212187 0.271051 
2656 0.130738 -0.116395 
2657 0.130372 0.0117288 
2658 0.130124 0.141312 
2659 0.129066 0.270448 
2660 -0.299029 -0.110089 
2661 -0.300802 0.0128872 
2662 -0.302076 0.13649 
2663 -0.303976 0.261006 
2664 -0.195987 -0.108566 
2665 -0.197114 0.0142571 
2666 -0.198872 0.137335 
2667 -0.199481 0.260915 
2668 -0.0933656 -0.108066 
2669 -0.0939913 0.0140667 
2670 -0.0953813 0.137826 
2671 -0.0960215 0.261308 
2672 0.00849466 -0.106879 
2673 0.00759555 0.0147986 
2674 0.00684481 0.137803 
2675 0.00621528 0.26062 
2676 0.109873 -0.105061 
2677 0.109395 0.0162093 
2678 0.108544 0.13791 
2679 0.107688 0.260219 
2680 -0.298003 -0.099322 
2681 -0.298701 0.0173776 
2682 -0.301 0.134605 
2683 -0.302208 0.252391 
2684 -0.1994 -0.0983126 
2685 -0.200691 0.0178647 
2686 -0.202148 0.134878 
2687 -0.203307 0.252691 
2688 -0.101968 -0.0977598 
2689 -0.103752 0.0182051 
2690 -0.10445 0.134728 
2691 -0.104988 0.252173 
2692 -0.00570713 -0.0964772 
2693 -0.0067449 0.0192376 
2694 -0.00708226 0.135061 
2695 -0.00778157 0.251622 
2696 0.0897082 -0.0955197 
2697 0.0894986 0.0197122 
2698 0.089261 0.135642 
2699 0.0885782 0.251478 
2700 -0.296426 -0.0899402 
2701 -0.297649 0.0208966 
2702 -0.299175 0.132995 
2703 -0.300992 0.245146 
2704 -0.2027 -0.0890299 
2705 -0.204361 0.0221283 
2706 -0.205761 0.132925 
2707 -0.20686 0.244919 
2708 -0.110405 -0.0874053 
2709 -0.111171 0.0222592 
2710 -0.112809 0.132556 
2711 -0.114254 0.244028 
2712 -0.0188175 -0.0866797 
2713 -0.0193505 0.0228329 
2714 -0.0201621 0.133218 
2715 -0.0217232 0.244336 
2716 0.0718098 -0.0850298 
2717 0.0711571 0.0239621 
2718 0.0710166 0.133109 
2719 0.0708223 0.244231 
2720 -0.295714 -0.0808232 
2721 -0.296455 0.02485 
2722 -0.299023 0.131518 
2723 -0.299855 0.238205 
2724 -0.20586 -0.0797461 
2725 -0.207998 0.0254452 
2726 -0.20908 0.131148 
2727 -0.21071 0.237515 
2728 -0.117805 -0.0789664 
2729 -0.118766 0.0265926 
2730 -0.120345 0.131641 
2731 -0.121532 0.237537 
2732 -0.0305444 -0.0780416 
2733 -0.0320559 0.0266722 
2734 -0.0327463 0.131948 
2735 -0.0331647 0.237541 
2736 0.056284 -0.0760294 
2737 0.0549984 0.0274338 
2738 0.05481 0.132248 
2739 0.0539205 0.2373 
2740 -0.294645 -0.0725713 
2741 -0.296774 0.0286925 
2742 -0.297576 0.130331 
2743 -0.299994 0.232548 
2744 -0.210039 -0.0712878 
2745 -0.210632 0.0293607 
2746 -0.212699 0.130955 
2747 -0.21325 0.232387 
2748 -0.125765 -0.070047 
2749 -0.126176 0.0299423 
2750 -0.127719 0.130341 
2751 -0.128475 0.231819 
2752 -0.0416866 -0.0687515 
2753 -0.0428218 0.0300816 
2754 -0.0432973 0.130648 
2755 -0.0446888 0.231969 
2756 0.0410019 -0.0683849 
2757 0.0404022 0.0315438 
2758 0.0393105 0.130931 
2759 0.0393904 0.231619 
2760 -0.294514 -0.0643687 
2761 -0.295478 0.0323419 
2762 -0.297227 0.129425 
2763 -0.29936 0.227882 
2764 -0.212531 -0.0631699 
2765 -0.213971 0.0333362 
2766 -0.215119 0.130232 
2767 -0.217152 0.22742 
2768 -0.131867 -0.0624348 
2769 -0.133318 0.0337264 
2770 -0.134667 0.129704 
2771 -0.135351 0.226402 
2772 -0.0519757 -0.0615086 
2773 -0.0532902 0.0340801 
2774 -0.0536734 0.130496 
2775 -0.0553245 0.226873 
2776 0.0269365 -0.0597681 
2777 0.0258296 0.0345491 
2778 0.0256 0.130465 
2779 0.0250463 0.22623 
2780 -0.294132 -0.056977 
2781 -0.295765 0.036238 
2782 -0.297596 0.129509 
2783 -0.299423 0.223643 
2784 -0.216478 -0.0559283 
2785 -0.217213 0.0369194 
2786 -0.218908 0.129177 
2787 -0.219597 0.223102 
2788 -0.138303 -0.0545011 
2789 -0.140169 0.0375149 
2790 -0.141083 0.129981 
2791 -0.14164 0.222855 
2792 -0.061578 -0.054094 
2793 -0.0629645 0.0375486 
2794 -0.0640849 0.129282 
2795 -0.064674 0.221692 
2796 0.0140575 -0.0523331 
2797 0.0132806 0.0377723 
2798 0.0127013 0.129406 
2799 0.0119597 0.221678 
2800 -0.294518 -0.0496498 
2801 -0.295793 0.0399055 
2802 -0.297451 0.129251 
2803 -0.299347 0.219309 
2804 -0.219557 -0.0481722 
2805 -0.220023 0.0402166 
2806 -0.221694 0.129175 
2807 -0.222638 0.219174 
2808 -0.14458 -0.0478794 
2809 -0.14557 0.0410467 
2810 -0.146435 0.129503 
2811 -0.147746 0.218585 
2812 -0.0715378 -0.0461895 
2813 -0.0721903 0.0415484 
2814 -0.0731 0.128918 
2815 -0.0734939 0.21814 
2816 0.00150064 -0.0458992 
2817 0.000740192 0.0416741 
2818 0.000407135 0.129679 
2819 -0.000446515 0.217682 
2820 -0.294447 -0.0423485 
2821 -0.296152 0.0428521 
2822 -0.297212 0.129155 
2823 -0.29938 0.216072 
2824 -0.222646 -0.0412087 
2825 -0.223429 0.0433234 
2826 -0.224686 0.129874 
2827 -0.226207 0.216394 
2828 -0.150342 -0.0409193 
2829 -0.152158 0.0442844 
2830 -0.153047 0.129637 
2831 -0.154204 0.215044 
2832 -0.0796493 -0.0400832 
2833 -0.080421 0.0443504 
2834 -0.0813064 0.128906 
2835 -0.0826303 0.214491 
2836 -0.0098339 -0.0391327 
2837 -0.0105655 0.044581 
2838 -0.0104637 0.129428 
2839 -0.0118604 0.213799 
2840 -0.295247 -0.0361486 
2841 -0.296651 0.0472813 
2842 -0.297888 0.129818 
2843 -0.299812 0.213317 
2844 -0.224999 -0.0348279 
2845 -0.226654 0.0471556 
2846 -0.227605 0.129321 
2847 -0.228912 0.213214 
2848 -0.156025 -0.0344592 
2849 -0.157544 0.0478885 
2850 -0.158587 0.129962 
2851 -0.159453 0.2121 
2852 -0.0878693 -0.0334205 
2853 -0.0885397 0.047367 
2854 -0.089296 0.129813 
2855 -0.0899152 0.211928 
2856 -0.0206878 -0.0322822 
2857 -0.0214988 0.0475254 
2858 -0.0215486 0.12972 
2859 -0.0224135 0.210808 
2860 -0.296066 -0.0290682 
2861 -0.297443 0.0502332 
2862 -0.298617 0.130653 
2863 -0.299743 0.211055 
2864 -0.228641 -0.0290642 
2865 -0.22934 0.0509592 
2866 -0.230967 0.130361 
2867 -0.231383 0.210496 
2868 -0.162049 -0.0281443 
2869 -0.16311 0.0503039 
2870 -0.163599 0.130141 
2871 -0.164316 0.209474 
2872 -0.0959715 -0.0278598 
2873 -0.0965491 0.0512621 
2874 -0.0973078 0.129477 
2875 -0.098315 0.209341 
2876 -0.0313345 -0.0272037 
2877 -0.0316256 0.0512176 
2878 -0.0312495 0.129807 
2879 -0.0323863 0.208802 
2880 -0.296391 -0.0229808 
2881 -0.297747 0.0536628 
2882 -0.299173 0.131399 
2883 -0.300245 0.209099 
2884 -0.231287 -0.0230628 
2885 -0.232485 0.0536853 
2886 -0.233456 0.131176 
2887 -0.234951 0.20862 
2888 -0.167034 -0.0224109 
2889 -0.167847 0.053855 
2890 -0.168489 0.130695 
2891 -0.170049 0.207737 
2892 -0.103614 -0.0212334 
2893 -0.104308 0.0539437 
2894 -0.104875 0.130243 
2895 -0.104959 0.206538 
2896 -0.0405596 -0.0207204 
2897 -0.0414494 0.0536718 
2898 -0.0414386 0.130326 
2899 -0.0413704 0.20619 
2900 -0.297869 -0.017177 
2901 -0.298545 0.0573192 
2902 -0.299876 0.132166 
2903 -0.301069 0.20736 
2904 -0.234405 -0.017098 
2905 -0.235832 0.0565518 
2906 -0.236292 0.131517 
2907 -0.237947 0.206323 
2908 -0.172635 -0.0166087 
2909 -0.172656 0.0567846 
2910 -0.173416 0.131004 
2911 -0.174618 0.206146 
2912 -0.111165 -0.0159462 
2913 -0.111352 0.0573244 
2914 -0.112103 0.131006 
2915 -0.112093 0.204965 
2916 -0.0500097 -0.015554 
2917 -0.0497028 0.0571121 
2918 -0.0504208 0.130798 
2919 -0.050835 0.203753 
