31725 -0.333294 -0.249975 
31726 -0.333366 -0.0833502 
31727 -0.333299 0.0833034 
31728 -0.333452 0.250076 
31729 -0.333269 0.416674 
31730 -0.166708 -0.249975 
31731 -0.16674 -0.083338 
31732 -0.166682 0.0833117 
31733 -0.166762 0.249972 
31734 -0.16669 0.416569 
31735 3.23721e-06 -0.250064 
31736 -2.05724e-05 -0.0833451 
31737 2.66186e-06 0.0833679 
31738 3.08208e-05 0.250155 
31739 -8.53812e-05 0.416664 
31740 0.166801 -0.25002 
31741 0.166667 -0.0832919 
31742 0.166695 0.0833972 
31743 0.166659 0.250062 
31744 0.166729 0.416608 
31745 0.333332 -0.249972 
31746 0.333407 -0.0832706 
31747 0.333348 0.0833354 
31748 0.333364 0.250048 
31749 0.333303 0.416626 
31750 -0.334886 -0.245921 
31751 -0.334917 -0.0799931 
31752 -0.334988 0.0859765 
31753 -0.335182 0.252233 
31754 -0.335251 0.418478 
31755 -0.168776 -0.245921 
31756 -0.168913 -0.0800617 
31757 -0.168908 0.0859844 
31758 -0.168909 0.25202 
31759 -0.168994 0.418213 
31760 -0.00299251 -0.245882 
31761 -0.00295571 -0.0799518 
31762 -0.00286747 0.0858716 
31763 -0.00285571 0.251779 
31764 -0.00285747 0.417968 
31765 0.16253 -0.245743 
31766 0.162759 -0.0799866 
31767 0.162978 0.0857454 
31768 0.163051 0.251815 
31769 0.163159 0.417786 
31770 0.328224 -0.245673 
31771 0.328356 -0.0800496 
31772 0.32846 0.0858298 
31773 0.328792 0.251535 
31774 0.329037 0.417577 
31775 -0.336092 -0.241897 
31776 -0.336412 -0.0768064 
31777 -0.336555 0.0885932 
31778 -0.33681 0.254164 
31779 -0.337051 0.420244 
31780 -0.170909 -0.241538 
31781 -0.170998 -0.0768089 
31782 -0.171046 0.0884282 
31783 -0.171131 0.254096 
31784 -0.171112 0.41973 
31785 -0.00599026 -0.241627 
31786 -0.00589236 -0.0767891 
31787 -0.00583662 0.0884 
31788 -0.0056934 0.253714 
31789 -0.00561235 0.419381 
31790 0.15886 -0.241376 
31791 0.158915 -0.0767014 
31792 0.159133 0.0882253 
31793 0.159479 0.253215 
31794 0.159608 0.418893 
31795 0.323233 -0.241409 
31796 0.323562 -0.0767947 
31797 0.323953 0.0880811 
31798 0.324249 0.252955 
31799 0.324634 0.418483 
31800 -0.337861 -0.237724 
31801 -0.337842 -0.0734842 
31802 -0.33828 0.0912621 
31803 -0.338373 0.256387 
31804 -0.338933 0.42194 
31805 -0.17317 -0.237504 
31806 -0.173169 -0.0733585 
31807 -0.173275 0.0910276 
31808 -0.173258 0.256 
31809 -0.173367 0.42122 
31810 -0.00896527 -0.237506 
31811 -0.00893563 -0.0735198 
31812 -0.00868427 0.0908172 
31813 -0.00840458 0.25537 
31814 -0.00835532 0.420667 
31815 0.154792 -0.237321 
31816 0.155165 -0.0735631 
31817 0.155695 0.090537 
31818 0.155916 0.254957 
31819 0.156178 0.419878 
31820 0.318176 -0.23701 
31821 0.318787 -0.0737053 
31822 0.319386 0.0903603 
31823 0.319755 0.254471 
31824 0.320467 0.419244 
31825 -0.339344 -0.233619 
31826 -0.339678 -0.0701215 
31827 -0.339873 0.0938856 
31828 -0.340248 0.25863 
31829 -0.340529 0.423771 
31830 -0.17525 -0.233609 
31831 -0.175363 -0.0702868 
31832 -0.175429 0.0936103 
31833 -0.175506 0.257911 
31834 -0.175553 0.422735 
31835 -0.01208 -0.23333 
31836 -0.0117596 -0.0704275 
31837 -0.0115365 0.0930796 
31838 -0.0113333 0.257284 
31839 -0.0109984 0.421828 
31840 0.150792 -0.233227 
31841 0.151399 -0.0705145 
31842 0.151879 0.0926873 
31843 0.152477 0.256526 
31844 0.152939 0.420792 
31845 0.313223 -0.233027 
31846 0.313935 -0.0706499 
31847 0.314684 0.0924324 
31848 0.315572 0.256031 
31849 0.316263 0.420047 
31850 -0.340932 -0.229553 
31851 -0.341207 -0.0668668 
31852 -0.341516 0.0967746 
31853 -0.341927 0.260623 
31854 -0.342221 0.425538 
31855 -0.177568 -0.229397 
31856 -0.177633 -0.0670636 
31857 -0.177545 0.0959999 
31858 -0.177523 0.259825 
31859 -0.177646 0.424289 
31860 -0.0152204 -0.229431 
31861 -0.0146223 -0.0673817 
31862 -0.0142329 0.0954622 
31863 -0.0140438 0.258908 
31864 -0.0136623 0.423022 
31865 0.146669 -0.229239 
31866 0.147503 -0.0674768 
31867 0.148301 0.0949189 
31868 0.149038 0.257985 
31869 0.149667 0.421799 
31870 0.308082 -0.229029 
31871 0.309194 -0.0677576 
31872 0.310039 0.0943891 
31873 0.311363 0.257088 
31874 0.312268 0.420715 
31875 -0.342567 -0.225517 
31876 -0.342839 -0.0636578 
31877 -0.343145 0.099341 
31878 -0.343508 0.262891 
31879 -0.343883 0.427469 
31880 -0.179855 -0.225559 
31881 -0.179883 -0.0639798 
31882 -0.179849 0.0984316 
31883 -0.179605 0.2618 
31884 -0.179669 0.425806 
31885 -0.0180975 -0.225332 
31886 -0.0177004 -0.0642253 
31887 -0.0172528 0.097877 
31888 -0.0166865 0.260546 
31889 -0.0161342 0.424288 
31890 0.142889 -0.225349 
31891 0.143671 -0.0645497 
31892 0.144718 0.0970557 
31893 0.145497 0.259529 
31894 0.14633 0.422702 
31895 0.303302 -0.225165 
31896 0.304382 -0.0649709 
31897 0.305623 0.0963881 
31898 0.306944 0.258411 
31899 0.308214 0.42111 
31900 -0.344199 -0.221516 
31901 -0.344618 -0.0604435 
31902 -0.344806 0.101839 
31903 -0.345133 0.265001 
31904 -0.345376 0.429025 
31905 -0.182107 -0.221689 
31906 -0.182177 -0.0607817 
31907 -0.181921 0.100954 
31908 -0.181889 0.263488 
31909 -0.181577 0.427176 
31910 -0.0212602 -0.2216 
31911 -0.0205743 -0.0612118 
31912 -0.0200241 0.0999835 
31913 -0.0193876 0.262205 
31914 -0.0187038 0.425427 
31915 0.138939 -0.221723 
31916 0.140056 -0.0616105 
31917 0.141109 0.0990248 
31918 0.14218 0.260963 
31919 0.14325 0.423447 
31920 0.298104 -0.221591 
31921 0.299785 -0.0620655 
31922 0.301232 0.0983225 
31923 0.302699 0.259595 
31924 0.304323 0.421591 
31925 -0.34586 -0.217757 
31926 -0.346064 -0.0571851 
31927 -0.34649 0.104444 
31928 -0.346715 0.267056 
31929 -0.347086 0.430769 
31930 -0.18459 -0.217796 
31931 -0.184182 -0.0578812 
31932 -0.184121 0.103157 
31933 -0.183805 0.26551 
31934 -0.183705 0.428508 
31935 -0.0242428 -0.217828 
31936 -0.023411 -0.0584061 
31937 -0.0227026 0.102147 
31938 -0.0218362 0.26364 
31939 -0.0211714 0.426402 
31940 0.134998 -0.217913 
31941 0.136267 -0.0589936 
31942 0.137544 0.101062 
31943 0.138919 0.262163 
31944 0.140099 0.424204 
31945 0.293339 -0.21812 
31946 0.295094 -0.0595745 
31947 0.296711 0.0999091 
31948 0.298648 0.260485 
31949 0.300503 0.422034 
31950 -0.347615 -0.213797 
31951 -0.347912 -0.0539819 
31952 -0.348037 0.106911 
31953 -0.348232 0.26916 
31954 -0.348436 0.432483 
31955 -0.187036 -0.213914 
31956 -0.18657 -0.0547264 
31957 -0.186156 0.105635 
31958 -0.18585 0.267225 
31959 -0.185475 0.429924 
31960 -0.0273525 -0.214228 
31961 -0.0263879 -0.0555247 
31962 -0.0254382 0.104231 
31963 -0.0246145 0.265378 
31964 -0.0234896 0.427506 
31965 0.130954 -0.21437 
31966 0.132525 -0.0562518 
31967 0.133965 0.102879 
31968 0.135604 0.263226 
31969 0.13718 0.424852 
31970 0.288302 -0.214529 
31971 0.290391 -0.0570311 
31972 0.292402 0.101641 
31973 0.294448 0.261307 
31974 0.296647 0.422455 
31975 -0.349481 -0.209938 
31976 -0.349488 -0.0509363 
31977 -0.349677 0.109586 
31978 -0.349804 0.271153 
31979 -0.349958 0.434193 
31980 -0.18935 -0.210347 
31981 -0.188805 -0.0518221 
31982 -0.18823 0.107953 
31983 -0.187895 0.269038 
31984 -0.187228 0.431179 
31985 -0.030644 -0.210565 
31986 -0.0294418 -0.0526903 
31987 -0.0282549 0.10627 
31988 -0.0270757 0.266764 
31989 -0.0259627 0.428304 
31990 0.126995 -0.210969 
31991 0.128858 -0.0537675 
31992 0.130559 0.104783 
31993 0.132362 0.264469 
31994 0.134077 0.425502 
31995 0.283219 -0.211321 
31996 0.285712 -0.0545787 
31997 0.288083 0.103321 
31998 0.290479 0.26221 
31999 0.292823 0.422576 
32000 -0.351221 -0.206287 
32001 -0.351299 -0.0477488 
32002 -0.3513 0.112019 
32003 -0.351315 0.273162 
32004 -0.351245 0.435918 
32005 -0.191927 -0.206764 
32006 -0.191141 -0.0489573 
32007 -0.190385 0.110172 
32008 -0.189702 0.270567 
32009 -0.189126 0.43237 
32010 -0.0336458 -0.207229 
32011 -0.0324667 -0.0500821 
32012 -0.0310102 0.108214 
32013 -0.0297396 0.268167 
32014 -0.0282949 0.429213 
32015 0.123079 -0.207676 
32016 0.124982 -0.0513804 
32017 0.127035 0.106459 
32018 0.1291 0.265465 
32019 0.131156 0.42594 
32020 0.278478 -0.208052 
32021 0.281043 -0.0524424 
32022 0.283715 0.104574 
32023 0.286508 0.262931 
32024 0.289044 0.42266 
32025 -0.353143 -0.202622 
32026 -0.352994 -0.0446879 
32027 -0.352874 0.1146 
32028 -0.352683 0.275063 
32029 -0.352614 0.437342 
32030 -0.194231 -0.203167 
32031 -0.193279 -0.0461982 
32032 -0.192451 0.11241 
32033 -0.191641 0.272122 
32034 -0.190842 0.433589 
32035 -0.0369167 -0.203826 
32036 -0.0352289 -0.0474438 
32037 -0.0337339 0.109987 
32038 -0.0321984 0.26938 
32039 -0.0304727 0.430009 
32040 0.119065 -0.204458 
32041 0.12131 -0.0488526 
32042 0.123653 0.108064 
32043 0.125845 0.266357 
32044 0.128326 0.426149 
32045 0.273522 -0.205009 
32046 0.276517 -0.0502869 
32047 0.279573 0.105906 
32048 0.282454 0.263606 
32049 0.285459 0.422578 
32050 -0.355052 -0.198928 
32051 -0.354829 -0.0419051 
32052 -0.354596 0.11686 
32053 -0.354268 0.276972 
32054 -0.353907 0.438879 
32055 -0.196676 -0.199857 
32056 -0.195646 -0.0435138 
32057 -0.194724 0.114245 
32058 -0.193673 0.27362 
32059 -0.192437 0.434655 
32060 -0.039927 -0.200574 
32061 -0.0381406 -0.0450488 
32062 -0.0364445 0.111895 
32063 -0.0346049 0.270556 
32064 -0.0327433 0.430513 
32065 0.115089 -0.201311 
32066 0.117558 -0.0467821 
32067 0.120199 0.109528 
32068 0.122831 0.26723 
32069 0.12544 0.426518 
32070 0.268709 -0.201999 
32071 0.271883 -0.0482052 
32072 0.275066 0.107273 
32073 0.278606 0.264068 
32074 0.28183 0.422398 
32075 -0.356898 -0.195315 
32076 -0.356459 -0.039118 
32077 -0.35607 0.119084 
32078 -0.355678 0.278876 
32079 -0.355257 0.440349 
32080 -0.199208 -0.196428 
32081 -0.197925 -0.040746 
32082 -0.196791 0.116572 
32083 -0.195433 0.275261 
32084 -0.19416 0.435709 
32085 -0.0431245 -0.197462 
32086 -0.0411203 -0.0425242 
32087 -0.0391016 0.113569 
32088 -0.0370427 0.271552 
32089 -0.0349292 0.431205 
32090 0.111097 -0.19838 
32091 0.113847 -0.0445229 
32092 0.116782 0.110901 
32093 0.119614 0.267978 
32094 0.122582 0.426641 
32095 0.263712 -0.199247 
32096 0.267313 -0.0463196 
32097 0.270888 0.108407 
32098 0.274624 0.264343 
32099 0.278159 0.422211 
32100 -0.358872 -0.191896 
32101 -0.358354 -0.0361289 
32102 -0.357701 0.121329 
32103 -0.357161 0.280714 
32104 -0.356421 0.441729 
32105 -0.201721 -0.19318 
32106 -0.200261 -0.038187 
32107 -0.198808 0.11833 
32108 -0.197229 0.276623 
32109 -0.195831 0.436583 
32110 -0.0464561 -0.194249 
32111 -0.0441532 -0.040392 
32112 -0.0417368 0.115237 
32113 -0.0395433 0.272625 
32114 -0.0370421 0.431626 
32115 0.107121 -0.19545 
32116 0.11017 -0.0424492 
32117 0.113393 0.112214 
32118 0.116592 0.268646 
32119 0.119697 0.426755 
32120 0.258839 -0.196795 
32121 0.262774 -0.0445039 
32122 0.266719 0.109337 
32123 0.270764 0.264671 
32124 0.274759 0.421874 
32125 -0.360958 -0.188601 
32126 -0.360053 -0.0334214 
32127 -0.359307 0.123615 
32128 -0.358373 0.282389 
32129 -0.357598 0.442955 
32130 -0.204431 -0.190033 
32131 -0.202534 -0.0357046 
32132 -0.200884 0.120191 
32133 -0.199075 0.277865 
32134 -0.197296 0.437565 
32135 -0.0495303 -0.191607 
32136 -0.0469641 -0.0382805 
32137 -0.0443928 0.116698 
32138 -0.0417979 0.273628 
32139 -0.039069 0.432016 
32140 0.103225 -0.192796 
32141 0.106624 -0.0405655 
32142 0.109938 0.113353 
32143 0.113517 0.269013 
32144 0.117099 0.426557 
32145 0.254127 -0.194317 
32146 0.2582 -0.043008 
32147 0.262408 0.110041 
32148 0.266918 0.264842 
32149 0.271219 0.421379 
32150 -0.362884 -0.185288 
32151 -0.362026 -0.0307662 
32152 -0.360991 0.125652 
32153 -0.359888 0.284062 
32154 -0.35877 0.444266 
32155 -0.20696 -0.186909 
32156 -0.204849 -0.0332181 
32157 -0.202999 0.121911 
32158 -0.200883 0.279024 
32159 -0.198892 0.438001 
32160 -0.0528213 -0.188626 
32161 -0.0499046 -0.0359754 
32162 -0.0470794 0.118233 
32163 -0.044195 0.274261 
32164 -0.0413272 0.432197 
32165 0.0992912 -0.190233 
32166 0.102928 -0.0388672 
32167 0.106693 0.11437 
32168 0.110449 0.269453 
32169 0.114249 0.426441 
32170 0.249277 -0.191773 
32171 0.25367 -0.0413243 
32172 0.25834 0.110894 
32173 0.262984 0.26477 
32174 0.267785 0.420608 
32175 -0.365109 -0.18219 
32176 -0.363813 -0.0281846 
32177 -0.362512 0.127665 
32178 -0.361141 0.285471 
32179 -0.359818 0.445248 
32180 -0.209598 -0.184113 
32181 -0.207269 -0.0312595 
32182 -0.204983 0.123681 
32183 -0.202637 0.280174 
32184 -0.200372 0.438861 
32185 -0.0560654 -0.185896 
32186 -0.0528734 -0.0341337 
32187 -0.0497589 0.119442 
32188 -0.0465715 0.274905 
32189 -0.0433757 0.432401 
32190 0.0951768 -0.187834 
32191 0.0992618 -0.0371139 
32192 0.10342 0.115462 
32193 0.10752 0.269862 
32194 0.111745 0.426168 
32195 0.244277 -0.189598 
32196 0.249311 -0.0400101 
32197 0.254293 0.111413 
32198 0.259302 0.264746 
32199 0.264363 0.419851 
32200 -0.367203 -0.179017 
32201 -0.365557 -0.0257003 
32202 -0.364156 0.129586 
32203 -0.362658 0.286905 
32204 -0.360952 0.44628 
32205 -0.21202 -0.18117 
32206 -0.209637 -0.0290296 
32207 -0.207163 0.125101 
32208 -0.204498 0.281188 
32209 -0.202007 0.439293 
32210 -0.0592815 -0.183402 
32211 -0.0558709 -0.0322777 
32212 -0.052423 0.120657 
32213 -0.0488459 0.275522 
32214 -0.0453809 0.432467 
32215 0.0912743 -0.185528 
32216 0.0956449 -0.0354835 
32217 0.0998862 0.116408 
32218 0.104487 0.270013 
32219 0.108923 0.42577 
32220 0.239638 -0.187411 
32221 0.244728 -0.0386863 
32222 0.250098 0.112036 
32223 0.255641 0.264535 
32224 0.260862 0.419095 
