31775 -0.333385 -0.250064 
31776 -0.333344 -0.0832916 
31777 -0.333244 0.0833708 
31778 -0.333418 0.249931 
31779 -0.333317 0.416613 
31780 -0.1667 -0.250057 
31781 -0.166685 -0.083382 
31782 -0.166586 0.0833456 
31783 -0.166686 0.249893 
31784 -0.166543 0.416696 
31785 -4.68904e-05 -0.249988 
31786 -4.37044e-06 -0.0834055 
31787 1.38488e-05 0.0832902 
31788 1.15536e-05 0.250046 
31789 7.5641e-05 0.416729 
31790 0.166747 -0.249997 
31791 0.166657 -0.0832553 
31792 0.166614 0.0833089 
31793 0.166604 0.250008 
31794 0.166715 0.416741 
31795 0.333376 -0.249877 
31796 0.333348 -0.0833132 
31797 0.333335 0.0832906 
31798 0.333276 0.25004 
31799 0.333223 0.416554 
31800 -0.334888 -0.245909 
31801 -0.334862 -0.0800172 
31802 -0.335073 0.0860909 
31803 -0.335033 0.2522 
31804 -0.335102 0.41835 
31805 -0.168967 -0.245707 
31806 -0.168921 -0.0800419 
31807 -0.168852 0.085938 
31808 -0.16877 0.252107 
31809 -0.168888 0.418269 
31810 -0.00297953 -0.245826 
31811 -0.00294462 -0.0800978 
31812 -0.00302764 0.0856239 
31813 -0.00283123 0.251793 
31814 -0.00282059 0.418009 
31815 0.162753 -0.245796 
31816 0.162836 -0.0801509 
31817 0.162969 0.0856713 
31818 0.163097 0.2517 
31819 0.163072 0.41767 
31820 0.328126 -0.245823 
31821 0.328346 -0.080166 
31822 0.328577 0.0855637 
31823 0.328789 0.251366 
31824 0.328924 0.417386 
31825 -0.336428 -0.241644 
31826 -0.336417 -0.0766995 
31827 -0.336617 0.0885885 
31828 -0.336832 0.25425 
31829 -0.336923 0.420277 
31830 -0.171111 -0.241665 
31831 -0.17109 -0.0766407 
31832 -0.171027 0.0883835 
31833 -0.170879 0.253935 
31834 -0.170936 0.419889 
31835 -0.00603826 -0.24172 
31836 -0.00596917 -0.0768896 
31837 -0.00589265 0.0882045 
31838 -0.00559154 0.253549 
31839 -0.00548352 0.41926 
31840 0.158664 -0.241625 
31841 0.158929 -0.0769856 
31842 0.15925 0.0879754 
31843 0.159411 0.253049 
31844 0.159824 0.418751 
31845 0.323164 -0.241586 
31846 0.323565 -0.0770868 
31847 0.323951 0.0877799 
31848 0.324497 0.252699 
31849 0.324887 0.418206 
31850 -0.337898 -0.237594 
31851 -0.33798 -0.073366 
31852 -0.338196 0.0913564 
31853 -0.338265 0.256491 
31854 -0.338534 0.421923 
31855 -0.173271 -0.237678 
31856 -0.173212 -0.0734841 
31857 -0.173285 0.090963 
31858 -0.173257 0.255857 
31859 -0.17304 0.421233 
31860 -0.0092209 -0.237656 
31861 -0.00885471 -0.0737892 
31862 -0.00864465 0.0905457 
31863 -0.00843882 0.255279 
31864 -0.00807513 0.420409 
31865 0.154502 -0.237614 
31866 0.155073 -0.0738955 
31867 0.155604 0.0901948 
31868 0.156105 0.254673 
31869 0.156616 0.419616 
31870 0.317928 -0.237541 
31871 0.318653 -0.0741336 
31872 0.319351 0.0897455 
31873 0.319978 0.254079 
31874 0.320644 0.418809 
31875 -0.339635 -0.233596 
31876 -0.339629 -0.070157 
31877 -0.33985 0.0940875 
31878 -0.339859 0.258669 
31879 -0.340074 0.423717 
31880 -0.175732 -0.233514 
31881 -0.175623 -0.070258 
31882 -0.175402 0.0934165 
31883 -0.175233 0.257806 
31884 -0.175069 0.422595 
31885 -0.0122727 -0.233713 
31886 -0.0120244 -0.0705808 
31887 -0.0114236 0.0928736 
31888 -0.0109684 0.257034 
31889 -0.0106373 0.421699 
31890 0.150509 -0.233686 
31891 0.151302 -0.0709326 
31892 0.151916 0.0924242 
31893 0.152629 0.256137 
31894 0.153278 0.420352 
31895 0.31282 -0.233673 
31896 0.313761 -0.0711869 
31897 0.314674 0.0918386 
31898 0.315651 0.255239 
31899 0.316678 0.419475 
31900 -0.341303 -0.229481 
31901 -0.3415 -0.0668193 
31902 -0.341534 0.0965629 
31903 -0.341615 0.260722 
31904 -0.341679 0.425449 
31905 -0.178041 -0.229589 
31906 -0.177811 -0.0671139 
31907 -0.177513 0.0959757 
31908 -0.177291 0.259583 
31909 -0.177154 0.424029 
31910 -0.0154578 -0.229623 
31911 -0.0149737 -0.0676257 
31912 -0.014265 0.0950923 
31913 -0.0137067 0.258477 
31914 -0.0132219 0.422691 
31915 0.146479 -0.229789 
31916 0.147564 -0.0679837 
31917 0.148333 0.0944228 
31918 0.149201 0.257506 
31919 0.150099 0.421198 
31920 0.30763 -0.229864 
31921 0.308992 -0.0685502 
31922 0.310161 0.0935778 
31923 0.311369 0.256444 
31924 0.312622 0.419799 
31925 -0.342962 -0.225648 
31926 -0.34295 -0.0634955 
31927 -0.343061 0.0992453 
31928 -0.343113 0.262932 
31929 -0.343325 0.427229 
31930 -0.180339 -0.22581 
31931 -0.180029 -0.0641516 
31932 -0.179731 0.098206 
31933 -0.179358 0.261536 
31934 -0.179034 0.425531 
31935 -0.0185141 -0.225868 
31936 -0.0178508 -0.0647681 
31937 -0.0171203 0.0974323 
31938 -0.0163556 0.260113 
31939 -0.0156425 0.423547 
31940 0.142491 -0.226096 
31941 0.143539 -0.0653217 
31942 0.144713 0.096375 
31943 0.145854 0.258677 
31944 0.146965 0.42183 
31945 0.302734 -0.22622 
31946 0.304138 -0.065929 
31947 0.305815 0.095423 
31948 0.307183 0.257507 
31949 0.308756 0.420089 
31950 -0.344806 -0.221616 
31951 -0.34466 -0.0604098 
31952 -0.344789 0.101931 
31953 -0.344675 0.264853 
31954 -0.344652 0.428904 
31955 -0.182798 -0.221967 
31956 -0.182355 -0.0610918 
31957 -0.181883 0.100488 
31958 -0.181388 0.26333 
31959 -0.180815 0.426795 
31960 -0.0217905 -0.222219 
31961 -0.0207359 -0.0619747 
31962 -0.0199138 0.0993663 
31963 -0.0189104 0.261604 
31964 -0.0180259 0.424674 
31965 0.138531 -0.222422 
31966 0.139852 -0.0625457 
31967 0.141081 0.0982809 
31968 0.142583 0.259803 
31969 0.143939 0.422498 
31970 0.297725 -0.222787 
31971 0.299437 -0.0632651 
31972 0.301269 0.0971165 
31973 0.303097 0.258198 
31974 0.304903 0.420488 
31975 -0.346474 -0.217791 
31976 -0.346447 -0.0571724 
31977 -0.346254 0.104423 
31978 -0.346304 0.266994 
31979 -0.346058 0.430693 
31980 -0.185238 -0.218162 
31981 -0.184479 -0.0581761 
31982 -0.183973 0.102926 
31983 -0.183203 0.264875 
31984 -0.182882 0.428108 
31985 -0.0249284 -0.218471 
31986 -0.02372 -0.0590613 
31987 -0.0225957 0.101566 
31988 -0.0215401 0.262987 
31989 -0.0203991 0.425493 
31990 0.134457 -0.219046 
31991 0.136053 -0.0601046 
31992 0.13765 0.100021 
31993 0.139174 0.261067 
31994 0.140933 0.423065 
31995 0.292729 -0.219406 
31996 0.29465 -0.0608903 
31997 0.296754 0.0986079 
31998 0.298957 0.259082 
31999 0.301024 0.420472 
32000 -0.348504 -0.213931 
32001 -0.348268 -0.0541034 
32002 -0.347958 0.106743 
32003 -0.347756 0.268958 
32004 -0.34758 0.432288 
32005 -0.187664 -0.214488 
32006 -0.186898 -0.0552918 
32007 -0.186115 0.105093 
32008 -0.185375 0.26661 
32009 -0.184571 0.429245 
32010 -0.0281174 -0.215094 
32011 -0.026756 -0.056414 
32012 -0.0253776 0.103439 
32013 -0.0241047 0.264317 
32014 -0.02274 0.426347 
32015 0.130383 -0.215567 
32016 0.132218 -0.0573771 
32017 0.134046 0.101684 
32018 0.13596 0.262181 
32019 0.137786 0.423545 
32020 0.287749 -0.21613 
32021 0.29 -0.0584837 
32022 0.292421 0.100084 
32023 0.294872 0.25982 
32024 0.297235 0.4206 
32025 -0.350212 -0.210158 
32026 -0.349804 -0.0510675 
32027 -0.349627 0.10929 
32028 -0.349269 0.27106 
32029 -0.348827 0.433708 
32030 -0.190035 -0.210842 
32031 -0.189165 -0.0523623 
32032 -0.188268 0.107305 
32033 -0.187221 0.268254 
32034 -0.186277 0.430525 
32035 -0.0312467 -0.211666 
32036 -0.0297239 -0.0537489 
32037 -0.0282171 0.105341 
32038 -0.0266236 0.265689 
32039 -0.0249213 0.427181 
32040 0.126369 -0.212249 
32041 0.128549 -0.0551156 
32042 0.130525 0.103315 
32043 0.132715 0.262944 
32044 0.134855 0.423946 
32045 0.282664 -0.21324 
32046 0.285288 -0.0565268 
32047 0.288062 0.101402 
32048 0.290885 0.260313 
32049 0.293516 0.42056 
32050 -0.352133 -0.206596 
32051 -0.351787 -0.0481063 
32052 -0.351117 0.111689 
32053 -0.350648 0.27272 
32054 -0.350074 0.435263 
32055 -0.192463 -0.207546 
32056 -0.191376 -0.0495077 
32057 -0.19032 0.109481 
32058 -0.189297 0.269797 
32059 -0.188022 0.431464 
32060 -0.0344287 -0.208455 
32061 -0.032752 -0.0514121 
32062 -0.0309127 0.107156 
32063 -0.0291327 0.266705 
32064 -0.0272518 0.427799 
32065 0.122274 -0.20924 
32066 0.124808 -0.0529275 
32067 0.127197 0.104916 
32068 0.129539 0.263882 
32069 0.132039 0.42414 
32070 0.277726 -0.210021 
32071 0.280644 -0.0543574 
32072 0.283704 0.102627 
32073 0.286758 0.260831 
32074 0.289875 0.420371 
32075 -0.35402 -0.203095 
32076 -0.353365 -0.0450871 
32077 -0.352762 0.114095 
32078 -0.352091 0.27478 
32079 -0.351497 0.436781 
32080 -0.195136 -0.203971 
32081 -0.193853 -0.0470688 
32082 -0.192433 0.11145 
32083 -0.191095 0.271224 
32084 -0.18983 0.432594 
32085 -0.0377615 -0.205156 
32086 -0.0356706 -0.0488784 
32087 -0.033765 0.108895 
32088 -0.0316384 0.267782 
32089 -0.029467 0.428414 
32090 0.118276 -0.206252 
32091 0.120967 -0.0506137 
32092 0.123699 0.106363 
32093 0.126357 0.264527 
32094 0.129061 0.424239 
32095 0.272891 -0.207347 
32096 0.276035 -0.0524672 
32097 0.279391 0.103681 
32098 0.282749 0.261323 
32099 0.286178 0.420054 
32100 -0.35598 -0.199556 
32101 -0.355286 -0.0423895 
32102 -0.354117 0.11619 
32103 -0.35352 0.276415 
32104 -0.352639 0.438078 
32105 -0.197604 -0.200825 
32106 -0.195992 -0.0444855 
32107 -0.19459 0.113412 
32108 -0.192845 0.27266 
32109 -0.191174 0.433425 
32110 -0.0409225 -0.202098 
32111 -0.0385546 -0.0465665 
32112 -0.0363372 0.110482 
32113 -0.0340655 0.268889 
32114 -0.0316551 0.428732 
32115 0.114344 -0.203398 
32116 0.117228 -0.0486337 
32117 0.120205 0.107572 
32118 0.123263 0.265082 
32119 0.126242 0.424248 
32120 0.267813 -0.204591 
32121 0.271607 -0.0505937 
32122 0.27522 0.104724 
32123 0.278983 0.261497 
32124 0.28269 0.419712 
32125 -0.35798 -0.196082 
32126 -0.357089 -0.0396144 
32127 -0.355965 0.11841 
32128 -0.354917 0.278225 
32129 -0.353882 0.439437 
32130 -0.200213 -0.197791 
32131 -0.198483 -0.0421089 
32132 -0.196711 0.115275 
32133 -0.194777 0.273885 
32134 -0.19287 0.434277 
32135 -0.044189 -0.199064 
32136 -0.0417162 -0.0442974 
32137 -0.0390822 0.112069 
32138 -0.0364556 0.269803 
32139 -0.0336283 0.429175 
32140 0.110189 -0.20051 
32141 0.113452 -0.0465883 
32142 0.116807 0.108685 
32143 0.120181 0.265652 
32144 0.123577 0.424218 
32145 0.262862 -0.202002 
32146 0.266738 -0.0489096 
32147 0.270838 0.105587 
32148 0.275038 0.261647 
32149 0.279117 0.41923 
32150 -0.360061 -0.19284 
32151 -0.358841 -0.0368554 
32152 -0.357532 0.120667 
32153 -0.356153 0.279782 
32154 -0.354947 0.44049 
32155 -0.202806 -0.19448 
32156 -0.200708 -0.039462 
32157 -0.198859 0.116972 
32158 -0.196566 0.275213 
32159 -0.194419 0.435003 
32160 -0.0474643 -0.196257 
32161 -0.0446676 -0.0423109 
32162 -0.0416757 0.113367 
32163 -0.0388658 0.270605 
32164 -0.0358784 0.429491 
32165 0.106241 -0.198065 
32166 0.109832 -0.0450205 
32167 0.113232 0.109736 
32168 0.117011 0.266078 
32169 0.120831 0.42385 
32170 0.258027 -0.199699 
32171 0.262309 -0.0474486 
32172 0.266791 0.106282 
32173 0.271099 0.261559 
32174 0.275466 0.418581 
32175 -0.362183 -0.189544 
32176 -0.360755 -0.0341849 
32177 -0.359322 0.122631 
32178 -0.357509 0.281309 
32179 -0.356099 0.441712 
32180 -0.205349 -0.191604 
32181 -0.203147 -0.0373367 
32182 -0.200766 0.118543 
32183 -0.19836 0.276254 
32184 -0.196173 0.435579 
32185 -0.0506469 -0.193427 
32186 -0.0475892 -0.0402545 
32187 -0.0444376 0.114649 
32188 -0.041226 0.271419 
32189 -0.0378901 0.429641 
32190 0.102099 -0.195438 
32191 0.1062 -0.0431788 
32192 0.110096 0.110845 
32193 0.114134 0.266324 
32194 0.118 0.423519 
32195 0.253053 -0.19731 
32196 0.257641 -0.0459861 
32197 0.262459 0.106931 
32198 0.267263 0.261582 
32199 0.271943 0.417694 
32200 -0.364249 -0.186507 
32201 -0.362379 -0.0318059 
32202 -0.360743 0.124452 
32203 -0.358986 0.282747 
32204 -0.357195 0.442713 
32205 -0.208121 -0.18871 
32206 -0.205451 -0.035017 
32207 -0.202717 0.120157 
32208 -0.200117 0.277182 
32209 -0.197465 0.435978 
32210 -0.0539258 -0.190933 
32211 -0.050506 -0.0383938 
32212 -0.047088 0.116015 
32213 -0.0435118 0.271995 
32214 -0.0399717 0.429484 
32215 0.097959 -0.193018 
32216 0.102353 -0.0415102 
32217 0.106709 0.111635 
32218 0.110933 0.266643 
32219 0.115323 0.423195 
32220 0.248126 -0.195254 
32221 0.253224 -0.0445655 
32222 0.258344 0.107438 
32223 0.263426 0.261257 
32224 0.268522 0.416907 
32225 -0.36642 -0.183342 
32226 -0.364278 -0.0294551 
32227 -0.362291 0.126382 
32228 -0.360266 0.284118 
32229 -0.358227 0.443606 
32230 -0.210659 -0.185897 
32231 -0.207794 -0.0330277 
32232 -0.204965 0.121743 
32233 -0.201938 0.27804 
32234 -0.199037 0.436364 
32235 -0.0573026 -0.188441 
32236 -0.0533972 -0.0366243 
32237 -0.0496594 0.117016 
32238 -0.0460004 0.272357 
32239 -0.0420613 0.42943 
32240 0.0940885 -0.190971 
32241 0.0987649 -0.0400015 
32242 0.103271 0.112288 
32243 0.107931 0.266697 
32244 0.112703 0.422554 
32245 0.24328 -0.193332 
32246 0.248703 -0.0435276 
32247 0.254126 0.107763 
32248 0.259634 0.261041 
32249 0.265126 0.415941 
32250 -0.368503 -0.180522 
32251 -0.366391 -0.0270482 
32252 -0.364144 0.128265 
32253 -0.361571 0.285282 
32254 -0.359289 0.444235 
32255 -0.213386 -0.183312 
32256 -0.210208 -0.0309897 
32257 -0.207063 0.123105 
32258 -0.203719 0.279104 
32259 -0.200417 0.436776 
32260 -0.0605448 -0.186071 
32261 -0.0564552 -0.0349126 
32262 -0.0524675 0.117986 
32263 -0.0482335 0.272723 
32264 -0.0441019 0.429143 
32265 0.0901569 -0.188811 
32266 0.094967 -0.0388382 
32267 0.099991 0.113008 
32268 0.105017 0.266571 
32269 0.109987 0.421907 
32270 0.238403 -0.191521 
32271 0.244267 -0.042649 
32272 0.249954 0.108041 
32273 0.255868 0.260383 
32274 0.26172 0.414708 
