32125 -0.333322 -0.250044 
32126 -0.333455 -0.0833768 
32127 -0.333338 0.0833638 
32128 -0.333324 0.249919 
32129 -0.333217 0.416657 
32130 -0.166616 -0.250068 
32131 -0.166661 -0.0832282 
32132 -0.166627 0.0833899 
32133 -0.166702 0.250107 
32134 -0.16664 0.41667 
32135 2.45703e-05 -0.250093 
32136 3.97871e-05 -0.0833013 
32137 -0.000100844 0.0833308 
32138 -7.2894e-06 0.250017 
32139 -4.32022e-05 0.416585 
32140 0.166657 -0.249933 
32141 0.166806 -0.0833625 
32142 0.166735 0.0834061 
32143 0.166667 0.249999 
32144 0.166711 0.416666 
32145 0.333332 -0.250108 
32146 0.333298 -0.0833966 
32147 0.333273 0.0833194 
32148 0.333422 0.250037 
32149 0.333503 0.416592 
32150 -0.335377 -0.246226 
32151 -0.335112 -0.0804308 
32152 -0.334952 0.0854482 
32153 -0.334888 0.251647 
32154 -0.334501 0.417854 
32155 -0.169368 -0.246665 
32156 -0.169026 -0.0807445 
32157 -0.168844 0.0850412 
32158 -0.168572 0.251201 
32159 -0.168328 0.417258 
32160 -0.0035157 -0.246878 
32161 -0.00322373 -0.0810736 
32162 -0.00298995 0.0847892 
32163 -0.00254097 0.25074 
32164 -0.00219821 0.416765 
32165 0.162123 -0.2471 
32166 0.162456 -0.0813441 
32167 0.162843 0.0843334 
32168 0.163392 0.250303 
32169 0.163719 0.416255 
32170 0.3276 -0.24724 
32171 0.328235 -0.0817149 
32172 0.328536 0.084196 
32173 0.329055 0.249813 
32174 0.329327 0.415795 
32175 -0.337551 -0.242763 
32176 -0.337068 -0.0779174 
32177 -0.3365 0.0875894 
32178 -0.336088 0.253075 
32179 -0.3356 0.418748 
32180 -0.172153 -0.243401 
32181 -0.1716 -0.0783371 
32182 -0.171059 0.0868379 
32183 -0.170351 0.252263 
32184 -0.169893 0.417713 
32185 -0.00704839 -0.243817 
32186 -0.00647571 -0.0789218 
32187 -0.00584847 0.0861699 
32188 -0.00511979 0.251342 
32189 -0.00448471 0.416717 
32190 0.157504 -0.244327 
32191 0.15844 -0.0794783 
32192 0.159303 0.0853264 
32193 0.159749 0.25047 
32194 0.160665 0.41566 
32195 0.322112 -0.244753 
32196 0.323062 -0.0801357 
32197 0.323825 0.0846311 
32198 0.324742 0.249518 
32199 0.325441 0.414751 
32200 -0.339772 -0.239479 
32201 -0.338888 -0.0751743 
32202 -0.338093 0.0895503 
32203 -0.337366 0.254533 
32204 -0.336502 0.419684 
32205 -0.175069 -0.240296 
32206 -0.174229 -0.0760893 
32207 -0.173187 0.088466 
32208 -0.172445 0.253136 
32209 -0.171378 0.418236 
32210 -0.010743 -0.241137 
32211 -0.00968141 -0.0770033 
32212 -0.00868037 0.0873291 
32213 -0.00764448 0.251802 
32214 -0.00658092 0.416527 
32215 0.153213 -0.241757 
32216 0.154281 -0.0778627 
32217 0.155521 0.0861232 
32218 0.156618 0.250404 
32219 0.157743 0.415154 
32220 0.316521 -0.242453 
32221 0.317852 -0.0788446 
32222 0.319193 0.0850248 
32223 0.320546 0.24902 
32224 0.321729 0.413424 
32225 -0.341834 -0.236378 
32226 -0.340862 -0.0725436 
32227 -0.339712 0.0914944 
32228 -0.338691 0.255833 
32229 -0.337606 0.420325 
32230 -0.177845 -0.237243 
32231 -0.176578 -0.0737911 
32232 -0.175385 0.0899149 
32233 -0.174191 0.253903 
32234 -0.172871 0.418398 
32235 -0.0143444 -0.238255 
32236 -0.0129585 -0.0750999 
32237 -0.011543 0.0882838 
32238 -0.0100346 0.252224 
32239 -0.00877063 0.416262 
32240 0.148656 -0.239307 
32241 0.150204 -0.0763143 
32242 0.151704 0.0868371 
32243 0.153326 0.250226 
32244 0.154852 0.414281 
32245 0.311073 -0.240117 
32246 0.31264 -0.0775409 
32247 0.314524 0.0851763 
32248 0.316247 0.248535 
32249 0.317968 0.412213 
32250 -0.344217 -0.233086 
32251 -0.342678 -0.0701288 
32252 -0.341384 0.0932035 
32253 -0.339949 0.25695 
32254 -0.338544 0.421178 
32255 -0.180579 -0.234455 
32256 -0.179057 -0.0717477 
32257 -0.177426 0.0913416 
32258 -0.175896 0.254597 
32259 -0.17428 0.418556 
32260 -0.0179451 -0.235799 
32261 -0.0161132 -0.0733834 
32262 -0.0144293 0.0893084 
32263 -0.0124935 0.252316 
32264 -0.0109854 0.415875 
32265 0.144348 -0.236924 
32266 0.146142 -0.0748926 
32267 0.148145 0.087432 
32268 0.150044 0.250126 
32269 0.151902 0.413179 
32270 0.305652 -0.238043 
32271 0.307807 -0.0765599 
32272 0.309857 0.0854095 
32273 0.312068 0.24773 
32274 0.314209 0.410731 
32275 -0.346343 -0.230118 
32276 -0.344784 -0.0677981 
32277 -0.342911 0.0949686 
32278 -0.341347 0.258162 
32279 -0.339591 0.421828 
32280 -0.183398 -0.231736 
32281 -0.181492 -0.0697251 
32282 -0.179655 0.0926696 
32283 -0.177734 0.255374 
32284 -0.175683 0.418486 
32285 -0.0214152 -0.233254 
32286 -0.0193449 -0.0717358 
32287 -0.0172481 0.0902573 
32288 -0.0151913 0.252527 
32289 -0.0129753 0.415381 
32290 0.139778 -0.234825 
32291 0.142006 -0.0737186 
32292 0.144432 0.0877478 
32293 0.146833 0.249756 
32294 0.149072 0.41223 
32295 0.300207 -0.2361 
32296 0.302719 -0.0755577 
32297 0.305341 0.0855859 
32298 0.307748 0.247118 
32299 0.310252 0.409063 
32300 -0.348683 -0.227266 
32301 -0.346536 -0.0656089 
32302 -0.344554 0.0964211 
32303 -0.342613 0.259204 
32304 -0.340591 0.42216 
32305 -0.186388 -0.229098 
32306 -0.184155 -0.0678858 
32307 -0.181789 0.0936486 
32308 -0.179593 0.255904 
32309 -0.177324 0.418422 
32310 -0.0249818 -0.230859 
32311 -0.0225567 -0.0702775 
32312 -0.0199672 0.0908641 
32313 -0.0175315 0.252557 
32314 -0.0150532 0.414788 
32315 0.135268 -0.232729 
32316 0.137981 -0.0724434 
32317 0.140893 0.0882448 
32318 0.143552 0.249344 
32319 0.146172 0.411123 
32320 0.294699 -0.234549 
32321 0.29766 -0.0747055 
32322 0.30072 0.0853877 
32323 0.303506 0.246152 
32324 0.306768 0.407179 
32325 -0.350834 -0.224445 
32326 -0.348475 -0.0634808 
32327 -0.346162 0.0980021 
32328 -0.343743 0.259991 
32329 -0.341398 0.422533 
32330 -0.189184 -0.226596 
32331 -0.186569 -0.066226 
32332 -0.183945 0.0948141 
32333 -0.181339 0.25646 
32334 -0.178795 0.41823 
32335 -0.0284761 -0.228772 
32336 -0.0256601 -0.0688204 
32337 -0.0228631 0.0915619 
32338 -0.0199689 0.252498 
32339 -0.0172039 0.413953 
32340 0.131067 -0.230887 
32341 0.134122 -0.0715432 
32342 0.137106 0.0884039 
32343 0.140222 0.248831 
32344 0.143442 0.409787 
32345 0.289393 -0.232992 
32346 0.292793 -0.0741112 
32347 0.296001 0.0851021 
32348 0.299652 0.245102 
32349 0.303056 0.405439 
32350 -0.353137 -0.22178 
32351 -0.350479 -0.0614617 
32352 -0.347675 0.0993053 
32353 -0.345067 0.260718 
32354 -0.342217 0.42291 
32355 -0.192114 -0.224306 
32356 -0.189141 -0.0645372 
32357 -0.186076 0.0956987 
32358 -0.183146 0.25635 
32359 -0.180072 0.417975 
32360 -0.0321864 -0.226648 
32361 -0.0289725 -0.0676162 
32362 -0.0255715 0.0919597 
32363 -0.022301 0.252329 
32364 -0.0190136 0.413051 
32365 0.126508 -0.229102 
32366 0.13017 -0.0707154 
32367 0.133528 0.0884922 
32368 0.137094 0.24807 
32369 0.14069 0.408247 
32370 0.284114 -0.231385 
32371 0.287847 -0.0736028 
32372 0.291599 0.0848257 
32373 0.29552 0.243943 
32374 0.29929 0.403489 
32375 -0.355552 -0.219328 
32376 -0.352442 -0.0597675 
32377 -0.349429 0.100562 
32378 -0.346323 0.261422 
32379 -0.343159 0.42286 
32380 -0.194872 -0.222063 
32381 -0.191598 -0.0631251 
32382 -0.188186 0.0964964 
32383 -0.1849 0.256554 
32384 -0.181532 0.417469 
32385 -0.0357155 -0.224653 
32386 -0.0321332 -0.0664802 
32387 -0.0285322 0.0924718 
32388 -0.0247298 0.251915 
32389 -0.0211157 0.411945 
32390 0.122146 -0.227392 
32391 0.126028 -0.0698427 
32392 0.129938 0.0884504 
32393 0.133858 0.247306 
32394 0.137976 0.40669 
32395 0.27876 -0.230319 
32396 0.28294 -0.0732449 
32397 0.287203 0.084354 
32398 0.291327 0.242492 
32399 0.295551 0.401323 
32400 -0.357773 -0.216916 
32401 -0.354486 -0.0578934 
32402 -0.350885 0.101651 
32403 -0.347553 0.262017 
32404 -0.344003 0.422797 
32405 -0.197803 -0.21997 
32406 -0.194118 -0.061736 
32407 -0.190311 0.097157 
32408 -0.186752 0.256757 
32409 -0.182808 0.416738 
32410 -0.0393357 -0.223009 
32411 -0.0351831 -0.0655404 
32412 -0.0312545 0.092588 
32413 -0.0271543 0.251428 
32414 -0.0231879 0.410796 
32415 0.117763 -0.226138 
32416 0.122185 -0.0691165 
32417 0.12642 0.0881877 
32418 0.130582 0.246298 
32419 0.135228 0.405125 
32420 0.273539 -0.229134 
32421 0.278215 -0.0729368 
32422 0.282681 0.0837596 
32423 0.287254 0.240994 
32424 0.291852 0.399064 
32425 -0.360322 -0.214706 
32426 -0.356325 -0.0562942 
32427 -0.352472 0.102611 
32428 -0.348622 0.262333 
32429 -0.344809 0.422682 
32430 -0.200673 -0.218132 
32431 -0.196628 -0.060397 
32432 -0.192551 0.0977736 
32433 -0.188356 0.256598 
32434 -0.184096 0.41605 
32435 -0.0427615 -0.221471 
32436 -0.0383631 -0.0646225 
32437 -0.0339503 0.0928157 
32438 -0.0295669 0.250753 
32439 -0.0251374 0.409385 
32440 0.113408 -0.224698 
32441 0.118172 -0.0686131 
32442 0.122855 0.0880449 
32443 0.127479 0.245272 
32444 0.132267 0.403174 
32445 0.268464 -0.2281 
32446 0.273235 -0.0728287 
32447 0.278166 0.083137 
32448 0.283242 0.239634 
32449 0.288309 0.396831 
32450 -0.362514 -0.212684 
32451 -0.358341 -0.054756 
32452 -0.354189 0.103531 
32453 -0.349955 0.262517 
32454 -0.345636 0.422196 
32455 -0.203704 -0.216264 
32456 -0.199085 -0.0593397 
32457 -0.194559 0.0980913 
32458 -0.189964 0.256282 
32459 -0.185563 0.415209 
32460 -0.0464812 -0.219983 
32461 -0.0417621 -0.0639272 
32462 -0.036815 0.0928608 
32463 -0.0320191 0.25019 
32464 -0.0270475 0.408023 
32465 0.109251 -0.22365 
32466 0.114195 -0.0681827 
32467 0.119189 0.0875257 
32468 0.124544 0.244102 
32469 0.129505 0.401165 
32470 0.262998 -0.227103 
32471 0.268526 -0.0726596 
32472 0.273798 0.0823575 
32473 0.279172 0.237977 
32474 0.28452 0.394191 
32475 -0.364876 -0.21059 
32476 -0.360306 -0.0535012 
32477 -0.355739 0.104237 
32478 -0.351159 0.262749 
32479 -0.346414 0.421849 
32480 -0.206469 -0.214737 
32481 -0.201646 -0.0583699 
32482 -0.196771 0.098511 
32483 -0.191888 0.256098 
32484 -0.186956 0.41423 
32485 -0.0500147 -0.218552 
32486 -0.0448209 -0.063169 
32487 -0.0397341 0.0928628 
32488 -0.0342677 0.249379 
32489 -0.029144 0.406591 
32490 0.1049 -0.222511 
32491 0.110296 -0.0681662 
32492 0.115843 0.0870257 
32493 0.121418 0.242723 
32494 0.126812 0.39917 
32495 0.257936 -0.226417 
32496 0.263618 -0.0726523 
32497 0.26943 0.0814502 
32498 0.275219 0.23633 
32499 0.280874 0.39154 
32500 -0.367316 -0.20895 
32501 -0.362371 -0.0523696 
32502 -0.35731 0.104992 
32503 -0.352257 0.262785 
32504 -0.34717 0.42127 
32505 -0.209406 -0.21318 
32506 -0.204306 -0.0575659 
32507 -0.198936 0.0987253 
32508 -0.193573 0.255628 
32509 -0.188221 0.413014 
32510 -0.0533841 -0.21742 
32511 -0.0479461 -0.0627795 
32512 -0.0423537 0.0925826 
32513 -0.0367216 0.248313 
32514 -0.031108 0.404964 
32515 0.100692 -0.221562 
32516 0.106623 -0.0679861 
32517 0.112247 0.0864074 
32518 0.118033 0.241504 
32519 0.123934 0.396878 
32520 0.252935 -0.225792 
32521 0.258875 -0.0730339 
32522 0.265085 0.0802359 
32523 0.271112 0.234299 
32524 0.277238 0.388784 
32525 -0.369871 -0.207063 
32526 -0.364383 -0.0511792 
32527 -0.358904 0.10549 
32528 -0.353512 0.262767 
32529 -0.347996 0.420566 
32530 -0.21235 -0.211786 
32531 -0.206555 -0.0568135 
32532 -0.200942 0.0987992 
32533 -0.195187 0.254942 
32534 -0.189475 0.411746 
32535 -0.056942 -0.216334 
32536 -0.0511554 -0.0623688 
32537 -0.0451604 0.0920528 
32538 -0.0391082 0.247325 
32539 -0.0331473 0.403014 
32540 0.0964072 -0.220914 
32541 0.102631 -0.0677239 
32542 0.108776 0.0856821 
32543 0.114773 0.239841 
32544 0.121226 0.394462 
32545 0.247824 -0.225351 
32546 0.254219 -0.0733322 
32547 0.260712 0.0792792 
32548 0.267174 0.232384 
32549 0.273488 0.386085 
32550 -0.372225 -0.205695 
32551 -0.366289 -0.0502955 
32552 -0.360442 0.105817 
32553 -0.354707 0.262504 
32554 -0.348864 0.419702 
32555 -0.215113 -0.210668 
32556 -0.209116 -0.0562581 
32557 -0.20316 0.0987022 
32558 -0.197016 0.254239 
32559 -0.190834 0.410332 
32560 -0.0604933 -0.215376 
32561 -0.0541254 -0.0620761 
32562 -0.0479126 0.0917327 
32563 -0.0415598 0.246215 
32564 -0.0351934 0.401289 
32565 0.0922461 -0.220239 
32566 0.0987104 -0.068016 
32567 0.105212 0.0848873 
32568 0.111879 0.238131 
32569 0.118441 0.392157 
32570 0.242908 -0.225086 
32571 0.249601 -0.0736543 
32572 0.256297 0.0780317 
32573 0.263059 0.230261 
32574 0.269875 0.383248 
32575 -0.37462 -0.204351 
32576 -0.36824 -0.049429 
32577 -0.362201 0.106026 
32578 -0.355851 0.262047 
32579 -0.349722 0.418671 
32580 -0.218106 -0.209505 
32581 -0.211668 -0.0556216 
32582 -0.205258 0.0987072 
32583 -0.198753 0.253348 
32584 -0.192172 0.408884 
32585 -0.0639275 -0.214677 
32586 -0.0573315 -0.0619597 
32587 -0.0505827 0.0911214 
32588 -0.0438904 0.244839 
32589 -0.0371308 0.399209 
32590 0.0880366 -0.219748 
32591 0.0948271 -0.068185 
32592 0.101843 0.0838516 
32593 0.108606 0.236438 
32594 0.115528 0.389684 
32595 0.237709 -0.224728 
32596 0.244863 -0.0742025 
32597 0.251887 0.0766123 
32598 0.259075 0.228019 
32599 0.266399 0.380117 
32600 -0.376978 -0.203004 
32601 -0.370474 -0.0487354 
32602 -0.363655 0.106061 
32603 -0.357042 0.261608 
32604 -0.35052 0.417521 
32605 -0.221068 -0.208527 
32606 -0.21415 -0.0553173 
32607 -0.207312 0.0982932 
32608 -0.200525 0.252444 
32609 -0.19363 0.407121 
32610 -0.0673787 -0.213858 
32611 -0.0604138 -0.0619654 
32612 -0.0533682 0.0905176 
32613 -0.0464262 0.243477 
32614 -0.0392209 0.39703 
32615 0.0837704 -0.219474 
32616 0.0912747 -0.068564 
32617 0.0983008 0.0828089 
32618 0.105534 0.234614 
32619 0.112736 0.386986 
32620 0.232976 -0.224616 
32621 0.24024 -0.0749056 
32622 0.247537 0.0752257 
32623 0.255016 0.225888 
32624 0.262592 0.377163 
