32275 -0.333415 -0.249987 
32276 -0.333304 -0.0832336 
32277 -0.333272 0.0833821 
32278 -0.333159 0.25007 
32279 -0.333183 0.416524 
32280 -0.166673 -0.250004 
32281 -0.166652 -0.0834452 
32282 -0.166624 0.0833644 
32283 -0.166629 0.250032 
32284 -0.166625 0.416713 
32285 -7.47176e-05 -0.250077 
32286 -1.24291e-05 -0.0832842 
32287 -1.8908e-05 0.0833123 
32288 1.55534e-05 0.250014 
32289 -3.78277e-05 0.416509 
32290 0.166674 -0.249922 
32291 0.166593 -0.0833293 
32292 0.166666 0.0833164 
32293 0.166643 0.250054 
32294 0.16668 0.416694 
32295 0.333294 -0.249997 
32296 0.333427 -0.0833342 
32297 0.333256 0.0832129 
32298 0.333516 0.249988 
32299 0.333438 0.416666 
32300 -0.335692 -0.247155 
32301 -0.335249 -0.0809538 
32302 -0.334947 0.0847605 
32303 -0.33464 0.251014 
32304 -0.33424 0.417074 
32305 -0.16959 -0.247277 
32306 -0.169108 -0.0815509 
32307 -0.16893 0.0844978 
32308 -0.168411 0.250469 
32309 -0.168086 0.416612 
32310 -0.00374936 -0.247612 
32311 -0.00319111 -0.0818 
32312 -0.00297189 0.0840541 
32313 -0.00255486 0.249881 
32314 -0.00222176 0.416005 
32315 0.16204 -0.247931 
32316 0.162396 -0.0821693 
32317 0.162917 0.0837113 
32318 0.163378 0.249328 
32319 0.16369 0.415324 
32320 0.327714 -0.24824 
32321 0.328092 -0.0824248 
32322 0.328502 0.083139 
32323 0.328919 0.248898 
32324 0.329339 0.414681 
32325 -0.337866 -0.244097 
32326 -0.337223 -0.0789474 
32327 -0.33662 0.086336 
32328 -0.335795 0.251844 
32329 -0.335338 0.41737 
32330 -0.17253 -0.244682 
32331 -0.171854 -0.079635 
32332 -0.171099 0.0855964 
32333 -0.170233 0.250921 
32334 -0.169563 0.416357 
32335 -0.00751151 -0.245427 
32336 -0.00670871 -0.0804266 
32337 -0.00576772 0.0845648 
32338 -0.00511847 0.249872 
32339 -0.00424413 0.414975 
32340 0.157311 -0.245884 
32341 0.158272 -0.0811424 
32342 0.159066 0.0838793 
32343 0.159985 0.248735 
32344 0.160792 0.413798 
32345 0.32179 -0.246608 
32346 0.322844 -0.0819566 
32347 0.32372 0.0829675 
32348 0.324728 0.247578 
32349 0.325502 0.412734 
32350 -0.34028 -0.24156 
32351 -0.339209 -0.0769562 
32352 -0.338217 0.0877122 
32353 -0.337006 0.252588 
32354 -0.335968 0.417504 
32355 -0.17553 -0.242414 
32356 -0.174378 -0.077997 
32357 -0.173205 0.0862558 
32358 -0.172182 0.250982 
32359 -0.171023 0.415664 
32360 -0.0112549 -0.243329 
32361 -0.00994 -0.0791306 
32362 -0.00880605 0.0851054 
32363 -0.00764924 0.249535 
32364 -0.00627843 0.414023 
32365 0.152834 -0.24417 
32366 0.153916 -0.080201 
32367 0.155324 0.0837761 
32368 0.15645 0.247909 
32369 0.157949 0.412333 
32370 0.316223 -0.245009 
32371 0.317541 -0.0814514 
32372 0.318816 0.082348 
32373 0.320387 0.246505 
32374 0.321671 0.41059 
32375 -0.342713 -0.238816 
32376 -0.34107 -0.0750487 
32377 -0.339747 0.0888733 
32378 -0.338334 0.253176 
32379 -0.336915 0.417646 
32380 -0.178515 -0.240271 
32381 -0.176971 -0.0765689 
32382 -0.175526 0.0873181 
32383 -0.17388 0.251166 
32384 -0.172444 0.415183 
32385 -0.0148746 -0.241417 
32386 -0.0132088 -0.0780444 
32387 -0.0117169 0.0854346 
32388 -0.0100061 0.249064 
32389 -0.008406 0.413017 
32390 0.148202 -0.242537 
32391 0.149754 -0.0795557 
32392 0.151629 0.0836726 
32393 0.153324 0.246946 
32394 0.155006 0.410567 
32395 0.310718 -0.243822 
32396 0.312447 -0.0810465 
32397 0.314192 0.081895 
32398 0.31599 0.244947 
32399 0.317981 0.408106 
32400 -0.345071 -0.236363 
32401 -0.343205 -0.0733919 
32402 -0.341344 0.0899525 
32403 -0.339518 0.253703 
32404 -0.337769 0.41747 
32405 -0.18157 -0.237926 
32406 -0.179583 -0.0751414 
32407 -0.177655 0.0878277 
32408 -0.175691 0.251158 
32409 -0.173811 0.414466 
32410 -0.0185832 -0.239567 
32411 -0.0165534 -0.0769975 
32412 -0.0144986 0.0857002 
32413 -0.0125658 0.248526 
32414 -0.0104085 0.411628 
32415 0.143626 -0.24107 
32416 0.145614 -0.0788661 
32417 0.147754 0.0833295 
32418 0.150059 0.245984 
32419 0.152164 0.408575 
32420 0.305177 -0.242565 
32421 0.307255 -0.0808475 
32422 0.309533 0.081096 
32423 0.311855 0.243438 
32424 0.313965 0.405776 
32425 -0.347483 -0.234187 
32426 -0.34527 -0.0716655 
32427 -0.342962 0.0911377 
32428 -0.340701 0.25394 
32429 -0.338608 0.417278 
32430 -0.184557 -0.236145 
32431 -0.182012 -0.0739014 
32432 -0.179858 0.0885279 
32433 -0.177357 0.25085 
32434 -0.175053 0.413583 
32435 -0.0222863 -0.237801 
32436 -0.0199225 -0.0761899 
32437 -0.0173676 0.0857401 
32438 -0.0148933 0.247815 
32439 -0.0124726 0.410189 
32440 0.139142 -0.239619 
32441 0.141688 -0.078376 
32442 0.144221 0.0830534 
32443 0.146841 0.24473 
32444 0.149351 0.406772 
32445 0.299674 -0.24155 
32446 0.302268 -0.0806982 
32447 0.304903 0.0803403 
32448 0.307536 0.241663 
32449 0.31026 0.403222 
32450 -0.349964 -0.232006 
32451 -0.347209 -0.07022 
32452 -0.344615 0.0919572 
32453 -0.341921 0.254323 
32454 -0.339237 0.416829 
32455 -0.187392 -0.234219 
32456 -0.184664 -0.0728031 
32457 -0.182001 0.0886822 
32458 -0.179162 0.250725 
32459 -0.176455 0.412663 
32460 -0.0260244 -0.236232 
32461 -0.023141 -0.0753343 
32462 -0.0203127 0.0857869 
32463 -0.0172707 0.247135 
32464 -0.0144217 0.408559 
32465 0.134503 -0.238528 
32466 0.137444 -0.078063 
32467 0.140362 0.0824384 
32468 0.14335 0.243507 
32469 0.146225 0.404652 
32470 0.294249 -0.24051 
32471 0.297161 -0.0807302 
32472 0.300241 0.0794428 
32473 0.303381 0.239909 
32474 0.306452 0.400594 
32475 -0.352185 -0.230027 
32476 -0.34923 -0.0687889 
32477 -0.346203 0.0925538 
32478 -0.343133 0.254455 
32479 -0.339995 0.416255 
32480 -0.190434 -0.232516 
32481 -0.187187 -0.0718618 
32482 -0.184112 0.0891755 
32483 -0.180977 0.250182 
32484 -0.177786 0.411605 
32485 -0.0294903 -0.234946 
32486 -0.0263116 -0.0747945 
32487 -0.0232764 0.0855441 
32488 -0.0198802 0.246001 
32489 -0.0164663 0.407013 
32490 0.13007 -0.237349 
32491 0.133531 -0.0778371 
32492 0.136778 0.0821112 
32493 0.140219 0.242015 
32494 0.143683 0.402443 
32495 0.288757 -0.239766 
32496 0.292292 -0.0807002 
32497 0.295667 0.0784643 
32498 0.299207 0.237971 
32499 0.302649 0.39765 
32500 -0.354798 -0.228071 
32501 -0.351238 -0.0675905 
32502 -0.347869 0.0933069 
32503 -0.344284 0.254291 
32504 -0.340962 0.415645 
32505 -0.19339 -0.231014 
32506 -0.189891 -0.0709854 
32507 -0.186306 0.0893739 
32508 -0.182678 0.249759 
32509 -0.179191 0.410269 
32510 -0.0331886 -0.233678 
32511 -0.0297142 -0.0742161 
32512 -0.025864 0.0853529 
32513 -0.0222228 0.245116 
32514 -0.0186749 0.405035 
32515 0.125666 -0.236629 
32516 0.129277 -0.0776487 
32517 0.133264 0.0812813 
32518 0.137001 0.24061 
32519 0.14073 0.399962 
32520 0.283442 -0.239333 
32521 0.287282 -0.0810991 
32522 0.290991 0.0773238 
32523 0.294884 0.235897 
32524 0.298982 0.394916 
32525 -0.357267 -0.226403 
32526 -0.353308 -0.0662814 
32527 -0.349464 0.0937659 
32528 -0.345488 0.254227 
32529 -0.341533 0.414872 
32530 -0.196405 -0.229416 
32531 -0.192506 -0.0701568 
32532 -0.18853 0.0894126 
32533 -0.184355 0.249059 
32534 -0.180529 0.408903 
32535 -0.0368614 -0.23261 
32536 -0.0327821 -0.0739955 
32537 -0.0288219 0.0848045 
32538 -0.0247822 0.243975 
32539 -0.0206338 0.403124 
32540 0.121188 -0.235771 
32541 0.12546 -0.0777225 
32542 0.129526 0.0805735 
32543 0.133743 0.238864 
32544 0.137857 0.397412 
32545 0.278101 -0.238714 
32546 0.282404 -0.0813559 
32547 0.286533 0.0759947 
32548 0.290764 0.233745 
32549 0.29497 0.391803 
32550 -0.359775 -0.22473 
32551 -0.355352 -0.0654111 
32552 -0.351066 0.0940765 
32553 -0.346716 0.253922 
32554 -0.34237 0.413862 
32555 -0.199374 -0.2282 
32556 -0.19495 -0.069637 
32557 -0.190538 0.0892691 
32558 -0.186288 0.248335 
32559 -0.181907 0.407451 
32560 -0.0405312 -0.231647 
32561 -0.0360998 -0.0736719 
32562 -0.0316038 0.0842792 
32563 -0.0270723 0.24265 
32564 -0.0225917 0.401166 
32565 0.116883 -0.234939 
32566 0.121395 -0.0779644 
32567 0.125882 0.0795168 
32568 0.130443 0.237126 
32569 0.13493 0.394938 
32570 0.272906 -0.238324 
32571 0.277404 -0.0818412 
32572 0.282 0.0747544 
32573 0.286585 0.231684 
32574 0.291213 0.388704 
32575 -0.361957 -0.223381 
32576 -0.357326 -0.0646233 
32577 -0.352582 0.0942498 
32578 -0.347784 0.253598 
32579 -0.343207 0.412767 
32580 -0.202247 -0.227184 
32581 -0.197529 -0.0690256 
32582 -0.192806 0.0888792 
32583 -0.187938 0.247326 
32584 -0.18311 0.405782 
32585 -0.0440864 -0.23086 
32586 -0.0393195 -0.0736405 
32587 -0.0343645 0.0837263 
32588 -0.0296655 0.241284 
32589 -0.02477 0.39909 
32590 0.112609 -0.234468 
32591 0.117278 -0.0781078 
32592 0.122304 0.078619 
32593 0.127241 0.2354 
32594 0.132119 0.392236 
32595 0.267574 -0.238212 
32596 0.27273 -0.0824702 
32597 0.277599 0.0734091 
32598 0.282446 0.229278 
32599 0.287369 0.385394 
32600 -0.364611 -0.222165 
32601 -0.359307 -0.0639654 
32602 -0.354238 0.0943639 
32603 -0.34904 0.252953 
32604 -0.344038 0.411498 
32605 -0.205278 -0.226196 
32606 -0.200206 -0.0688737 
32607 -0.19499 0.0885672 
32608 -0.189747 0.24635 
32609 -0.184492 0.40403 
32610 -0.0477101 -0.230294 
32611 -0.0424776 -0.0735378 
32612 -0.0372772 0.0829929 
32613 -0.0320293 0.239781 
32614 -0.0268376 0.396687 
32615 0.108214 -0.234158 
32616 0.11338 -0.0784676 
32617 0.11859 0.0774821 
32618 0.123922 0.233398 
32619 0.129213 0.389484 
32620 0.262423 -0.238211 
32621 0.267729 -0.0832941 
32622 0.272986 0.0717543 
32623 0.278393 0.226758 
32624 0.283591 0.382229 
32625 -0.366976 -0.221126 
32626 -0.361428 -0.0632169 
32627 -0.355994 0.0943972 
32628 -0.350263 0.252162 
32629 -0.344703 0.410141 
32630 -0.208088 -0.225224 
32631 -0.202668 -0.0686125 
32632 -0.196994 0.0882802 
32633 -0.191358 0.245268 
32634 -0.18587 0.40209 
32635 -0.0512387 -0.229574 
32636 -0.0456578 -0.073786 
32637 -0.0401516 0.0821441 
32638 -0.0345276 0.238208 
32639 -0.0288629 0.394238 
32640 0.104007 -0.23403 
32641 0.109408 -0.0790616 
32642 0.115125 0.0761834 
32643 0.120746 0.231121 
32644 0.12622 0.386487 
32645 0.257371 -0.238057 
32646 0.262999 -0.0840798 
32647 0.268579 0.0701065 
32648 0.274151 0.224456 
32649 0.279832 0.378541 
32650 -0.369411 -0.220002 
32651 -0.363331 -0.0628715 
32652 -0.357437 0.0942457 
32653 -0.351429 0.251419 
32654 -0.345474 0.408647 
32655 -0.210999 -0.224606 
32656 -0.205214 -0.0684132 
32657 -0.199224 0.0876575 
32658 -0.193199 0.243939 
32659 -0.187304 0.400089 
32660 -0.0548121 -0.229272 
32661 -0.0488631 -0.0741127 
32662 -0.042803 0.081143 
32663 -0.0368522 0.236484 
32664 -0.0309719 0.391849 
32665 0.099617 -0.233714 
32666 0.105513 -0.0795004 
32667 0.111565 0.0747128 
32668 0.117415 0.229109 
32669 0.123474 0.383429 
32670 0.252165 -0.238196 
32671 0.258275 -0.0849953 
32672 0.26409 0.0684591 
32673 0.270125 0.221811 
32674 0.276055 0.375237 
32675 -0.371813 -0.219065 
32676 -0.365436 -0.0626198 
32677 -0.359018 0.0940039 
32678 -0.352601 0.250575 
32679 -0.346367 0.407021 
32680 -0.214039 -0.223882 
32681 -0.207819 -0.0684986 
32682 -0.201324 0.0869008 
32683 -0.194929 0.242474 
32684 -0.188636 0.398045 
32685 -0.0582342 -0.229033 
32686 -0.0520134 -0.0744009 
32687 -0.0457649 0.0801469 
32688 -0.0393948 0.234482 
32689 -0.0330063 0.389186 
32690 0.0954418 -0.233651 
32691 0.101698 -0.0801367 
32692 0.108005 0.0733016 
32693 0.114228 0.226841 
32694 0.120573 0.3804 
32695 0.247065 -0.238283 
32696 0.253485 -0.0858303 
32697 0.259725 0.0666497 
32698 0.266089 0.21927 
32699 0.272111 0.371631 
32700 -0.374478 -0.218347 
32701 -0.367465 -0.0624377 
32702 -0.360597 0.0935482 
32703 -0.353993 0.249421 
32704 -0.347216 0.405223 
32705 -0.216843 -0.22349 
32706 -0.210176 -0.0686153 
32707 -0.203634 0.0862256 
32708 -0.196709 0.241074 
32709 -0.190216 0.395773 
32710 -0.0616865 -0.228662 
32711 -0.0551434 -0.0748684 
32712 -0.0484539 0.0789354 
32713 -0.0418588 0.23257 
32714 -0.03518 0.386398 
32715 0.0913155 -0.233703 
32716 0.0977763 -0.0809867 
32717 0.104353 0.071878 
32718 0.111053 0.22454 
32719 0.117556 0.377252 
32720 0.242267 -0.238604 
32721 0.248758 -0.0869364 
32722 0.255432 0.0647796 
32723 0.261835 0.216388 
32724 0.268363 0.368069 
32725 -0.376726 -0.217803 
32726 -0.36947 -0.0622214 
32727 -0.36243 0.0929733 
32728 -0.355173 0.248318 
32729 -0.34793 0.403417 
32730 -0.219948 -0.223085 
32731 -0.212775 -0.0689035 
32732 -0.20562 0.0854143 
32733 -0.198666 0.239517 
32734 -0.19149 0.393323 
32735 -0.0652531 -0.228623 
32736 -0.0583541 -0.0754439 
32737 -0.0511447 0.0776947 
32738 -0.0443201 0.230838 
32739 -0.0373029 0.383695 
32740 0.0870797 -0.234009 
32741 0.094125 -0.0818179 
32742 0.10085 0.0701502 
32743 0.107746 0.222208 
32744 0.114578 0.374035 
32745 0.237314 -0.239098 
32746 0.244065 -0.0881005 
32747 0.250886 0.0629216 
32748 0.257688 0.213631 
32749 0.264364 0.364309 
32750 -0.379317 -0.217301 
32751 -0.371483 -0.0624654 
32752 -0.363869 0.0924224 
32753 -0.356466 0.246957 
32754 -0.348792 0.401396 
32755 -0.222887 -0.22293 
32756 -0.215263 -0.0693778 
32757 -0.207809 0.0842552 
32758 -0.200423 0.23761 
32759 -0.193129 0.391043 
32760 -0.0687543 -0.228669 
32761 -0.0613605 -0.0760017 
32762 -0.0539608 0.0763646 
32763 -0.0467864 0.228594 
32764 -0.0394908 0.380643 
32765 0.0830093 -0.234095 
32766 0.0902619 -0.0827099 
32767 0.0972287 0.0684834 
32768 0.104479 0.219759 
32769 0.111751 0.370539 
32770 0.232407 -0.23954 
32771 0.239526 -0.0893044 
32772 0.246589 0.0608344 
32773 0.253437 0.210829 
32774 0.260594 0.360697 
