32400 -0.333265 -0.250066 
32401 -0.333354 -0.0833265 
32402 -0.333254 0.0833892 
32403 -0.333318 0.249964 
32404 -0.333278 0.416643 
32405 -0.16663 -0.250063 
32406 -0.166697 -0.0832733 
32407 -0.166624 0.0833737 
32408 -0.166665 0.25008 
32409 -0.166653 0.416637 
32410 6.44335e-06 -0.250002 
32411 7.99481e-05 -0.0833458 
32412 8.7425e-05 0.0832649 
32413 1.73219e-05 0.249989 
32414 8.91942e-05 0.416643 
32415 0.166656 -0.249933 
32416 0.166751 -0.0833273 
32417 0.166728 0.0833507 
32418 0.166723 0.250071 
32419 0.166633 0.416787 
32420 0.333336 -0.250006 
32421 0.333314 -0.0834014 
32422 0.333305 0.0832957 
32423 0.333435 0.250011 
32424 0.333325 0.416617 
32425 -0.335723 -0.24757 
32426 -0.335408 -0.0818409 
32427 -0.334954 0.0840801 
32428 -0.334503 0.250347 
32429 -0.334171 0.416304 
32430 -0.16972 -0.247923 
32431 -0.169283 -0.082063 
32432 -0.169005 0.0837331 
32433 -0.168499 0.249902 
32434 -0.16801 0.415705 
32435 -0.00386929 -0.248374 
32436 -0.00341529 -0.082422 
32437 -0.00300763 0.0833121 
32438 -0.0025668 0.24922 
32439 -0.0022248 0.415171 
32440 0.16188 -0.2487 
32441 0.162447 -0.0828994 
32442 0.162828 0.0828782 
32443 0.1632 0.248738 
32444 0.16368 0.414512 
32445 0.327617 -0.248909 
32446 0.32797 -0.0830924 
32447 0.328358 0.0825184 
32448 0.328965 0.248281 
32449 0.329346 0.413787 
32450 -0.338254 -0.245505 
32451 -0.337363 -0.0801028 
32452 -0.336627 0.0851006 
32453 -0.335701 0.250594 
32454 -0.334877 0.415814 
32455 -0.17288 -0.246192 
32456 -0.171978 -0.0808925 
32457 -0.171224 0.0842806 
32458 -0.170243 0.249476 
32459 -0.169382 0.414649 
32460 -0.0076239 -0.246716 
32461 -0.00680648 -0.0817264 
32462 -0.00587889 0.0832007 
32463 -0.00500021 0.248314 
32464 -0.0040979 0.413642 
32465 0.15717 -0.247436 
32466 0.158236 -0.0825185 
32467 0.159086 0.0823565 
32468 0.15993 0.24742 
32469 0.160947 0.412276 
32470 0.321717 -0.24793 
32471 0.322717 -0.0834084 
32472 0.323696 0.0814384 
32473 0.324595 0.246264 
32474 0.325401 0.411109 
32475 -0.340601 -0.243433 
32476 -0.339339 -0.0787864 
32477 -0.338224 0.0858763 
32478 -0.337031 0.250548 
32479 -0.335753 0.41538 
32480 -0.175848 -0.244428 
32481 -0.174552 -0.0800109 
32482 -0.173348 0.0843513 
32483 -0.171967 0.248992 
32484 -0.170751 0.41343 
32485 -0.0112295 -0.24536 
32486 -0.0100709 -0.0811688 
32487 -0.00884172 0.0830106 
32488 -0.00755739 0.247404 
32489 -0.00617265 0.411745 
32490 0.152688 -0.246308 
32491 0.153807 -0.0823458 
32492 0.155214 0.0816904 
32493 0.156485 0.245723 
32494 0.157787 0.409889 
32495 0.316196 -0.247224 
32496 0.317584 -0.083544 
32497 0.318787 0.0804159 
32498 0.320105 0.244094 
32499 0.32155 0.408022 
32500 -0.34304 -0.24161 
32501 -0.341496 -0.0774757 
32502 -0.340044 0.0864385 
32503 -0.338159 0.250568 
32504 -0.336393 0.414572 
32505 -0.178847 -0.24278 
32506 -0.177006 -0.0791606 
32507 -0.175586 0.0845517 
32508 -0.173809 0.248334 
32509 -0.172056 0.412295 
32510 -0.0151374 -0.243955 
32511 -0.0133767 -0.0805983 
32512 -0.0117799 0.0826904 
32513 -0.0101143 0.246171 
32514 -0.00834994 0.409751 
32515 0.14796 -0.245291 
32516 0.149782 -0.0824483 
32517 0.151456 0.0808534 
32518 0.153185 0.24411 
32519 0.15495 0.407349 
32520 0.310665 -0.246667 
32521 0.312282 -0.0839231 
32522 0.313971 0.0790883 
32523 0.315785 0.241895 
32524 0.317569 0.404958 
32525 -0.345648 -0.239716 
32526 -0.343569 -0.0763097 
32527 -0.341339 0.0868931 
32528 -0.339306 0.250432 
32529 -0.337242 0.413756 
32530 -0.181985 -0.24128 
32531 -0.1798 -0.0783288 
32532 -0.177645 0.0846188 
32533 -0.175552 0.247772 
32534 -0.173404 0.410768 
32535 -0.018947 -0.242887 
32536 -0.0168269 -0.0802449 
32537 -0.014668 0.0823599 
32538 -0.0125012 0.244915 
32539 -0.010405 0.407679 
32540 0.143358 -0.244598 
32541 0.145602 -0.0822661 
32542 0.147583 0.0799755 
32543 0.149893 0.242331 
32544 0.15206 0.404796 
32545 0.304927 -0.246135 
32546 0.307165 -0.0842667 
32547 0.309428 0.0778424 
32548 0.311519 0.239737 
32549 0.313736 0.401771 
32550 -0.3482 -0.238104 
32551 -0.345443 -0.0754931 
32552 -0.342953 0.0872667 
32553 -0.34056 0.249891 
32554 -0.337922 0.412679 
32555 -0.184929 -0.240072 
32556 -0.18239 -0.0777686 
32557 -0.179828 0.0845213 
32558 -0.177372 0.246744 
32559 -0.174774 0.409194 
32560 -0.0226697 -0.242003 
32561 -0.0199873 -0.0802014 
32562 -0.017602 0.0817005 
32563 -0.0150098 0.24373 
32564 -0.0125346 0.405549 
32565 0.138781 -0.243854 
32566 0.141478 -0.0824731 
32567 0.143948 0.0790541 
32568 0.146513 0.240419 
32569 0.149031 0.401997 
32570 0.299581 -0.245793 
32571 0.30208 -0.0848476 
32572 0.304701 0.0763995 
32573 0.307286 0.237292 
32574 0.309714 0.398381 
32575 -0.350607 -0.236633 
32576 -0.34755 -0.0745842 
32577 -0.344532 0.0874613 
32578 -0.3417 0.249496 
32579 -0.338681 0.411529 
32580 -0.187876 -0.238913 
32581 -0.185054 -0.0772551 
32582 -0.181997 0.0841592 
32583 -0.179008 0.245767 
32584 -0.176246 0.407416 
32585 -0.026333 -0.241151 
32586 -0.023368 -0.0801812 
32587 -0.0204662 0.0809429 
32588 -0.0173982 0.242224 
32589 -0.0145181 0.403147 
32590 0.134295 -0.243479 
32591 0.137333 -0.0827147 
32592 0.140292 0.077929 
32593 0.143228 0.238603 
32594 0.146002 0.399128 
32595 0.294016 -0.245566 
32596 0.296989 -0.08546 
32597 0.300052 0.0747577 
32598 0.302957 0.234857 
32599 0.305837 0.39497 
32600 -0.353095 -0.235324 
32601 -0.34965 -0.073825 
32602 -0.346263 0.0876442 
32603 -0.342866 0.248952 
32604 -0.339408 0.410147 
32605 -0.190952 -0.237844 
32606 -0.187597 -0.0769813 
32607 -0.184099 0.0839538 
32608 -0.180885 0.244768 
32609 -0.177472 0.405501 
32610 -0.0300227 -0.240491 
32611 -0.0266688 -0.0800597 
32612 -0.0234142 0.0802145 
32613 -0.0200167 0.240543 
32614 -0.016623 0.400822 
32615 0.129797 -0.242952 
32616 0.133098 -0.0831556 
32617 0.13644 0.0766497 
32618 0.139916 0.236452 
32619 0.143147 0.396145 
32620 0.288691 -0.245603 
32621 0.291944 -0.0862041 
32622 0.295311 0.0730386 
32623 0.298497 0.232254 
32624 0.301976 0.391437 
32625 -0.355541 -0.234175 
32626 -0.351732 -0.0732655 
32627 -0.347819 0.0874636 
32628 -0.34401 0.248281 
32629 -0.340095 0.408831 
32630 -0.193864 -0.237079 
32631 -0.190198 -0.0767757 
32632 -0.186443 0.0834986 
32633 -0.182611 0.243549 
32634 -0.178903 0.40357 
32635 -0.0336994 -0.239916 
32636 -0.0298729 -0.0803993 
32637 -0.0261799 0.079248 
32638 -0.0224461 0.238925 
32639 -0.0187613 0.398335 
32640 0.125483 -0.242765 
32641 0.129141 -0.0836794 
32642 0.132852 0.07544 
32643 0.136524 0.234227 
32644 0.14027 0.393063 
32645 0.283336 -0.245689 
32646 0.286995 -0.0870607 
32647 0.290693 0.0712326 
32648 0.294303 0.229712 
32649 0.297975 0.387945 
32650 -0.358053 -0.233096 
32651 -0.353648 -0.0727852 
32652 -0.349498 0.0872958 
32653 -0.345132 0.247281 
32654 -0.340899 0.407288 
32655 -0.197062 -0.236438 
32656 -0.19271 -0.0767854 
32657 -0.188593 0.0827894 
32658 -0.184469 0.2422 
32659 -0.180203 0.401457 
32660 -0.0372643 -0.239437 
32661 -0.0331096 -0.0805071 
32662 -0.0290442 0.078284 
32663 -0.025074 0.237076 
32664 -0.0208579 0.395531 
32665 0.121056 -0.242659 
32666 0.125068 -0.084366 
32667 0.129075 0.07393 
32668 0.133273 0.231798 
32669 0.137316 0.389926 
32670 0.278149 -0.24562 
32671 0.282109 -0.0880684 
32672 0.286048 0.069418 
32673 0.290074 0.226935 
32674 0.294094 0.384257 
32675 -0.360613 -0.232233 
32676 -0.355879 -0.0725294 
32677 -0.351018 0.0869246 
32678 -0.346228 0.246207 
32679 -0.341694 0.40545 
32680 -0.199914 -0.235677 
32681 -0.195324 -0.0768115 
32682 -0.190759 0.0819596 
32683 -0.186228 0.240598 
32684 -0.181522 0.399175 
32685 -0.0408599 -0.23915 
32686 -0.0364394 -0.081039 
32687 -0.0319448 0.0772034 
32688 -0.0274602 0.235059 
32689 -0.0229614 0.393061 
32690 0.116734 -0.242462 
32691 0.121198 -0.0850875 
32692 0.125539 0.0723647 
32693 0.129925 0.229468 
32694 0.134318 0.386609 
32695 0.272853 -0.245861 
32696 0.277072 -0.0890506 
32697 0.281433 0.0674645 
32698 0.285749 0.224012 
32699 0.290025 0.380417 
32700 -0.362905 -0.231571 
32701 -0.357838 -0.0723479 
32702 -0.352656 0.0865426 
32703 -0.347646 0.245279 
32704 -0.342348 0.403728 
32705 -0.202907 -0.235399 
32706 -0.197953 -0.0769431 
32707 -0.192986 0.0811066 
32708 -0.187996 0.23904 
32709 -0.182891 0.396824 
32710 -0.0444921 -0.239105 
32711 -0.039737 -0.0813464 
32712 -0.0347638 0.0758964 
32713 -0.0299754 0.233088 
32714 -0.0250766 0.38999 
32715 0.112349 -0.242757 
32716 0.117095 -0.0858235 
32717 0.121813 0.0707021 
32718 0.126543 0.227129 
32719 0.13132 0.383243 
32720 0.267818 -0.246207 
32721 0.272326 -0.0902625 
32722 0.276989 0.0654481 
32723 0.281557 0.221076 
32724 0.286065 0.376556 
32725 -0.365471 -0.230806 
32726 -0.359918 -0.0722594 
32727 -0.354211 0.0859149 
32728 -0.348764 0.243939 
32729 -0.343166 0.401615 
32730 -0.20585 -0.234875 
32731 -0.200547 -0.0772125 
32732 -0.195057 0.080236 
32733 -0.18968 0.237444 
32734 -0.184437 0.394252 
32735 -0.0480944 -0.238882 
32736 -0.0429396 -0.0821753 
32737 -0.0376839 0.0745844 
32738 -0.0322162 0.231056 
32739 -0.0272904 0.386981 
32740 0.108051 -0.242912 
32741 0.113223 -0.0866825 
32742 0.118212 0.0690972 
32743 0.123223 0.224626 
32744 0.128306 0.379812 
32745 0.262524 -0.246811 
32746 0.267478 -0.0914436 
32747 0.272527 0.0635647 
32748 0.27725 0.218333 
32749 0.282298 0.372693 
32750 -0.368049 -0.230566 
32751 -0.361877 -0.0723979 
32752 -0.355939 0.0852078 
32753 -0.349914 0.242654 
32754 -0.344084 0.399599 
32755 -0.208798 -0.234796 
32756 -0.203221 -0.0775708 
32757 -0.197264 0.0791555 
32758 -0.191572 0.23558 
32759 -0.185954 0.391775 
32760 -0.0515654 -0.239002 
32761 -0.0461112 -0.0825838 
32762 -0.0404502 0.0731613 
32763 -0.0348443 0.228876 
32764 -0.0293921 0.383925 
32765 0.103826 -0.243007 
32766 0.10926 -0.087805 
32767 0.114523 0.0671857 
32768 0.119968 0.221974 
32769 0.125231 0.376332 
32770 0.257611 -0.24713 
32771 0.262869 -0.0927822 
32772 0.267896 0.0612994 
32773 0.273097 0.21515 
32774 0.278236 0.368816 
32775 -0.370403 -0.230097 
32776 -0.363983 -0.0726759 
32777 -0.357596 0.0843019 
32778 -0.351209 0.241114 
32779 -0.344795 0.397193 
32780 -0.211675 -0.23463 
32781 -0.205654 -0.0780078 
32782 -0.199474 0.0780036 
32783 -0.193282 0.233861 
32784 -0.187313 0.388999 
32785 -0.0550888 -0.23905 
32786 -0.0492161 -0.0834308 
32787 -0.0432869 0.0717026 
32788 -0.0374598 0.226512 
32789 -0.0315821 0.380907 
32790 0.0996164 -0.243585 
32791 0.105379 -0.0889008 
32792 0.110969 0.0653342 
32793 0.116702 0.219247 
32794 0.122235 0.372805 
32795 0.252652 -0.247914 
32796 0.258068 -0.0941811 
32797 0.263399 0.0591956 
32798 0.268816 0.212225 
32799 0.274162 0.364766 
32800 -0.372817 -0.22988 
32801 -0.366055 -0.0729014 
32802 -0.359172 0.0834766 
32803 -0.352474 0.23952 
32804 -0.34568 0.395115 
32805 -0.214698 -0.234549 
32806 -0.208049 -0.0786587 
32807 -0.201678 0.0767625 
32808 -0.195347 0.231832 
32809 -0.188906 0.386275 
32810 -0.0585199 -0.239262 
32811 -0.0523584 -0.0845072 
32812 -0.0461864 0.0700367 
32813 -0.0401506 0.224095 
32814 -0.0337703 0.377674 
32815 0.095511 -0.24405 
32816 0.101486 -0.0899358 
32817 0.107381 0.063425 
32818 0.113233 0.21657 
32819 0.119198 0.369089 
32820 0.247564 -0.248522 
32821 0.253179 -0.0956533 
32822 0.258906 0.0570674 
32823 0.264597 0.209097 
32824 0.270268 0.360763 
32825 -0.375237 -0.229787 
32826 -0.368024 -0.0732442 
32827 -0.360864 0.0824413 
32828 -0.353767 0.237736 
32829 -0.346704 0.392518 
32830 -0.217556 -0.234889 
32831 -0.210716 -0.0794045 
32832 -0.204048 0.075435 
32833 -0.197049 0.229537 
32834 -0.190279 0.383315 
32835 -0.0620091 -0.239718 
32836 -0.0555848 -0.0854284 
32837 -0.0489622 0.0683268 
32838 -0.0425615 0.221648 
32839 -0.0360601 0.374293 
32840 0.0914859 -0.244733 
32841 0.0975649 -0.0912484 
32842 0.103771 0.0616129 
32843 0.110012 0.213699 
32844 0.116035 0.365485 
32845 0.24275 -0.249299 
32846 0.248689 -0.0970469 
32847 0.254608 0.0546971 
32848 0.260358 0.205795 
32849 0.266284 0.35668 
32850 -0.377783 -0.229979 
32851 -0.370147 -0.0741043 
32852 -0.362491 0.0812441 
32853 -0.355078 0.236001 
32854 -0.347501 0.389778 
32855 -0.220406 -0.235163 
32856 -0.213063 -0.0803102 
32857 -0.20613 0.0739169 
32858 -0.198875 0.22751 
32859 -0.191772 0.380289 
32860 -0.0655145 -0.240276 
32861 -0.0585302 -0.0864701 
32862 -0.051889 0.0666838 
32863 -0.0450706 0.21897 
32864 -0.0383303 0.370834 
32865 0.0874107 -0.245349 
32866 0.0937466 -0.0925094 
32867 0.100231 0.0593896 
32868 0.106525 0.210951 
32869 0.112963 0.361699 
32870 0.237851 -0.250114 
32871 0.244041 -0.0986718 
32872 0.250133 0.0524004 
32873 0.256199 0.202718 
32874 0.262224 0.352471 
32875 -0.380032 -0.230016 
32876 -0.372148 -0.0746558 
32877 -0.364161 0.0800487 
32878 -0.35629 0.234142 
32879 -0.348508 0.387286 
32880 -0.223263 -0.235456 
32881 -0.2158 -0.0812546 
32882 -0.208257 0.0723911 
32883 -0.200878 0.22518 
32884 -0.193289 0.377262 
32885 -0.0687541 -0.240664 
32886 -0.0618035 -0.0875431 
32887 -0.0546476 0.0646581 
32888 -0.0475799 0.216374 
32889 -0.0404468 0.36746 
32890 0.0832091 -0.245986 
32891 0.0900537 -0.093857 
32892 0.0965474 0.0573403 
32893 0.103287 0.207851 
32894 0.109806 0.35776 
32895 0.233181 -0.251066 
32896 0.239452 -0.100172 
32897 0.245685 0.0498955 
32898 0.251884 0.199424 
32899 0.258217 0.348223 
