32500 -0.333263 -0.249918 
32501 -0.333345 -0.0834004 
32502 -0.333244 0.0833824 
32503 -0.333336 0.25005 
32504 -0.333324 0.416574 
32505 -0.166633 -0.250051 
32506 -0.166747 -0.0832606 
32507 -0.166663 0.0831781 
32508 -0.166593 0.249989 
32509 -0.166557 0.416748 
32510 2.58439e-05 -0.250004 
32511 -3.38783e-05 -0.0834365 
32512 4.242e-06 0.0832816 
32513 4.07882e-05 0.250047 
32514 3.1419e-05 0.416629 
32515 0.16666 -0.250083 
32516 0.166605 -0.083292 
32517 0.166763 0.0833175 
32518 0.166713 0.250008 
32519 0.166692 0.416727 
32520 0.333366 -0.250108 
32521 0.333389 -0.083291 
32522 0.33334 0.0833488 
32523 0.333314 0.250015 
32524 0.333501 0.416672 
32525 -0.335915 -0.248287 
32526 -0.335422 -0.0823102 
32527 -0.335058 0.0837916 
32528 -0.334558 0.249878 
32529 -0.334171 0.415763 
32530 -0.169776 -0.248402 
32531 -0.169369 -0.0825447 
32532 -0.168934 0.0833945 
32533 -0.168495 0.249234 
32534 -0.168024 0.415079 
32535 -0.00384737 -0.248882 
32536 -0.00338905 -0.0829357 
32537 -0.00293504 0.0827978 
32538 -0.00266363 0.248678 
32539 -0.00204577 0.414571 
32540 0.161874 -0.249217 
32541 0.162417 -0.0833415 
32542 0.162838 0.0823238 
32543 0.163248 0.248135 
32544 0.163682 0.413857 
32545 0.327418 -0.249573 
32546 0.328083 -0.08385 
32547 0.328419 0.0818639 
32548 0.328793 0.247375 
32549 0.329303 0.413208 
32550 -0.3384 -0.246625 
32551 -0.337526 -0.0812946 
32552 -0.336529 0.0840104 
32553 -0.335669 0.249082 
32554 -0.3347 0.414792 
32555 -0.172895 -0.247268 
32556 -0.171971 -0.0820679 
32557 -0.171044 0.0830439 
32558 -0.170271 0.248346 
32559 -0.169438 0.413344 
32560 -0.00768034 -0.247906 
32561 -0.00688911 -0.0827565 
32562 -0.00604126 0.0821888 
32563 -0.00505145 0.247228 
32564 -0.00418562 0.412132 
32565 0.157349 -0.248566 
32566 0.158188 -0.0835928 
32567 0.158962 0.0812086 
32568 0.15979 0.246282 
32569 0.16078 0.411057 
32570 0.321803 -0.249172 
32571 0.322634 -0.084336 
32572 0.323574 0.080354 
32573 0.324386 0.245076 
32574 0.325257 0.409863 
32575 -0.340781 -0.245057 
32576 -0.339566 -0.0803879 
32577 -0.338169 0.0842314 
32578 -0.336915 0.248938 
32579 -0.335614 0.413395 
32580 -0.175955 -0.246132 
32581 -0.174616 -0.0815117 
32582 -0.173318 0.0827914 
32583 -0.171974 0.247247 
32584 -0.170633 0.411604 
32585 -0.0114497 -0.246952 
32586 -0.0101509 -0.0826719 
32587 -0.00889231 0.0815908 
32588 -0.00738692 0.245627 
32589 -0.00632951 0.409673 
32590 0.15262 -0.248057 
32591 0.153868 -0.0840034 
32592 0.155316 0.0800526 
32593 0.156384 0.244056 
32594 0.157576 0.408036 
32595 0.316194 -0.249053 
32596 0.317374 -0.0852028 
32597 0.318732 0.0786938 
32598 0.320072 0.242385 
32599 0.321251 0.406218 
32600 -0.343436 -0.243763 
32601 -0.34157 -0.0795757 
32602 -0.339811 0.0842743 
32603 -0.33799 0.248113 
32604 -0.336201 0.412142 
32605 -0.179117 -0.245022 
32606 -0.177236 -0.0813658 
32607 -0.175504 0.0824753 
32608 -0.173839 0.246078 
32609 -0.171917 0.409785 
32610 -0.0151562 -0.246364 
32611 -0.013507 -0.0827549 
32612 -0.0118719 0.0806546 
32613 -0.0101161 0.244049 
32614 -0.00841689 0.407113 
32615 0.148088 -0.247632 
32616 0.14967 -0.0843222 
32617 0.151325 0.0787795 
32618 0.153043 0.241873 
32619 0.154676 0.404923 
32620 0.310605 -0.248979 
32621 0.312323 -0.0860361 
32622 0.313931 0.0768628 
32623 0.315543 0.239648 
32624 0.317279 0.402436 
32625 -0.345865 -0.242605 
32626 -0.343705 -0.0790248 
32627 -0.341417 0.084272 
32628 -0.339288 0.247407 
32629 -0.336833 0.410515 
32630 -0.182128 -0.244227 
32631 -0.179859 -0.0810696 
32632 -0.177725 0.0820381 
32633 -0.175619 0.244842 
32634 -0.173289 0.407571 
32635 -0.0189933 -0.245839 
32636 -0.0169315 -0.0830098 
32637 -0.0147258 0.0794141 
32638 -0.0126545 0.242168 
32639 -0.0105566 0.404646 
32640 0.143398 -0.247369 
32641 0.1454 -0.0848317 
32642 0.147689 0.0773474 
32643 0.149672 0.239528 
32644 0.151541 0.401686 
32645 0.305209 -0.248958 
32646 0.307186 -0.0867874 
32647 0.309111 0.075134 
32648 0.311183 0.236901 
32649 0.313116 0.398625 
32650 -0.348421 -0.241607 
32651 -0.345676 -0.0786043 
32652 -0.343107 0.0840182 
32653 -0.340515 0.246704 
32654 -0.337689 0.408987 
32655 -0.185036 -0.24336 
32656 -0.182514 -0.0810502 
32657 -0.179907 0.081181 
32658 -0.177365 0.243346 
32659 -0.1747 0.405338 
32660 -0.0226477 -0.245383 
32661 -0.020155 -0.0831546 
32662 -0.0177097 0.0785572 
32663 -0.0151784 0.240318 
32664 -0.0127622 0.401828 
32665 0.138895 -0.247248 
32666 0.141278 -0.0855123 
32667 0.143715 0.0758097 
32668 0.146185 0.237286 
32669 0.148606 0.398318 
32670 0.299772 -0.249092 
32671 0.302058 -0.0878615 
32672 0.304275 0.0730916 
32673 0.306623 0.234105 
32674 0.309191 0.394802 
32675 -0.350989 -0.240806 
32676 -0.347731 -0.0784663 
32677 -0.344721 0.0836675 
32678 -0.341576 0.245378 
32679 -0.338491 0.407165 
32680 -0.188073 -0.242854 
32681 -0.18511 -0.0810811 
32682 -0.182098 0.080494 
32683 -0.179184 0.241839 
32684 -0.176206 0.403189 
32685 -0.0264419 -0.245156 
32686 -0.0234342 -0.0837663 
32687 -0.0205434 0.0774669 
32688 -0.017614 0.238173 
32689 -0.0146873 0.399073 
32690 0.134389 -0.247223 
32691 0.137309 -0.086384 
32692 0.140079 0.0741745 
32693 0.142749 0.234715 
32694 0.145639 0.394766 
32695 0.294426 -0.249325 
32696 0.296946 -0.0889934 
32697 0.299704 0.0711182 
32698 0.302298 0.231191 
32699 0.304999 0.390939 
32700 -0.353354 -0.239897 
32701 -0.349837 -0.0782375 
32702 -0.346213 0.0831384 
32703 -0.342739 0.244431 
32704 -0.339206 0.405245 
32705 -0.191141 -0.242431 
32706 -0.187746 -0.0813124 
32707 -0.18431 0.0796607 
32708 -0.180868 0.24028 
32709 -0.177556 0.400547 
32710 -0.0299794 -0.244693 
32711 -0.0268178 -0.0842538 
32712 -0.0235434 0.0761809 
32713 -0.0201834 0.236203 
32714 -0.0169334 0.396012 
32715 0.129953 -0.247315 
32716 0.133064 -0.0872884 
32717 0.136425 0.0726172 
32718 0.13948 0.232005 
32719 0.142604 0.391471 
32720 0.288936 -0.249696 
32721 0.292025 -0.0901899 
32722 0.2951 0.0692464 
32723 0.298003 0.228087 
32724 0.301064 0.386892 
32725 -0.355984 -0.239414 
32726 -0.35191 -0.0783015 
32727 -0.347858 0.0824043 
32728 -0.34396 0.243119 
32729 -0.339884 0.40323 
32730 -0.194224 -0.242 
32731 -0.190304 -0.0816126 
32732 -0.186423 0.0785727 
32733 -0.182838 0.238469 
32734 -0.17888 0.398046 
32735 -0.0337004 -0.244873 
32736 -0.0299867 -0.0849101 
32737 -0.0265123 0.074644 
32738 -0.0227225 0.233943 
32739 -0.0191657 0.392917 
32740 0.12567 -0.24749 
32741 0.129044 -0.0882166 
32742 0.132613 0.0708634 
32743 0.13601 0.229447 
32744 0.139504 0.387817 
32745 0.283782 -0.250204 
32746 0.287172 -0.0914502 
32747 0.290346 0.067111 
32748 0.293622 0.225055 
32749 0.296882 0.382827 
32750 -0.358341 -0.238729 
32751 -0.353877 -0.0783417 
32752 -0.349435 0.0818528 
32753 -0.345087 0.241647 
32754 -0.340667 0.400967 
32755 -0.197057 -0.241823 
32756 -0.19305 -0.0820271 
32757 -0.188662 0.0775316 
32758 -0.184506 0.236616 
32759 -0.180399 0.395243 
32760 -0.0372485 -0.244745 
32761 -0.0332344 -0.085545 
32762 -0.0290933 0.0733098 
32763 -0.0253044 0.23169 
32764 -0.0212817 0.389795 
32765 0.121406 -0.247761 
32766 0.124986 -0.0893585 
32767 0.128799 0.0689961 
32768 0.132637 0.226706 
32769 0.136502 0.384158 
32770 0.27859 -0.25071 
32771 0.282141 -0.0927135 
32772 0.285814 0.0648221 
32773 0.289244 0.221756 
32774 0.292953 0.378609 
32775 -0.36083 -0.238554 
32776 -0.355937 -0.0784631 
32777 -0.35124 0.0809847 
32778 -0.346416 0.240027 
32779 -0.341515 0.39875 
32780 -0.200093 -0.24169 
32781 -0.195573 -0.0825871 
32782 -0.190964 0.0762082 
32783 -0.18635 0.234693 
32784 -0.181812 0.392446 
32785 -0.0408051 -0.245004 
32786 -0.0365069 -0.0865046 
32787 -0.0321922 0.0716354 
32788 -0.0279052 0.229409 
32789 -0.0235929 0.38637 
32790 0.116981 -0.248227 
32791 0.121083 -0.0903591 
32792 0.12519 0.0669242 
32793 0.12923 0.223921 
32794 0.13344 0.380458 
32795 0.273394 -0.251421 
32796 0.277405 -0.0943418 
32797 0.281126 0.0623561 
32798 0.284931 0.218646 
32799 0.288761 0.374427 
32800 -0.363272 -0.238289 
32801 -0.358037 -0.0788899 
32802 -0.352841 0.0798852 
32803 -0.347648 0.238536 
32804 -0.342276 0.39626 
32805 -0.203059 -0.241861 
32806 -0.198034 -0.0830956 
32807 -0.193105 0.0750924 
32808 -0.188174 0.232556 
32809 -0.183216 0.389659 
32810 -0.0444693 -0.245185 
32811 -0.039733 -0.0874615 
32812 -0.0350358 0.0699232 
32813 -0.0304275 0.226742 
32814 -0.025857 0.383038 
32815 0.112774 -0.248767 
32816 0.117078 -0.0915653 
32817 0.121584 0.0650043 
32818 0.125977 0.221057 
32819 0.130093 0.3767 
32820 0.26827 -0.252166 
32821 0.272523 -0.0958848 
32822 0.276462 0.0600015 
32823 0.280558 0.21547 
32824 0.284726 0.370264 
32825 -0.365715 -0.238281 
32826 -0.360024 -0.0794704 
32827 -0.354337 0.0787873 
32828 -0.348781 0.236539 
32829 -0.343185 0.393588 
32830 -0.205934 -0.242066 
32831 -0.200576 -0.0838568 
32832 -0.195244 0.0734831 
32833 -0.189952 0.23045 
32834 -0.184876 0.386798 
32835 -0.0479073 -0.245709 
32836 -0.0427783 -0.0883837 
32837 -0.0379203 0.0681662 
32838 -0.0329885 0.224418 
32839 -0.0280348 0.379665 
32840 0.1085 -0.249323 
32841 0.113203 -0.0929568 
32842 0.117756 0.062877 
32843 0.122538 0.218085 
32844 0.127078 0.372732 
32845 0.263363 -0.252845 
32846 0.26775 -0.0973163 
32847 0.271962 0.0576643 
32848 0.276274 0.212136 
32849 0.280574 0.365984 
32850 -0.368126 -0.23826 
32851 -0.362113 -0.0800035 
32852 -0.356087 0.0778562 
32853 -0.350138 0.23478 
32854 -0.344136 0.39105 
32855 -0.208746 -0.242234 
32856 -0.203137 -0.0847943 
32857 -0.197573 0.0720958 
32858 -0.191958 0.228206 
32859 -0.186274 0.383592 
32860 -0.0513789 -0.24618 
32861 -0.0460919 -0.0894581 
32862 -0.0409379 0.0662864 
32863 -0.0355668 0.221519 
32864 -0.0302865 0.376254 
32865 0.104374 -0.249958 
32866 0.109261 -0.0943642 
32867 0.114152 0.0606541 
32868 0.118988 0.215106 
32869 0.124026 0.368837 
32870 0.258221 -0.253615 
32871 0.262829 -0.0989592 
32872 0.267525 0.0553246 
32873 0.271898 0.208659 
32874 0.276625 0.361715 
32875 -0.370572 -0.238524 
32876 -0.364179 -0.0805358 
32877 -0.357742 0.0763948 
32878 -0.351293 0.232706 
32879 -0.344915 0.388252 
32880 -0.211814 -0.242594 
32881 -0.205625 -0.0857008 
32882 -0.199652 0.0704663 
32883 -0.193758 0.225784 
32884 -0.187863 0.38036 
32885 -0.0548021 -0.246707 
32886 -0.0491383 -0.0907123 
32887 -0.043544 0.0644424 
32888 -0.0381323 0.218848 
32889 -0.0326772 0.372684 
32890 0.100229 -0.250683 
32891 0.105452 -0.0957535 
32892 0.110522 0.058653 
32893 0.115721 0.212023 
32894 0.120754 0.364859 
32895 0.253365 -0.254735 
32896 0.258248 -0.100505 
32897 0.262972 0.0528641 
32898 0.267736 0.20543 
32899 0.272482 0.357332 
32900 -0.373 -0.238699 
32901 -0.366197 -0.0815138 
32902 -0.359298 0.0751226 
32903 -0.352714 0.230732 
32904 -0.34585 0.385388 
32905 -0.214607 -0.243066 
32906 -0.208254 -0.0867923 
32907 -0.201838 0.0687829 
32908 -0.195625 0.223417 
32909 -0.189486 0.377141 
32910 -0.0582557 -0.247362 
32911 -0.0523553 -0.0920468 
32912 -0.0465024 0.0624473 
32913 -0.0406472 0.216183 
32914 -0.03501 0.369034 
32915 0.0961362 -0.25156 
32916 0.101631 -0.0972136 
32917 0.106918 0.0562364 
32918 0.112248 0.209106 
32919 0.117541 0.36091 
32920 0.248444 -0.255771 
32921 0.253544 -0.102321 
32922 0.258406 0.0502725 
32923 0.263396 0.202075 
32924 0.268197 0.353007 
32925 -0.375432 -0.239183 
32926 -0.368091 -0.0823471 
32927 -0.361074 0.0735401 
32928 -0.354065 0.228382 
32929 -0.346992 0.382466 
32930 -0.217445 -0.243714 
32931 -0.210802 -0.0877525 
32932 -0.204178 0.0669724 
32933 -0.197602 0.220766 
32934 -0.191026 0.37389 
32935 -0.0615442 -0.248065 
32936 -0.0553675 -0.093367 
32937 -0.0492783 0.0605189 
32938 -0.0433403 0.213275 
32939 -0.0373828 0.365416 
32940 0.0922111 -0.252426 
32941 0.0977771 -0.0987767 
32942 0.103366 0.0542019 
32943 0.108848 0.20601 
32944 0.114323 0.356923 
32945 0.24389 -0.256758 
32946 0.249055 -0.104095 
32947 0.253962 0.0477405 
32948 0.259082 0.198583 
32949 0.264127 0.348629 
32950 -0.377697 -0.239713 
32951 -0.37023 -0.0833906 
32952 -0.36272 0.071789 
32953 -0.35524 0.226188 
32954 -0.347945 0.379426 
32955 -0.220242 -0.244286 
32956 -0.213212 -0.0890634 
32957 -0.206357 0.0650422 
32958 -0.199482 0.218305 
32959 -0.192743 0.370468 
32960 -0.0648544 -0.248911 
32961 -0.0584717 -0.0947223 
32962 -0.0523041 0.058452 
32963 -0.0458526 0.210574 
32964 -0.0397269 0.361655 
32965 0.0882648 -0.253361 
32966 0.093892 -0.100324 
32967 0.0998306 0.0517371 
32968 0.105473 0.2028 
32969 0.11116 0.352915 
32970 0.239151 -0.257887 
32971 0.244406 -0.105725 
32972 0.249675 0.0452378 
32973 0.254859 0.195311 
32974 0.259963 0.344332 
32975 -0.380021 -0.240386 
32976 -0.372267 -0.0843991 
32977 -0.36429 0.0702373 
32978 -0.356594 0.223677 
32979 -0.349056 0.376277 
32980 -0.222909 -0.245017 
32981 -0.215662 -0.0902802 
32982 -0.208595 0.0633061 
32983 -0.201433 0.21572 
32984 -0.194563 0.366988 
32985 -0.0682835 -0.249809 
32986 -0.0615517 -0.0961986 
32987 -0.0550407 0.056265 
32988 -0.0486124 0.207649 
32989 -0.0421994 0.357901 
32990 0.0843354 -0.254446 
32991 0.0902693 -0.101997 
32992 0.0962553 0.0493598 
32993 0.102021 0.199776 
32994 0.107942 0.348929 
32995 0.234615 -0.259026 
32996 0.239781 -0.107597 
32997 0.245319 0.0427119 
32998 0.250535 0.191731 
32999 0.255721 0.339949 
