32700 -0.333242 -0.250037 
32701 -0.333343 -0.0834675 
32702 -0.333426 0.0833413 
32703 -0.333313 0.250072 
32704 -0.333352 0.416611 
32705 -0.166746 -0.250042 
32706 -0.166605 -0.0833726 
32707 -0.166757 0.0832497 
32708 -0.166596 0.249919 
32709 -0.166506 0.416527 
32710 -4.34326e-05 -0.249956 
32711 -8.21308e-05 -0.0832905 
32712 7.1467e-05 0.0832575 
32713 4.03586e-05 0.249887 
32714 -6.35379e-05 0.416718 
32715 0.16668 -0.250048 
32716 0.166611 -0.0833965 
32717 0.166587 0.0834434 
32718 0.166648 0.250037 
32719 0.166591 0.416681 
32720 0.333208 -0.249998 
32721 0.333278 -0.0833027 
32722 0.333488 0.0832699 
32723 0.333431 0.250072 
32724 0.333444 0.416622 
32725 -0.335828 -0.249283 
32726 -0.335317 -0.0833467 
32727 -0.334972 0.0826822 
32728 -0.334404 0.248627 
32729 -0.33407 0.414548 
32730 -0.169693 -0.24969 
32731 -0.169281 -0.0835037 
32732 -0.168947 0.082188 
32733 -0.168336 0.247964 
32734 -0.168044 0.413846 
32735 -0.00391936 -0.249974 
32736 -0.00336601 -0.083979 
32737 -0.00302514 0.0818645 
32738 -0.00269756 0.247483 
32739 -0.00210254 0.413231 
32740 0.161955 -0.250167 
32741 0.1623 -0.0844104 
32742 0.162796 0.0813909 
32743 0.163198 0.24709 
32744 0.163379 0.412706 
32745 0.32769 -0.250474 
32746 0.328023 -0.0847759 
32747 0.328419 0.0809604 
32748 0.328723 0.246495 
32749 0.328912 0.412073 
32750 -0.338472 -0.248883 
32751 -0.337414 -0.083497 
32752 -0.336556 0.0819424 
32753 -0.335671 0.247037 
32754 -0.334786 0.412123 
32755 -0.172853 -0.24942 
32756 -0.17201 -0.0842331 
32757 -0.171091 0.0810414 
32758 -0.170255 0.246015 
32759 -0.16944 0.410967 
32760 -0.00757352 -0.249994 
32761 -0.00680061 -0.0848209 
32762 -0.0060165 0.0802609 
32763 -0.00522275 0.245088 
32764 -0.00453302 0.409894 
32765 0.157464 -0.250568 
32766 0.158249 -0.0856368 
32767 0.158689 0.0792914 
32768 0.159537 0.244063 
32769 0.160229 0.408648 
32770 0.322198 -0.25114 
32771 0.322858 -0.0861483 
32772 0.32337 0.0784948 
32773 0.324102 0.243137 
32774 0.324754 0.407495 
32775 -0.340769 -0.248608 
32776 -0.339622 -0.0837674 
32777 -0.338229 0.0810414 
32778 -0.33669 0.24526 
32779 -0.335461 0.409533 
32780 -0.175701 -0.249414 
32781 -0.174602 -0.0848514 
32782 -0.173293 0.0796284 
32783 -0.172211 0.243871 
32784 -0.17087 0.407981 
32785 -0.0113776 -0.250297 
32786 -0.0100098 -0.0857475 
32787 -0.00898357 0.0785057 
32788 -0.0079187 0.242551 
32789 -0.00675913 0.4063 
32790 0.152912 -0.250982 
32791 0.154107 -0.0866713 
32792 0.155047 0.0773049 
32793 0.156038 0.241165 
32794 0.157139 0.404748 
32795 0.316727 -0.251837 
32796 0.317617 -0.0879709 
32797 0.318557 0.0760928 
32798 0.319493 0.239687 
32799 0.320365 0.402963 
32800 -0.343342 -0.248427 
32801 -0.341576 -0.0840076 
32802 -0.33984 0.079977 
32803 -0.338029 0.243636 
32804 -0.336217 0.406876 
32805 -0.178868 -0.249503 
32806 -0.177203 -0.0854776 
32807 -0.175659 0.0782832 
32808 -0.174032 0.241664 
32809 -0.172271 0.404846 
32810 -0.0149912 -0.250448 
32811 -0.0135412 -0.0868274 
32812 -0.0119102 0.0766128 
32813 -0.0104459 0.239705 
32814 -0.00904042 0.402672 
32815 0.148567 -0.251642 
32816 0.149893 -0.0879851 
32817 0.151201 0.075112 
32818 0.152496 0.237762 
32819 0.153773 0.400609 
32820 0.311234 -0.25258 
32821 0.312376 -0.0894452 
32822 0.313641 0.0734627 
32823 0.314912 0.236044 
32824 0.31614 0.398398 
32825 -0.345789 -0.248307 
32826 -0.343571 -0.0847041 
32827 -0.341409 0.0786432 
32828 -0.339165 0.241677 
32829 -0.337009 0.404285 
32830 -0.181904 -0.24975 
32831 -0.179831 -0.0861549 
32832 -0.177781 0.0766578 
32833 -0.17576 0.23933 
32834 -0.173747 0.401618 
32835 -0.0185134 -0.250902 
32836 -0.0167233 -0.0879024 
32837 -0.0149523 0.0746771 
32838 -0.013199 0.23698 
32839 -0.0112845 0.398968 
32840 0.144046 -0.252229 
32841 0.145604 -0.089563 
32842 0.147349 0.0726695 
32843 0.149067 0.234769 
32844 0.150537 0.396256 
32845 0.306026 -0.253491 
32846 0.307395 -0.0911307 
32847 0.308793 0.0708056 
32848 0.310263 0.23244 
32849 0.31167 0.393598 
32850 -0.348218 -0.248465 
32851 -0.345755 -0.085119 
32852 -0.342836 0.0774004 
32853 -0.340422 0.239686 
32854 -0.337804 0.40146 
32855 -0.184754 -0.249861 
32856 -0.182489 -0.0872734 
32857 -0.18005 0.0751726 
32858 -0.177719 0.23685 
32859 -0.175322 0.398327 
32860 -0.0220912 -0.251354 
32861 -0.0199985 -0.0891128 
32862 -0.0178616 0.0727104 
32863 -0.0157579 0.23419 
32864 -0.0135625 0.395169 
32865 0.139647 -0.252987 
32866 0.141509 -0.0909207 
32867 0.143338 0.0705142 
32868 0.145452 0.231573 
32869 0.147238 0.391901 
32870 0.300731 -0.25437 
32871 0.302404 -0.0929744 
32872 0.304158 0.0682967 
32873 0.305742 0.22867 
32874 0.307537 0.388963 
32875 -0.350764 -0.248466 
32876 -0.347686 -0.085935 
32877 -0.344706 0.0760214 
32878 -0.341684 0.237466 
32879 -0.338688 0.398584 
32880 -0.187678 -0.250314 
32881 -0.185048 -0.0882108 
32882 -0.182163 0.0733653 
32883 -0.17961 0.234509 
32884 -0.17688 0.394646 
32885 -0.0257557 -0.252046 
32886 -0.0232373 -0.0903404 
32887 -0.0208742 0.0708045 
32888 -0.0183806 0.231296 
32889 -0.0158594 0.391253 
32890 0.135386 -0.253608 
32891 0.137462 -0.0925799 
32892 0.139683 0.06803 
32893 0.141919 0.228213 
32894 0.144045 0.387752 
32895 0.295434 -0.255362 
32896 0.297355 -0.0946672 
32897 0.299385 0.0655472 
32898 0.301267 0.225241 
32899 0.303124 0.384195 
32900 -0.353158 -0.248822 
32901 -0.34964 -0.0870175 
32902 -0.346396 0.0746209 
32903 -0.342921 0.235257 
32904 -0.339381 0.395472 
32905 -0.190603 -0.250784 
32906 -0.187674 -0.089287 
32907 -0.184563 0.0715463 
32908 -0.18165 0.231864 
32909 -0.178457 0.391374 
32910 -0.0292173 -0.25268 
32911 -0.0264197 -0.0917044 
32912 -0.023706 0.0687234 
32913 -0.0209432 0.228216 
32914 -0.0183313 0.387468 
32915 0.131067 -0.254562 
32916 0.133514 -0.0940936 
32917 0.135992 0.0655865 
32918 0.138412 0.22487 
32919 0.140755 0.383484 
32920 0.290422 -0.256554 
32921 0.292541 -0.0965569 
32922 0.294456 0.0627288 
32923 0.296679 0.221429 
32924 0.298783 0.379444 
32925 -0.355673 -0.249401 
32926 -0.35173 -0.0878722 
32927 -0.347892 0.0729216 
32928 -0.344225 0.233058 
32929 -0.340427 0.392167 
32930 -0.193568 -0.251429 
32931 -0.190126 -0.0904544 
32932 -0.186714 0.0696592 
32933 -0.183323 0.22919 
32934 -0.18015 0.387808 
32935 -0.0327756 -0.253476 
32936 -0.0296816 -0.0930837 
32937 -0.0267309 0.0664108 
32938 -0.0237256 0.225159 
32939 -0.0207771 0.383405 
32940 0.126873 -0.255527 
32941 0.129566 -0.0959159 
32942 0.132136 0.0632784 
32943 0.134628 0.221522 
32944 0.137432 0.379032 
32945 0.285342 -0.257572 
32946 0.287629 -0.0984119 
32947 0.289942 0.0601255 
32948 0.292099 0.217773 
32949 0.294419 0.374675 
32950 -0.357941 -0.249878 
32951 -0.353673 -0.0888848 
32952 -0.349628 0.0711806 
32953 -0.345321 0.230672 
32954 -0.341279 0.388896 
32955 -0.196328 -0.252158 
32956 -0.192673 -0.0917581 
32957 -0.189015 0.067733 
32958 -0.185262 0.226335 
32959 -0.181506 0.384176 
32960 -0.0361645 -0.254226 
32961 -0.032952 -0.0945131 
32962 -0.0296616 0.0641421 
32963 -0.0264765 0.222211 
32964 -0.0231101 0.379378 
32965 0.122752 -0.256584 
32966 0.125707 -0.097451 
32967 0.128403 0.0606395 
32968 0.131236 0.217944 
32969 0.134002 0.374613 
32970 0.280439 -0.258746 
32971 0.282666 -0.100236 
32972 0.285209 0.0571293 
32973 0.287578 0.214001 
32974 0.290027 0.369968 
32975 -0.360195 -0.250353 
32976 -0.355914 -0.0900938 
32977 -0.351361 0.0695017 
32978 -0.346789 0.227963 
32979 -0.342428 0.385667 
32980 -0.199189 -0.25291 
32981 -0.195181 -0.093132 
32982 -0.19108 0.0656161 
32983 -0.187417 0.223552 
32984 -0.183307 0.38051 
32985 -0.0395358 -0.255186 
32986 -0.0360427 -0.0962255 
32987 -0.0326227 0.0619484 
32988 -0.029063 0.219184 
32989 -0.0255615 0.375392 
32990 0.118617 -0.257678 
32991 0.121543 -0.0991686 
32992 0.124816 0.0580485 
32993 0.127774 0.214583 
32994 0.130603 0.370158 
32995 0.275482 -0.260005 
32996 0.277987 -0.10225 
32997 0.280689 0.0544882 
32998 0.283176 0.210386 
32999 0.285503 0.365238 
33000 -0.362633 -0.251291 
33001 -0.357697 -0.0912604 
33002 -0.352768 0.0675345 
33003 -0.347989 0.225512 
33004 -0.343362 0.382028 
33005 -0.202014 -0.253734 
33006 -0.197742 -0.0945865 
33007 -0.193332 0.0636033 
33008 -0.189148 0.220647 
33009 -0.184955 0.376777 
33010 -0.0428552 -0.25623 
33011 -0.0393304 -0.097768 
33012 -0.035449 0.0595551 
33013 -0.0317745 0.21601 
33014 -0.0280008 0.371221 
33015 0.114646 -0.258841 
33016 0.117729 -0.10107 
33017 0.121041 0.0555243 
33018 0.124084 0.21123 
33019 0.127132 0.365763 
33020 0.270566 -0.261167 
33021 0.273299 -0.104363 
33022 0.275862 0.0516454 
33023 0.278478 0.206457 
33024 0.281193 0.360439 
33025 -0.364832 -0.252154 
33026 -0.359666 -0.0926319 
33027 -0.354398 0.0655853 
33028 -0.349544 0.222852 
33029 -0.344465 0.378716 
33030 -0.204754 -0.254797 
33031 -0.200254 -0.0962187 
33032 -0.195653 0.0614704 
33033 -0.191178 0.21765 
33034 -0.186845 0.372878 
33035 -0.0462829 -0.257294 
33036 -0.0423749 -0.0993854 
33037 -0.0384435 0.0572296 
33038 -0.0346119 0.212739 
33039 -0.030659 0.367094 
33040 0.110571 -0.259844 
33041 0.11391 -0.102866 
33042 0.117352 0.052979 
33043 0.120531 0.207731 
33044 0.123919 0.361473 
33045 0.265839 -0.262475 
33046 0.268558 -0.106226 
33047 0.271217 0.0488504 
33048 0.274017 0.202832 
33049 0.276721 0.355675 
33050 -0.367124 -0.252997 
33051 -0.361866 -0.0941728 
33052 -0.356223 0.063623 
33053 -0.350852 0.220006 
33054 -0.345602 0.37514 
33055 -0.20752 -0.255818 
33056 -0.202706 -0.09764 
33057 -0.198013 0.0591077 
33058 -0.193179 0.21476 
33059 -0.188389 0.369101 
33060 -0.0496179 -0.258466 
33061 -0.0453546 -0.101235 
33062 -0.0413302 0.0545672 
33063 -0.0372819 0.209453 
33064 -0.0332635 0.362993 
33065 0.106693 -0.261176 
33066 0.110142 -0.104718 
33067 0.113451 0.0504428 
33068 0.117115 0.204361 
33069 0.120389 0.356951 
33070 0.261117 -0.26383 
33071 0.263885 -0.108186 
33072 0.26679 0.0461982 
33073 0.26965 0.199259 
33074 0.272285 0.351062 
33075 -0.36956 -0.254143 
33076 -0.363724 -0.0956361 
33077 -0.357987 0.0615614 
33078 -0.352323 0.217201 
33079 -0.346747 0.3715 
33080 -0.210226 -0.256851 
33081 -0.205304 -0.099277 
33082 -0.200104 0.0568027 
33083 -0.195338 0.21177 
33084 -0.190353 0.365189 
33085 -0.052877 -0.259611 
33086 -0.0485181 -0.102955 
33087 -0.0442413 0.0523769 
33088 -0.0399096 0.206211 
33089 -0.0357826 0.358904 
33090 0.102644 -0.262472 
33091 0.106438 -0.106561 
33092 0.109866 0.0477243 
33093 0.113396 0.200787 
33094 0.116884 0.352525 
33095 0.25648 -0.265029 
33096 0.259378 -0.110153 
33097 0.262162 0.0433789 
33098 0.26504 0.19543 
33099 0.267831 0.346437 
33100 -0.371649 -0.255339 
33101 -0.365681 -0.097123 
33102 -0.359615 0.059258 
33103 -0.35375 0.214288 
33104 -0.348056 0.367874 
33105 -0.212871 -0.257966 
33106 -0.207642 -0.101067 
33107 -0.202407 0.0545404 
33108 -0.197237 0.208612 
33109 -0.192256 0.361237 
33110 -0.0559415 -0.260854 
33111 -0.0514965 -0.104694 
33112 -0.047109 0.0498485 
33113 -0.0427729 0.202954 
33114 -0.0384997 0.354666 
33115 0.0987992 -0.2636 
33116 0.102603 -0.10857 
33117 0.106187 0.0452763 
33118 0.10986 0.197375 
33119 0.113352 0.348277 
33120 0.251913 -0.266334 
33121 0.254785 -0.112074 
33122 0.257677 0.040597 
33123 0.26059 0.191845 
33124 0.263351 0.341842 
33125 -0.373881 -0.256525 
33126 -0.367636 -0.098867 
33127 -0.361438 0.0568845 
33128 -0.355194 0.211343 
33129 -0.349203 0.36412 
33130 -0.215492 -0.259211 
33131 -0.210055 -0.102677 
33132 -0.204675 0.0521465 
33133 -0.199457 0.205419 
33134 -0.194116 0.357188 
33135 -0.0592342 -0.262122 
33136 -0.0547156 -0.106626 
33137 -0.0500227 0.0471924 
33138 -0.0456553 0.199677 
33139 -0.0411975 0.350571 
33140 0.0951548 -0.264825 
33141 0.098712 -0.110362 
33142 0.102583 0.0425606 
33143 0.106099 0.193875 
33144 0.109948 0.343637 
33145 0.247281 -0.26757 
33146 0.250332 -0.114004 
33147 0.253161 0.0378456 
33148 0.256325 0.18832 
33149 0.259111 0.337186 
33150 -0.376064 -0.257777 
33151 -0.369563 -0.100633 
33152 -0.36307 0.0546636 
33153 -0.356836 0.208429 
33154 -0.350514 0.360411 
33155 -0.218169 -0.260537 
33156 -0.212635 -0.104431 
33157 -0.206936 0.0496476 
33158 -0.201503 0.202289 
33159 -0.196214 0.353305 
33160 -0.0623696 -0.263302 
33161 -0.0576152 -0.108384 
33162 -0.0530333 0.0447661 
33163 -0.0483489 0.196455 
33164 -0.0437599 0.346349 
33165 0.0913208 -0.266115 
33166 0.0950699 -0.112184 
33167 0.0990533 0.039865 
33168 0.102695 0.190512 
33169 0.106396 0.339519 
33170 0.242752 -0.268827 
33171 0.245703 -0.116015 
33172 0.248733 0.0352138 
33173 0.251645 0.184789 
33174 0.254715 0.332657 
33175 -0.378315 -0.259095 
33176 -0.371492 -0.10243 
33177 -0.364914 0.0523755 
33178 -0.358359 0.205258 
33179 -0.351852 0.356571 
33180 -0.220612 -0.261977 
33181 -0.214959 -0.106357 
33182 -0.209296 0.047164 
33183 -0.20359 0.199156 
33184 -0.1981 0.349264 
33185 -0.0652901 -0.264578 
33186 -0.0605407 -0.110405 
33187 -0.0558162 0.0423114 
33188 -0.0512379 0.193121 
33189 -0.0465978 0.342097 
33190 0.087563 -0.267383 
33191 0.0915578 -0.114233 
33192 0.0953074 0.0374359 
33193 0.0991328 0.187133 
33194 0.102788 0.335189 
33195 0.238383 -0.27006 
33196 0.241499 -0.117792 
33197 0.244462 0.0324669 
33198 0.24732 0.181134 
33199 0.250169 0.328183 
