2620 -0.333047 -0.217038 
2621 -0.333285 -0.0170543 
2622 -0.333439 0.18373 
2623 -0.333154 0.383289 
2624 -0.166418 -0.216801 
2625 -0.166397 -0.0169383 
2626 -0.167104 0.183193 
2627 -0.16676 0.383219 
2628 -4.00392e-05 -0.216851 
2629 0.000118688 -0.0169998 
2630 -0.000250662 0.183615 
2631 9.79961e-05 0.383615 
2632 0.167071 -0.216472 
2633 0.166275 -0.016354 
2634 0.167118 0.183696 
2635 0.167093 0.383035 
2636 0.333362 -0.216518 
2637 0.333793 -0.0171534 
2638 0.33369 0.183371 
2639 0.332853 0.383498 
2640 -0.32433 -0.194003 
2641 -0.324424 -0.010129 
2642 -0.325496 0.173832 
2643 -0.32588 0.35709 
2644 -0.171112 -0.19352 
2645 -0.171897 -0.00973754 
2646 -0.171948 0.174002 
2647 -0.171908 0.3569 
2648 -0.0184628 -0.193262 
2649 -0.018357 -0.00985947 
2650 -0.0192772 0.173955 
2651 -0.0187882 0.356923 
2652 0.133672 -0.193244 
2653 0.133595 -0.00927663 
2654 0.133512 0.173677 
2655 0.134021 0.35746 
2656 0.286471 -0.192932 
2657 0.286396 -0.0092258 
2658 0.286514 0.173304 
2659 0.286137 0.356828 
2660 -0.317912 -0.173945 
2661 -0.318175 -0.00389519 
2662 -0.318671 0.166083 
2663 -0.319165 0.335722 
2664 -0.176263 -0.173522 
2665 -0.17631 -0.00399518 
2666 -0.176818 0.165661 
2667 -0.177315 0.336227 
2668 -0.0346637 -0.172353 
2669 -0.0348328 -0.00321586 
2670 -0.0358569 0.165539 
2671 -0.035205 0.335849 
2672 0.105913 -0.172199 
2673 0.106004 -0.00282422 
2674 0.105605 0.165674 
2675 0.105791 0.335176 
2676 0.246091 -0.17143 
2677 0.245825 -0.00260566 
2678 0.246114 0.165621 
2679 0.246262 0.335341 
2680 -0.311467 -0.155673 
2681 -0.312658 0.00155187 
2682 -0.31348 0.160189 
2683 -0.314246 0.318005 
2684 -0.180562 -0.15533 
2685 -0.180574 0.00199635 
2686 -0.181151 0.159481 
2687 -0.182086 0.317448 
2688 -0.0490112 -0.154747 
2689 -0.0493852 0.00275789 
2690 -0.0493492 0.160134 
2691 -0.050162 0.317148 
2692 0.0815708 -0.153701 
2693 0.08154 0.00271104 
2694 0.0808505 0.16007 
2695 0.0814108 0.31671 
2696 0.211956 -0.153154 
2697 0.211905 0.00290225 
2698 0.21136 0.159553 
2699 0.211376 0.316194 
2700 -0.307662 -0.139709 
2701 -0.308211 0.00748141 
2702 -0.308986 0.155029 
2703 -0.310022 0.30301 
2704 -0.184663 -0.139233 
2705 -0.184973 0.00722664 
2706 -0.185389 0.155021 
2707 -0.186498 0.302422 
2708 -0.0613623 -0.138464 
2709 -0.0624678 0.00829378 
2710 -0.0627793 0.154663 
2711 -0.0629887 0.301795 
2712 0.0604209 -0.138126 
2713 0.0595334 0.00784949 
2714 0.0596975 0.154928 
2715 0.0592594 0.301216 
2716 0.181618 -0.137483 
2717 0.18144 0.00872882 
2718 0.181003 0.154179 
2719 0.180904 0.301322 
2720 -0.303485 -0.126015 
2721 -0.304915 0.0121993 
2722 -0.305264 0.151145 
2723 -0.306229 0.289831 
2724 -0.188631 -0.125021 
2725 -0.189308 0.0130719 
2726 -0.189131 0.150866 
2727 -0.190402 0.290037 
2728 -0.0730731 -0.124024 
2729 -0.0733615 0.0132596 
2730 -0.0740841 0.150474 
2731 -0.0748825 0.289335 
2732 0.0414063 -0.123198 
2733 0.0408969 0.0129661 
2734 0.0402037 0.151096 
2735 0.0398387 0.288332 
2736 0.154836 -0.122709 
2737 0.154577 0.0133563 
2738 0.154239 0.150871 
2739 0.154826 0.288026 
2740 -0.301121 -0.112143 
2741 -0.301506 0.0176808 
2742 -0.302398 0.148076 
2743 -0.303366 0.279322 
2744 -0.191781 -0.112037 
2745 -0.192572 0.017301 
2746 -0.193709 0.148004 
2747 -0.193692 0.278678 
2748 -0.0838224 -0.111123 
2749 -0.084348 0.0179048 
2750 -0.0847951 0.147468 
2751 -0.0854961 0.277471 
2752 0.0235672 -0.110901 
2753 0.0237234 0.0177663 
2754 0.0231361 0.147193 
2755 0.0229529 0.276913 
2756 0.13027 -0.109728 
2757 0.130416 0.0183098 
2758 0.130214 0.147043 
2759 0.131026 0.276261 
2760 -0.298813 -0.100428 
2761 -0.298909 0.0225376 
2762 -0.300414 0.145158 
2763 -0.300965 0.269201 
2764 -0.19516 -0.0995899 
2765 -0.195679 0.0226363 
2766 -0.196967 0.145543 
2767 -0.19767 0.268592 
2768 -0.0929605 -0.0994033 
2769 -0.0938343 0.0229243 
2770 -0.0943615 0.144663 
2771 -0.0942992 0.268416 
2772 0.00853122 -0.0984809 
2773 0.0078226 0.0224729 
2774 0.00806325 0.144655 
2775 0.00768563 0.267374 
2776 0.108797 -0.098302 
2777 0.109377 0.0229717 
2778 0.109164 0.144391 
2779 0.109074 0.267044 
2780 -0.296511 -0.0901169 
2781 -0.297189 0.0269152 
2782 -0.299008 0.143628 
2783 -0.299252 0.261942 
2784 -0.199075 -0.0888015 
2785 -0.199163 0.0272144 
2786 -0.200092 0.143547 
2787 -0.201458 0.260454 
2788 -0.101506 -0.0882628 
2789 -0.102277 0.0268338 
2790 -0.102432 0.14356 
2791 -0.102861 0.259584 
2792 -0.00608556 -0.0873917 
2793 -0.00614438 0.0269804 
2794 -0.00605065 0.143324 
2795 -0.00599343 0.259644 
2796 0.0894187 -0.087168 
2797 0.0893196 0.0275617 
2798 0.0896171 0.142125 
2799 0.0898791 0.258317 
2800 -0.295083 -0.0797402 
2801 -0.296507 0.0315298 
2802 -0.29697 0.142631 
2803 -0.298475 0.253957 
2804 -0.202405 -0.0784551 
2805 -0.203279 0.0312266 
2806 -0.203241 0.141818 
2807 -0.204324 0.253566 
2808 -0.110317 -0.0781775 
2809 -0.110986 0.0315897 
2810 -0.110761 0.142217 
2811 -0.110973 0.252582 
2812 -0.0189157 -0.0776684 
2813 -0.0192183 0.0313718 
2814 -0.0190887 0.141497 
2815 -0.0197844 0.251656 
2816 0.0719026 -0.0767278 
2817 0.0720073 0.0316532 
2818 0.071773 0.141214 
2819 0.0720309 0.250848 
2820 -0.294467 -0.0700249 
2821 -0.295418 0.0354602 
2822 -0.296546 0.141427 
2823 -0.296541 0.247758 
2824 -0.205248 -0.069921 
2825 -0.206269 0.0353149 
2826 -0.207112 0.140663 
2827 -0.207911 0.247776 
2828 -0.118058 -0.0685127 
2829 -0.117943 0.0355175 
2830 -0.118676 0.140904 
2831 -0.119099 0.24673 
2832 -0.0305832 -0.0687003 
2833 -0.0304654 0.0355488 
2834 -0.0312154 0.140078 
2835 -0.0307102 0.245649 
2836 0.0557857 -0.0680335 
2837 0.0561006 0.0351414 
2838 0.0553861 0.139958 
2839 0.0560542 0.244371 
2840 -0.29369 -0.0612512 
2841 -0.294761 0.0396985 
2842 -0.295736 0.141379 
2843 -0.296047 0.242584 
2844 -0.208513 -0.0605469 
2845 -0.209753 0.0396519 
2846 -0.210381 0.140065 
2847 -0.21036 0.241344 
2848 -0.124874 -0.0603521 
2849 -0.124907 0.0399949 
2850 -0.125849 0.139827 
2851 -0.125855 0.241177 
2852 -0.041331 -0.0597913 
2853 -0.0420919 0.0395268 
2854 -0.0417964 0.139316 
2855 -0.0419339 0.240209 
2856 0.0410253 -0.0590799 
2857 0.0406346 0.0395024 
2858 0.0404295 0.139134 
2859 0.0411321 0.238753 
2860 -0.293368 -0.0526936 
2861 -0.293716 0.043531 
2862 -0.294715 0.140368 
2863 -0.295934 0.238525 
2864 -0.211899 -0.0528495 
2865 -0.212657 0.0433473 
2866 -0.212872 0.13983 
2867 -0.214225 0.236961 
2868 -0.131359 -0.0524134 
2869 -0.132222 0.0437739 
2870 -0.132587 0.139248 
2871 -0.132506 0.236234 
2872 -0.0520701 -0.0517215 
2873 -0.0526008 0.0428476 
2874 -0.0524773 0.138709 
2875 -0.0526046 0.234855 
2876 0.0263546 -0.0509457 
2877 0.0264871 0.0435769 
2878 0.0265541 0.138579 
2879 0.0268399 0.234117 
2880 -0.29326 -0.0447698 
2881 -0.293609 0.0475301 
2882 -0.294837 0.140089 
2883 -0.295563 0.234473 
2884 -0.215542 -0.0444508 
2885 -0.215714 0.0474393 
2886 -0.216332 0.139757 
2887 -0.21679 0.233023 
2888 -0.138071 -0.0439223 
2889 -0.137961 0.0472164 
2890 -0.138882 0.138952 
2891 -0.138948 0.231432 
2892 -0.0613671 -0.0437986 
2893 -0.0620614 0.046712 
2894 -0.0615492 0.138064 
2895 -0.0623861 0.230634 
2896 0.0137749 -0.044032 
2897 0.0136575 0.0462548 
2898 0.0142411 0.137511 
2899 0.013824 0.229177 
2900 -0.292868 -0.037739 
2901 -0.293484 0.0514157 
2902 -0.294451 0.140597 
2903 -0.295216 0.230171 
2904 -0.218007 -0.0377297 
2905 -0.21855 0.0506915 
2906 -0.219426 0.139367 
2907 -0.219167 0.229319 
2908 -0.143748 -0.0366742 
2909 -0.144399 0.0504323 
2910 -0.14431 0.138633 
2911 -0.144415 0.228066 
2912 -0.0711419 -0.0373756 
2913 -0.0714079 0.0502247 
2914 -0.0704782 0.138239 
2915 -0.0706464 0.226757 
2916 0.00126622 -0.0370064 
2917 0.00148069 0.0505101 
2918 0.00199143 0.137701 
2919 0.00249488 0.225345 
2920 -0.293375 -0.030335 
2921 -0.293696 0.05471 
2922 -0.294113 0.140981 
2923 -0.294745 0.227038 
2924 -0.221182 -0.0299546 
2925 -0.221579 0.0546301 
2926 -0.222322 0.140199 
2927 -0.222841 0.226094 
2928 -0.150441 -0.0301982 
2929 -0.150047 0.0539835 
2930 -0.150517 0.138829 
2931 -0.150072 0.224877 
2932 -0.079552 -0.0299282 
2933 -0.079311 0.0534532 
2934 -0.0798179 0.13862 
2935 -0.0788828 0.223151 
2936 -0.00973304 -0.0297664 
2937 -0.00935883 0.0531174 
2938 -0.00874261 0.137257 
2939 -0.00883945 0.222033 
2940 -0.294193 -0.023714 
2941 -0.293949 0.0583859 
2942 -0.294391 0.140586 
2943 -0.295006 0.223951 
2944 -0.224611 -0.0239336 
2945 -0.22448 0.058179 
2946 -0.225386 0.140051 
2947 -0.22563 0.222773 
2948 -0.155526 -0.0238477 
2949 -0.156075 0.05766 
2950 -0.155831 0.139338 
2951 -0.156145 0.221619 
2952 -0.0880826 -0.0241184 
2953 -0.0872222 0.0571871 
2954 -0.0870797 0.138659 
2955 -0.08714 0.220434 
2956 -0.0202739 -0.0243036 
2957 -0.0199244 0.056149 
2958 -0.0195833 0.136983 
2959 -0.0193813 0.219029 
2960 -0.294627 -0.0174074 
2961 -0.294766 0.0621521 
2962 -0.295285 0.141068 
2963 -0.295317 0.222226 
2964 -0.226963 -0.0172933 
2965 -0.227981 0.0605974 
2966 -0.228028 0.140319 
2967 -0.22791 0.220771 
2968 -0.161056 -0.0176634 
2969 -0.1612 0.0603739 
2970 -0.160563 0.139679 
2971 -0.161418 0.218631 
2972 -0.0956161 -0.018414 
2973 -0.095542 0.0596883 
2974 -0.0949311 0.138378 
2975 -0.0948335 0.217012 
2976 -0.030925 -0.0185985 
2977 -0.0299979 0.0595603 
2978 -0.02937 0.137438 
2979 -0.0292617 0.216476 
2980 -0.295312 -0.011901 
2981 -0.295515 0.0647222 
2982 -0.295857 0.142163 
2983 -0.296322 0.219999 
2984 -0.230315 -0.0123096 
2985 -0.230066 0.0645159 
2986 -0.230701 0.140804 
2987 -0.230705 0.218417 
2988 -0.166269 -0.0120067 
2989 -0.165953 0.0635051 
2990 -0.166091 0.140091 
2991 -0.165753 0.216543 
2992 -0.103488 -0.0120039 
2993 -0.103109 0.0630825 
2994 -0.101878 0.138786 
2995 -0.102043 0.215502 
2996 -0.0405854 -0.0127869 
2997 -0.0396516 0.0621191 
2998 -0.0390803 0.137321 
2999 -0.0392066 0.213011 
3000 -0.295558 -0.00586948 
3001 -0.296637 0.067929 
3002 -0.296645 0.142932 
3003 -0.296872 0.217462 
3004 -0.233303 -0.00665292 
3005 -0.233796 0.0677222 
3006 -0.233193 0.141842 
3007 -0.233716 0.215972 
3008 -0.171232 -0.00684422 
3009 -0.17154 0.0667308 
3010 -0.170882 0.13984 
3011 -0.170345 0.213952 
3012 -0.109656 -0.00715848 
3013 -0.1094 0.0653937 
3014 -0.109552 0.138514 
3015 -0.108533 0.21277 
3016 -0.0495257 -0.00717766 
3017 -0.0485228 0.065443 
3018 -0.0488173 0.137516 
3019 -0.0480006 0.210849 
