32775 -0.333477 -0.249962 
32776 -0.333333 -0.0833522 
32777 -0.333303 0.083319 
32778 -0.333338 0.25003 
32779 -0.333309 0.416706 
32780 -0.166686 -0.249955 
32781 -0.166683 -0.0833275 
32782 -0.166575 0.0833607 
32783 -0.166753 0.250002 
32784 -0.166769 0.416725 
32785 -1.43414e-06 -0.250014 
32786 5.85472e-05 -0.0834395 
32787 5.18075e-05 0.0834098 
32788 6.31544e-05 0.25001 
32789 -0.000118037 0.416711 
32790 0.166697 -0.249953 
32791 0.16658 -0.0832998 
32792 0.166758 0.0833025 
32793 0.166667 0.250046 
32794 0.166672 0.416537 
32795 0.333338 -0.249991 
32796 0.333322 -0.0832805 
32797 0.333419 0.0834167 
32798 0.333285 0.250062 
32799 0.333304 0.416667 
32800 -0.335739 -0.249752 
32801 -0.335408 -0.0837532 
32802 -0.334932 0.0823862 
32803 -0.334562 0.248005 
32804 -0.334114 0.41392 
32805 -0.16975 -0.250071 
32806 -0.169307 -0.0840858 
32807 -0.168847 0.081943 
32808 -0.168639 0.24765 
32809 -0.168082 0.413409 
32810 -0.0037148 -0.250382 
32811 -0.00331988 -0.0844582 
32812 -0.00293945 0.0814492 
32813 -0.00261131 0.24714 
32814 -0.00226726 0.412812 
32815 0.16214 -0.25065 
32816 0.162351 -0.0846313 
32817 0.162707 0.0810774 
32818 0.163088 0.24671 
32819 0.163322 0.412349 
32820 0.327686 -0.250808 
32821 0.328199 -0.0850096 
32822 0.328368 0.0805894 
32823 0.32869 0.246308 
32824 0.328938 0.411912 
32825 -0.338235 -0.249621 
32826 -0.337398 -0.0841676 
32827 -0.336586 0.0810014 
32828 -0.335764 0.246199 
32829 -0.334777 0.411159 
32830 -0.172704 -0.250122 
32831 -0.17196 -0.0848194 
32832 -0.17112 0.0803274 
32833 -0.170524 0.245289 
32834 -0.169588 0.410096 
32835 -0.00748959 -0.250771 
32836 -0.00668512 -0.0855016 
32837 -0.00595259 0.0796345 
32838 -0.00524165 0.244348 
32839 -0.00455486 0.409066 
32840 0.157458 -0.251172 
32841 0.158309 -0.0860558 
32842 0.158906 0.0787486 
32843 0.159415 0.24347 
32844 0.160179 0.407852 
32845 0.322356 -0.251548 
32846 0.322905 -0.0868875 
32847 0.323464 0.0779992 
32848 0.323923 0.242438 
32849 0.324548 0.407011 
32850 -0.340831 -0.249787 
32851 -0.339358 -0.0848621 
32852 -0.338186 0.0796824 
32853 -0.336844 0.244215 
32854 -0.335463 0.408278 
32855 -0.175761 -0.250499 
32856 -0.174473 -0.0859101 
32857 -0.173396 0.0786167 
32858 -0.172241 0.242852 
32859 -0.171044 0.406635 
32860 -0.0112212 -0.251323 
32861 -0.010074 -0.0868014 
32862 -0.00916051 0.0775917 
32863 -0.00790089 0.24139 
32864 -0.00688375 0.40516 
32865 0.153191 -0.252042 
32866 0.154083 -0.0877232 
32867 0.155046 0.0763155 
32868 0.15596 0.24003 
32869 0.156823 0.403573 
32870 0.316929 -0.252599 
32871 0.317737 -0.088596 
32872 0.318521 0.0752543 
32873 0.319288 0.238812 
32874 0.319946 0.401997 
32875 -0.343086 -0.249937 
32876 -0.341557 -0.0857172 
32877 -0.339855 0.0784361 
32878 -0.338012 0.24186 
32879 -0.33638 0.405222 
32880 -0.17866 -0.250883 
32881 -0.177104 -0.0868604 
32882 -0.175558 0.0767936 
32883 -0.174145 0.240163 
32884 -0.172519 0.403157 
32885 -0.0148086 -0.25182 
32886 -0.0132997 -0.0880299 
32887 -0.0119279 0.0754336 
32888 -0.010505 0.238434 
32889 -0.00936866 0.401165 
32890 0.148723 -0.252817 
32891 0.149849 -0.089304 
32892 0.151024 0.0737446 
32893 0.152399 0.236685 
32894 0.153406 0.3992 
32895 0.311625 -0.253619 
32896 0.312661 -0.0903291 
32897 0.31359 0.0724022 
32898 0.314543 0.235041 
32899 0.31565 0.397234 
32900 -0.345687 -0.250362 
32901 -0.343696 -0.086476 
32902 -0.341424 0.0768427 
32903 -0.339355 0.23977 
32904 -0.337249 0.402079 
32905 -0.181783 -0.251504 
32906 -0.179763 -0.0880283 
32907 -0.177941 0.0749612 
32908 -0.176 0.237495 
32909 -0.174121 0.399541 
32910 -0.0182044 -0.252574 
32911 -0.0166084 -0.0894882 
32912 -0.0149044 0.0731533 
32913 -0.0133427 0.235356 
32914 -0.0117212 0.397192 
32915 0.144372 -0.253717 
32916 0.145809 -0.0907656 
32917 0.147149 0.0713978 
32918 0.148579 0.233445 
32919 0.149939 0.394777 
32920 0.30634 -0.254748 
32921 0.307699 -0.0921015 
32922 0.308837 0.0697215 
32923 0.309971 0.231087 
32924 0.311081 0.392342 
32925 -0.347942 -0.250655 
32926 -0.345458 -0.0874476 
32927 -0.343026 0.0750803 
32928 -0.340575 0.237352 
32929 -0.338054 0.398781 
32930 -0.184574 -0.252094 
32931 -0.182378 -0.0891963 
32932 -0.180114 0.0730835 
32933 -0.177844 0.234825 
32934 -0.175859 0.395898 
32935 -0.0219431 -0.25337 
32936 -0.0200514 -0.090895 
32937 -0.0179704 0.0710367 
32938 -0.0160244 0.232326 
32939 -0.0140731 0.393021 
32940 0.140163 -0.25449 
32941 0.141741 -0.0925114 
32942 0.143382 0.0688288 
32943 0.145014 0.22972 
32944 0.14674 0.39021 
32945 0.301208 -0.255739 
32946 0.302659 -0.0942903 
32947 0.303973 0.0668601 
32948 0.305393 0.227323 
32949 0.306713 0.3874 
32950 -0.350288 -0.251277 
32951 -0.347516 -0.0886622 
32952 -0.344712 0.0733904 
32953 -0.341857 0.234737 
32954 -0.338906 0.395465 
32955 -0.187396 -0.25263 
32956 -0.184936 -0.0905019 
32957 -0.182472 0.0710079 
32958 -0.17991 0.231922 
32959 -0.177382 0.39223 
32960 -0.02526 -0.254123 
32961 -0.0230276 -0.0923927 
32962 -0.0209516 0.0686161 
32963 -0.0186884 0.229122 
32964 -0.0165449 0.38891 
32965 0.135898 -0.255685 
32966 0.137843 -0.0942433 
32967 0.139496 0.066311 
32968 0.141369 0.226299 
32969 0.143224 0.385517 
32970 0.296062 -0.257055 
32971 0.297647 -0.0962627 
32972 0.299177 0.0638907 
32973 0.300658 0.223533 
32974 0.30218 0.382375 
32975 -0.352834 -0.252082 
32976 -0.349562 -0.0898365 
32977 -0.346406 0.0716892 
32978 -0.343139 0.23222 
32979 -0.339964 0.392073 
32980 -0.190118 -0.253504 
32981 -0.187412 -0.0918709 
32982 -0.1846 0.0689129 
32983 -0.181857 0.229065 
32984 -0.179159 0.388503 
32985 -0.0286672 -0.255085 
32986 -0.026254 -0.094024 
32987 -0.02387 0.0663505 
32988 -0.0214821 0.225962 
32989 -0.0190596 0.384671 
32990 0.131732 -0.256766 
32991 0.133885 -0.0961928 
32992 0.135786 0.0635215 
32993 0.13772 0.222818 
32994 0.1398 0.381103 
32995 0.291137 -0.258265 
32996 0.292792 -0.0982634 
32997 0.294389 0.0611378 
32998 0.295902 0.219604 
32999 0.297774 0.377433 
33000 -0.355032 -0.252762 
33001 -0.351596 -0.0910303 
33002 -0.348032 0.069601 
33003 -0.344474 0.229498 
33004 -0.340824 0.388474 
33005 -0.192994 -0.254459 
33006 -0.190015 -0.0934116 
33007 -0.186859 0.0667993 
33008 -0.183731 0.22613 
33009 -0.180613 0.38455 
33010 -0.0320835 -0.256188 
33011 -0.0293558 -0.0955666 
33012 -0.0267407 0.0637985 
33013 -0.0242686 0.222723 
33014 -0.0216342 0.380543 
33015 0.127545 -0.257762 
33016 0.129725 -0.0979616 
33017 0.131977 0.0610184 
33018 0.134155 0.219272 
33019 0.136453 0.37645 
33020 0.286099 -0.259555 
33021 0.287947 -0.100291 
33022 0.289589 0.0582512 
33023 0.291322 0.215877 
33024 0.29314 0.372617 
33025 -0.357466 -0.253629 
33026 -0.353471 -0.0925108 
33027 -0.349591 0.0677251 
33028 -0.345767 0.226854 
33029 -0.341946 0.384967 
33030 -0.195825 -0.255462 
33031 -0.192371 -0.0948774 
33032 -0.189025 0.0646841 
33033 -0.18577 0.223237 
33034 -0.182443 0.380693 
33035 -0.0353985 -0.257221 
33036 -0.0326369 -0.0974974 
33037 -0.0298394 0.061505 
33038 -0.0268885 0.219383 
33039 -0.0241126 0.376177 
33040 0.123575 -0.259 
33041 0.12586 -0.0999104 
33042 0.128152 0.0584562 
33043 0.130465 0.215561 
33044 0.133009 0.371907 
33045 0.281156 -0.260799 
33046 0.283066 -0.102128 
33047 0.285075 0.0554015 
33048 0.286857 0.212029 
33049 0.288602 0.36766 
33050 -0.359748 -0.254767 
33051 -0.355438 -0.0939653 
33052 -0.351282 0.0655656 
33053 -0.347228 0.224013 
33054 -0.343017 0.381353 
33055 -0.198573 -0.256347 
33056 -0.195043 -0.0965074 
33057 -0.191172 0.0621027 
33058 -0.187621 0.219972 
33059 -0.184137 0.376613 
33060 -0.0387731 -0.258293 
33061 -0.0356765 -0.0992142 
33062 -0.0325985 0.0588771 
33063 -0.0296421 0.21605 
33064 -0.0267879 0.372047 
33065 0.119561 -0.260252 
33066 0.122014 -0.101762 
33067 0.124482 0.0556659 
33068 0.126957 0.212123 
33069 0.129334 0.367334 
33070 0.276377 -0.262223 
33071 0.278294 -0.104289 
33072 0.280203 0.0525025 
33073 0.282367 0.208141 
33074 0.284209 0.362902 
33075 -0.361948 -0.255622 
33076 -0.357376 -0.0954361 
33077 -0.35295 0.0633776 
33078 -0.348588 0.221024 
33079 -0.344279 0.377569 
33080 -0.201252 -0.25763 
33081 -0.197427 -0.0981133 
33082 -0.193664 0.0598994 
33083 -0.189772 0.216825 
33084 -0.186057 0.372576 
33085 -0.0420343 -0.259642 
33086 -0.03883 -0.100967 
33087 -0.0355559 0.0565246 
33088 -0.0324889 0.212715 
33089 -0.0293714 0.367714 
33090 0.115532 -0.261463 
33091 0.118145 -0.103726 
33092 0.120734 0.0529914 
33093 0.123354 0.208607 
33094 0.125949 0.362831 
33095 0.271806 -0.263353 
33096 0.273718 -0.106241 
33097 0.275759 0.0495028 
33098 0.277787 0.204589 
33099 0.279698 0.358071 
33100 -0.364143 -0.256745 
33101 -0.359315 -0.0971405 
33102 -0.354604 0.0610414 
33103 -0.350038 0.218152 
33104 -0.345342 0.373775 
33105 -0.203894 -0.258992 
33106 -0.199935 -0.100151 
33107 -0.195751 0.0576145 
33108 -0.191833 0.213674 
33109 -0.187809 0.368562 
33110 -0.0453981 -0.260697 
33111 -0.0419916 -0.102675 
33112 -0.0385169 0.0539571 
33113 -0.0352272 0.209313 
33114 -0.0318197 0.363371 
33115 0.111534 -0.262756 
33116 0.114237 -0.105511 
33117 0.117037 0.0504469 
33118 0.119746 0.204959 
33119 0.122315 0.358339 
33120 0.267153 -0.264798 
33121 0.269024 -0.108313 
33122 0.271016 0.0468026 
33123 0.27314 0.200677 
33124 0.275059 0.353316 
33125 -0.366462 -0.258043 
33126 -0.361455 -0.0987087 
33127 -0.356453 0.0589672 
33128 -0.351542 0.215132 
33129 -0.34658 0.369966 
33130 -0.206647 -0.26002 
33131 -0.202346 -0.101722 
33132 -0.198102 0.055201 
33133 -0.193855 0.21042 
33134 -0.189825 0.364472 
33135 -0.0484896 -0.262194 
33136 -0.0451619 -0.1046 
33137 -0.0415606 0.0514018 
33138 -0.0380285 0.20594 
33139 -0.0346916 0.359176 
33140 0.10774 -0.264046 
33141 0.110582 -0.10752 
33142 0.113257 0.0476385 
33143 0.115976 0.201524 
33144 0.118782 0.353871 
33145 0.262442 -0.266009 
33146 0.264385 -0.110323 
33147 0.266454 0.0439856 
33148 0.268633 0.196986 
33149 0.270414 0.348461 
33150 -0.368656 -0.25931 
33151 -0.363476 -0.100491 
33152 -0.358148 0.056582 
33153 -0.353079 0.212102 
33154 -0.347906 0.366096 
33155 -0.209269 -0.261304 
33156 -0.204838 -0.103613 
33157 -0.200339 0.0526283 
33158 -0.196018 0.20727 
33159 -0.191647 0.360462 
33160 -0.0516977 -0.263337 
33161 -0.0480489 -0.106549 
33162 -0.0444139 0.0487796 
33163 -0.0408746 0.202704 
33164 -0.037413 0.354739 
33165 0.103881 -0.265224 
33166 0.106718 -0.109475 
33167 0.109516 0.0450227 
33168 0.112433 0.197793 
33169 0.115183 0.349373 
33170 0.257695 -0.267302 
33171 0.25992 -0.112151 
33172 0.261957 0.0411793 
33173 0.264056 0.193335 
33174 0.266061 0.343739 
33175 -0.370796 -0.260528 
33176 -0.365228 -0.102312 
33177 -0.359911 0.0542443 
33178 -0.35453 0.209107 
33179 -0.349203 0.362281 
33180 -0.211686 -0.26256 
33181 -0.207163 -0.105331 
33182 -0.20262 0.0501193 
33183 -0.198126 0.204136 
33184 -0.193797 0.356419 
33185 -0.0548778 -0.264573 
33186 -0.0512091 -0.108398 
33187 -0.0473909 0.0461157 
33188 -0.0436012 0.199222 
33189 -0.0401642 0.350616 
33190 0.100127 -0.266666 
33191 0.103036 -0.111341 
33192 0.106041 0.0423429 
33193 0.108773 0.194309 
33194 0.111492 0.344712 
33195 0.253281 -0.268625 
33196 0.255395 -0.114255 
33197 0.257461 0.0384567 
33198 0.259455 0.189645 
33199 0.26143 0.339229 
33200 -0.372827 -0.26201 
33201 -0.367212 -0.10441 
33202 -0.361643 0.0517549 
33203 -0.35609 0.205822 
33204 -0.350721 0.358311 
33205 -0.214414 -0.264 
33206 -0.209706 -0.107263 
33207 -0.204978 0.0477031 
33208 -0.200236 0.200791 
33209 -0.195733 0.352164 
33210 -0.0578146 -0.265963 
33211 -0.0540311 -0.110328 
33212 -0.0501918 0.0436953 
33213 -0.0466074 0.195769 
33214 -0.0429916 0.346291 
33215 0.0963778 -0.268092 
33216 0.0994517 -0.113249 
33217 0.102283 0.0397804 
33218 0.105118 0.190908 
33219 0.107955 0.340631 
33220 0.248865 -0.269899 
33221 0.250836 -0.116197 
33222 0.252904 0.0358037 
33223 0.25482 0.186146 
33224 0.25679 0.334792 
33225 -0.375081 -0.263269 
33226 -0.36914 -0.106017 
33227 -0.363424 0.0492993 
33228 -0.357666 0.202786 
33229 -0.352045 0.354378 
33230 -0.216842 -0.265355 
33231 -0.212023 -0.109177 
33232 -0.20723 0.045136 
33233 -0.202521 0.1977 
33234 -0.197753 0.348251 
33235 -0.0609112 -0.267373 
33236 -0.0569145 -0.112216 
33237 -0.0532505 0.0411659 
33238 -0.0496445 0.192435 
33239 -0.045907 0.342156 
33240 0.0927844 -0.269263 
33241 0.0957534 -0.115191 
33242 0.0985668 0.0371813 
33243 0.101524 0.187545 
33244 0.104245 0.336081 
33245 0.244468 -0.271227 
33246 0.246364 -0.118164 
33247 0.248537 0.0331554 
33248 0.250484 0.182595 
33249 0.252125 0.330289 
33250 -0.377154 -0.265007 
33251 -0.371064 -0.108237 
33252 -0.365254 0.0466564 
33253 -0.359201 0.199585 
33254 -0.353518 0.350444 
33255 -0.219412 -0.266906 
33256 -0.214424 -0.111115 
33257 -0.209523 0.0426351 
33258 -0.204732 0.194236 
33259 -0.199959 0.343978 
33260 -0.0639399 -0.268796 
33261 -0.0599287 -0.114031 
33262 -0.0560593 0.0385293 
33263 -0.0524257 0.189228 
33264 -0.0486851 0.337984 
33265 0.0893714 -0.270588 
33266 0.0920961 -0.1171 
33267 0.0951184 0.0344137 
33268 0.0978045 0.184042 
33269 0.100585 0.331859 
33270 0.240192 -0.272493 
33271 0.242041 -0.119971 
33272 0.243999 0.0305272 
33273 0.245766 0.179218 
33274 0.247668 0.325851 
