32850 -0.333316 -0.249952 
32851 -0.33327 -0.0833958 
32852 -0.333333 0.0834472 
32853 -0.333366 0.250134 
32854 -0.333268 0.4167 
32855 -0.16668 -0.250023 
32856 -0.166554 -0.0834378 
32857 -0.166651 0.0832511 
32858 -0.166675 0.250016 
32859 -0.166776 0.416637 
32860 -5.20041e-05 -0.250015 
32861 -7.06018e-05 -0.083183 
32862 -4.60777e-07 0.0832806 
32863 6.04025e-05 0.250076 
32864 8.76282e-05 0.416588 
32865 0.166621 -0.250006 
32866 0.166669 -0.0831885 
32867 0.166612 0.0832382 
32868 0.16658 0.250112 
32869 0.166667 0.416691 
32870 0.333284 -0.249978 
32871 0.333373 -0.0832176 
32872 0.333232 0.0833907 
32873 0.333366 0.250136 
32874 0.3333 0.416661 
32875 -0.335731 -0.250357 
32876 -0.335361 -0.0842689 
32877 -0.334913 0.0817298 
32878 -0.334614 0.247865 
32879 -0.334134 0.413586 
32880 -0.169691 -0.25049 
32881 -0.169236 -0.0843308 
32882 -0.168929 0.0814909 
32883 -0.168507 0.247349 
32884 -0.168112 0.413062 
32885 -0.00365703 -0.250617 
32886 -0.0033236 -0.0846142 
32887 -0.00306754 0.0811698 
32888 -0.00274912 0.247126 
32889 -0.00242716 0.412544 
32890 0.16225 -0.2508 
32891 0.16241 -0.0850695 
32892 0.162664 0.0807429 
32893 0.162981 0.246434 
32894 0.163265 0.412107 
32895 0.327966 -0.251105 
32896 0.328152 -0.0851412 
32897 0.328363 0.0804063 
32898 0.328453 0.246113 
32899 0.328602 0.411474 
32900 -0.338146 -0.250496 
32901 -0.337257 -0.0849972 
32902 -0.336543 0.0803405 
32903 -0.33573 0.245448 
32904 -0.334892 0.410416 
32905 -0.172689 -0.250886 
32906 -0.171871 -0.0854501 
32907 -0.171172 0.0796094 
32908 -0.170454 0.244565 
32909 -0.169745 0.409358 
32910 -0.00732537 -0.251416 
32911 -0.00651111 -0.0860125 
32912 -0.0059911 0.079018 
32913 -0.00543218 0.243761 
32914 -0.0048775 0.408487 
32915 0.157756 -0.251815 
32916 0.158319 -0.0866441 
32917 0.158895 0.078249 
32918 0.159442 0.242983 
32919 0.159736 0.407331 
32920 0.322565 -0.252144 
32921 0.322991 -0.0872464 
32922 0.323439 0.0774472 
32923 0.323617 0.242189 
32924 0.324209 0.406427 
32925 -0.340651 -0.250924 
32926 -0.339442 -0.0859065 
32927 -0.338297 0.0785971 
32928 -0.336879 0.242963 
32929 -0.335662 0.407025 
32930 -0.175479 -0.2515 
32931 -0.174518 -0.086943 
32932 -0.173525 0.0775996 
32933 -0.172282 0.241836 
32934 -0.171355 0.405507 
32935 -0.0108349 -0.252202 
32936 -0.00990045 -0.0876909 
32937 -0.00901413 0.0766159 
32938 -0.0081252 0.2404 
32939 -0.00719308 0.404096 
32940 0.153327 -0.252776 
32941 0.154005 -0.0884921 
32942 0.154906 0.0757092 
32943 0.15558 0.239224 
32944 0.156327 0.402791 
32945 0.317305 -0.253345 
32946 0.317746 -0.0892529 
32947 0.3184 0.074646 
32948 0.319108 0.238201 
32949 0.319534 0.401377 
32950 -0.342966 -0.251453 
32951 -0.341362 -0.0872394 
32952 -0.33991 0.0768127 
32953 -0.338229 0.240349 
32954 -0.336637 0.403546 
32955 -0.178469 -0.252262 
32956 -0.176994 -0.0881952 
32957 -0.175699 0.0756168 
32958 -0.174274 0.238731 
32959 -0.172937 0.401655 
32960 -0.0144598 -0.253066 
32961 -0.0131462 -0.0891478 
32962 -0.0120121 0.0743044 
32963 -0.0107644 0.23724 
32964 -0.00975214 0.399927 
32965 0.149105 -0.253721 
32966 0.150002 -0.0900861 
32967 0.151013 0.0728641 
32968 0.151948 0.235757 
32969 0.152906 0.398025 
32970 0.312097 -0.254499 
32971 0.312735 -0.0912342 
32972 0.313545 0.0716867 
32973 0.314404 0.234113 
32974 0.315051 0.396235 
32975 -0.345379 -0.252156 
32976 -0.343415 -0.0883221 
32977 -0.341455 0.0750587 
32978 -0.339437 0.237818 
32979 -0.337487 0.400077 
32980 -0.181342 -0.252978 
32981 -0.179389 -0.0894961 
32982 -0.177893 0.0735218 
32983 -0.176085 0.235745 
32984 -0.174581 0.397759 
32985 -0.0179375 -0.254038 
32986 -0.0165192 -0.0908473 
32987 -0.0149946 0.0718524 
32988 -0.0135912 0.233911 
32989 -0.0122638 0.395647 
32990 0.144823 -0.254892 
32991 0.145987 -0.0919833 
32992 0.147218 0.0702129 
32993 0.148344 0.232077 
32994 0.149517 0.393293 
32995 0.306952 -0.255711 
32996 0.307736 -0.093321 
32997 0.308588 0.0686955 
32998 0.309612 0.230221 
32999 0.310542 0.391245 
33000 -0.347728 -0.253012 
33001 -0.345494 -0.0895959 
33002 -0.343007 0.0730938 
33003 -0.34085 0.234958 
33004 -0.338486 0.396435 
33005 -0.184019 -0.253987 
33006 -0.182123 -0.0911242 
33007 -0.180201 0.0711613 
33008 -0.17816 0.232803 
33009 -0.176325 0.393836 
33010 -0.0214482 -0.25506 
33011 -0.0196994 -0.0923832 
33012 -0.0180405 0.0694187 
33013 -0.016468 0.230666 
33014 -0.0148165 0.391302 
33015 0.140778 -0.255965 
33016 0.141998 -0.0938582 
33017 0.143442 0.0676358 
33018 0.144653 0.22848 
33019 0.146002 0.388666 
33020 0.30174 -0.257095 
33021 0.302713 -0.0951717 
33022 0.30375 0.0657581 
33023 0.304679 0.226154 
33024 0.305743 0.386062 
33025 -0.349983 -0.253795 
33026 -0.34737 -0.0909787 
33027 -0.344666 0.0709522 
33028 -0.342085 0.232275 
33029 -0.339548 0.392741 
33030 -0.186969 -0.254911 
33031 -0.184717 -0.0926247 
33032 -0.182352 0.0689577 
33033 -0.180155 0.229666 
33034 -0.17807 0.389897 
33035 -0.0247091 -0.256049 
33036 -0.0228905 -0.0942342 
33037 -0.021129 0.0668842 
33038 -0.0190684 0.227285 
33039 -0.0173244 0.386889 
33040 0.136331 -0.25729 
33041 0.137996 -0.0957722 
33042 0.139386 0.064892 
33043 0.140946 0.224644 
33044 0.14243 0.383908 
33045 0.296749 -0.258335 
33046 0.298017 -0.0973577 
33047 0.29901 0.0628206 
33048 0.300135 0.22239 
33049 0.301178 0.381087 
33050 -0.352285 -0.254744 
33051 -0.349325 -0.092584 
33052 -0.346343 0.0689377 
33053 -0.343467 0.229454 
33054 -0.340571 0.388938 
33055 -0.1897 -0.256124 
33056 -0.187085 -0.0943308 
33057 -0.184673 0.0665824 
33058 -0.182146 0.226625 
33059 -0.17968 0.385721 
33060 -0.0281626 -0.257264 
33061 -0.0261264 -0.0960432 
33062 -0.0239231 0.064302 
33063 -0.0219389 0.223784 
33064 -0.0199528 0.382499 
33065 0.132432 -0.258508 
33066 0.134085 -0.0977059 
33067 0.135576 0.0619394 
33068 0.137189 0.221136 
33069 0.13874 0.379185 
33070 0.292033 -0.259613 
33071 0.293112 -0.0995079 
33072 0.294148 0.0598058 
33073 0.295495 0.218381 
33074 0.296681 0.375942 
33075 -0.354513 -0.255848 
33076 -0.351381 -0.0940671 
33077 -0.348086 0.0666181 
33078 -0.344922 0.2264 
33079 -0.341632 0.385275 
33080 -0.192462 -0.257093 
33081 -0.189591 -0.0959434 
33082 -0.186836 0.0640976 
33083 -0.184168 0.22343 
33084 -0.181611 0.381612 
33085 -0.0313322 -0.25839 
33086 -0.0292079 -0.0978446 
33087 -0.026983 0.061774 
33088 -0.02473 0.220476 
33089 -0.0225476 0.378085 
33090 0.128402 -0.25968 
33091 0.13011 -0.0997141 
33092 0.131905 0.0593399 
33093 0.133649 0.217575 
33094 0.135163 0.374448 
33095 0.287145 -0.261032 
33096 0.288145 -0.101529 
33097 0.289708 0.0570823 
33098 0.290583 0.214437 
33099 0.292033 0.37106 
33100 -0.356913 -0.257031 
33101 -0.353251 -0.0958726 
33102 -0.349732 0.0643976 
33103 -0.346242 0.223439 
33104 -0.342762 0.381312 
33105 -0.195 -0.258375 
33106 -0.192202 -0.0977665 
33107 -0.189237 0.0616726 
33108 -0.186318 0.22021 
33109 -0.183387 0.377516 
33110 -0.0347508 -0.259578 
33111 -0.0323819 -0.0996505 
33112 -0.0299635 0.0591853 
33113 -0.0277036 0.217005 
33114 -0.0253351 0.373586 
33115 0.124466 -0.261017 
33116 0.126273 -0.101595 
33117 0.127994 0.0566186 
33118 0.129839 0.213667 
33119 0.131754 0.369817 
33120 0.282145 -0.262366 
33121 0.283487 -0.103558 
33122 0.284727 0.0540632 
33123 0.286154 0.210648 
33124 0.287222 0.365984 
33125 -0.358965 -0.258201 
33126 -0.35515 -0.0973311 
33127 -0.351513 0.0620255 
33128 -0.347751 0.220317 
33129 -0.34386 0.377587 
33130 -0.197877 -0.259523 
33131 -0.194585 -0.0993952 
33132 -0.191472 0.0592044 
33133 -0.188312 0.216964 
33134 -0.185369 0.373336 
33135 -0.0378699 -0.260959 
33136 -0.0354375 -0.101639 
33137 -0.0329676 0.0565119 
33138 -0.030467 0.213519 
33139 -0.0280571 0.369207 
33140 0.120447 -0.262237 
33141 0.122289 -0.103609 
33142 0.124156 0.0538303 
33143 0.126157 0.210129 
33144 0.128035 0.365242 
33145 0.277564 -0.263649 
33146 0.278798 -0.105624 
33147 0.280065 0.0511523 
33148 0.281331 0.206811 
33149 0.28272 0.361197 
33150 -0.361216 -0.259344 
33151 -0.357206 -0.0994494 
33152 -0.353276 0.0596592 
33153 -0.349222 0.217125 
33154 -0.3453 0.373333 
33155 -0.200385 -0.26092 
33156 -0.197062 -0.101361 
33157 -0.193616 0.0567341 
33158 -0.190513 0.213603 
33159 -0.187087 0.369064 
33160 -0.0410757 -0.262286 
33161 -0.0384628 -0.103573 
33162 -0.0359858 0.0539899 
33163 -0.0331969 0.209956 
33164 -0.0308937 0.364721 
33165 0.116615 -0.263647 
33166 0.118507 -0.105479 
33167 0.120567 0.0510598 
33168 0.122404 0.206522 
33169 0.124401 0.360436 
33170 0.27287 -0.264955 
33171 0.274233 -0.107602 
33172 0.275312 0.0483552 
33173 0.276747 0.203029 
33174 0.277929 0.356364 
33175 -0.363303 -0.260865 
33176 -0.358989 -0.101071 
33177 -0.354935 0.0571506 
33178 -0.350623 0.214085 
33179 -0.346631 0.369405 
33180 -0.203022 -0.262185 
33181 -0.199408 -0.103225 
33182 -0.19605 0.0541747 
33183 -0.192538 0.210476 
33184 -0.18912 0.364914 
33185 -0.0442774 -0.263631 
33186 -0.0415092 -0.105362 
33187 -0.0388225 0.051247 
33188 -0.0361732 0.206599 
33189 -0.03347 0.360437 
33190 0.112892 -0.264894 
33191 0.114724 -0.10745 
33192 0.116794 0.0483406 
33193 0.118776 0.20289 
33194 0.120677 0.356139 
33195 0.268315 -0.266237 
33196 0.269559 -0.109721 
33197 0.270938 0.0456036 
33198 0.272043 0.199213 
33199 0.273397 0.351614 
33200 -0.365403 -0.262276 
33201 -0.361115 -0.102889 
33202 -0.356482 0.0546598 
33203 -0.352342 0.210904 
33204 -0.347963 0.365445 
33205 -0.205486 -0.26365 
33206 -0.20186 -0.105148 
33207 -0.198431 0.0515608 
33208 -0.194757 0.20688 
33209 -0.191216 0.360709 
33210 -0.0474023 -0.264881 
33211 -0.0446876 -0.107255 
33212 -0.0418287 0.0485924 
33213 -0.0390156 0.203198 
33214 -0.0362911 0.356126 
33215 0.109071 -0.266188 
33216 0.110964 -0.109516 
33217 0.113124 0.0456495 
33218 0.115059 0.199359 
33219 0.117116 0.351479 
33220 0.263664 -0.267578 
33221 0.264905 -0.111595 
33222 0.266268 0.0427005 
33223 0.267398 0.195566 
33224 0.268554 0.346895 
33225 -0.367715 -0.263772 
33226 -0.362913 -0.104938 
33227 -0.358292 0.0522632 
33228 -0.353891 0.207665 
33229 -0.349381 0.361394 
33230 -0.20806 -0.265144 
33231 -0.204262 -0.107145 
33232 -0.200645 0.0491501 
33233 -0.196912 0.203713 
33234 -0.193271 0.356574 
33235 -0.0504123 -0.266171 
33236 -0.0475005 -0.109291 
33237 -0.0447118 0.0460009 
33238 -0.0418163 0.1997 
33239 -0.0390816 0.35176 
33240 0.105328 -0.267531 
33241 0.107288 -0.111357 
33242 0.109348 0.0429986 
33243 0.111401 0.19584 
33244 0.11332 0.346959 
33245 0.259319 -0.268849 
33246 0.260506 -0.113634 
33247 0.261666 0.0400732 
33248 0.2629 0.191945 
33249 0.263977 0.342239 
33250 -0.369642 -0.265263 
33251 -0.364769 -0.106908 
33252 -0.360131 0.0497064 
33253 -0.355507 0.204243 
33254 -0.350799 0.357395 
33255 -0.210614 -0.266568 
33256 -0.206694 -0.109169 
33257 -0.202861 0.0465933 
33258 -0.199248 0.200296 
33259 -0.195471 0.35239 
33260 -0.0535011 -0.267669 
33261 -0.0505677 -0.111227 
33262 -0.0476048 0.0433903 
33263 -0.0448188 0.196318 
33264 -0.0420269 0.347443 
33265 0.101651 -0.268922 
33266 0.103764 -0.113334 
33267 0.105615 0.0402725 
33268 0.107516 0.192227 
33269 0.109739 0.342557 
33270 0.254787 -0.270065 
33271 0.256012 -0.115531 
33272 0.257125 0.03734 
33273 0.258297 0.188291 
33274 0.259196 0.33785 
33275 -0.371762 -0.266829 
33276 -0.366752 -0.108905 
33277 -0.361841 0.0471479 
33278 -0.357209 0.201194 
33279 -0.352371 0.353381 
33280 -0.21307 -0.267947 
33281 -0.209129 -0.111107 
33282 -0.205265 0.0439144 
33283 -0.201447 0.196937 
33284 -0.197739 0.3482 
33285 -0.056404 -0.269084 
33286 -0.053711 -0.113156 
33287 -0.0505864 0.0409515 
33288 -0.0478029 0.192954 
33289 -0.0449637 0.343269 
33290 0.0980332 -0.269992 
33291 0.0999802 -0.11537 
33292 0.101946 0.0376386 
33293 0.103824 0.188789 
33294 0.105788 0.338142 
33295 0.250446 -0.271255 
33296 0.251485 -0.117402 
33297 0.252634 0.0346427 
33298 0.253587 0.18483 
33299 0.254577 0.333242 
33300 -0.37365 -0.268467 
33301 -0.368714 -0.110954 
33302 -0.363695 0.0444221 
33303 -0.358726 0.197739 
33304 -0.3539 0.349238 
33305 -0.215441 -0.269489 
33306 -0.211502 -0.112999 
33307 -0.207559 0.0412556 
33308 -0.203663 0.193716 
33309 -0.199886 0.344128 
33310 -0.0593939 -0.270234 
33311 -0.0564806 -0.115082 
33312 -0.0535264 0.0382252 
33313 -0.0506703 0.189591 
33314 -0.0478631 0.339073 
33315 0.0944087 -0.271442 
33316 0.0963255 -0.11708 
33317 0.098282 0.0350581 
33318 0.100158 0.185417 
33319 0.101859 0.333845 
33320 0.246279 -0.272351 
33321 0.247132 -0.119187 
33322 0.248088 0.0320969 
33323 0.24883 0.181405 
33324 0.249839 0.328908 
33325 -0.375714 -0.270096 
33326 -0.37069 -0.113064 
33327 -0.365452 0.0418945 
33328 -0.36041 0.194496 
33329 -0.355555 0.345183 
33330 -0.217965 -0.270934 
33331 -0.213785 -0.11515 
33332 -0.20994 0.0385576 
33333 -0.205849 0.190368 
33334 -0.202039 0.339964 
33335 -0.0623903 -0.271821 
33336 -0.0593896 -0.117073 
33337 -0.0565732 0.0356349 
33338 -0.0536391 0.186192 
33339 -0.0509014 0.334731 
33340 0.0908515 -0.27269 
33341 0.0927145 -0.118996 
33342 0.094512 0.0326727 
33343 0.0963078 0.182204 
33344 0.0981477 0.32962 
33345 0.241938 -0.273383 
33346 0.242793 -0.120829 
33347 0.243459 0.0296609 
33348 0.244431 0.178121 
33349 0.245233 0.324712 
