33775 -0.333411 -0.249976 
33776 -0.33328 -0.0832957 
33777 -0.333283 0.0834395 
33778 -0.333214 0.249859 
33779 -0.333332 0.416759 
33780 -0.166587 -0.249998 
33781 -0.166554 -0.0833775 
33782 -0.166613 0.0833741 
33783 -0.166745 0.250062 
33784 -0.166642 0.416772 
33785 4.82534e-05 -0.250098 
33786 4.4547e-05 -0.0834195 
33787 -6.01016e-06 0.0833225 
33788 7.59989e-05 0.249974 
33789 0.000115021 0.416538 
33790 0.1667 -0.249965 
33791 0.166661 -0.0833687 
33792 0.166629 0.0832809 
33793 0.166597 0.249986 
33794 0.166675 0.416602 
33795 0.333412 -0.249935 
33796 0.333294 -0.0833997 
33797 0.333296 0.0834469 
33798 0.333331 0.250031 
33799 0.333349 0.416704 
33800 -0.334758 -0.250963 
33801 -0.335117 -0.0849684 
33802 -0.33544 0.0811311 
33803 -0.335695 0.247021 
33804 -0.335994 0.412784 
33805 -0.168789 -0.250325 
33806 -0.169045 -0.0843764 
33807 -0.169407 0.0815317 
33808 -0.169708 0.24732 
33809 -0.170029 0.413175 
33810 -0.00284359 -0.249846 
33811 -0.00310872 -0.083982 
33812 -0.00356072 0.0819665 
33813 -0.00396029 0.247574 
33814 -0.00427932 0.413232 
33815 0.163026 -0.249387 
33816 0.162683 -0.0835623 
33817 0.162169 0.0821787 
33818 0.161777 0.247829 
33819 0.161428 0.413342 
33820 0.328739 -0.248879 
33821 0.328286 -0.0831272 
33822 0.32769 0.0825142 
33823 0.327526 0.248079 
33824 0.326963 0.413673 
33825 -0.336378 -0.251456 
33826 -0.336836 -0.0861428 
33827 -0.337504 0.0790639 
33828 -0.338142 0.244127 
33829 -0.338791 0.40922 
33830 -0.170651 -0.250662 
33831 -0.171441 -0.0853621 
33832 -0.172122 0.0799444 
33833 -0.172701 0.244764 
33834 -0.17345 0.409575 
33835 -0.0055197 -0.24974 
33836 -0.00622272 -0.0845713 
33837 -0.00698073 0.0803458 
33838 -0.00780326 0.245338 
33839 -0.00838598 0.410228 
33840 0.159465 -0.248673 
33841 0.158617 -0.0836467 
33842 0.157604 0.0811141 
33843 0.156919 0.245946 
33844 0.156056 0.410397 
33845 0.324129 -0.247702 
33846 0.323162 -0.082884 
33847 0.322393 0.0818794 
33848 0.321394 0.246395 
33849 0.32059 0.410772 
33850 -0.337798 -0.252297 
33851 -0.338803 -0.0875486 
33852 -0.339596 0.0771141 
33853 -0.34046 0.24146 
33854 -0.341376 0.405684 
33855 -0.172888 -0.250802 
33856 -0.173773 -0.086189 
33857 -0.174781 0.0782383 
33858 -0.175822 0.24231 
33859 -0.176907 0.406388 
33860 -0.00837761 -0.249318 
33861 -0.00930773 -0.0849933 
33862 -0.0104134 0.0791806 
33863 -0.0116158 0.2431 
33864 -0.0127424 0.406892 
33865 0.155889 -0.247872 
33866 0.15468 -0.0837259 
33867 0.15342 0.0802168 
33868 0.152144 0.244086 
33869 0.150989 0.407515 
33870 0.319541 -0.246313 
33871 0.31811 -0.0825279 
33872 0.31704 0.0812658 
33873 0.31544 0.244892 
33874 0.314124 0.408059 
33875 -0.339135 -0.252858 
33876 -0.340406 -0.0886655 
33877 -0.341802 0.0753865 
33878 -0.343068 0.238778 
33879 -0.344438 0.402245 
33880 -0.174807 -0.250879 
33881 -0.176105 -0.08688 
33882 -0.177598 0.0766687 
33883 -0.179045 0.239966 
33884 -0.180337 0.403108 
33885 -0.0110517 -0.248822 
33886 -0.0124582 -0.0853211 
33887 -0.0140078 0.0780307 
33888 -0.015573 0.241191 
33889 -0.0170475 0.403922 
33890 0.152161 -0.246872 
33891 0.150757 -0.0836354 
33892 0.148799 0.079305 
33893 0.147337 0.242186 
33894 0.145776 0.404895 
33895 0.31508 -0.244913 
33896 0.313215 -0.0819956 
33897 0.311497 0.0807853 
33898 0.309643 0.243394 
33899 0.308037 0.405647 
33900 -0.340494 -0.253295 
33901 -0.342275 -0.0897519 
33902 -0.343895 0.073415 
33903 -0.345487 0.236387 
33904 -0.347153 0.39908 
33905 -0.176777 -0.250956 
33906 -0.178547 -0.0876743 
33907 -0.180322 0.0752963 
33908 -0.182066 0.23779 
33909 -0.183792 0.400035 
33910 -0.0136726 -0.248486 
33911 -0.0156594 -0.0854168 
33912 -0.0174654 0.0771075 
33913 -0.0195415 0.239352 
33914 -0.0212853 0.401167 
33915 0.14868 -0.245949 
33916 0.146694 -0.0834141 
33917 0.144597 0.0787843 
33918 0.142594 0.240668 
33919 0.140637 0.402269 
33920 0.310528 -0.243406 
33921 0.308325 -0.0813372 
33922 0.306167 0.0805212 
33923 0.30376 0.242085 
33924 0.301702 0.403397 
33925 -0.342003 -0.253526 
33926 -0.343946 -0.0907561 
33927 -0.345873 0.0717901 
33928 -0.34793 0.234005 
33929 -0.350037 0.396049 
33930 -0.178749 -0.250571 
33931 -0.180944 -0.0881919 
33932 -0.183087 0.0739002 
33933 -0.185262 0.235764 
33934 -0.187312 0.397267 
33935 -0.0163551 -0.247746 
33936 -0.0185919 -0.0856543 
33937 -0.0209789 0.0760649 
33938 -0.0232636 0.237607 
33939 -0.025613 0.398403 
33940 0.145323 -0.244784 
33941 0.142745 -0.0830364 
33942 0.140321 0.0782848 
33943 0.137833 0.239202 
33944 0.135471 0.39993 
33945 0.306069 -0.241834 
33946 0.303446 -0.0805641 
33947 0.300792 0.0803994 
33948 0.298195 0.240944 
33949 0.295605 0.401217 
33950 -0.343342 -0.253881 
33951 -0.345504 -0.0916346 
33952 -0.348118 0.0703381 
33953 -0.3505 0.23192 
33954 -0.352925 0.393128 
33955 -0.180745 -0.250413 
33956 -0.183196 -0.0886124 
33957 -0.185745 0.0728842 
33958 -0.188108 0.233939 
33959 -0.190875 0.394642 
33960 -0.0189409 -0.246966 
33961 -0.0217323 -0.0856064 
33962 -0.0243328 0.0753212 
33963 -0.0269975 0.235899 
33964 -0.029842 0.396168 
33965 0.141806 -0.243597 
33966 0.138832 -0.0826454 
33967 0.136163 0.0777422 
33968 0.133009 0.237772 
33969 0.130292 0.397658 
33970 0.30152 -0.240103 
33971 0.298419 -0.0797566 
33972 0.295451 0.0802728 
33973 0.292497 0.239864 
33974 0.289481 0.399238 
33975 -0.344624 -0.253942 
33976 -0.347369 -0.0922487 
33977 -0.350351 0.0688351 
33978 -0.353003 0.229688 
33979 -0.355778 0.390216 
33980 -0.182597 -0.249888 
33981 -0.185559 -0.0890057 
33982 -0.188479 0.0716746 
33983 -0.191478 0.232016 
33984 -0.194417 0.392096 
33985 -0.0215399 -0.245942 
33986 -0.0248215 -0.0855512 
33987 -0.0277858 0.0746926 
33988 -0.0308934 0.23441 
33989 -0.0341636 0.393777 
33990 0.138342 -0.24212 
33991 0.135054 -0.0820717 
33992 0.131712 0.0774456 
33993 0.128571 0.236707 
33994 0.125166 0.395719 
33995 0.297199 -0.238154 
33996 0.293758 -0.078748 
33997 0.290275 0.0804195 
33998 0.286863 0.23905 
33999 0.28342 0.397447 
34000 -0.346057 -0.254061 
34001 -0.349149 -0.0929463 
34002 -0.352429 0.0675933 
34003 -0.355643 0.227829 
34004 -0.358602 0.38744 
34005 -0.184576 -0.249526 
34006 -0.187912 -0.089141 
34007 -0.191258 0.0708511 
34008 -0.194527 0.230436 
34009 -0.197851 0.389584 
34010 -0.0241727 -0.245096 
34011 -0.0277541 -0.085349 
34012 -0.0312047 0.0741167 
34013 -0.0347262 0.233137 
34014 -0.0381764 0.391737 
34015 0.134763 -0.24062 
34016 0.131304 -0.0813144 
34017 0.127525 0.0773313 
34018 0.123706 0.235679 
34019 0.120159 0.393716 
34020 0.292786 -0.236139 
34021 0.288877 -0.0777774 
34022 0.285003 0.0805135 
34023 0.281259 0.238296 
34024 0.277345 0.395659 
34025 -0.347398 -0.253882 
34026 -0.350982 -0.0935472 
34027 -0.354458 0.0664342 
34028 -0.358071 0.225967 
34029 -0.361641 0.38514 
34030 -0.186373 -0.248696 
34031 -0.19025 -0.0892572 
34032 -0.193951 0.0700117 
34033 -0.197608 0.228925 
34034 -0.201418 0.387297 
34035 -0.0268946 -0.243893 
34036 -0.0308068 -0.0850148 
34037 -0.0345404 0.0737175 
34038 -0.0385889 0.231858 
34039 -0.0425274 0.389692 
34040 0.131403 -0.239044 
34041 0.127045 -0.0807215 
34042 0.12307 0.0771197 
34043 0.119218 0.23491 
34044 0.115145 0.391871 
34045 0.288437 -0.23414 
34046 0.28411 -0.0764882 
34047 0.279889 0.0808472 
34048 0.275655 0.23766 
34049 0.271402 0.394135 
34050 -0.348847 -0.253665 
34051 -0.352719 -0.0939644 
34052 -0.356564 0.0654197 
34053 -0.360422 0.224313 
34054 -0.364497 0.382702 
34055 -0.188388 -0.248238 
34056 -0.192602 -0.0891845 
34057 -0.196597 0.0693737 
34058 -0.20073 0.22754 
34059 -0.204822 0.385328 
34060 -0.0295749 -0.242785 
34061 -0.0338362 -0.0843398 
34062 -0.0380675 0.0733297 
34063 -0.0424636 0.230751 
34064 -0.0465926 0.387863 
34065 0.128047 -0.237306 
34066 0.123599 -0.0799248 
34067 0.119059 0.0773786 
34068 0.114744 0.23403 
34069 0.110165 0.390434 
34070 0.283926 -0.232089 
34071 0.27943 -0.0752148 
34072 0.274777 0.0812603 
34073 0.270108 0.237286 
34074 0.265529 0.392837 
34075 -0.350012 -0.253303 
34076 -0.354413 -0.0942479 
34077 -0.358896 0.0645 
34078 -0.363187 0.222708 
34079 -0.367512 0.380491 
34080 -0.190364 -0.247196 
34081 -0.19481 -0.0890104 
34082 -0.199312 0.0687515 
34083 -0.203835 0.226207 
34084 -0.20829 0.383291 
34085 -0.0320375 -0.241454 
34086 -0.0366358 -0.083912 
34087 -0.041526 0.0731853 
34088 -0.0460508 0.229734 
34089 -0.0507245 0.385994 
34090 0.12455 -0.235665 
34091 0.119743 -0.0788337 
34092 0.114823 0.0775238 
34093 0.110065 0.233524 
34094 0.105133 0.388899 
34095 0.279645 -0.229734 
34096 0.274751 -0.0738102 
34097 0.269659 0.0817178 
34098 0.264639 0.236898 
34099 0.259647 0.391573 
34100 -0.351377 -0.252732 
34101 -0.356153 -0.0944782 
34102 -0.36096 0.0635455 
34103 -0.365673 0.221208 
34104 -0.370367 0.378517 
34105 -0.192252 -0.246274 
34106 -0.197058 -0.0889058 
34107 -0.202016 0.0683845 
34108 -0.206947 0.225207 
34109 -0.211803 0.381526 
34110 -0.034641 -0.239995 
34111 -0.0399344 -0.0833506 
34112 -0.0449617 0.0730179 
34113 -0.049912 0.228996 
34114 -0.0548781 0.384664 
34115 0.121105 -0.233638 
34116 0.115902 -0.0777562 
34117 0.110702 0.0776715 
34118 0.105527 0.232842 
34119 0.100332 0.387506 
34120 0.275391 -0.227457 
34121 0.269895 -0.0724791 
34122 0.264698 0.0824346 
34123 0.259295 0.236595 
34124 0.253828 0.39064 
34125 -0.352784 -0.252173 
34126 -0.358028 -0.0945021 
34127 -0.363091 0.0628477 
34128 -0.368203 0.219919 
34129 -0.373254 0.376699 
34130 -0.194069 -0.245298 
34131 -0.199417 -0.0883685 
34132 -0.204719 0.0680759 
34133 -0.209921 0.223981 
34134 -0.215273 0.379814 
34135 -0.0374045 -0.238474 
34136 -0.042704 -0.0824089 
34137 -0.0481088 0.073095 
34138 -0.0535618 0.228233 
34139 -0.0590126 0.383143 
34140 0.11767 -0.231627 
34141 0.112018 -0.076659 
34142 0.106655 0.0781053 
34143 0.10106 0.23247 
34144 0.0955042 0.386298 
34145 0.27091 -0.22496 
34146 0.265263 -0.0709379 
34147 0.259594 0.0830957 
34148 0.253892 0.236555 
34149 0.248228 0.389699 
34150 -0.354185 -0.251502 
34151 -0.359608 -0.0944022 
34152 -0.365136 0.0622928 
34153 -0.370692 0.21867 
34154 -0.376351 0.374953 
34155 -0.195981 -0.244093 
34156 -0.201556 -0.0880675 
34157 -0.207435 0.0677794 
34158 -0.213117 0.223194 
34159 -0.218742 0.378334 
34160 -0.0398135 -0.236829 
34161 -0.0457875 -0.0816279 
34162 -0.051411 0.0731297 
34163 -0.0574006 0.227698 
34164 -0.0632614 0.381935 
34165 0.114392 -0.229535 
34166 0.108358 -0.0753181 
34167 0.102547 0.0785476 
34168 0.0965924 0.231987 
34169 0.0906316 0.385256 
34170 0.266918 -0.22229 
34171 0.260735 -0.0691471 
34172 0.254662 0.0839087 
34173 0.248525 0.236428 
34174 0.242497 0.388895 
34175 -0.355501 -0.250674 
34176 -0.361453 -0.0942491 
34177 -0.367494 0.0617188 
34178 -0.373507 0.217866 
34179 -0.379122 0.373267 
34180 -0.197914 -0.242806 
34181 -0.204072 -0.0873607 
34182 -0.210169 0.0676356 
34183 -0.216138 0.222397 
34184 -0.222267 0.376975 
34185 -0.0424031 -0.235089 
34186 -0.0486961 -0.0806389 
34187 -0.0549861 0.0734076 
34188 -0.0611288 0.227209 
34189 -0.0671621 0.38082 
34190 0.110863 -0.227403 
34191 0.104806 -0.074107 
34192 0.0984383 0.0790275 
34193 0.092106 0.232026 
34194 0.085906 0.384505 
34195 0.262388 -0.21993 
34196 0.256091 -0.0673227 
34197 0.249735 0.0847246 
34198 0.243292 0.23659 
34199 0.236982 0.388127 
34200 -0.356769 -0.249777 
34201 -0.363148 -0.0941049 
34202 -0.36958 0.061426 
34203 -0.375924 0.21683 
34204 -0.382322 0.371699 
34205 -0.199855 -0.241501 
34206 -0.206315 -0.0867878 
34207 -0.212862 0.0675803 
34208 -0.219181 0.221792 
34209 -0.225747 0.375833 
34210 -0.0451226 -0.233255 
34211 -0.0515674 -0.0796762 
34212 -0.0582072 0.073743 
34213 -0.064748 0.226961 
34214 -0.0712441 0.379879 
34215 0.107544 -0.225086 
34216 0.101045 -0.0724188 
34217 0.0943466 0.0797621 
34218 0.0876314 0.231807 
34219 0.0810269 0.383655 
34220 0.258152 -0.217229 
34221 0.251545 -0.0655091 
34222 0.244688 0.0857888 
34223 0.238189 0.236754 
34224 0.231319 0.387521 
34225 -0.357978 -0.248803 
34226 -0.364786 -0.0936476 
34227 -0.371707 0.0614169 
34228 -0.378519 0.215923 
34229 -0.385235 0.370431 
34230 -0.20178 -0.239973 
34231 -0.208558 -0.0859437 
34232 -0.215364 0.0676838 
34233 -0.222199 0.221452 
34234 -0.229178 0.374717 
34235 -0.0476364 -0.231207 
34236 -0.0546248 -0.0784847 
34237 -0.061375 0.0742188 
34238 -0.0682811 0.226679 
34239 -0.0753808 0.378712 
34240 0.104184 -0.222721 
34241 0.0972065 -0.0711282 
34242 0.0903425 0.080513 
34243 0.0832559 0.231971 
34244 0.0764451 0.382965 
34245 0.253923 -0.214438 
34246 0.246832 -0.0638484 
34247 0.239873 0.0868273 
34248 0.233042 0.236968 
34249 0.225958 0.387152 
34250 -0.359342 -0.24746 
34251 -0.366449 -0.0931093 
34252 -0.373841 0.0610912 
34253 -0.381077 0.215226 
34254 -0.388238 0.369152 
34255 -0.203735 -0.238328 
34256 -0.21074 -0.0850425 
34257 -0.218132 0.0679108 
34258 -0.225353 0.220984 
34259 -0.232621 0.373671 
34260 -0.0502843 -0.229286 
34261 -0.0575021 -0.077326 
34262 -0.0647779 0.0746523 
34263 -0.0719887 0.226601 
34264 -0.079112 0.378183 
34265 0.100874 -0.220379 
34266 0.0935202 -0.0695266 
34267 0.0862105 0.0813058 
34268 0.0790428 0.231973 
34269 0.0718005 0.382462 
34270 0.249681 -0.211619 
34271 0.242279 -0.0617571 
34272 0.23507 0.0879411 
34273 0.227795 0.23737 
34274 0.220571 0.386714 
