33800 -0.333349 -0.249979 
33801 -0.333188 -0.0833221 
33802 -0.333347 0.083378 
33803 -0.333283 0.250127 
33804 -0.333357 0.416681 
33805 -0.166722 -0.250041 
33806 -0.166649 -0.0833131 
33807 -0.166581 0.0833371 
33808 -0.166617 0.249944 
33809 -0.166666 0.416657 
33810 -3.94857e-05 -0.249909 
33811 1.32572e-05 -0.0833121 
33812 -1.74377e-05 0.0832646 
33813 7.82634e-06 0.249984 
33814 9.24889e-05 0.416722 
33815 0.166708 -0.249941 
33816 0.166763 -0.0834357 
33817 0.166708 0.0833794 
33818 0.166689 0.250044 
33819 0.166674 0.41672 
33820 0.333319 -0.25003 
33821 0.333374 -0.0832527 
33822 0.333437 0.0832975 
33823 0.333346 0.24999 
33824 0.333228 0.416595 
33825 -0.334816 -0.250748 
33826 -0.3351 -0.0847137 
33827 -0.335497 0.0811937 
33828 -0.335733 0.247112 
33829 -0.336088 0.412995 
33830 -0.168715 -0.250202 
33831 -0.169096 -0.0843492 
33832 -0.169315 0.081668 
33833 -0.169642 0.24741 
33834 -0.170021 0.41313 
33835 -0.00271223 -0.249762 
33836 -0.00317495 -0.0839201 
33837 -0.00339401 0.0819129 
33838 -0.00390273 0.247765 
33839 -0.00439351 0.413477 
33840 0.163083 -0.249339 
33841 0.162594 -0.0834476 
33842 0.162208 0.0822618 
33843 0.161771 0.24801 
33844 0.161389 0.413696 
33845 0.328677 -0.248934 
33846 0.328199 -0.0831333 
33847 0.327897 0.0827371 
33848 0.327274 0.248363 
33849 0.327006 0.413771 
33850 -0.336305 -0.251432 
33851 -0.336924 -0.0860568 
33852 -0.337522 0.079246 
33853 -0.338193 0.244403 
33854 -0.338929 0.409378 
33855 -0.170642 -0.250554 
33856 -0.171407 -0.0851645 
33857 -0.172104 0.0799886 
33858 -0.172962 0.244993 
33859 -0.173534 0.409788 
33860 -0.00553278 -0.249315 
33861 -0.00629388 -0.0843266 
33862 -0.00707525 0.0806793 
33863 -0.00788492 0.245471 
33864 -0.00858457 0.410229 
33865 0.159392 -0.248378 
33866 0.1587 -0.0834179 
33867 0.157693 0.0813325 
33868 0.156982 0.24627 
33869 0.156058 0.410706 
33870 0.324008 -0.247404 
33871 0.323174 -0.0827238 
33872 0.322282 0.0820967 
33873 0.321244 0.246713 
33874 0.320401 0.411148 
33875 -0.337695 -0.251836 
33876 -0.338724 -0.0870567 
33877 -0.339777 0.07746 
33878 -0.340739 0.241713 
33879 -0.341548 0.406091 
33880 -0.172737 -0.250354 
33881 -0.173813 -0.0859677 
33882 -0.174835 0.0784674 
33883 -0.176124 0.242648 
33884 -0.17705 0.4067 
33885 -0.00816301 -0.249105 
33886 -0.00940018 -0.0846091 
33887 -0.0105507 0.0795265 
33888 -0.0117624 0.243566 
33889 -0.0130194 0.407305 
33890 0.155845 -0.247427 
33891 0.154596 -0.0833218 
33892 0.153334 0.0805685 
33893 0.152078 0.2443 
33894 0.150822 0.407908 
33895 0.319551 -0.245916 
33896 0.318053 -0.082088 
33897 0.316775 0.081683 
33898 0.31537 0.24521 
33899 0.314117 0.408477 
33900 -0.339143 -0.252323 
33901 -0.340582 -0.0882492 
33902 -0.341727 0.0756256 
33903 -0.343007 0.239346 
33904 -0.344358 0.402775 
33905 -0.17474 -0.250387 
33906 -0.176161 -0.0865726 
33907 -0.177706 0.0770968 
33908 -0.179121 0.240517 
33909 -0.180532 0.403596 
33910 -0.0110288 -0.248366 
33911 -0.0125086 -0.0848762 
33912 -0.0141772 0.0785379 
33913 -0.0155529 0.241586 
33914 -0.0172833 0.404589 
33915 0.152205 -0.246336 
33916 0.150734 -0.0829525 
33917 0.148954 0.0799338 
33918 0.147242 0.24268 
33919 0.14546 0.405396 
33920 0.314825 -0.244449 
33921 0.313129 -0.0813756 
33922 0.311445 0.0814051 
33923 0.309718 0.243991 
33924 0.307829 0.406286 
33925 -0.340481 -0.252655 
33926 -0.342227 -0.0893264 
33927 -0.343913 0.0740853 
33928 -0.345707 0.236894 
33929 -0.347343 0.399578 
33930 -0.176785 -0.250292 
33931 -0.178618 -0.0870914 
33932 -0.180306 0.0758305 
33933 -0.182191 0.238525 
33934 -0.184166 0.400829 
33935 -0.0136816 -0.247778 
33936 -0.0155233 -0.0848226 
33937 -0.0174411 0.0776154 
33938 -0.0195935 0.239775 
33939 -0.0214603 0.401841 
33940 0.148942 -0.245279 
33941 0.146626 -0.0827094 
33942 0.144649 0.0794606 
33943 0.142596 0.241283 
33944 0.140515 0.402965 
33945 0.310498 -0.242765 
33946 0.308186 -0.0807241 
33947 0.306229 0.0812131 
33948 0.303773 0.242801 
33949 0.301706 0.404167 
33950 -0.341806 -0.252872 
33951 -0.343869 -0.0901297 
33952 -0.345977 0.0723871 
33953 -0.348071 0.234627 
33954 -0.350184 0.396685 
33955 -0.178696 -0.249996 
33956 -0.18085 -0.0875615 
33957 -0.183091 0.0744663 
33958 -0.185395 0.236418 
33959 -0.187563 0.398078 
33960 -0.0161806 -0.246861 
33961 -0.0188081 -0.0850258 
33962 -0.0211434 0.0768983 
33963 -0.0233948 0.23825 
33964 -0.0258103 0.399564 
33965 0.145265 -0.243841 
33966 0.142869 -0.0823617 
33967 0.140222 0.0789732 
33968 0.13784 0.239985 
33969 0.135313 0.400815 
33970 0.305911 -0.241014 
33971 0.303356 -0.079859 
33972 0.300803 0.081084 
33973 0.298007 0.241711 
33974 0.295372 0.402099 
33975 -0.343215 -0.253072 
33976 -0.345554 -0.0909035 
33977 -0.348226 0.0709923 
33978 -0.350636 0.232843 
33979 -0.353136 0.393863 
33980 -0.180615 -0.249436 
33981 -0.183389 -0.0878241 
33982 -0.185985 0.0735847 
33983 -0.188435 0.234775 
33984 -0.191004 0.395547 
33985 -0.0189956 -0.24601 
33986 -0.02165 -0.0847106 
33987 -0.0244567 0.0761442 
33988 -0.0272768 0.236706 
33989 -0.0300035 0.39718 
33990 0.141747 -0.24255 
33991 0.138831 -0.0817241 
33992 0.136015 0.0786797 
33993 0.133054 0.23877 
33994 0.130237 0.398661 
33995 0.30149 -0.239042 
33996 0.298611 -0.0787254 
33997 0.295354 0.0811884 
33998 0.292404 0.240952 
33999 0.289402 0.40023 
34000 -0.344537 -0.253044 
34001 -0.347525 -0.0914596 
34002 -0.350254 0.0697211 
34003 -0.353259 0.230591 
34004 -0.356048 0.391191 
34005 -0.182473 -0.248968 
34006 -0.1857 -0.0880228 
34007 -0.188609 0.0725682 
34008 -0.191533 0.233045 
34009 -0.19452 0.393124 
34010 -0.0215565 -0.24498 
34011 -0.0247922 -0.0844483 
34012 -0.0279404 0.0756545 
34013 -0.0310275 0.235441 
34014 -0.0342335 0.394965 
34015 0.138208 -0.241019 
34016 0.134997 -0.0811715 
34017 0.131656 0.0786213 
34018 0.128384 0.237762 
34019 0.125014 0.396705 
34020 0.297153 -0.237111 
34021 0.293642 -0.0777116 
34022 0.290203 0.0813313 
34023 0.286558 0.240177 
34024 0.28323 0.398552 
34025 -0.346 -0.252834 
34026 -0.349255 -0.0920077 
34027 -0.352498 0.0684486 
34028 -0.355712 0.228731 
34029 -0.358928 0.388654 
34030 -0.184454 -0.24827 
34031 -0.187851 -0.0880803 
34032 -0.191363 0.0717554 
34033 -0.194791 0.231442 
34034 -0.198056 0.390835 
34035 -0.0242303 -0.243945 
34036 -0.0278231 -0.0841703 
34037 -0.0313904 0.075171 
34038 -0.0349477 0.234228 
34039 -0.0385314 0.392886 
34040 0.134732 -0.239409 
34041 0.13104 -0.0804195 
34042 0.12728 0.0785284 
34043 0.123646 0.236864 
34044 0.119873 0.395006 
34045 0.292717 -0.234913 
34046 0.288732 -0.0764798 
34047 0.284955 0.0816869 
34048 0.280972 0.239506 
34049 0.277238 0.39703 
34050 -0.347343 -0.252602 
34051 -0.350942 -0.0925111 
34052 -0.354601 0.0674959 
34053 -0.358201 0.22713 
34054 -0.361941 0.386204 
34055 -0.186336 -0.247733 
34056 -0.190115 -0.0880686 
34057 -0.194007 0.0711748 
34058 -0.197853 0.230125 
34059 -0.201666 0.388803 
34060 -0.0268876 -0.24268 
34061 -0.0308404 -0.0837708 
34062 -0.0347462 0.0749224 
34063 -0.0388032 0.233077 
34064 -0.0426023 0.390982 
34065 0.131386 -0.237628 
34066 0.127388 -0.0794895 
34067 0.123132 0.0785359 
34068 0.119069 0.236185 
34069 0.114942 0.393536 
34070 0.288308 -0.232766 
34071 0.284054 -0.0751392 
34072 0.279781 0.0820295 
34073 0.275463 0.239128 
34074 0.271306 0.395628 
34075 -0.3487 -0.252311 
34076 -0.352731 -0.0927497 
34077 -0.356622 0.0664299 
34078 -0.360747 0.225429 
34079 -0.364886 0.384093 
34080 -0.188317 -0.246728 
34081 -0.192376 -0.0879278 
34082 -0.196813 0.0706227 
34083 -0.200855 0.228887 
34084 -0.205166 0.386814 
34085 -0.0295126 -0.241352 
34086 -0.0338351 -0.0830555 
34087 -0.038201 0.0747349 
34088 -0.0424509 0.232264 
34089 -0.0468264 0.389385 
34090 0.127866 -0.235903 
34091 0.123438 -0.0786403 
34092 0.119008 0.0786686 
34093 0.114439 0.235478 
34094 0.109972 0.391977 
34095 0.283975 -0.230434 
34096 0.27938 -0.0738866 
34097 0.274673 0.0825254 
34098 0.270034 0.238741 
34099 0.265317 0.394399 
34100 -0.349967 -0.251907 
34101 -0.354454 -0.0929961 
34102 -0.358881 0.0657409 
34103 -0.363308 0.224068 
34104 -0.367781 0.382162 
34105 -0.190315 -0.245749 
34106 -0.194764 -0.0875131 
34107 -0.199482 0.0702738 
34108 -0.204029 0.227618 
34109 -0.208716 0.384782 
34110 -0.0320872 -0.239806 
34111 -0.0367877 -0.082449 
34112 -0.0415401 0.0745933 
34113 -0.0463093 0.231396 
34114 -0.0510999 0.387876 
34115 0.12443 -0.234012 
34116 0.119617 -0.077507 
34117 0.114675 0.078911 
34118 0.109884 0.23489 
34119 0.104996 0.390551 
34120 0.279494 -0.228029 
34121 0.274537 -0.0722255 
34122 0.269623 0.0831511 
34123 0.26458 0.238472 
34124 0.259657 0.393413 
34125 -0.351308 -0.251205 
34126 -0.356144 -0.0930178 
34127 -0.36105 0.0649973 
34128 -0.366005 0.222755 
34129 -0.370788 0.380189 
34130 -0.19225 -0.244824 
34131 -0.197104 -0.0873021 
34132 -0.202071 0.0698738 
34133 -0.207255 0.226761 
34134 -0.212209 0.38339 
34135 -0.0347107 -0.238239 
34136 -0.0398208 -0.0817867 
34137 -0.0448678 0.0745981 
34138 -0.0500879 0.230658 
34139 -0.0552314 0.38627 
34140 0.121065 -0.232024 
34141 0.115759 -0.0761961 
34142 0.110664 0.0793223 
34143 0.105383 0.234481 
34144 0.10012 0.389407 
34145 0.275239 -0.225669 
34146 0.2699 -0.0706753 
34147 0.264602 0.083925 
34148 0.259175 0.23822 
34149 0.253948 0.392463 
34150 -0.352655 -0.250473 
34151 -0.358056 -0.0928856 
34152 -0.36316 0.0646066 
34153 -0.368558 0.221564 
34154 -0.373843 0.378405 
34155 -0.193951 -0.243333 
34156 -0.199367 -0.0868926 
34157 -0.204669 0.0695712 
34158 -0.210188 0.225771 
34159 -0.215546 0.381753 
34160 -0.0373057 -0.236451 
34161 -0.0428586 -0.0808318 
34162 -0.0483546 0.0747187 
34163 -0.0538069 0.229981 
34164 -0.059233 0.385158 
34165 0.117705 -0.229836 
34166 0.11206 -0.0747868 
34167 0.106437 0.0798551 
34168 0.10096 0.23422 
34169 0.0952031 0.388429 
34170 0.270911 -0.222992 
34171 0.265328 -0.0690081 
34172 0.259404 0.0846657 
34173 0.2538 0.238403 
34174 0.24809 0.39154 
34175 -0.353804 -0.249828 
34176 -0.35964 -0.0927455 
34177 -0.365384 0.0640538 
34178 -0.371152 0.22057 
34179 -0.376778 0.376805 
34180 -0.195972 -0.242308 
34181 -0.201752 -0.0862459 
34182 -0.207531 0.0694835 
34183 -0.213332 0.224974 
34184 -0.219003 0.380392 
34185 -0.0399092 -0.235023 
34186 -0.0456868 -0.0799891 
34187 -0.0516195 0.0749285 
34188 -0.0574282 0.229572 
34189 -0.063395 0.383932 
34190 0.114211 -0.22756 
34191 0.108404 -0.0734697 
34192 0.102422 0.0803353 
34193 0.096378 0.233919 
34194 0.0905889 0.387424 
34195 0.266669 -0.220552 
34196 0.260658 -0.0672539 
34197 0.254587 0.085488 
34198 0.248592 0.238437 
34199 0.242509 0.390944 
34200 -0.355326 -0.248755 
34201 -0.361436 -0.0924876 
34202 -0.367524 0.0636306 
34203 -0.373727 0.219553 
34204 -0.379818 0.37526 
34205 -0.197823 -0.240786 
34206 -0.204107 -0.0855067 
34207 -0.210271 0.0695145 
34208 -0.216456 0.224374 
34209 -0.222583 0.379164 
34210 -0.0424493 -0.233011 
34211 -0.0488769 -0.0787576 
34212 -0.0549293 0.0753328 
34213 -0.0613096 0.229354 
34214 -0.0674453 0.382874 
34215 0.110977 -0.225357 
34216 0.104624 -0.0721112 
34217 0.0982283 0.0808464 
34218 0.0918677 0.233985 
34219 0.0857079 0.386764 
34220 0.262313 -0.217585 
34221 0.255824 -0.0654025 
34222 0.249559 0.0866397 
34223 0.243225 0.238621 
34224 0.236884 0.390405 
34225 -0.356704 -0.24761 
34226 -0.363173 -0.092092 
34227 -0.369729 0.0634094 
34228 -0.376264 0.218759 
34229 -0.382717 0.373993 
34230 -0.199794 -0.2393 
34231 -0.206335 -0.0847293 
34232 -0.212985 0.0696789 
34233 -0.219413 0.223904 
34234 -0.226047 0.37802 
34235 -0.0451146 -0.231068 
34236 -0.0517466 -0.0776699 
34237 -0.05832 0.0757844 
34238 -0.0648004 0.22894 
34239 -0.0714356 0.382115 
34240 0.107482 -0.223005 
34241 0.100824 -0.0705517 
34242 0.0942737 0.0818051 
34243 0.0875485 0.233968 
34244 0.0809564 0.386064 
34245 0.25803 -0.215071 
34246 0.251376 -0.0634772 
34247 0.244524 0.0876591 
34248 0.237978 0.238796 
34249 0.231338 0.390015 
34250 -0.35787 -0.24649 
34251 -0.364824 -0.0915243 
34252 -0.371862 0.0633354 
34253 -0.378612 0.218203 
34254 -0.385555 0.372859 
34255 -0.201768 -0.237683 
34256 -0.20863 -0.083908 
34257 -0.215517 0.0697666 
34258 -0.222513 0.223526 
34259 -0.22951 0.377054 
34260 -0.0476445 -0.229047 
34261 -0.0546721 -0.0763386 
34262 -0.0616175 0.0762341 
34263 -0.0686521 0.228833 
34264 -0.0754417 0.381314 
34265 0.103963 -0.220621 
34266 0.0971885 -0.0688946 
34267 0.0901904 0.0827611 
34268 0.0832122 0.234141 
34269 0.076157 0.385297 
34270 0.253665 -0.212068 
34271 0.246698 -0.0614587 
34272 0.239869 0.0888828 
34273 0.232908 0.239261 
34274 0.225915 0.389553 
34275 -0.359291 -0.245109 
34276 -0.366525 -0.0908097 
34277 -0.374016 0.0633239 
34278 -0.381261 0.217677 
34279 -0.388772 0.371668 
34280 -0.203738 -0.235918 
34281 -0.210891 -0.0828662 
34282 -0.218314 0.0702033 
34283 -0.225559 0.223194 
34284 -0.232837 0.376309 
34285 -0.0502896 -0.227046 
34286 -0.0576065 -0.075038 
34287 -0.0649825 0.0769681 
34288 -0.0723204 0.22895 
34289 -0.0794634 0.38071 
34290 0.100584 -0.217965 
34291 0.0934776 -0.0670709 
34292 0.0861456 0.0835033 
34293 0.0790032 0.234393 
34294 0.0716147 0.385084 
34295 0.249406 -0.209172 
34296 0.242213 -0.0595484 
34297 0.234972 0.0901153 
34298 0.227748 0.239728 
34299 0.22055 0.389304 
