33875 -0.333308 -0.249874 
33876 -0.333385 -0.0833543 
33877 -0.333315 0.0834571 
33878 -0.333387 0.249983 
33879 -0.333255 0.416683 
33880 -0.166532 -0.249955 
33881 -0.166701 -0.0833617 
33882 -0.166647 0.08331 
33883 -0.16665 0.249904 
33884 -0.166674 0.416654 
33885 1.00211e-05 -0.24999 
33886 -8.62645e-05 -0.0832936 
33887 5.0308e-05 0.083354 
33888 -5.70773e-05 0.249982 
33889 8.7584e-05 0.416629 
33890 0.166666 -0.250009 
33891 0.166578 -0.0832866 
33892 0.166803 0.083243 
33893 0.166632 0.2501 
33894 0.166594 0.416572 
33895 0.333444 -0.249908 
33896 0.33332 -0.0833248 
33897 0.333285 0.0832703 
33898 0.333327 0.250009 
33899 0.33335 0.416732 
33900 -0.334619 -0.250425 
33901 -0.335186 -0.0845205 
33902 -0.335504 0.0815195 
33903 -0.335827 0.247492 
33904 -0.336291 0.413326 
33905 -0.168634 -0.249924 
33906 -0.169037 -0.0839451 
33907 -0.169525 0.0820053 
33908 -0.169841 0.247905 
33909 -0.170212 0.413557 
33910 -0.00279537 -0.249332 
33911 -0.00306195 -0.0834588 
33912 -0.00358897 0.0824005 
33913 -0.00391858 0.248077 
33914 -0.0045082 0.413827 
33915 0.162925 -0.248858 
33916 0.162649 -0.0830554 
33917 0.162068 0.0826932 
33918 0.16174 0.248383 
33919 0.161321 0.414044 
33920 0.328723 -0.248352 
33921 0.328204 -0.0825965 
33922 0.327958 0.0830285 
33923 0.327304 0.248702 
33924 0.326917 0.414304 
33925 -0.336227 -0.250741 
33926 -0.336898 -0.0853373 
33927 -0.337527 0.0798053 
33928 -0.338383 0.245126 
33929 -0.339177 0.410275 
33930 -0.170667 -0.249595 
33931 -0.171436 -0.0844258 
33932 -0.172163 0.0806227 
33933 -0.17307 0.245668 
33934 -0.173818 0.410582 
33935 -0.00538672 -0.248571 
33936 -0.00630547 -0.0835504 
33937 -0.00719024 0.0815296 
33938 -0.00784941 0.246426 
33939 -0.00881296 0.411172 
33940 0.15938 -0.24757 
33941 0.158472 -0.0826198 
33942 0.157778 0.0822436 
33943 0.156711 0.246992 
33944 0.155917 0.411622 
33945 0.32406 -0.246756 
33946 0.32324 -0.0817563 
33947 0.322229 0.0830611 
33948 0.321367 0.247629 
33949 0.320313 0.412063 
33950 -0.337559 -0.250858 
33951 -0.338585 -0.0862158 
33952 -0.339678 0.0783268 
33953 -0.341008 0.242862 
33954 -0.342068 0.407213 
33955 -0.172636 -0.249385 
33956 -0.17393 -0.0847848 
33957 -0.175022 0.0795138 
33958 -0.176162 0.243827 
33959 -0.177258 0.407843 
33960 -0.00822962 -0.247735 
33961 -0.00937297 -0.0834562 
33962 -0.0106914 0.0805057 
33963 -0.0118738 0.244616 
33964 -0.0132203 0.408511 
33965 0.15587 -0.24622 
33966 0.154566 -0.0821395 
33967 0.153185 0.0818454 
33968 0.151964 0.245678 
33969 0.150591 0.409324 
33970 0.319398 -0.244749 
33971 0.318074 -0.0807084 
33972 0.316792 0.0829197 
33973 0.315511 0.24652 
33974 0.314079 0.410052 
33975 -0.33892 -0.251021 
33976 -0.340418 -0.0869626 
33977 -0.341931 0.0769784 
33978 -0.343405 0.240638 
33979 -0.344815 0.404233 
33980 -0.174633 -0.248923 
33981 -0.176211 -0.0850437 
33982 -0.17782 0.0784331 
33983 -0.179416 0.241966 
33984 -0.181058 0.405145 
33985 -0.010898 -0.24667 
33986 -0.0127146 -0.0834112 
33987 -0.0141916 0.0800162 
33988 -0.0158272 0.243141 
33989 -0.0176158 0.40623 
33990 0.152304 -0.244891 
33991 0.150555 -0.081501 
33992 0.148831 0.0816036 
33993 0.147173 0.244483 
33994 0.145379 0.407156 
33995 0.314813 -0.242725 
33996 0.313168 -0.0798764 
33997 0.311421 0.0829095 
33998 0.30958 0.2456 
33999 0.307723 0.408162 
34000 -0.340296 -0.250826 
34001 -0.342178 -0.0876406 
34002 -0.344156 0.0756517 
34003 -0.346058 0.238636 
34004 -0.347951 0.401666 
34005 -0.176467 -0.248517 
34006 -0.178474 -0.0853469 
34007 -0.18054 0.0775859 
34008 -0.182501 0.2403 
34009 -0.184523 0.402704 
34010 -0.0135773 -0.245802 
34011 -0.0156791 -0.0829228 
34012 -0.0174992 0.0793287 
34013 -0.0198798 0.241832 
34014 -0.0219702 0.404055 
34015 0.148743 -0.243217 
34016 0.146657 -0.080917 
34017 0.144416 0.0814447 
34018 0.142373 0.243292 
34019 0.140155 0.405128 
34020 0.310378 -0.240626 
34021 0.308093 -0.0786349 
34022 0.305859 0.0831497 
34023 0.303716 0.244852 
34024 0.301529 0.406403 
34025 -0.341539 -0.250885 
34026 -0.343903 -0.0881504 
34027 -0.346289 0.0744713 
34028 -0.348644 0.236846 
34029 -0.350968 0.398897 
34030 -0.178447 -0.247655 
34031 -0.180862 -0.0854242 
34032 -0.183351 0.076788 
34033 -0.185621 0.238694 
34034 -0.188172 0.400307 
34035 -0.0162283 -0.244513 
34036 -0.0187146 -0.0827173 
34037 -0.0212946 0.0788961 
34038 -0.0236756 0.240598 
34039 -0.0261597 0.402085 
34040 0.145205 -0.241335 
34041 0.142613 -0.0798773 
34042 0.140031 0.0812569 
34043 0.137644 0.24254 
34044 0.134937 0.403414 
34045 0.30591 -0.238208 
34046 0.303187 -0.0773415 
34047 0.300576 0.0835792 
34048 0.297967 0.244365 
34049 0.295258 0.404806 
34050 -0.342965 -0.250386 
34051 -0.345778 -0.0885538 
34052 -0.348412 0.0733014 
34053 -0.35115 0.235103 
34054 -0.353904 0.39666 
34055 -0.180294 -0.246855 
34056 -0.183266 -0.085334 
34057 -0.186218 0.0760605 
34058 -0.188797 0.2373 
34059 -0.191716 0.398346 
34060 -0.0189447 -0.243428 
34061 -0.0218143 -0.082181 
34062 -0.0247101 0.0787346 
34063 -0.0276216 0.239457 
34064 -0.0304563 0.400009 
34065 0.141702 -0.239737 
34066 0.138658 -0.0790408 
34067 0.135635 0.0814218 
34068 0.132796 0.241629 
34069 0.129941 0.401786 
34070 0.301363 -0.236133 
34071 0.298377 -0.0760232 
34072 0.295239 0.0841903 
34073 0.292298 0.243698 
34074 0.289194 0.403401 
34075 -0.344296 -0.250141 
34076 -0.347539 -0.0888826 
34077 -0.350579 0.0722853 
34078 -0.353803 0.233441 
34079 -0.356734 0.394358 
34080 -0.182257 -0.246009 
34081 -0.185544 -0.0851774 
34082 -0.188757 0.0755104 
34083 -0.192099 0.23617 
34084 -0.19528 0.396201 
34085 -0.0216421 -0.241861 
34086 -0.0249477 -0.0816063 
34087 -0.0281209 0.0785731 
34088 -0.0315061 0.238366 
34089 -0.0346724 0.398387 
34090 0.138289 -0.237773 
34091 0.13483 -0.0780896 
34092 0.131502 0.0815473 
34093 0.128021 0.241059 
34094 0.124689 0.400191 
34095 0.296882 -0.233715 
34096 0.293497 -0.0745737 
34097 0.289998 0.0845871 
34098 0.286709 0.243427 
34099 0.283211 0.402177 
34100 -0.345597 -0.2496 
34101 -0.349303 -0.088879 
34102 -0.352872 0.0716567 
34103 -0.356347 0.231993 
34104 -0.35979 0.392206 
34105 -0.184269 -0.244988 
34106 -0.187922 -0.0848921 
34107 -0.191561 0.0751006 
34108 -0.195147 0.234913 
34109 -0.198995 0.394556 
34110 -0.0242474 -0.240458 
34111 -0.0278164 -0.0808898 
34112 -0.0316368 0.078517 
34113 -0.0351567 0.237675 
34114 -0.0390034 0.396766 
34115 0.134712 -0.23569 
34116 0.130979 -0.076912 
34117 0.127144 0.0818098 
34118 0.123376 0.240444 
34119 0.11968 0.398889 
34120 0.29238 -0.23122 
34121 0.288495 -0.072973 
34122 0.28472 0.085264 
34123 0.280978 0.243187 
34124 0.277164 0.401125 
34125 -0.346805 -0.249 
34126 -0.350835 -0.0890068 
34127 -0.354943 0.0710309 
34128 -0.359019 0.230676 
34129 -0.362803 0.390379 
34130 -0.186228 -0.243791 
34131 -0.190288 -0.084417 
34132 -0.19435 0.0748232 
34133 -0.19839 0.23374 
34134 -0.202308 0.3929 
34135 -0.0269157 -0.238742 
34136 -0.0308927 -0.0800667 
34137 -0.0350886 0.0785657 
34138 -0.0390741 0.236949 
34139 -0.0432447 0.395332 
34140 0.131287 -0.233698 
34141 0.127137 -0.075707 
34142 0.122921 0.0822318 
34143 0.118865 0.240153 
34144 0.114715 0.397696 
34145 0.287838 -0.228556 
34146 0.283684 -0.0713258 
34147 0.279589 0.0860211 
34148 0.275349 0.243152 
34149 0.271326 0.400255 
34150 -0.34821 -0.248171 
34151 -0.35267 -0.0887599 
34152 -0.357162 0.0703135 
34153 -0.361581 0.229501 
34154 -0.365817 0.388554 
34155 -0.188143 -0.242579 
34156 -0.192495 -0.0840171 
34157 -0.196914 0.0745743 
34158 -0.201403 0.232948 
34159 -0.20579 0.391234 
34160 -0.0295693 -0.236959 
34161 -0.0340335 -0.0790896 
34162 -0.0385389 0.0786288 
34163 -0.0429911 0.236335 
34164 -0.0475354 0.393964 
34165 0.127719 -0.231504 
34166 0.123257 -0.0742776 
34167 0.118597 0.0827955 
34168 0.114254 0.239868 
34169 0.10968 0.396568 
34170 0.283463 -0.226134 
34171 0.279037 -0.0694275 
34172 0.274425 0.0868716 
34173 0.26984 0.243035 
34174 0.265123 0.399065 
34175 -0.349601 -0.247376 
34176 -0.354486 -0.0886583 
34177 -0.3592 0.0699343 
34178 -0.364008 0.228502 
34179 -0.368902 0.386834 
34180 -0.18997 -0.241232 
34181 -0.194838 -0.0833213 
34182 -0.199664 0.074527 
34183 -0.20453 0.23219 
34184 -0.209404 0.390007 
34185 -0.0320631 -0.235099 
34186 -0.0367851 -0.0781046 
34187 -0.0418404 0.078774 
34188 -0.0466471 0.235949 
34189 -0.0515164 0.392848 
34190 0.124249 -0.229208 
34191 0.119438 -0.0728726 
34192 0.114492 0.0834972 
34193 0.109689 0.239565 
34194 0.104808 0.395586 
34195 0.27915 -0.223092 
34196 0.274287 -0.0677577 
34197 0.269341 0.0878888 
34198 0.264592 0.243347 
34199 0.259632 0.39862 
34200 -0.350868 -0.246293 
34201 -0.356092 -0.0884006 
34202 -0.36153 0.0694391 
34203 -0.366734 0.22748 
34204 -0.371815 0.38548 
34205 -0.191955 -0.239804 
34206 -0.197238 -0.082621 
34207 -0.202567 0.0745291 
34208 -0.207713 0.231651 
34209 -0.21289 0.388693 
34210 -0.0346922 -0.233144 
34211 -0.0400292 -0.0770439 
34212 -0.0451982 0.0794169 
34213 -0.0504579 0.235521 
34214 -0.0557652 0.391779 
34215 0.120856 -0.226793 
34216 0.115564 -0.0712079 
34217 0.110316 0.0840589 
34218 0.105107 0.239503 
34219 0.100085 0.394812 
34220 0.27488 -0.220353 
34221 0.269544 -0.0657077 
34222 0.264274 0.0887013 
34223 0.259154 0.243483 
34224 0.253885 0.398011 
34225 -0.352185 -0.245243 
34226 -0.357943 -0.0879727 
34227 -0.363588 0.0693587 
34228 -0.369293 0.226639 
34229 -0.375027 0.384006 
34230 -0.194028 -0.238256 
34231 -0.199616 -0.081782 
34232 -0.205079 0.0747878 
34233 -0.21081 0.230975 
34234 -0.216548 0.387401 
34235 -0.0374205 -0.231228 
34236 -0.0429913 -0.0757342 
34237 -0.0486614 0.0797728 
34238 -0.0542296 0.235261 
34239 -0.0597795 0.390876 
34240 0.117369 -0.224538 
34241 0.111897 -0.0696687 
34242 0.106127 0.0848721 
34243 0.100696 0.239616 
34244 0.0951364 0.394273 
34245 0.270427 -0.217543 
34246 0.264782 -0.063785 
34247 0.259305 0.0899063 
34248 0.253752 0.243694 
34249 0.248341 0.397538 
34250 -0.353707 -0.244004 
34251 -0.35967 -0.087325 
34252 -0.365584 0.0693649 
34253 -0.371756 0.226005 
34254 -0.377987 0.382854 
34255 -0.195751 -0.236509 
34256 -0.201767 -0.0809455 
34257 -0.207892 0.0749645 
34258 -0.213876 0.23067 
34259 -0.220053 0.386474 
34260 -0.0401014 -0.229172 
34261 -0.0459206 -0.0743533 
34262 -0.0518918 0.0804375 
34263 -0.0579662 0.235186 
34264 -0.0639097 0.390109 
34265 0.113863 -0.221723 
34266 0.108067 -0.06801 
34267 0.102205 0.0857703 
34268 0.0963048 0.239717 
34269 0.0903435 0.393577 
34270 0.265963 -0.214563 
34271 0.26025 -0.0618096 
34272 0.254256 0.0910869 
34273 0.248456 0.244213 
34274 0.242591 0.39723 
34275 -0.354923 -0.24265 
34276 -0.361393 -0.0867007 
34277 -0.367907 0.0693397 
34278 -0.374393 0.225597 
34279 -0.380802 0.381804 
34280 -0.19772 -0.234771 
34281 -0.204103 -0.0797304 
34282 -0.210616 0.0752684 
34283 -0.216996 0.230277 
34284 -0.223435 0.385759 
34285 -0.0425919 -0.226965 
34286 -0.0488344 -0.0731256 
34287 -0.055195 0.0809594 
34288 -0.0615488 0.235178 
34289 -0.0678302 0.389404 
34290 0.110458 -0.219224 
34291 0.10434 -0.066246 
34292 0.0980705 0.0867864 
34293 0.0918077 0.239976 
34294 0.0856318 0.393313 
34295 0.261739 -0.21161 
34296 0.255588 -0.0596741 
34297 0.249477 0.0924903 
34298 0.243301 0.244617 
34299 0.237269 0.396907 
34300 -0.35617 -0.241244 
34301 -0.363154 -0.086033 
34302 -0.370119 0.0694122 
34303 -0.376999 0.225051 
34304 -0.38401 0.380832 
34305 -0.199703 -0.232913 
34306 -0.206473 -0.0785822 
34307 -0.213282 0.075656 
34308 -0.220047 0.230327 
34309 -0.226775 0.385038 
34310 -0.0452141 -0.224626 
34311 -0.0519493 -0.0714767 
34312 -0.0585553 0.0817806 
34313 -0.0651025 0.235205 
34314 -0.0719937 0.388957 
34315 0.106989 -0.216487 
34316 0.100508 -0.0643734 
34317 0.0940371 0.0878368 
34318 0.0875533 0.240291 
34319 0.0810469 0.392925 
34320 0.257173 -0.208592 
34321 0.250865 -0.057416 
34322 0.244534 0.0938489 
34323 0.238196 0.245207 
34324 0.23169 0.396774 
34325 -0.357605 -0.239723 
34326 -0.364898 -0.0850648 
34327 -0.372216 0.0699627 
34328 -0.379489 0.224751 
34329 -0.38688 0.380068 
34330 -0.201671 -0.230921 
34331 -0.208851 -0.0774666 
34332 -0.215831 0.0762322 
34333 -0.22303 0.230201 
34334 -0.23016 0.384312 
34335 -0.0478674 -0.222239 
34336 -0.0548223 -0.070008 
34337 -0.0618165 0.0825926 
34338 -0.0686567 0.235505 
34339 -0.0757904 0.388618 
34340 0.103532 -0.213922 
34341 0.0967166 -0.0626333 
34342 0.0899983 0.0889946 
34343 0.0832007 0.240602 
34344 0.0763554 0.392685 
34345 0.253129 -0.205493 
34346 0.246271 -0.0552889 
34347 0.239673 0.0951532 
34348 0.233092 0.245807 
34349 0.226411 0.396837 
34350 -0.359011 -0.237948 
34351 -0.36662 -0.0840753 
34352 -0.374385 0.0701826 
34353 -0.38214 0.224624 
34354 -0.389821 0.379473 
34355 -0.20365 -0.228891 
34356 -0.211103 -0.0761695 
34357 -0.218507 0.0768993 
34358 -0.226001 0.230341 
34359 -0.233591 0.38387 
34360 -0.050655 -0.219943 
34361 -0.0580118 -0.0682765 
34362 -0.0651993 0.0835317 
34363 -0.0724616 0.235905 
34364 -0.0796881 0.388274 
34365 0.100161 -0.211053 
34366 0.0929543 -0.0605652 
34367 0.0859634 0.0901205 
34368 0.0788139 0.241191 
34369 0.0717206 0.392589 
34370 0.248676 -0.202324 
34371 0.241722 -0.053051 
34372 0.234924 0.096809 
34373 0.227904 0.246709 
34374 0.221001 0.396787 
