33900 -0.333369 -0.25003 
33901 -0.333403 -0.0833018 
33902 -0.333277 0.0833808 
33903 -0.333136 0.249827 
33904 -0.333355 0.416622 
33905 -0.166723 -0.250067 
33906 -0.166489 -0.0833075 
33907 -0.166641 0.083269 
33908 -0.166523 0.250106 
33909 -0.166716 0.416768 
33910 -0.000140325 -0.249939 
33911 -0.000105236 -0.0833376 
33912 -4.2382e-05 0.0831767 
33913 -4.66207e-05 0.250105 
33914 7.3813e-06 0.41663 
33915 0.166596 -0.24995 
33916 0.16665 -0.0832405 
33917 0.166632 0.0834073 
33918 0.166687 0.249965 
33919 0.166753 0.416645 
33920 0.333379 -0.24997 
33921 0.333332 -0.0833704 
33922 0.333299 0.083224 
33923 0.333433 0.249997 
33924 0.333368 0.416658 
33925 -0.334784 -0.250203 
33926 -0.335117 -0.0843262 
33927 -0.3354 0.0817063 
33928 -0.335912 0.247479 
33929 -0.336237 0.413599 
33930 -0.168773 -0.249811 
33931 -0.169134 -0.0838511 
33932 -0.169473 0.0820328 
33933 -0.169763 0.247901 
33934 -0.170222 0.41376 
33935 -0.00290241 -0.249197 
33936 -0.00321569 -0.0834056 
33937 -0.00367056 0.0824589 
33938 -0.00395348 0.248133 
33939 -0.00453185 0.413989 
33940 0.16298 -0.248702 
33941 0.162669 -0.0829626 
33942 0.162146 0.0827854 
33943 0.161745 0.248596 
33944 0.161235 0.41417 
33945 0.328616 -0.248193 
33946 0.328281 -0.0824406 
33947 0.327674 0.083286 
33948 0.32742 0.248811 
33949 0.326774 0.41445 
33950 -0.336207 -0.250473 
33951 -0.336787 -0.0850826 
33952 -0.337643 0.0800173 
33953 -0.338397 0.245263 
33954 -0.339161 0.410516 
33955 -0.170715 -0.249432 
33956 -0.171485 -0.084317 
33957 -0.172311 0.0808008 
33958 -0.172985 0.245937 
33959 -0.173898 0.410917 
33960 -0.00542056 -0.248337 
33961 -0.006386 -0.0832723 
33962 -0.00719397 0.0817585 
33963 -0.00799065 0.24658 
33964 -0.00885794 0.411406 
33965 0.159484 -0.247354 
33966 0.158503 -0.082395 
33967 0.157706 0.0823645 
33968 0.156833 0.247132 
33969 0.155795 0.411921 
33970 0.324089 -0.246302 
33971 0.322912 -0.0814175 
33972 0.322385 0.0831411 
33973 0.321387 0.247885 
33974 0.320308 0.412425 
33975 -0.337414 -0.250557 
33976 -0.338682 -0.0858092 
33977 -0.339675 0.0787318 
33978 -0.340959 0.243149 
33979 -0.342159 0.407467 
33980 -0.17246 -0.249154 
33981 -0.173783 -0.0844808 
33982 -0.175022 0.0796893 
33983 -0.17624 0.244078 
33984 -0.177409 0.408251 
33985 -0.00819341 -0.247425 
33986 -0.00944027 -0.0831407 
33987 -0.0106811 0.0809722 
33988 -0.0119241 0.245204 
33989 -0.0131584 0.409029 
33990 0.155773 -0.245809 
33991 0.15449 -0.0816654 
33992 0.153331 0.0822049 
33993 0.151951 0.245986 
33994 0.150579 0.4097 
33995 0.319582 -0.244342 
33996 0.318072 -0.080405 
33997 0.316671 0.083248 
33998 0.31544 0.246864 
33999 0.314087 0.410513 
34000 -0.338869 -0.250518 
34001 -0.340299 -0.0864392 
34002 -0.34192 0.0772928 
34003 -0.34357 0.24093 
34004 -0.345103 0.40477 
34005 -0.17448 -0.248345 
34006 -0.176234 -0.084771 
34007 -0.177751 0.0790126 
34008 -0.179386 0.24241 
34009 -0.181018 0.405706 
34010 -0.0107833 -0.246301 
34011 -0.0126396 -0.0827546 
34012 -0.0142294 0.0804792 
34013 -0.0158952 0.243791 
34014 -0.0175806 0.406894 
34015 0.152238 -0.244205 
34016 0.150517 -0.0810642 
34017 0.148792 0.0820247 
34018 0.147106 0.245008 
34019 0.145459 0.407867 
34020 0.314881 -0.2422 
34021 0.313087 -0.079144 
34022 0.311184 0.0836885 
34023 0.309426 0.246257 
34024 0.307716 0.408744 
34025 -0.340184 -0.250225 
34026 -0.342189 -0.0870439 
34027 -0.34424 0.0761736 
34028 -0.346004 0.239306 
34029 -0.348094 0.402163 
34030 -0.176434 -0.247906 
34031 -0.178454 -0.084649 
34032 -0.180534 0.0781528 
34033 -0.182641 0.240945 
34034 -0.18461 0.403305 
34035 -0.0136559 -0.245108 
34036 -0.0156455 -0.0824011 
34037 -0.0176523 0.0801418 
34038 -0.0198159 0.242336 
34039 -0.0219071 0.404807 
34040 0.148762 -0.24244 
34041 0.146498 -0.0801339 
34042 0.144443 0.0819555 
34043 0.142252 0.244074 
34044 0.1402 0.405852 
34045 0.31039 -0.239714 
34046 0.308067 -0.077948 
34047 0.305901 0.0839522 
34048 0.303704 0.245737 
34049 0.301595 0.407187 
34050 -0.341559 -0.250048 
34051 -0.343779 -0.0873532 
34052 -0.346345 0.0751417 
34053 -0.348688 0.237575 
34054 -0.350972 0.399786 
34055 -0.178462 -0.246859 
34056 -0.180888 -0.0846032 
34057 -0.183382 0.0774566 
34058 -0.185854 0.239476 
34059 -0.188279 0.401233 
34060 -0.0162258 -0.243763 
34061 -0.0187384 -0.081859 
34062 -0.0211845 0.0798339 
34063 -0.0237345 0.24155 
34064 -0.0262976 0.402784 
34065 0.145157 -0.240577 
34066 0.142688 -0.0792719 
34067 0.140025 0.0820593 
34068 0.137507 0.243269 
34069 0.1349 0.404364 
34070 0.305864 -0.237661 
34071 0.303177 -0.0765092 
34072 0.300459 0.0844165 
34073 0.297903 0.245203 
34074 0.295262 0.405823 
34075 -0.342806 -0.249493 
34076 -0.345571 -0.0877232 
34077 -0.348448 0.0742441 
34078 -0.351328 0.235966 
34079 -0.354133 0.397627 
34080 -0.18053 -0.245991 
34081 -0.183309 -0.08448 
34082 -0.186196 0.0769906 
34083 -0.189 0.238196 
34084 -0.191855 0.399434 
34085 -0.0188936 -0.242387 
34086 -0.0217897 -0.0812341 
34087 -0.024706 0.0796401 
34088 -0.0277076 0.240404 
34089 -0.0306429 0.400931 
34090 0.141669 -0.23879 
34091 0.138819 -0.0780501 
34092 0.135758 0.0822618 
34093 0.132917 0.242544 
34094 0.129706 0.402687 
34095 0.301331 -0.235132 
34096 0.298279 -0.0750453 
34097 0.295245 0.0849181 
34098 0.292201 0.244729 
34099 0.289153 0.404434 
34100 -0.344176 -0.249066 
34101 -0.347415 -0.0877726 
34102 -0.350612 0.073459 
34103 -0.353869 0.234511 
34104 -0.35708 0.3955 
34105 -0.18228 -0.244987 
34106 -0.185558 -0.0842444 
34107 -0.188846 0.076351 
34108 -0.192209 0.237 
34109 -0.195484 0.397624 
34110 -0.0216083 -0.240829 
34111 -0.0247569 -0.0805258 
34112 -0.0281899 0.0795671 
34113 -0.0314137 0.239584 
34114 -0.0348867 0.399415 
34115 0.138207 -0.236664 
34116 0.13467 -0.0768807 
34117 0.131348 0.0826119 
34118 0.128024 0.242098 
34119 0.124784 0.401441 
34120 0.296808 -0.23259 
34121 0.293235 -0.0734122 
34122 0.290028 0.085569 
34123 0.286473 0.24462 
34124 0.283076 0.4035 
34125 -0.345463 -0.24845 
34126 -0.349189 -0.0879193 
34127 -0.352786 0.0728286 
34128 -0.356413 0.233267 
34129 -0.360103 0.393424 
34130 -0.184272 -0.243669 
34131 -0.188031 -0.0837325 
34132 -0.191696 0.0761462 
34133 -0.195314 0.236022 
34134 -0.198979 0.395864 
34135 -0.0241714 -0.239073 
34136 -0.0279595 -0.0796375 
34137 -0.0315806 0.0796787 
34138 -0.0352817 0.238889 
34139 -0.0389881 0.398139 
34140 0.1347 -0.234523 
34141 0.130983 -0.075768 
34142 0.127087 0.0828903 
34143 0.123366 0.24165 
34144 0.119625 0.400226 
34145 0.292298 -0.229981 
34146 0.288462 -0.0717267 
34147 0.284636 0.086334 
34148 0.280961 0.244488 
34149 0.277234 0.40237 
34150 -0.346853 -0.247693 
34151 -0.350902 -0.087714 
34152 -0.354922 0.0721713 
34153 -0.359008 0.231912 
34154 -0.36311 0.391666 
34155 -0.186138 -0.242439 
34156 -0.19025 -0.0832532 
34157 -0.194452 0.0757987 
34158 -0.198415 0.235099 
34159 -0.202566 0.394198 
34160 -0.0268422 -0.237382 
34161 -0.0308993 -0.0787868 
34162 -0.0350356 0.0796886 
34163 -0.0391278 0.238206 
34164 -0.043186 0.396658 
34165 0.131068 -0.23235 
34166 0.126999 -0.0744332 
34167 0.12282 0.0835682 
34168 0.118693 0.241355 
34169 0.114624 0.399115 
34170 0.287923 -0.227336 
34171 0.283709 -0.0700094 
34172 0.279627 0.0872314 
34173 0.27547 0.244441 
34174 0.271236 0.401657 
34175 -0.348152 -0.246734 
34176 -0.352708 -0.0874203 
34177 -0.357081 0.0718315 
34178 -0.36171 0.230819 
34179 -0.366108 0.390147 
34180 -0.188114 -0.241202 
34181 -0.192527 -0.0826095 
34182 -0.197282 0.07592 
34183 -0.201644 0.234223 
34184 -0.206039 0.392852 
34185 -0.0294563 -0.23563 
34186 -0.0339953 -0.0778013 
34187 -0.0385308 0.0800597 
34188 -0.0430266 0.237686 
34189 -0.0475651 0.39548 
34190 0.127807 -0.229984 
34191 0.123236 -0.0729126 
34192 0.118652 0.0841057 
34193 0.114404 0.241146 
34194 0.109643 0.398203 
34195 0.283362 -0.224522 
34196 0.278885 -0.068138 
34197 0.274424 0.0881528 
34198 0.269957 0.244661 
34199 0.265585 0.400856 
34200 -0.349297 -0.245802 
34201 -0.354286 -0.0872789 
34202 -0.359288 0.0714029 
34203 -0.364275 0.22978 
34204 -0.369151 0.388566 
34205 -0.190052 -0.239548 
34206 -0.19491 -0.0818881 
34207 -0.199845 0.0759308 
34208 -0.204577 0.233838 
34209 -0.209653 0.391481 
34210 -0.0321455 -0.2335 
34211 -0.0370388 -0.0766057 
34212 -0.0418337 0.0804588 
34213 -0.046685 0.237404 
34214 -0.0517555 0.394489 
34215 0.124121 -0.227586 
34216 0.119464 -0.0713294 
34217 0.114406 0.0848572 
34218 0.109617 0.241137 
34219 0.104847 0.397331 
34220 0.279035 -0.221667 
34221 0.274116 -0.0661821 
34222 0.269349 0.089372 
34223 0.264432 0.244775 
34224 0.25959 0.400275 
34225 -0.350906 -0.244869 
34226 -0.356193 -0.0867664 
34227 -0.36155 0.0711885 
34228 -0.366876 0.229171 
34229 -0.37221 0.387242 
34230 -0.191907 -0.238083 
34231 -0.197197 -0.0810091 
34232 -0.20261 0.0760546 
34233 -0.207936 0.233292 
34234 -0.21312 0.3904 
34235 -0.0347995 -0.231606 
34236 -0.0399443 -0.0754008 
34237 -0.0454069 0.0809781 
34238 -0.0503856 0.237202 
34239 -0.0558041 0.393557 
34240 0.120745 -0.225126 
34241 0.115524 -0.0697614 
34242 0.110352 0.0856605 
34243 0.105081 0.241098 
34244 0.100132 0.396697 
34245 0.274527 -0.21873 
34246 0.269462 -0.0642721 
34247 0.264373 0.090385 
34248 0.259296 0.245076 
34249 0.254073 0.399859 
34250 -0.352032 -0.243409 
34251 -0.357847 -0.0861151 
34252 -0.363579 0.0711115 
34253 -0.369386 0.228655 
34254 -0.375186 0.38598 
34255 -0.193722 -0.236593 
34256 -0.199464 -0.0800109 
34257 -0.205208 0.0763138 
34258 -0.210912 0.232768 
34259 -0.216567 0.389474 
34260 -0.0374677 -0.22951 
34261 -0.0431546 -0.0740197 
34262 -0.0485994 0.0815665 
34263 -0.0543108 0.237087 
34264 -0.0599841 0.392687 
34265 0.117276 -0.222677 
34266 0.111711 -0.0680198 
34267 0.106164 0.0865373 
34268 0.1006 0.241295 
34269 0.0951395 0.396166 
34270 0.270218 -0.215855 
34271 0.26485 -0.0621516 
34272 0.259274 0.0916661 
34273 0.253791 0.245551 
34274 0.248238 0.399483 
34275 -0.353517 -0.241997 
34276 -0.359649 -0.0854915 
34277 -0.365847 0.071269 
34278 -0.371982 0.227865 
34279 -0.378192 0.384901 
34280 -0.195832 -0.234623 
34281 -0.201787 -0.0790383 
34282 -0.207975 0.0765919 
34283 -0.2141 0.232489 
34284 -0.22001 0.388581 
34285 -0.040046 -0.227185 
34286 -0.0460354 -0.0725603 
34287 -0.0519979 0.0822493 
34288 -0.0579878 0.237162 
34289 -0.0639986 0.392154 
34290 0.113874 -0.220048 
34291 0.107989 -0.066281 
34292 0.102165 0.087656 
34293 0.0963071 0.241661 
34294 0.090369 0.395752 
34295 0.26593 -0.212647 
34296 0.260102 -0.0598941 
34297 0.254219 0.0928956 
34298 0.248629 0.245993 
34299 0.242864 0.39928 
34300 -0.354794 -0.240491 
34301 -0.361354 -0.0847582 
34302 -0.367975 0.0712717 
34303 -0.374546 0.227485 
34304 -0.381104 0.383993 
34305 -0.197705 -0.232761 
34306 -0.20426 -0.0779638 
34307 -0.210517 0.0771883 
34308 -0.217147 0.232458 
34309 -0.223689 0.387839 
34310 -0.0427595 -0.224903 
34311 -0.049101 -0.0710997 
34312 -0.0552931 0.0828913 
34313 -0.0616758 0.237186 
34314 -0.0680307 0.391661 
34315 0.110358 -0.217314 
34316 0.104131 -0.0644477 
34317 0.0981546 0.0887125 
34318 0.0918632 0.24199 
34319 0.0855763 0.395462 
34320 0.261569 -0.209669 
34321 0.255579 -0.0578141 
34322 0.249472 0.094264 
34323 0.243399 0.246494 
34324 0.237358 0.399154 
34325 -0.35616 -0.239036 
34326 -0.363148 -0.0838997 
34327 -0.370177 0.0714595 
34328 -0.377098 0.227313 
34329 -0.384132 0.383165 
34330 -0.199689 -0.230761 
34331 -0.206546 -0.0767353 
34332 -0.213332 0.0776315 
34333 -0.219995 0.23236 
34334 -0.226967 0.387354 
34335 -0.0453685 -0.222562 
34336 -0.0519668 -0.0694692 
34337 -0.058706 0.0839362 
34338 -0.0652504 0.237396 
34339 -0.0719209 0.391134 
34340 0.106868 -0.214415 
34341 0.100431 -0.0624509 
34342 0.0939422 0.0897175 
34343 0.0874835 0.242362 
34344 0.0810458 0.395191 
34345 0.257079 -0.206744 
34346 0.250888 -0.055385 
34347 0.24452 0.0956617 
34348 0.23827 0.247283 
34349 0.231843 0.398975 
34350 -0.357601 -0.237278 
34351 -0.364822 -0.0829104 
34352 -0.37238 0.0719492 
34353 -0.379604 0.227057 
34354 -0.387061 0.382639 
34355 -0.201804 -0.22875 
34356 -0.208907 -0.0753005 
34357 -0.215889 0.0782836 
34358 -0.223091 0.232342 
34359 -0.230355 0.3868 
34360 -0.0480787 -0.220178 
34361 -0.0550974 -0.0678867 
34362 -0.0618217 0.0848439 
34363 -0.06889 0.237728 
34364 -0.0759069 0.390844 
34365 0.103356 -0.211752 
34366 0.0967237 -0.0605997 
34367 0.0899252 0.0909692 
34368 0.083274 0.242815 
34369 0.07639 0.394952 
34370 0.252717 -0.203422 
34371 0.246172 -0.0533321 
34372 0.239588 0.0972069 
34373 0.233204 0.24809 
34374 0.226522 0.398977 
34375 -0.358877 -0.2356 
34376 -0.366655 -0.0816829 
34377 -0.374369 0.0723699 
34378 -0.382193 0.226965 
34379 -0.39009 0.382033 
34380 -0.203558 -0.226541 
34381 -0.211057 -0.0738441 
34382 -0.21853 0.0792788 
34383 -0.226053 0.232373 
34384 -0.233551 0.386531 
34385 -0.050752 -0.217583 
34386 -0.0579317 -0.0660648 
34387 -0.0651951 0.0857204 
34388 -0.0725414 0.23805 
34389 -0.0797254 0.390756 
34390 0.0998206 -0.208733 
34391 0.0929053 -0.0585243 
34392 0.0860331 0.0923102 
34393 0.0790221 0.24338 
34394 0.0720207 0.39498 
34395 0.24843 -0.200254 
34396 0.241633 -0.0510282 
34397 0.234946 0.0987042 
34398 0.228042 0.248874 
34399 0.221257 0.399175 
