2720 -0.333497 -0.216557 
2721 -0.333532 -0.0163691 
2722 -0.333187 0.183781 
2723 -0.333667 0.383575 
2724 -0.166412 -0.216687 
2725 -0.166491 -0.0163535 
2726 -0.166767 0.183513 
2727 -0.166213 0.383521 
2728 -0.000441835 -0.21657 
2729 0.000112671 -0.0166866 
2730 -0.000346147 0.183071 
2731 2.59261e-06 0.383136 
2732 0.166201 -0.216643 
2733 0.166273 -0.0165094 
2734 0.166364 0.183257 
2735 0.16649 0.383697 
2736 0.333174 -0.217064 
2737 0.333583 -0.0169565 
2738 0.333143 0.183828 
2739 0.332923 0.383404 
2740 -0.32398 -0.191397 
2741 -0.32473 -0.00823735 
2742 -0.324954 0.175624 
2743 -0.325154 0.358891 
2744 -0.171631 -0.19182 
2745 -0.171783 -0.00841344 
2746 -0.171127 0.175509 
2747 -0.171813 0.358642 
2748 -0.0184046 -0.191622 
2749 -0.0187701 -0.00816599 
2750 -0.0191435 0.174713 
2751 -0.0186999 0.358314 
2752 0.133378 -0.191046 
2753 0.133763 -0.00779023 
2754 0.134044 0.175192 
2755 0.134058 0.358547 
2756 0.286511 -0.190864 
2757 0.286683 -0.00872564 
2758 0.286162 0.174427 
2759 0.28601 0.358277 
2760 -0.317281 -0.17042 
2761 -0.317163 -0.00089685 
2762 -0.318238 0.168599 
2763 -0.318002 0.339084 
2764 -0.175789 -0.170337 
2765 -0.176323 -0.000658163 
2766 -0.176465 0.168638 
2767 -0.176802 0.338237 
2768 -0.0352139 -0.169215 
2769 -0.0353056 -0.00110785 
2770 -0.0346986 0.168332 
2771 -0.035277 0.337513 
2772 0.10523 -0.169295 
2773 0.105524 -0.000505403 
2774 0.105619 0.168092 
2775 0.106327 0.337306 
2776 0.246271 -0.169126 
2777 0.246484 -0.000487568 
2778 0.245982 0.168182 
2779 0.246177 0.337103 
2780 -0.311232 -0.150971 
2781 -0.311293 0.00655619 
2782 -0.312394 0.163514 
2783 -0.312928 0.321787 
2784 -0.180265 -0.150711 
2785 -0.180288 0.00566573 
2786 -0.180656 0.163889 
2787 -0.18016 0.321514 
2788 -0.0495253 -0.150634 
2789 -0.0492894 0.00556367 
2790 -0.0489081 0.162791 
2791 -0.0490311 0.320333 
2792 0.0808166 -0.150489 
2793 0.0810786 0.00567777 
2794 0.0819865 0.1626 
2795 0.0821444 0.319728 
2796 0.210695 -0.149887 
2797 0.211657 0.00641198 
2798 0.211825 0.162768 
2799 0.211856 0.319755 
2800 -0.306379 -0.134874 
2801 -0.306633 0.0120908 
2802 -0.307277 0.159626 
2803 -0.308111 0.30739 
2804 -0.183989 -0.133831 
2805 -0.184624 0.011928 
2806 -0.184385 0.159223 
2807 -0.184443 0.306716 
2808 -0.0613987 -0.133325 
2809 -0.0617332 0.0124564 
2810 -0.0616739 0.159157 
2811 -0.0621284 0.305669 
2812 0.0599329 -0.133669 
2813 0.0596467 0.0126499 
2814 0.0602578 0.158407 
2815 0.0600938 0.305283 
2816 0.180617 -0.133148 
2817 0.181168 0.0123673 
2818 0.181224 0.157844 
2819 0.182374 0.303898 
2820 -0.302539 -0.119262 
2821 -0.303038 0.0185508 
2822 -0.303334 0.156674 
2823 -0.303882 0.295277 
2824 -0.187508 -0.119024 
2825 -0.187635 0.0186869 
2826 -0.188099 0.156076 
2827 -0.188199 0.294495 
2828 -0.073464 -0.118417 
2829 -0.0733715 0.0185319 
2830 -0.0729924 0.155272 
2831 -0.0729303 0.293593 
2832 0.0406534 -0.119052 
2833 0.0411113 0.0181959 
2834 0.0412475 0.154952 
2835 0.0412814 0.292351 
2836 0.153615 -0.118073 
2837 0.154485 0.0176636 
2838 0.155336 0.154712 
2839 0.155581 0.291363 
2840 -0.299566 -0.10536 
2841 -0.300133 0.0239878 
2842 -0.300842 0.15406 
2843 -0.301171 0.284475 
2844 -0.191195 -0.105607 
2845 -0.191071 0.0236698 
2846 -0.191907 0.153018 
2847 -0.19217 0.283265 
2848 -0.0833949 -0.105777 
2849 -0.0833819 0.0239355 
2850 -0.083504 0.152546 
2851 -0.0828917 0.282184 
2852 0.0239317 -0.105316 
2853 0.0241191 0.0234099 
2854 0.0244653 0.151935 
2855 0.0246607 0.281881 
2856 0.130081 -0.104492 
2857 0.130715 0.0229434 
2858 0.130956 0.151115 
2859 0.131922 0.280051 
2860 -0.297685 -0.0932192 
2861 -0.297336 0.0292099 
2862 -0.298629 0.152348 
2863 -0.298271 0.276248 
2864 -0.194994 -0.0935797 
2865 -0.194591 0.0288242 
2866 -0.195248 0.151213 
2867 -0.195382 0.274236 
2868 -0.0924441 -0.0931068 
2869 -0.0930948 0.0281436 
2870 -0.0930976 0.150781 
2871 -0.0929758 0.272974 
2872 0.00836933 -0.0925093 
2873 0.00855022 0.0281262 
2874 0.00934003 0.149528 
2875 0.00905364 0.272382 
2876 0.108756 -0.0927256 
2877 0.109336 0.0282307 
2878 0.110041 0.148933 
2879 0.110449 0.270787 
2880 -0.295525 -0.0821162 
2881 -0.295414 0.0341693 
2882 -0.295767 0.150853 
2883 -0.296894 0.267753 
2884 -0.197719 -0.0818112 
2885 -0.198493 0.0335283 
2886 -0.198566 0.149567 
2887 -0.198311 0.26694 
2888 -0.101594 -0.0820252 
2889 -0.101191 0.0327802 
2890 -0.101361 0.148646 
2891 -0.101296 0.26534 
2892 -0.00536251 -0.0817151 
2893 -0.00509322 0.0331841 
2894 -0.00483353 0.148355 
2895 -0.00480583 0.263537 
2896 0.0888383 -0.0814188 
2897 0.0894351 0.032786 
2898 0.09096 0.146894 
2899 0.0915533 0.262708 
2900 -0.293959 -0.0714547 
2901 -0.294572 0.0385157 
2902 -0.294187 0.149094 
2903 -0.295167 0.26123 
2904 -0.202003 -0.0710933 
2905 -0.201916 0.0383297 
2906 -0.202031 0.14844 
2907 -0.201527 0.259186 
2908 -0.110219 -0.0718555 
2909 -0.109373 0.0377592 
2910 -0.10932 0.14799 
2911 -0.109443 0.258179 
2912 -0.0188645 -0.0713505 
2913 -0.0180265 0.0376592 
2914 -0.0181919 0.147084 
2915 -0.0175167 0.257099 
2916 0.0712558 -0.0720171 
2917 0.0720332 0.0363678 
2918 0.0725147 0.146169 
2919 0.073621 0.255514 
2920 -0.293171 -0.0618048 
2921 -0.293332 0.0433958 
2922 -0.293404 0.149203 
2923 -0.293321 0.255147 
2924 -0.204868 -0.0624478 
2925 -0.20434 0.0428509 
2926 -0.205086 0.147456 
2927 -0.204186 0.253299 
2928 -0.117642 -0.0622476 
2929 -0.117265 0.0422337 
2930 -0.116417 0.146465 
2931 -0.11647 0.25221 
2932 -0.0307027 -0.0619813 
2933 -0.0299327 0.0417594 
2934 -0.0298845 0.145391 
2935 -0.0291825 0.250343 
2936 0.0550045 -0.0627347 
2937 0.0560416 0.0405408 
2938 0.0566918 0.144964 
2939 0.0576841 0.248953 
2940 -0.292667 -0.0528994 
2941 -0.292851 0.0475436 
2942 -0.292788 0.148319 
2943 -0.292445 0.249584 
2944 -0.208144 -0.0529595 
2945 -0.207784 0.0468606 
2946 -0.207285 0.147257 
2947 -0.20784 0.248313 
2948 -0.12421 -0.0534308 
2949 -0.123681 0.046223 
2950 -0.123987 0.145779 
2951 -0.12335 0.246347 
2952 -0.0419219 -0.0531834 
2953 -0.04147 0.0451167 
2954 -0.0402948 0.144932 
2955 -0.039959 0.245157 
2956 0.0400326 -0.0536136 
2957 0.0411744 0.0448426 
2958 0.0421848 0.143226 
2959 0.0424911 0.243307 
2960 -0.291891 -0.0444901 
2961 -0.292005 0.051487 
2962 -0.292088 0.148167 
2963 -0.291756 0.245304 
2964 -0.211374 -0.0451945 
2965 -0.210615 0.0505044 
2966 -0.210632 0.146689 
2967 -0.210413 0.243107 
2968 -0.131347 -0.0452235 
2969 -0.130456 0.0493829 
2970 -0.130053 0.144997 
2971 -0.129298 0.241129 
2972 -0.0522742 -0.0460616 
2973 -0.0511073 0.0489837 
2974 -0.0502887 0.143859 
2975 -0.0502414 0.239741 
2976 0.0260169 -0.0458036 
2977 0.0275803 0.0482749 
2978 0.0280509 0.143126 
2979 0.0295197 0.238108 
2980 -0.291176 -0.0367511 
2981 -0.291889 0.0554135 
2982 -0.291163 0.147518 
2983 -0.291028 0.241107 
2984 -0.214621 -0.0370121 
2985 -0.213969 0.0539963 
2986 -0.213635 0.146429 
2987 -0.213589 0.238319 
2988 -0.137247 -0.0373934 
2989 -0.137021 0.052855 
2990 -0.136848 0.144853 
2991 -0.135819 0.237003 
2992 -0.0619309 -0.0383933 
2993 -0.0609516 0.052014 
2994 -0.0599477 0.143299 
2995 -0.0596507 0.234649 
2996 0.0136567 -0.0381549 
2997 0.0141632 0.051113 
2998 0.0153144 0.141677 
2999 0.0163128 0.232822 
3000 -0.291621 -0.0300706 
3001 -0.291695 0.0588264 
3002 -0.291751 0.147379 
3003 -0.291291 0.236456 
3004 -0.216841 -0.030577 
3005 -0.216987 0.0578066 
3006 -0.216048 0.146079 
3007 -0.215847 0.235216 
3008 -0.143965 -0.0303909 
3009 -0.143077 0.0562884 
3010 -0.141826 0.14432 
3011 -0.141359 0.233334 
3012 -0.0708171 -0.0308904 
3013 -0.0703115 0.0556657 
3014 -0.0687147 0.143552 
3015 -0.0677832 0.230835 
3016 0.00125 -0.0320338 
3017 0.00218041 0.0547236 
3018 0.0033306 0.141646 
3019 0.0043249 0.229403 
3020 -0.291769 -0.0224907 
3021 -0.29113 0.0620869 
3022 -0.291198 0.147183 
3023 -0.290727 0.23333 
3024 -0.220731 -0.0237452 
3025 -0.21961 0.0608748 
3026 -0.219001 0.146178 
3027 -0.219061 0.231443 
3028 -0.149174 -0.0244876 
3029 -0.148238 0.0594707 
3030 -0.147764 0.144167 
3031 -0.146864 0.228968 
3032 -0.0790016 -0.0252425 
3033 -0.0783902 0.0585992 
3034 -0.0771325 0.143045 
3035 -0.0768491 0.227352 
3036 -0.00950521 -0.025582 
3037 -0.00893226 0.0577402 
3038 -0.00781474 0.141266 
3039 -0.00693693 0.225064 
3040 -0.292047 -0.016381 
3041 -0.292015 0.0653317 
3042 -0.291223 0.147401 
3043 -0.290668 0.230498 
3044 -0.223071 -0.0175221 
3045 -0.222943 0.0643651 
3046 -0.222179 0.146234 
3047 -0.221242 0.228403 
3048 -0.154727 -0.0182444 
3049 -0.153734 0.06336 
3050 -0.152929 0.143844 
3051 -0.152339 0.226174 
3052 -0.087034 -0.0190094 
3053 -0.086701 0.0617925 
3054 -0.0852875 0.142137 
3055 -0.084666 0.224244 
3056 -0.0204484 -0.0192712 
3057 -0.0195611 0.0609257 
3058 -0.0176714 0.141035 
3059 -0.0169688 0.221585 
3060 -0.292865 -0.0102413 
3061 -0.292483 0.0682388 
3062 -0.292103 0.147918 
3063 -0.291027 0.227469 
3064 -0.226185 -0.0118281 
3065 -0.225247 0.0673957 
3066 -0.224586 0.14582 
3067 -0.223591 0.225294 
3068 -0.160286 -0.0122627 
3069 -0.159084 0.0654688 
3070 -0.158885 0.144301 
3071 -0.157053 0.222844 
3072 -0.0954404 -0.0131004 
3073 -0.0943102 0.0648462 
3074 -0.0929419 0.142277 
3075 -0.0921406 0.220678 
3076 -0.030254 -0.0140775 
3077 -0.0290503 0.0631752 
3078 -0.02786 0.14023 
3079 -0.026741 0.21854 
3080 -0.293422 -0.00509661 
3081 -0.292607 0.0713284 
3082 -0.291869 0.147876 
3083 -0.291908 0.225009 
3084 -0.229416 -0.00600336 
3085 -0.228018 0.0699126 
3086 -0.227552 0.145996 
3087 -0.226586 0.222888 
3088 -0.165322 -0.00660478 
3089 -0.164373 0.0684919 
3090 -0.163191 0.144237 
3091 -0.162708 0.220265 
3092 -0.102604 -0.00819252 
3093 -0.101019 0.0671893 
3094 -0.100063 0.142731 
3095 -0.0990789 0.217977 
3096 -0.0402133 -0.00863782 
3097 -0.0391545 0.0657033 
3098 -0.0371448 0.140966 
3099 -0.0356724 0.215843 
3100 -0.294706 0.000379714 
3101 -0.293865 0.0736875 
3102 -0.292888 0.147983 
3103 -0.292135 0.22318 
3104 -0.23228 -0.000773029 
3105 -0.231543 0.0722824 
3106 -0.229971 0.146462 
3107 -0.229081 0.220353 
3108 -0.170564 -0.00217913 
3109 -0.169687 0.0713255 
3110 -0.167745 0.144663 
3111 -0.167177 0.21782 
3112 -0.110013 -0.00236033 
3113 -0.108242 0.0691897 
3114 -0.107004 0.141922 
3115 -0.105506 0.215204 
3116 -0.0493881 -0.00347873 
3117 -0.0480414 0.0684648 
3118 -0.0465793 0.140001 
3119 -0.0450354 0.212719 
