34125 -0.333346 -0.250066 
34126 -0.333398 -0.0833118 
34127 -0.333342 0.0832805 
34128 -0.33326 0.249933 
34129 -0.333347 0.416566 
34130 -0.166545 -0.249917 
34131 -0.166636 -0.0833417 
34132 -0.166753 0.0833367 
34133 -0.166695 0.250013 
34134 -0.166546 0.416607 
34135 -1.92641e-05 -0.249978 
34136 -7.87953e-05 -0.083333 
34137 9.31509e-05 0.0834177 
34138 -9.37659e-05 0.250087 
34139 7.90032e-05 0.416647 
34140 0.16658 -0.250074 
34141 0.166864 -0.0832748 
34142 0.166781 0.0834157 
34143 0.166695 0.24998 
34144 0.166595 0.41685 
34145 0.333311 -0.249934 
34146 0.333442 -0.08329 
34147 0.333306 0.0834503 
34148 0.333328 0.24996 
34149 0.333387 0.41653 
34150 -0.334653 -0.249264 
34151 -0.335057 -0.0831567 
34152 -0.335596 0.0828031 
34153 -0.335942 0.248745 
34154 -0.336543 0.414859 
34155 -0.168701 -0.248651 
34156 -0.169123 -0.0826117 
34157 -0.169391 0.0832369 
34158 -0.169915 0.249078 
34159 -0.170472 0.415013 
34160 -0.00275341 -0.247997 
34161 -0.00323796 -0.0822595 
34162 -0.00359365 0.0834807 
34163 -0.00397234 0.249495 
34164 -0.00451564 0.415311 
34165 0.162958 -0.247389 
34166 0.162704 -0.0818773 
34167 0.162189 0.0838964 
34168 0.161798 0.249722 
34169 0.161327 0.415501 
34170 0.328653 -0.246943 
34171 0.328186 -0.0813426 
34172 0.327847 0.0843899 
34173 0.327316 0.250045 
34174 0.326925 0.415774 
34175 -0.335916 -0.24811 
34176 -0.336821 -0.0828789 
34177 -0.337766 0.0823986 
34178 -0.338701 0.247722 
34179 -0.339509 0.412962 
34180 -0.170536 -0.246905 
34181 -0.171374 -0.082019 
34182 -0.172369 0.0830908 
34183 -0.173199 0.24832 
34184 -0.174193 0.413466 
34185 -0.00549666 -0.24588 
34186 -0.00632502 -0.0810854 
34187 -0.00709561 0.0839699 
34188 -0.00800467 0.248943 
34189 -0.0088601 0.414093 
34190 0.159192 -0.244797 
34191 0.158446 -0.0801485 
34192 0.157567 0.0846455 
34193 0.15685 0.249744 
34194 0.155974 0.414551 
34195 0.323835 -0.243811 
34196 0.323088 -0.079151 
34197 0.32225 0.0854412 
34198 0.321326 0.250266 
34199 0.320634 0.414973 
34200 -0.337157 -0.246945 
34201 -0.338588 -0.0823095 
34202 -0.339975 0.0821004 
34203 -0.341342 0.246718 
34204 -0.342705 0.411512 
34205 -0.172658 -0.245369 
34206 -0.173808 -0.0811037 
34207 -0.175103 0.0831806 
34208 -0.176415 0.247745 
34209 -0.17775 0.412082 
34210 -0.00826582 -0.243893 
34211 -0.00959888 -0.0797456 
34212 -0.0107962 0.0843158 
34213 -0.0120439 0.248647 
34214 -0.0132525 0.413019 
34215 0.155592 -0.242156 
34216 0.154526 -0.078279 
34217 0.153128 0.0855674 
34218 0.151883 0.249483 
34219 0.150756 0.413627 
34220 0.319171 -0.240676 
34221 0.317833 -0.0769859 
34222 0.316683 0.086775 
34223 0.315667 0.250533 
34224 0.314369 0.414321 
34225 -0.338503 -0.245668 
34226 -0.340353 -0.0819382 
34227 -0.342074 0.0819544 
34228 -0.343887 0.246018 
34229 -0.345784 0.410051 
34230 -0.174414 -0.243545 
34231 -0.176304 -0.0801148 
34232 -0.177963 0.0835032 
34233 -0.179692 0.247168 
34234 -0.181533 0.410961 
34235 -0.011 -0.241387 
34236 -0.0127345 -0.0783918 
34237 -0.0142464 0.0850347 
34238 -0.0160162 0.248537 
34239 -0.0175995 0.411954 
34240 0.152052 -0.23941 
34241 0.150414 -0.0765977 
34242 0.148796 0.0864737 
34243 0.147191 0.249638 
34244 0.145571 0.412904 
34245 0.314227 -0.23736 
34246 0.312691 -0.0746278 
34247 0.31117 0.0880101 
34248 0.309827 0.250893 
34249 0.308175 0.413929 
34250 -0.339744 -0.244428 
34251 -0.34206 -0.0813492 
34252 -0.344412 0.0819799 
34253 -0.346637 0.245303 
34254 -0.348816 0.408845 
34255 -0.176439 -0.241795 
34256 -0.178659 -0.0790819 
34257 -0.180636 0.0837265 
34258 -0.182823 0.246957 
34259 -0.185111 0.410056 
34260 -0.0135449 -0.239136 
34261 -0.0157396 -0.0768231 
34262 -0.0178057 0.0857262 
34263 -0.0199386 0.248324 
34264 -0.0220051 0.411225 
34265 0.148303 -0.236572 
34266 0.1464 -0.0746941 
34267 0.144258 0.087594 
34268 0.14244 0.249794 
34269 0.140494 0.41234 
34270 0.309608 -0.23384 
34271 0.307882 -0.0723528 
34272 0.305855 0.0894324 
34273 0.303891 0.251384 
34274 0.302053 0.413515 
34275 -0.341061 -0.242884 
34276 -0.34388 -0.0805302 
34277 -0.346525 0.0819363 
34278 -0.349202 0.244717 
34279 -0.351894 0.407689 
34280 -0.178396 -0.23967 
34281 -0.180951 -0.0777918 
34282 -0.183479 0.0841404 
34283 -0.186058 0.246515 
34284 -0.188713 0.409084 
34285 -0.0164085 -0.236728 
34286 -0.0188825 -0.0753358 
34287 -0.0213592 0.0865518 
34288 -0.0238043 0.248488 
34289 -0.0261242 0.41051 
34290 0.14483 -0.233721 
34291 0.14231 -0.0726668 
34292 0.140023 0.0885906 
34293 0.137714 0.250104 
34294 0.135357 0.411784 
34295 0.304878 -0.230655 
34296 0.302767 -0.0698724 
34297 0.300627 0.090869 
34298 0.298435 0.251939 
34299 0.296232 0.413369 
34300 -0.342306 -0.241175 
34301 -0.345511 -0.0797485 
34302 -0.348674 0.0821236 
34303 -0.351752 0.244213 
34304 -0.355116 0.406694 
34305 -0.180299 -0.237663 
34306 -0.183215 -0.0765898 
34307 -0.186306 0.0847605 
34308 -0.189148 0.246476 
34309 -0.192291 0.408326 
34310 -0.0192827 -0.234122 
34311 -0.0219689 -0.0736746 
34312 -0.0248496 0.0874104 
34313 -0.0277053 0.248515 
34314 -0.0303223 0.409898 
34315 0.140967 -0.230728 
34316 0.138365 -0.0705637 
34317 0.135849 0.0900149 
34318 0.132962 0.250579 
34319 0.130293 0.411649 
34320 0.300363 -0.227252 
34321 0.297862 -0.0673931 
34322 0.295235 0.092316 
34323 0.292896 0.252557 
34324 0.290199 0.413058 
34325 -0.343756 -0.239505 
34326 -0.347246 -0.0787072 
34327 -0.350703 0.0824701 
34328 -0.354461 0.243923 
34329 -0.358049 0.405889 
34330 -0.182319 -0.235517 
34331 -0.185745 -0.0752972 
34332 -0.189098 0.0853256 
34333 -0.192353 0.246189 
34334 -0.195587 0.407732 
34335 -0.0219379 -0.231528 
34336 -0.0250695 -0.0717592 
34337 -0.0282736 0.0882642 
34338 -0.0316046 0.24885 
34339 -0.0346261 0.40948 
34340 0.137463 -0.227667 
34341 0.1345 -0.0683738 
34342 0.131416 0.0911827 
34343 0.128494 0.250953 
34344 0.125282 0.411415 
34345 0.295592 -0.223751 
34346 0.292795 -0.0649366 
34347 0.289928 0.0939586 
34348 0.287372 0.253275 
34349 0.284516 0.413167 
34350 -0.345142 -0.237532 
34351 -0.349043 -0.0775884 
34352 -0.353002 0.0829722 
34353 -0.357055 0.243815 
34354 -0.360989 0.405273 
34355 -0.184328 -0.233183 
34356 -0.188011 -0.0737104 
34357 -0.191724 0.0862023 
34358 -0.195603 0.24646 
34359 -0.199198 0.407157 
34360 -0.0247674 -0.228787 
34361 -0.0281029 -0.0699219 
34362 -0.0316761 0.0893139 
34363 -0.0353136 0.249057 
34364 -0.0388012 0.40923 
34365 0.133736 -0.224487 
34366 0.130353 -0.0661639 
34367 0.127165 0.0925379 
34368 0.12384 0.251565 
34369 0.120577 0.411258 
34370 0.29104 -0.220269 
34371 0.287936 -0.0625193 
34372 0.284942 0.0955329 
34373 0.281773 0.254228 
34374 0.278725 0.413171 
34375 -0.346499 -0.235661 
34376 -0.350844 -0.0763587 
34377 -0.355362 0.0835436 
34378 -0.359578 0.243742 
34379 -0.364065 0.404745 
34380 -0.186358 -0.230901 
34381 -0.190382 -0.0723181 
34382 -0.194403 0.0869211 
34383 -0.198666 0.246634 
34384 -0.20273 0.406794 
34385 -0.0273835 -0.226082 
34386 -0.0311511 -0.067888 
34387 -0.0351548 0.0904064 
34388 -0.0390601 0.249467 
34389 -0.0427743 0.409126 
34390 0.130136 -0.221345 
34391 0.126531 -0.0638934 
34392 0.122867 0.0938379 
34393 0.119376 0.252291 
34394 0.115692 0.411271 
34395 0.28646 -0.216702 
34396 0.283093 -0.0599103 
34397 0.279771 0.0972984 
34398 0.276395 0.255058 
34399 0.273141 0.413294 
34400 -0.347734 -0.23358 
34401 -0.352632 -0.0750781 
34402 -0.357313 0.0841421 
34403 -0.362222 0.243839 
34404 -0.367047 0.404206 
34405 -0.188215 -0.228339 
34406 -0.192703 -0.070655 
34407 -0.197174 0.0877999 
34408 -0.201726 0.246932 
34409 -0.206208 0.406662 
34410 -0.0301886 -0.223151 
34411 -0.0343437 -0.0660639 
34412 -0.0385279 0.0915949 
34413 -0.042394 0.250017 
34414 -0.0467929 0.408932 
34415 0.126496 -0.21803 
34416 0.122686 -0.0616919 
34417 0.118714 0.0953806 
34418 0.114835 0.25306 
34419 0.111146 0.411311 
34420 0.281926 -0.212971 
34421 0.278177 -0.0572076 
34422 0.274799 0.0990911 
34423 0.271163 0.256035 
34424 0.267537 0.413633 
34425 -0.3491 -0.231727 
34426 -0.354289 -0.0736189 
34427 -0.359438 0.0849056 
34428 -0.364649 0.243952 
34429 -0.369993 0.40405 
34430 -0.190089 -0.225967 
34431 -0.194999 -0.0688439 
34432 -0.199925 0.0889363 
34433 -0.20469 0.247424 
34434 -0.209693 0.406441 
34435 -0.032956 -0.220159 
34436 -0.037363 -0.0641047 
34437 -0.0419278 0.0928305 
34438 -0.0462865 0.250539 
34439 -0.0508413 0.408938 
34440 0.123095 -0.214841 
34441 0.118725 -0.0592428 
34442 0.114678 0.0969823 
34443 0.110416 0.253955 
34444 0.106348 0.411405 
34445 0.277136 -0.209456 
34446 0.273538 -0.0546511 
34447 0.269699 0.100876 
34448 0.265925 0.257016 
34449 0.261957 0.413903 
34450 -0.35042 -0.22934 
34451 -0.35598 -0.0720677 
34452 -0.361679 0.0857006 
34453 -0.367249 0.244361 
34454 -0.372675 0.403754 
34455 -0.192216 -0.223319 
34456 -0.197445 -0.0669333 
34457 -0.202699 0.0901316 
34458 -0.207792 0.247969 
34459 -0.213003 0.406522 
34460 -0.035601 -0.217449 
34461 -0.0405588 -0.0618664 
34462 -0.0451146 0.094297 
34463 -0.0499509 0.251328 
34464 -0.0547279 0.409057 
34465 0.119261 -0.21161 
34466 0.114807 -0.0568501 
34467 0.110531 0.0984049 
34468 0.106136 0.254821 
34469 0.101801 0.411546 
34470 0.272608 -0.205872 
34471 0.268649 -0.0519381 
34472 0.264685 0.102769 
34473 0.260616 0.25811 
34474 0.256699 0.414192 
34475 -0.35174 -0.226843 
34476 -0.35792 -0.0706174 
34477 -0.363707 0.0864831 
34478 -0.369803 0.244833 
34479 -0.375743 0.403805 
34480 -0.194324 -0.220606 
34481 -0.199708 -0.0650461 
34482 -0.205208 0.0911893 
34483 -0.210755 0.248468 
34484 -0.216317 0.406594 
34485 -0.038532 -0.214547 
34486 -0.0436127 -0.0597456 
34487 -0.0484928 0.0958279 
34488 -0.0536255 0.251962 
34489 -0.0586762 0.409389 
34490 0.115677 -0.208391 
34491 0.111062 -0.0545126 
34492 0.106557 0.100146 
34493 0.101888 0.255691 
34494 0.0972166 0.411912 
34495 0.267963 -0.202172 
34496 0.263923 -0.04928 
34497 0.259786 0.104678 
34498 0.2557 0.259231 
34499 0.251304 0.414611 
34500 -0.353249 -0.224489 
34501 -0.359623 -0.0688394 
34502 -0.365829 0.0878041 
34503 -0.372241 0.24529 
34504 -0.378494 0.403829 
34505 -0.19631 -0.21799 
34506 -0.202086 -0.0631474 
34507 -0.208114 0.0925238 
34508 -0.213685 0.249135 
34509 -0.219585 0.406659 
34510 -0.0411702 -0.211342 
34511 -0.0466121 -0.0575489 
34512 -0.0518735 0.0972091 
34513 -0.0571459 0.252992 
34514 -0.0624962 0.409626 
34515 0.11206 -0.204972 
34516 0.107271 -0.0521146 
34517 0.102539 0.101907 
34518 0.0976693 0.25676 
34519 0.0928004 0.412465 
34520 0.263502 -0.19852 
34521 0.259191 -0.04647 
34522 0.254823 0.10654 
34523 0.250497 0.260319 
34524 0.246204 0.415222 
34525 -0.354764 -0.221973 
34526 -0.361422 -0.0671439 
34527 -0.368015 0.0889236 
34528 -0.374645 0.245896 
34529 -0.381439 0.404106 
34530 -0.198524 -0.215175 
34531 -0.204379 -0.061227 
34532 -0.210511 0.0938782 
34533 -0.216605 0.249913 
34534 -0.222834 0.406874 
34535 -0.0440251 -0.208319 
34536 -0.0495976 -0.0553269 
34537 -0.05506 0.0988028 
34538 -0.0604633 0.253905 
34539 -0.0662481 0.409877 
34540 0.108494 -0.201552 
34541 0.103471 -0.0496533 
34542 0.0983464 0.103531 
34543 0.0933882 0.257624 
34544 0.0883031 0.412794 
34545 0.258951 -0.195041 
34546 0.254612 -0.0438401 
34547 0.250041 0.108468 
34548 0.245659 0.2615 
34549 0.241204 0.41585 
34550 -0.356313 -0.219534 
34551 -0.363156 -0.0653693 
34552 -0.37003 0.0901629 
34553 -0.377157 0.246726 
34554 -0.38409 0.404347 
34555 -0.200552 -0.212301 
34556 -0.206794 -0.0590255 
34557 -0.213195 0.0953731 
34558 -0.21951 0.250795 
34559 -0.226074 0.407446 
34560 -0.0469205 -0.205273 
34561 -0.0524941 -0.053018 
34562 -0.0582065 0.100312 
34563 -0.0641892 0.254755 
34564 -0.0698538 0.410339 
34565 0.10472 -0.19821 
34566 0.0996161 -0.0470273 
34567 0.0945467 0.105362 
34568 0.0892807 0.258831 
34569 0.0840091 0.413328 
34570 0.254417 -0.191433 
34571 0.249897 -0.0409957 
34572 0.245283 0.110232 
34573 0.240631 0.262759 
34574 0.236065 0.416336 
34575 -0.35768 -0.21696 
34576 -0.364939 -0.0633239 
34577 -0.372143 0.0915332 
34578 -0.379641 0.247572 
34579 -0.386943 0.4047 
34580 -0.202688 -0.209418 
34581 -0.209163 -0.0569414 
34582 -0.215744 0.0968346 
34583 -0.222345 0.251648 
34584 -0.229052 0.407961 
34585 -0.0497599 -0.202176 
34586 -0.0555093 -0.0506599 
34587 -0.0615843 0.102028 
34588 -0.0676108 0.255944 
34589 -0.0735101 0.410961 
34590 0.101185 -0.194861 
34591 0.0958515 -0.0445322 
34592 0.0905579 0.107143 
34593 0.0851918 0.259815 
34594 0.079832 0.413824 
34595 0.249846 -0.187721 
34596 0.245191 -0.0383364 
34597 0.240539 0.112306 
34598 0.235903 0.264041 
34599 0.231183 0.416946 
34600 -0.35932 -0.214051 
34601 -0.366722 -0.0612594 
34602 -0.374433 0.0928098 
34603 -0.381867 0.248371 
34604 -0.38966 0.405299 
34605 -0.204611 -0.2066 
34606 -0.211567 -0.0547515 
34607 -0.218373 0.098248 
34608 -0.225319 0.252707 
34609 -0.232234 0.408451 
34610 -0.0523997 -0.198917 
34611 -0.0585776 -0.0482752 
34612 -0.0647441 0.103641 
34613 -0.070728 0.25684 
34614 -0.0770366 0.411543 
34615 0.0974787 -0.191497 
34616 0.0919589 -0.0418834 
34617 0.0866536 0.108905 
34618 0.081143 0.26103 
34619 0.0756478 0.414545 
34620 0.245202 -0.184269 
34621 0.240534 -0.0356442 
34622 0.235716 0.114267 
34623 0.231035 0.265234 
34624 0.226152 0.417515 
