2740 -0.333043 -0.216368 
2741 -0.333251 -0.0168378 
2742 -0.333474 0.183315 
2743 -0.333032 0.383308 
2744 -0.167044 -0.216332 
2745 -0.166439 -0.0165783 
2746 -0.166785 0.183584 
2747 -0.166544 0.382961 
2748 0.000105423 -0.216218 
2749 0.000236885 -0.0163682 
2750 -0.000417754 0.183035 
2751 -0.000204133 0.383609 
2752 0.166522 -0.216525 
2753 0.166764 -0.0169087 
2754 0.166241 0.183661 
2755 0.166419 0.383163 
2756 0.333076 -0.216887 
2757 0.332905 -0.017091 
2758 0.333581 0.18316 
2759 0.333166 0.383414 
2760 -0.324792 -0.191916 
2761 -0.324073 -0.0080471 
2762 -0.324252 0.175511 
2763 -0.324521 0.359636 
2764 -0.171811 -0.191611 
2765 -0.171086 -0.00776415 
2766 -0.171375 0.175331 
2767 -0.172035 0.359191 
2768 -0.0183559 -0.191536 
2769 -0.0191397 -0.00854764 
2770 -0.0190527 0.174834 
2771 -0.0189483 0.358204 
2772 0.133662 -0.190636 
2773 0.133504 -0.00779835 
2774 0.133837 0.175505 
2775 0.134276 0.358417 
2776 0.28553 -0.19042 
2777 0.286296 -0.008008 
2778 0.285942 0.175402 
2779 0.286729 0.357753 
2780 -0.316923 -0.169646 
2781 -0.317278 -2.9916e-05 
2782 -0.317416 0.168885 
2783 -0.317912 0.339573 
2784 -0.175814 -0.169612 
2785 -0.176411 -0.000156785 
2786 -0.175538 0.168778 
2787 -0.175753 0.338863 
2788 -0.0347517 -0.169647 
2789 -0.0352169 -9.63619e-05 
2790 -0.0347548 0.168872 
2791 -0.0352243 0.338053 
2792 0.10547 -0.168665 
2793 0.106295 -0.000248044 
2794 0.10575 0.168449 
2795 0.106042 0.337974 
2796 0.246128 -0.168526 
2797 0.245687 -0.000645121 
2798 0.245928 0.168522 
2799 0.246169 0.337053 
2800 -0.311172 -0.150308 
2801 -0.311246 0.00720865 
2802 -0.311708 0.164267 
2803 -0.312085 0.322561 
2804 -0.179463 -0.149879 
2805 -0.179707 0.00648178 
2806 -0.180554 0.163542 
2807 -0.18065 0.321887 
2808 -0.0495388 -0.149658 
2809 -0.0488775 0.00671788 
2810 -0.0494577 0.164026 
2811 -0.0492667 0.32069 
2812 0.0814344 -0.149852 
2813 0.0815714 0.00698359 
2814 0.0816423 0.16349 
2815 0.0820093 0.32056 
2816 0.211279 -0.149667 
2817 0.211664 0.00598342 
2818 0.212177 0.162682 
2819 0.212133 0.319432 
2820 -0.307018 -0.133935 
2821 -0.307269 0.0136356 
2822 -0.307261 0.160326 
2823 -0.307167 0.3081 
2824 -0.18363 -0.133453 
2825 -0.184092 0.0134827 
2826 -0.184229 0.160072 
2827 -0.184658 0.306984 
2828 -0.0619345 -0.133245 
2829 -0.0615232 0.0124991 
2830 -0.0615818 0.159547 
2831 -0.0614415 0.306532 
2832 0.0594558 -0.133004 
2833 0.060152 0.0126305 
2834 0.0604441 0.158998 
2835 0.0610097 0.305305 
2836 0.180247 -0.132862 
2837 0.180787 0.013199 
2838 0.181305 0.158062 
2839 0.182173 0.304703 
2840 -0.302763 -0.118328 
2841 -0.302739 0.0195892 
2842 -0.303579 0.157811 
2843 -0.303782 0.296244 
2844 -0.187124 -0.117957 
2845 -0.188169 0.0191508 
2846 -0.18814 0.157093 
2847 -0.187587 0.295462 
2848 -0.0733706 -0.118038 
2849 -0.0733207 0.0189255 
2850 -0.0724307 0.15643 
2851 -0.0731752 0.294113 
2852 0.0409135 -0.117465 
2853 0.0415009 0.0189792 
2854 0.0413661 0.155307 
2855 0.0416423 0.29272 
2856 0.15358 -0.117488 
2857 0.15482 0.0180118 
2858 0.155305 0.155443 
2859 0.155881 0.291742 
2860 -0.300079 -0.104665 
2861 -0.300047 0.0247997 
2862 -0.300639 0.154975 
2863 -0.300685 0.28565 
2864 -0.191636 -0.104487 
2865 -0.190874 0.0243337 
2866 -0.191174 0.15453 
2867 -0.191795 0.284466 
2868 -0.0833154 -0.104525 
2869 -0.0833785 0.0245936 
2870 -0.0832973 0.153182 
2871 -0.0831618 0.2835 
2872 0.0235585 -0.104231 
2873 0.0239216 0.0241193 
2874 0.0243328 0.152334 
2875 0.0249279 0.282289 
2876 0.129648 -0.104576 
2877 0.130926 0.023425 
2878 0.13113 0.151996 
2879 0.131549 0.281364 
2880 -0.297726 -0.091906 
2881 -0.297235 0.0301732 
2882 -0.29749 0.153353 
2883 -0.297953 0.27637 
2884 -0.194722 -0.0923343 
2885 -0.195076 0.030129 
2886 -0.194259 0.152137 
2887 -0.19509 0.275194 
2888 -0.0927502 -0.0918649 
2889 -0.0928395 0.0289807 
2890 -0.0920001 0.151561 
2891 -0.0922176 0.273836 
2892 0.00831311 -0.0920923 
2893 0.00838289 0.0290653 
2894 0.00936369 0.150147 
2895 0.0101193 0.273035 
2896 0.108977 -0.0917155 
2897 0.109014 0.0288796 
2898 0.110241 0.150035 
2899 0.11062 0.271888 
2900 -0.295219 -0.0806823 
2901 -0.295205 0.0352622 
2902 -0.295821 0.15131 
2903 -0.296061 0.268546 
2904 -0.197904 -0.0809458 
2905 -0.197868 0.0344688 
2906 -0.198146 0.150874 
2907 -0.198115 0.267329 
2908 -0.101696 -0.0806811 
2909 -0.101575 0.0344077 
2910 -0.100697 0.149791 
2911 -0.10057 0.265811 
2912 -0.00566368 -0.0811351 
2913 -0.00541265 0.0333169 
2914 -0.00459986 0.148662 
2915 -0.00378107 0.264204 
2916 0.0896024 -0.0814128 
2917 0.0901385 0.0331359 
2918 0.0905039 0.147926 
2919 0.0918867 0.263195 
2920 -0.293554 -0.0701467 
2921 -0.294412 0.0402015 
2922 -0.293895 0.150178 
2923 -0.29455 0.261713 
2924 -0.201801 -0.0707574 
2925 -0.200906 0.0396945 
2926 -0.201424 0.149935 
2927 -0.200591 0.260816 
2928 -0.109188 -0.0703742 
2929 -0.108962 0.0389299 
2930 -0.108539 0.147985 
2931 -0.108535 0.258972 
2932 -0.0191255 -0.0711096 
2933 -0.0176883 0.0384575 
2934 -0.0173068 0.147826 
2935 -0.0166015 0.257271 
2936 0.0718805 -0.0708932 
2937 0.0720646 0.0370469 
2938 0.073591 0.146488 
2939 0.0740167 0.255577 
2940 -0.292949 -0.0602513 
2941 -0.293052 0.0438649 
2942 -0.293337 0.150112 
2943 -0.292766 0.255606 
2944 -0.205001 -0.061225 
2945 -0.204527 0.0430238 
2946 -0.203926 0.148069 
2947 -0.204277 0.253813 
2948 -0.117394 -0.0614726 
2949 -0.116801 0.0428427 
2950 -0.116318 0.147723 
2951 -0.115531 0.252635 
2952 -0.0302738 -0.0614374 
2953 -0.0295795 0.0423786 
2954 -0.0293238 0.146253 
2955 -0.0281454 0.250972 
2956 0.0555945 -0.0620642 
2957 0.056091 0.0413404 
2958 0.0570326 0.145058 
2959 0.0584561 0.249334 
2960 -0.291829 -0.0519291 
2961 -0.291781 0.0485437 
2962 -0.291491 0.149614 
2963 -0.291862 0.250441 
2964 -0.207985 -0.0526272 
2965 -0.207779 0.0476966 
2966 -0.207674 0.147371 
2967 -0.207104 0.248723 
2968 -0.124151 -0.0521331 
2969 -0.124125 0.0462453 
2970 -0.123108 0.146948 
2971 -0.122833 0.24647 
2972 -0.0416794 -0.0525127 
2973 -0.0411045 0.0457163 
2974 -0.0400568 0.145582 
2975 -0.0392458 0.244897 
2976 0.0405637 -0.0535089 
2977 0.0412069 0.0452105 
2978 0.0424252 0.144425 
2979 0.0431027 0.243614 
2980 -0.291183 -0.0435411 
2981 -0.291752 0.052224 
2982 -0.291789 0.148646 
2983 -0.291546 0.245311 
2984 -0.210948 -0.0436979 
2985 -0.210894 0.0514305 
2986 -0.210164 0.147607 
2987 -0.210107 0.243919 
2988 -0.130955 -0.0442072 
2989 -0.13045 0.050907 
2990 -0.129429 0.145933 
2991 -0.129058 0.241781 
2992 -0.0518207 -0.0446664 
2993 -0.0511597 0.0491008 
2994 -0.0505533 0.144205 
2995 -0.0492935 0.240021 
2996 0.0265556 -0.0449576 
2997 0.0272204 0.0485639 
2998 0.0289884 0.143028 
2999 0.0296006 0.237935 
3000 -0.291542 -0.0362647 
3001 -0.290742 0.0563963 
3002 -0.291393 0.148752 
3003 -0.291031 0.241657 
3004 -0.213623 -0.0367693 
3005 -0.213596 0.0547758 
3006 -0.213533 0.147363 
3007 -0.212511 0.239845 
3008 -0.137258 -0.0370778 
3009 -0.136339 0.054088 
3010 -0.135822 0.145158 
3011 -0.135331 0.237965 
3012 -0.0612595 -0.0370626 
3013 -0.0607418 0.0532096 
3014 -0.0595411 0.143662 
3015 -0.0591785 0.235958 
3016 0.0134678 -0.0379213 
3017 0.0149189 0.0516796 
3018 0.0159716 0.142622 
3019 0.0169304 0.233254 
3020 -0.291765 -0.0285646 
3021 -0.291539 0.0598927 
3022 -0.290596 0.14812 
3023 -0.290314 0.237647 
3024 -0.217188 -0.0297376 
3025 -0.21626 0.0582612 
3026 -0.215517 0.146359 
3027 -0.215328 0.235188 
3028 -0.143889 -0.0297296 
3029 -0.142803 0.0570514 
3030 -0.142059 0.145003 
3031 -0.140935 0.233291 
3032 -0.0703821 -0.0307215 
3033 -0.0698629 0.0561079 
3034 -0.0682117 0.143463 
3035 -0.0675858 0.230973 
3036 0.00187941 -0.0313273 
3037 0.00266655 0.0546306 
3038 0.00425223 0.14243 
3039 0.0053636 0.229671 
3040 -0.291943 -0.0223535 
3041 -0.291104 0.0631709 
3042 -0.29118 0.14878 
3043 -0.29067 0.234256 
3044 -0.219842 -0.0222088 
3045 -0.219676 0.0615928 
3046 -0.218598 0.146798 
3047 -0.217812 0.232093 
3048 -0.149358 -0.0232965 
3049 -0.148327 0.0601015 
3050 -0.146999 0.144511 
3051 -0.146288 0.230117 
3052 -0.079142 -0.0245931 
3053 -0.0779087 0.0590018 
3054 -0.0768577 0.143637 
3055 -0.0758966 0.227675 
3056 -0.00975844 -0.0250966 
3057 -0.00911091 0.0584259 
3058 -0.00766764 0.141298 
3059 -0.00636678 0.225303 
3060 -0.292276 -0.0155415 
3061 -0.291725 0.0665512 
3062 -0.290848 0.148033 
3063 -0.290674 0.231492 
3064 -0.223406 -0.0161683 
3065 -0.222199 0.0648983 
3066 -0.221908 0.146628 
3067 -0.220487 0.228832 
3068 -0.154629 -0.017119 
3069 -0.15415 0.0637237 
3070 -0.15244 0.144479 
3071 -0.152043 0.2264 
3072 -0.0874059 -0.0179136 
3073 -0.0861046 0.0615811 
3074 -0.0846554 0.142836 
3075 -0.0834171 0.224566 
3076 -0.0207677 -0.0186658 
3077 -0.0190937 0.0609506 
3078 -0.0180782 0.141117 
3079 -0.0164462 0.221532 
3080 -0.293038 -0.00965325 
3081 -0.291546 0.0689341 
3082 -0.291096 0.148664 
3083 -0.290669 0.228648 
3084 -0.22563 -0.010946 
3085 -0.225385 0.0675513 
3086 -0.224183 0.146446 
3087 -0.223077 0.225955 
3088 -0.16045 -0.0113791 
3089 -0.159415 0.0661763 
3090 -0.157778 0.144317 
3091 -0.156535 0.223511 
3092 -0.0951499 -0.0125947 
3093 -0.093416 0.065109 
3094 -0.0920469 0.142879 
3095 -0.0910352 0.22114 
3096 -0.0309672 -0.0134665 
3097 -0.0290595 0.0636522 
3098 -0.0281836 0.140829 
3099 -0.0262787 0.218522 
3100 -0.293525 -0.00372201 
3101 -0.29264 0.0719504 
3102 -0.291656 0.148655 
3103 -0.290869 0.225583 
3104 -0.22892 -0.00519749 
3105 -0.22828 0.0701179 
3106 -0.227404 0.146066 
3107 -0.225999 0.223011 
3108 -0.165653 -0.00596989 
3109 -0.163786 0.0692481 
3110 -0.163239 0.144665 
3111 -0.161339 0.220813 
3112 -0.10275 -0.00780796 
3113 -0.100976 0.0671936 
3114 -0.0996809 0.142974 
3115 -0.0983506 0.218301 
3116 -0.0400715 -0.00813014 
3117 -0.0381976 0.0658449 
3118 -0.03759 0.141024 
3119 -0.0359879 0.215325 
3120 -0.293546 0.000982039 
3121 -0.293183 0.0742151 
3122 -0.292655 0.148388 
3123 -0.291157 0.223072 
3124 -0.232187 -0.000502254 
3125 -0.230675 0.0725881 
3126 -0.22929 0.146691 
3127 -0.227997 0.220707 
3128 -0.17057 -0.00109411 
3129 -0.169409 0.0714125 
3130 -0.168037 0.144039 
3131 -0.166488 0.218268 
3132 -0.10977 -0.00218813 
3133 -0.108347 0.0699445 
3134 -0.106991 0.14271 
3135 -0.104676 0.215147 
3136 -0.0489679 -0.00373307 
3137 -0.0473926 0.0679044 
3138 -0.046524 0.140449 
3139 -0.0440169 0.213355 
