34325 -0.333293 -0.249947 
34326 -0.333219 -0.0833447 
34327 -0.333338 0.0832621 
34328 -0.333386 0.250056 
34329 -0.333331 0.416618 
34330 -0.166701 -0.250001 
34331 -0.166679 -0.0832641 
34332 -0.166649 0.0832452 
34333 -0.166507 0.250147 
34334 -0.16664 0.416642 
34335 0.000133434 -0.250088 
34336 3.93046e-05 -0.0832403 
34337 -5.07921e-05 0.0834086 
34338 6.8983e-05 0.249984 
34339 9.50216e-05 0.416554 
34340 0.166749 -0.249874 
34341 0.166618 -0.0833405 
34342 0.166626 0.0833216 
34343 0.166642 0.250126 
34344 0.166722 0.416646 
34345 0.333337 -0.249911 
34346 0.333456 -0.0834291 
34347 0.333437 0.0833263 
34348 0.333397 0.250022 
34349 0.333371 0.416608 
34350 -0.334602 -0.24788 
34351 -0.334974 -0.0821071 
34352 -0.335528 0.0838091 
34353 -0.33594 0.249896 
34354 -0.336209 0.416017 
34355 -0.168674 -0.247585 
34356 -0.169162 -0.0816504 
34357 -0.169573 0.0841384 
34358 -0.169861 0.250051 
34359 -0.170291 0.416121 
34360 -0.00274724 -0.247038 
34361 -0.00318133 -0.081282 
34362 -0.00368526 0.0844168 
34363 -0.00385644 0.250407 
34364 -0.00440528 0.416388 
34365 0.16296 -0.246501 
34366 0.162549 -0.0809602 
34367 0.162252 0.084807 
34368 0.161918 0.250661 
34369 0.161584 0.416449 
34370 0.328311 -0.246084 
34371 0.328072 -0.080748 
34372 0.327717 0.0852363 
34373 0.327468 0.250823 
34374 0.327292 0.416591 
34375 -0.335787 -0.24588 
34376 -0.336746 -0.0807646 
34377 -0.337491 0.0843239 
34378 -0.338454 0.249746 
34379 -0.339469 0.415402 
34380 -0.170659 -0.24491 
34381 -0.171477 -0.0800079 
34382 -0.172252 0.0849807 
34383 -0.173034 0.250187 
34384 -0.173832 0.41576 
34385 -0.00561289 -0.24392 
34386 -0.00636685 -0.0792988 
34387 -0.0071271 0.0857815 
34388 -0.0077858 0.250943 
34389 -0.00858471 0.416151 
34390 0.159085 -0.243086 
34391 0.158248 -0.0785377 
34392 0.157674 0.0864098 
34393 0.157137 0.251419 
34394 0.15633 0.416598 
34395 0.323408 -0.242125 
34396 0.322936 -0.07756 
34397 0.322296 0.086992 
34398 0.321813 0.251964 
34399 0.321293 0.416885 
34400 -0.33715 -0.243698 
34401 -0.338589 -0.0793459 
34402 -0.339899 0.0850843 
34403 -0.341178 0.250072 
34404 -0.342614 0.414901 
34405 -0.172635 -0.242299 
34406 -0.173755 -0.0782546 
34407 -0.17505 0.0860226 
34408 -0.176402 0.250579 
34409 -0.177362 0.415735 
34410 -0.00850965 -0.241078 
34411 -0.00958124 -0.0771191 
34412 -0.0107035 0.087037 
34413 -0.0116638 0.251503 
34414 -0.0128205 0.415983 
34415 0.155318 -0.239608 
34416 0.15421 -0.0759287 
34417 0.153282 0.0880418 
34418 0.152343 0.252095 
34419 0.151512 0.416601 
34420 0.318734 -0.238112 
34421 0.317689 -0.0747703 
34422 0.317032 0.0889271 
34423 0.316104 0.252913 
34424 0.315286 0.41702 
34425 -0.338631 -0.241423 
34426 -0.340201 -0.0778355 
34427 -0.341916 0.0859386 
34428 -0.343764 0.249996 
34429 -0.345559 0.414581 
34430 -0.174762 -0.23975 
34431 -0.176239 -0.0764434 
34432 -0.177818 0.0872034 
34433 -0.179377 0.251191 
34434 -0.180876 0.415352 
34435 -0.0114115 -0.23775 
34436 -0.0127097 -0.0750241 
34437 -0.0140936 0.0884618 
34438 -0.0153921 0.252116 
34439 -0.0170204 0.416047 
34440 0.151324 -0.236054 
34441 0.15026 -0.0734681 
34442 0.149151 0.0896331 
34443 0.147757 0.25304 
34444 0.146587 0.416729 
34445 0.313613 -0.23426 
34446 0.31257 -0.0718127 
34447 0.311694 0.0909029 
34448 0.31048 0.253936 
34449 0.309472 0.417384 
34450 -0.339949 -0.239033 
34451 -0.342117 -0.0763517 
34452 -0.344066 0.0868721 
34453 -0.346179 0.250386 
34454 -0.348426 0.414413 
34455 -0.176701 -0.236766 
34456 -0.178568 -0.0744444 
34457 -0.180448 0.088406 
34458 -0.182512 0.251754 
34459 -0.184421 0.415253 
34460 -0.0142914 -0.234474 
34461 -0.015946 -0.0724777 
34462 -0.0175699 0.0898257 
34463 -0.0193797 0.252749 
34464 -0.0209259 0.416152 
34465 0.147594 -0.232578 
34466 0.146145 -0.0706397 
34467 0.144669 0.09143 
34468 0.143163 0.25393 
34469 0.141722 0.417058 
34470 0.308708 -0.230311 
34471 0.307478 -0.0688141 
34472 0.30617 0.0928111 
34473 0.304996 0.255145 
34474 0.303827 0.417759 
34475 -0.341221 -0.236548 
34476 -0.343691 -0.074586 
34477 -0.346286 0.087896 
34478 -0.348844 0.250799 
34479 -0.351335 0.414384 
34480 -0.178668 -0.233972 
34481 -0.180939 -0.0724714 
34482 -0.183269 0.089602 
34483 -0.185544 0.252111 
34484 -0.187701 0.415367 
34485 -0.0170655 -0.231407 
34486 -0.0189734 -0.0702342 
34487 -0.0210371 0.0913659 
34488 -0.0230132 0.253696 
34489 -0.0250058 0.416184 
34490 0.143909 -0.228863 
34491 0.142039 -0.0681157 
34492 0.140366 0.0931417 
34493 0.138759 0.255099 
34494 0.136946 0.417247 
34495 0.303851 -0.226455 
34496 0.302458 -0.0659968 
34497 0.301053 0.0949899 
34498 0.29951 0.256252 
34499 0.29808 0.418345 
34500 -0.342679 -0.233881 
34501 -0.345451 -0.0728685 
34502 -0.348371 0.0889617 
34503 -0.351243 0.251458 
34504 -0.354176 0.414442 
34505 -0.180868 -0.231015 
34506 -0.183455 -0.0703046 
34507 -0.185832 0.0910259 
34508 -0.188546 0.25304 
34509 -0.191176 0.415408 
34510 -0.0198785 -0.228112 
34511 -0.0221803 -0.067886 
34512 -0.0244791 0.0930083 
34513 -0.0266598 0.254554 
34514 -0.0288443 0.416493 
34515 0.140098 -0.225147 
34516 0.13815 -0.0653136 
34517 0.136245 0.0950989 
34518 0.134366 0.25606 
34519 0.132317 0.417815 
34520 0.299001 -0.222366 
34521 0.297394 -0.0629748 
34522 0.295834 0.0967902 
34523 0.294046 0.257592 
34524 0.292573 0.41864 
34525 -0.344051 -0.231253 
34526 -0.347182 -0.0708972 
34527 -0.350529 0.0902543 
34528 -0.353764 0.252105 
34529 -0.357139 0.414752 
34530 -0.182845 -0.227953 
34531 -0.185668 -0.0682137 
34532 -0.188618 0.0924654 
34533 -0.191573 0.253682 
34534 -0.19445 0.415977 
34535 -0.0226143 -0.224702 
34536 -0.0254363 -0.0653696 
34537 -0.0277844 0.0946278 
34538 -0.0303754 0.255296 
34539 -0.0328009 0.417009 
34540 0.136247 -0.221589 
34541 0.13412 -0.0626822 
34542 0.131811 0.0968194 
34543 0.129758 0.257132 
34544 0.127539 0.418132 
34545 0.294272 -0.218315 
34546 0.292527 -0.0599773 
34547 0.290726 0.0990475 
34548 0.288879 0.258836 
34549 0.287109 0.419354 
34550 -0.345406 -0.228566 
34551 -0.349024 -0.0689503 
34552 -0.352607 0.0915628 
34553 -0.356293 0.252754 
34554 -0.359923 0.415042 
34555 -0.185033 -0.224887 
34556 -0.188153 -0.0658754 
34557 -0.191221 0.0940284 
34558 -0.194465 0.254701 
34559 -0.197829 0.416244 
34560 -0.0256818 -0.221423 
34561 -0.0284222 -0.0629401 
34562 -0.0312059 0.0963175 
34563 -0.0339448 0.256521 
34564 -0.0367645 0.417315 
34565 0.132493 -0.217915 
34566 0.130163 -0.0600509 
34567 0.127781 0.0988005 
34568 0.125567 0.258428 
34569 0.123116 0.418672 
34570 0.289487 -0.214474 
34571 0.287456 -0.0570885 
34572 0.285608 0.101041 
34573 0.28367 0.260066 
34574 0.28181 0.419837 
34575 -0.346855 -0.225674 
34576 -0.350735 -0.0670654 
34577 -0.354639 0.0929291 
34578 -0.358688 0.253729 
34579 -0.362664 0.415313 
34580 -0.187036 -0.221889 
34581 -0.190556 -0.0635829 
34582 -0.193852 0.095504 
34583 -0.197347 0.255612 
34584 -0.200949 0.416619 
34585 -0.0285667 -0.218072 
34586 -0.0314755 -0.0604063 
34587 -0.0344904 0.0981654 
34588 -0.0373801 0.257587 
34589 -0.0403428 0.418006 
34590 0.128569 -0.214257 
34591 0.12628 -0.0573685 
34592 0.123787 0.100677 
34593 0.1211 0.259521 
34594 0.118717 0.41913 
34595 0.284646 -0.21052 
34596 0.282628 -0.0540702 
34597 0.280539 0.103264 
34598 0.278664 0.261397 
34599 0.276411 0.420361 
34600 -0.348237 -0.222927 
34601 -0.352551 -0.064686 
34602 -0.356562 0.0943474 
34603 -0.361048 0.254544 
34604 -0.365469 0.41583 
34605 -0.189238 -0.218783 
34606 -0.192766 -0.061392 
34607 -0.19652 0.0971067 
34608 -0.200352 0.256596 
34609 -0.204108 0.417367 
34610 -0.0315517 -0.214645 
34611 -0.0345737 -0.057864 
34612 -0.0378306 0.0998345 
34613 -0.0409815 0.258636 
34614 -0.0442943 0.41862 
34615 0.124881 -0.21064 
34616 0.122313 -0.0547032 
34617 0.119554 0.102466 
34618 0.11677 0.260699 
34619 0.114298 0.419871 
34620 0.279969 -0.206532 
34621 0.277855 -0.0511407 
34622 0.275678 0.105336 
34623 0.273469 0.262667 
34624 0.271404 0.42105 
34625 -0.34982 -0.220016 
34626 -0.354224 -0.0626722 
34627 -0.358825 0.0959824 
34628 -0.363522 0.255603 
34629 -0.368107 0.416451 
34630 -0.191396 -0.215561 
34631 -0.195244 -0.0590013 
34632 -0.199211 0.0987049 
34633 -0.203135 0.257556 
34634 -0.207177 0.417699 
34635 -0.0344547 -0.21118 
34636 -0.0376234 -0.0552782 
34637 -0.041078 0.101714 
34638 -0.0444282 0.259739 
34639 -0.0477347 0.419189 
34640 0.121073 -0.20692 
34641 0.118262 -0.0517016 
34642 0.115486 0.104626 
34643 0.112733 0.261866 
34644 0.109912 0.4204 
34645 0.275076 -0.202571 
34646 0.272999 -0.0483489 
34647 0.270694 0.107271 
34648 0.268543 0.263961 
34649 0.266175 0.421763 
34650 -0.35119 -0.216971 
34651 -0.356073 -0.060311 
34652 -0.360783 0.0974435 
34653 -0.365829 0.256624 
34654 -0.370768 0.41707 
34655 -0.193495 -0.212262 
34656 -0.197481 -0.0565919 
34657 -0.201871 0.100397 
34658 -0.20588 0.258758 
34659 -0.210263 0.418535 
34660 -0.0372054 -0.20773 
34661 -0.0406156 -0.0527964 
34662 -0.0442472 0.103542 
34663 -0.0478721 0.260842 
34664 -0.0513729 0.419632 
34665 0.117133 -0.203429 
34666 0.114523 -0.0490179 
34667 0.111517 0.106451 
34668 0.108603 0.263146 
34669 0.105751 0.421323 
34670 0.270514 -0.198852 
34671 0.26808 -0.0453784 
34672 0.265729 0.109244 
34673 0.263562 0.265388 
34674 0.261378 0.422462 
34675 -0.352785 -0.213865 
34676 -0.357822 -0.0580265 
34677 -0.362892 0.0992386 
34678 -0.368137 0.257668 
34679 -0.373297 0.417996 
34680 -0.195679 -0.209126 
34681 -0.200065 -0.054162 
34682 -0.204412 0.102304 
34683 -0.208945 0.260126 
34684 -0.213375 0.419199 
34685 -0.0402837 -0.204322 
34686 -0.0438251 -0.0501638 
34687 -0.0474794 0.105395 
34688 -0.0511619 0.262201 
34689 -0.0549055 0.420505 
34690 0.113566 -0.19973 
34691 0.110595 -0.0463939 
34692 0.107588 0.108331 
34693 0.104605 0.26435 
34694 0.101647 0.421944 
34695 0.265499 -0.195153 
34696 0.263379 -0.0424597 
34697 0.261008 0.111436 
34698 0.258694 0.266603 
34699 0.256362 0.423199 
34700 -0.354453 -0.210807 
34701 -0.359752 -0.05566 
34702 -0.364953 0.100866 
34703 -0.370411 0.259165 
34704 -0.375927 0.418782 
34705 -0.197787 -0.205879 
34706 -0.202386 -0.0515626 
34707 -0.206989 0.103975 
34708 -0.211565 0.261409 
34709 -0.216273 0.419982 
34710 -0.0431517 -0.200947 
34711 -0.0468681 -0.0476687 
34712 -0.0507576 0.107318 
34713 -0.0544761 0.263518 
34714 -0.0585501 0.421372 
34715 0.109697 -0.195903 
34716 0.106824 -0.0435608 
34717 0.103712 0.110314 
34718 0.100582 0.26567 
34719 0.0974661 0.422619 
34720 0.260812 -0.191423 
34721 0.258547 -0.0397058 
34722 0.256216 0.113293 
34723 0.25393 0.267916 
34724 0.251684 0.423892 
34725 -0.355931 -0.207747 
34726 -0.361368 -0.0533451 
34727 -0.367031 0.102676 
34728 -0.372699 0.260207 
34729 -0.378375 0.419547 
34730 -0.200121 -0.202639 
34731 -0.204661 -0.0491011 
34732 -0.209533 0.105877 
34733 -0.214241 0.262618 
34734 -0.219145 0.420946 
34735 -0.0461984 -0.197668 
34736 -0.0499679 -0.0449475 
34737 -0.0538494 0.109224 
34738 -0.0579425 0.264778 
34739 -0.0618641 0.421943 
34740 0.105874 -0.192584 
34741 0.102834 -0.0408739 
34742 0.0997984 0.112258 
34743 0.0965629 0.266983 
34744 0.093597 0.423277 
34745 0.25629 -0.187624 
34746 0.253876 -0.0368855 
34747 0.251618 0.115332 
34748 0.24927 0.269033 
34749 0.246948 0.424521 
34750 -0.357662 -0.204534 
34751 -0.363436 -0.0509258 
34752 -0.369123 0.104441 
34753 -0.374874 0.261712 
34754 -0.380828 0.420559 
34755 -0.202475 -0.199214 
34756 -0.20721 -0.0466068 
34757 -0.211994 0.107722 
34758 -0.216898 0.263837 
34759 -0.221981 0.421789 
34760 -0.0490054 -0.194241 
34761 -0.0531516 -0.0424323 
34762 -0.0571883 0.111022 
34763 -0.0611277 0.266138 
34764 -0.0652035 0.422871 
34765 0.102234 -0.18899 
34766 0.0989495 -0.0382004 
34767 0.0958285 0.114097 
34768 0.0927262 0.268176 
34769 0.0896386 0.424056 
34770 0.251345 -0.183923 
34771 0.249142 -0.0342183 
34772 0.246922 0.117294 
34773 0.244634 0.27047 
34774 0.242364 0.425324 
34775 -0.359364 -0.201373 
34776 -0.365146 -0.0483947 
34777 -0.371105 0.106329 
34778 -0.377182 0.263027 
34779 -0.38326 0.42166 
34780 -0.204599 -0.196086 
34781 -0.209578 -0.0441336 
34782 -0.214548 0.109628 
34783 -0.219418 0.265197 
34784 -0.224767 0.422728 
34785 -0.0521205 -0.190783 
34786 -0.0562402 -0.0398775 
34787 -0.0601427 0.112755 
34788 -0.0643114 0.267339 
34789 -0.0684295 0.42373 
34790 0.0983811 -0.185491 
34791 0.0952612 -0.0356978 
34792 0.0920713 0.116048 
34793 0.089026 0.269386 
34794 0.0857177 0.424821 
34795 0.246867 -0.180445 
34796 0.24452 -0.0315217 
34797 0.242284 0.119105 
34798 0.239929 0.271725 
34799 0.237698 0.425849 
34800 -0.360996 -0.198334 
34801 -0.366949 -0.0460681 
34802 -0.373068 0.108167 
34803 -0.379303 0.26448 
34804 -0.385754 0.422677 
34805 -0.20685 -0.192671 
34806 -0.211998 -0.0416978 
34807 -0.217205 0.111409 
34808 -0.222277 0.266498 
34809 -0.2275 0.423639 
34810 -0.0550756 -0.187448 
34811 -0.0590816 -0.0374034 
34812 -0.0633048 0.114781 
34813 -0.0674494 0.268683 
34814 -0.0715744 0.424638 
34815 0.094572 -0.182166 
34816 0.0914328 -0.0332075 
34817 0.0882291 0.117846 
34818 0.0851428 0.270763 
34819 0.0818929 0.425579 
34820 0.24205 -0.176902 
34821 0.239895 -0.0286972 
34822 0.237735 0.121045 
34823 0.23561 0.27276 
34824 0.233238 0.426595 
