34725 -0.333294 -0.24999 
34726 -0.333352 -0.0832888 
34727 -0.333365 0.0833368 
34728 -0.333317 0.249995 
34729 -0.333373 0.416538 
34730 -0.166622 -0.250008 
34731 -0.16675 -0.0833934 
34732 -0.166647 0.0833091 
34733 -0.166758 0.249959 
34734 -0.166761 0.41661 
34735 0.0001203 -0.250088 
34736 4.99809e-05 -0.0833701 
34737 7.1415e-05 0.0833788 
34738 -7.37185e-06 0.249942 
34739 -2.71724e-05 0.416644 
34740 0.16667 -0.249887 
34741 0.166537 -0.0833461 
34742 0.166645 0.0834787 
34743 0.166766 0.25006 
34744 0.166575 0.416709 
34745 0.333305 -0.250163 
34746 0.333256 -0.0832992 
34747 0.333416 0.0832854 
34748 0.333287 0.249998 
34749 0.333347 0.416662 
34750 -0.334846 -0.246471 
34751 -0.335028 -0.0807062 
34752 -0.33544 0.0851887 
34753 -0.335473 0.251354 
34754 -0.335775 0.417608 
34755 -0.168994 -0.246135 
34756 -0.169131 -0.0805593 
34757 -0.169311 0.0853213 
34758 -0.16945 0.251385 
34759 -0.169659 0.417417 
34760 -0.0031253 -0.246024 
34761 -0.00330745 -0.0803399 
34762 -0.0034082 0.0853875 
34763 -0.00348491 0.251402 
34764 -0.00363645 0.417436 
34765 0.162365 -0.245775 
34766 0.162312 -0.0802368 
34767 0.162335 0.0853717 
34768 0.162457 0.251276 
34769 0.1623 0.417497 
34770 0.327782 -0.245527 
34771 0.327939 -0.0801271 
34772 0.327977 0.0854095 
34773 0.327971 0.251315 
34774 0.328231 0.41723 
34775 -0.336436 -0.242713 
34776 -0.336888 -0.0779072 
34777 -0.337278 0.0872805 
34778 -0.337864 0.25284 
34779 -0.338285 0.418399 
34780 -0.171347 -0.242401 
34781 -0.171678 -0.0777132 
34782 -0.171961 0.0873316 
34783 -0.172294 0.252594 
34784 -0.172507 0.418376 
34785 -0.00648879 -0.242163 
34786 -0.00667318 -0.0775908 
34787 -0.00686479 0.0874709 
34788 -0.00685661 0.252664 
34789 -0.00704199 0.41829 
34790 0.158165 -0.241677 
34791 0.158205 -0.0773237 
34792 0.158256 0.0875462 
34793 0.158084 0.252684 
34794 0.158086 0.4181 
34795 0.322581 -0.241471 
34796 0.322533 -0.0770739 
34797 0.322722 0.0876435 
34798 0.3228 0.252544 
34799 0.323004 0.417852 
34800 -0.337949 -0.239227 
34801 -0.338728 -0.0750157 
34802 -0.339268 0.0892477 
34803 -0.339919 0.254149 
34804 -0.340469 0.41958 
34805 -0.173627 -0.238749 
34806 -0.174165 -0.0748807 
34807 -0.174487 0.0893347 
34808 -0.174893 0.254123 
34809 -0.175371 0.419325 
34810 -0.00978176 -0.238299 
34811 -0.00988831 -0.0747016 
34812 -0.0100323 0.0894348 
34813 -0.010443 0.254019 
34814 -0.010492 0.418871 
34815 0.153879 -0.237674 
34816 0.153939 -0.0742619 
34817 0.153884 0.0896164 
34818 0.153938 0.25396 
34819 0.153766 0.418685 
34820 0.317016 -0.237242 
34821 0.317261 -0.0739347 
34822 0.317539 0.0896707 
34823 0.317699 0.253803 
34824 0.317814 0.418375 
34825 -0.339745 -0.23571 
34826 -0.340579 -0.0724043 
34827 -0.341151 0.0911953 
34828 -0.342153 0.255656 
34829 -0.342988 0.420613 
34830 -0.176102 -0.235058 
34831 -0.17647 -0.0720278 
34832 -0.177079 0.0914956 
34833 -0.177467 0.255464 
34834 -0.178081 0.420173 
34835 -0.0129086 -0.234385 
34836 -0.0130971 -0.0717257 
34837 -0.0134827 0.0915781 
34838 -0.0136443 0.255431 
34839 -0.013776 0.419771 
34840 0.149687 -0.233969 
34841 0.14965 -0.071352 
34842 0.149693 0.0915355 
34843 0.149689 0.255175 
34844 0.149715 0.419343 
34845 0.311627 -0.233242 
34846 0.312144 -0.0709099 
34847 0.312426 0.0917852 
34848 0.312731 0.255078 
34849 0.312879 0.418785 
34850 -0.34139 -0.231986 
34851 -0.342389 -0.0697451 
34852 -0.343343 0.0934881 
34853 -0.344153 0.257201 
34854 -0.345208 0.421717 
34855 -0.178243 -0.231358 
34856 -0.179206 -0.0693147 
34857 -0.179712 0.0934806 
34858 -0.180225 0.256872 
34859 -0.180844 0.420985 
34860 -0.0160821 -0.230491 
34861 -0.0163678 -0.0688082 
34862 -0.0168521 0.0935892 
34863 -0.0170158 0.25677 
34864 -0.0172113 0.42047 
34865 0.145441 -0.22998 
34866 0.145535 -0.0684949 
34867 0.145589 0.093558 
34868 0.145632 0.256272 
34869 0.145761 0.419903 
34870 0.306382 -0.229054 
34871 0.306915 -0.068042 
34872 0.307294 0.093739 
34873 0.307664 0.256117 
34874 0.30816 0.41933 
34875 -0.343058 -0.228436 
34876 -0.344028 -0.0667636 
34877 -0.34514 0.0954287 
34878 -0.346274 0.258766 
34879 -0.347275 0.422782 
34880 -0.180951 -0.227701 
34881 -0.18139 -0.0664992 
34882 -0.182181 0.0955474 
34883 -0.182799 0.258381 
34884 -0.183463 0.422031 
34885 -0.0193747 -0.226826 
34886 -0.0197687 -0.0660871 
34887 -0.0198861 0.0955081 
34888 -0.0201744 0.258016 
34889 -0.0205103 0.421368 
34890 0.141323 -0.226098 
34891 0.141333 -0.0657059 
34892 0.141515 0.0955562 
34893 0.141727 0.257534 
34894 0.141803 0.420503 
34895 0.30101 -0.225276 
34896 0.301621 -0.0653239 
34897 0.302287 0.0954898 
34898 0.302665 0.257168 
34899 0.303412 0.419775 
34900 -0.344869 -0.224889 
34901 -0.346062 -0.0640135 
34902 -0.347138 0.0976426 
34903 -0.348332 0.260323 
34904 -0.349531 0.424066 
34905 -0.183262 -0.224004 
34906 -0.184042 -0.0637273 
34907 -0.184791 0.097547 
34908 -0.185471 0.25982 
34909 -0.186061 0.423074 
34910 -0.0226434 -0.223251 
34911 -0.0229243 -0.0634497 
34912 -0.0231314 0.0974336 
34913 -0.0233276 0.259379 
34914 -0.0237232 0.421915 
34915 0.136997 -0.222295 
34916 0.137211 -0.0628837 
34917 0.137597 0.0973422 
34918 0.137772 0.258697 
34919 0.137954 0.420881 
34920 0.295841 -0.221778 
34921 0.29657 -0.0625885 
34922 0.297188 0.0973219 
34923 0.29805 0.25812 
34924 0.298718 0.420075 
34925 -0.346587 -0.221347 
34926 -0.34792 -0.0613199 
34927 -0.349042 0.0996286 
34928 -0.350307 0.261914 
34929 -0.35161 0.425175 
34930 -0.185729 -0.220373 
34931 -0.186401 -0.0610149 
34932 -0.18718 0.0994236 
34933 -0.187911 0.261076 
34934 -0.188533 0.423874 
34935 -0.0258829 -0.219573 
34936 -0.0262285 -0.0605784 
34937 -0.0262953 0.0993675 
34938 -0.0265924 0.260521 
34939 -0.0267051 0.422641 
34940 0.132876 -0.218707 
34941 0.133083 -0.0603445 
34942 0.133456 0.0991869 
34943 0.133756 0.259836 
34944 0.134125 0.421516 
34945 0.290416 -0.218013 
34946 0.291347 -0.0599431 
34947 0.292145 0.0990217 
34948 0.293203 0.259132 
34949 0.294017 0.420387 
34950 -0.34833 -0.217699 
34951 -0.349719 -0.058587 
34952 -0.350951 0.101644 
34953 -0.352313 0.263476 
34954 -0.353718 0.426255 
34955 -0.188314 -0.216877 
34956 -0.189056 -0.0581713 
34957 -0.189689 0.101605 
34958 -0.190348 0.262463 
34959 -0.191167 0.424859 
34960 -0.0292763 -0.216028 
34961 -0.0295117 -0.0580443 
34962 -0.0296997 0.101229 
34963 -0.0295819 0.261775 
34964 -0.0298015 0.423403 
34965 0.128522 -0.215251 
34966 0.129 -0.0577598 
34967 0.129588 0.101137 
34968 0.13003 0.260947 
34969 0.130249 0.421921 
34970 0.285332 -0.214445 
34971 0.286235 -0.0573957 
34972 0.287265 0.100729 
34973 0.28844 0.259961 
34974 0.289533 0.420508 
34975 -0.350257 -0.214255 
34976 -0.351564 -0.0557217 
34977 -0.352879 0.103877 
34978 -0.354261 0.265055 
34979 -0.355756 0.427423 
34980 -0.190787 -0.213458 
34981 -0.191424 -0.0556395 
34982 -0.192245 0.103424 
34983 -0.192817 0.263953 
34984 -0.193591 0.425789 
34985 -0.0326643 -0.212579 
34986 -0.0326328 -0.055424 
34987 -0.0327169 0.103067 
34988 -0.032631 0.262858 
34989 -0.0328081 0.424016 
34990 0.124274 -0.211786 
34991 0.124814 -0.055269 
34992 0.125566 0.102585 
34993 0.126275 0.261893 
34994 0.126789 0.422375 
34995 0.279867 -0.211029 
34996 0.28137 -0.0549957 
34997 0.282531 0.102238 
34998 0.283814 0.26078 
34999 0.285207 0.420623 
35000 -0.352216 -0.210754 
35001 -0.353485 -0.0530373 
35002 -0.354828 0.106049 
35003 -0.35629 0.266487 
35004 -0.357631 0.428636 
35005 -0.193271 -0.209987 
35006 -0.193987 -0.0529048 
35007 -0.194642 0.105508 
35008 -0.195277 0.265274 
35009 -0.19598 0.42661 
35010 -0.0358883 -0.209158 
35011 -0.0357895 -0.0530568 
35012 -0.035907 0.104777 
35013 -0.0357517 0.263872 
35014 -0.0356786 0.424596 
35015 0.119988 -0.208609 
35016 0.1208 -0.0528685 
35017 0.121634 0.104323 
35018 0.122286 0.262762 
35019 0.123277 0.422628 
35020 0.274726 -0.207702 
35021 0.276205 -0.0526829 
35022 0.277672 0.103615 
35023 0.279142 0.26151 
35024 0.280834 0.420628 
35025 -0.354083 -0.207429 
35026 -0.355268 -0.0504476 
35027 -0.356649 0.10795 
35028 -0.358191 0.268132 
35029 -0.359467 0.429747 
35030 -0.196047 -0.206653 
35031 -0.196569 -0.0503339 
35032 -0.19702 0.107311 
35033 -0.197719 0.266607 
35034 -0.198231 0.427411 
35035 -0.0393811 -0.205849 
35036 -0.0390625 -0.0503157 
35037 -0.0389507 0.106551 
35038 -0.0387688 0.26501 
35039 -0.0383931 0.425246 
35040 0.115875 -0.205113 
35041 0.116774 -0.0503886 
35042 0.117716 0.105814 
35043 0.118964 0.263504 
35044 0.119638 0.422772 
35045 0.269645 -0.20436 
35046 0.271193 -0.0506131 
35047 0.273012 0.105166 
35048 0.274591 0.262242 
35049 0.276377 0.42051 
35050 -0.356058 -0.203937 
35051 -0.357267 -0.0477756 
35052 -0.358638 0.110035 
35053 -0.359869 0.269678 
35054 -0.361388 0.430738 
35055 -0.19862 -0.203291 
35056 -0.199039 -0.0479293 
35057 -0.19946 0.109264 
35058 -0.200026 0.26786 
35059 -0.200586 0.428205 
35060 -0.0426115 -0.202686 
35061 -0.0423741 -0.0479713 
35062 -0.0420291 0.108077 
35063 -0.041682 0.266043 
35064 -0.0411974 0.425533 
35065 0.111623 -0.20203 
35066 0.112659 -0.0481379 
35067 0.113902 0.107193 
35068 0.11504 0.264349 
35069 0.116217 0.423093 
35070 0.264312 -0.20149 
35071 0.266232 -0.0483654 
35072 0.268202 0.106373 
35073 0.270207 0.262685 
35074 0.272234 0.420512 
35075 -0.357963 -0.20067 
35076 -0.359229 -0.045073 
35077 -0.360437 0.112048 
35078 -0.361829 0.271125 
35079 -0.363073 0.431781 
35080 -0.201105 -0.199937 
35081 -0.201628 -0.0454344 
35082 -0.201941 0.110713 
35083 -0.202291 0.269038 
35084 -0.202691 0.42889 
35085 -0.0460281 -0.199358 
35086 -0.0454946 -0.0458101 
35087 -0.0450251 0.10976 
35088 -0.0446738 0.266994 
35089 -0.0439835 0.425998 
35090 0.107464 -0.198913 
35091 0.10879 -0.0460332 
35092 0.110035 0.10869 
35093 0.111568 0.265096 
35094 0.11258 0.423081 
35095 0.259146 -0.198477 
35096 0.261399 -0.0464457 
35097 0.263681 0.10747 
35098 0.265619 0.263056 
35099 0.267915 0.420334 
35100 -0.360061 -0.197362 
35101 -0.361314 -0.0424613 
35102 -0.362469 0.114056 
35103 -0.363537 0.272435 
35104 -0.364853 0.432904 
35105 -0.203852 -0.196902 
35106 -0.204018 -0.0430492 
35107 -0.204182 0.112663 
35108 -0.204503 0.270159 
35109 -0.204884 0.429681 
35110 -0.0494395 -0.196461 
35111 -0.0488186 -0.0435084 
35112 -0.0481088 0.111181 
35113 -0.0474768 0.267859 
35114 -0.0468051 0.426248 
35115 0.103184 -0.195929 
35116 0.104716 -0.043829 
35117 0.106229 0.109856 
35118 0.107903 0.265667 
35119 0.109458 0.423096 
35120 0.254108 -0.195497 
35121 0.256461 -0.0444567 
35122 0.2589 0.108505 
35123 0.26146 0.263339 
35124 0.263804 0.419946 
35125 -0.362053 -0.194079 
35126 -0.3632 -0.0402052 
35127 -0.364347 0.115852 
35128 -0.365415 0.273955 
35129 -0.366535 0.433921 
35130 -0.20642 -0.193819 
35131 -0.206555 -0.0407421 
35132 -0.206687 0.114312 
35133 -0.206882 0.271267 
35134 -0.207016 0.430236 
35135 -0.0528217 -0.193455 
35136 -0.0519487 -0.0412087 
35137 -0.051062 0.11272 
35138 -0.0503699 0.268768 
35139 -0.0494214 0.426664 
35140 0.0991399 -0.193222 
35141 0.100827 -0.04188 
35142 0.10255 0.11116 
35143 0.104285 0.266095 
35144 0.106203 0.423 
35145 0.248946 -0.192884 
35146 0.251636 -0.0424727 
35147 0.254372 0.109482 
35148 0.257034 0.263636 
35149 0.259795 0.419566 
35150 -0.364213 -0.191023 
35151 -0.365104 -0.0375469 
35152 -0.366099 0.11792 
35153 -0.367033 0.275296 
35154 -0.368197 0.434866 
35155 -0.20907 -0.190868 
35156 -0.209145 -0.0382463 
35157 -0.209134 0.115852 
35158 -0.209079 0.272328 
35159 -0.20912 0.430807 
35160 -0.0561176 -0.19064 
35161 -0.0552657 -0.0391866 
35162 -0.0541576 0.11403 
35163 -0.0530099 0.269412 
35164 -0.0519759 0.426838 
35165 0.0947579 -0.190392 
35166 0.0967863 -0.0401952 
35167 0.0987908 0.112178 
35168 0.100806 0.266594 
35169 0.102856 0.422804 
35170 0.243869 -0.190321 
35171 0.246827 -0.0410013 
35172 0.249805 0.110486 
35173 0.25278 0.263599 
35174 0.255948 0.418987 
35175 -0.366214 -0.18789 
35176 -0.367122 -0.0351516 
35177 -0.36799 0.119663 
35178 -0.368622 0.276512 
35179 -0.36991 0.43564 
35180 -0.211871 -0.187947 
35181 -0.211617 -0.0362027 
35182 -0.211472 0.117439 
35183 -0.21137 0.273363 
35184 -0.211009 0.431241 
35185 -0.0596307 -0.1879 
35186 -0.0583526 -0.0372615 
35187 -0.0571986 0.115321 
35188 -0.0557911 0.270136 
35189 -0.0546809 0.426791 
35190 0.0905893 -0.187903 
35191 0.0928586 -0.0382556 
35192 0.0950615 0.113163 
35193 0.0974046 0.26691 
35194 0.0997035 0.422521 
35195 0.238873 -0.187816 
35196 0.241998 -0.0394809 
35197 0.245197 0.111095 
35198 0.248499 0.263624 
35199 0.251824 0.418235 
35200 -0.36835 -0.184795 
35201 -0.369041 -0.0328115 
35202 -0.369865 0.121456 
35203 -0.370469 0.277785 
35204 -0.37127 0.436453 
35205 -0.214659 -0.185006 
35206 -0.214268 -0.0340053 
35207 -0.21381 0.118995 
35208 -0.213385 0.274144 
35209 -0.213114 0.431742 
35210 -0.0629334 -0.185168 
35211 -0.0614266 -0.0351891 
35212 -0.0601858 0.11651 
35213 -0.0587256 0.270667 
35214 -0.056994 0.426882 
35215 0.0864821 -0.185385 
35216 0.0889221 -0.0366058 
35217 0.0914217 0.114002 
35218 0.0939642 0.266966 
35219 0.0965073 0.422104 
35220 0.233558 -0.185582 
35221 0.237282 -0.0381341 
35222 0.240725 0.111734 
35223 0.244235 0.263581 
35224 0.247932 0.417493 
