34750 -0.333312 -0.249969 
34751 -0.333449 -0.0833556 
34752 -0.333353 0.083406 
34753 -0.333327 0.249902 
34754 -0.333266 0.416692 
34755 -0.166678 -0.250033 
34756 -0.166627 -0.0831868 
34757 -0.166668 0.0833192 
34758 -0.166529 0.25006 
34759 -0.166613 0.416714 
34760 -0.000102814 -0.249864 
34761 -1.49436e-05 -0.0832295 
34762 0.000135945 0.0833473 
34763 -4.61926e-06 0.250055 
34764 -0.000103933 0.416599 
34765 0.166653 -0.24992 
34766 0.166564 -0.0834173 
34767 0.166729 0.0833222 
34768 0.166762 0.250054 
34769 0.166669 0.416753 
34770 0.333282 -0.250067 
34771 0.333333 -0.083366 
34772 0.333351 0.0833324 
34773 0.333307 0.250023 
34774 0.333299 0.416586 
34775 -0.334866 -0.24639 
34776 -0.335198 -0.0807054 
34777 -0.335308 0.0852553 
34778 -0.335524 0.251337 
34779 -0.335676 0.41771 
34780 -0.169142 -0.246138 
34781 -0.169153 -0.0805414 
34782 -0.169384 0.0853087 
34783 -0.169367 0.251371 
34784 -0.169472 0.417588 
34785 -0.00321617 -0.245993 
34786 -0.00349881 -0.0803915 
34787 -0.00341576 0.0853087 
34788 -0.00340603 0.251449 
34789 -0.00357943 0.417364 
34790 0.162341 -0.245865 
34791 0.1624 -0.0802994 
34792 0.162314 0.0853647 
34793 0.162445 0.251165 
34794 0.162394 0.417395 
34795 0.327885 -0.245665 
34796 0.328009 -0.0801534 
34797 0.328011 0.0854481 
34798 0.328069 0.251308 
34799 0.3283 0.417334 
34800 -0.336458 -0.242759 
34801 -0.336937 -0.0778138 
34802 -0.337378 0.0874044 
34803 -0.337709 0.252854 
34804 -0.338149 0.418599 
34805 -0.171305 -0.24237 
34806 -0.171711 -0.0776864 
34807 -0.171962 0.0874374 
34808 -0.172127 0.252898 
34809 -0.172421 0.418336 
34810 -0.00659055 -0.242219 
34811 -0.00668597 -0.0775474 
34812 -0.00687137 0.0873676 
34813 -0.00677547 0.252678 
34814 -0.00698738 0.418196 
34815 0.158067 -0.241917 
34816 0.15813 -0.077232 
34817 0.158197 0.087474 
34818 0.158125 0.25263 
34819 0.158174 0.417971 
34820 0.322442 -0.241304 
34821 0.322646 -0.0770507 
34822 0.322871 0.0874707 
34823 0.322934 0.252536 
34824 0.323039 0.41774 
34825 -0.338128 -0.23908 
34826 -0.338678 -0.0750196 
34827 -0.339292 0.0893359 
34828 -0.339834 0.254314 
34829 -0.340389 0.419645 
34830 -0.173804 -0.238728 
34831 -0.174123 -0.0748561 
34832 -0.174457 0.089488 
34833 -0.174863 0.254295 
34834 -0.17509 0.419272 
34835 -0.00981342 -0.238255 
34836 -0.00989982 -0.0745617 
34837 -0.0100527 0.0893954 
34838 -0.010174 0.254013 
34839 -0.0103589 0.418983 
34840 0.153858 -0.237765 
34841 0.153903 -0.0742836 
34842 0.153937 0.0895627 
34843 0.153898 0.253902 
34844 0.154083 0.418509 
34845 0.316987 -0.237462 
34846 0.317302 -0.0741105 
34847 0.317493 0.089483 
34848 0.317883 0.253618 
34849 0.318161 0.418405 
34850 -0.339816 -0.235528 
34851 -0.340442 -0.0722939 
34852 -0.341248 0.0914872 
34853 -0.341985 0.255837 
34854 -0.342704 0.420813 
34855 -0.176152 -0.234886 
34856 -0.176619 -0.0722002 
34857 -0.176945 0.0916018 
34858 -0.177507 0.255504 
34859 -0.177803 0.420227 
34860 -0.0131016 -0.23452 
34861 -0.0131916 -0.0717526 
34862 -0.013448 0.091596 
34863 -0.0134751 0.255438 
34864 -0.0137782 0.419695 
34865 0.149527 -0.233979 
34866 0.149636 -0.0714696 
34867 0.14974 0.0914489 
34868 0.149995 0.25509 
34869 0.150055 0.419115 
34870 0.311752 -0.23336 
34871 0.31204 -0.0712109 
34872 0.312479 0.0915157 
34873 0.312903 0.254839 
34874 0.313176 0.418751 
34875 -0.341451 -0.231892 
34876 -0.342423 -0.0694576 
34877 -0.343138 0.0935387 
34878 -0.344094 0.257446 
34879 -0.344857 0.421916 
34880 -0.178595 -0.231274 
34881 -0.179104 -0.0691526 
34882 -0.179515 0.0936349 
34883 -0.18009 0.256967 
34884 -0.180606 0.421284 
34885 -0.0162837 -0.230685 
34886 -0.0164684 -0.0690061 
34887 -0.016583 0.0935255 
34888 -0.0166802 0.256741 
34889 -0.0169484 0.420547 
34890 0.145314 -0.230126 
34891 0.1455 -0.0686578 
34892 0.145673 0.0934453 
34893 0.145848 0.256379 
34894 0.146045 0.419643 
34895 0.306206 -0.229572 
34896 0.306625 -0.0683832 
34897 0.307358 0.0933581 
34898 0.307835 0.255911 
34899 0.308466 0.419136 
34900 -0.343267 -0.228369 
34901 -0.344117 -0.0667946 
34902 -0.345024 0.0956561 
34903 -0.346089 0.258894 
34904 -0.347067 0.423037 
34905 -0.181012 -0.227556 
34906 -0.181501 -0.0664479 
34907 -0.182115 0.0954943 
34908 -0.182811 0.258433 
34909 -0.183273 0.422076 
34910 -0.0196264 -0.226938 
34911 -0.0198083 -0.0662488 
34912 -0.0199556 0.095553 
34913 -0.0201483 0.257826 
34914 -0.0200715 0.421243 
34915 0.140985 -0.226293 
34916 0.141146 -0.0658454 
34917 0.141515 0.095392 
34918 0.141872 0.257315 
34919 0.142168 0.420291 
34920 0.300824 -0.225666 
34921 0.301647 -0.0657363 
34922 0.302239 0.0951957 
34923 0.303026 0.256982 
34924 0.303629 0.419482 
34925 -0.344895 -0.224789 
34926 -0.346064 -0.0639253 
34927 -0.347028 0.0977406 
34928 -0.348059 0.260539 
34929 -0.349132 0.424065 
34930 -0.183529 -0.224083 
34931 -0.184025 -0.0636427 
34932 -0.184692 0.0976172 
34933 -0.185259 0.259859 
34934 -0.185735 0.422962 
34935 -0.0228845 -0.22333 
34936 -0.0229461 -0.0634974 
34937 -0.0231343 0.097367 
34938 -0.0231201 0.259087 
34939 -0.0233114 0.42188 
34940 0.136677 -0.222624 
34941 0.137176 -0.0631216 
34942 0.137536 0.0972082 
34943 0.137973 0.258466 
34944 0.138227 0.420723 
34945 0.295552 -0.222059 
34946 0.296389 -0.0630001 
34947 0.297222 0.0967998 
34948 0.298171 0.257839 
34949 0.299015 0.419631 
34950 -0.346787 -0.221269 
34951 -0.347941 -0.0610996 
34952 -0.348949 0.0998694 
34953 -0.350154 0.262064 
34954 -0.35104 0.425269 
34955 -0.186051 -0.220487 
34956 -0.18653 -0.060916 
34957 -0.187195 0.0996349 
34958 -0.187716 0.261192 
34959 -0.188213 0.423969 
34960 -0.0262921 -0.219845 
34961 -0.0262561 -0.0607036 
34962 -0.0262238 0.0992953 
34963 -0.026302 0.260381 
34964 -0.0262569 0.422484 
34965 0.132459 -0.218952 
34966 0.133063 -0.0605195 
34967 0.133458 0.0988487 
34968 0.134148 0.259561 
34969 0.134677 0.421122 
34970 0.290202 -0.218393 
34971 0.2912 -0.0604274 
34972 0.292325 0.0986117 
34973 0.293441 0.25861 
34974 0.294485 0.419771 
34975 -0.348683 -0.217457 
34976 -0.349839 -0.0582412 
34977 -0.350997 0.102049 
34978 -0.352146 0.263783 
34979 -0.35308 0.426478 
34980 -0.188589 -0.216918 
34981 -0.189095 -0.0583475 
34982 -0.189631 0.10154 
34983 -0.190153 0.262578 
34984 -0.190694 0.424801 
34985 -0.0296044 -0.216305 
34986 -0.0294905 -0.0582663 
34987 -0.0294937 0.10103 
34988 -0.0294631 0.261463 
34989 -0.0292519 0.423076 
34990 0.128222 -0.215697 
34991 0.128759 -0.0581177 
34992 0.129514 0.100552 
34993 0.13029 0.260465 
34994 0.130858 0.421551 
34995 0.284898 -0.214849 
34996 0.286227 -0.0578948 
34997 0.287407 0.100107 
34998 0.288678 0.259515 
34999 0.289974 0.419986 
35000 -0.350614 -0.21408 
35001 -0.35182 -0.0556419 
35002 -0.352839 0.104157 
35003 -0.353943 0.265175 
35004 -0.355233 0.427615 
35005 -0.191137 -0.213497 
35006 -0.191488 -0.055541 
35007 -0.192019 0.103547 
35008 -0.192429 0.263951 
35009 -0.193077 0.425738 
35010 -0.0329872 -0.21281 
35011 -0.0328031 -0.0557361 
35012 -0.0325027 0.102928 
35013 -0.0323548 0.26267 
35014 -0.0322433 0.423761 
35015 0.123913 -0.212094 
35016 0.124765 -0.0556528 
35017 0.125607 0.102166 
35018 0.126485 0.261293 
35019 0.12732 0.421846 
35020 0.279723 -0.211632 
35021 0.281198 -0.0556166 
35022 0.282631 0.10155 
35023 0.284228 0.260177 
35024 0.285501 0.420081 
35025 -0.352561 -0.210591 
35026 -0.353601 -0.0528302 
35027 -0.354762 0.106138 
35028 -0.355866 0.266634 
35029 -0.356939 0.428802 
35030 -0.193794 -0.210075 
35031 -0.194071 -0.0530237 
35032 -0.194461 0.10544 
35033 -0.194985 0.265214 
35034 -0.195386 0.426493 
35035 -0.0364154 -0.20955 
35036 -0.0360653 -0.0530805 
35037 -0.035757 0.104543 
35038 -0.0353624 0.263737 
35039 -0.0350865 0.424298 
35040 0.119847 -0.208804 
35041 0.1207 -0.0533437 
35042 0.121706 0.103916 
35043 0.122805 0.262242 
35044 0.123791 0.422016 
35045 0.274486 -0.208234 
35046 0.276062 -0.0533771 
35047 0.277866 0.102933 
35048 0.279436 0.26076 
35049 0.28128 0.419938 
35050 -0.354453 -0.207216 
35051 -0.3554 -0.050259 
35052 -0.356632 0.108211 
35053 -0.35777 0.268181 
35054 -0.358953 0.429922 
35055 -0.196204 -0.206708 
35056 -0.196603 -0.0505001 
35057 -0.196963 0.107174 
35058 -0.197367 0.266548 
35059 -0.197609 0.427275 
35060 -0.0396951 -0.206206 
35061 -0.0392636 -0.0507186 
35062 -0.0387827 0.106211 
35063 -0.0382914 0.264791 
35064 -0.0378646 0.424646 
35065 0.115621 -0.20563 
35066 0.116626 -0.0509318 
35067 0.117922 0.105241 
35068 0.118981 0.263009 
35069 0.120408 0.422372 
35070 0.269231 -0.205354 
35071 0.271105 -0.0511513 
35072 0.27296 0.104146 
35073 0.275014 0.261192 
35074 0.276952 0.419873 
35075 -0.356395 -0.203861 
35076 -0.35755 -0.0475594 
35077 -0.358484 0.110232 
35078 -0.359669 0.269767 
35079 -0.360715 0.430804 
35080 -0.199051 -0.203399 
35081 -0.199194 -0.0480201 
35082 -0.199347 0.108992 
35083 -0.199692 0.267672 
35084 -0.19977 0.42794 
35085 -0.0430832 -0.203041 
35086 -0.0424824 -0.0485133 
35087 -0.0418701 0.107747 
35088 -0.041275 0.265556 
35089 -0.0406441 0.425089 
35090 0.111194 -0.202581 
35091 0.112461 -0.0488507 
35092 0.114022 0.106571 
35093 0.115411 0.263725 
35094 0.116795 0.422347 
35095 0.263955 -0.202236 
35096 0.266012 -0.0491466 
35097 0.268415 0.105349 
35098 0.270402 0.261735 
35099 0.272728 0.419494 
35100 -0.35842 -0.200638 
35101 -0.359494 -0.0448489 
35102 -0.360375 0.11221 
35103 -0.361337 0.271142 
35104 -0.362393 0.431819 
35105 -0.201555 -0.200114 
35106 -0.201713 -0.0455331 
35107 -0.201787 0.110777 
35108 -0.202043 0.268811 
35109 -0.201983 0.428751 
35110 -0.0464858 -0.200018 
35111 -0.0456529 -0.0461112 
35112 -0.045047 0.109428 
35113 -0.0441658 0.266554 
35114 -0.0434376 0.425307 
35115 0.106905 -0.199741 
35116 0.108473 -0.0467544 
35117 0.110213 0.107857 
35118 0.111836 0.26426 
35119 0.113395 0.422366 
35120 0.258798 -0.199597 
35121 0.261212 -0.0473376 
35122 0.26359 0.106469 
35123 0.266037 0.262037 
35124 0.268594 0.419192 
35125 -0.360394 -0.197294 
35126 -0.361347 -0.0424277 
35127 -0.362401 0.11399 
35128 -0.363123 0.27257 
35129 -0.363939 0.432789 
35130 -0.204319 -0.197139 
35131 -0.204243 -0.0432282 
35132 -0.204253 0.112492 
35133 -0.204096 0.269831 
35134 -0.203994 0.429391 
35135 -0.049821 -0.196881 
35136 -0.0489192 -0.0440651 
35137 -0.0480355 0.11075 
35138 -0.0469527 0.2672 
35139 -0.0459745 0.425741 
35140 0.102753 -0.196776 
35141 0.104487 -0.0448076 
35142 0.106314 0.109124 
35143 0.108257 0.264858 
35144 0.11006 0.422238 
35145 0.25362 -0.196716 
35146 0.256399 -0.0455621 
35147 0.259069 0.107499 
35148 0.261616 0.262207 
35149 0.264378 0.418593 
35150 -0.36268 -0.194099 
35151 -0.363407 -0.0400653 
35152 -0.364141 0.11592 
35153 -0.364969 0.273832 
35154 -0.365669 0.43387 
35155 -0.206921 -0.194103 
35156 -0.206821 -0.040954 
35157 -0.206555 0.114127 
35158 -0.206403 0.270885 
35159 -0.206269 0.429875 
35160 -0.0531872 -0.1941 
35161 -0.0521425 -0.0419237 
35162 -0.0509733 0.112103 
35163 -0.0498826 0.268091 
35164 -0.0487248 0.425864 
35165 0.0984658 -0.194158 
35166 0.100617 -0.0428321 
35167 0.102585 0.110188 
35168 0.10472 0.265158 
35169 0.106848 0.421985 
35170 0.248414 -0.194022 
35171 0.251563 -0.0438277 
35172 0.254276 0.108331 
35173 0.257565 0.262269 
35174 0.260605 0.418101 
35175 -0.364723 -0.190991 
35176 -0.365185 -0.037574 
35177 -0.365963 0.117879 
35178 -0.366546 0.275203 
35179 -0.367255 0.434737 
35180 -0.209696 -0.19101 
35181 -0.209276 -0.0387604 
35182 -0.208876 0.115536 
35183 -0.208414 0.271865 
35184 -0.208234 0.430168 
35185 -0.0567319 -0.191371 
35186 -0.055256 -0.0398208 
35187 -0.0540621 0.113315 
35188 -0.0525755 0.268593 
35189 -0.0512489 0.425922 
35190 0.0943747 -0.19154 
35191 0.0966712 -0.0411006 
35192 0.0988456 0.111122 
35193 0.101216 0.265531 
35194 0.103601 0.421783 
35195 0.24345 -0.191611 
35196 0.246507 -0.0422799 
35197 0.24978 0.109005 
35198 0.253039 0.262415 
35199 0.256521 0.417516 
35200 -0.3669 -0.18799 
35201 -0.367249 -0.0353392 
35202 -0.367832 0.119655 
35203 -0.368324 0.276572 
35204 -0.368802 0.435646 
35205 -0.212408 -0.188174 
35206 -0.211894 -0.0365217 
35207 -0.21132 0.117078 
35208 -0.210716 0.272863 
35209 -0.210186 0.430684 
35210 -0.0601523 -0.188691 
35211 -0.0587136 -0.0380923 
35212 -0.0570495 0.114586 
35213 -0.0553341 0.269227 
35214 -0.0538211 0.426026 
35215 0.0900716 -0.188989 
35216 0.0924943 -0.0393317 
35217 0.0951676 0.112033 
35218 0.097861 0.265641 
35219 0.100382 0.421392 
35220 0.238198 -0.189329 
35221 0.241753 -0.0407802 
35222 0.245288 0.109639 
35223 0.24907 0.262109 
35224 0.252442 0.416744 
35225 -0.36899 -0.185015 
35226 -0.369308 -0.0329684 
35227 -0.369482 0.121146 
35228 -0.370031 0.277773 
35229 -0.370324 0.436243 
35230 -0.215091 -0.18548 
35231 -0.214503 -0.0345784 
35232 -0.213814 0.118338 
35233 -0.212951 0.273583 
35234 -0.212016 0.431096 
35235 -0.063625 -0.186086 
35236 -0.061725 -0.036249 
35237 -0.0598555 0.11567 
35238 -0.0581241 0.269624 
35239 -0.0562615 0.425869 
35240 0.0859962 -0.186665 
35241 0.0886701 -0.0379552 
35242 0.0915787 0.113034 
35243 0.0942812 0.265831 
35244 0.0973175 0.420867 
35245 0.233074 -0.187154 
35246 0.236925 -0.0394247 
35247 0.240774 0.110198 
35248 0.244547 0.262004 
35249 0.248572 0.415725 
