34775 -0.333182 -0.250077 
34776 -0.333424 -0.0832382 
34777 -0.333337 0.0833805 
34778 -0.333374 0.250015 
34779 -0.333322 0.416639 
34780 -0.166737 -0.249973 
34781 -0.166682 -0.0832656 
34782 -0.166793 0.0833719 
34783 -0.166593 0.249949 
34784 -0.166687 0.416808 
34785 -9.80369e-05 -0.249967 
34786 -9.16013e-05 -0.0834025 
34787 -9.91188e-05 0.0833054 
34788 9.89042e-05 0.250016 
34789 -1.41395e-05 0.416788 
34790 0.166707 -0.250055 
34791 0.166673 -0.0833568 
34792 0.166705 0.0833189 
34793 0.166658 0.250049 
34794 0.1667 0.416622 
34795 0.333183 -0.250015 
34796 0.333316 -0.0833908 
34797 0.333293 0.0833266 
34798 0.333311 0.250115 
34799 0.333226 0.416837 
34800 -0.335088 -0.24642 
34801 -0.335095 -0.0805622 
34802 -0.335404 0.0853816 
34803 -0.335535 0.251263 
34804 -0.335659 0.417626 
34805 -0.169153 -0.246051 
34806 -0.169024 -0.0804851 
34807 -0.169244 0.0853387 
34808 -0.169351 0.251413 
34809 -0.169543 0.41751 
34810 -0.00323616 -0.246088 
34811 -0.00333031 -0.0804118 
34812 -0.00338956 0.0856139 
34813 -0.00350801 0.251342 
34814 -0.00343647 0.417636 
34815 0.162438 -0.245901 
34816 0.162443 -0.0803522 
34817 0.162406 0.0854043 
34818 0.162366 0.251207 
34819 0.162473 0.417323 
34820 0.327855 -0.245828 
34821 0.327856 -0.0802932 
34822 0.328122 0.0852793 
34823 0.328102 0.251184 
34824 0.328201 0.417155 
34825 -0.336598 -0.242634 
34826 -0.336921 -0.0777114 
34827 -0.337246 0.0873265 
34828 -0.33759 0.253034 
34829 -0.338075 0.418584 
34830 -0.171488 -0.242375 
34831 -0.171662 -0.077659 
34832 -0.171776 0.0874534 
34833 -0.172131 0.252926 
34834 -0.172413 0.418465 
34835 -0.00641403 -0.242165 
34836 -0.00656303 -0.0774841 
34837 -0.00655571 0.0874368 
34838 -0.00679472 0.252735 
34839 -0.00682838 0.418292 
34840 0.15805 -0.241955 
34841 0.158178 -0.0772625 
34842 0.158159 0.0873484 
34843 0.158202 0.252566 
34844 0.158241 0.418061 
34845 0.322355 -0.241782 
34846 0.322477 -0.0771738 
34847 0.322766 0.0875114 
34848 0.323034 0.252462 
34849 0.323189 0.417765 
34850 -0.338185 -0.239006 
34851 -0.338767 -0.0749639 
34852 -0.339246 0.0894398 
34853 -0.339787 0.254368 
34854 -0.340165 0.419844 
34855 -0.173825 -0.23864 
34856 -0.174126 -0.0748428 
34857 -0.174456 0.0895604 
34858 -0.174742 0.25417 
34859 -0.1751 0.41932 
34860 -0.00988248 -0.238299 
34861 -0.00994653 -0.0746975 
34862 -0.0101116 0.0893899 
34863 -0.0102306 0.254009 
34864 -0.0102833 0.418846 
34865 0.153577 -0.237985 
34866 0.153828 -0.0743473 
34867 0.154063 0.0895194 
34868 0.154126 0.253744 
34869 0.154319 0.418535 
34870 0.316936 -0.237533 
34871 0.317276 -0.0742844 
34872 0.317444 0.0894477 
34873 0.318001 0.253557 
34874 0.318213 0.417948 
34875 -0.339815 -0.235414 
34876 -0.340585 -0.0722265 
34877 -0.341193 0.0917026 
34878 -0.341876 0.256032 
34879 -0.342373 0.420894 
34880 -0.176306 -0.234951 
34881 -0.17678 -0.0719442 
34882 -0.176962 0.0916215 
34883 -0.177389 0.255668 
34884 -0.177796 0.420162 
34885 -0.0133141 -0.234379 
34886 -0.0132223 -0.0717004 
34887 -0.0133453 0.0914674 
34888 -0.0134774 0.255272 
34889 -0.0135269 0.41975 
34890 0.149456 -0.234081 
34891 0.149631 -0.0715155 
34892 0.149804 0.0912831 
34893 0.150025 0.254983 
34894 0.150159 0.419015 
34895 0.311384 -0.233756 
34896 0.311901 -0.0714386 
34897 0.31238 0.0913717 
34898 0.312805 0.254637 
34899 0.313433 0.418487 
34900 -0.341777 -0.231769 
34901 -0.342481 -0.0693342 
34902 -0.343124 0.0936919 
34903 -0.343937 0.257496 
34904 -0.344548 0.421968 
34905 -0.178824 -0.231152 
34906 -0.179063 -0.0691943 
34907 -0.179533 0.0935822 
34908 -0.179988 0.257156 
34909 -0.180312 0.421282 
34910 -0.0165833 -0.230763 
34911 -0.0164958 -0.0689493 
34912 -0.0164989 0.0935446 
34913 -0.0166351 0.256514 
34914 -0.0167386 0.420315 
34915 0.145232 -0.230435 
34916 0.145308 -0.0688889 
34917 0.145634 0.0932785 
34918 0.145974 0.256078 
34919 0.146388 0.419468 
34920 0.305989 -0.229685 
34921 0.306773 -0.0687574 
34922 0.307341 0.0931667 
34923 0.307961 0.255644 
34924 0.308636 0.418618 
34925 -0.343438 -0.228097 
34926 -0.34416 -0.0664079 
34927 -0.345105 0.095922 
34928 -0.345993 0.259069 
34929 -0.346833 0.423233 
34930 -0.181249 -0.227549 
34931 -0.181602 -0.0663756 
34932 -0.182071 0.0956857 
34933 -0.182447 0.258413 
34934 -0.182886 0.422157 
34935 -0.0198038 -0.227154 
34936 -0.0198096 -0.0663216 
34937 -0.0198227 0.0953043 
34938 -0.0197389 0.257819 
34939 -0.0198328 0.421091 
34940 0.140792 -0.226511 
34941 0.141242 -0.0661126 
34942 0.141464 0.0949959 
34943 0.141976 0.25715 
34944 0.142454 0.41997 
34945 0.300564 -0.22607 
34946 0.301477 -0.0659232 
34947 0.302331 0.0948212 
34948 0.303179 0.256505 
34949 0.303872 0.419025 
34950 -0.345265 -0.224621 
34951 -0.346062 -0.0637495 
34952 -0.346981 0.0979649 
34953 -0.347821 0.260665 
34954 -0.348751 0.424326 
34955 -0.18372 -0.224023 
34956 -0.183984 -0.063797 
34957 -0.184553 0.0975056 
34958 -0.184847 0.259799 
34959 -0.185402 0.422943 
34960 -0.0232581 -0.22339 
34961 -0.0230935 -0.0636212 
34962 -0.0229864 0.0971108 
34963 -0.0230741 0.259029 
34964 -0.0228156 0.421777 
34965 0.136373 -0.222901 
34966 0.137057 -0.0634531 
34967 0.1377 0.0969045 
34968 0.138101 0.258285 
34969 0.138706 0.420455 
34970 0.295409 -0.222267 
34971 0.296192 -0.063369 
34972 0.297241 0.0964618 
34973 0.298336 0.25724 
34974 0.299306 0.419187 
34975 -0.347082 -0.220909 
34976 -0.348008 -0.0609314 
34977 -0.34891 0.0999827 
34978 -0.349955 0.262213 
34979 -0.350767 0.425478 
34980 -0.186319 -0.220311 
34981 -0.186729 -0.0610762 
34982 -0.187096 0.0994542 
34983 -0.187494 0.261195 
34984 -0.187809 0.423886 
34985 -0.0264428 -0.219845 
34986 -0.0264584 -0.0609663 
34987 -0.0262855 0.0990525 
34988 -0.0260141 0.260252 
34989 -0.0259208 0.42234 
34990 0.132293 -0.219387 
34991 0.132803 -0.060913 
34992 0.133667 0.0986351 
34993 0.134211 0.259114 
34994 0.134977 0.420754 
34995 0.289967 -0.218835 
34996 0.291293 -0.0609691 
34997 0.292472 0.0981503 
34998 0.293686 0.258187 
34999 0.294784 0.419225 
35000 -0.349056 -0.217372 
35001 -0.349834 -0.0582087 
35002 -0.350802 0.102188 
35003 -0.351674 0.263686 
35004 -0.352694 0.42656 
35005 -0.18896 -0.216904 
35006 -0.189188 -0.0582559 
35007 -0.189558 0.101528 
35008 -0.189697 0.262475 
35009 -0.190233 0.424689 
35010 -0.0300221 -0.216468 
35011 -0.0297117 -0.0583683 
35012 -0.0293245 0.100816 
35013 -0.0291301 0.261303 
35014 -0.0288954 0.422925 
35015 0.127807 -0.215995 
35016 0.128736 -0.0584141 
35017 0.129594 0.100171 
35018 0.130461 0.259937 
35019 0.131282 0.421096 
35020 0.28473 -0.215535 
35021 0.286048 -0.0585328 
35022 0.287451 0.0996093 
35023 0.288923 0.258777 
35024 0.290417 0.419311 
35025 -0.350894 -0.21396 
35026 -0.351742 -0.0554621 
35027 -0.352786 0.104188 
35028 -0.353861 0.26519 
35029 -0.354688 0.42782 
35030 -0.191385 -0.213439 
35031 -0.191671 -0.0557343 
35032 -0.192105 0.103453 
35033 -0.19223 0.263846 
35034 -0.192426 0.425477 
35035 -0.0332412 -0.213102 
35036 -0.03295 -0.0558695 
35037 -0.0326618 0.102457 
35038 -0.0321006 0.262297 
35039 -0.0317816 0.423385 
35040 0.123608 -0.212663 
35041 0.124669 -0.0560574 
35042 0.125623 0.101646 
35043 0.12672 0.260924 
35044 0.127757 0.421457 
35045 0.279478 -0.212207 
35046 0.280975 -0.0562115 
35047 0.282736 0.10101 
35048 0.284346 0.259467 
35049 0.285982 0.419198 
35050 -0.352848 -0.210444 
35051 -0.353748 -0.0528232 
35052 -0.354605 0.106399 
35053 -0.355449 0.266781 
35054 -0.356464 0.428796 
35055 -0.194001 -0.210145 
35056 -0.194343 -0.0531838 
35057 -0.194499 0.105271 
35058 -0.194567 0.265118 
35059 -0.194833 0.426279 
35060 -0.0365153 -0.20978 
35061 -0.0361771 -0.0535058 
35062 -0.0356613 0.104237 
35063 -0.0350902 0.263377 
35064 -0.034505 0.423882 
35065 0.119458 -0.209486 
35066 0.120613 -0.0538014 
35067 0.121827 0.103185 
35068 0.123105 0.261579 
35069 0.124173 0.421497 
35070 0.274192 -0.208937 
35071 0.276087 -0.0540031 
35072 0.277738 0.102275 
35073 0.279846 0.260063 
35074 0.281675 0.419123 
35075 -0.354874 -0.207056 
35076 -0.355787 -0.0501459 
35077 -0.356511 0.108321 
35078 -0.357278 0.268421 
35079 -0.358271 0.429906 
35080 -0.196723 -0.20682 
35081 -0.196765 -0.0507648 
35082 -0.196942 0.107133 
35083 -0.196892 0.266298 
35084 -0.196986 0.427057 
35085 -0.0400919 -0.206667 
35086 -0.0394661 -0.0511147 
35087 -0.0386812 0.105888 
35088 -0.0380297 0.264287 
35089 -0.0373604 0.424432 
35090 0.11501 -0.206441 
35091 0.11638 -0.0517493 
35092 0.117914 0.104548 
35093 0.119281 0.26229 
35094 0.120811 0.421704 
35095 0.268832 -0.206073 
35096 0.271074 -0.0520191 
35097 0.273114 0.103366 
35098 0.275193 0.26039 
35099 0.277473 0.418834 
35100 -0.356916 -0.203834 
35101 -0.357562 -0.0475506 
35102 -0.358525 0.110237 
35103 -0.359131 0.269708 
35104 -0.359867 0.43079 
35105 -0.199293 -0.203581 
35106 -0.199367 -0.0482025 
35107 -0.19931 0.108734 
35108 -0.199183 0.26746 
35109 -0.199197 0.427731 
35110 -0.0434827 -0.20344 
35111 -0.0426889 -0.0489023 
35112 -0.0418266 0.107201 
35113 -0.0410195 0.265207 
35114 -0.0401571 0.424579 
35115 0.110903 -0.203369 
35116 0.112463 -0.0495391 
35117 0.113994 0.106036 
35118 0.115799 0.262863 
35119 0.117428 0.421392 
35120 0.263621 -0.203308 
35121 0.26596 -0.0502156 
35122 0.268481 0.104594 
35123 0.270866 0.260709 
35124 0.273247 0.418551 
35125 -0.358866 -0.200589 
35126 -0.359615 -0.0449771 
35127 -0.360237 0.112197 
35128 -0.36098 0.271135 
35129 -0.361545 0.431891 
35130 -0.201937 -0.200558 
35131 -0.201865 -0.0460084 
35132 -0.201667 0.110475 
35133 -0.2015 0.268433 
35134 -0.201387 0.42818 
35135 -0.046833 -0.200553 
35136 -0.045805 -0.0467218 
35137 -0.0448715 0.108797 
35138 -0.0436499 0.265869 
35139 -0.0427714 0.424746 
35140 0.106686 -0.200518 
35141 0.108341 -0.0476048 
35142 0.1103 0.107047 
35143 0.112127 0.263392 
35144 0.114097 0.421478 
35145 0.258353 -0.200498 
35146 0.261033 -0.0482901 
35147 0.26374 0.105505 
35148 0.266346 0.26081 
35149 0.269231 0.418099 
35150 -0.360986 -0.197265 
35151 -0.361565 -0.0425315 
35152 -0.362163 0.114122 
35153 -0.362669 0.27245 
35154 -0.363291 0.432745 
35155 -0.204757 -0.197427 
35156 -0.204454 -0.0436982 
35157 -0.2041 0.112095 
35158 -0.203778 0.269539 
35159 -0.203342 0.428733 
35160 -0.0503827 -0.197453 
35161 -0.0491521 -0.0446391 
35162 -0.0478531 0.110208 
35163 -0.046518 0.266771 
35164 -0.0453231 0.425031 
35165 0.102261 -0.197729 
35166 0.104506 -0.0457614 
35167 0.106525 0.108176 
35168 0.108645 0.263924 
35169 0.110736 0.421257 
35170 0.253172 -0.197853 
35171 0.256049 -0.0466512 
35172 0.259153 0.106358 
35173 0.262101 0.261018 
35174 0.265126 0.417419 
35175 -0.36321 -0.194134 
35176 -0.363564 -0.0400558 
35177 -0.363953 0.116013 
35178 -0.364395 0.273821 
35179 -0.364874 0.433635 
35180 -0.207498 -0.194648 
35181 -0.206929 -0.0412676 
35182 -0.206435 0.113607 
35183 -0.206022 0.270457 
35184 -0.20523 0.429356 
35185 -0.0537951 -0.19481 
35186 -0.0522866 -0.0426846 
35187 -0.0509134 0.111369 
35188 -0.04945 0.267185 
35189 -0.0479173 0.425092 
35190 0.0980482 -0.195148 
35191 0.100344 -0.0437883 
35192 0.102778 0.109027 
35193 0.105139 0.264162 
35194 0.107528 0.420889 
35195 0.248024 -0.195385 
35196 0.251294 -0.0451606 
35197 0.254427 0.106847 
35198 0.257665 0.260938 
35199 0.2612 0.416825 
35200 -0.365228 -0.191102 
35201 -0.36557 -0.0376584 
35202 -0.365849 0.117569 
35203 -0.366075 0.275042 
35204 -0.366429 0.434423 
35205 -0.210226 -0.19159 
35206 -0.209549 -0.0393793 
35207 -0.208823 0.115055 
35208 -0.208167 0.271346 
35209 -0.207423 0.429619 
35210 -0.0572788 -0.192102 
35211 -0.0556528 -0.0408341 
35212 -0.0539285 0.112332 
35213 -0.0522286 0.267938 
35214 -0.0504629 0.425031 
35215 0.0937471 -0.192653 
35216 0.0963438 -0.0421878 
35217 0.0989636 0.110142 
35218 0.101667 0.264151 
35219 0.104328 0.42053 
35220 0.242909 -0.19313 
35221 0.246399 -0.0436134 
35222 0.24981 0.107562 
35223 0.253475 0.260797 
35224 0.257065 0.415912 
35225 -0.367435 -0.188149 
35226 -0.36758 -0.035445 
35227 -0.367652 0.119597 
35228 -0.367736 0.276252 
35229 -0.368045 0.435045 
35230 -0.212947 -0.188899 
35231 -0.2121 -0.0371832 
35232 -0.211155 0.116594 
35233 -0.2103 0.272167 
35234 -0.209276 0.430025 
35235 -0.0606797 -0.189499 
35236 -0.0588657 -0.0387969 
35237 -0.0569013 0.113658 
35238 -0.0548598 0.268439 
35239 -0.052946 0.425032 
35240 0.089484 -0.190205 
35241 0.0923308 -0.0406185 
35242 0.0953246 0.11094 
35243 0.0983063 0.264477 
35244 0.101168 0.419939 
35245 0.237728 -0.190897 
35246 0.241439 -0.0422883 
35247 0.245262 0.108129 
35248 0.249347 0.260563 
35249 0.253155 0.414927 
35250 -0.369756 -0.185317 
35251 -0.369555 -0.0332774 
35252 -0.369478 0.120939 
35253 -0.36941 0.277328 
35254 -0.369408 0.435653 
35255 -0.215669 -0.186172 
35256 -0.214575 -0.0352036 
35257 -0.213567 0.117765 
35258 -0.212247 0.272958 
35259 -0.211246 0.430144 
35260 -0.0641333 -0.187122 
35261 -0.0620122 -0.0372428 
35262 -0.0598532 0.114641 
35263 -0.0575707 0.268669 
35264 -0.0553713 0.424792 
35265 0.0852259 -0.188008 
35266 0.0884526 -0.0392018 
35267 0.0916346 0.111673 
35268 0.0948336 0.264378 
35269 0.0981367 0.419451 
35270 0.232661 -0.188729 
35271 0.236799 -0.0409865 
35272 0.240855 0.108624 
35273 0.24515 0.260278 
35274 0.249255 0.413908 
