34825 -0.333282 -0.249995 
34826 -0.333275 -0.0832434 
34827 -0.333279 0.0833953 
34828 -0.333357 0.250037 
34829 -0.33318 0.416613 
34830 -0.166642 -0.249949 
34831 -0.166603 -0.0833579 
34832 -0.16671 0.0834278 
34833 -0.166676 0.249951 
34834 -0.166618 0.416641 
34835 5.38215e-05 -0.250051 
34836 1.79932e-07 -0.0832958 
34837 3.36064e-05 0.0833043 
34838 -7.89804e-05 0.249945 
34839 0.00014789 0.416674 
34840 0.16679 -0.250027 
34841 0.16671 -0.0832755 
34842 0.166753 0.0833581 
34843 0.166662 0.25001 
34844 0.166611 0.416599 
34845 0.333311 -0.249927 
34846 0.333336 -0.0833037 
34847 0.333334 0.0833547 
34848 0.333304 0.249987 
34849 0.333218 0.416616 
34850 -0.33506 -0.246369 
34851 -0.335226 -0.0804177 
34852 -0.335277 0.085431 
34853 -0.335379 0.251596 
34854 -0.335572 0.417713 
34855 -0.169094 -0.246124 
34856 -0.169247 -0.0803951 
34857 -0.169259 0.0853908 
34858 -0.169382 0.251364 
34859 -0.169339 0.417504 
34860 -0.00344506 -0.246097 
34861 -0.00333314 -0.0803395 
34862 -0.00349077 0.0853581 
34863 -0.0032924 0.251314 
34864 -0.00335436 0.417471 
34865 0.16225 -0.245965 
34866 0.162377 -0.0804175 
34867 0.162466 0.0852845 
34868 0.162456 0.251281 
34869 0.162476 0.417346 
34870 0.327732 -0.245972 
34871 0.327792 -0.0802277 
34872 0.328026 0.085406 
34873 0.32824 0.251076 
34874 0.328266 0.416954 
34875 -0.336706 -0.242674 
34876 -0.336869 -0.0777586 
34877 -0.337224 0.087673 
34878 -0.337523 0.253083 
34879 -0.337777 0.418821 
34880 -0.171522 -0.242246 
34881 -0.171751 -0.0775426 
34882 -0.171829 0.0875394 
34883 -0.171864 0.252796 
34884 -0.172013 0.418334 
34885 -0.00665417 -0.242156 
34886 -0.00671994 -0.0775115 
34887 -0.00650543 0.0874034 
34888 -0.0067524 0.252643 
34889 -0.00662504 0.418037 
34890 0.157886 -0.242058 
34891 0.158071 -0.0775361 
34892 0.158252 0.0873085 
34893 0.158202 0.252329 
34894 0.158525 0.417783 
34895 0.322138 -0.241833 
34896 0.322619 -0.0774643 
34897 0.322812 0.0871771 
34898 0.322985 0.252253 
34899 0.323333 0.417445 
34900 -0.338588 -0.238873 
34901 -0.338842 -0.0748007 
34902 -0.339372 0.0896462 
34903 -0.339542 0.25446 
34904 -0.340019 0.419853 
34905 -0.174084 -0.238557 
34906 -0.174317 -0.074692 
34907 -0.17438 0.0895418 
34908 -0.174532 0.254143 
34909 -0.174754 0.419356 
34910 -0.0100448 -0.238417 
34911 -0.0100658 -0.0746037 
34912 -0.00991224 0.0894713 
34913 -0.00997436 0.25389 
34914 -0.0100536 0.418774 
34915 0.153452 -0.238076 
34916 0.153738 -0.0747429 
34917 0.153996 0.0891248 
34918 0.154261 0.253459 
34919 0.154576 0.418198 
34920 0.31663 -0.237974 
34921 0.317094 -0.0746171 
34922 0.317779 0.0890357 
34923 0.31796 0.253258 
34924 0.318588 0.417763 
34925 -0.340276 -0.235231 
34926 -0.340729 -0.0720248 
34927 -0.341196 0.0917413 
34928 -0.341586 0.256171 
34929 -0.341991 0.421019 
34930 -0.176574 -0.235023 
34931 -0.176695 -0.0719408 
34932 -0.176859 0.0916476 
34933 -0.177212 0.255639 
34934 -0.17731 0.420215 
34935 -0.0134489 -0.234578 
34936 -0.0134061 -0.0719781 
34937 -0.0132727 0.0912059 
34938 -0.0130664 0.255188 
34939 -0.0130249 0.419383 
34940 0.149091 -0.234373 
34941 0.149495 -0.0719589 
34942 0.149871 0.0910942 
34943 0.150293 0.254555 
34944 0.150628 0.418709 
34945 0.311118 -0.234089 
34946 0.311755 -0.0718185 
34947 0.312358 0.0908094 
34948 0.313222 0.25414 
34949 0.313839 0.417938 
34950 -0.341904 -0.231588 
34951 -0.342567 -0.0691762 
34952 -0.343129 0.0939029 
34953 -0.343584 0.257614 
34954 -0.344109 0.422221 
34955 -0.179117 -0.231261 
34956 -0.17931 -0.0691735 
34957 -0.179479 0.0936312 
34958 -0.179589 0.256895 
34959 -0.179676 0.42116 
34960 -0.0169534 -0.230934 
34961 -0.0166169 -0.06926 
34962 -0.0165104 0.0932338 
34963 -0.0163536 0.256331 
34964 -0.0161675 0.420123 
34965 0.144733 -0.230706 
34966 0.145234 -0.069256 
34967 0.145865 0.0928395 
34968 0.146268 0.255629 
34969 0.146714 0.419066 
34970 0.305664 -0.230378 
34971 0.306412 -0.0693468 
34972 0.307468 0.0924009 
34973 0.308364 0.254802 
34974 0.309161 0.417924 
34975 -0.343876 -0.227913 
34976 -0.344491 -0.0663837 
34977 -0.344988 0.0960229 
34978 -0.345675 0.259202 
34979 -0.346199 0.423437 
34980 -0.181684 -0.22776 
34981 -0.18183 -0.0664374 
34982 -0.181942 0.0954186 
34983 -0.181875 0.258549 
34984 -0.182539 0.422108 
34985 -0.0202825 -0.227384 
34986 -0.0200295 -0.066571 
34987 -0.0197364 0.0949884 
34988 -0.0195257 0.257367 
34989 -0.0191579 0.420653 
34990 0.140329 -0.227162 
34991 0.141001 -0.0666669 
34992 0.14169 0.0945282 
34993 0.142293 0.256579 
34994 0.143068 0.419404 
34995 0.30029 -0.226938 
34996 0.301322 -0.0667409 
34997 0.302225 0.0940638 
34998 0.303525 0.255699 
34999 0.304496 0.4182 
35000 -0.345776 -0.224394 
35001 -0.346233 -0.0635526 
35002 -0.346859 0.0979456 
35003 -0.34753 0.260939 
35004 -0.347999 0.424466 
35005 -0.184244 -0.224162 
35006 -0.184253 -0.0636197 
35007 -0.184463 0.0974701 
35008 -0.184441 0.259755 
35009 -0.184673 0.42284 
35010 -0.0236316 -0.223794 
35011 -0.0232466 -0.0639396 
35012 -0.0228888 0.0969032 
35013 -0.0225761 0.258503 
35014 -0.0221001 0.421259 
35015 0.136063 -0.223563 
35016 0.136908 -0.0641761 
35017 0.137879 0.0962303 
35018 0.138549 0.257434 
35019 0.139425 0.419743 
35020 0.294855 -0.22338 
35021 0.296162 -0.0642869 
35022 0.297496 0.095512 
35023 0.298633 0.256281 
35024 0.300154 0.418029 
35025 -0.347549 -0.220698 
35026 -0.348189 -0.0608255 
35027 -0.348722 0.100252 
35028 -0.349398 0.262437 
35029 -0.34995 0.425447 
35030 -0.18695 -0.220554 
35031 -0.186779 -0.0610785 
35032 -0.186769 0.0993901 
35033 -0.187004 0.260969 
35034 -0.187107 0.423622 
35035 -0.0270307 -0.220357 
35036 -0.0265364 -0.0614491 
35037 -0.0261754 0.0986347 
35038 -0.0254544 0.259452 
35039 -0.0250872 0.421794 
35040 0.131708 -0.220103 
35041 0.132658 -0.0616816 
35042 0.133725 0.0977538 
35043 0.134657 0.258276 
35044 0.13567 0.41981 
35045 0.289544 -0.220152 
35046 0.290808 -0.0620531 
35047 0.292347 0.0968093 
35048 0.294 0.256859 
35049 0.295411 0.418032 
35050 -0.349638 -0.217232 
35051 -0.350145 -0.0580156 
35052 -0.350763 0.102317 
35053 -0.351155 0.263953 
35054 -0.351689 0.426657 
35055 -0.189478 -0.21716 
35056 -0.189422 -0.0585157 
35057 -0.189337 0.101346 
35058 -0.189252 0.262248 
35059 -0.189327 0.424372 
35060 -0.0305838 -0.21702 
35061 -0.029892 -0.0589948 
35062 -0.029241 0.100223 
35063 -0.0285082 0.260671 
35064 -0.0279239 0.42211 
35065 0.127299 -0.21692 
35066 0.128614 -0.0593482 
35067 0.129836 0.0992661 
35068 0.131005 0.25898 
35069 0.132219 0.420002 
35070 0.284149 -0.216871 
35071 0.28584 -0.0599775 
35072 0.287543 0.0981497 
35073 0.289407 0.257418 
35074 0.291195 0.417853 
35075 -0.351538 -0.213936 
35076 -0.352041 -0.0553586 
35077 -0.352538 0.104182 
35078 -0.352959 0.265248 
35079 -0.353599 0.427603 
35080 -0.192159 -0.213828 
35081 -0.191966 -0.0560586 
35082 -0.191826 0.103089 
35083 -0.191704 0.263503 
35084 -0.19171 0.425086 
35085 -0.0338596 -0.213856 
35086 -0.033234 -0.056684 
35087 -0.0322873 0.101762 
35088 -0.0315594 0.261608 
35089 -0.0308023 0.422645 
35090 0.122943 -0.21385 
35091 0.12449 -0.0572678 
35092 0.125668 0.100513 
35093 0.127331 0.259708 
35094 0.128689 0.420007 
35095 0.278726 -0.213788 
35096 0.280675 -0.0578404 
35097 0.282766 0.0993048 
35098 0.284845 0.257774 
35099 0.286966 0.417413 
35100 -0.35365 -0.210606 
35101 -0.353993 -0.0528496 
35102 -0.354412 0.106229 
35103 -0.354769 0.266742 
35104 -0.355284 0.428651 
35105 -0.194878 -0.210654 
35106 -0.194641 -0.0536931 
35107 -0.194205 0.104956 
35108 -0.193908 0.264495 
35109 -0.193751 0.425831 
35110 -0.0372735 -0.210697 
35111 -0.0365793 -0.0543785 
35112 -0.0354562 0.103297 
35113 -0.0344826 0.262421 
35114 -0.0334218 0.422789 
35115 0.118697 -0.210671 
35116 0.120337 -0.0551167 
35117 0.121963 0.101911 
35118 0.123717 0.260335 
35119 0.125243 0.420072 
35120 0.273456 -0.210786 
35121 0.275726 -0.0559482 
35122 0.277965 0.100529 
35123 0.280229 0.258132 
35124 0.282802 0.417228 
35125 -0.355511 -0.207226 
35126 -0.356115 -0.0501565 
35127 -0.356322 0.108331 
35128 -0.356594 0.268216 
35129 -0.356935 0.429605 
35130 -0.197527 -0.207381 
35131 -0.196932 -0.0511978 
35132 -0.196689 0.10636 
35133 -0.196153 0.265678 
35134 -0.195798 0.426334 
35135 -0.0409476 -0.207553 
35136 -0.0398097 -0.0521162 
35137 -0.0384724 0.104673 
35138 -0.0374358 0.263267 
35139 -0.036215 0.423026 
35140 0.114233 -0.207823 
35141 0.116203 -0.0532467 
35142 0.118049 0.102975 
35143 0.119898 0.260726 
35144 0.121782 0.419884 
35145 0.268107 -0.208035 
35146 0.270611 -0.0539861 
35147 0.273209 0.101503 
35148 0.275781 0.258225 
35149 0.278376 0.41668 
35150 -0.357749 -0.20402 
35151 -0.357989 -0.0475726 
35152 -0.358124 0.110107 
35153 -0.35834 0.269428 
35154 -0.358577 0.430532 
35155 -0.200174 -0.204236 
35156 -0.199717 -0.0489595 
35157 -0.199064 0.108178 
35158 -0.198528 0.266668 
35159 -0.197927 0.426837 
35160 -0.0443175 -0.204663 
35161 -0.0430291 -0.0500804 
35162 -0.0415562 0.106148 
35163 -0.0402312 0.263943 
35164 -0.0388717 0.423233 
35165 0.110082 -0.205117 
35166 0.11207 -0.0512458 
35167 0.114295 0.104135 
35168 0.116383 0.261105 
35169 0.118616 0.419654 
35170 0.262833 -0.205288 
35171 0.265677 -0.0522799 
35172 0.268437 0.10236 
35173 0.271422 0.25841 
35174 0.274349 0.416046 
35175 -0.359886 -0.200737 
35176 -0.359866 -0.0452486 
35177 -0.359913 0.11202 
35178 -0.359951 0.270935 
35179 -0.360299 0.431366 
35180 -0.203077 -0.201239 
35181 -0.202368 -0.0464185 
35182 -0.201469 0.109644 
35183 -0.200741 0.267642 
35184 -0.199917 0.427306 
35185 -0.0478657 -0.201858 
35186 -0.0462163 -0.0480368 
35187 -0.0446547 0.107374 
35188 -0.0432103 0.264467 
35189 -0.0413902 0.423344 
35190 0.105694 -0.202321 
35191 0.108048 -0.0493158 
35192 0.110482 0.105189 
35193 0.112747 0.261225 
35194 0.115222 0.419358 
35195 0.257322 -0.202882 
35196 0.260568 -0.0506962 
35197 0.263743 0.103111 
35198 0.267007 0.258327 
35199 0.270213 0.415402 
35200 -0.362114 -0.197631 
35201 -0.361838 -0.0429403 
35202 -0.3618 0.11368 
35203 -0.361801 0.272017 
35204 -0.361765 0.43203 
35205 -0.205758 -0.198358 
35206 -0.204784 -0.0444824 
35207 -0.203731 0.111128 
35208 -0.202919 0.268543 
35209 -0.201881 0.427613 
35210 -0.0512478 -0.198986 
35211 -0.0493192 -0.0461062 
35212 -0.047707 0.108622 
35213 -0.0458704 0.264984 
35214 -0.0439797 0.423267 
35215 0.10137 -0.199867 
35216 0.103968 -0.047615 
35217 0.106728 0.106211 
35218 0.109252 0.261551 
35219 0.112139 0.418841 
35220 0.25215 -0.200451 
35221 0.255798 -0.0491965 
35222 0.259032 0.103611 
35223 0.262764 0.258268 
35224 0.266157 0.414403 
35225 -0.36403 -0.194634 
35226 -0.363915 -0.0405765 
35227 -0.363846 0.115377 
35228 -0.363527 0.273187 
35229 -0.363139 0.432814 
35230 -0.208458 -0.195646 
35231 -0.207458 -0.0423558 
35232 -0.206153 0.112593 
35233 -0.205143 0.269278 
35234 -0.203907 0.427988 
35235 -0.0547981 -0.196492 
35236 -0.0527216 -0.0442707 
35237 -0.0506951 0.10977 
35238 -0.048774 0.265612 
35239 -0.0464767 0.423179 
35240 0.0970219 -0.197338 
35241 0.100108 -0.0461191 
35242 0.102896 0.106889 
35243 0.105889 0.261667 
35244 0.108822 0.418311 
35245 0.247166 -0.19821 
35246 0.250802 -0.0479259 
35247 0.254499 0.104252 
35248 0.258309 0.257883 
35249 0.262244 0.413564 
35250 -0.366426 -0.191756 
35251 -0.366177 -0.03837 
35252 -0.36548 0.117037 
35253 -0.365129 0.274374 
35254 -0.364699 0.433543 
35255 -0.211225 -0.192825 
35256 -0.209895 -0.0404488 
35257 -0.208639 0.113772 
35258 -0.207204 0.269976 
35259 -0.205691 0.428132 
35260 -0.058346 -0.193977 
35261 -0.0559808 -0.0425391 
35262 -0.0536443 0.110762 
35263 -0.0513532 0.265789 
35264 -0.048887 0.422877 
35265 0.0927215 -0.19504 
35266 0.0960402 -0.0444691 
35267 0.099174 0.107626 
35268 0.102338 0.261832 
35269 0.105671 0.417689 
35270 0.241712 -0.196141 
35271 0.245937 -0.0465539 
35272 0.249978 0.104541 
35273 0.254113 0.257679 
35274 0.258207 0.412569 
35275 -0.368608 -0.188931 
35276 -0.36796 -0.0361742 
35277 -0.367302 0.118608 
35278 -0.366688 0.275414 
35279 -0.366077 0.434166 
35280 -0.214106 -0.190167 
35281 -0.212538 -0.0385898 
35282 -0.210945 0.115152 
35283 -0.209369 0.270671 
35284 -0.207696 0.428221 
35285 -0.0618695 -0.191529 
35286 -0.059157 -0.040968 
35287 -0.0566281 0.111675 
35288 -0.0540528 0.266099 
35289 -0.0514428 0.422481 
35290 0.0886248 -0.192777 
35291 0.0919706 -0.0433254 
35292 0.0954427 0.108297 
35293 0.0990486 0.261518 
35294 0.102597 0.416958 
35295 0.236647 -0.194181 
35296 0.241075 -0.045686 
35297 0.245279 0.104895 
35298 0.249895 0.257077 
35299 0.254424 0.411431 
35300 -0.370996 -0.186068 
35301 -0.370083 -0.0340224 
35302 -0.369243 0.120071 
35303 -0.368282 0.276238 
35304 -0.367468 0.434539 
35305 -0.217091 -0.187757 
35306 -0.215059 -0.0367332 
35307 -0.213207 0.116118 
35308 -0.211453 0.271193 
35309 -0.209447 0.428298 
35310 -0.065317 -0.189343 
35311 -0.0624841 -0.0394803 
35312 -0.0596643 0.112313 
35313 -0.0567878 0.266159 
35314 -0.0538297 0.422181 
35315 0.0842125 -0.190775 
35316 0.0881174 -0.0421374 
35317 0.0917786 0.108693 
35318 0.095609 0.261347 
35319 0.0995224 0.415922 
35320 0.231452 -0.192211 
35321 0.236191 -0.0445378 
35322 0.240857 0.105039 
35323 0.245671 0.256465 
35324 0.250582 0.409938 
