2800 -0.333023 -0.21637 
2801 -0.333453 -0.0162929 
2802 -0.333236 0.183232 
2803 -0.332997 0.383749 
2804 -0.166447 -0.216891 
2805 -0.166651 -0.0161917 
2806 -0.16664 0.183494 
2807 -0.166659 0.383023 
2808 -0.000445026 -0.216686 
2809 0.000424405 -0.0163997 
2810 0.000488385 0.183527 
2811 3.55463e-05 0.383292 
2812 0.166352 -0.216222 
2813 0.16636 -0.0168287 
2814 0.166911 0.183647 
2815 0.16712 0.38366 
2816 0.333164 -0.216321 
2817 0.333076 -0.016696 
2818 0.333698 0.183108 
2819 0.333099 0.38289 
2820 -0.323913 -0.1902 
2821 -0.324031 -0.00710519 
2822 -0.324766 0.176151 
2823 -0.324474 0.360142 
2824 -0.171515 -0.190583 
2825 -0.17097 -0.00776925 
2826 -0.171307 0.175639 
2827 -0.17115 0.359973 
2828 -0.0185633 -0.190496 
2829 -0.018794 -0.00784377 
2830 -0.0186668 0.175493 
2831 -0.0181508 0.359446 
2832 0.133744 -0.19073 
2833 0.134036 -0.00711645 
2834 0.133987 0.175571 
2835 0.133908 0.358549 
2836 0.285506 -0.190044 
2837 0.286563 -0.00789207 
2838 0.286165 0.175727 
2839 0.286649 0.358372 
2840 -0.317371 -0.167812 
2841 -0.316743 0.00101796 
2842 -0.317364 0.170815 
2843 -0.317473 0.340181 
2844 -0.175317 -0.167855 
2845 -0.175486 0.000761483 
2846 -0.175872 0.169957 
2847 -0.175435 0.339767 
2848 -0.0350239 -0.167972 
2849 -0.0346232 0.000813623 
2850 -0.0347312 0.170016 
2851 -0.0340535 0.338526 
2852 0.105173 -0.167665 
2853 0.105449 0.000978378 
2854 0.106469 0.169304 
2855 0.106476 0.338503 
2856 0.245876 -0.168018 
2857 0.246416 0.000687126 
2858 0.246801 0.169349 
2859 0.247236 0.337667 
2860 -0.311017 -0.148497 
2861 -0.311237 0.00899567 
2862 -0.311166 0.165536 
2863 -0.311379 0.324053 
2864 -0.179651 -0.148258 
2865 -0.17991 0.00836542 
2866 -0.179796 0.164939 
2867 -0.179908 0.32345 
2868 -0.048947 -0.148336 
2869 -0.0492314 0.00797523 
2870 -0.0484539 0.164416 
2871 -0.0479741 0.322136 
2872 0.0813492 -0.147976 
2873 0.0815333 0.00759171 
2874 0.082013 0.163883 
2875 0.0827129 0.321568 
2876 0.211062 -0.147744 
2877 0.210867 0.0075112 
2878 0.211889 0.163367 
2879 0.212505 0.320005 
2880 -0.306353 -0.130947 
2881 -0.30626 0.0149281 
2882 -0.30599 0.16224 
2883 -0.306472 0.310279 
2884 -0.183763 -0.131022 
2885 -0.183338 0.0149504 
2886 -0.182895 0.161968 
2887 -0.183368 0.308842 
2888 -0.0621031 -0.131668 
2889 -0.0614352 0.0147666 
2890 -0.0607449 0.16115 
2891 -0.0605331 0.307885 
2892 0.0594474 -0.131626 
2893 0.0602751 0.0147681 
2894 0.0610832 0.159875 
2895 0.0613344 0.306171 
2896 0.180054 -0.130667 
2897 0.18136 0.0135205 
2898 0.181608 0.159795 
2899 0.182941 0.305691 
2900 -0.302233 -0.116179 
2901 -0.302488 0.0212837 
2902 -0.302037 0.159976 
2903 -0.302579 0.298225 
2904 -0.187243 -0.115906 
2905 -0.186924 0.0214045 
2906 -0.187341 0.15857 
2907 -0.186993 0.296599 
2908 -0.0733136 -0.116153 
2909 -0.0730994 0.0211744 
2910 -0.0719988 0.158137 
2911 -0.0719085 0.294961 
2912 0.04023 -0.116341 
2913 0.0415845 0.0197921 
2914 0.0418334 0.156505 
2915 0.0421349 0.294435 
2916 0.153356 -0.116403 
2917 0.154117 0.0202108 
2918 0.154797 0.155924 
2919 0.156406 0.292622 
2920 -0.299566 -0.101475 
2921 -0.298876 0.027886 
2922 -0.299002 0.156822 
2923 -0.298754 0.287397 
2924 -0.190811 -0.102019 
2925 -0.190447 0.0267915 
2926 -0.190206 0.156018 
2927 -0.189831 0.286006 
2928 -0.0832454 -0.102712 
2929 -0.0825936 0.0260359 
2930 -0.0821662 0.155647 
2931 -0.081938 0.284677 
2932 0.0234582 -0.101935 
2933 0.0241265 0.0257493 
2934 0.0253079 0.154543 
2935 0.0259305 0.282847 
2936 0.129704 -0.102424 
2937 0.131112 0.0252005 
2938 0.131106 0.153619 
2939 0.132406 0.281475 
2940 -0.296801 -0.0898845 
2941 -0.296299 0.0324378 
2942 -0.296392 0.155204 
2943 -0.295897 0.278617 
2944 -0.194609 -0.0900313 
2945 -0.194452 0.0322806 
2946 -0.193804 0.153879 
2947 -0.192953 0.277023 
2948 -0.092891 -0.0895671 
2949 -0.0918218 0.0312264 
2950 -0.0911848 0.153409 
2951 -0.0912022 0.275384 
2952 0.00798594 -0.0898862 
2953 0.00887361 0.0309879 
2954 0.00980409 0.151654 
2955 0.0101154 0.273851 
2956 0.108358 -0.0902821 
2957 0.109298 0.0301554 
2958 0.109928 0.151263 
2959 0.111723 0.272434 
2960 -0.295242 -0.0777408 
2961 -0.29486 0.0377891 
2962 -0.294585 0.153885 
2963 -0.294191 0.270491 
2964 -0.197732 -0.0785138 
2965 -0.197746 0.0369881 
2966 -0.196614 0.152857 
2967 -0.19618 0.268914 
2968 -0.101602 -0.0787601 
2969 -0.100493 0.0360074 
2970 -0.099758 0.151296 
2971 -0.0993521 0.267693 
2972 -0.00622066 -0.0792503 
2973 -0.00475058 0.0351973 
2974 -0.00371611 0.150417 
2975 -0.00296953 0.265363 
2976 0.0885316 -0.0791949 
2977 0.0897655 0.0344377 
2978 0.0913004 0.149136 
2979 0.0924941 0.263385 
2980 -0.293328 -0.0670946 
2981 -0.292771 0.0424554 
2982 -0.29284 0.152328 
2983 -0.292307 0.263758 
2984 -0.201022 -0.0678391 
2985 -0.200345 0.0415668 
2986 -0.199742 0.151831 
2987 -0.199832 0.262202 
2988 -0.109939 -0.0686063 
2989 -0.108755 0.0407843 
2990 -0.107753 0.150101 
2991 -0.10752 0.260049 
2992 -0.0184412 -0.0685284 
2993 -0.0175416 0.0393159 
2994 -0.0166487 0.148343 
2995 -0.0158968 0.257898 
2996 0.0712614 -0.0695047 
2997 0.0727786 0.0387786 
2998 0.0734213 0.146814 
2999 0.0747116 0.256817 
3000 -0.292199 -0.0582609 
3001 -0.291438 0.0471293 
3002 -0.291539 0.151593 
3003 -0.290492 0.257942 
3004 -0.203777 -0.0582049 
3005 -0.203349 0.0452159 
3006 -0.202619 0.150543 
3007 -0.202105 0.255604 
3008 -0.117335 -0.059548 
3009 -0.116038 0.0448275 
3010 -0.1152 0.148384 
3011 -0.11443 0.253872 
3012 -0.0303223 -0.0594167 
3013 -0.0299318 0.0437262 
3014 -0.0279741 0.146921 
3015 -0.0278007 0.251893 
3016 0.054557 -0.0606873 
3017 0.0560744 0.0425021 
3018 0.0571289 0.145471 
3019 0.0587827 0.24941 
3020 -0.291399 -0.0492071 
3021 -0.290475 0.0504576 
3022 -0.290356 0.151241 
3023 -0.290213 0.252564 
3024 -0.207527 -0.049748 
3025 -0.206553 0.0494217 
3026 -0.206305 0.149737 
3027 -0.205045 0.250084 
3028 -0.123939 -0.050948 
3029 -0.123244 0.0478373 
3030 -0.122291 0.147882 
3031 -0.121384 0.247758 
3032 -0.0420041 -0.0514894 
3033 -0.0401227 0.0467109 
3034 -0.0392646 0.146603 
3035 -0.0380204 0.245419 
3036 0.040492 -0.0519389 
3037 0.0418265 0.0461135 
3038 0.0425706 0.144961 
3039 0.0439562 0.244137 
3040 -0.290996 -0.0410562 
3041 -0.290165 0.0541954 
3042 -0.289715 0.150518 
3043 -0.288896 0.247741 
3044 -0.210811 -0.041781 
3045 -0.209559 0.0533198 
3046 -0.209202 0.148425 
3047 -0.207878 0.244714 
3048 -0.13092 -0.0425061 
3049 -0.12956 0.0516997 
3050 -0.128577 0.147448 
3051 -0.127904 0.243111 
3052 -0.0515254 -0.0432048 
3053 -0.0509109 0.0508523 
3054 -0.0491842 0.144815 
3055 -0.0484798 0.240305 
3056 0.0264723 -0.0447731 
3057 0.0281408 0.0488568 
3058 0.0292947 0.143919 
3059 0.0310075 0.238626 
3060 -0.290622 -0.0340238 
3061 -0.290205 0.0582901 
3062 -0.289267 0.150333 
3063 -0.287952 0.24231 
3064 -0.21312 -0.0342038 
3065 -0.212347 0.056479 
3066 -0.211884 0.147906 
3067 -0.21095 0.240741 
3068 -0.136778 -0.0356371 
3069 -0.135949 0.0556597 
3070 -0.134854 0.146743 
3071 -0.13392 0.238301 
3072 -0.0610483 -0.0364507 
3073 -0.0605847 0.0536251 
3074 -0.0586485 0.144561 
3075 -0.0574477 0.235825 
3076 0.0132923 -0.037322 
3077 0.0145897 0.0525539 
3078 0.0164516 0.142476 
3079 0.0183533 0.233358 
3080 -0.290113 -0.0267268 
3081 -0.289773 0.0615349 
3082 -0.288743 0.149918 
3083 -0.287616 0.238888 
3084 -0.216637 -0.0276372 
3085 -0.215155 0.0598089 
3086 -0.214483 0.147627 
3087 -0.213328 0.235992 
3088 -0.143379 -0.0290918 
3089 -0.142167 0.0585156 
3090 -0.140426 0.145889 
3091 -0.138999 0.233567 
3092 -0.0700692 -0.0293218 
3093 -0.068984 0.0569138 
3094 -0.0678868 0.144278 
3095 -0.0658316 0.231486 
3096 0.00112795 -0.0304668 
3097 0.00289904 0.0556149 
3098 0.00498303 0.141546 
3099 0.0064787 0.228578 
3100 -0.29118 -0.0199511 
3101 -0.289332 0.0640804 
3102 -0.288621 0.149457 
3103 -0.288338 0.234738 
3104 -0.219455 -0.0208603 
3105 -0.218032 0.063096 
3106 -0.217423 0.147883 
3107 -0.215958 0.232448 
3108 -0.148554 -0.0220702 
3109 -0.147115 0.0613138 
3110 -0.146291 0.144871 
3111 -0.144393 0.229838 
3112 -0.0795556 -0.0233863 
3113 -0.0771147 0.0591288 
3114 -0.0760996 0.143053 
3115 -0.0744892 0.227571 
3116 -0.0102827 -0.0249823 
3117 -0.00859114 0.0577032 
3118 -0.00623833 0.140869 
3119 -0.00426463 0.225264 
3120 -0.291112 -0.0138036 
3121 -0.289888 0.0678135 
3122 -0.289469 0.149757 
3123 -0.287999 0.231404 
3124 -0.222194 -0.0149835 
3125 -0.220881 0.0657077 
3126 -0.219734 0.147448 
3127 -0.218573 0.229042 
3128 -0.154836 -0.0169599 
3129 -0.152901 0.0639766 
3130 -0.151683 0.145103 
3131 -0.150363 0.226656 
3132 -0.0867571 -0.0181338 
3133 -0.0859052 0.0617356 
3134 -0.0834789 0.143004 
3135 -0.0816636 0.223809 
3136 -0.0210044 -0.0192013 
3137 -0.0191328 0.0605285 
3138 -0.0171668 0.14083 
3139 -0.0151599 0.221496 
3140 -0.291912 -0.00886023 
3141 -0.290087 0.0697836 
3142 -0.289698 0.149366 
3143 -0.288207 0.228531 
3144 -0.224921 -0.00960045 
3145 -0.224375 0.0679563 
3146 -0.222638 0.147264 
3147 -0.22111 0.226031 
3148 -0.159224 -0.011319 
3149 -0.158484 0.0660018 
3150 -0.15632 0.144633 
3151 -0.154882 0.222574 
3152 -0.094508 -0.0126552 
3153 -0.0933172 0.0646671 
3154 -0.0914984 0.141818 
3155 -0.0890865 0.220192 
3156 -0.0307036 -0.01357 
3157 -0.0289237 0.0631409 
3158 -0.0263756 0.139857 
3159 -0.0251907 0.217254 
3160 -0.292258 -0.00288576 
3161 -0.291411 0.0729883 
3162 -0.289895 0.149269 
3163 -0.288688 0.225236 
3164 -0.228287 -0.00428064 
3165 -0.226411 0.0706849 
3166 -0.225417 0.146201 
3167 -0.223896 0.222946 
3168 -0.1648 -0.00630082 
3169 -0.163455 0.0687441 
3170 -0.161464 0.14456 
3171 -0.160266 0.219414 
3172 -0.101824 -0.00820774 
3173 -0.100741 0.0662636 
3174 -0.0989618 0.141863 
3175 -0.096626 0.217035 
3176 -0.0404175 -0.00900674 
3177 -0.038092 0.064951 
3178 -0.0359069 0.13915 
3179 -0.0344172 0.214695 
3180 -0.293279 0.00197192 
3181 -0.291524 0.0749895 
3182 -0.289868 0.148449 
3183 -0.289132 0.22268 
3184 -0.231323 -0.000406092 
3185 -0.229486 0.0727965 
3186 -0.228338 0.146183 
3187 -0.226235 0.219867 
3188 -0.169725 -0.00147765 
3189 -0.167727 0.0703808 
3190 -0.165738 0.143394 
3191 -0.16463 0.217308 
3192 -0.108695 -0.00354353 
3193 -0.107364 0.0690137 
3194 -0.10537 0.140828 
3195 -0.103098 0.213511 
3196 -0.049566 -0.00478753 
3197 -0.0468372 0.0671472 
3198 -0.0455364 0.138677 
3199 -0.0427135 0.210889 
