35050 -0.333396 -0.249877 
35051 -0.333193 -0.0833906 
35052 -0.333365 0.0833665 
35053 -0.333339 0.250025 
35054 -0.333376 0.416563 
35055 -0.166647 -0.249916 
35056 -0.166677 -0.0833645 
35057 -0.16662 0.0834919 
35058 -0.166793 0.250113 
35059 -0.166597 0.416763 
35060 5.46136e-05 -0.249979 
35061 3.16958e-05 -0.0834069 
35062 -2.87217e-05 0.0832611 
35063 -7.71932e-05 0.249905 
35064 -4.86593e-05 0.416738 
35065 0.16661 -0.249954 
35066 0.166678 -0.0832451 
35067 0.16664 0.0832295 
35068 0.166746 0.249868 
35069 0.166732 0.41658 
35070 0.333299 -0.250126 
35071 0.333445 -0.083326 
35072 0.333239 0.0832855 
35073 0.333461 0.249952 
35074 0.33336 0.416712 
35075 -0.335348 -0.246267 
35076 -0.335425 -0.0806104 
35077 -0.335201 0.0853887 
35078 -0.335219 0.25152 
35079 -0.335079 0.417638 
35080 -0.16942 -0.246386 
35081 -0.169352 -0.080683 
35082 -0.169063 0.0852106 
35083 -0.168993 0.251202 
35084 -0.168966 0.417345 
35085 -0.00366133 -0.246376 
35086 -0.00337937 -0.0809228 
35087 -0.00325398 0.0849049 
35088 -0.00306626 0.25079 
35089 -0.00286248 0.416878 
35090 0.161975 -0.246507 
35091 0.162188 -0.080981 
35092 0.16238 0.0847402 
35093 0.162743 0.250578 
35094 0.162907 0.416542 
35095 0.32743 -0.246789 
35096 0.32779 -0.0811844 
35097 0.328078 0.0845452 
35098 0.328401 0.25028 
35099 0.328626 0.416179 
35100 -0.337384 -0.242629 
35101 -0.337185 -0.0778301 
35102 -0.337185 0.0874593 
35103 -0.337014 0.252921 
35104 -0.336885 0.418581 
35105 -0.17234 -0.242931 
35106 -0.171974 -0.0781833 
35107 -0.17173 0.0868723 
35108 -0.171448 0.252357 
35109 -0.171242 0.417824 
35110 -0.00733868 -0.243206 
35111 -0.00696466 -0.078473 
35112 -0.00659579 0.0864794 
35113 -0.00617067 0.251725 
35114 -0.00581115 0.417132 
35115 0.157305 -0.24331 
35116 0.157683 -0.0788451 
35117 0.158273 0.0861189 
35118 0.158719 0.251032 
35119 0.159386 0.416352 
35120 0.321522 -0.243457 
35121 0.322241 -0.0790817 
35122 0.322804 0.0855499 
35123 0.323519 0.250373 
35124 0.324147 0.415671 
35125 -0.339596 -0.239285 
35126 -0.33918 -0.0750428 
35127 -0.33905 0.0893709 
35128 -0.338749 0.254216 
35129 -0.338519 0.419464 
35130 -0.17515 -0.239491 
35131 -0.17463 -0.0756978 
35132 -0.174216 0.0885789 
35133 -0.173812 0.253269 
35134 -0.173357 0.418298 
35135 -0.0110254 -0.239811 
35136 -0.0106066 -0.0760446 
35137 -0.0098242 0.0878688 
35138 -0.00935121 0.25243 
35139 -0.00859366 0.417186 
35140 0.152532 -0.240189 
35141 0.153378 -0.0767049 
35142 0.154157 0.0873998 
35143 0.15484 0.251447 
35144 0.155637 0.416012 
35145 0.315689 -0.24054 
35146 0.316622 -0.0772077 
35147 0.31767 0.08649 
35148 0.318553 0.250679 
35149 0.319712 0.41489 
35150 -0.341452 -0.235841 
35151 -0.341193 -0.0724196 
35152 -0.340921 0.0913196 
35153 -0.340594 0.255454 
35154 -0.340193 0.420282 
35155 -0.177859 -0.236226 
35156 -0.177285 -0.0732096 
35157 -0.176637 0.0902249 
35158 -0.176121 0.254219 
35159 -0.175459 0.418749 
35160 -0.0148477 -0.236622 
35161 -0.013923 -0.0741331 
35162 -0.0131101 0.0893462 
35163 -0.0122972 0.253045 
35164 -0.0113675 0.417056 
35165 0.147872 -0.237039 
35166 0.148977 -0.0746424 
35167 0.150167 0.0883177 
35168 0.151025 0.251741 
35169 0.152199 0.415697 
35170 0.309894 -0.237523 
35171 0.311159 -0.0754808 
35172 0.312482 0.0874184 
35173 0.313948 0.250527 
35174 0.315172 0.414137 
35175 -0.3438 -0.232453 
35176 -0.343219 -0.0698901 
35177 -0.34263 0.0931536 
35178 -0.342139 0.256846 
35179 -0.341889 0.421118 
35180 -0.180757 -0.233086 
35181 -0.180024 -0.0709023 
35182 -0.179099 0.0918489 
35183 -0.178406 0.255181 
35184 -0.177571 0.419058 
35185 -0.0184962 -0.233688 
35186 -0.0173414 -0.0719141 
35187 -0.0163325 0.0906205 
35188 -0.0152769 0.253557 
35189 -0.0141057 0.417198 
35190 0.143201 -0.234124 
35191 0.144559 -0.0726881 
35192 0.14594 0.0892633 
35193 0.147225 0.252047 
35194 0.148723 0.415143 
35195 0.304197 -0.234756 
35196 0.305753 -0.0736842 
35197 0.30744 0.088108 
35198 0.309175 0.250299 
35199 0.310743 0.413291 
35200 -0.345839 -0.229044 
35201 -0.345244 -0.0675216 
35202 -0.344572 0.0948157 
35203 -0.344009 0.257939 
35204 -0.343343 0.421741 
35205 -0.18355 -0.229932 
35206 -0.182701 -0.0686819 
35207 -0.181776 0.0933075 
35208 -0.180699 0.256044 
35209 -0.179706 0.41933 
35210 -0.0220279 -0.23077 
35211 -0.0207935 -0.0698137 
35212 -0.0194676 0.0916875 
35213 -0.0180503 0.254097 
35214 -0.0167848 0.417002 
35215 0.138566 -0.231434 
35216 0.140188 -0.0710483 
35217 0.141872 0.0901506 
35218 0.143554 0.25197 
35219 0.145368 0.414604 
35220 0.298529 -0.232271 
35221 0.3006 -0.0722054 
35222 0.302438 0.0884915 
35223 0.304542 0.250049 
35224 0.306554 0.412385 
35225 -0.348109 -0.226039 
35226 -0.347337 -0.0650421 
35227 -0.346518 0.0966385 
35228 -0.345588 0.259109 
35229 -0.344844 0.422405 
35230 -0.186558 -0.226924 
35231 -0.18528 -0.0664015 
35232 -0.184025 0.0948014 
35233 -0.182904 0.256715 
35234 -0.181556 0.419452 
35235 -0.0259155 -0.227979 
35236 -0.0242376 -0.0679914 
35237 -0.0226191 0.092899 
35238 -0.0210438 0.254372 
35239 -0.0194579 0.416552 
35240 0.133984 -0.228716 
35241 0.135971 -0.0692696 
35242 0.137789 0.0909534 
35243 0.139957 0.251991 
35244 0.141874 0.413901 
35245 0.29284 -0.2298 
35246 0.295224 -0.0708916 
35247 0.297398 0.0891228 
35248 0.300005 0.249685 
35249 0.302145 0.411029 
35250 -0.35024 -0.222913 
35251 -0.349338 -0.0627695 
35252 -0.348456 0.0982808 
35253 -0.347342 0.260147 
35254 -0.346312 0.422987 
35255 -0.18951 -0.22418 
35256 -0.187991 -0.0643688 
35257 -0.186492 0.0960655 
35258 -0.185079 0.257387 
35259 -0.183554 0.419665 
35260 -0.029541 -0.225227 
35261 -0.0278332 -0.0660488 
35262 -0.0257735 0.0939676 
35263 -0.0238346 0.254649 
35264 -0.0220441 0.416266 
35265 0.129214 -0.226327 
35266 0.13158 -0.0676583 
35267 0.133908 0.0917722 
35268 0.136188 0.251938 
35269 0.13851 0.412936 
35270 0.287082 -0.227543 
35271 0.289831 -0.0695299 
35272 0.292464 0.0895039 
35273 0.295266 0.24915 
35274 0.297955 0.409813 
35275 -0.352544 -0.219969 
35276 -0.351177 -0.0604796 
35277 -0.350276 0.0997453 
35278 -0.348938 0.261195 
35279 -0.347661 0.423358 
35280 -0.19226 -0.221275 
35281 -0.19065 -0.062477 
35282 -0.188988 0.0972676 
35283 -0.187223 0.258003 
35284 -0.185426 0.41962 
35285 -0.0332038 -0.222609 
35286 -0.0310713 -0.0644105 
35287 -0.028878 0.0947187 
35288 -0.0266923 0.254791 
35289 -0.0246083 0.415981 
35290 0.124751 -0.223938 
35291 0.127288 -0.0664349 
35292 0.129912 0.0921868 
35293 0.132401 0.251691 
35294 0.135229 0.412103 
35295 0.281568 -0.225388 
35296 0.284385 -0.0684952 
35297 0.287618 0.0897233 
35298 0.290656 0.24861 
35299 0.293858 0.40842 
35300 -0.354904 -0.216834 
35301 -0.353452 -0.0583498 
35302 -0.352068 0.101336 
35303 -0.350528 0.261994 
35304 -0.348978 0.423842 
35305 -0.195184 -0.218659 
35306 -0.193348 -0.0606576 
35307 -0.191395 0.0984445 
35308 -0.189449 0.258456 
35309 -0.187549 0.419474 
35310 -0.0369713 -0.220182 
35311 -0.0344898 -0.062919 
35312 -0.03226 0.0954777 
35313 -0.0294247 0.25488 
35314 -0.0269694 0.415316 
35315 0.119973 -0.221751 
35316 0.123008 -0.0649525 
35317 0.125942 0.0927129 
35318 0.12889 0.251366 
35319 0.131958 0.411084 
35320 0.275874 -0.223285 
35321 0.279304 -0.0673676 
35322 0.282677 0.0896457 
35323 0.2863 0.247756 
35324 0.289696 0.406963 
35325 -0.357118 -0.214237 
35326 -0.355473 -0.0563601 
35327 -0.353732 0.102826 
35328 -0.352177 0.262977 
35329 -0.350304 0.424195 
35330 -0.198315 -0.21608 
35331 -0.196018 -0.0589034 
35332 -0.193704 0.0993833 
35333 -0.19139 0.258836 
35334 -0.189124 0.419369 
35335 -0.0407908 -0.217915 
35336 -0.0379767 -0.0612518 
35337 -0.0351358 0.09611 
35338 -0.0323304 0.254848 
35339 -0.0294128 0.414529 
35340 0.115532 -0.219728 
35341 0.118844 -0.0639466 
35342 0.122126 0.0929034 
35343 0.125419 0.250992 
35344 0.128759 0.409869 
35345 0.270356 -0.221455 
35346 0.273992 -0.0664113 
35347 0.277852 0.089788 
35348 0.281685 0.246947 
35349 0.285732 0.405326 
35350 -0.359559 -0.21154 
35351 -0.357591 -0.0542156 
35352 -0.355626 0.104109 
35353 -0.353533 0.263526 
35354 -0.351626 0.424228 
35355 -0.201277 -0.213626 
35356 -0.198685 -0.0572248 
35357 -0.196239 0.100319 
35358 -0.193577 0.259044 
35359 -0.190872 0.418938 
35360 -0.0444033 -0.215777 
35361 -0.0414279 -0.0600842 
35362 -0.0382123 0.0968212 
35363 -0.0350426 0.254667 
35364 -0.0319275 0.413789 
35365 0.111008 -0.217808 
35366 0.11448 -0.0628955 
35367 0.118101 0.09318 
35368 0.121906 0.250255 
35369 0.125573 0.408613 
35370 0.26474 -0.219797 
35371 0.268899 -0.0657032 
35372 0.273041 0.0896657 
35373 0.277324 0.246008 
35374 0.281483 0.403484 
35375 -0.36186 -0.208895 
35376 -0.359741 -0.0524908 
35377 -0.357636 0.10526 
35378 -0.354999 0.264223 
35379 -0.352848 0.424405 
35380 -0.20403 -0.211337 
35381 -0.20137 -0.0556762 
35382 -0.198558 0.101296 
35383 -0.195556 0.259207 
35384 -0.192733 0.418601 
35385 -0.0481478 -0.213613 
35386 -0.0447188 -0.0587373 
35387 -0.0413449 0.0973155 
35388 -0.0378759 0.254437 
35389 -0.0342131 0.41291 
35390 0.106412 -0.215968 
35391 0.110236 -0.0619309 
35392 0.114439 0.0932728 
35393 0.118286 0.24965 
35394 0.122397 0.407178 
35395 0.259429 -0.218364 
35396 0.263853 -0.0650303 
35397 0.268443 0.0894418 
35398 0.27286 0.244914 
35399 0.277542 0.401718 
35400 -0.364402 -0.206498 
35401 -0.361778 -0.0506206 
35402 -0.359275 0.106455 
35403 -0.356615 0.264783 
35404 -0.354071 0.424225 
35405 -0.207354 -0.209201 
35406 -0.204139 -0.0541529 
35407 -0.200904 0.101954 
35408 -0.197695 0.259405 
35409 -0.194378 0.417999 
35410 -0.0518248 -0.211721 
35411 -0.0481218 -0.0578549 
35412 -0.0442304 0.0976268 
35413 -0.0404674 0.25407 
35414 -0.0367344 0.411981 
35415 0.101927 -0.21437 
35416 0.106183 -0.0612167 
35417 0.110428 0.0932995 
35418 0.114942 0.248836 
35419 0.119365 0.405661 
35420 0.253918 -0.216803 
35421 0.258688 -0.0644069 
35422 0.263553 0.088899 
35423 0.268475 0.243684 
35424 0.273638 0.39959 
35425 -0.366772 -0.204121 
35426 -0.363737 -0.0489898 
35427 -0.361056 0.10744 
35428 -0.35816 0.265174 
35429 -0.355294 0.424114 
35430 -0.210027 -0.207053 
35431 -0.20671 -0.052783 
35432 -0.203242 0.102471 
35433 -0.199806 0.259293 
35434 -0.196103 0.417303 
35435 -0.0555979 -0.209935 
35436 -0.0514233 -0.0566844 
35437 -0.0472938 0.097829 
35438 -0.0433193 0.25368 
35439 -0.0391179 0.410777 
35440 0.0972676 -0.21274 
35441 0.102098 -0.0603073 
35442 0.106823 0.0929661 
35443 0.111491 0.247951 
35444 0.116119 0.404061 
35445 0.248433 -0.21556 
35446 0.253745 -0.0642013 
35447 0.258745 0.0885309 
35448 0.26428 0.242308 
35449 0.269508 0.397453 
35450 -0.369155 -0.201873 
35451 -0.366002 -0.0473985 
35452 -0.362725 0.108353 
35453 -0.359681 0.265285 
35454 -0.356524 0.423809 
35455 -0.213158 -0.205174 
35456 -0.209244 -0.0515772 
35457 -0.205548 0.103073 
35458 -0.201771 0.259233 
35459 -0.197808 0.416613 
35460 -0.059245 -0.208196 
35461 -0.0547664 -0.0556741 
35462 -0.0504209 0.0978183 
35463 -0.045812 0.253056 
35464 -0.0413714 0.409257 
35465 0.0929101 -0.211292 
35466 0.0978913 -0.0598235 
35467 0.102934 0.0927648 
35468 0.107797 0.246986 
35469 0.113151 0.402286 
35470 0.243077 -0.214493 
35471 0.24853 -0.0638416 
35472 0.254384 0.0879776 
35473 0.259992 0.240933 
35474 0.265735 0.395265 
35475 -0.371449 -0.199918 
35476 -0.368075 -0.0458923 
35477 -0.36463 0.109159 
35478 -0.361029 0.265591 
35479 -0.357599 0.423625 
35480 -0.216135 -0.203296 
35481 -0.211984 -0.0505146 
35482 -0.207909 0.103506 
35483 -0.203806 0.258878 
35484 -0.199559 0.415695 
35485 -0.0628335 -0.206523 
35486 -0.0581643 -0.0549615 
35487 -0.0534074 0.0978901 
35488 -0.0484985 0.252342 
35489 -0.0435915 0.407846 
35490 0.0883975 -0.210037 
35491 0.093729 -0.059469 
35492 0.0991217 0.0923892 
35493 0.104544 0.245672 
35494 0.109995 0.400341 
35495 0.237682 -0.213545 
35496 0.243665 -0.0638481 
35497 0.24957 0.0871682 
35498 0.255635 0.239331 
35499 0.261852 0.393007 
35500 -0.374028 -0.19795 
35501 -0.370321 -0.0446751 
35502 -0.366362 0.109749 
35503 -0.362409 0.265603 
35504 -0.358726 0.422998 
35505 -0.219294 -0.201613 
35506 -0.214709 -0.0495165 
35507 -0.210205 0.103942 
35508 -0.205753 0.258605 
35509 -0.201218 0.414641 
35510 -0.066589 -0.205351 
35511 -0.0613978 -0.0543947 
35512 -0.0563861 0.0978226 
35513 -0.0511268 0.251562 
35514 -0.0458709 0.40655 
35515 0.0839911 -0.209029 
35516 0.0895724 -0.05904 
35517 0.0954181 0.0919994 
35518 0.101256 0.244466 
35519 0.107017 0.398376 
35520 0.232321 -0.212628 
35521 0.238605 -0.0639573 
35522 0.244884 0.0863315 
35523 0.251507 0.237772 
35524 0.257807 0.390576 
35525 -0.376494 -0.196008 
35526 -0.372388 -0.0435517 
35527 -0.368187 0.110354 
35528 -0.364016 0.26586 
35529 -0.359745 0.422463 
35530 -0.222273 -0.200108 
35531 -0.217386 -0.0488303 
35532 -0.212615 0.103886 
35533 -0.207781 0.258209 
35534 -0.202813 0.413469 
35535 -0.0701934 -0.204044 
35536 -0.0647513 -0.0538199 
35537 -0.0594457 0.0978024 
35538 -0.0538198 0.250619 
35539 -0.0481947 0.404819 
35540 0.0795454 -0.20805 
35541 0.085559 -0.0589074 
35542 0.0916618 0.0914697 
35543 0.0978986 0.243103 
35544 0.10399 0.396267 
35545 0.227043 -0.211899 
35546 0.233635 -0.0639726 
35547 0.240296 0.0854053 
35548 0.247162 0.236058 
35549 0.254052 0.38787 
