35700 -0.333401 -0.249935 
35701 -0.333373 -0.0832556 
35702 -0.333354 0.0833229 
35703 -0.333322 0.250071 
35704 -0.333329 0.416712 
35705 -0.166688 -0.249885 
35706 -0.166547 -0.0833563 
35707 -0.166773 0.0833268 
35708 -0.166434 0.250087 
35709 -0.166588 0.416601 
35710 2.95005e-05 -0.249949 
35711 8.18397e-06 -0.0833707 
35712 -1.80896e-06 0.083401 
35713 -6.98186e-05 0.250037 
35714 2.65329e-05 0.416623 
35715 0.166674 -0.249969 
35716 0.166737 -0.0833473 
35717 0.166645 0.0833438 
35718 0.166662 0.249945 
35719 0.166588 0.416644 
35720 0.333225 -0.250029 
35721 0.333415 -0.0832003 
35722 0.333223 0.083299 
35723 0.333337 0.250123 
35724 0.333296 0.416603 
35725 -0.336006 -0.249104 
35726 -0.335511 -0.0831152 
35727 -0.335123 0.0829279 
35728 -0.33465 0.248526 
35729 -0.334116 0.414487 
35730 -0.169966 -0.24942 
35731 -0.169531 -0.0836509 
35732 -0.169176 0.0822576 
35733 -0.168687 0.248068 
35734 -0.168265 0.413894 
35735 -0.00421295 -0.249698 
35736 -0.00374325 -0.0840075 
35737 -0.00336626 0.0817269 
35738 -0.00274694 0.247524 
35739 -0.00239688 0.413449 
35740 0.161579 -0.250063 
35741 0.161933 -0.0843234 
35742 0.162453 0.0813962 
35743 0.162893 0.246987 
35744 0.163297 0.412694 
35745 0.327176 -0.250452 
35746 0.327546 -0.0846557 
35747 0.327986 0.0808057 
35748 0.328443 0.246463 
35749 0.328814 0.412069 
35750 -0.338592 -0.24836 
35751 -0.33784 -0.0831917 
35752 -0.337029 0.0819005 
35753 -0.335999 0.247073 
35754 -0.335156 0.412133 
35755 -0.173256 -0.249002 
35756 -0.172469 -0.084009 
35757 -0.17169 0.0811954 
35758 -0.170672 0.246112 
35759 -0.169819 0.411038 
35760 -0.00834656 -0.249632 
35761 -0.00757519 -0.0847146 
35762 -0.00668965 0.0802995 
35763 -0.00575938 0.24513 
35764 -0.00493703 0.40974 
35765 0.156528 -0.250273 
35766 0.157344 -0.0855752 
35767 0.158148 0.0791629 
35768 0.158847 0.244075 
35769 0.159757 0.408576 
35770 0.321057 -0.250955 
35771 0.321767 -0.086339 
35772 0.322652 0.0782315 
35773 0.323322 0.242839 
35774 0.324113 0.407417 
35775 -0.341523 -0.247696 
35776 -0.340104 -0.0832854 
35777 -0.33878 0.0810898 
35778 -0.337524 0.245493 
35779 -0.335971 0.409826 
35780 -0.1767 -0.248656 
35781 -0.175245 -0.0842957 
35782 -0.174132 0.0798784 
35783 -0.172804 0.243948 
35784 -0.171449 0.408019 
35785 -0.012404 -0.249609 
35786 -0.0110714 -0.0855485 
35787 -0.00982303 0.0784877 
35788 -0.00862051 0.242335 
35789 -0.00741786 0.406175 
35790 0.151559 -0.250659 
35791 0.152766 -0.0867395 
35792 0.154034 0.0770547 
35793 0.155188 0.240775 
35794 0.156405 0.404475 
35795 0.315038 -0.251465 
35796 0.316138 -0.0878931 
35797 0.317353 0.0756908 
35798 0.318472 0.239212 
35799 0.319744 0.402611 
35800 -0.344095 -0.247279 
35801 -0.34234 -0.0836276 
35802 -0.340489 0.0801263 
35803 -0.33871 0.243795 
35804 -0.336792 0.407241 
35805 -0.179911 -0.248651 
35806 -0.178245 -0.0850359 
35807 -0.176431 0.0784634 
35808 -0.174824 0.241686 
35809 -0.172948 0.404815 
35810 -0.0164609 -0.249779 
35811 -0.014843 -0.0865409 
35812 -0.0131477 0.0767563 
35813 -0.0114502 0.239686 
35814 -0.00981374 0.402537 
35815 0.146442 -0.251131 
35816 0.14818 -0.0879835 
35817 0.149772 0.0748315 
35818 0.151423 0.237532 
35819 0.152858 0.4002 
35820 0.308971 -0.252285 
35821 0.310479 -0.0895466 
35822 0.312067 0.0730997 
35823 0.313514 0.235542 
35824 0.315026 0.397773 
35825 -0.346816 -0.246878 
35826 -0.344528 -0.0838125 
35827 -0.342214 0.0791365 
35828 -0.340076 0.241885 
35829 -0.337629 0.404537 
35830 -0.183179 -0.248611 
35831 -0.181022 -0.0855814 
35832 -0.178891 0.0770455 
35833 -0.176765 0.239351 
35834 -0.174774 0.401699 
35835 -0.0204248 -0.250088 
35836 -0.0183899 -0.0875172 
35837 -0.0163528 0.0747812 
35838 -0.0143551 0.236781 
35839 -0.0121722 0.398836 
35840 0.141704 -0.251597 
35841 0.143656 -0.0894616 
35842 0.145544 0.0725197 
35843 0.1475 0.234357 
35844 0.149388 0.395881 
35845 0.303174 -0.253005 
35846 0.304834 -0.0912048 
35847 0.306683 0.0703303 
35848 0.308663 0.231824 
35849 0.310572 0.392957 
35850 -0.349421 -0.246696 
35851 -0.34668 -0.0843242 
35852 -0.34416 0.0779282 
35853 -0.341259 0.239958 
35854 -0.338552 0.401732 
35855 -0.186595 -0.248602 
35856 -0.183893 -0.0865698 
35857 -0.181321 0.0753224 
35858 -0.178765 0.236878 
35859 -0.176261 0.398384 
35860 -0.0244732 -0.250448 
35861 -0.0219707 -0.0888507 
35862 -0.0195988 0.072748 
35863 -0.0171612 0.233993 
35864 -0.0147004 0.394992 
35865 0.136798 -0.252155 
35866 0.13909 -0.0910069 
35867 0.141407 0.070091 
35868 0.143852 0.230842 
35869 0.145958 0.391476 
35870 0.297254 -0.253997 
35871 0.299352 -0.0930903 
35872 0.301545 0.0675754 
35873 0.303884 0.227906 
35874 0.306122 0.387969 
35875 -0.352069 -0.246785 
35876 -0.348921 -0.0849241 
35877 -0.345732 0.0766227 
35878 -0.342513 0.237962 
35879 -0.339577 0.398907 
35880 -0.189826 -0.248801 
35881 -0.186784 -0.0874497 
35882 -0.183817 0.0736102 
35883 -0.180894 0.234433 
35884 -0.177933 0.394909 
35885 -0.0283867 -0.250935 
35886 -0.0256024 -0.0900729 
35887 -0.0228434 0.0706023 
35888 -0.0199783 0.230873 
35889 -0.0171772 0.390782 
35890 0.131904 -0.253106 
35891 0.134781 -0.0926633 
35892 0.137442 0.0676842 
35893 0.139929 0.227536 
35894 0.142634 0.386974 
35895 0.291465 -0.255089 
35896 0.294072 -0.0949139 
35897 0.296338 0.0646277 
35898 0.298966 0.224002 
35899 0.301379 0.383089 
35900 -0.354627 -0.246829 
35901 -0.35099 -0.0856488 
35902 -0.347548 0.075145 
35903 -0.344092 0.235674 
35904 -0.340392 0.395795 
35905 -0.192898 -0.249199 
35906 -0.189766 -0.0885464 
35907 -0.186279 0.0718123 
35908 -0.182845 0.231827 
35909 -0.179467 0.391189 
35910 -0.0322872 -0.251533 
35911 -0.0291541 -0.0914294 
35912 -0.0258436 0.0682662 
35913 -0.0227227 0.227889 
35914 -0.0196021 0.386878 
35915 0.127271 -0.253833 
35916 0.13023 -0.0941407 
35917 0.133303 0.0650447 
35918 0.13615 0.223955 
35919 0.139148 0.382438 
35920 0.285791 -0.256084 
35921 0.288467 -0.0970172 
35922 0.291366 0.0617077 
35923 0.294033 0.220168 
35924 0.296976 0.378162 
35925 -0.357288 -0.246892 
35926 -0.353195 -0.0865077 
35927 -0.349278 0.0737213 
35928 -0.345299 0.233434 
35929 -0.341384 0.392731 
35930 -0.196107 -0.249648 
35931 -0.192361 -0.0896955 
35932 -0.188658 0.0699099 
35933 -0.184825 0.229101 
35934 -0.18118 0.387742 
35935 -0.0362013 -0.252135 
35936 -0.032711 -0.0927469 
35937 -0.0292946 0.0661366 
35938 -0.0257113 0.224663 
35939 -0.022246 0.38273 
35940 0.122629 -0.254638 
35941 0.125916 -0.0959229 
35942 0.129165 0.0624967 
35943 0.132454 0.220469 
35944 0.135671 0.377847 
35945 0.28021 -0.257328 
35946 0.283305 -0.0990515 
35947 0.286173 0.0587733 
35948 0.289456 0.216174 
35949 0.292412 0.373051 
35950 -0.359833 -0.247418 
35951 -0.355405 -0.0874254 
35952 -0.351138 0.0720976 
35953 -0.346705 0.231048 
35954 -0.342224 0.389388 
35955 -0.199217 -0.250037 
35956 -0.195131 -0.0908432 
35957 -0.191119 0.0679106 
35958 -0.18694 0.226203 
35959 -0.182869 0.384097 
35960 -0.0400012 -0.252983 
35961 -0.0361037 -0.0942754 
35962 -0.0323998 0.0640005 
35963 -0.0284535 0.221447 
35964 -0.0247916 0.378647 
35965 0.117928 -0.255774 
35966 0.121524 -0.0976417 
35967 0.125105 0.0598382 
35968 0.128558 0.216911 
35969 0.132142 0.373301 
35970 0.274644 -0.25849 
35971 0.278001 -0.101096 
35972 0.281247 0.0557031 
35973 0.284554 0.212184 
35974 0.287803 0.367931 
35975 -0.362382 -0.247867 
35976 -0.357641 -0.0884431 
35977 -0.352974 0.0701922 
35978 -0.348133 0.228479 
35979 -0.34326 0.385955 
35980 -0.202458 -0.25086 
35981 -0.197879 -0.0923168 
35982 -0.193411 0.0658235 
35983 -0.188921 0.223314 
35984 -0.184622 0.380064 
35985 -0.0437367 -0.253851 
35986 -0.0396653 -0.0959371 
35987 -0.0353786 0.0615319 
35988 -0.0312617 0.218291 
35989 -0.0271763 0.374381 
35990 0.113265 -0.256785 
35991 0.117205 -0.0995717 
35992 0.121048 0.0570202 
35993 0.124972 0.212886 
35994 0.128628 0.3687 
35995 0.269204 -0.259688 
35996 0.272712 -0.103091 
35997 0.276292 0.0527329 
35998 0.27983 0.208123 
35999 0.283254 0.362851 
36000 -0.365074 -0.248386 
36001 -0.359653 -0.0895883 
36002 -0.354641 0.0684872 
36003 -0.349382 0.225863 
36004 -0.344296 0.382662 
36005 -0.205549 -0.251514 
36006 -0.200601 -0.0936445 
36007 -0.195851 0.0637133 
36008 -0.191013 0.220406 
36009 -0.186309 0.376227 
36010 -0.0474828 -0.254788 
36011 -0.0430945 -0.0976623 
36012 -0.0384254 0.059118 
36013 -0.0342134 0.214886 
36014 -0.0297121 0.370126 
36015 0.10883 -0.257944 
36016 0.112985 -0.101543 
36017 0.11711 0.0543022 
36018 0.121151 0.209463 
36019 0.125266 0.363869 
36020 0.263869 -0.261157 
36021 0.26755 -0.105272 
36022 0.271449 0.0495036 
36023 0.275042 0.204185 
36024 0.278651 0.357897 
36025 -0.367522 -0.249099 
36026 -0.361888 -0.0908264 
36027 -0.35645 0.0666339 
36028 -0.35087 0.22308 
36029 -0.345393 0.379019 
36030 -0.208625 -0.25236 
36031 -0.203351 -0.0951647 
36032 -0.198329 0.0615009 
36033 -0.193109 0.217488 
36034 -0.188168 0.372338 
36035 -0.051279 -0.25587 
36036 -0.046405 -0.0993746 
36037 -0.0417501 0.0565307 
36038 -0.037106 0.211462 
36039 -0.0324434 0.365775 
36040 0.104332 -0.259141 
36041 0.108845 -0.103449 
36042 0.113181 0.0515031 
36043 0.117451 0.205765 
36044 0.121767 0.359249 
36045 0.258471 -0.262516 
36046 0.262342 -0.107623 
36047 0.266395 0.0466596 
36048 0.270328 0.200123 
36049 0.274289 0.352855 
36050 -0.369955 -0.249827 
36051 -0.364114 -0.0921271 
36052 -0.358262 0.0646234 
36053 -0.352247 0.220282 
36054 -0.346462 0.375458 
36055 -0.211618 -0.253309 
36056 -0.206074 -0.0967145 
36057 -0.200687 0.0592625 
36058 -0.195285 0.214135 
36059 -0.189865 0.368361 
36060 -0.0549648 -0.256959 
36061 -0.0498584 -0.10113 
36062 -0.0448954 0.0538668 
36063 -0.0398893 0.208018 
36064 -0.0350227 0.361392 
36065 0.0999966 -0.260498 
36066 0.104691 -0.105438 
36067 0.109124 0.0487311 
36068 0.113619 0.201958 
36069 0.118275 0.354465 
36070 0.253309 -0.263942 
36071 0.257405 -0.109788 
36072 0.261514 0.0434246 
36073 0.26553 0.19598 
36074 0.269649 0.347682 
36075 -0.372461 -0.250663 
36076 -0.36616 -0.0935526 
36077 -0.359779 0.0624531 
36078 -0.353687 0.217631 
36079 -0.347668 0.371767 
36080 -0.214564 -0.254371 
36081 -0.208957 -0.0980793 
36082 -0.203057 0.0567985 
36083 -0.197298 0.211184 
36084 -0.191614 0.364251 
36085 -0.0583985 -0.258192 
36086 -0.053333 -0.102969 
36087 -0.0478675 0.0513188 
36088 -0.0427878 0.204544 
36089 -0.0376209 0.357045 
36090 0.0956057 -0.26177 
36091 0.100629 -0.107576 
36092 0.105145 0.0459031 
36093 0.109985 0.198232 
36094 0.1146 0.34986 
36095 0.248058 -0.265442 
36096 0.252439 -0.111902 
36097 0.256765 0.0403787 
36098 0.260855 0.192005 
36099 0.265139 0.342645 
36100 -0.375029 -0.251649 
36101 -0.368286 -0.0951474 
36102 -0.361787 0.0602926 
36103 -0.355088 0.214614 
36104 -0.348714 0.36797 
36105 -0.217453 -0.255475 
36106 -0.211492 -0.100147 
36107 -0.20543 0.0543037 
36108 -0.199386 0.207879 
36109 -0.193358 0.360246 
36110 -0.0621895 -0.259357 
36111 -0.0566067 -0.104801 
36112 -0.0512064 0.0486394 
36113 -0.0457351 0.201116 
36114 -0.0403101 0.352593 
36115 0.0913644 -0.263143 
36116 0.09639 -0.109523 
36117 0.101306 0.0430589 
36118 0.106262 0.194546 
36119 0.111149 0.345022 
36120 0.243041 -0.267003 
36121 0.247485 -0.114271 
36122 0.251845 0.0373305 
36123 0.256264 0.187858 
36124 0.260608 0.337645 
36125 -0.377494 -0.252732 
36126 -0.37046 -0.0968049 
36127 -0.36356 0.0579236 
36128 -0.356573 0.211647 
36129 -0.349781 0.36429 
36130 -0.220483 -0.256805 
36131 -0.214141 -0.101792 
36132 -0.207804 0.0520591 
36133 -0.20144 0.204542 
36134 -0.195402 0.356045 
36135 -0.0656301 -0.26073 
36136 -0.0598239 -0.106733 
36137 -0.0542637 0.0461348 
36138 -0.0483856 0.197678 
36139 -0.0428678 0.348126 
36140 0.0872105 -0.264551 
36141 0.0923294 -0.111598 
36142 0.0974269 0.0399407 
36143 0.102393 0.190752 
36144 0.107593 0.340288 
36145 0.237987 -0.268601 
36146 0.242604 -0.116638 
36147 0.247154 0.0342682 
36148 0.251519 0.184004 
36149 0.256022 0.332517 
36150 -0.379692 -0.253879 
36151 -0.372551 -0.0984439 
36152 -0.365262 0.0556713 
36153 -0.358122 0.208518 
36154 -0.351038 0.360281 
36155 -0.223404 -0.257934 
36156 -0.216794 -0.103595 
36157 -0.210275 0.0494066 
36158 -0.203649 0.20133 
36159 -0.197327 0.351909 
36160 -0.0689941 -0.262039 
36161 -0.0632763 -0.108864 
36162 -0.0572375 0.0432481 
36163 -0.0515203 0.194073 
36164 -0.0456145 0.343812 
36165 0.083005 -0.26607 
36166 0.0882887 -0.113823 
36167 0.0936075 0.0371601 
36168 0.0988063 0.187045 
36169 0.103881 0.335661 
36170 0.232966 -0.269919 
36171 0.237705 -0.118859 
36172 0.242455 0.0310642 
36173 0.246906 0.180056 
36174 0.251442 0.327472 
36175 -0.382324 -0.255082 
36176 -0.374621 -0.100353 
36177 -0.367164 0.053296 
36178 -0.359686 0.205476 
36179 -0.352286 0.356278 
36180 -0.226238 -0.259479 
36181 -0.219307 -0.105585 
36182 -0.212592 0.0467193 
36183 -0.205814 0.19787 
36184 -0.199194 0.347709 
36185 -0.0726227 -0.263456 
36186 -0.0665401 -0.110777 
36187 -0.0603718 0.0403896 
36188 -0.0542582 0.190515 
36189 -0.0483962 0.33924 
36190 0.0788242 -0.267581 
36191 0.0843207 -0.116036 
36192 0.089731 0.0341904 
36193 0.0949524 0.183207 
36194 0.100259 0.330826 
36195 0.228128 -0.271567 
36196 0.232878 -0.121234 
36197 0.237558 0.0280472 
36198 0.242187 0.176011 
36199 0.246922 0.322574 
