35775 -0.333451 -0.250063 
35776 -0.333212 -0.0833212 
35777 -0.333404 0.0832844 
35778 -0.333377 0.250023 
35779 -0.333299 0.416619 
35780 -0.166673 -0.249946 
35781 -0.166638 -0.0833948 
35782 -0.166726 0.0833343 
35783 -0.16676 0.249917 
35784 -0.166695 0.416588 
35785 -1.67564e-05 -0.250079 
35786 2.35035e-05 -0.0833898 
35787 -1.63063e-07 0.0834287 
35788 6.93247e-05 0.250057 
35789 -2.74929e-06 0.416707 
35790 0.166706 -0.249862 
35791 0.166571 -0.0832013 
35792 0.166646 0.083299 
35793 0.166753 0.249947 
35794 0.166727 0.416695 
35795 0.333311 -0.249982 
35796 0.333371 -0.0832295 
35797 0.333365 0.0833264 
35798 0.333339 0.250082 
35799 0.33338 0.416821 
35800 -0.336073 -0.249515 
35801 -0.335553 -0.0835909 
35802 -0.335025 0.0822196 
35803 -0.334575 0.248219 
35804 -0.334134 0.413959 
35805 -0.170091 -0.249815 
35806 -0.169594 -0.0839758 
35807 -0.169169 0.0819341 
35808 -0.168677 0.247722 
35809 -0.168248 0.413371 
35810 -0.00416763 -0.250112 
35811 -0.00368104 -0.084316 
35812 -0.00329878 0.0813463 
35813 -0.00302474 0.247212 
35814 -0.00260697 0.412868 
35815 0.161664 -0.250511 
35816 0.162132 -0.0848374 
35817 0.162385 0.0809987 
35818 0.162822 0.246588 
35819 0.163108 0.41221 
35820 0.327304 -0.250835 
35821 0.327559 -0.0851704 
35822 0.327968 0.0805273 
35823 0.328295 0.246106 
35824 0.328634 0.411574 
35825 -0.338652 -0.249138 
35826 -0.337814 -0.0838684 
35827 -0.336888 0.0810643 
35828 -0.335951 0.246129 
35829 -0.334975 0.411261 
35830 -0.17335 -0.250027 
35831 -0.172361 -0.0846017 
35832 -0.171617 0.0804168 
35833 -0.170701 0.245195 
35834 -0.169907 0.410183 
35835 -0.00838386 -0.250442 
35836 -0.00742845 -0.085397 
35837 -0.00652373 0.0793949 
35838 -0.00577893 0.244256 
35839 -0.00498888 0.408947 
35840 0.156576 -0.250982 
35841 0.157359 -0.086183 
35842 0.158031 0.0785753 
35843 0.158864 0.243174 
35844 0.159616 0.407786 
35845 0.321199 -0.251561 
35846 0.321824 -0.0869841 
35847 0.322513 0.0775688 
35848 0.323228 0.242226 
35849 0.324109 0.406615 
35850 -0.341421 -0.248974 
35851 -0.339939 -0.0845113 
35852 -0.338682 0.0798934 
35853 -0.337288 0.244299 
35854 -0.335955 0.408338 
35855 -0.176569 -0.250002 
35856 -0.175343 -0.0855015 
35857 -0.174082 0.0787365 
35858 -0.172812 0.242769 
35859 -0.171434 0.406639 
35860 -0.0122701 -0.250778 
35861 -0.0111517 -0.0866189 
35862 -0.00982778 0.0773319 
35863 -0.00866381 0.241293 
35864 -0.00750562 0.40482 
35865 0.151642 -0.251688 
35866 0.152748 -0.0876234 
35867 0.153867 0.0759243 
35868 0.155086 0.239651 
35869 0.156117 0.403204 
35870 0.315121 -0.252465 
35871 0.316189 -0.0888035 
35872 0.317348 0.074684 
35873 0.318369 0.238168 
35874 0.319387 0.401473 
35875 -0.343939 -0.248865 
35876 -0.34214 -0.0850807 
35877 -0.340333 0.0785766 
35878 -0.338688 0.242184 
35879 -0.336752 0.405295 
35880 -0.179997 -0.250045 
35881 -0.178271 -0.0864965 
35882 -0.176445 0.0768483 
35883 -0.174754 0.240053 
35884 -0.173047 0.402991 
35885 -0.0163317 -0.251284 
35886 -0.0146791 -0.0878961 
35887 -0.0131194 0.0750828 
35888 -0.0114608 0.238022 
35889 -0.0100647 0.400847 
35890 0.146835 -0.252615 
35891 0.148287 -0.0893321 
35892 0.14974 0.0734139 
35893 0.151207 0.236073 
35894 0.152678 0.398586 
35895 0.30918 -0.253688 
35896 0.310689 -0.090859 
35897 0.312002 0.0717493 
35898 0.313305 0.234127 
35899 0.314644 0.396183 
35900 -0.346713 -0.249034 
35901 -0.344409 -0.0859152 
35902 -0.342145 0.0772797 
35903 -0.339971 0.239789 
35904 -0.337718 0.402214 
35905 -0.183051 -0.250525 
35906 -0.181091 -0.0873799 
35907 -0.17883 0.075017 
35908 -0.17678 0.237336 
35909 -0.174639 0.39933 
35910 -0.0203598 -0.251968 
35911 -0.0183673 -0.0892151 
35912 -0.0164299 0.072845 
35913 -0.0143128 0.234972 
35914 -0.012504 0.396683 
35915 0.141941 -0.253289 
35916 0.143764 -0.091024 
35917 0.145619 0.0708715 
35918 0.147344 0.232493 
35919 0.149296 0.393857 
35920 0.303486 -0.254845 
35921 0.30513 -0.0927669 
35922 0.3068 0.068708 
35923 0.308378 0.230153 
35924 0.309995 0.391062 
35925 -0.349255 -0.249288 
35926 -0.346548 -0.0866347 
35927 -0.343982 0.0756074 
35928 -0.341271 0.237591 
35929 -0.338578 0.39889 
35930 -0.186247 -0.250991 
35931 -0.183713 -0.0887244 
35932 -0.181406 0.0731137 
35933 -0.178988 0.234468 
35934 -0.176446 0.395695 
35935 -0.0241586 -0.252701 
35936 -0.0218947 -0.0909953 
35937 -0.0196832 0.0706241 
35938 -0.0173247 0.231735 
35939 -0.0149392 0.39216 
35940 0.137216 -0.254203 
35941 0.139287 -0.0929831 
35942 0.141337 0.0680608 
35943 0.143623 0.228835 
35944 0.14553 0.389062 
35945 0.297548 -0.255913 
35946 0.299559 -0.0950093 
35947 0.301542 0.0655101 
35948 0.303606 0.225898 
35949 0.305398 0.385922 
35950 -0.351803 -0.249551 
35951 -0.34873 -0.0876224 
35952 -0.345697 0.0738608 
35953 -0.342611 0.235076 
35954 -0.339477 0.395717 
35955 -0.18954 -0.2516 
35956 -0.186659 -0.0900527 
35957 -0.183834 0.0710437 
35958 -0.180905 0.231663 
35959 -0.178 0.391908 
35960 -0.0280525 -0.253447 
35961 -0.0253959 -0.0923685 
35962 -0.0228075 0.0680402 
35963 -0.0200742 0.228322 
35964 -0.0173904 0.388169 
35965 0.132403 -0.255275 
35966 0.134868 -0.0947783 
35967 0.137341 0.0654007 
35968 0.139717 0.225016 
35969 0.142115 0.384294 
35970 0.291994 -0.257125 
35971 0.294226 -0.0971629 
35972 0.29645 0.0623966 
35973 0.298447 0.221767 
35974 0.300757 0.380626 
35975 -0.354607 -0.250105 
35976 -0.350975 -0.0886378 
35977 -0.347423 0.072025 
35978 -0.344038 0.232358 
35979 -0.340473 0.392156 
35980 -0.192543 -0.252166 
35981 -0.189265 -0.0912899 
35982 -0.186233 0.0690156 
35983 -0.182976 0.228638 
35984 -0.17972 0.387902 
35985 -0.0320358 -0.254374 
35986 -0.0290294 -0.0940486 
35987 -0.0259696 0.0658005 
35988 -0.0230561 0.224916 
35989 -0.0199814 0.38367 
35990 0.127778 -0.256525 
35991 0.130577 -0.0966005 
35992 0.133139 0.0627087 
35993 0.135861 0.221274 
35994 0.138466 0.379591 
35995 0.286275 -0.258513 
35996 0.288679 -0.0994751 
35997 0.291282 0.0593902 
35998 0.293757 0.217628 
35999 0.296123 0.375406 
36000 -0.357036 -0.250775 
36001 -0.353087 -0.0899583 
36002 -0.349168 0.0702491 
36003 -0.345367 0.229778 
36004 -0.341564 0.388673 
36005 -0.19586 -0.253067 
36006 -0.192243 -0.0928399 
36007 -0.188606 0.0666663 
36008 -0.184991 0.225761 
36009 -0.18152 0.383891 
36010 -0.0358283 -0.255419 
36011 -0.0324225 -0.0957973 
36012 -0.0291293 0.0632342 
36013 -0.0259061 0.221535 
36014 -0.0227672 0.37936 
36015 0.123254 -0.257573 
36016 0.126042 -0.0986524 
36017 0.128987 0.0597204 
36018 0.131995 0.217377 
36019 0.135103 0.374615 
36020 0.28089 -0.259889 
36021 0.283468 -0.101641 
36022 0.286133 0.0561383 
36023 0.288849 0.213413 
36024 0.291463 0.370103 
36025 -0.359482 -0.251305 
36026 -0.355226 -0.0912231 
36027 -0.350991 0.0681747 
36028 -0.346723 0.227014 
36029 -0.342413 0.384849 
36030 -0.198866 -0.253952 
36031 -0.194981 -0.094333 
36032 -0.190953 0.0644155 
36033 -0.187168 0.222493 
36034 -0.183245 0.379866 
36035 -0.039498 -0.256302 
36036 -0.0358929 -0.0976427 
36037 -0.0323005 0.0605514 
36038 -0.0287888 0.218066 
36039 -0.0252276 0.374832 
36040 0.118694 -0.258967 
36041 0.121911 -0.100788 
36042 0.125034 0.0567357 
36043 0.12824 0.213523 
36044 0.131333 0.369808 
36045 0.275543 -0.261172 
36046 0.278397 -0.103836 
36047 0.281183 0.0530427 
36048 0.283935 0.209133 
36049 0.286894 0.364687 
36050 -0.362166 -0.25217 
36051 -0.357375 -0.09251 
36052 -0.352739 0.0661168 
36053 -0.348145 0.224087 
36054 -0.343317 0.381343 
36055 -0.201959 -0.254949 
36056 -0.197551 -0.0959317 
36057 -0.193402 0.0620831 
36058 -0.189319 0.219304 
36059 -0.184976 0.375789 
36060 -0.04327 -0.25761 
36061 -0.0392964 -0.0993787 
36062 -0.0354387 0.0578988 
36063 -0.0316755 0.214457 
36064 -0.0278971 0.370349 
36065 0.114164 -0.260151 
36066 0.117605 -0.102699 
36067 0.121065 0.0538712 
36068 0.12445 0.209769 
36069 0.127854 0.365001 
36070 0.269992 -0.262802 
36071 0.273072 -0.106108 
36072 0.276121 0.049896 
36073 0.279118 0.205134 
36074 0.282091 0.359554 
36075 -0.364455 -0.253139 
36076 -0.359478 -0.0940723 
36077 -0.354476 0.0640019 
36078 -0.34946 0.221195 
36079 -0.344572 0.377441 
36080 -0.205018 -0.255981 
36081 -0.20045 -0.0976949 
36082 -0.195855 0.0596976 
36083 -0.191358 0.215919 
36084 -0.18686 0.371561 
36085 -0.0468246 -0.258845 
36086 -0.0427565 -0.101324 
36087 -0.0386258 0.0552813 
36088 -0.0345384 0.210931 
36089 -0.0305563 0.365777 
36090 0.109764 -0.26147 
36091 0.113364 -0.104973 
36092 0.117022 0.0508453 
36093 0.120828 0.205855 
36094 0.124183 0.360013 
36095 0.264774 -0.264362 
36096 0.268012 -0.10844 
36097 0.271158 0.0467016 
36098 0.274428 0.200963 
36099 0.277547 0.354299 
36100 -0.367079 -0.254069 
36101 -0.361701 -0.09573 
36102 -0.356132 0.0617601 
36103 -0.350981 0.218237 
36104 -0.34542 0.373596 
36105 -0.207956 -0.25716 
36106 -0.20303 -0.0994966 
36107 -0.198147 0.0570855 
36108 -0.193458 0.21255 
36109 -0.188576 0.367383 
36110 -0.0504433 -0.260148 
36111 -0.0461402 -0.103361 
36112 -0.0417737 0.0525739 
36113 -0.0375456 0.207323 
36114 -0.0331362 0.361329 
36115 0.105315 -0.262975 
36116 0.109193 -0.106992 
36117 0.112877 0.047988 
36118 0.116862 0.202115 
36119 0.120655 0.355143 
36120 0.25957 -0.265909 
36121 0.262925 -0.11071 
36122 0.266374 0.0434845 
36123 0.269461 0.196648 
36124 0.273009 0.34901 
36125 -0.369535 -0.255195 
36126 -0.36384 -0.0972257 
36127 -0.35806 0.059532 
36128 -0.352292 0.215159 
36129 -0.346763 0.369667 
36130 -0.211028 -0.25816 
36131 -0.205678 -0.101276 
36132 -0.200664 0.0545725 
36133 -0.195478 0.20935 
36134 -0.190523 0.363056 
36135 -0.0539143 -0.261353 
36136 -0.0494652 -0.105143 
36137 -0.0450263 0.049663 
36138 -0.0404156 0.203623 
36139 -0.0357667 0.356647 
36140 0.101098 -0.26442 
36141 0.105118 -0.109208 
36142 0.10912 0.0449173 
36143 0.113052 0.19813 
36144 0.117126 0.350189 
36145 0.254505 -0.267455 
36146 0.257997 -0.113154 
36147 0.261384 0.0401682 
36148 0.264943 0.192646 
36149 0.268293 0.344049 
36150 -0.371894 -0.256349 
36151 -0.365868 -0.0990185 
36152 -0.359662 0.056966 
36153 -0.353821 0.211911 
36154 -0.347931 0.365648 
36155 -0.213764 -0.259521 
36156 -0.208479 -0.103204 
36157 -0.202916 0.0519973 
36158 -0.197618 0.206008 
36159 -0.192263 0.358731 
36160 -0.0575407 -0.262824 
36161 -0.0527846 -0.107289 
36162 -0.0481148 0.0469856 
36163 -0.043254 0.199986 
36164 -0.038512 0.351965 
36165 0.0968831 -0.265962 
36166 0.100943 -0.11143 
36167 0.105243 0.0421087 
36168 0.109303 0.194362 
36169 0.113331 0.345334 
36170 0.249364 -0.269032 
36171 0.25304 -0.115358 
36172 0.256495 0.0371444 
36173 0.260053 0.188347 
36174 0.26374 0.338738 
36175 -0.374244 -0.257699 
36176 -0.367863 -0.100809 
36177 -0.361609 0.0546191 
36178 -0.355445 0.208694 
36179 -0.349151 0.361706 
36180 -0.216668 -0.260856 
36181 -0.211145 -0.1053 
36182 -0.205439 0.0493407 
36183 -0.199794 0.202556 
36184 -0.194202 0.354374 
36185 -0.0610639 -0.26423 
36186 -0.056064 -0.109459 
36187 -0.0512637 0.0440717 
36188 -0.0462324 0.196376 
36189 -0.0412629 0.347298 
36190 0.0925628 -0.267292 
36191 0.0969787 -0.113619 
36192 0.101258 0.0389557 
36193 0.105472 0.190372 
36194 0.109782 0.340455 
36195 0.24443 -0.270716 
36196 0.248013 -0.117818 
36197 0.25176 0.0338494 
36198 0.25535 0.184388 
36199 0.25894 0.333656 
36200 -0.376489 -0.259015 
36201 -0.37003 -0.102672 
36202 -0.363557 0.0520874 
36203 -0.357018 0.205326 
36204 -0.350384 0.357446 
36205 -0.219503 -0.262246 
36206 -0.213593 -0.107143 
36207 -0.207798 0.0466996 
36208 -0.202178 0.198981 
36209 -0.196317 0.350018 
36210 -0.0646147 -0.265643 
36211 -0.0592444 -0.111616 
36212 -0.0541643 0.0413424 
36213 -0.0491044 0.192792 
36214 -0.044046 0.342694 
36215 0.088375 -0.269117 
36216 0.0929507 -0.115807 
36217 0.0973657 0.0360529 
36218 0.101731 0.186416 
36219 0.106118 0.335598 
36220 0.239419 -0.272302 
36221 0.243158 -0.120099 
36222 0.246843 0.0308032 
36223 0.250628 0.180285 
36224 0.254212 0.328421 
36225 -0.378976 -0.260296 
36226 -0.372069 -0.104582 
36227 -0.365291 0.0495608 
36228 -0.358369 0.202209 
36229 -0.351728 0.35333 
36230 -0.222311 -0.263785 
36231 -0.216325 -0.109139 
36232 -0.210251 0.0439591 
36233 -0.204237 0.195586 
36234 -0.19825 0.345678 
36235 -0.0680279 -0.267152 
36236 -0.0626118 -0.11368 
36237 -0.0573071 0.0382726 
36238 -0.0520416 0.189175 
36239 -0.0468971 0.338125 
36240 0.0843709 -0.270519 
36241 0.0888996 -0.118103 
36242 0.0934652 0.0329153 
36243 0.0979864 0.182551 
36244 0.102257 0.330905 
36245 0.23472 -0.273938 
36246 0.238314 -0.122335 
36247 0.242171 0.0275932 
36248 0.245807 0.176289 
36249 0.249674 0.323388 
36250 -0.381259 -0.261675 
36251 -0.374112 -0.106564 
36252 -0.367123 0.0468543 
36253 -0.359914 0.198821 
36254 -0.353085 0.349169 
36255 -0.225274 -0.265304 
36256 -0.218851 -0.111278 
36257 -0.212519 0.0411709 
36258 -0.206488 0.192064 
36259 -0.200328 0.341361 
36260 -0.0713034 -0.26865 
36261 -0.0659727 -0.11573 
36262 -0.0604151 0.0355189 
36263 -0.0551478 0.185405 
36264 -0.0496873 0.333637 
36265 0.0802895 -0.272009 
36266 0.0849849 -0.120289 
36267 0.0895823 0.0300266 
36268 0.0941116 0.178758 
36269 0.0987493 0.326023 
36270 0.22979 -0.275366 
36271 0.233652 -0.124662 
36272 0.23737 0.0246039 
36273 0.241277 0.172332 
36274 0.244835 0.318546 
