35950 -0.333304 -0.249996 
35951 -0.333415 -0.0833222 
35952 -0.333362 0.0831948 
35953 -0.333298 0.249934 
35954 -0.333291 0.416619 
35955 -0.166782 -0.25003 
35956 -0.166491 -0.0834302 
35957 -0.166721 0.083332 
35958 -0.166629 0.250014 
35959 -0.16661 0.416728 
35960 7.73812e-06 -0.249896 
35961 3.9944e-05 -0.0834381 
35962 -4.77164e-05 0.0834547 
35963 2.8814e-05 0.249928 
35964 -3.79877e-05 0.416647 
35965 0.166667 -0.249965 
35966 0.166681 -0.0834054 
35967 0.166661 0.0832135 
35968 0.166601 0.249902 
35969 0.166747 0.416595 
35970 0.333271 -0.249902 
35971 0.333354 -0.083445 
35972 0.333298 0.0834264 
35973 0.333384 0.250039 
35974 0.333396 0.416712 
35975 -0.335826 -0.250456 
35976 -0.335542 -0.084538 
35977 -0.335176 0.0813417 
35978 -0.334615 0.247158 
35979 -0.33421 0.412988 
35980 -0.169968 -0.25083 
35981 -0.16948 -0.0849258 
35982 -0.169176 0.0809161 
35983 -0.16884 0.246759 
35984 -0.168452 0.412436 
35985 -0.00393202 -0.250961 
35986 -0.00364276 -0.0850856 
35987 -0.00329475 0.0805438 
35988 -0.00302004 0.246286 
35989 -0.00261714 0.411982 
35990 0.161763 -0.251192 
35991 0.161932 -0.0853753 
35992 0.162235 0.0801751 
35993 0.162652 0.245843 
35994 0.163088 0.41154 
35995 0.327434 -0.25137 
35996 0.327676 -0.0857773 
35997 0.327857 0.0798771 
35998 0.328202 0.245445 
35999 0.328439 0.41082 
36000 -0.338362 -0.251062 
36001 -0.33766 -0.0857463 
36002 -0.336776 0.0793515 
36003 -0.335979 0.244263 
36004 -0.335018 0.409179 
36005 -0.173069 -0.251504 
36006 -0.172338 -0.0864072 
36007 -0.171517 0.0786643 
36008 -0.170767 0.243506 
36009 -0.169925 0.408113 
36010 -0.00789152 -0.251858 
36011 -0.00719157 -0.0869499 
36012 -0.00662239 0.0780645 
36013 -0.00594615 0.242622 
36014 -0.00528285 0.407191 
36015 0.156975 -0.25245 
36016 0.157435 -0.0875715 
36017 0.158028 0.0771596 
36018 0.158666 0.241735 
36019 0.159302 0.406051 
36020 0.321581 -0.252908 
36021 0.322094 -0.0881074 
36022 0.322416 0.0764031 
36023 0.32291 0.240822 
36024 0.323511 0.405242 
36025 -0.341132 -0.251882 
36026 -0.339829 -0.0871521 
36027 -0.338427 0.0772259 
36028 -0.337267 0.24144 
36029 -0.336075 0.405274 
36030 -0.176219 -0.252383 
36031 -0.175113 -0.0880848 
36032 -0.173996 0.0762264 
36033 -0.172916 0.240159 
36034 -0.171809 0.403846 
36035 -0.0118415 -0.253004 
36036 -0.0107584 -0.0887946 
36037 -0.00981341 0.0751835 
36038 -0.00895795 0.238755 
36039 -0.00787968 0.402364 
36040 0.152227 -0.253818 
36041 0.153057 -0.089695 
36042 0.153855 0.0740811 
36043 0.1547 0.237601 
36044 0.155507 0.400857 
36045 0.315772 -0.254437 
36046 0.316537 -0.0904375 
36047 0.317209 0.0729631 
36048 0.317675 0.236181 
36049 0.318494 0.399256 
36050 -0.343527 -0.252705 
36051 -0.341919 -0.0885891 
36052 -0.340315 0.0750882 
36053 -0.338573 0.238474 
36054 -0.336901 0.401242 
36055 -0.17944 -0.253463 
36056 -0.17784 -0.0897176 
36057 -0.176466 0.0736871 
36058 -0.174809 0.236721 
36059 -0.173464 0.399389 
36060 -0.0157412 -0.254191 
36061 -0.0143252 -0.0908215 
36062 -0.0131532 0.0724291 
36063 -0.011833 0.235104 
36064 -0.0104755 0.397478 
36065 0.147418 -0.255176 
36066 0.148525 -0.0918586 
36067 0.149566 0.070804 
36068 0.150753 0.233305 
36069 0.151814 0.395416 
36070 0.310057 -0.255935 
36071 0.310839 -0.0931173 
36072 0.311646 0.069566 
36073 0.312655 0.231763 
36074 0.313576 0.393466 
36075 -0.346065 -0.253531 
36076 -0.343989 -0.0902261 
36077 -0.342084 0.0727923 
36078 -0.339973 0.23527 
36079 -0.337892 0.397293 
36080 -0.182466 -0.254677 
36081 -0.180568 -0.0914874 
36082 -0.178979 0.0711908 
36083 -0.177153 0.23326 
36084 -0.175402 0.394782 
36085 -0.0194398 -0.25558 
36086 -0.0179644 -0.0928663 
36087 -0.0163277 0.0694168 
36088 -0.0149109 0.231215 
36089 -0.0132954 0.392582 
36090 0.142875 -0.256637 
36091 0.144341 -0.0941729 
36092 0.145446 0.0677001 
36093 0.146803 0.229231 
36094 0.148022 0.390282 
36095 0.304399 -0.257613 
36096 0.305444 -0.0955592 
36097 0.30675 0.0659597 
36098 0.307744 0.227236 
36099 0.308737 0.387769 
36100 -0.348737 -0.254525 
36101 -0.346138 -0.0918039 
36102 -0.34388 0.0704352 
36103 -0.34132 0.232137 
36104 -0.339049 0.393152 
36105 -0.185429 -0.255743 
36106 -0.183327 -0.0934115 
36107 -0.181275 0.0686548 
36108 -0.17916 0.229633 
36109 -0.177172 0.390214 
36110 -0.0232863 -0.256867 
36111 -0.0213395 -0.0948235 
36112 -0.0195109 0.0664274 
36113 -0.0177983 0.227237 
36114 -0.0160478 0.387632 
36115 0.138291 -0.258111 
36116 0.139775 -0.0964524 
36117 0.141289 0.0645412 
36118 0.142843 0.225028 
36119 0.144356 0.384792 
36120 0.29894 -0.259212 
36121 0.300316 -0.0980517 
36122 0.301483 0.0626194 
36123 0.302727 0.222582 
36124 0.303853 0.382123 
36125 -0.351129 -0.255685 
36126 -0.348294 -0.0936221 
36127 -0.345553 0.0680085 
36128 -0.342744 0.228788 
36129 -0.340042 0.388906 
36130 -0.188579 -0.257129 
36131 -0.186119 -0.095309 
36132 -0.183639 0.0657127 
36133 -0.18128 0.226127 
36134 -0.178905 0.385767 
36135 -0.026879 -0.258292 
36136 -0.0249861 -0.0971032 
36137 -0.0228522 0.0635753 
36138 -0.0207896 0.223444 
36139 -0.0189251 0.382657 
36140 0.133746 -0.259633 
36141 0.135444 -0.0987688 
36142 0.137095 0.0613956 
36143 0.138879 0.22088 
36144 0.140486 0.379431 
36145 0.293441 -0.260898 
36146 0.294786 -0.100538 
36147 0.296217 0.0592025 
36148 0.297415 0.218111 
36149 0.298829 0.376494 
36150 -0.353475 -0.256912 
36151 -0.350292 -0.0952738 
36152 -0.347291 0.0655125 
36153 -0.344096 0.225354 
36154 -0.341119 0.384477 
36155 -0.191558 -0.258227 
36156 -0.188892 -0.0972281 
36157 -0.186063 0.0628918 
36158 -0.183516 0.222485 
36159 -0.180771 0.381101 
36160 -0.0305834 -0.259767 
36161 -0.0282973 -0.0991901 
36162 -0.0260036 0.0606075 
36163 -0.0237453 0.219651 
36164 -0.0215553 0.377741 
36165 0.129303 -0.261135 
36166 0.131209 -0.101039 
36167 0.133068 0.0581802 
36168 0.13491 0.216566 
36169 0.136635 0.374107 
36170 0.288185 -0.262528 
36171 0.289568 -0.103 
36172 0.291006 0.0557564 
36173 0.292477 0.213619 
36174 0.294049 0.37096 
36175 -0.355833 -0.258248 
36176 -0.352322 -0.097163 
36177 -0.34897 0.0628664 
36178 -0.34567 0.222081 
36179 -0.342322 0.380225 
36180 -0.194536 -0.259666 
36181 -0.191439 -0.0993462 
36182 -0.188655 0.0601624 
36183 -0.185527 0.218654 
36184 -0.182746 0.376469 
36185 -0.0341608 -0.261217 
36186 -0.0315969 -0.101342 
36187 -0.029278 0.0575601 
36188 -0.026736 0.215522 
36189 -0.0242868 0.372603 
36190 0.124854 -0.26288 
36191 0.126981 -0.103434 
36192 0.128821 0.0549796 
36193 0.130839 0.21227 
36194 0.133005 0.368986 
36195 0.28285 -0.264192 
36196 0.284445 -0.105629 
36197 0.286009 0.0521765 
36198 0.287617 0.209211 
36199 0.28918 0.365197 
36200 -0.358106 -0.25961 
36201 -0.354418 -0.0991324 
36202 -0.350777 0.0601946 
36203 -0.347199 0.21867 
36204 -0.343515 0.376033 
36205 -0.197332 -0.261221 
36206 -0.194146 -0.10149 
36207 -0.191037 0.0573011 
36208 -0.18785 0.215013 
36209 -0.18463 0.371798 
36210 -0.0376675 -0.262774 
36211 -0.0351245 -0.103751 
36212 -0.0323879 0.054489 
36213 -0.0296282 0.211554 
36214 -0.0271279 0.367775 
36215 0.120556 -0.264384 
36216 0.122828 -0.105861 
36217 0.124801 0.0516746 
36218 0.12705 0.208282 
36219 0.129029 0.36369 
36220 0.277803 -0.265873 
36221 0.279371 -0.108148 
36222 0.280944 0.0489282 
36223 0.282464 0.204806 
36224 0.284098 0.359604 
36225 -0.360542 -0.26103 
36226 -0.356571 -0.100963 
36227 -0.352578 0.0575147 
36228 -0.348548 0.215091 
36229 -0.344671 0.371503 
36230 -0.200116 -0.262887 
36231 -0.196845 -0.103561 
36232 -0.193429 0.0544707 
36233 -0.190017 0.211462 
36234 -0.186612 0.367105 
36235 -0.0411998 -0.264229 
36236 -0.038464 -0.105827 
36237 -0.0355997 0.0515201 
36238 -0.0326969 0.20765 
36239 -0.0299811 0.362842 
36240 0.1163 -0.266041 
36241 0.118636 -0.108244 
36242 0.120904 0.0484981 
36243 0.123103 0.204019 
36244 0.125314 0.358481 
36245 0.272634 -0.267517 
36246 0.274299 -0.110535 
36247 0.275827 0.0455466 
36248 0.277484 0.200425 
36249 0.279246 0.354208 
36250 -0.362726 -0.262556 
36251 -0.358546 -0.103283 
36252 -0.354245 0.0548196 
36253 -0.350166 0.211591 
36254 -0.345982 0.366972 
36255 -0.202932 -0.264252 
36256 -0.199435 -0.10569 
36257 -0.195801 0.0515455 
36258 -0.192291 0.207556 
36259 -0.188588 0.362373 
36260 -0.0446498 -0.265857 
36261 -0.0416698 -0.108121 
36262 -0.0388695 0.0484224 
36263 -0.0357947 0.203782 
36264 -0.0329121 0.357818 
36265 0.112244 -0.267569 
36266 0.114435 -0.110492 
36267 0.116761 0.0452685 
36268 0.11913 0.19978 
36269 0.12143 0.353268 
36270 0.267436 -0.269378 
36271 0.269301 -0.112923 
36272 0.270914 0.0422216 
36273 0.272739 0.196104 
36274 0.274404 0.348895 
36275 -0.365073 -0.264273 
36276 -0.360655 -0.105489 
36277 -0.356103 0.0519338 
36278 -0.3517 0.207914 
36279 -0.34719 0.362543 
36280 -0.20566 -0.265872 
36281 -0.202096 -0.10791 
36282 -0.198162 0.0487138 
36283 -0.194443 0.203897 
36284 -0.190721 0.357803 
36285 -0.0479429 -0.267582 
36286 -0.0449796 -0.110419 
36287 -0.0418797 0.0454428 
36288 -0.0389769 0.199786 
36289 -0.0357866 0.35301 
36290 0.108001 -0.269175 
36291 0.110349 -0.112827 
36292 0.112716 0.0421324 
36293 0.115289 0.195801 
36294 0.117501 0.348317 
36295 0.262539 -0.270849 
36296 0.264212 -0.115455 
36297 0.266019 0.03898 
36298 0.267522 0.191755 
36299 0.269459 0.343481 
36300 -0.367393 -0.26581 
36301 -0.362594 -0.107619 
36302 -0.357865 0.0491711 
36303 -0.353268 0.204257 
36304 -0.348589 0.358159 
36305 -0.208549 -0.267569 
36306 -0.20452 -0.1102 
36307 -0.200651 0.0456706 
36308 -0.196717 0.200009 
36309 -0.192751 0.353104 
36310 -0.0514225 -0.269189 
36311 -0.0482495 -0.1127 
36312 -0.0450974 0.0423453 
36313 -0.0420014 0.195909 
36314 -0.0388913 0.347906 
36315 0.103917 -0.271002 
36316 0.106387 -0.11519 
36317 0.108819 0.0390369 
36318 0.111287 0.191766 
36319 0.113554 0.343091 
36320 0.257634 -0.272585 
36321 0.259312 -0.117733 
36322 0.261078 0.0358508 
36323 0.262915 0.187705 
36324 0.264375 0.338336 
36325 -0.369665 -0.267503 
36326 -0.364666 -0.109872 
36327 -0.359683 0.0462671 
36328 -0.354824 0.200712 
36329 -0.349909 0.353627 
36330 -0.211305 -0.269317 
36331 -0.207035 -0.112449 
36332 -0.203052 0.042816 
36333 -0.198986 0.19645 
36334 -0.195063 0.348495 
36335 -0.0548137 -0.270834 
36336 -0.0513614 -0.115036 
36337 -0.0482088 0.0393537 
36338 -0.0449229 0.192073 
36339 -0.0418132 0.343386 
36340 0.100001 -0.272524 
36341 0.102395 -0.1174 
36342 0.10485 0.0359882 
36343 0.107289 0.187791 
36344 0.109686 0.338176 
36345 0.252721 -0.27407 
36346 0.254554 -0.120057 
36347 0.256176 0.0326378 
36348 0.25794 0.183483 
36349 0.259457 0.333097 
36350 -0.371744 -0.269261 
36351 -0.3667 -0.112041 
36352 -0.36156 0.043346 
36353 -0.356503 0.19702 
36354 -0.351519 0.349112 
36355 -0.213867 -0.270957 
36356 -0.209639 -0.114617 
36357 -0.20541 0.0396427 
36358 -0.201363 0.192632 
36359 -0.197133 0.343767 
36360 -0.0579945 -0.272509 
36361 -0.0544988 -0.117346 
36362 -0.0513482 0.0363945 
36363 -0.0479029 0.188255 
36364 -0.0447566 0.338454 
36365 0.0960596 -0.274111 
36366 0.0984637 -0.119775 
36367 0.100943 0.032775 
36368 0.103329 0.183918 
36369 0.105787 0.333199 
36370 0.248047 -0.275656 
36371 0.249656 -0.122333 
36372 0.251242 0.0294723 
36373 0.253078 0.179618 
36374 0.25452 0.328085 
36375 -0.373936 -0.27111 
36376 -0.368617 -0.114398 
36377 -0.36338 0.040346 
36378 -0.358158 0.193294 
36379 -0.353138 0.344635 
36380 -0.216572 -0.272717 
36381 -0.21218 -0.116804 
36382 -0.207937 0.0367837 
36383 -0.203707 0.188925 
36384 -0.199435 0.339185 
36385 -0.0612041 -0.274268 
36386 -0.057781 -0.119566 
36387 -0.05448 0.033226 
36388 -0.0510464 0.184432 
36389 -0.047833 0.333693 
36390 0.0921455 -0.275728 
36391 0.0944443 -0.122065 
36392 0.0970989 0.0296927 
36393 0.0995176 0.180043 
36394 0.101952 0.328433 
36395 0.243301 -0.277193 
36396 0.24489 -0.12457 
36397 0.246603 0.0263957 
36398 0.248102 0.175619 
36399 0.249722 0.32296 
36400 -0.376091 -0.272853 
36401 -0.370598 -0.116655 
36402 -0.365232 0.0375542 
36403 -0.35983 0.189787 
36404 -0.35453 0.34022 
36405 -0.219216 -0.274341 
36406 -0.21474 -0.119227 
36407 -0.210211 0.0339016 
36408 -0.205993 0.185116 
36409 -0.201753 0.334441 
36410 -0.0644932 -0.275889 
36411 -0.0609215 -0.121719 
36412 -0.0576007 0.0303428 
36413 -0.0542468 0.180693 
36414 -0.0508558 0.328932 
36415 0.0881409 -0.277242 
36416 0.0907077 -0.124214 
36417 0.0931762 0.026877 
36418 0.0954644 0.176088 
36419 0.0980174 0.323554 
36420 0.238693 -0.278673 
36421 0.240378 -0.1267 
36422 0.241865 0.0234139 
36423 0.243234 0.171653 
36424 0.244805 0.318163 
36425 -0.378061 -0.274702 
36426 -0.372591 -0.119183 
36427 -0.36703 0.0344097 
36428 -0.361578 0.18614 
36429 -0.356191 0.335626 
36430 -0.221662 -0.276032 
36431 -0.217164 -0.121559 
36432 -0.212741 0.0309007 
36433 -0.20837 0.181389 
36434 -0.204108 0.330047 
36435 -0.0676775 -0.277403 
36436 -0.0640266 -0.123914 
36437 -0.0607241 0.0274732 
36438 -0.0573176 0.176891 
36439 -0.0538685 0.324406 
36440 0.0843641 -0.278635 
36441 0.0868906 -0.126511 
36442 0.0892091 0.0239224 
36443 0.0916132 0.172233 
36444 0.0939874 0.318874 
36445 0.234169 -0.279883 
36446 0.235603 -0.128726 
36447 0.237016 0.0205229 
36448 0.23855 0.167913 
36449 0.239847 0.313355 
