36300 -0.333358 -0.249956 
36301 -0.333247 -0.0833677 
36302 -0.333249 0.0833405 
36303 -0.333303 0.249894 
36304 -0.33339 0.416743 
36305 -0.166666 -0.249954 
36306 -0.166624 -0.0834543 
36307 -0.166811 0.0832535 
36308 -0.166732 0.249984 
36309 -0.166693 0.416675 
36310 -4.45302e-05 -0.249973 
36311 2.80859e-05 -0.0833269 
36312 -5.231e-05 0.0833366 
36313 -5.74476e-05 0.250081 
36314 0.000106162 0.416769 
36315 0.166741 -0.250098 
36316 0.166735 -0.0832895 
36317 0.166709 0.083264 
36318 0.166613 0.250028 
36319 0.166636 0.416655 
36320 0.33334 -0.250044 
36321 0.333264 -0.0833418 
36322 0.333377 0.0833555 
36323 0.333318 0.250017 
36324 0.333397 0.416722 
36325 -0.3355 -0.251675 
36326 -0.335426 -0.0858498 
36327 -0.335093 0.080174 
36328 -0.334911 0.245925 
36329 -0.334607 0.411509 
36330 -0.169339 -0.251811 
36331 -0.169313 -0.0858466 
36332 -0.169116 0.0799718 
36333 -0.168904 0.245683 
36334 -0.168987 0.411207 
36335 -0.0035682 -0.251703 
36336 -0.00344031 -0.0859211 
36337 -0.00320904 0.0799604 
36338 -0.00327975 0.245494 
36339 -0.00310953 0.410938 
36340 0.162235 -0.251756 
36341 0.162315 -0.0859513 
36342 0.162429 0.0797034 
36343 0.162175 0.24529 
36344 0.162383 0.410785 
36345 0.327865 -0.251655 
36346 0.32789 -0.0860378 
36347 0.327803 0.0798022 
36348 0.327728 0.245259 
36349 0.32761 0.410489 
36350 -0.337599 -0.253436 
36351 -0.337333 -0.0881875 
36352 -0.336821 0.0769647 
36353 -0.336329 0.241816 
36354 -0.335931 0.406398 
36355 -0.172294 -0.25346 
36356 -0.171961 -0.0882358 
36357 -0.171651 0.0766616 
36358 -0.171302 0.241492 
36359 -0.171113 0.405972 
36360 -0.00700073 -0.253421 
36361 -0.00698177 -0.0883124 
36362 -0.00669151 0.0765628 
36363 -0.00660696 0.241218 
36364 -0.00643465 0.405531 
36365 0.15789 -0.253356 
36366 0.157849 -0.0883803 
36367 0.157914 0.0763122 
36368 0.158005 0.240795 
36369 0.157989 0.404886 
36370 0.32247 -0.25331 
36371 0.322485 -0.0884308 
36372 0.322248 0.0762881 
36373 0.3222 0.240378 
36374 0.322014 0.404447 
36375 -0.339993 -0.255443 
36376 -0.339213 -0.0905365 
36377 -0.338621 0.0737448 
36378 -0.337907 0.237707 
36379 -0.33738 0.401263 
36380 -0.174996 -0.255229 
36381 -0.174508 -0.0906673 
36382 -0.174131 0.0734632 
36383 -0.173702 0.237299 
36384 -0.173311 0.400695 
36385 -0.0104041 -0.255155 
36386 -0.0103693 -0.0906668 
36387 -0.0101154 0.073223 
36388 -0.00998107 0.236746 
36389 -0.00960525 0.399884 
36390 0.153596 -0.255027 
36391 0.153503 -0.091004 
36392 0.153653 0.0728241 
36393 0.153599 0.236234 
36394 0.153502 0.399108 
36395 0.317231 -0.2549 
36396 0.317041 -0.090898 
36397 0.316934 0.0726409 
36398 0.316677 0.235702 
36399 0.316404 0.398466 
36400 -0.341904 -0.257212 
36401 -0.341194 -0.0930169 
36402 -0.340418 0.0706235 
36403 -0.339536 0.233624 
36404 -0.338741 0.396033 
36405 -0.177678 -0.257093 
36406 -0.17718 -0.0930498 
36407 -0.176631 0.0701925 
36408 -0.176124 0.232954 
36409 -0.175626 0.395419 
36410 -0.0138521 -0.2568 
36411 -0.0137231 -0.093256 
36412 -0.0134195 0.0699171 
36413 -0.0132365 0.232381 
36414 -0.0129626 0.394427 
36415 0.14927 -0.256674 
36416 0.149264 -0.0933063 
36417 0.149148 0.0696107 
36418 0.149366 0.231825 
36419 0.149191 0.393556 
36420 0.312071 -0.256432 
36421 0.31185 -0.0932483 
36422 0.311513 0.0692137 
36423 0.311171 0.231197 
36424 0.310867 0.392698 
36425 -0.344093 -0.259181 
36426 -0.343146 -0.0956208 
36427 -0.342231 0.0673462 
36428 -0.341215 0.229503 
36429 -0.340361 0.391133 
36430 -0.180185 -0.258936 
36431 -0.179782 -0.0956412 
36432 -0.17916 0.0669505 
36433 -0.178604 0.228831 
36434 -0.177915 0.389981 
36435 -0.0172492 -0.258449 
36436 -0.0170843 -0.0956443 
36437 -0.0166366 0.0665214 
36438 -0.0165127 0.228094 
36439 -0.0161475 0.388968 
36440 0.145221 -0.258229 
36441 0.145036 -0.0956827 
36442 0.145014 0.0663342 
36443 0.144873 0.227464 
36444 0.144839 0.387979 
36445 0.306982 -0.257944 
36446 0.306631 -0.0956521 
36447 0.306171 0.0657693 
36448 0.305661 0.226796 
36449 0.305263 0.387113 
36450 -0.346057 -0.260873 
36451 -0.345026 -0.0980717 
36452 -0.343906 0.0640979 
36453 -0.342843 0.225422 
36454 -0.341927 0.38577 
36455 -0.182877 -0.260645 
36456 -0.182315 -0.09796 
36457 -0.181651 0.0638321 
36458 -0.181013 0.22471 
36459 -0.18051 0.384871 
36460 -0.020426 -0.26017 
36461 -0.020295 -0.097932 
36462 -0.0199633 0.06338 
36463 -0.019874 0.223957 
36464 -0.0196002 0.383693 
36465 0.141082 -0.259821 
36466 0.140907 -0.0978227 
36467 0.140728 0.0630141 
36468 0.140493 0.223164 
36469 0.140411 0.382451 
36470 0.301919 -0.259288 
36471 0.30143 -0.097945 
36472 0.300683 0.062636 
36473 0.300246 0.222472 
36474 0.299556 0.381458 
36475 -0.347968 -0.262823 
36476 -0.34692 -0.100478 
36477 -0.345628 0.0609299 
36478 -0.3446 0.221262 
36479 -0.343423 0.380907 
36480 -0.185445 -0.262311 
36481 -0.184894 -0.100343 
36482 -0.184139 0.0605443 
36483 -0.183438 0.220663 
36484 -0.182798 0.379708 
36485 -0.0237721 -0.261801 
36486 -0.0235809 -0.100344 
36487 -0.0234039 0.0602304 
36488 -0.0231262 0.219794 
36489 -0.0230733 0.37845 
36490 0.137038 -0.261237 
36491 0.136758 -0.100264 
36492 0.136452 0.0597642 
36493 0.136183 0.219008 
36494 0.136008 0.377303 
36495 0.297045 -0.260687 
36496 0.29618 -0.100031 
36497 0.295522 0.0595317 
36498 0.294811 0.218437 
36499 0.293877 0.376012 
36500 -0.350001 -0.264867 
36501 -0.348704 -0.103076 
36502 -0.347492 0.0578163 
36503 -0.346415 0.217296 
36504 -0.345267 0.375958 
36505 -0.188049 -0.264057 
36506 -0.187256 -0.102885 
36507 -0.186659 0.0573667 
36508 -0.185904 0.21643 
36509 -0.185218 0.374664 
36510 -0.0270164 -0.263353 
36511 -0.0268761 -0.102553 
36512 -0.0265698 0.0571282 
36513 -0.0264947 0.215811 
36514 -0.0264768 0.373438 
36515 0.133207 -0.262759 
36516 0.13273 -0.10241 
36517 0.132259 0.0568956 
36518 0.131983 0.214879 
36519 0.131631 0.371985 
36520 0.292007 -0.262031 
36521 0.291018 -0.1023 
36522 0.290116 0.056586 
36523 0.289341 0.214103 
36524 0.28843 0.370646 
36525 -0.351945 -0.266824 
36526 -0.350726 -0.105588 
36527 -0.349547 0.0545744 
36528 -0.348195 0.213364 
36529 -0.346768 0.370925 
36530 -0.190476 -0.265801 
36531 -0.189773 -0.105219 
36532 -0.189096 0.0542687 
36533 -0.188462 0.212489 
36534 -0.18774 0.369808 
36535 -0.0301274 -0.264939 
36536 -0.0300362 -0.104874 
36537 -0.0299445 0.0541818 
36538 -0.0298296 0.211729 
36539 -0.0298371 0.3683 
36540 0.129122 -0.264046 
36541 0.128647 -0.104414 
36542 0.128121 0.05383 
36543 0.127615 0.211064 
36544 0.127205 0.366915 
36545 0.287184 -0.2631 
36546 0.286085 -0.104213 
36547 0.284978 0.0535554 
36548 0.283875 0.210201 
36549 0.282929 0.365718 
36550 -0.353854 -0.268605 
36551 -0.352465 -0.107989 
36552 -0.351357 0.0514155 
36553 -0.350087 0.209595 
36554 -0.348699 0.366166 
36555 -0.192828 -0.267541 
36556 -0.192264 -0.107543 
36557 -0.191538 0.0512793 
36558 -0.191082 0.208597 
36559 -0.190273 0.364741 
36560 -0.0332265 -0.266371 
36561 -0.0331423 -0.107134 
36562 -0.0331799 0.0510085 
36563 -0.0331997 0.207817 
36564 -0.0332869 0.36337 
36565 0.125183 -0.265267 
36566 0.124572 -0.106584 
36567 0.123933 0.0509224 
36568 0.123258 0.207143 
36569 0.12272 0.362008 
36570 0.282437 -0.264166 
36571 0.281166 -0.106049 
36572 0.279867 0.0506983 
36573 0.278566 0.206413 
36574 0.277451 0.360645 
36575 -0.355812 -0.270517 
36576 -0.354485 -0.110357 
36577 -0.353134 0.0482351 
36578 -0.351883 0.205517 
36579 -0.350486 0.361467 
36580 -0.19533 -0.269182 
36581 -0.194664 -0.109669 
36582 -0.194069 0.048214 
36583 -0.193579 0.20477 
36584 -0.193017 0.3599 
36585 -0.0364443 -0.267764 
36586 -0.0364098 -0.109099 
36587 -0.0365735 0.0482801 
36588 -0.0365612 0.204134 
36589 -0.0366866 0.358562 
36590 0.121373 -0.266477 
36591 0.120634 -0.108609 
36592 0.119765 0.0481009 
36593 0.119031 0.203311 
36594 0.118187 0.357246 
36595 0.277665 -0.26526 
36596 0.276189 -0.107984 
36597 0.2747 0.0480294 
36598 0.273184 0.202666 
36599 0.271784 0.355836 
36600 -0.357625 -0.272325 
36601 -0.356511 -0.112736 
36602 -0.355102 0.0451124 
36603 -0.353702 0.201595 
36604 -0.352463 0.356656 
36605 -0.197538 -0.270674 
36606 -0.197224 -0.112134 
36607 -0.196594 0.0453384 
36608 -0.196074 0.200818 
36609 -0.195658 0.355067 
36610 -0.0392846 -0.269142 
36611 -0.0395017 -0.111207 
36612 -0.0397069 0.045345 
36613 -0.0400187 0.200464 
36614 -0.0401236 0.353874 
36615 0.117608 -0.267562 
36616 0.116581 -0.110321 
36617 0.115574 0.0455412 
36618 0.114618 0.199621 
36619 0.113772 0.352406 
36620 0.273142 -0.266129 
36621 0.271411 -0.1096 
36622 0.269604 0.0453796 
36623 0.267941 0.198967 
36624 0.266323 0.351078 
36625 -0.359452 -0.274124 
36626 -0.358211 -0.115151 
36627 -0.356896 0.0421115 
36628 -0.355688 0.197863 
36629 -0.354452 0.351866 
36630 -0.199985 -0.272314 
36631 -0.19967 -0.114104 
36632 -0.199137 0.0422077 
36633 -0.198687 0.197215 
36634 -0.198342 0.350621 
36635 -0.0422477 -0.270424 
36636 -0.0426205 -0.113227 
36637 -0.0429822 0.0425579 
36638 -0.0433845 0.196678 
36639 -0.0436677 0.349316 
36640 0.113852 -0.26869 
36641 0.112756 -0.112227 
36642 0.111562 0.0428352 
36643 0.110364 0.196085 
36644 0.109189 0.347829 
36645 0.268431 -0.266845 
36646 0.266643 -0.111283 
36647 0.264558 0.0430076 
36648 0.262729 0.19556 
36649 0.260794 0.346655 
36650 -0.361173 -0.275884 
36651 -0.359986 -0.117511 
36652 -0.358848 0.0392183 
36653 -0.357635 0.194128 
36654 -0.356444 0.347391 
36655 -0.202293 -0.273728 
36656 -0.202023 -0.11625 
36657 -0.201653 0.0396221 
36658 -0.201313 0.193595 
36659 -0.200959 0.345946 
36660 -0.0452543 -0.271716 
36661 -0.0456943 -0.115141 
36662 -0.0462713 0.0399285 
36663 -0.0467842 0.193143 
36664 -0.0472608 0.344774 
36665 0.110221 -0.269639 
36666 0.108864 -0.113929 
36667 0.10753 0.0402208 
36668 0.106251 0.192615 
36669 0.104787 0.343412 
36670 0.263992 -0.267622 
36671 0.261728 -0.112626 
36672 0.25954 0.0406731 
36673 0.25751 0.192307 
36674 0.255189 0.342213 
36675 -0.363065 -0.277695 
36676 -0.361987 -0.119894 
36677 -0.360681 0.0361398 
36678 -0.359374 0.190506 
36679 -0.35854 0.34277 
36680 -0.204633 -0.275279 
36681 -0.204223 -0.118347 
36682 -0.20427 0.0367357 
36683 -0.203957 0.190017 
36684 -0.203884 0.341572 
36685 -0.0480933 -0.272857 
36686 -0.048856 -0.116972 
36687 -0.0494702 0.0373424 
36688 -0.050052 0.189797 
36689 -0.0508671 0.340385 
36690 0.106629 -0.27056 
36691 0.10497 -0.115456 
36692 0.103449 0.0378389 
36693 0.101921 0.189399 
36694 0.100327 0.33911 
36695 0.259417 -0.26813 
36696 0.257117 -0.114023 
36697 0.25447 0.038436 
36698 0.252188 0.189025 
36699 0.249775 0.338027 
36700 -0.36469 -0.279276 
36701 -0.36364 -0.122067 
36702 -0.362648 0.0333649 
36703 -0.36169 0.186863 
36704 -0.360583 0.338333 
36705 -0.207008 -0.27667 
36706 -0.206846 -0.120379 
36707 -0.206858 0.0340698 
36708 -0.206702 0.186696 
36709 -0.206498 0.337267 
36710 -0.0507979 -0.273981 
36711 -0.0518158 -0.118617 
36712 -0.0526513 0.0347593 
36713 -0.0535871 0.1863 
36714 -0.0545143 0.336209 
36715 0.103095 -0.271245 
36716 0.101063 -0.116955 
36717 0.0993246 0.035634 
36718 0.0975559 0.18622 
36719 0.0958989 0.335005 
36720 0.255104 -0.268678 
36721 0.25236 -0.11528 
36722 0.249741 0.0362541 
36723 0.246897 0.186067 
36724 0.244322 0.33392 
36725 -0.366384 -0.280997 
36726 -0.365541 -0.124254 
36727 -0.364508 0.0304337 
36728 -0.363668 0.183203 
36729 -0.362919 0.334016 
36730 -0.209002 -0.277962 
36731 -0.209018 -0.122201 
36732 -0.209132 0.0314907 
36733 -0.209189 0.183217 
36734 -0.209429 0.333097 
36735 -0.0538117 -0.274994 
36736 -0.0549146 -0.120426 
36737 -0.0559739 0.0323485 
36738 -0.0570589 0.183158 
36739 -0.0580823 0.331932 
36740 0.099542 -0.271948 
36741 0.0974355 -0.118437 
36742 0.0953961 0.033383 
36743 0.0932899 0.183246 
36744 0.091427 0.331026 
36745 0.250765 -0.269091 
36746 0.247668 -0.116369 
36747 0.244744 0.0342517 
36748 0.241805 0.183182 
36749 0.238845 0.330098 
36750 -0.3681 -0.282606 
36751 -0.367276 -0.126316 
36752 -0.366573 0.0277172 
36753 -0.365813 0.179943 
36754 -0.364912 0.329815 
36755 -0.211156 -0.279171 
36756 -0.211456 -0.124095 
36757 -0.211736 0.0290148 
36758 -0.212037 0.179982 
36759 -0.212367 0.328923 
36760 -0.0567013 -0.275813 
36761 -0.0578638 -0.1219 
36762 -0.0591023 0.0302469 
36763 -0.0604026 0.180123 
36764 -0.0615873 0.328019 
36765 0.0960222 -0.272584 
36766 0.0936303 -0.119553 
36767 0.0913394 0.0312948 
36768 0.0891757 0.180152 
36769 0.086947 0.327116 
36770 0.246472 -0.269388 
36771 0.242996 -0.11734 
36772 0.239784 0.0323265 
36773 0.236562 0.180341 
36774 0.23354 0.326302 
36775 -0.369721 -0.284147 
36776 -0.369127 -0.128296 
36777 -0.368498 0.0251689 
36778 -0.367886 0.176473 
36779 -0.36716 0.325536 
36780 -0.213324 -0.280365 
36781 -0.213857 -0.125841 
36782 -0.214231 0.026645 
36783 -0.214864 0.176862 
36784 -0.215212 0.324904 
36785 -0.0592855 -0.276615 
36786 -0.060853 -0.12325 
36787 -0.0623157 0.0279092 
36788 -0.0638704 0.177097 
36789 -0.0653905 0.324129 
36790 0.0923929 -0.273035 
36791 0.0899917 -0.120831 
36792 0.0873835 0.0291937 
36793 0.0848988 0.177548 
36794 0.0823793 0.323461 
36795 0.24207 -0.26945 
36796 0.238532 -0.118419 
36797 0.234991 0.0306442 
36798 0.231438 0.177637 
36799 0.22794 0.322759 
