36400 -0.333428 -0.249962 
36401 -0.333371 -0.0833277 
36402 -0.333442 0.0833709 
36403 -0.333384 0.25004 
36404 -0.333278 0.416689 
36405 -0.166713 -0.250014 
36406 -0.166681 -0.0833155 
36407 -0.166658 0.0833742 
36408 -0.166589 0.249953 
36409 -0.16661 0.416709 
36410 -6.2923e-05 -0.249922 
36411 -2.21511e-05 -0.0833871 
36412 -2.86986e-05 0.0832922 
36413 -1.61508e-05 0.24988 
36414 6.54633e-05 0.416666 
36415 0.166656 -0.250029 
36416 0.166667 -0.0832262 
36417 0.166678 0.0832371 
36418 0.166649 0.249923 
36419 0.166648 0.416617 
36420 0.333348 -0.250067 
36421 0.333248 -0.0833274 
36422 0.333283 0.0832249 
36423 0.333235 0.250005 
36424 0.333303 0.416731 
36425 -0.335365 -0.251882 
36426 -0.335249 -0.0858779 
36427 -0.335026 0.0800334 
36428 -0.334976 0.245862 
36429 -0.334797 0.411422 
36430 -0.16943 -0.25175 
36431 -0.169275 -0.0858082 
36432 -0.169238 0.0798958 
36433 -0.169051 0.245691 
36434 -0.168942 0.411065 
36435 -0.00343658 -0.251647 
36436 -0.00346918 -0.0857091 
36437 -0.00334514 0.080043 
36438 -0.0033462 0.245728 
36439 -0.00337662 0.411074 
36440 0.162322 -0.251627 
36441 0.162389 -0.0857555 
36442 0.162108 0.0798416 
36443 0.162258 0.245465 
36444 0.162072 0.410805 
36445 0.327994 -0.25138 
36446 0.327853 -0.0857425 
36447 0.327751 0.0800187 
36448 0.327584 0.245267 
36449 0.327512 0.410586 
36450 -0.337478 -0.253813 
36451 -0.337186 -0.0885117 
36452 -0.336842 0.0767275 
36453 -0.336754 0.24162 
36454 -0.336476 0.406026 
36455 -0.172011 -0.25368 
36456 -0.171858 -0.0882348 
36457 -0.171727 0.0767594 
36458 -0.171602 0.241398 
36459 -0.171358 0.405784 
36460 -0.00682167 -0.253394 
36461 -0.00681386 -0.0881636 
36462 -0.00676642 0.0767173 
36463 -0.00687735 0.24129 
36464 -0.00688569 0.405467 
36465 0.158186 -0.253033 
36466 0.157874 -0.0882254 
36467 0.157804 0.0767142 
36468 0.157595 0.241034 
36469 0.157545 0.405249 
36470 0.322719 -0.252809 
36471 0.322564 -0.0880214 
36472 0.32221 0.0766808 
36473 0.322001 0.240878 
36474 0.321647 0.404821 
36475 -0.339394 -0.255761 
36476 -0.33915 -0.090854 
36477 -0.338743 0.0735044 
36478 -0.338272 0.237359 
36479 -0.337929 0.400955 
36480 -0.174501 -0.2553 
36481 -0.174447 -0.0907655 
36482 -0.174195 0.0733846 
36483 -0.17401 0.237071 
36484 -0.174026 0.400439 
36485 -0.0101497 -0.254888 
36486 -0.0101692 -0.0906977 
36487 -0.0102217 0.0733569 
36488 -0.0102182 0.236911 
36489 -0.0103911 0.399999 
36490 0.15391 -0.254585 
36491 0.153587 -0.0905293 
36492 0.153404 0.0734522 
36493 0.153115 0.236655 
36494 0.152884 0.399608 
36495 0.317548 -0.254129 
36496 0.317019 -0.0902725 
36497 0.316724 0.073358 
36498 0.316175 0.236543 
36499 0.315667 0.399141 
36500 -0.341351 -0.257514 
36501 -0.341081 -0.0934268 
36502 -0.340639 0.0702042 
36503 -0.340071 0.233184 
36504 -0.339626 0.395752 
36505 -0.17717 -0.257001 
36506 -0.176973 -0.09311 
36507 -0.176729 0.0701071 
36508 -0.17675 0.232972 
36509 -0.176613 0.395217 
36510 -0.0134071 -0.256329 
36511 -0.0134838 -0.0929854 
36512 -0.0135162 0.0702908 
36513 -0.0136645 0.232612 
36514 -0.0137956 0.394622 
36515 0.149823 -0.255952 
36516 0.149449 -0.0925607 
36517 0.149065 0.0700605 
36518 0.148731 0.232411 
36519 0.148348 0.394136 
36520 0.3126 -0.255432 
36521 0.31178 -0.092226 
36522 0.311248 0.0701351 
36523 0.310655 0.23208 
36524 0.310055 0.39359 
36525 -0.343226 -0.259615 
36526 -0.342972 -0.0959439 
36527 -0.342348 0.0668043 
36528 -0.341887 0.229029 
36529 -0.341428 0.390514 
36530 -0.179809 -0.2587 
36531 -0.179541 -0.095605 
36532 -0.179324 0.0669585 
36533 -0.179088 0.22887 
36534 -0.178969 0.390039 
36535 -0.0167557 -0.258108 
36536 -0.0167495 -0.0952345 
36537 -0.0170355 0.0670374 
36538 -0.0171105 0.228589 
36539 -0.0174684 0.389382 
36540 0.145817 -0.257228 
36541 0.14534 -0.0947318 
36542 0.144697 0.0669845 
36543 0.144258 0.22819 
36544 0.143753 0.388688 
36545 0.307509 -0.256679 
36546 0.306664 -0.0943673 
36547 0.305724 0.0672011 
36548 0.304918 0.228028 
36549 0.304069 0.388121 
36550 -0.345259 -0.261327 
36551 -0.344784 -0.0985005 
36552 -0.3442 0.0636304 
36553 -0.343578 0.224932 
36554 -0.343211 0.385483 
36555 -0.182034 -0.26056 
36556 -0.182054 -0.097954 
36557 -0.181857 0.0638379 
36558 -0.181599 0.224752 
36559 -0.181597 0.384788 
36560 -0.0196935 -0.259701 
36561 -0.0200458 -0.0974279 
36562 -0.0205039 0.0639909 
36563 -0.0205909 0.224588 
36564 -0.0208564 0.384211 
36565 0.141807 -0.258671 
36566 0.141098 -0.0967416 
36567 0.140536 0.0641546 
36568 0.139761 0.224241 
36569 0.139094 0.383555 
36570 0.302474 -0.257706 
36571 0.301532 -0.0963264 
36572 0.300431 0.0641564 
36573 0.299436 0.223864 
36574 0.298265 0.382995 
36575 -0.347145 -0.263196 
36576 -0.346665 -0.100905 
36577 -0.34602 0.0604997 
36578 -0.345532 0.220976 
36579 -0.344994 0.380463 
36580 -0.184425 -0.262008 
36581 -0.184407 -0.100222 
36582 -0.184334 0.0606491 
36583 -0.184325 0.220669 
36584 -0.184306 0.379884 
36585 -0.0228111 -0.260978 
36586 -0.0232497 -0.0995076 
36587 -0.0237069 0.0609153 
36588 -0.0241186 0.220562 
36589 -0.0243901 0.379076 
36590 0.137914 -0.259755 
36591 0.137056 -0.0988523 
36592 0.136207 0.0612069 
36593 0.13534 0.220337 
36594 0.134526 0.378436 
36595 0.297767 -0.258809 
36596 0.296353 -0.0981387 
36597 0.295112 0.0614976 
36598 0.293829 0.220084 
36599 0.29254 0.377889 
36600 -0.349029 -0.265153 
36601 -0.348549 -0.103407 
36602 -0.347884 0.0573469 
36603 -0.347418 0.216927 
36604 -0.346866 0.37562 
36605 -0.186994 -0.263768 
36606 -0.187015 -0.102455 
36607 -0.187031 0.0576257 
36608 -0.186927 0.21676 
36609 -0.186949 0.374909 
36610 -0.0259528 -0.262392 
36611 -0.0264587 -0.101633 
36612 -0.0270069 0.0580526 
36613 -0.0275848 0.216646 
36614 -0.0280367 0.374219 
36615 0.133951 -0.260938 
36616 0.132958 -0.100849 
36617 0.131795 0.0583449 
36618 0.130903 0.216494 
36619 0.129735 0.373669 
36620 0.292923 -0.259546 
36621 0.291248 -0.0998301 
36622 0.289789 0.0588023 
36623 0.288237 0.216348 
36624 0.286667 0.373001 
36625 -0.35071 -0.267037 
36626 -0.35027 -0.10575 
36627 -0.349859 0.0540753 
36628 -0.349351 0.21304 
36629 -0.348711 0.370645 
36630 -0.189312 -0.265295 
36631 -0.189393 -0.10472 
36632 -0.18955 0.0547718 
36633 -0.189548 0.212962 
36634 -0.189715 0.370043 
36635 -0.0289606 -0.263739 
36636 -0.0297026 -0.103637 
36637 -0.0302704 0.0551482 
36638 -0.0310505 0.212814 
36639 -0.0317452 0.369439 
36640 0.13006 -0.262111 
36641 0.128922 -0.102562 
36642 0.127611 0.055691 
36643 0.126488 0.212714 
36644 0.125146 0.368776 
36645 0.288138 -0.260346 
36646 0.286383 -0.101623 
36647 0.284616 0.0562359 
36648 0.282726 0.212714 
36649 0.280994 0.36831 
36650 -0.352677 -0.268658 
36651 -0.352215 -0.108272 
36652 -0.351634 0.051144 
36653 -0.351205 0.209248 
36654 -0.350679 0.366076 
36655 -0.191684 -0.266696 
36656 -0.191836 -0.106791 
36657 -0.19207 0.0519014 
36658 -0.192283 0.209183 
36659 -0.192297 0.36537 
36660 -0.0319534 -0.264807 
36661 -0.0328392 -0.105568 
36662 -0.033593 0.0525212 
36663 -0.0345732 0.209189 
36664 -0.0353616 0.364791 
36665 0.126324 -0.262971 
36666 0.124937 -0.104226 
36667 0.12343 0.053242 
36668 0.122117 0.209268 
36669 0.12065 0.364194 
36670 0.28343 -0.261099 
36671 0.281488 -0.103007 
36672 0.279342 0.0536449 
36673 0.277233 0.209279 
36674 0.275232 0.363565 
36675 -0.354427 -0.270374 
36676 -0.353935 -0.110503 
36677 -0.353639 0.0481999 
36678 -0.353387 0.205364 
36679 -0.352862 0.361228 
36680 -0.19399 -0.268318 
36681 -0.194355 -0.108983 
36682 -0.194666 0.0489943 
36683 -0.19485 0.205548 
36684 -0.195155 0.360703 
36685 -0.0350281 -0.266005 
36686 -0.0359355 -0.107463 
36687 -0.0369058 0.0498926 
36688 -0.0378755 0.205634 
36689 -0.0390067 0.360151 
36690 0.122653 -0.263887 
36691 0.120815 -0.106041 
36692 0.119252 0.0506414 
36693 0.117625 0.205813 
36694 0.115919 0.359733 
36695 0.278799 -0.261748 
36696 0.27652 -0.10439 
36697 0.274193 0.0514666 
36698 0.271799 0.206018 
36699 0.269521 0.359171 
36700 -0.356126 -0.272259 
36701 -0.355689 -0.112781 
36702 -0.355335 0.0450494 
36703 -0.355242 0.201712 
36704 -0.354862 0.356714 
36705 -0.196105 -0.269638 
36706 -0.196716 -0.11105 
36707 -0.197013 0.0462004 
36708 -0.197689 0.201943 
36709 -0.198092 0.356304 
36710 -0.0379106 -0.267075 
36711 -0.0391622 -0.109235 
36712 -0.0402516 0.0472401 
36713 -0.0415095 0.202319 
36714 -0.0426617 0.355887 
36715 0.118915 -0.264691 
36716 0.116979 -0.107407 
36717 0.115132 0.0482562 
36718 0.113275 0.202461 
36719 0.111254 0.355265 
36720 0.27413 -0.262129 
36721 0.271603 -0.105622 
36722 0.269001 0.049147 
36723 0.266405 0.202706 
36724 0.263924 0.355016 
36725 -0.357745 -0.273831 
36726 -0.357707 -0.114907 
36727 -0.357497 0.0423335 
36728 -0.357311 0.198023 
36729 -0.35719 0.352195 
36730 -0.198556 -0.27101 
36731 -0.19919 -0.112988 
36732 -0.199673 0.0435766 
36733 -0.200381 0.198603 
36734 -0.200967 0.351789 
36735 -0.0406971 -0.268071 
36736 -0.042124 -0.110767 
36737 -0.0438661 0.0448043 
36738 -0.0449374 0.198948 
36739 -0.04639 0.351435 
36740 0.115289 -0.265224 
36741 0.11314 -0.108816 
36742 0.111074 0.0459909 
36743 0.108875 0.199311 
36744 0.106735 0.351325 
36745 0.269751 -0.262443 
36746 0.26689 -0.106929 
36747 0.263963 0.0471708 
36748 0.26113 0.199752 
36749 0.258269 0.350827 
36750 -0.359334 -0.2752 
36751 -0.359345 -0.117062 
36752 -0.359348 0.0394647 
36753 -0.359303 0.194427 
36754 -0.359336 0.347754 
36755 -0.200678 -0.272172 
36756 -0.201533 -0.114765 
36757 -0.202223 0.0409712 
36758 -0.203062 0.195104 
36759 -0.203766 0.347702 
36760 -0.0434914 -0.268993 
36761 -0.0452305 -0.112468 
36762 -0.0469722 0.0425589 
36763 -0.048461 0.195642 
36764 -0.0499571 0.347366 
36765 0.111658 -0.265797 
36766 0.109335 -0.110094 
36767 0.106713 0.0439689 
36768 0.104466 0.196121 
36769 0.101948 0.347218 
36770 0.265294 -0.262725 
36771 0.261951 -0.107856 
36772 0.258857 0.0452598 
36773 0.255704 0.196933 
36774 0.252519 0.346996 
36775 -0.36112 -0.276897 
36776 -0.361127 -0.119188 
36777 -0.361354 0.0367314 
36778 -0.361434 0.19113 
36779 -0.361589 0.343562 
36780 -0.202973 -0.273276 
36781 -0.203889 -0.116576 
36782 -0.20494 0.0384488 
36783 -0.205876 0.191822 
36784 -0.206838 0.343406 
36785 -0.0465252 -0.269756 
36786 -0.0482531 -0.113796 
36787 -0.0501482 0.0401163 
36788 -0.0521159 0.192591 
36789 -0.0537413 0.34334 
36790 0.107996 -0.266166 
36791 0.105413 -0.111494 
36792 0.102758 0.0419136 
36793 0.0999903 0.193366 
36794 0.097485 0.343396 
36795 0.260816 -0.262792 
36796 0.257206 -0.108778 
36797 0.253827 0.043433 
36798 0.250277 0.194186 
36799 0.246996 0.343123 
36800 -0.362643 -0.278329 
36801 -0.362961 -0.121145 
36802 -0.363295 0.0341406 
36803 -0.363638 0.187606 
36804 -0.363856 0.339443 
36805 -0.204939 -0.274377 
36806 -0.20607 -0.118218 
36807 -0.207227 0.0360223 
36808 -0.20857 0.188601 
36809 -0.209706 0.339458 
36810 -0.0493723 -0.270393 
36811 -0.0513881 -0.115398 
36812 -0.0534502 0.0380186 
36813 -0.0554194 0.189612 
36814 -0.0575191 0.33958 
36815 0.104566 -0.266501 
36816 0.101546 -0.112425 
36817 0.0985745 0.0398825 
36818 0.0956069 0.190588 
36819 0.0928097 0.339568 
36820 0.256333 -0.262777 
36821 0.252642 -0.109545 
36822 0.248745 0.0418139 
36823 0.244992 0.191454 
36824 0.241385 0.339547 
36825 -0.364385 -0.279538 
36826 -0.364808 -0.123187 
36827 -0.365256 0.031606 
36828 -0.365797 0.184396 
36829 -0.366344 0.335473 
36830 -0.207122 -0.275447 
36831 -0.208504 -0.119857 
36832 -0.209906 0.033872 
36833 -0.211372 0.185522 
36834 -0.212741 0.335569 
36835 -0.0520402 -0.271033 
36836 -0.0543004 -0.116675 
36837 -0.0566894 0.0360473 
36838 -0.0589718 0.186627 
36839 -0.0613838 0.335862 
36840 0.100979 -0.266857 
36841 0.0976708 -0.113397 
36842 0.0946609 0.0382132 
36843 0.0912373 0.187932 
36844 0.0881806 0.336005 
36845 0.252141 -0.26263 
36846 0.247951 -0.11026 
36847 0.243791 0.0402274 
36848 0.239695 0.189159 
36849 0.235693 0.33618 
36850 -0.365782 -0.280873 
36851 -0.366473 -0.124916 
36852 -0.367121 0.0291388 
36853 -0.367931 0.181081 
36854 -0.368617 0.331443 
36855 -0.209294 -0.276096 
36856 -0.210763 -0.121283 
36857 -0.21263 0.0316336 
36858 -0.214183 0.182668 
36859 -0.215736 0.331716 
36860 -0.0545884 -0.2715 
36861 -0.0572731 -0.117735 
36862 -0.0599802 0.0341253 
36863 -0.0625472 0.184046 
36864 -0.0650526 0.332237 
36865 0.0977056 -0.266859 
36866 0.0940135 -0.114331 
36867 0.0905673 0.0364027 
36868 0.0869736 0.185495 
36869 0.0834637 0.332535 
36870 0.247839 -0.262312 
36871 0.243278 -0.110724 
36872 0.2389 0.0387976 
36873 0.234459 0.186691 
36874 0.230209 0.332939 
36875 -0.367402 -0.282042 
36876 -0.368338 -0.126715 
36877 -0.369205 0.0267902 
36878 -0.370152 0.17808 
36879 -0.37097 0.327568 
36880 -0.211158 -0.277076 
36881 -0.213166 -0.122777 
36882 -0.215147 0.029491 
36883 -0.217089 0.179926 
36884 -0.218922 0.328179 
36885 -0.0574148 -0.271924 
36886 -0.0602138 -0.118722 
36887 -0.063253 0.0322703 
36888 -0.0660873 0.181543 
36889 -0.0689563 0.328658 
36890 0.0941548 -0.266967 
36891 0.0902273 -0.114993 
36892 0.086418 0.0349309 
36893 0.082542 0.183028 
36894 0.0788284 0.32927 
36895 0.243491 -0.261981 
36896 0.23867 -0.111197 
36897 0.234 0.0376824 
36898 0.229254 0.184609 
36899 0.224717 0.329916 
