36450 -0.333256 -0.25006 
36451 -0.333278 -0.0833822 
36452 -0.333289 0.0833525 
36453 -0.333415 0.250032 
36454 -0.333354 0.416484 
36455 -0.166798 -0.249963 
36456 -0.166582 -0.0832635 
36457 -0.166717 0.0833458 
36458 -0.166517 0.250144 
36459 -0.166632 0.416615 
36460 -4.08402e-05 -0.250059 
36461 1.7089e-05 -0.083342 
36462 -6.82365e-05 0.0832417 
36463 2.41747e-05 0.24999 
36464 3.98017e-05 0.416791 
36465 0.166594 -0.250061 
36466 0.166801 -0.0834929 
36467 0.166672 0.0833398 
36468 0.166709 0.250004 
36469 0.166736 0.416642 
36470 0.333464 -0.249809 
36471 0.333295 -0.0833029 
36472 0.333233 0.0834068 
36473 0.333297 0.249974 
36474 0.333225 0.416642 
36475 -0.335382 -0.25193 
36476 -0.33519 -0.0859553 
36477 -0.335108 0.0799836 
36478 -0.335044 0.245776 
36479 -0.334891 0.411372 
36480 -0.169367 -0.251765 
36481 -0.169277 -0.0858568 
36482 -0.169279 0.0798911 
36483 -0.169277 0.245814 
36484 -0.16918 0.411142 
36485 -0.00329057 -0.251673 
36486 -0.00343411 -0.0857085 
36487 -0.0034432 0.0800248 
36488 -0.00339633 0.24553 
36489 -0.00349455 0.411162 
36490 0.162458 -0.251464 
36491 0.162278 -0.0856044 
36492 0.162128 0.0800842 
36493 0.162044 0.245575 
36494 0.16199 0.410979 
36495 0.328156 -0.251355 
36496 0.32793 -0.0853498 
36497 0.327681 0.0800317 
36498 0.327428 0.245479 
36499 0.32744 0.410748 
36500 -0.337318 -0.25386 
36501 -0.337147 -0.0885025 
36502 -0.336943 0.0766413 
36503 -0.33682 0.241556 
36504 -0.336596 0.406079 
36505 -0.171765 -0.253593 
36506 -0.17173 -0.0882828 
36507 -0.17193 0.0767122 
36508 -0.171766 0.241304 
36509 -0.171537 0.405915 
36510 -0.00667749 -0.253086 
36511 -0.00685806 -0.0880359 
36512 -0.00674844 0.0767096 
36513 -0.00694568 0.241368 
36514 -0.00711165 0.405694 
36515 0.158304 -0.253065 
36516 0.158114 -0.0878466 
36517 0.157852 0.0768259 
36518 0.157437 0.241168 
36519 0.157382 0.405273 
36520 0.322685 -0.252514 
36521 0.322531 -0.0877756 
36522 0.322224 0.0768208 
36523 0.321765 0.241121 
36524 0.321322 0.405088 
36525 -0.339273 -0.255679 
36526 -0.339003 -0.0908992 
36527 -0.338785 0.0733362 
36528 -0.338518 0.2373 
36529 -0.338407 0.400969 
36530 -0.174346 -0.255225 
36531 -0.174353 -0.0906413 
36532 -0.17436 0.0734152 
36533 -0.17437 0.237088 
36534 -0.174293 0.400422 
36535 -0.0100497 -0.254708 
36536 -0.0100798 -0.0904461 
36537 -0.0102942 0.0736418 
36538 -0.0105272 0.237124 
36539 -0.0107263 0.400312 
36540 0.154165 -0.254309 
36541 0.153799 -0.0900973 
36542 0.153297 0.0735696 
36543 0.152903 0.237028 
36544 0.152551 0.39994 
36545 0.317752 -0.253762 
36546 0.317114 -0.0897562 
36547 0.316526 0.0736766 
36548 0.316041 0.236763 
36549 0.315431 0.39965 
36550 -0.341144 -0.257539 
36551 -0.340989 -0.0935217 
36552 -0.340492 0.07019 
36553 -0.34035 0.233146 
36554 -0.340043 0.39547 
36555 -0.176944 -0.256945 
36556 -0.176868 -0.0930681 
36557 -0.176897 0.0703645 
36558 -0.1768 0.23302 
36559 -0.176827 0.395294 
36560 -0.0132172 -0.256142 
36561 -0.0134501 -0.0926239 
36562 -0.0137757 0.0703637 
36563 -0.0139927 0.233051 
36564 -0.0141773 0.394997 
36565 0.150109 -0.255517 
36566 0.149452 -0.0921496 
36567 0.149022 0.0706539 
36568 0.148458 0.232824 
36569 0.147887 0.394541 
36570 0.312625 -0.254843 
36571 0.311886 -0.0916273 
36572 0.311155 0.0708723 
36573 0.310235 0.232798 
36574 0.309415 0.394227 
36575 -0.343094 -0.259505 
36576 -0.342676 -0.095883 
36577 -0.342373 0.0668199 
36578 -0.342209 0.228947 
36579 -0.342063 0.390641 
36580 -0.179422 -0.258565 
36581 -0.179324 -0.0953743 
36582 -0.179404 0.0672213 
36583 -0.179505 0.228882 
36584 -0.179646 0.390242 
36585 -0.0162727 -0.257708 
36586 -0.0167232 -0.0946874 
36587 -0.0170646 0.0674098 
36588 -0.0174991 0.228906 
36589 -0.0179384 0.389781 
36590 0.14616 -0.256711 
36591 0.145246 -0.0941925 
36592 0.144734 0.067567 
36593 0.143849 0.228869 
36594 0.143167 0.389442 
36595 0.307708 -0.255869 
36596 0.306815 -0.093478 
36597 0.305593 0.0680545 
36598 0.304641 0.22878 
36599 0.303487 0.389016 
36600 -0.344886 -0.261406 
36601 -0.34463 -0.0983977 
36602 -0.344458 0.0637374 
36603 -0.344064 0.225163 
36604 -0.343847 0.385479 
36605 -0.181648 -0.26016 
36606 -0.181783 -0.0975621 
36607 -0.182007 0.0640836 
36608 -0.182246 0.225012 
36609 -0.182389 0.385244 
36610 -0.0194148 -0.259069 
36611 -0.0200248 -0.0968404 
36612 -0.0204381 0.0645736 
36613 -0.0211463 0.225047 
36614 -0.0214605 0.384787 
36615 0.142118 -0.257798 
36616 0.141216 -0.0961406 
36617 0.140336 0.0648079 
36618 0.139341 0.225116 
36619 0.13841 0.384364 
36620 0.302877 -0.256663 
36621 0.301589 -0.095413 
36622 0.300268 0.0653154 
36623 0.299046 0.224986 
36624 0.297608 0.384012 
36625 -0.34678 -0.263213 
36626 -0.346442 -0.100775 
36627 -0.346172 0.0605333 
36628 -0.345953 0.221025 
36629 -0.345733 0.380468 
36630 -0.184108 -0.261907 
36631 -0.184395 -0.0999154 
36632 -0.184553 0.06116 
36633 -0.184806 0.221077 
36634 -0.184944 0.38007 
36635 -0.0225568 -0.26025 
36636 -0.0232229 -0.0989125 
36637 -0.023816 0.061591 
36638 -0.0245131 0.221224 
36639 -0.0251445 0.379987 
36640 0.138378 -0.258904 
36641 0.137089 -0.0978188 
36642 0.135861 0.0620174 
36643 0.13482 0.221304 
36644 0.13365 0.37949 
36645 0.298131 -0.257297 
36646 0.296524 -0.096933 
36647 0.294848 0.0625739 
36648 0.293333 0.221365 
36649 0.29169 0.379182 
36650 -0.348639 -0.265054 
36651 -0.34837 -0.103214 
36652 -0.348105 0.0574747 
36653 -0.347902 0.217077 
36654 -0.347795 0.375735 
36655 -0.186529 -0.263223 
36656 -0.186858 -0.102094 
36657 -0.187037 0.0581002 
36658 -0.187385 0.217171 
36659 -0.187784 0.375317 
36660 -0.0254719 -0.261463 
36661 -0.0263664 -0.10081 
36662 -0.0272201 0.058824 
36663 -0.0280846 0.217236 
36664 -0.0288198 0.375164 
36665 0.134322 -0.259871 
36666 0.132937 -0.0996939 
36667 0.131715 0.0595694 
36668 0.13038 0.21759 
36669 0.128915 0.374725 
36670 0.293336 -0.258075 
36671 0.291476 -0.0984444 
36672 0.289564 0.0601826 
36673 0.287893 0.217808 
36674 0.285889 0.374212 
36675 -0.350231 -0.26673 
36676 -0.350133 -0.105638 
36677 -0.350043 0.0543323 
36678 -0.349906 0.213319 
36679 -0.349784 0.371006 
36680 -0.188835 -0.264688 
36681 -0.189252 -0.10422 
36682 -0.189785 0.0553219 
36683 -0.190167 0.213533 
36684 -0.190677 0.370748 
36685 -0.0285361 -0.262671 
36686 -0.0294329 -0.102726 
36687 -0.0306271 0.0560703 
36688 -0.0316963 0.213778 
36689 -0.0326619 0.370249 
36690 0.130718 -0.260644 
36691 0.12904 -0.101295 
36692 0.127451 0.0570836 
36693 0.125805 0.214101 
36694 0.124395 0.370171 
36695 0.2886 -0.258671 
36696 0.286484 -0.0999511 
36697 0.284388 0.0577629 
36698 0.28217 0.214441 
36699 0.280106 0.369931 
36700 -0.35184 -0.268417 
36701 -0.351877 -0.107846 
36702 -0.351915 0.0514958 
36703 -0.351943 0.209496 
36704 -0.351929 0.366348 
36705 -0.191084 -0.266111 
36706 -0.191574 -0.105969 
36707 -0.192338 0.0523699 
36708 -0.192905 0.209848 
36709 -0.193507 0.366084 
36710 -0.0314171 -0.263688 
36711 -0.032606 -0.104497 
36712 -0.0339138 0.0535036 
36713 -0.0351491 0.21027 
36714 -0.0362796 0.365947 
36715 0.12677 -0.261438 
36716 0.124883 -0.102768 
36717 0.123129 0.0545069 
36718 0.12142 0.21065 
36719 0.119667 0.365687 
36720 0.283932 -0.25908 
36721 0.28161 -0.10118 
36722 0.279024 0.0556457 
36723 0.276587 0.211115 
36724 0.274407 0.365531 
36725 -0.353435 -0.270061 
36726 -0.353867 -0.110116 
36727 -0.353847 0.0485636 
36728 -0.353871 0.205931 
36729 -0.354157 0.361782 
36730 -0.193338 -0.26724 
36731 -0.193984 -0.108033 
36732 -0.194935 0.0497462 
36733 -0.195761 0.206277 
36734 -0.196507 0.361696 
36735 -0.0344566 -0.264793 
36736 -0.0359007 -0.106086 
36737 -0.0372669 0.0509587 
36738 -0.0386362 0.206888 
36739 -0.0401003 0.361528 
36740 0.123218 -0.262204 
36741 0.121039 -0.104205 
36742 0.118972 0.0523078 
36743 0.116857 0.20745 
36744 0.114772 0.361398 
36745 0.2793 -0.259484 
36746 0.276628 -0.102379 
36747 0.273844 0.0534347 
36748 0.271256 0.208099 
36749 0.26856 0.361316 
36750 -0.355307 -0.271561 
36751 -0.355474 -0.11233 
36752 -0.35581 0.0457317 
36753 -0.356016 0.202156 
36754 -0.356235 0.357384 
36755 -0.195521 -0.268498 
36756 -0.196532 -0.109906 
36757 -0.197428 0.0471629 
36758 -0.198381 0.203005 
36759 -0.199357 0.357259 
36760 -0.0372521 -0.265516 
36761 -0.0388844 -0.107781 
36762 -0.0406615 0.0486519 
36763 -0.0421701 0.203766 
36764 -0.0438207 0.357307 
36765 0.119424 -0.262628 
36766 0.11724 -0.10561 
36767 0.114686 0.0501731 
36768 0.112319 0.204412 
36769 0.110246 0.35729 
36770 0.274792 -0.259719 
36771 0.271662 -0.103328 
36772 0.268763 0.0515667 
36773 0.265638 0.205216 
36774 0.262824 0.357307 
36775 -0.356964 -0.27308 
36776 -0.357229 -0.114376 
36777 -0.357629 0.0429028 
36778 -0.358157 0.198558 
36779 -0.358634 0.352869 
36780 -0.1977 -0.269762 
36781 -0.198801 -0.111674 
36782 -0.200003 0.0445619 
36783 -0.201107 0.199583 
36784 -0.202343 0.353123 
36785 -0.0401368 -0.266349 
36786 -0.0420811 -0.109309 
36787 -0.0438931 0.0464097 
36788 -0.045766 0.200496 
36789 -0.0476475 0.35308 
36790 0.115856 -0.26305 
36791 0.113251 -0.106809 
36792 0.110673 0.0480178 
36793 0.108008 0.201412 
36794 0.105301 0.353329 
36795 0.27026 -0.259716 
36796 0.266826 -0.104276 
36797 0.263438 0.049745 
36798 0.260334 0.202261 
36799 0.256939 0.353479 
36800 -0.358459 -0.274458 
36801 -0.359069 -0.116237 
36802 -0.359547 0.0402823 
36803 -0.360283 0.195222 
36804 -0.360875 0.348553 
36805 -0.199917 -0.270704 
36806 -0.201172 -0.11331 
36807 -0.20261 0.0421753 
36808 -0.204007 0.196347 
36809 -0.205293 0.348922 
36810 -0.0427976 -0.266975 
36811 -0.0450962 -0.110585 
36812 -0.0473083 0.0441682 
36813 -0.0493646 0.19746 
36814 -0.0515099 0.349256 
36815 0.112181 -0.263305 
36816 0.109387 -0.10788 
36817 0.106373 0.0462672 
36818 0.103608 0.198593 
36819 0.10074 0.349585 
36820 0.265676 -0.259791 
36821 0.262227 -0.105065 
36822 0.258572 0.0481671 
36823 0.254791 0.199641 
36824 0.251378 0.349777 
36825 -0.360082 -0.275798 
36826 -0.360985 -0.118255 
36827 -0.361737 0.0376885 
36828 -0.362476 0.191901 
36829 -0.363103 0.344578 
36830 -0.20195 -0.271663 
36831 -0.203629 -0.11494 
36832 -0.20529 0.0398725 
36833 -0.206835 0.193424 
36834 -0.208329 0.344892 
36835 -0.045697 -0.267546 
36836 -0.0481984 -0.111952 
36837 -0.050451 0.0420583 
36838 -0.0529541 0.194577 
36839 -0.0552573 0.345444 
36840 0.108733 -0.263478 
36841 0.10549 -0.108769 
36842 0.102347 0.0444292 
36843 0.0991146 0.195872 
36844 0.0961114 0.345773 
36845 0.26133 -0.259683 
36846 0.257302 -0.105658 
36847 0.253203 0.0465021 
36848 0.249465 0.197259 
36849 0.245549 0.346368 
36850 -0.361813 -0.277184 
36851 -0.362638 -0.120028 
36852 -0.363664 0.0351844 
36853 -0.364572 0.188762 
36854 -0.365583 0.340638 
36855 -0.204039 -0.272483 
36856 -0.205956 -0.116628 
36857 -0.207707 0.0377639 
36858 -0.209565 0.190166 
36859 -0.211297 0.341168 
36860 -0.0484489 -0.268146 
36861 -0.0511303 -0.112989 
36862 -0.0536748 0.0402094 
36863 -0.0564737 0.191843 
36864 -0.0590668 0.341796 
36865 0.105198 -0.26372 
36866 0.101656 -0.109581 
36867 0.098298 0.0426726 
36868 0.0947192 0.193339 
36869 0.0912856 0.342369 
36870 0.257095 -0.259381 
36871 0.252574 -0.106314 
36872 0.248297 0.0451302 
36873 0.244091 0.194994 
36874 0.239818 0.342855 
36875 -0.363387 -0.278249 
36876 -0.36447 -0.121967 
36877 -0.365733 0.0328834 
36878 -0.366883 0.185595 
36879 -0.367925 0.336811 
36880 -0.206024 -0.2733 
36881 -0.208123 -0.118036 
36882 -0.210327 0.0356398 
36883 -0.212442 0.187447 
36884 -0.214492 0.337412 
36885 -0.0511841 -0.268437 
36886 -0.0542633 -0.114223 
36887 -0.0570941 0.0383937 
36888 -0.0601623 0.189261 
36889 -0.0629201 0.338297 
36890 0.101889 -0.263701 
36891 0.0978594 -0.110357 
36892 0.0939942 0.0412278 
36893 0.090432 0.19084 
36894 0.0866124 0.339008 
36895 0.252595 -0.258881 
36896 0.247923 -0.106807 
36897 0.243316 0.04381 
36898 0.238811 0.192669 
36899 0.234291 0.339829 
36900 -0.364851 -0.279288 
36901 -0.366284 -0.123427 
36902 -0.367632 0.0305421 
36903 -0.369178 0.182615 
36904 -0.370569 0.332933 
36905 -0.208168 -0.274014 
36906 -0.210561 -0.119227 
36907 -0.212893 0.033562 
36908 -0.215264 0.184756 
36909 -0.217514 0.333903 
36910 -0.0539958 -0.268621 
36911 -0.0571118 -0.115154 
36912 -0.0602432 0.0367462 
36913 -0.0635262 0.186696 
36914 -0.066712 0.334864 
36915 0.0982989 -0.263521 
36916 0.0941198 -0.111008 
36917 0.0898995 0.0397776 
36918 0.0860101 0.188651 
36919 0.0819391 0.335882 
36920 0.248393 -0.258311 
36921 0.243389 -0.107013 
36922 0.238374 0.0428355 
36923 0.233446 0.190693 
36924 0.22871 0.336695 
36925 -0.366132 -0.280264 
36926 -0.368021 -0.124994 
36927 -0.369699 0.0284667 
36928 -0.371347 0.179852 
36929 -0.373029 0.329277 
36930 -0.210328 -0.274533 
36931 -0.213004 -0.120441 
36932 -0.215711 0.0316425 
36933 -0.218044 0.182101 
36934 -0.220693 0.330452 
36935 -0.0565208 -0.268907 
36936 -0.0601614 -0.115987 
36937 -0.0637083 0.0350011 
36938 -0.0672399 0.184253 
36939 -0.0705783 0.331757 
36940 0.0948854 -0.263195 
36941 0.090484 -0.111489 
36942 0.0860322 0.0384168 
36943 0.0814863 0.186572 
36944 0.0772675 0.33291 
36945 0.244142 -0.257747 
36946 0.238736 -0.107264 
36947 0.233622 0.0416981 
36948 0.22813 0.188693 
36949 0.223087 0.334055 
