36525 -0.333405 -0.249962 
36526 -0.333331 -0.0834188 
36527 -0.333295 0.0833924 
36528 -0.333424 0.249941 
36529 -0.333326 0.4166 
36530 -0.166587 -0.249983 
36531 -0.166702 -0.083296 
36532 -0.166579 0.0833351 
36533 -0.166707 0.250127 
36534 -0.166727 0.416597 
36535 2.86499e-05 -0.249934 
36536 -7.51273e-05 -0.0832832 
36537 5.02641e-05 0.0832264 
36538 -5.41678e-06 0.249937 
36539 -2.75309e-05 0.416718 
36540 0.166789 -0.249955 
36541 0.166689 -0.0833089 
36542 0.166658 0.0832958 
36543 0.166621 0.250002 
36544 0.16664 0.416729 
36545 0.333283 -0.250034 
36546 0.333371 -0.0833298 
36547 0.333369 0.0832139 
36548 0.3335 0.250042 
36549 0.333341 0.416714 
36550 -0.335376 -0.251858 
36551 -0.335279 -0.0858678 
36552 -0.3351 0.0799176 
36553 -0.335205 0.245825 
36554 -0.335061 0.411312 
36555 -0.169181 -0.251539 
36556 -0.169192 -0.0858041 
36557 -0.169169 0.0800527 
36558 -0.169345 0.245784 
36559 -0.169229 0.41126 
36560 -0.00334552 -0.251434 
36561 -0.00327427 -0.0854978 
36562 -0.00356683 0.0802775 
36563 -0.00351054 0.245781 
36564 -0.00374394 0.411177 
36565 0.162531 -0.251295 
36566 0.162393 -0.085326 
36567 0.162177 0.0803309 
36568 0.16191 0.245821 
36569 0.161885 0.411021 
36570 0.328173 -0.251007 
36571 0.327933 -0.0852735 
36572 0.327657 0.0802657 
36573 0.327449 0.245683 
36574 0.327119 0.411119 
36575 -0.337064 -0.25373 
36576 -0.337093 -0.0884069 
36577 -0.337203 0.0766747 
36578 -0.337044 0.241556 
36579 -0.336966 0.406104 
36580 -0.171684 -0.253309 
36581 -0.171739 -0.0880572 
36582 -0.171891 0.0768993 
36583 -0.172033 0.241547 
36584 -0.171999 0.405993 
36585 -0.00656487 -0.252897 
36586 -0.00670121 -0.087724 
36587 -0.00700164 0.0771295 
36588 -0.00725731 0.241636 
36589 -0.00746967 0.405767 
36590 0.158424 -0.252383 
36591 0.157902 -0.0874075 
36592 0.157785 0.0771546 
36593 0.157232 0.241695 
36594 0.156984 0.405932 
36595 0.323083 -0.25206 
36596 0.322483 -0.0871084 
36597 0.321974 0.0773659 
36598 0.321676 0.241719 
36599 0.32112 0.405729 
36600 -0.339097 -0.25556 
36601 -0.338843 -0.0909051 
36602 -0.338862 0.0735289 
36603 -0.338813 0.237238 
36604 -0.338877 0.400987 
36605 -0.173989 -0.254908 
36606 -0.174168 -0.0904215 
36607 -0.174519 0.0736921 
36608 -0.174534 0.237555 
36609 -0.174764 0.400856 
36610 -0.00977162 -0.254288 
36611 -0.0101516 -0.0898766 
36612 -0.0105105 0.0740871 
36613 -0.0107647 0.23762 
36614 -0.0111066 0.400663 
36615 0.154312 -0.253539 
36616 0.153648 -0.0893992 
36617 0.153262 0.0742102 
36618 0.152666 0.237632 
36619 0.152157 0.40051 
36620 0.317978 -0.252885 
36621 0.317179 -0.0889618 
36622 0.316445 0.0745668 
36623 0.315724 0.23777 
36624 0.314807 0.400565 
36625 -0.340747 -0.257309 
36626 -0.340891 -0.0933581 
36627 -0.340807 0.0702739 
36628 -0.340735 0.233492 
36629 -0.340811 0.395892 
36630 -0.176572 -0.256476 
36631 -0.176696 -0.0926511 
36632 -0.177022 0.0707067 
36633 -0.177347 0.233507 
36634 -0.177556 0.395775 
36635 -0.0127429 -0.255479 
36636 -0.0134355 -0.0920436 
36637 -0.0138415 0.0711252 
36638 -0.0145837 0.233612 
36639 -0.0148948 0.395654 
36640 0.150409 -0.254616 
36641 0.149704 -0.0912014 
36642 0.148931 0.0715173 
36643 0.148047 0.233819 
36644 0.147287 0.395487 
36645 0.313043 -0.253584 
36646 0.312008 -0.0905739 
36647 0.310953 0.0719818 
36648 0.309949 0.233895 
36649 0.308792 0.3954 
36650 -0.342678 -0.259226 
36651 -0.342629 -0.0955918 
36652 -0.342814 0.0671534 
36653 -0.342663 0.229282 
36654 -0.342911 0.390866 
36655 -0.178901 -0.258002 
36656 -0.179278 -0.0946902 
36657 -0.179652 0.0676911 
36658 -0.180047 0.229479 
36659 -0.180451 0.390827 
36660 -0.0158896 -0.256731 
36661 -0.0165543 -0.0939019 
36662 -0.0173267 0.0683009 
36663 -0.0179172 0.229774 
36664 -0.0186296 0.390762 
36665 0.146491 -0.255525 
36666 0.14532 -0.0930271 
36667 0.144418 0.0688851 
36668 0.143325 0.230054 
36669 0.142346 0.390612 
36670 0.308008 -0.254278 
36671 0.306804 -0.0921009 
36672 0.305468 0.0694311 
36673 0.304104 0.230273 
36674 0.302805 0.390544 
36675 -0.344286 -0.260956 
36676 -0.344516 -0.0980668 
36677 -0.344498 0.0641183 
36678 -0.3447 0.225402 
36679 -0.344878 0.385971 
36680 -0.181231 -0.259317 
36681 -0.18176 -0.0968537 
36682 -0.182157 0.0648075 
36683 -0.182694 0.225758 
36684 -0.183341 0.385875 
36685 -0.0189352 -0.257869 
36686 -0.0197607 -0.0957453 
36687 -0.0206577 0.0654287 
36688 -0.0216094 0.226013 
36689 -0.0225749 0.386015 
36690 0.142458 -0.256308 
36691 0.141239 -0.0946143 
36692 0.140019 0.066279 
36693 0.138737 0.226484 
36694 0.137515 0.386014 
36695 0.303225 -0.254827 
36696 0.30165 -0.0935251 
36697 0.300067 0.0670652 
36698 0.298386 0.226836 
36699 0.296868 0.385949 
36700 -0.346082 -0.262597 
36701 -0.34625 -0.10038 
36702 -0.346537 0.0609871 
36703 -0.346738 0.22147 
36704 -0.346908 0.381271 
36705 -0.183403 -0.260735 
36706 -0.184233 -0.0988704 
36707 -0.184894 0.0619208 
36708 -0.185555 0.222076 
36709 -0.186196 0.381202 
36710 -0.0219592 -0.258822 
36711 -0.0230854 -0.0975312 
36712 -0.0242094 0.0629119 
36713 -0.0252421 0.222494 
36714 -0.0262982 0.381307 
36715 0.138738 -0.257136 
36716 0.137225 -0.0961166 
36717 0.135715 0.0638934 
36718 0.134166 0.222921 
36719 0.132723 0.381383 
36720 0.298473 -0.255244 
36721 0.296503 -0.0948255 
36722 0.294576 0.0647431 
36723 0.292731 0.223213 
36724 0.2907 0.381374 
36725 -0.347765 -0.264176 
36726 -0.348041 -0.102529 
36727 -0.348393 0.0580891 
36728 -0.348794 0.217744 
36729 -0.349071 0.376472 
36730 -0.185885 -0.262104 
36731 -0.186634 -0.101016 
36732 -0.187492 0.0591951 
36733 -0.188435 0.218545 
36734 -0.189148 0.376636 
36735 -0.0248893 -0.259729 
36736 -0.0262574 -0.0993706 
36737 -0.027597 0.0602329 
36738 -0.0287934 0.219057 
36739 -0.0302675 0.376707 
36740 0.13481 -0.257672 
36741 0.133181 -0.0975833 
36742 0.1314 0.0614512 
36743 0.129592 0.2196 
36744 0.127796 0.376773 
36745 0.293652 -0.255578 
36746 0.291343 -0.0960157 
36747 0.28917 0.0625159 
36748 0.287155 0.220165 
36749 0.284802 0.37701 
36750 -0.349484 -0.265838 
36751 -0.349951 -0.104779 
36752 -0.350424 0.0551612 
36753 -0.350691 0.214037 
36754 -0.351331 0.371955 
36755 -0.188012 -0.263299 
36756 -0.189026 -0.102897 
36757 -0.190113 0.0565642 
36758 -0.191043 0.214828 
36759 -0.192136 0.372169 
36760 -0.0279272 -0.260575 
36761 -0.0294081 -0.100868 
36762 -0.0309633 0.0579164 
36763 -0.0325298 0.215773 
36764 -0.0341226 0.372352 
36765 0.131319 -0.258161 
36766 0.129031 -0.0989635 
36767 0.126908 0.0593858 
36768 0.124926 0.216449 
36769 0.122994 0.37249 
36770 0.289095 -0.255744 
36771 0.28638 -0.0968984 
36772 0.283897 0.0606018 
36773 0.281364 0.217086 
36774 0.2788 0.372783 
36775 -0.350988 -0.267336 
36776 -0.351713 -0.106704 
36777 -0.352319 0.0522775 
36778 -0.353043 0.210602 
36779 -0.353633 0.3675 
36780 -0.190372 -0.264329 
36781 -0.191552 -0.104765 
36782 -0.192717 0.0540107 
36783 -0.193888 0.2114 
36784 -0.195199 0.367869 
36785 -0.0307432 -0.26143 
36786 -0.0325524 -0.102385 
36787 -0.0342275 0.0554602 
36788 -0.0361548 0.212473 
36789 -0.0378438 0.368137 
36790 0.127412 -0.25872 
36791 0.125051 -0.100025 
36792 0.122747 0.0571882 
36793 0.120454 0.213391 
36794 0.118072 0.368535 
36795 0.284457 -0.255674 
36796 0.281474 -0.097923 
36797 0.278626 0.0586745 
36798 0.275736 0.214384 
36799 0.272756 0.368832 
36800 -0.352841 -0.268691 
36801 -0.353502 -0.109009 
36802 -0.354391 0.0496642 
36803 -0.355179 0.207044 
36804 -0.355942 0.363119 
36805 -0.192425 -0.265493 
36806 -0.194031 -0.10625 
36807 -0.19538 0.0514076 
36808 -0.196747 0.208065 
36809 -0.19825 0.36349 
36810 -0.0334889 -0.262123 
36811 -0.0356016 -0.103675 
36812 -0.037848 0.0533635 
36813 -0.0396389 0.209245 
36814 -0.0419138 0.36395 
36815 0.123792 -0.25888 
36816 0.121068 -0.101252 
36817 0.118564 0.0552357 
36818 0.115772 0.210513 
36819 0.113293 0.364337 
36820 0.279791 -0.255703 
36821 0.276688 -0.0986769 
36822 0.273423 0.0569699 
36823 0.27011 0.211607 
36824 0.266931 0.365022 
36825 -0.354193 -0.269977 
36826 -0.355324 -0.110861 
36827 -0.356188 0.0470158 
36828 -0.357321 0.203603 
36829 -0.358241 0.358773 
36830 -0.194585 -0.266419 
36831 -0.196146 -0.107934 
36832 -0.197792 0.049173 
36833 -0.199561 0.2049 
36834 -0.201246 0.359631 
36835 -0.0363734 -0.262899 
36836 -0.0388252 -0.104991 
36837 -0.0410554 0.0512753 
36838 -0.0434154 0.206379 
36839 -0.0456071 0.360114 
36840 0.120281 -0.259185 
36841 0.117266 -0.102214 
36842 0.114283 0.0534325 
36843 0.111371 0.207686 
36844 0.108554 0.360675 
36845 0.275261 -0.25553 
36846 0.271693 -0.099292 
36847 0.268143 0.0555606 
36848 0.264523 0.209082 
36849 0.261099 0.361325 
36850 -0.355829 -0.271353 
36851 -0.356923 -0.112602 
36852 -0.358236 0.0446014 
36853 -0.359444 0.200456 
36854 -0.360715 0.354831 
36855 -0.196669 -0.267264 
36856 -0.198621 -0.109473 
36857 -0.200526 0.0468609 
36858 -0.202552 0.202008 
36859 -0.204318 0.35555 
36860 -0.0391245 -0.263158 
36861 -0.041858 -0.106248 
36862 -0.0444904 0.0492388 
36863 -0.0471545 0.203632 
36864 -0.0494136 0.356423 
36865 0.116552 -0.259133 
36866 0.113406 -0.103059 
36867 0.110025 0.051689 
36868 0.106848 0.205091 
36869 0.103638 0.35708 
36870 0.270868 -0.254969 
36871 0.266856 -0.100001 
36872 0.262915 0.0540704 
36873 0.25915 0.206649 
36874 0.255265 0.357955 
36875 -0.357323 -0.272413 
36876 -0.358796 -0.114372 
36877 -0.360323 0.0420507 
36878 -0.361674 0.197124 
36879 -0.363104 0.350868 
36880 -0.198607 -0.267881 
36881 -0.201039 -0.110805 
36882 -0.203178 0.0448174 
36883 -0.205278 0.19899 
36884 -0.207491 0.351753 
36885 -0.042049 -0.263494 
36886 -0.0449115 -0.107334 
36887 -0.0478676 0.0473902 
36888 -0.0506024 0.200705 
36889 -0.0535901 0.352753 
36890 0.113071 -0.259014 
36891 0.109436 -0.103731 
36892 0.10591 0.0500834 
36893 0.102317 0.202517 
36894 0.0987863 0.353663 
36895 0.266365 -0.254622 
36896 0.262194 -0.100322 
36897 0.257931 0.0526358 
36898 0.253697 0.204352 
36899 0.249519 0.354699 
36900 -0.358901 -0.273587 
36901 -0.360664 -0.116134 
36902 -0.362147 0.0397555 
36903 -0.363917 0.194103 
36904 -0.365637 0.347063 
36905 -0.200909 -0.268565 
36906 -0.203187 -0.11217 
36907 -0.205859 0.0426711 
36908 -0.208215 0.196174 
36909 -0.210616 0.348079 
36910 -0.0446783 -0.263733 
36911 -0.0479626 -0.108276 
36912 -0.051236 0.0456974 
36913 -0.0542595 0.198268 
36914 -0.0573908 0.349211 
36915 0.109406 -0.258876 
36916 0.105695 -0.104354 
36917 0.101665 0.0486584 
36918 0.0978965 0.200279 
36919 0.0939727 0.350362 
36920 0.262025 -0.254089 
36921 0.25726 -0.100562 
36922 0.252621 0.0514929 
36923 0.248142 0.202471 
36924 0.243609 0.351548 
36925 -0.360287 -0.274336 
36926 -0.362408 -0.117626 
36927 -0.364246 0.037486 
36928 -0.366286 0.191236 
36929 -0.36805 0.34317 
36930 -0.202749 -0.269088 
36931 -0.205673 -0.113394 
36932 -0.208342 0.0408842 
36933 -0.211067 0.193506 
36934 -0.213807 0.344632 
36935 -0.047511 -0.263843 
36936 -0.0509999 -0.108972 
36937 -0.05459 0.0440635 
36938 -0.0579811 0.195883 
36939 -0.0614298 0.346098 
36940 0.105986 -0.258727 
36941 0.101708 -0.104908 
36942 0.0975147 0.0473858 
36943 0.0933878 0.198053 
36944 0.0892537 0.347336 
36945 0.257551 -0.25354 
36946 0.252714 -0.100682 
36947 0.24762 0.0504818 
36948 0.242791 0.200255 
36949 0.237849 0.348594 
36950 -0.361783 -0.275315 
36951 -0.364116 -0.119176 
36952 -0.366433 0.0353867 
36953 -0.368418 0.188396 
36954 -0.370676 0.339715 
36955 -0.204856 -0.269477 
36956 -0.208096 -0.114481 
36957 -0.210955 0.0390833 
36958 -0.213939 0.190996 
36959 -0.216977 0.341239 
36960 -0.0501058 -0.26383 
36961 -0.0540083 -0.109745 
36962 -0.0577595 0.0424925 
36963 -0.0614755 0.193537 
36964 -0.0652049 0.342778 
36965 0.102645 -0.258133 
36966 0.0980766 -0.105279 
36967 0.0933102 0.0461565 
36968 0.0888464 0.196086 
36969 0.0845377 0.344232 
36970 0.253241 -0.252611 
36971 0.247795 -0.100722 
36972 0.242643 0.0496055 
36973 0.237461 0.198632 
36974 0.232193 0.345912 
36975 -0.363287 -0.276097 
36976 -0.365767 -0.120495 
36977 -0.368335 0.0334441 
36978 -0.370794 0.185732 
36979 -0.373315 0.336359 
36980 -0.207032 -0.269901 
36981 -0.210201 -0.115435 
36982 -0.213706 0.0372955 
36983 -0.216873 0.188566 
36984 -0.220265 0.338116 
36985 -0.0528931 -0.263674 
36986 -0.0569752 -0.110416 
36987 -0.061074 0.0412168 
36988 -0.0651768 0.191268 
36989 -0.069102 0.33989 
36990 0.099105 -0.257543 
36991 0.0941405 -0.105494 
36992 0.0893 0.045137 
36993 0.0845068 0.194151 
36994 0.0797113 0.34152 
36995 0.248889 -0.251735 
36996 0.243103 -0.100584 
36997 0.237542 0.0489116 
36998 0.232209 0.196846 
36999 0.226501 0.343389 
37000 -0.364585 -0.276701 
37001 -0.367469 -0.121804 
37002 -0.370261 0.0315433 
37003 -0.373226 0.183013 
37004 -0.375953 0.332984 
37005 -0.208855 -0.270171 
37006 -0.212688 -0.116283 
37007 -0.216185 0.0358869 
37008 -0.219843 0.186255 
37009 -0.223479 0.33495 
37010 -0.055449 -0.263446 
37011 -0.0599001 -0.110864 
37012 -0.0643452 0.0400961 
37013 -0.068872 0.189407 
37014 -0.073087 0.336973 
37015 0.0958925 -0.257019 
37016 0.0903708 -0.105525 
37017 0.0851983 0.0440946 
37018 0.0800242 0.192266 
37019 0.0748508 0.338912 
37020 0.244618 -0.250672 
37021 0.238762 -0.100241 
37022 0.232636 0.0481335 
37023 0.226799 0.195308 
37024 0.22091 0.340883 
