2960 -0.333345 -0.216934 
2961 -0.33309 -0.0169602 
2962 -0.333735 0.183274 
2963 -0.333176 0.383304 
2964 -0.166525 -0.216754 
2965 -0.166746 -0.0168166 
2966 -0.166824 0.182878 
2967 -0.167006 0.38353 
2968 0.000142493 -0.216821 
2969 0.000109712 -0.0166916 
2970 9.49573e-05 0.183219 
2971 0.000319893 0.382885 
2972 0.166856 -0.216283 
2973 0.166495 -0.0167915 
2974 0.166582 0.182918 
2975 0.166392 0.383738 
2976 0.333002 -0.216494 
2977 0.333467 -0.0170101 
2978 0.332837 0.1836 
2979 0.333563 0.383301 
2980 -0.323868 -0.189171 
2981 -0.324104 -0.00586803 
2982 -0.323392 0.176605 
2983 -0.323261 0.359888 
2984 -0.170988 -0.189458 
2985 -0.170818 -0.00642199 
2986 -0.171255 0.177042 
2987 -0.170321 0.359505 
2988 -0.0186113 -0.189966 
2989 -0.0183439 -0.00688073 
2990 -0.0180751 0.176471 
2991 -0.0174358 0.359652 
2992 0.133758 -0.190033 
2993 0.134099 -0.00664231 
2994 0.13389 0.17573 
2995 0.134705 0.358614 
2996 0.285699 -0.189356 
2997 0.286356 -0.00676712 
2998 0.286221 0.175101 
2999 0.286795 0.358248 
3000 -0.316482 -0.166572 
3001 -0.315615 0.00284888 
3002 -0.315959 0.171458 
3003 -0.315773 0.34098 
3004 -0.175395 -0.166262 
3005 -0.174673 0.00255125 
3006 -0.175045 0.171061 
3007 -0.174682 0.340045 
3008 -0.0346812 -0.166311 
3009 -0.0341886 0.00138485 
3010 -0.0340683 0.169949 
3011 -0.0334876 0.338742 
3012 0.104808 -0.166963 
3013 0.105931 0.00164314 
3014 0.105976 0.17017 
3015 0.107186 0.338113 
3016 0.245249 -0.166466 
3017 0.245442 0.00101513 
3018 0.246597 0.169282 
3019 0.246608 0.336914 
3020 -0.309943 -0.146473 
3021 -0.309999 0.0106079 
3022 -0.309695 0.167609 
3023 -0.308956 0.324529 
3024 -0.179083 -0.146382 
3025 -0.179009 0.00959946 
3026 -0.178564 0.166699 
3027 -0.177202 0.323808 
3028 -0.0493401 -0.146409 
3029 -0.0478374 0.00907828 
3030 -0.0477285 0.16529 
3031 -0.0473396 0.322542 
3032 0.0810927 -0.146682 
3033 0.0820209 0.00818335 
3034 0.0823305 0.164505 
3035 0.0833146 0.320632 
3036 0.210358 -0.146956 
3037 0.21125 0.00796016 
3038 0.21209 0.16336 
3039 0.213116 0.319553 
3040 -0.305504 -0.12871 
3041 -0.304953 0.0173039 
3042 -0.304218 0.164205 
3043 -0.303401 0.310243 
3044 -0.183426 -0.129072 
3045 -0.182576 0.0167722 
3046 -0.181262 0.162881 
3047 -0.180604 0.309537 
3048 -0.0614701 -0.129876 
3049 -0.0602089 0.0159057 
3050 -0.0600597 0.161651 
3051 -0.0592459 0.307274 
3052 0.0594768 -0.130126 
3053 0.0606502 0.0154132 
3054 0.061189 0.16065 
3055 0.0621448 0.306301 
3056 0.179942 -0.130764 
3057 0.181158 0.0140988 
3058 0.181916 0.158898 
3059 0.182728 0.30456 
3060 -0.300913 -0.113369 
3061 -0.30085 0.0238908 
3062 -0.300128 0.161271 
3063 -0.298743 0.298826 
3064 -0.18694 -0.114002 
3065 -0.185434 0.0226829 
3066 -0.185262 0.159878 
3067 -0.183771 0.29622 
3068 -0.0727332 -0.114817 
3069 -0.0713004 0.0214819 
3070 -0.0708347 0.158024 
3071 -0.0697819 0.29463 
3072 0.0407637 -0.114889 
3073 0.041503 0.0208454 
3074 0.0427565 0.156925 
3075 0.0435751 0.292502 
3076 0.152674 -0.116063 
3077 0.154047 0.0192868 
3078 0.155834 0.155418 
3079 0.157385 0.291661 
3080 -0.298095 -0.0992626 
3081 -0.296568 0.0291837 
3082 -0.295731 0.157969 
3083 -0.295675 0.288203 
3084 -0.189663 -0.0999856 
3085 -0.188878 0.02758 
3086 -0.18785 0.157138 
3087 -0.187337 0.285907 
3088 -0.0825997 -0.101446 
3089 -0.0816781 0.0266582 
3090 -0.0802677 0.155419 
3091 -0.0792484 0.283596 
3092 0.0231025 -0.101939 
3093 0.0244043 0.0252652 
3094 0.0260325 0.153217 
3095 0.0274084 0.281203 
3096 0.128516 -0.102466 
3097 0.130519 0.0247157 
3098 0.132385 0.151438 
3099 0.133912 0.27959 
3100 -0.295746 -0.0875231 
3101 -0.294251 0.0339155 
3102 -0.293452 0.155548 
3103 -0.291946 0.278828 
3104 -0.193406 -0.0881465 
3105 -0.191986 0.0330394 
3106 -0.190863 0.154287 
3107 -0.189402 0.276387 
3108 -0.0919732 -0.0896225 
3109 -0.0914323 0.0310545 
3110 -0.0891761 0.152773 
3111 -0.0877029 0.273922 
3112 0.0079853 -0.0904008 
3113 0.00986218 0.0299173 
3114 0.010993 0.150711 
3115 0.012384 0.27126 
3116 0.107481 -0.0911972 
3117 0.109694 0.02835 
3118 0.11146 0.148685 
3119 0.112763 0.269224 
3120 -0.292816 -0.0767033 
3121 -0.292286 0.0382727 
3122 -0.29089 0.154279 
3123 -0.289466 0.26991 
3124 -0.197029 -0.0770061 
3125 -0.195314 0.0370915 
3126 -0.193786 0.152091 
3127 -0.192831 0.267446 
3128 -0.101227 -0.0780596 
3129 -0.0994917 0.0358297 
3130 -0.0974934 0.150165 
3131 -0.096356 0.264956 
3132 -0.00625196 -0.0799107 
3133 -0.00418447 0.0345588 
3134 -0.00285668 0.148031 
3135 -0.00125599 0.262801 
3136 0.0880415 -0.0803611 
3137 0.0900908 0.0329315 
3138 0.0921545 0.145804 
3139 0.0940064 0.260074 
3140 -0.292049 -0.0664669 
3141 -0.289998 0.04292 
3142 -0.289316 0.152648 
3143 -0.287633 0.261974 
3144 -0.199812 -0.068166 
3145 -0.198443 0.0406219 
3146 -0.19665 0.150274 
3147 -0.195364 0.259245 
3148 -0.10893 -0.0690211 
3149 -0.107725 0.0396056 
3150 -0.105133 0.147916 
3151 -0.103743 0.25726 
3152 -0.0185124 -0.0696981 
3153 -0.0172111 0.0377893 
3154 -0.0155751 0.146078 
3155 -0.0130278 0.254521 
3156 0.0706251 -0.0713615 
3157 0.0723263 0.0361678 
3158 0.0745966 0.14364 
3159 0.0765237 0.251723 
3160 -0.290517 -0.0576608 
3161 -0.289203 0.0461022 
3162 -0.287295 0.150871 
3163 -0.285951 0.255179 
3164 -0.203126 -0.059152 
3165 -0.200982 0.044404 
3166 -0.199837 0.148322 
3167 -0.198206 0.252441 
3168 -0.11609 -0.0605803 
3169 -0.114248 0.0431225 
3170 -0.112957 0.14639 
3171 -0.111193 0.25025 
3172 -0.0305583 -0.061971 
3173 -0.0290313 0.0409885 
3174 -0.0262172 0.143723 
3175 -0.024571 0.247498 
3176 0.0543766 -0.0632301 
3177 0.0562741 0.0386031 
3178 0.0585263 0.141643 
3179 0.0604719 0.244286 
3180 -0.289332 -0.049794 
3181 -0.287833 0.0495693 
3182 -0.286065 0.149273 
3183 -0.285035 0.249115 
3184 -0.206613 -0.0506118 
3185 -0.204398 0.0477487 
3186 -0.202191 0.147281 
3187 -0.200628 0.246544 
3188 -0.12344 -0.0521564 
3189 -0.12173 0.0460119 
3190 -0.119217 0.144235 
3191 -0.117061 0.243879 
3192 -0.0413949 -0.0541888 
3193 -0.0398242 0.0438697 
3194 -0.0371347 0.141982 
3195 -0.0353138 0.240654 
3196 0.039327 -0.0555503 
3197 0.0415776 0.0418189 
3198 0.0442188 0.139583 
3199 0.0466345 0.237587 
3200 -0.288871 -0.0419228 
3201 -0.287722 0.0526856 
3202 -0.285111 0.147497 
3203 -0.283762 0.244003 
3204 -0.208831 -0.0439496 
3205 -0.206805 0.0506527 
3206 -0.205708 0.14506 
3207 -0.20312 0.240026 
3208 -0.12967 -0.0450087 
3209 -0.127788 0.0485294 
3210 -0.125529 0.14243 
3211 -0.123795 0.237859 
3212 -0.0514791 -0.0475677 
3213 -0.0498443 0.0467404 
3214 -0.0469038 0.13994 
3215 -0.0449 0.2339 
3216 0.0259367 -0.0488182 
3217 0.028069 0.044426 
3218 0.0306915 0.137396 
3219 0.0327704 0.231502 
3220 -0.289012 -0.035671 
3221 -0.286464 0.0549135 
3222 -0.285079 0.14666 
3223 -0.283031 0.237987 
3224 -0.212141 -0.0373598 
3225 -0.210523 0.0531873 
3226 -0.207799 0.144145 
3227 -0.205617 0.234621 
3228 -0.136546 -0.0394071 
3229 -0.134031 0.0513063 
3230 -0.131908 0.141525 
3231 -0.129814 0.231789 
3232 -0.0617192 -0.0404443 
3233 -0.0590811 0.0487303 
3234 -0.0561831 0.138547 
3235 -0.0544284 0.228475 
3236 0.0132755 -0.0427602 
3237 0.0157589 0.0460225 
3238 0.018266 0.135856 
3239 0.0201089 0.225835 
3240 -0.289001 -0.029367 
3241 -0.286481 0.0577258 
3242 -0.284644 0.145244 
3243 -0.282461 0.233403 
3244 -0.215081 -0.0308717 
3245 -0.212502 0.0558876 
3246 -0.210234 0.142986 
3247 -0.208547 0.230176 
3248 -0.141847 -0.0328717 
3249 -0.139887 0.0534939 
3250 -0.137239 0.139334 
3251 -0.134931 0.226727 
3252 -0.0704115 -0.0352084 
3253 -0.0675571 0.0502588 
3254 -0.0656085 0.137193 
3255 -0.0630291 0.223783 
3256 0.000798115 -0.0368159 
3257 0.00325505 0.0483994 
3258 0.00608852 0.133895 
3259 0.00930223 0.21989 
3260 -0.288573 -0.0234851 
3261 -0.286095 0.0600374 
3262 -0.284222 0.144383 
3263 -0.281812 0.228145 
3264 -0.218174 -0.0262897 
3265 -0.215869 0.0574258 
3266 -0.212902 0.141262 
3267 -0.210717 0.225065 
3268 -0.147879 -0.0279529 
3269 -0.145735 0.0549048 
3270 -0.142977 0.13867 
3271 -0.140204 0.221658 
3272 -0.0789236 -0.0299088 
3273 -0.0759718 0.0524334 
3274 -0.0739679 0.135218 
3275 -0.0714276 0.218202 
3276 -0.00979502 -0.0317129 
3277 -0.00762359 0.0496841 
3278 -0.0046606 0.132165 
3279 -0.00166264 0.215195 
3280 -0.288926 -0.0187346 
3281 -0.287109 0.0618646 
3282 -0.28432 0.142942 
3283 -0.281713 0.223855 
3284 -0.220829 -0.0210936 
3285 -0.217978 0.0588487 
3286 -0.215786 0.139694 
3287 -0.21376 0.221057 
3288 -0.153498 -0.02356 
3289 -0.150472 0.0568967 
3290 -0.148476 0.137235 
3291 -0.145238 0.216915 
3292 -0.0866018 -0.0253617 
3293 -0.0835676 0.0546267 
3294 -0.0812104 0.133348 
3295 -0.0787915 0.214019 
3296 -0.0211772 -0.0271713 
3297 -0.0175858 0.0520421 
3298 -0.0154909 0.130829 
3299 -0.0122946 0.210136 
3300 -0.289051 -0.0146664 
3301 -0.28716 0.0637385 
3302 -0.284346 0.141941 
3303 -0.282002 0.220479 
3304 -0.223321 -0.0166516 
3305 -0.221465 0.0603737 
3306 -0.218266 0.13842 
3307 -0.216208 0.216358 
3308 -0.158778 -0.0184514 
3309 -0.155556 0.0585258 
3310 -0.153798 0.135595 
3311 -0.150595 0.212433 
3312 -0.0942868 -0.0209094 
3313 -0.0911428 0.0551513 
3314 -0.0891336 0.132185 
3315 -0.0857721 0.20931 
3316 -0.0308104 -0.0233777 
3317 -0.0275737 0.0529023 
3318 -0.0253574 0.12956 
3319 -0.0225492 0.205663 
3320 -0.290428 -0.00982917 
3321 -0.287531 0.0646907 
3322 -0.285131 0.140098 
3323 -0.282458 0.216128 
3324 -0.226592 -0.0128733 
3325 -0.223922 0.061861 
3326 -0.221333 0.137111 
3327 -0.218671 0.212392 
3328 -0.163526 -0.0150541 
3329 -0.160536 0.0592669 
3330 -0.158093 0.133506 
3331 -0.155435 0.208666 
3332 -0.101611 -0.0167987 
3333 -0.0992024 0.0566739 
3334 -0.0955259 0.130942 
3335 -0.0932429 0.205098 
3336 -0.0401049 -0.0193857 
3337 -0.0376795 0.0539923 
3338 -0.0341597 0.127566 
3339 -0.0309021 0.201144 
3340 -0.290992 -0.00606803 
3341 -0.287797 0.0665899 
3342 -0.285779 0.138929 
3343 -0.282276 0.212624 
3344 -0.229672 -0.00921771 
3345 -0.226141 0.0634014 
3346 -0.223494 0.135318 
3347 -0.220536 0.208438 
3348 -0.168551 -0.0115602 
3349 -0.165284 0.0602659 
3350 -0.162897 0.132082 
3351 -0.160173 0.204664 
3352 -0.108446 -0.0131521 
3353 -0.105526 0.0573538 
3354 -0.102988 0.129065 
3355 -0.0999017 0.200646 
3356 -0.0493047 -0.0162872 
3357 -0.0456668 0.0547528 
3358 -0.0434533 0.126302 
3359 -0.0401807 0.197081 
