37550 -0.333298 -0.25 
37551 -0.333368 -0.0833611 
37552 -0.33348 0.0833184 
37553 -0.333329 0.250046 
37554 -0.333357 0.416716 
37555 -0.166574 -0.249942 
37556 -0.166617 -0.0832842 
37557 -0.1667 0.0833742 
37558 -0.16661 0.250048 
37559 -0.166585 0.416533 
37560 -8.40403e-05 -0.250005 
37561 -7.35432e-06 -0.083368 
37562 -1.53976e-05 0.0833279 
37563 -8.95274e-05 0.249967 
37564 -6.65581e-05 0.41666 
37565 0.166654 -0.250091 
37566 0.16658 -0.0834013 
37567 0.166669 0.0833242 
37568 0.166637 0.250018 
37569 0.166629 0.416612 
37570 0.333376 -0.249965 
37571 0.333373 -0.0834455 
37572 0.3333 0.0834077 
37573 0.333368 0.249987 
37574 0.333336 0.41668 
37575 -0.3347 -0.247079 
37576 -0.334978 -0.0813521 
37577 -0.335408 0.0844336 
37578 -0.335816 0.250468 
37579 -0.336378 0.416413 
37580 -0.168764 -0.24658 
37581 -0.169055 -0.0809661 
37582 -0.169457 0.0846951 
37583 -0.169745 0.250587 
37584 -0.17021 0.416635 
37585 -0.0029647 -0.246245 
37586 -0.003274 -0.0806118 
37587 -0.00357845 0.0851578 
37588 -0.00383063 0.250823 
37589 -0.00419533 0.416952 
37590 0.162543 -0.245699 
37591 0.162291 -0.0803243 
37592 0.16186 0.0853465 
37593 0.161696 0.251061 
37594 0.161578 0.41688 
37595 0.32798 -0.245361 
37596 0.327837 -0.0798046 
37597 0.327587 0.0856108 
37598 0.327349 0.251367 
37599 0.32719 0.417032 
37600 -0.335787 -0.244123 
37601 -0.336745 -0.0793329 
37602 -0.337441 0.0857985 
37603 -0.338316 0.250937 
37604 -0.339193 0.41632 
37605 -0.17078 -0.243195 
37606 -0.171582 -0.0785667 
37607 -0.172172 0.0864573 
37608 -0.172879 0.251593 
37609 -0.173653 0.416753 
37610 -0.00598713 -0.242482 
37611 -0.00655945 -0.0778235 
37612 -0.00716708 0.0868244 
37613 -0.00781467 0.251965 
37614 -0.00854411 0.417079 
37615 0.158433 -0.241551 
37616 0.157912 -0.0771209 
37617 0.157266 0.087354 
37618 0.156932 0.252234 
37619 0.156435 0.417222 
37620 0.322806 -0.240694 
37621 0.322292 -0.0764793 
37622 0.321905 0.0881468 
37623 0.321375 0.252818 
37624 0.320858 0.417496 
37625 -0.336985 -0.241067 
37626 -0.338305 -0.0770226 
37627 -0.339536 0.0872399 
37628 -0.340685 0.251751 
37629 -0.341893 0.416646 
37630 -0.172881 -0.239786 
37631 -0.174005 -0.0760493 
37632 -0.174906 0.0879556 
37633 -0.176059 0.252477 
37634 -0.177098 0.417061 
37635 -0.00904252 -0.238699 
37636 -0.00993384 -0.0749333 
37637 -0.0108265 0.0889373 
37638 -0.011834 0.253049 
37639 -0.0125463 0.417282 
37640 0.154454 -0.237262 
37641 0.153682 -0.0739271 
37642 0.152938 0.0896085 
37643 0.152125 0.253574 
37644 0.151343 0.41776 
37645 0.317475 -0.236182 
37646 0.316825 -0.0729146 
37647 0.316305 0.0904569 
37648 0.315496 0.254075 
37649 0.314967 0.41827 
37650 -0.338251 -0.237862 
37651 -0.340006 -0.0747577 
37652 -0.341495 0.0886903 
37653 -0.343116 0.252581 
37654 -0.344749 0.416751 
37655 -0.174781 -0.236155 
37656 -0.176309 -0.0734965 
37657 -0.17773 0.0898126 
37658 -0.179049 0.253307 
37659 -0.180517 0.41729 
37660 -0.0122626 -0.234715 
37661 -0.0132019 -0.0720865 
37662 -0.0144102 0.0908813 
37663 -0.0156012 0.254144 
37664 -0.0169001 0.417896 
37665 0.150298 -0.233079 
37666 0.149308 -0.0707666 
37667 0.148303 0.0917614 
37668 0.147305 0.254933 
37669 0.146482 0.418385 
37670 0.312158 -0.231401 
37671 0.311424 -0.0694636 
37672 0.310463 0.0927808 
37673 0.309775 0.255693 
37674 0.309032 0.418943 
37675 -0.33961 -0.234437 
37676 -0.341626 -0.0723388 
37677 -0.343594 0.0903294 
37678 -0.345451 0.25349 
37679 -0.347501 0.417189 
37680 -0.176913 -0.232625 
37681 -0.178545 -0.0707177 
37682 -0.180342 0.0914382 
37683 -0.181994 0.254496 
37684 -0.183892 0.417745 
37685 -0.015033 -0.230806 
37686 -0.0164929 -0.0692446 
37687 -0.0177978 0.0928361 
37688 -0.0194148 0.255378 
37689 -0.0208104 0.418397 
37690 0.146256 -0.228835 
37691 0.145125 -0.067538 
37692 0.143923 0.0939551 
37693 0.142642 0.256341 
37694 0.141509 0.419063 
37695 0.307021 -0.226983 
37696 0.305989 -0.0659871 
37697 0.305185 0.0952826 
37698 0.304125 0.25735 
37699 0.303285 0.419594 
37700 -0.340823 -0.23122 
37701 -0.34323 -0.0699551 
37702 -0.345454 0.092068 
37703 -0.347928 0.25445 
37704 -0.35019 0.417722 
37705 -0.179113 -0.228859 
37706 -0.181124 -0.0680914 
37707 -0.182987 0.0934184 
37708 -0.184998 0.255642 
37709 -0.187177 0.418278 
37710 -0.0179091 -0.226852 
37711 -0.0198406 -0.0662228 
37712 -0.021389 0.095041 
37713 -0.0231989 0.256659 
37714 -0.024736 0.419156 
37715 0.142238 -0.22458 
37716 0.140976 -0.0643446 
37717 0.139505 0.0963468 
37718 0.138185 0.257724 
37719 0.136753 0.419722 
37720 0.301743 -0.222237 
37721 0.300841 -0.0625646 
37722 0.299719 0.097746 
37723 0.298525 0.258823 
37724 0.297525 0.420257 
37725 -0.342303 -0.227761 
37726 -0.344907 -0.0672911 
37727 -0.347539 0.0936706 
37728 -0.350263 0.255735 
37729 -0.352821 0.418325 
37730 -0.181189 -0.225299 
37731 -0.18338 -0.065338 
37732 -0.185675 0.0953385 
37733 -0.187938 0.256927 
37734 -0.190302 0.418999 
37735 -0.0210244 -0.222727 
37736 -0.022899 -0.0631521 
37737 -0.0248648 0.0972159 
37738 -0.026715 0.258057 
37739 -0.028707 0.419751 
37740 0.138315 -0.220106 
37741 0.136847 -0.0610808 
37742 0.135284 0.0986765 
37743 0.133608 0.259172 
37744 0.132144 0.420463 
37745 0.296655 -0.217707 
37746 0.29543 -0.0590486 
37747 0.294319 0.100179 
37748 0.293107 0.260375 
37749 0.291901 0.421208 
37750 -0.34362 -0.224324 
37751 -0.346568 -0.064905 
37752 -0.349528 0.0957277 
37753 -0.352458 0.256862 
37754 -0.355588 0.419047 
37755 -0.18327 -0.221498 
37756 -0.185777 -0.0624851 
37757 -0.188447 0.0975708 
37758 -0.190862 0.258125 
37759 -0.193443 0.419872 
37760 -0.0240921 -0.218651 
37761 -0.0261369 -0.060113 
37762 -0.0282682 0.0992741 
37763 -0.0302643 0.259497 
37764 -0.0324409 0.420521 
37765 0.134292 -0.21586 
37766 0.132649 -0.0579676 
37767 0.130952 0.101078 
37768 0.129252 0.260763 
37769 0.127546 0.421391 
37770 0.291528 -0.213244 
37771 0.290274 -0.0555227 
37772 0.288992 0.102804 
37773 0.287631 0.261887 
37774 0.286421 0.421943 
37775 -0.344855 -0.22062 
37776 -0.348186 -0.0620507 
37777 -0.351462 0.0975603 
37778 -0.354813 0.258263 
37779 -0.357979 0.419844 
37780 -0.185312 -0.217693 
37781 -0.188225 -0.0595864 
37782 -0.19101 0.0995946 
37783 -0.193809 0.259544 
37784 -0.196625 0.420563 
37785 -0.027016 -0.214711 
37786 -0.0291967 -0.0571589 
37787 -0.0315199 0.101482 
37788 -0.033962 0.261047 
37789 -0.0362281 0.42137 
37790 0.130328 -0.211573 
37791 0.128467 -0.0546796 
37792 0.126612 0.103229 
37793 0.124772 0.262278 
37794 0.123005 0.422112 
37795 0.286403 -0.208596 
37796 0.285049 -0.0521781 
37797 0.283872 0.105283 
37798 0.28241 0.263595 
37799 0.281089 0.422978 
37800 -0.346295 -0.217103 
37801 -0.349853 -0.0593245 
37802 -0.353389 0.0996345 
37803 -0.357006 0.259728 
37804 -0.360554 0.420762 
37805 -0.187437 -0.213803 
37806 -0.190531 -0.0565744 
37807 -0.193441 0.101736 
37808 -0.196583 0.26097 
37809 -0.199592 0.421507 
37810 -0.0299094 -0.210611 
37811 -0.0323582 -0.0540706 
37812 -0.0350676 0.103736 
37813 -0.0374625 0.262528 
37814 -0.0398135 0.422101 
37815 0.126287 -0.207439 
37816 0.124313 -0.0513197 
37817 0.122549 0.105625 
37818 0.12046 0.263929 
37819 0.118466 0.423077 
37820 0.281389 -0.204138 
37821 0.279928 -0.0487058 
37822 0.278583 0.107696 
37823 0.277262 0.265284 
37824 0.275698 0.424006 
37825 -0.347898 -0.213632 
37826 -0.351588 -0.0565457 
37827 -0.355439 0.101766 
37828 -0.359167 0.261286 
37829 -0.363157 0.421973 
37830 -0.189738 -0.209951 
37831 -0.192861 -0.0536542 
37832 -0.195995 0.103899 
37833 -0.199398 0.262634 
37834 -0.202602 0.422732 
37835 -0.0331166 -0.206606 
37836 -0.0355788 -0.0507812 
37837 -0.0381972 0.106072 
37838 -0.0408823 0.264096 
37839 -0.0434539 0.423413 
37840 0.122347 -0.203103 
37841 0.120282 -0.0481738 
37842 0.118256 0.108223 
37843 0.116256 0.265446 
37844 0.114369 0.424012 
37845 0.276232 -0.199835 
37846 0.274915 -0.045323 
37847 0.273478 0.110074 
37848 0.272035 0.26677 
37849 0.270585 0.424587 
37850 -0.349187 -0.209705 
37851 -0.35333 -0.0535531 
37852 -0.357325 0.103925 
37853 -0.361501 0.262665 
37854 -0.365432 0.422781 
37855 -0.192035 -0.206153 
37856 -0.195284 -0.0507341 
37857 -0.198532 0.10621 
37858 -0.201927 0.264191 
37859 -0.205384 0.423585 
37860 -0.0360808 -0.202477 
37861 -0.0388829 -0.0476559 
37862 -0.0414226 0.108261 
37863 -0.04434 0.265638 
37864 -0.0470672 0.42429 
37865 0.118265 -0.198911 
37866 0.116322 -0.0447962 
37867 0.114138 0.11053 
37868 0.112146 0.267075 
37869 0.110095 0.424939 
37870 0.271149 -0.195302 
37871 0.269794 -0.0419598 
37872 0.268326 0.112665 
37873 0.266998 0.268469 
37874 0.265434 0.425702 
37875 -0.350601 -0.205919 
37876 -0.355041 -0.050697 
37877 -0.359209 0.10601 
37878 -0.363506 0.264371 
37879 -0.367878 0.424027 
37880 -0.194171 -0.202122 
37881 -0.197665 -0.0476516 
37882 -0.201094 0.108336 
37883 -0.204853 0.265824 
37884 -0.208325 0.424799 
37885 -0.0391822 -0.198613 
37886 -0.0419622 -0.0446113 
37887 -0.0448986 0.110636 
37888 -0.0476923 0.267198 
37889 -0.0504382 0.425288 
37890 0.114148 -0.194722 
37891 0.112304 -0.0416245 
37892 0.110052 0.112739 
37893 0.108 0.268647 
37894 0.105879 0.425808 
37895 0.266213 -0.191053 
37896 0.264825 -0.0387248 
37897 0.263457 0.115058 
37898 0.261919 0.270008 
37899 0.26058 0.4265 
37900 -0.352136 -0.202241 
37901 -0.356648 -0.0476904 
37902 -0.361108 0.108411 
37903 -0.365565 0.266034 
37904 -0.370209 0.425377 
37905 -0.196378 -0.198364 
37906 -0.199959 -0.0445623 
37907 -0.203646 0.11066 
37908 -0.207521 0.267506 
37909 -0.211218 0.425961 
37910 -0.0422739 -0.194421 
37911 -0.0450661 -0.0415529 
37912 -0.0480723 0.112895 
37913 -0.0507999 0.268986 
37914 -0.0538545 0.426637 
37915 0.110392 -0.190658 
37916 0.108302 -0.0384817 
37917 0.10607 0.115131 
37918 0.103946 0.270343 
37919 0.101796 0.426923 
37920 0.261247 -0.186796 
37921 0.259966 -0.0355176 
37922 0.258394 0.117298 
37923 0.256963 0.271652 
37924 0.255596 0.427383 
37925 -0.35391 -0.198508 
37926 -0.358464 -0.0447067 
37927 -0.362991 0.110685 
37928 -0.367719 0.267796 
37929 -0.372378 0.426568 
37930 -0.198668 -0.194327 
37931 -0.202302 -0.0415622 
37932 -0.206151 0.112997 
37933 -0.210056 0.269132 
37934 -0.213904 0.427 
37935 -0.0452672 -0.190458 
37936 -0.0481005 -0.0383885 
37937 -0.05121 0.115302 
37938 -0.0542192 0.270597 
37939 -0.0572561 0.427535 
37940 0.106425 -0.186502 
37941 0.104262 -0.0353578 
37942 0.102126 0.117349 
37943 0.0998201 0.271794 
37944 0.0978085 0.427833 
37945 0.256205 -0.182599 
37946 0.254881 -0.0322677 
37947 0.253633 0.119692 
37948 0.252296 0.273211 
37949 0.250803 0.428168 
37950 -0.355397 -0.194795 
37951 -0.3601 -0.0417283 
37952 -0.364714 0.112968 
37953 -0.369763 0.269593 
37954 -0.374543 0.427992 
37955 -0.200898 -0.190598 
37956 -0.204821 -0.0384857 
37957 -0.208699 0.11529 
37958 -0.212602 0.270913 
37959 -0.216593 0.428237 
37960 -0.0483537 -0.186506 
37961 -0.0512713 -0.0352552 
37962 -0.0543036 0.117538 
37963 -0.0574782 0.2722 
37964 -0.060336 0.428415 
37965 0.102492 -0.18249 
37966 0.100334 -0.0321746 
37967 0.0981231 0.119743 
37968 0.096044 0.273581 
37969 0.0938383 0.428874 
37970 0.251251 -0.178576 
37971 0.250118 -0.0290645 
37972 0.24876 0.121917 
37973 0.247443 0.274734 
37974 0.246211 0.429201 
37975 -0.356911 -0.190902 
37976 -0.361766 -0.0386917 
37977 -0.366902 0.115387 
37978 -0.371743 0.271455 
37979 -0.376879 0.429251 
37980 -0.203169 -0.186783 
37981 -0.207086 -0.0352985 
37982 -0.211132 0.117698 
37983 -0.215151 0.272553 
37984 -0.219201 0.429374 
37985 -0.0514209 -0.182666 
37986 -0.054292 -0.0323267 
37987 -0.0573237 0.119839 
37988 -0.0603525 0.273686 
37989 -0.0635712 0.429569 
37990 0.0984158 -0.178607 
37991 0.0963386 -0.0291326 
37992 0.0943407 0.12194 
37993 0.0922454 0.275051 
37994 0.0899808 0.429861 
37995 0.246396 -0.174429 
37996 0.245254 -0.0260594 
37997 0.243998 0.124187 
37998 0.242638 0.27613 
37999 0.241508 0.429869 
38000 -0.358732 -0.187069 
38001 -0.363558 -0.0355351 
38002 -0.368597 0.11791 
38003 -0.373654 0.273257 
38004 -0.378837 0.430748 
38005 -0.205479 -0.182867 
38006 -0.209573 -0.03237 
38007 -0.213509 0.119935 
38008 -0.217609 0.274311 
38009 -0.221607 0.430727 
38010 -0.0544201 -0.178707 
38011 -0.0574904 -0.0293078 
38012 -0.0604041 0.122056 
38013 -0.063543 0.275507 
38014 -0.0665119 0.430752 
38015 0.0945225 -0.174589 
38016 0.0924715 -0.0262034 
38017 0.0903914 0.124234 
38018 0.0883679 0.276536 
38019 0.0862717 0.430692 
38020 0.241473 -0.170544 
38021 0.240388 -0.0230895 
38022 0.23929 0.126222 
38023 0.238211 0.277575 
38024 0.236994 0.430802 
38025 -0.360317 -0.183221 
38026 -0.365428 -0.032451 
38027 -0.370289 0.120229 
38028 -0.375598 0.275264 
38029 -0.381046 0.432157 
38030 -0.207956 -0.179097 
38031 -0.211952 -0.0294685 
38032 -0.215855 0.122329 
38033 -0.220028 0.276114 
38034 -0.224153 0.432041 
38035 -0.0576714 -0.174825 
38036 -0.0604673 -0.0262121 
38037 -0.0635834 0.124472 
38038 -0.0666313 0.277122 
38039 -0.0696911 0.431668 
38040 0.0905415 -0.170798 
38041 0.0885157 -0.0232336 
38042 0.0866545 0.126514 
38043 0.0846184 0.277988 
38044 0.0825087 0.431698 
38045 0.236474 -0.166777 
38046 0.235577 -0.0201512 
38047 0.234606 0.128488 
38048 0.233613 0.27906 
38049 0.232432 0.431595 
