37850 -0.333275 -0.250098 
37851 -0.33342 -0.0833729 
37852 -0.333387 0.0834105 
37853 -0.333297 0.249992 
37854 -0.333361 0.416729 
37855 -0.166699 -0.24996 
37856 -0.166604 -0.0832972 
37857 -0.166685 0.0832542 
37858 -0.166733 0.250091 
37859 -0.166646 0.416564 
37860 -3.27556e-05 -0.250056 
37861 6.78853e-05 -0.0832962 
37862 7.28648e-05 0.0833934 
37863 7.09991e-05 0.250064 
37864 6.66454e-05 0.416774 
37865 0.166721 -0.24995 
37866 0.166655 -0.0833263 
37867 0.166644 0.0833523 
37868 0.166617 0.249977 
37869 0.166555 0.41674 
37870 0.33328 -0.250104 
37871 0.333272 -0.0833468 
37872 0.333463 0.083423 
37873 0.333341 0.25001 
37874 0.333256 0.416684 
37875 -0.334664 -0.245829 
37876 -0.33507 -0.0801807 
37877 -0.335154 0.0856333 
37878 -0.335504 0.251552 
37879 -0.335614 0.417853 
37880 -0.168873 -0.245512 
37881 -0.169214 -0.080037 
37882 -0.169346 0.085783 
37883 -0.16949 0.251718 
37884 -0.169666 0.4178 
37885 -0.00330649 -0.245401 
37886 -0.00335722 -0.0797445 
37887 -0.0034737 0.0858607 
37888 -0.00358698 0.251698 
37889 -0.00364096 0.417689 
37890 0.162349 -0.245247 
37891 0.16217 -0.0797874 
37892 0.162202 0.0858355 
37893 0.162179 0.251664 
37894 0.16217 0.417561 
37895 0.327737 -0.245034 
37896 0.327762 -0.0796797 
37897 0.327676 0.0860403 
37898 0.327887 0.25163 
37899 0.327776 0.417579 
37900 -0.336133 -0.241607 
37901 -0.336539 -0.0769862 
37902 -0.336985 0.0880943 
37903 -0.337587 0.253483 
37904 -0.338084 0.41908 
37905 -0.171112 -0.241368 
37906 -0.17158 -0.0768183 
37907 -0.171749 0.0881933 
37908 -0.172078 0.253337 
37909 -0.172537 0.418806 
37910 -0.00641213 -0.24084 
37911 -0.00673894 -0.0763847 
37912 -0.00689203 0.0883721 
37913 -0.00703277 0.253316 
37914 -0.00723426 0.41866 
37915 0.157921 -0.240459 
37916 0.157792 -0.0761763 
37917 0.157773 0.0884849 
37918 0.157712 0.253467 
37919 0.157745 0.418463 
37920 0.322059 -0.240145 
37921 0.322284 -0.0758323 
37922 0.322242 0.0885257 
37923 0.322274 0.25339 
37924 0.322331 0.418267 
37925 -0.337551 -0.237574 
37926 -0.33831 -0.0737686 
37927 -0.338965 0.0906226 
37928 -0.33967 0.255249 
37929 -0.340326 0.420102 
37930 -0.173465 -0.236835 
37931 -0.173893 -0.0732835 
37932 -0.174403 0.0907666 
37933 -0.174938 0.255036 
37934 -0.175347 0.419986 
37935 -0.00976812 -0.236448 
37936 -0.0100162 -0.0730889 
37937 -0.010235 0.0908063 
37938 -0.0105773 0.255034 
37939 -0.0107584 0.419808 
37940 0.153505 -0.235861 
37941 0.153476 -0.072601 
37942 0.153452 0.0909555 
37943 0.153454 0.254958 
37944 0.153289 0.419503 
37945 0.316476 -0.235259 
37946 0.316637 -0.0722373 
37947 0.316723 0.0911381 
37948 0.316971 0.254922 
37949 0.317175 0.419116 
37950 -0.339124 -0.23334 
37951 -0.33995 -0.0702901 
37952 -0.340778 0.0930588 
37953 -0.341554 0.257009 
37954 -0.342419 0.42154 
37955 -0.175854 -0.23263 
37956 -0.176328 -0.070034 
37957 -0.176999 0.093132 
37958 -0.177356 0.256812 
37959 -0.178155 0.421198 
37960 -0.0129025 -0.231923 
37961 -0.0133 -0.0695173 
37962 -0.0136643 0.0933631 
37963 -0.0139379 0.256693 
37964 -0.014201 0.420705 
37965 0.149217 -0.231269 
37966 0.14914 -0.0693592 
37967 0.149087 0.0934786 
37968 0.14914 0.256595 
37969 0.14904 0.420339 
37970 0.31087 -0.230544 
37971 0.311078 -0.0688133 
37972 0.311324 0.093587 
37973 0.311675 0.256683 
37974 0.311842 0.420006 
37975 -0.340589 -0.228934 
37976 -0.341663 -0.0671593 
37977 -0.342572 0.0955096 
37978 -0.343593 0.258886 
37979 -0.344598 0.422911 
37980 -0.178159 -0.228296 
37981 -0.178858 -0.0666315 
37982 -0.179344 0.0956327 
37983 -0.180175 0.258797 
37984 -0.180836 0.422419 
37985 -0.0162738 -0.227463 
37986 -0.0165981 -0.0661357 
37987 -0.0169583 0.0957808 
37988 -0.017273 0.258424 
37989 -0.0176601 0.421794 
37990 0.144802 -0.226867 
37991 0.144948 -0.0657481 
37992 0.14484 0.0959494 
37993 0.144896 0.258245 
37994 0.144875 0.421233 
37995 0.305312 -0.225952 
37996 0.305611 -0.0652836 
37997 0.306154 0.096118 
37998 0.306369 0.258027 
37999 0.306702 0.420673 
38000 -0.342152 -0.224938 
38001 -0.34318 -0.0638383 
38002 -0.344557 0.0980865 
38003 -0.345683 0.260719 
38004 -0.346824 0.424289 
38005 -0.18035 -0.224031 
38006 -0.181238 -0.063349 
38007 -0.18193 0.0982012 
38008 -0.182735 0.260443 
38009 -0.183514 0.423565 
38010 -0.0195881 -0.223091 
38011 -0.0198339 -0.0628144 
38012 -0.020244 0.0983799 
38013 -0.0204913 0.260071 
38014 -0.0209572 0.422809 
38015 0.140536 -0.222326 
38016 0.14058 -0.0623547 
38017 0.140727 0.0983151 
38018 0.140619 0.260006 
38019 0.14073 0.422104 
38020 0.299805 -0.221477 
38021 0.300364 -0.0619375 
38022 0.300718 0.098667 
38023 0.301201 0.259595 
38024 0.301636 0.421435 
38025 -0.343757 -0.220628 
38026 -0.344793 -0.0606012 
38027 -0.346163 0.100657 
38028 -0.347355 0.262779 
38029 -0.348877 0.425623 
38030 -0.182835 -0.219828 
38031 -0.183598 -0.0601301 
38032 -0.18455 0.100643 
38033 -0.185295 0.262134 
38034 -0.185986 0.424938 
38035 -0.0228278 -0.218759 
38036 -0.0232297 -0.0594425 
38037 -0.023539 0.100598 
38038 -0.0238639 0.261748 
38039 -0.0242058 0.423962 
38040 0.136153 -0.217929 
38041 0.136359 -0.0592011 
38042 0.136568 0.100718 
38043 0.136576 0.261464 
38044 0.136782 0.423037 
38045 0.294389 -0.217027 
38046 0.294956 -0.0586457 
38047 0.295531 0.100611 
38048 0.296305 0.260968 
38049 0.296872 0.422239 
38050 -0.3453 -0.216494 
38051 -0.34666 -0.0571614 
38052 -0.348016 0.103123 
38053 -0.349316 0.264461 
38054 -0.350807 0.427202 
38055 -0.185175 -0.215598 
38056 -0.186143 -0.0566463 
38057 -0.186785 0.103088 
38058 -0.187596 0.264064 
38059 -0.188467 0.426078 
38060 -0.0261441 -0.214632 
38061 -0.0264456 -0.0561802 
38062 -0.0266576 0.102892 
38063 -0.0271543 0.263382 
38064 -0.0273984 0.424997 
38065 0.131908 -0.213495 
38066 0.132037 -0.055826 
38067 0.132434 0.10294 
38068 0.132612 0.263023 
38069 0.132921 0.42388 
38070 0.288897 -0.21277 
38071 0.289679 -0.0555238 
38072 0.290426 0.103039 
38073 0.291352 0.262378 
38074 0.292043 0.42292 
38075 -0.346941 -0.212284 
38076 -0.34844 -0.0538763 
38077 -0.349862 0.105765 
38078 -0.35133 0.266611 
38079 -0.35264 0.42861 
38080 -0.187617 -0.211376 
38081 -0.188553 -0.0535446 
38082 -0.189354 0.105578 
38083 -0.190049 0.265909 
38084 -0.191027 0.427246 
38085 -0.0294452 -0.210306 
38086 -0.0297052 -0.0530005 
38087 -0.0299217 0.105356 
38088 -0.0300972 0.265028 
38089 -0.0303216 0.425974 
38090 0.127614 -0.209502 
38091 0.128023 -0.0525485 
38092 0.128271 0.105301 
38093 0.128457 0.264389 
38094 0.129022 0.424674 
38095 0.283668 -0.208523 
38096 0.284518 -0.0523036 
38097 0.285308 0.105054 
38098 0.286234 0.263733 
38099 0.287297 0.423305 
38100 -0.348647 -0.208223 
38101 -0.350219 -0.0505992 
38102 -0.351564 0.10825 
38103 -0.353192 0.268551 
38104 -0.354506 0.430166 
38105 -0.190009 -0.207199 
38106 -0.190984 -0.0503226 
38107 -0.191651 0.108055 
38108 -0.192556 0.267518 
38109 -0.19331 0.428473 
38110 -0.0325745 -0.206399 
38111 -0.0329734 -0.0499692 
38112 -0.0330498 0.107599 
38113 -0.0332825 0.266772 
38114 -0.033459 0.426938 
38115 0.123245 -0.205315 
38116 0.123801 -0.0496439 
38117 0.124337 0.10742 
38118 0.124766 0.26577 
38119 0.125161 0.425405 
38120 0.27811 -0.204449 
38121 0.279413 -0.0491507 
38122 0.28046 0.107148 
38123 0.281556 0.264767 
38124 0.282638 0.423858 
38125 -0.350243 -0.203965 
38126 -0.351781 -0.0472323 
38127 -0.353309 0.110846 
38128 -0.354778 0.270511 
38129 -0.356325 0.43154 
38130 -0.192517 -0.203234 
38131 -0.193266 -0.0471013 
38132 -0.194087 0.110543 
38133 -0.194886 0.269416 
38134 -0.195639 0.429666 
38135 -0.0361099 -0.202103 
38136 -0.0360675 -0.0467615 
38137 -0.0362564 0.109927 
38138 -0.0362561 0.268283 
38139 -0.0363916 0.427813 
38140 0.11896 -0.201457 
38141 0.11966 -0.0464432 
38142 0.120295 0.109538 
38143 0.120893 0.267204 
38144 0.121527 0.426076 
38145 0.2729 -0.200514 
38146 0.27417 -0.0463906 
38147 0.275526 0.109229 
38148 0.276669 0.265901 
38149 0.278064 0.424186 
38150 -0.352065 -0.19996 
38151 -0.353564 -0.043913 
38152 -0.355078 0.113429 
38153 -0.356453 0.272475 
38154 -0.35813 0.433055 
38155 -0.195013 -0.199158 
38156 -0.195776 -0.0438829 
38157 -0.196434 0.112804 
38158 -0.197218 0.271083 
38159 -0.197845 0.430898 
38160 -0.0394238 -0.19821 
38161 -0.0394443 -0.0438696 
38162 -0.0392812 0.112195 
38163 -0.0392332 0.269731 
38164 -0.0392737 0.4287 
38165 0.114869 -0.197343 
38166 0.115537 -0.0436301 
38167 0.116398 0.111684 
38168 0.11701 0.268285 
38169 0.117942 0.426596 
38170 0.267397 -0.196526 
38171 0.268958 -0.0435877 
38172 0.270496 0.110976 
38173 0.27207 0.266905 
38174 0.273554 0.424626 
38175 -0.353823 -0.195942 
38176 -0.355234 -0.040863 
38177 -0.356794 0.115923 
38178 -0.358379 0.274347 
38179 -0.359813 0.434515 
38180 -0.197351 -0.19519 
38181 -0.198191 -0.040832 
38182 -0.198798 0.1151 
38183 -0.199369 0.272702 
38184 -0.200175 0.431991 
38185 -0.042707 -0.194317 
38186 -0.0425473 -0.0407397 
38187 -0.0423735 0.114475 
38188 -0.0422829 0.271162 
38189 -0.0421323 0.429504 
38190 0.110612 -0.193629 
38191 0.111483 -0.0408427 
38192 0.112384 0.113436 
38193 0.113281 0.269692 
38194 0.114249 0.427173 
38195 0.262274 -0.192936 
38196 0.264029 -0.04087 
38197 0.265744 0.112957 
38198 0.267453 0.267904 
38199 0.269033 0.424861 
38200 -0.355836 -0.191923 
38201 -0.357083 -0.0376536 
38202 -0.358554 0.118368 
38203 -0.359949 0.276263 
38204 -0.36151 0.435753 
38205 -0.20007 -0.191225 
38206 -0.20065 -0.037597 
38207 -0.201102 0.117508 
38208 -0.201718 0.274349 
38209 -0.202395 0.43304 
38210 -0.0460213 -0.190637 
38211 -0.0456806 -0.0380067 
38212 -0.0454209 0.116359 
38213 -0.0451638 0.272553 
38214 -0.0448548 0.430322 
38215 0.106321 -0.190042 
38216 0.107397 -0.0380588 
38217 0.108584 0.115478 
38218 0.109588 0.270759 
38219 0.110884 0.42762 
38220 0.256875 -0.189265 
38221 0.258917 -0.0382874 
38222 0.260814 0.114392 
38223 0.262849 0.268893 
38224 0.264899 0.424875 
38225 -0.357493 -0.18807 
38226 -0.358849 -0.0343597 
38227 -0.360314 0.120899 
38228 -0.361661 0.278244 
38229 -0.363085 0.437295 
38230 -0.202679 -0.187545 
38231 -0.203023 -0.0348012 
38232 -0.203513 0.11967 
38233 -0.203868 0.275961 
38234 -0.204436 0.43418 
38235 -0.0493832 -0.186976 
38236 -0.0490393 -0.0351359 
38237 -0.0484637 0.118447 
38238 -0.0480183 0.273776 
38239 -0.0474961 0.430966 
38240 0.102035 -0.186384 
38241 0.10339 -0.0354462 
38242 0.104707 0.117283 
38243 0.106087 0.271715 
38244 0.1073 0.428099 
38245 0.25171 -0.185789 
38246 0.254008 -0.0355633 
38247 0.256141 0.116089 
38248 0.258273 0.269776 
38249 0.260661 0.425148 
38250 -0.359432 -0.184226 
38251 -0.360693 -0.0313815 
38252 -0.361932 0.123322 
38253 -0.363218 0.279991 
38254 -0.364731 0.438566 
38255 -0.205152 -0.183743 
38256 -0.205357 -0.031957 
38257 -0.205659 0.121765 
38258 -0.206177 0.277633 
38259 -0.206518 0.435114 
38260 -0.0526492 -0.183268 
38261 -0.0520139 -0.0324654 
38262 -0.0514595 0.12048 
38263 -0.0508898 0.275328 
38264 -0.0502583 0.431775 
38265 0.0976924 -0.18294 
38266 0.0994663 -0.0328346 
38267 0.10101 0.119019 
38268 0.10252 0.272693 
38269 0.104025 0.428437 
38270 0.246461 -0.182467 
38271 0.248924 -0.0333773 
38272 0.251429 0.117616 
38273 0.253959 0.270446 
38274 0.25639 0.425041 
38275 -0.361277 -0.180314 
38276 -0.362546 -0.0285085 
38277 -0.363727 0.125717 
38278 -0.364781 0.281709 
38279 -0.366092 0.439979 
38280 -0.207683 -0.18012 
38281 -0.207809 -0.0290484 
38282 -0.208055 0.123856 
38283 -0.208273 0.279046 
38284 -0.208329 0.436183 
38285 -0.0559198 -0.179897 
38286 -0.0553403 -0.0296847 
38287 -0.0544404 0.122289 
38288 -0.0537692 0.276267 
38289 -0.0526505 0.432313 
38290 0.093725 -0.17939 
38291 0.0952804 -0.0304317 
38292 0.0971395 0.120701 
38293 0.0989975 0.273585 
38294 0.100569 0.428509 
38295 0.241423 -0.179369 
38296 0.244059 -0.0310331 
38297 0.246837 0.118925 
38298 0.249486 0.270922 
38299 0.252344 0.424949 
38300 -0.363315 -0.176646 
38301 -0.364354 -0.0254286 
38302 -0.365294 0.128068 
38303 -0.366483 0.283498 
38304 -0.367541 0.441075 
38305 -0.210312 -0.176611 
38306 -0.210228 -0.0261696 
38307 -0.210327 0.12597 
38308 -0.210223 0.280366 
38309 -0.21032 0.436879 
38310 -0.0594982 -0.176541 
38311 -0.0584483 -0.02718 
38312 -0.0573916 0.123976 
38313 -0.0563873 0.277384 
38314 -0.0553517 0.432862 
38315 0.0893492 -0.176201 
38316 0.0914811 -0.0281442 
38317 0.093405 0.122203 
38318 0.0954788 0.274474 
38319 0.0974684 0.428857 
38320 0.236246 -0.176355 
38321 0.239155 -0.0290366 
38322 0.242133 0.120208 
38323 0.245056 0.271386 
38324 0.248168 0.424744 
38325 -0.365224 -0.173005 
38326 -0.36607 -0.022405 
38327 -0.366904 0.130152 
38328 -0.367928 0.285221 
38329 -0.368932 0.442212 
38330 -0.21281 -0.172991 
38331 -0.212778 -0.0236412 
38332 -0.212659 0.127957 
38333 -0.212413 0.281867 
38334 -0.212274 0.437582 
38335 -0.062943 -0.173318 
38336 -0.0616561 -0.0247344 
38337 -0.0603428 0.125786 
38338 -0.0592141 0.278391 
38339 -0.0580765 0.433204 
38340 0.0850835 -0.173223 
38341 0.0873454 -0.0257351 
38342 0.0897851 0.123555 
38343 0.091961 0.275083 
38344 0.0943303 0.428746 
38345 0.231068 -0.173362 
38346 0.234297 -0.0269686 
38347 0.237589 0.121505 
38348 0.240775 0.271771 
38349 0.244127 0.424333 
