38100 -0.333266 -0.249998 
38101 -0.333391 -0.0833112 
38102 -0.333408 0.0834358 
38103 -0.333167 0.250047 
38104 -0.333438 0.416629 
38105 -0.166689 -0.249969 
38106 -0.166723 -0.0832755 
38107 -0.166688 0.0832709 
38108 -0.166666 0.250035 
38109 -0.166647 0.416671 
38110 -3.24048e-06 -0.249957 
38111 3.77321e-05 -0.0832684 
38112 4.24147e-05 0.083398 
38113 -4.15133e-05 0.249981 
38114 5.29487e-05 0.416569 
38115 0.166742 -0.249917 
38116 0.16673 -0.0833344 
38117 0.166683 0.0832712 
38118 0.166654 0.249975 
38119 0.166768 0.416454 
38120 0.333288 -0.250054 
38121 0.333434 -0.0832675 
38122 0.33339 0.0832066 
38123 0.333285 0.249932 
38124 0.333303 0.416598 
38125 -0.335013 -0.245484 
38126 -0.335212 -0.0798555 
38127 -0.335032 0.0860007 
38128 -0.335105 0.252027 
38129 -0.33504 0.418055 
38130 -0.169169 -0.245622 
38131 -0.169286 -0.0798005 
38132 -0.169048 0.0857646 
38133 -0.169062 0.25174 
38134 -0.16899 0.417802 
38135 -0.00348218 -0.245573 
38136 -0.0034436 -0.0799539 
38137 -0.00323139 0.0856451 
38138 -0.00316709 0.251609 
38139 -0.00304612 0.417525 
38140 0.162051 -0.245518 
38141 0.162007 -0.080015 
38142 0.162203 0.0854528 
38143 0.162495 0.251287 
38144 0.162601 0.417305 
38145 0.327316 -0.24554 
38146 0.327743 -0.0801201 
38147 0.327844 0.0853675 
38148 0.328122 0.251236 
38149 0.328362 0.416785 
38150 -0.336642 -0.241079 
38151 -0.33668 -0.0764325 
38152 -0.33678 0.0885902 
38153 -0.336982 0.253985 
38154 -0.336818 0.419532 
38155 -0.171884 -0.241169 
38156 -0.171683 -0.0766074 
38157 -0.171577 0.0883018 
38158 -0.17148 0.253489 
38159 -0.171389 0.418932 
38160 -0.00719712 -0.241139 
38161 -0.0069326 -0.076731 
38162 -0.00663409 0.0879657 
38163 -0.00654345 0.25298 
38164 -0.00616009 0.418288 
38165 0.157364 -0.241114 
38166 0.157502 -0.0770224 
38167 0.157947 0.0877096 
38168 0.158356 0.252563 
38169 0.158771 0.417687 
38170 0.321452 -0.241296 
38171 0.321943 -0.0770663 
38172 0.322526 0.0874749 
38173 0.322859 0.252083 
38174 0.323308 0.417138 
38175 -0.33852 -0.236787 
38176 -0.338484 -0.0729916 
38177 -0.338509 0.0912506 
38178 -0.338663 0.255886 
38179 -0.338582 0.42086 
38180 -0.174342 -0.236877 
38181 -0.174137 -0.0732568 
38182 -0.174075 0.0908272 
38183 -0.173869 0.255192 
38184 -0.173685 0.419912 
38185 -0.0107774 -0.237 
38186 -0.0103787 -0.0734996 
38187 -0.00999087 0.0902574 
38188 -0.00958876 0.254376 
38189 -0.0091715 0.419051 
38190 0.152561 -0.236955 
38191 0.1532 -0.0737832 
38192 0.153625 0.0898182 
38193 0.154292 0.253769 
38194 0.154878 0.41811 
38195 0.315541 -0.237189 
38196 0.316363 -0.0739675 
38197 0.316993 0.0892594 
38198 0.317788 0.253143 
38199 0.318631 0.417245 
38200 -0.340243 -0.232333 
38201 -0.340383 -0.0695525 
38202 -0.340209 0.0938214 
38203 -0.340403 0.257939 
38204 -0.340251 0.42222 
38205 -0.177039 -0.232549 
38206 -0.176636 -0.0699197 
38207 -0.17652 0.0931722 
38208 -0.176185 0.256698 
38209 -0.175944 0.420984 
38210 -0.0143346 -0.232771 
38211 -0.0137055 -0.0704782 
38212 -0.0132024 0.0923553 
38213 -0.0126983 0.255834 
38214 -0.0120614 0.419823 
38215 0.14796 -0.232937 
38216 0.148726 -0.0709623 
38217 0.149473 0.0917394 
38218 0.150304 0.254857 
38219 0.151212 0.41858 
38220 0.3095 -0.233143 
38221 0.310684 -0.0712695 
38222 0.311687 0.0910946 
38223 0.312818 0.253755 
38224 0.313923 0.417414 
38225 -0.342094 -0.228096 
38226 -0.341967 -0.0663513 
38227 -0.341932 0.0963413 
38228 -0.341908 0.259626 
38229 -0.341722 0.423401 
38230 -0.179686 -0.228548 
38231 -0.179222 -0.0667969 
38232 -0.178861 0.0954111 
38233 -0.178402 0.25842 
38234 -0.178073 0.421909 
38235 -0.0178101 -0.228671 
38236 -0.0171221 -0.0674051 
38237 -0.0164562 0.0944993 
38238 -0.0157179 0.257046 
38239 -0.0149895 0.420361 
38240 0.143292 -0.228975 
38241 0.1444 -0.0680111 
38242 0.14542 0.0936142 
38243 0.146408 0.25593 
38244 0.14735 0.418786 
38245 0.303774 -0.229264 
38246 0.305218 -0.0684885 
38247 0.306377 0.0927097 
38248 0.307835 0.254639 
38249 0.309293 0.417138 
38250 -0.343953 -0.224061 
38251 -0.34382 -0.0630355 
38252 -0.343601 0.0988579 
38253 -0.343536 0.261387 
38254 -0.343316 0.424839 
38255 -0.182268 -0.224374 
38256 -0.181765 -0.0637364 
38257 -0.181162 0.0975897 
38258 -0.180623 0.25997 
38259 -0.180194 0.42283 
38260 -0.0214732 -0.224802 
38261 -0.0205236 -0.0644368 
38262 -0.0196754 0.0966024 
38263 -0.018712 0.258413 
38264 -0.0178026 0.42093 
38265 0.138568 -0.224998 
38266 0.139982 -0.065323 
38267 0.141272 0.0954357 
38268 0.142505 0.256825 
38269 0.143904 0.418974 
38270 0.298049 -0.225595 
38271 0.299576 -0.0659421 
38272 0.301387 0.0942801 
38273 0.302957 0.255275 
38274 0.304683 0.416958 
38275 -0.345953 -0.219824 
38276 -0.345599 -0.0596961 
38277 -0.345404 0.101396 
38278 -0.344992 0.263255 
38279 -0.344798 0.426047 
38280 -0.184925 -0.220404 
38281 -0.184352 -0.0605874 
38282 -0.183544 0.0999759 
38283 -0.182985 0.261411 
38284 -0.182132 0.423698 
38285 -0.0250136 -0.220967 
38286 -0.0239015 -0.0614938 
38287 -0.022892 0.0984876 
38288 -0.0215623 0.259651 
38289 -0.0204994 0.42133 
38290 0.134017 -0.221382 
38291 0.135559 -0.0625734 
38292 0.137073 0.0970286 
38293 0.138638 0.25764 
38294 0.140424 0.419013 
38295 0.292315 -0.221977 
38296 0.294148 -0.0635385 
38297 0.296205 0.0956904 
38298 0.298205 0.255746 
38299 0.300058 0.416672 
38300 -0.347786 -0.215926 
38301 -0.347485 -0.0564464 
38302 -0.347005 0.103757 
38303 -0.346618 0.264946 
38304 -0.346123 0.427286 
38305 -0.187578 -0.216635 
38306 -0.186885 -0.0577219 
38307 -0.185977 0.101993 
38308 -0.185172 0.262805 
38309 -0.184262 0.424444 
38310 -0.0285269 -0.217222 
38311 -0.0272384 -0.0589443 
38312 -0.0259236 0.100412 
38313 -0.024522 0.260614 
38314 -0.0232786 0.421711 
38315 0.129397 -0.217829 
38316 0.131214 -0.0600701 
38317 0.133009 0.0985414 
38318 0.134998 0.258311 
38319 0.136878 0.419009 
38320 0.286599 -0.218494 
38321 0.288825 -0.0611985 
38322 0.29103 0.0969563 
38323 0.293229 0.256245 
38324 0.29571 0.416315 
38325 -0.349764 -0.212014 
38326 -0.349314 -0.05341 
38327 -0.348813 0.106107 
38328 -0.348225 0.266658 
38329 -0.347723 0.428464 
38330 -0.190288 -0.212779 
38331 -0.189372 -0.0548018 
38332 -0.188359 0.103937 
38333 -0.187194 0.26408 
38334 -0.186093 0.425039 
38335 -0.0322501 -0.213653 
38336 -0.0305024 -0.0563315 
38337 -0.028926 0.102045 
38338 -0.0274675 0.261607 
38339 -0.0258519 0.422097 
38340 0.124917 -0.214566 
38341 0.126857 -0.0578009 
38342 0.128952 0.100181 
38343 0.131148 0.258923 
38344 0.133281 0.418916 
38345 0.280757 -0.215221 
38346 0.283434 -0.0589877 
38347 0.285903 0.098141 
38348 0.288739 0.25652 
38349 0.291269 0.415813 
38350 -0.351742 -0.208076 
38351 -0.350926 -0.0504616 
38352 -0.350156 0.108329 
38353 -0.34974 0.268313 
38354 -0.349024 0.429425 
38355 -0.193147 -0.209195 
38356 -0.191933 -0.0520944 
38357 -0.190526 0.106011 
38358 -0.189357 0.265294 
38359 -0.188051 0.425979 
38360 -0.0357205 -0.210208 
38361 -0.0339574 -0.053735 
38362 -0.0320665 0.10372 
38363 -0.0302679 0.26234 
38364 -0.0284205 0.422272 
38365 0.120373 -0.211117 
38366 0.122663 -0.0553587 
38367 0.125023 0.101523 
38368 0.127486 0.259535 
38369 0.129883 0.418727 
38370 0.275223 -0.212223 
38371 0.27804 -0.0570613 
38372 0.28104 0.099176 
38373 0.284027 0.256753 
38374 0.286911 0.415101 
38375 -0.353639 -0.204472 
38376 -0.352927 -0.0475437 
38377 -0.352031 0.110524 
38378 -0.351187 0.269801 
38379 -0.350311 0.430415 
38380 -0.195945 -0.205613 
38381 -0.194403 -0.0494309 
38382 -0.192887 0.107991 
38383 -0.191445 0.266626 
38384 -0.189842 0.426349 
38385 -0.0393484 -0.206745 
38386 -0.0373296 -0.0512874 
38387 -0.035201 0.105228 
38388 -0.0330718 0.263297 
38389 -0.0309425 0.422404 
38390 0.115815 -0.207878 
38391 0.11856 -0.0531991 
38392 0.121133 0.102871 
38393 0.123867 0.259927 
38394 0.126533 0.418427 
38395 0.269517 -0.209202 
38396 0.272833 -0.0550869 
38397 0.276005 0.100267 
38398 0.27935 0.256791 
38399 0.282651 0.414347 
38400 -0.355769 -0.200704 
38401 -0.35466 -0.0446698 
38402 -0.353591 0.112593 
38403 -0.35255 0.271475 
38404 -0.351575 0.431347 
38405 -0.198514 -0.20213 
38406 -0.197003 -0.0468551 
38407 -0.195206 0.109797 
38408 -0.193471 0.267674 
38409 -0.191656 0.42683 
38410 -0.0429521 -0.203496 
38411 -0.0405637 -0.049091 
38412 -0.0382396 0.10679 
38413 -0.035943 0.263956 
38414 -0.0335976 0.42247 
38415 0.111221 -0.204867 
38416 0.114213 -0.0510477 
38417 0.117262 0.103856 
38418 0.120226 0.260301 
38419 0.123198 0.417924 
38420 0.263879 -0.206316 
38421 0.267656 -0.0532099 
38422 0.271115 0.101093 
38423 0.274813 0.256699 
38424 0.278508 0.413378 
38425 -0.357839 -0.197179 
38426 -0.356576 -0.0419658 
38427 -0.355263 0.114766 
38428 -0.353939 0.272624 
38429 -0.35263 0.432188 
38430 -0.201415 -0.198882 
38431 -0.199159 -0.0443767 
38432 -0.197438 0.111198 
38433 -0.195488 0.268643 
38434 -0.193471 0.427355 
38435 -0.0463776 -0.200468 
38436 -0.0439609 -0.0467551 
38437 -0.0412734 0.108198 
38438 -0.038599 0.264584 
38439 -0.0358047 0.422308 
38440 0.106913 -0.202308 
38441 0.110069 -0.0493419 
38442 0.113369 0.105022 
38443 0.116664 0.260579 
38444 0.120063 0.417431 
38445 0.258597 -0.20367 
38446 0.262444 -0.0517117 
38447 0.266387 0.101849 
38448 0.270324 0.256563 
38449 0.274292 0.412449 
38450 -0.359927 -0.193718 
38451 -0.358421 -0.0393881 
38452 -0.356831 0.116594 
38453 -0.3553 0.274128 
38454 -0.353803 0.432922 
38455 -0.204148 -0.19557 
38456 -0.202048 -0.0420454 
38457 -0.199679 0.113043 
38458 -0.197443 0.269499 
38459 -0.195189 0.427355 
38460 -0.0499877 -0.197535 
38461 -0.0470916 -0.0446843 
38462 -0.0442872 0.109403 
38463 -0.0412818 0.264938 
38464 -0.03831 0.422034 
38465 0.102305 -0.199461 
38466 0.105842 -0.0474331 
38467 0.109436 0.105926 
38468 0.113105 0.260548 
38469 0.116881 0.416715 
38470 0.253083 -0.20108 
38471 0.257366 -0.0500443 
38472 0.261468 0.102332 
38473 0.265926 0.256189 
38474 0.270115 0.41138 
38475 -0.36195 -0.190309 
38476 -0.36023 -0.036682 
38477 -0.358569 0.118545 
38478 -0.356717 0.275255 
38479 -0.354873 0.43342 
38480 -0.206896 -0.192553 
38481 -0.204431 -0.0398184 
38482 -0.201996 0.114539 
38483 -0.199437 0.270369 
38484 -0.197028 0.427567 
38485 -0.0537176 -0.194787 
38486 -0.0504072 -0.0428667 
38487 -0.0472468 0.110583 
38488 -0.0439165 0.265533 
38489 -0.0407093 0.421685 
38490 0.0978402 -0.196802 
38491 0.10172 -0.0457247 
38492 0.105614 0.10666 
38493 0.109663 0.260454 
38494 0.113503 0.415916 
38495 0.247503 -0.198831 
38496 0.252001 -0.0488017 
38497 0.256812 0.102684 
38498 0.261479 0.255804 
38499 0.266071 0.410228 
38500 -0.36409 -0.187202 
38501 -0.362189 -0.0342542 
38502 -0.360038 0.120335 
38503 -0.358066 0.27644 
38504 -0.356011 0.434055 
38505 -0.209675 -0.189495 
38506 -0.207024 -0.0375085 
38507 -0.204184 0.115828 
38508 -0.201425 0.271035 
38509 -0.198583 0.427565 
38510 -0.0573619 -0.191919 
38511 -0.0536886 -0.0408128 
38512 -0.0501757 0.111609 
38513 -0.0466834 0.265709 
38514 -0.0430427 0.421301 
38515 0.0934182 -0.194326 
38516 0.097598 -0.0441811 
38517 0.101802 0.107398 
38518 0.106196 0.260382 
38519 0.110488 0.414971 
38520 0.242191 -0.196715 
38521 0.247088 -0.0474902 
38522 0.252146 0.10314 
38523 0.257071 0.255335 
38524 0.262128 0.408814 
38525 -0.366305 -0.183981 
38526 -0.364068 -0.0318014 
38527 -0.36165 0.121994 
38528 -0.359313 0.277384 
38529 -0.357028 0.434437 
38530 -0.212578 -0.18675 
38531 -0.20957 -0.0355794 
38532 -0.206472 0.117322 
38533 -0.203207 0.271619 
38534 -0.200215 0.42755 
38535 -0.060726 -0.189388 
38536 -0.0569519 -0.0391461 
38537 -0.0531589 0.112519 
38538 -0.0492541 0.265758 
38539 -0.0452829 0.42069 
38540 0.088973 -0.191938 
38541 0.0935758 -0.042768 
38542 0.0980196 0.107913 
38543 0.102671 0.260287 
38544 0.10741 0.413974 
38545 0.236899 -0.194461 
38546 0.241996 -0.046378 
38547 0.247378 0.103432 
38548 0.252732 0.254488 
38549 0.25805 0.407298 
38550 -0.368447 -0.181058 
38551 -0.365881 -0.0295967 
38552 -0.363223 0.123472 
38553 -0.360632 0.278252 
38554 -0.357911 0.434784 
38555 -0.215461 -0.183921 
38556 -0.211977 -0.0335745 
38557 -0.208457 0.118415 
38558 -0.205217 0.272048 
38559 -0.201761 0.427415 
38560 -0.0644109 -0.186902 
38561 -0.0602375 -0.0374907 
38562 -0.0561131 0.113423 
38563 -0.0518446 0.266016 
38564 -0.047685 0.420167 
38565 0.0846424 -0.1898 
38566 0.0894822 -0.0414108 
38567 0.0942855 0.108328 
38568 0.09922 0.259777 
38569 0.10439 0.413022 
38570 0.231506 -0.192697 
38571 0.237079 -0.0452752 
38572 0.242812 0.103541 
38573 0.248446 0.253822 
38574 0.254147 0.405791 
38575 -0.370555 -0.178242 
38576 -0.36787 -0.0273767 
38577 -0.365076 0.125007 
38578 -0.361909 0.279159 
38579 -0.359083 0.435067 
38580 -0.218065 -0.181445 
38581 -0.214505 -0.0318105 
38582 -0.21083 0.119716 
38583 -0.207097 0.272497 
38584 -0.203292 0.427027 
38585 -0.0679222 -0.184829 
38586 -0.0634046 -0.03603 
38587 -0.0589757 0.113962 
38588 -0.0542987 0.265972 
38589 -0.0498571 0.419131 
38590 0.0801269 -0.187698 
38591 0.0853647 -0.0403114 
38592 0.0906486 0.108604 
38593 0.0958832 0.259414 
38594 0.101222 0.411515 
38595 0.226159 -0.190727 
38596 0.232036 -0.0444585 
38597 0.238129 0.10357 
38598 0.244026 0.252982 
38599 0.250115 0.404032 
