38175 -0.333409 -0.250012 
38176 -0.333327 -0.0833961 
38177 -0.333317 0.0834322 
38178 -0.333304 0.250051 
38179 -0.333457 0.416629 
38180 -0.166734 -0.250042 
38181 -0.166663 -0.0832095 
38182 -0.166737 0.0833022 
38183 -0.166718 0.249996 
38184 -0.166693 0.416619 
38185 0.000132878 -0.249961 
38186 4.21496e-05 -0.0832973 
38187 4.66971e-05 0.0834257 
38188 2.46178e-05 0.250005 
38189 4.73493e-05 0.416646 
38190 0.166618 -0.25008 
38191 0.166746 -0.0833372 
38192 0.166589 0.0833221 
38193 0.16655 0.249948 
38194 0.166788 0.416733 
38195 0.333358 -0.249907 
38196 0.33335 -0.0834371 
38197 0.333285 0.0833756 
38198 0.333383 0.250012 
38199 0.333326 0.416767 
38200 -0.335043 -0.245498 
38201 -0.335253 -0.0798105 
38202 -0.335029 0.0860178 
38203 -0.334978 0.251869 
38204 -0.335057 0.418056 
38205 -0.169195 -0.245652 
38206 -0.169235 -0.079879 
38207 -0.169134 0.0856696 
38208 -0.168942 0.251612 
38209 -0.168779 0.417539 
38210 -0.00372146 -0.245755 
38211 -0.00350286 -0.0802824 
38212 -0.00331743 0.0855322 
38213 -0.00326893 0.251272 
38214 -0.00295982 0.417389 
38215 0.161777 -0.245838 
38216 0.162117 -0.0801957 
38217 0.162293 0.0852282 
38218 0.16257 0.251059 
38219 0.162924 0.416884 
38220 0.327165 -0.245816 
38221 0.327459 -0.0803322 
38222 0.327808 0.085039 
38223 0.3281 0.250682 
38224 0.328578 0.4166 
38225 -0.336909 -0.241302 
38226 -0.336883 -0.0765326 
38227 -0.336639 0.0885719 
38228 -0.336691 0.253656 
38229 -0.336535 0.419409 
38230 -0.171942 -0.241384 
38231 -0.171824 -0.0766734 
38232 -0.171604 0.0881821 
38233 -0.171312 0.253254 
38234 -0.171091 0.418737 
38235 -0.00746446 -0.241717 
38236 -0.00705846 -0.0771373 
38237 -0.00656474 0.0877487 
38238 -0.0063486 0.252616 
38239 -0.00584104 0.417847 
38240 0.157087 -0.241617 
38241 0.157563 -0.0773697 
38242 0.15806 0.0870733 
38243 0.158385 0.252069 
38244 0.159012 0.417323 
38245 0.32121 -0.242013 
38246 0.321885 -0.077754 
38247 0.322398 0.0867953 
38248 0.323023 0.25159 
38249 0.323605 0.416501 
38250 -0.338784 -0.236945 
38251 -0.338554 -0.0732949 
38252 -0.338445 0.0911352 
38253 -0.338292 0.25563 
38254 -0.338063 0.420621 
38255 -0.174736 -0.237308 
38256 -0.174299 -0.0736181 
38257 -0.173946 0.0903176 
38258 -0.173624 0.254664 
38259 -0.173164 0.419457 
38260 -0.0109382 -0.237424 
38261 -0.0105499 -0.0740657 
38262 -0.00994256 0.0897174 
38263 -0.00941548 0.253922 
38264 -0.00872937 0.418434 
38265 0.152451 -0.237776 
38266 0.152986 -0.0745342 
38267 0.153772 0.0890495 
38268 0.154496 0.253088 
38269 0.155281 0.417231 
38270 0.315255 -0.23814 
38271 0.316129 -0.0750339 
38272 0.317186 0.0883771 
38273 0.318088 0.252043 
38274 0.318884 0.416214 
38275 -0.34072 -0.23266 
38276 -0.340449 -0.0699327 
38277 -0.340224 0.0935482 
38278 -0.339885 0.257421 
38279 -0.339552 0.421877 
38280 -0.177419 -0.233324 
38281 -0.17686 -0.0706142 
38282 -0.176363 0.0925649 
38283 -0.17581 0.256276 
38284 -0.175142 0.420386 
38285 -0.0145497 -0.233535 
38286 -0.0140142 -0.0711538 
38287 -0.0131087 0.091624 
38288 -0.0124547 0.25497 
38289 -0.0117351 0.418922 
38290 0.147612 -0.234014 
38291 0.148576 -0.0719719 
38292 0.149535 0.0907272 
38293 0.150643 0.253759 
38294 0.151705 0.417343 
38295 0.309153 -0.234379 
38296 0.310578 -0.0726276 
38297 0.311826 0.0898268 
38298 0.312973 0.252561 
38299 0.314273 0.415808 
38300 -0.342779 -0.228687 
38301 -0.342248 -0.066669 
38302 -0.341829 0.0958837 
38303 -0.341394 0.259132 
38304 -0.340962 0.422996 
38305 -0.180236 -0.229212 
38306 -0.179508 -0.0674478 
38307 -0.1788 0.0947419 
38308 -0.178139 0.25749 
38309 -0.177245 0.421065 
38310 -0.0184121 -0.229834 
38311 -0.0172376 -0.0683419 
38312 -0.0163891 0.0935361 
38313 -0.0154078 0.255946 
38314 -0.0141165 0.419168 
38315 0.142736 -0.230356 
38316 0.144294 -0.0692634 
38317 0.145405 0.0923123 
38318 0.146775 0.254439 
38319 0.148134 0.417324 
38320 0.30327 -0.230771 
38321 0.304846 -0.0700511 
38322 0.306552 0.0911632 
38323 0.308076 0.252989 
38324 0.309656 0.415456 
38325 -0.34447 -0.224535 
38326 -0.344022 -0.0634798 
38327 -0.343565 0.098323 
38328 -0.343068 0.260934 
38329 -0.342332 0.424108 
38330 -0.18291 -0.225334 
38331 -0.182045 -0.0646362 
38332 -0.181105 0.0967436 
38333 -0.180218 0.258963 
38334 -0.179405 0.421832 
38335 -0.0219559 -0.22607 
38336 -0.020746 -0.0657225 
38337 -0.0194933 0.0953613 
38338 -0.0183654 0.25697 
38339 -0.0171051 0.41952 
38340 0.138141 -0.22681 
38341 0.139633 -0.066842 
38342 0.141258 0.0937542 
38343 0.14286 0.255086 
38344 0.144673 0.41708 
38345 0.297464 -0.227456 
38346 0.299448 -0.067968 
38347 0.301216 0.0922861 
38348 0.303182 0.253088 
38349 0.305339 0.414832 
38350 -0.346413 -0.220769 
38351 -0.345859 -0.0603483 
38352 -0.345362 0.100561 
38353 -0.344526 0.262337 
38354 -0.343742 0.425094 
38355 -0.185756 -0.221519 
38356 -0.184579 -0.0617983 
38357 -0.183377 0.0988538 
38358 -0.18239 0.260119 
38359 -0.181328 0.42239 
38360 -0.0256869 -0.222525 
38361 -0.0242805 -0.0631087 
38362 -0.0226541 0.0969244 
38363 -0.0209605 0.257912 
38364 -0.0194457 0.419652 
38365 0.133342 -0.223582 
38366 0.135438 -0.0644868 
38367 0.137246 0.0952642 
38368 0.139004 0.255588 
38369 0.141161 0.416904 
38370 0.291544 -0.224272 
38371 0.293939 -0.065912 
38372 0.296161 0.0935146 
38373 0.298445 0.25346 
38374 0.300669 0.414197 
38375 -0.348669 -0.216707 
38376 -0.347703 -0.057478 
38377 -0.346863 0.102832 
38378 -0.345939 0.263992 
38379 -0.345034 0.42602 
38380 -0.188414 -0.218011 
38381 -0.187108 -0.0590741 
38382 -0.185715 0.100695 
38383 -0.184384 0.261352 
38384 -0.183094 0.422824 
38385 -0.0292648 -0.219105 
38386 -0.0275115 -0.060758 
38387 -0.0257671 0.0986006 
38388 -0.0240336 0.258577 
38389 -0.0221258 0.419643 
38390 0.128666 -0.220106 
38391 0.130798 -0.0621998 
38392 0.1332 0.0964358 
38393 0.135374 0.256129 
38394 0.137661 0.416551 
38395 0.285769 -0.221236 
38396 0.28852 -0.0638563 
38397 0.29109 0.0943174 
38398 0.2938 0.253297 
38399 0.296468 0.413215 
38400 -0.350628 -0.213132 
38401 -0.349645 -0.0546481 
38402 -0.348398 0.104932 
38403 -0.347359 0.265531 
38404 -0.346284 0.426774 
38405 -0.191294 -0.214519 
38406 -0.189614 -0.0564439 
38407 -0.188149 0.102473 
38408 -0.186443 0.262407 
38409 -0.184912 0.423314 
38410 -0.0329813 -0.21573 
38411 -0.0307331 -0.0583474 
38412 -0.0289002 0.100038 
38413 -0.0266996 0.259376 
38414 -0.0247628 0.419754 
38415 0.12416 -0.217056 
38416 0.126591 -0.0603021 
38417 0.129057 0.0974652 
38418 0.131649 0.256338 
38419 0.134403 0.415916 
38420 0.28008 -0.218334 
38421 0.283008 -0.06203 
38422 0.285954 0.0950535 
38423 0.289045 0.253336 
38424 0.292184 0.412416 
38425 -0.3527 -0.20933 
38426 -0.351474 -0.0517979 
38427 -0.350242 0.10692 
38428 -0.348577 0.266886 
38429 -0.347353 0.427574 
38430 -0.19405 -0.210897 
38431 -0.192264 -0.0538762 
38432 -0.190438 0.104236 
38433 -0.188393 0.263269 
38434 -0.186587 0.423557 
38435 -0.0367457 -0.212522 
38436 -0.0342773 -0.0559505 
38437 -0.0320697 0.101358 
38438 -0.0294948 0.259885 
38439 -0.0271709 0.419555 
38440 0.119505 -0.214117 
38441 0.122349 -0.0583186 
38442 0.125158 0.0986674 
38443 0.127966 0.256451 
38444 0.131057 0.415437 
38445 0.274361 -0.215585 
38446 0.277745 -0.0603804 
38447 0.280946 0.0958577 
38448 0.284413 0.253232 
38449 0.287743 0.411389 
38450 -0.354822 -0.205947 
38451 -0.35326 -0.0490251 
38452 -0.351612 0.108917 
38453 -0.350157 0.268014 
38454 -0.348554 0.428429 
38455 -0.196834 -0.207767 
38456 -0.194815 -0.0514786 
38457 -0.1926 0.105833 
38458 -0.190555 0.264186 
38459 -0.188418 0.423798 
38460 -0.0401822 -0.209381 
38461 -0.0376183 -0.0539603 
38462 -0.0351719 0.102663 
38463 -0.0324164 0.260376 
38464 -0.0296852 0.419184 
38465 0.114796 -0.211214 
38466 0.118043 -0.0564294 
38467 0.121157 0.0994859 
38468 0.124344 0.256676 
38469 0.127681 0.414679 
38470 0.268832 -0.21295 
38471 0.272539 -0.0588077 
38472 0.276166 0.0963418 
38473 0.279939 0.252729 
38474 0.283622 0.410341 
38475 -0.356967 -0.202548 
38476 -0.355059 -0.0464558 
38477 -0.353375 0.110801 
38478 -0.351546 0.269311 
38479 -0.34975 0.429084 
38480 -0.199768 -0.20457 
38481 -0.197256 -0.0492462 
38482 -0.194921 0.107358 
38483 -0.192491 0.265018 
38484 -0.190164 0.423837 
38485 -0.0439213 -0.206622 
38486 -0.0411098 -0.0519379 
38487 -0.0378871 0.103703 
38488 -0.0350282 0.260764 
38489 -0.0321109 0.418754 
38490 0.110292 -0.208492 
38491 0.113662 -0.0546696 
38492 0.117243 0.100265 
38493 0.120863 0.256587 
38494 0.124416 0.413818 
38495 0.263009 -0.21042 
38496 0.267081 -0.0574175 
38497 0.271008 0.0969445 
38498 0.275323 0.252346 
38499 0.279353 0.40884 
38500 -0.359041 -0.199407 
38501 -0.35715 -0.0440277 
38502 -0.354921 0.112465 
38503 -0.352841 0.270328 
38504 -0.350786 0.429642 
38505 -0.202554 -0.201666 
38506 -0.199835 -0.0470188 
38507 -0.197189 0.108867 
38508 -0.194605 0.265724 
38509 -0.191773 0.424036 
38510 -0.0476115 -0.203837 
38511 -0.0443131 -0.0500228 
38512 -0.0411151 0.10491 
38513 -0.0377911 0.261032 
38514 -0.0344539 0.418457 
38515 0.10582 -0.206005 
38516 0.109546 -0.0531338 
38517 0.113397 0.10103 
38518 0.117221 0.256306 
38519 0.121251 0.412865 
38520 0.257626 -0.208209 
38521 0.261896 -0.0561324 
38522 0.266351 0.0972823 
38523 0.270765 0.251701 
38524 0.275223 0.407462 
38525 -0.361286 -0.196121 
38526 -0.358927 -0.0414962 
38527 -0.356592 0.114268 
38528 -0.354181 0.271463 
38529 -0.351808 0.429963 
38530 -0.205426 -0.198576 
38531 -0.202384 -0.0448574 
38532 -0.199467 0.109953 
38533 -0.196364 0.266274 
38534 -0.193617 0.423789 
38535 -0.0513131 -0.201227 
38536 -0.0477745 -0.0482093 
38537 -0.0441359 0.105687 
38538 -0.0405483 0.261155 
38539 -0.0367266 0.417844 
38540 0.101288 -0.203602 
38541 0.105374 -0.0516998 
38542 0.109519 0.101693 
38543 0.113915 0.256151 
38544 0.117967 0.411787 
38545 0.252029 -0.206043 
38546 0.256648 -0.0548167 
38547 0.261682 0.0975958 
38548 0.266406 0.251126 
38549 0.271187 0.405875 
38550 -0.363424 -0.193042 
38551 -0.360808 -0.0392198 
38552 -0.358152 0.115847 
38553 -0.355607 0.272319 
38554 -0.352748 0.430219 
38555 -0.208256 -0.19581 
38556 -0.205033 -0.0429411 
38557 -0.201683 0.111408 
38558 -0.198417 0.26689 
38559 -0.194924 0.423669 
38560 -0.0549145 -0.198685 
38561 -0.051002 -0.0465452 
38562 -0.047037 0.10655 
38563 -0.0431104 0.261135 
38564 -0.0391867 0.417024 
38565 0.0967199 -0.201252 
38566 0.101103 -0.0503509 
38567 0.105542 0.101933 
38568 0.110339 0.255702 
38569 0.114974 0.410574 
38570 0.246525 -0.20417 
38571 0.251642 -0.0539669 
38572 0.256705 0.0976352 
38573 0.261947 0.250195 
38574 0.267139 0.404276 
38575 -0.365671 -0.190128 
38576 -0.362798 -0.0371239 
38577 -0.359694 0.11742 
38578 -0.35676 0.273186 
38579 -0.353674 0.430391 
38580 -0.210988 -0.193226 
38581 -0.207403 -0.0411455 
38582 -0.203872 0.11241 
38583 -0.200206 0.267079 
38584 -0.19666 0.423399 
38585 -0.0585224 -0.19628 
38586 -0.0542281 -0.0451948 
38587 -0.0500037 0.107204 
38588 -0.0458009 0.26103 
38589 -0.0414705 0.416238 
38590 0.0922843 -0.199275 
38591 0.0970507 -0.0491767 
38592 0.101884 0.102312 
38593 0.106931 0.255188 
38594 0.111901 0.409261 
38595 0.241035 -0.202518 
38596 0.24658 -0.0529903 
38597 0.252013 0.0974206 
38598 0.257449 0.249205 
38599 0.263146 0.40232 
38600 -0.367775 -0.187486 
38601 -0.364662 -0.0350308 
38602 -0.361274 0.118772 
38603 -0.358031 0.273827 
38604 -0.354794 0.430391 
38605 -0.213992 -0.190846 
38606 -0.209931 -0.039459 
38607 -0.206115 0.113313 
38608 -0.202019 0.267206 
38609 -0.198199 0.42298 
38610 -0.0620909 -0.194047 
38611 -0.0573918 -0.0437092 
38612 -0.052909 0.107921 
38613 -0.048413 0.260823 
38614 -0.0438052 0.415268 
38615 0.0876483 -0.197379 
38616 0.0928914 -0.0481092 
38617 0.0980739 0.102593 
38618 0.103483 0.254459 
38619 0.108699 0.407829 
38620 0.235576 -0.200716 
38621 0.241462 -0.0522265 
38622 0.247253 0.0973483 
38623 0.253138 0.248192 
38624 0.259212 0.400474 
38625 -0.370048 -0.184655 
38626 -0.36657 -0.0330198 
38627 -0.362911 0.119926 
38628 -0.359307 0.274417 
38629 -0.355621 0.430459 
38630 -0.216863 -0.188398 
38631 -0.212673 -0.0378617 
38632 -0.208294 0.114127 
38633 -0.203977 0.267606 
38634 -0.199672 0.422278 
38635 -0.0657492 -0.191974 
38636 -0.0608659 -0.0424926 
38637 -0.0559228 0.108318 
38638 -0.0510055 0.260671 
38639 -0.045957 0.414269 
38640 0.0832929 -0.195562 
38641 0.0889358 -0.0471 
38642 0.0943382 0.102712 
38643 0.0999658 0.253709 
38644 0.105733 0.406325 
38645 0.230159 -0.199083 
38646 0.236314 -0.0515277 
38647 0.242535 0.0970382 
38648 0.24873 0.247011 
38649 0.255167 0.39842 
38650 -0.372231 -0.182091 
38651 -0.368452 -0.0311835 
38652 -0.364401 0.121312 
38653 -0.360592 0.274895 
38654 -0.356486 0.43014 
38655 -0.219716 -0.186208 
38656 -0.215158 -0.0362691 
38657 -0.210466 0.11489 
38658 -0.205885 0.267493 
38659 -0.201338 0.42145 
38660 -0.0692854 -0.189953 
38661 -0.0640708 -0.041302 
38662 -0.0587915 0.108557 
38663 -0.0534114 0.26019 
38664 -0.0480814 0.413006 
38665 0.0789934 -0.193986 
38666 0.0847601 -0.0463416 
38667 0.090701 0.102625 
38668 0.0965645 0.252856 
38669 0.102685 0.404424 
38670 0.22495 -0.197784 
38671 0.231285 -0.0512823 
38672 0.237873 0.0965658 
38673 0.244317 0.245735 
38674 0.251111 0.396138 
