3060 -0.333634 -0.216374 
3061 -0.333068 -0.0163381 
3062 -0.333526 0.182994 
3063 -0.333293 0.383276 
3064 -0.167166 -0.21624 
3065 -0.166355 -0.0162488 
3066 -0.166245 0.183156 
3067 -0.167116 0.383757 
3068 0.000220878 -0.21641 
3069 -0.000247367 -0.0169365 
3070 0.000140696 0.18364 
3071 -0.00014007 0.383763 
3072 0.166486 -0.217022 
3073 0.166799 -0.017055 
3074 0.166245 0.183048 
3075 0.166782 0.383627 
3076 0.333111 -0.217026 
3077 0.333405 -0.0162686 
3078 0.333267 0.182839 
3079 0.333504 0.38295 
3080 -0.324152 -0.189148 
3081 -0.323586 -0.00636841 
3082 -0.323413 0.176983 
3083 -0.32297 0.360289 
3084 -0.171503 -0.189917 
3085 -0.170339 -0.00669019 
3086 -0.170227 0.176635 
3087 -0.169787 0.359686 
3088 -0.0182543 -0.189846 
3089 -0.0184635 -0.00737092 
3090 -0.0180786 0.175576 
3091 -0.0180779 0.359065 
3092 0.133085 -0.189943 
3093 0.133464 -0.00715824 
3094 0.13401 0.175292 
3095 0.134147 0.357607 
3096 0.28501 -0.190206 
3097 0.28622 -0.00776372 
3098 0.286439 0.175256 
3099 0.286332 0.35722 
3100 -0.316094 -0.165907 
3101 -0.315032 0.00255957 
3102 -0.315232 0.170522 
3103 -0.314019 0.340011 
3104 -0.174714 -0.166762 
3105 -0.175071 0.00122854 
3106 -0.173756 0.170078 
3107 -0.17379 0.338657 
3108 -0.0346536 -0.166703 
3109 -0.0337433 0.00117296 
3110 -0.0331575 0.169288 
3111 -0.0330214 0.338348 
3112 0.105347 -0.167174 
3113 0.106265 9.17899e-05 
3114 0.106808 0.168291 
3115 0.106969 0.336804 
3116 0.245 -0.168114 
3117 0.245537 0.00020447 
3118 0.246358 0.167411 
3119 0.24745 0.336051 
3120 -0.31002 -0.146263 
3121 -0.309238 0.00971694 
3122 -0.308162 0.165862 
3123 -0.30695 0.322693 
3124 -0.179563 -0.147472 
3125 -0.178351 0.00930941 
3126 -0.176933 0.165531 
3127 -0.176398 0.321272 
3128 -0.0494738 -0.147569 
3129 -0.048391 0.00755134 
3130 -0.0470425 0.164349 
3131 -0.0465331 0.319649 
3132 0.0803518 -0.147973 
3133 0.0811882 0.00747105 
3134 0.0824483 0.163252 
3135 0.083431 0.318209 
3136 0.209751 -0.148892 
3137 0.211194 0.00609515 
3138 0.211562 0.161435 
3139 0.213421 0.317656 
3140 -0.304911 -0.129235 
3141 -0.303794 0.0162991 
3142 -0.302829 0.16215 
3143 -0.301737 0.308505 
3144 -0.182265 -0.130504 
3145 -0.181193 0.0153381 
3146 -0.18099 0.160708 
3147 -0.179435 0.30625 
3148 -0.0617676 -0.130774 
3149 -0.0605752 0.0138426 
3150 -0.0594174 0.15926 
3151 -0.0578377 0.304492 
3152 0.0593763 -0.131802 
3153 0.0602256 0.0126665 
3154 0.0620458 0.157369 
3155 0.0630959 0.302631 
3156 0.178993 -0.132679 
3157 0.180863 0.0115081 
3158 0.181715 0.156123 
3159 0.183109 0.301418 
3160 -0.300675 -0.114857 
3161 -0.299595 0.0218796 
3162 -0.297792 0.158582 
3163 -0.297414 0.295653 
3164 -0.186628 -0.115109 
3165 -0.185416 0.0200568 
3166 -0.183453 0.157074 
3167 -0.182741 0.293357 
3168 -0.0727603 -0.116046 
3169 -0.0708852 0.0187676 
3170 -0.0701892 0.155105 
3171 -0.0681104 0.291308 
3172 0.040005 -0.117795 
3173 0.04129 0.0181984 
3174 0.0433591 0.153684 
3175 0.0447624 0.288895 
3176 0.15238 -0.117738 
3177 0.153548 0.016992 
3178 0.155542 0.151835 
3179 0.15735 0.287567 
3180 -0.296683 -0.101444 
3181 -0.295878 0.0271854 
3182 -0.29442 0.155551 
3183 -0.292971 0.284532 
3184 -0.189803 -0.10246 
3185 -0.188003 0.0252517 
3186 -0.186948 0.153856 
3187 -0.185228 0.281753 
3188 -0.0828211 -0.103423 
3189 -0.0813717 0.0238075 
3190 -0.07972 0.151913 
3191 -0.0778216 0.279687 
3192 0.0227747 -0.104417 
3193 0.0244242 0.0218685 
3194 0.0268024 0.149468 
3195 0.0286343 0.277051 
3196 0.128093 -0.105731 
3197 0.130387 0.0207239 
3198 0.132208 0.147625 
3199 0.133685 0.274777 
3200 -0.294439 -0.0895446 
3201 -0.293151 0.0308212 
3202 -0.29127 0.152004 
3203 -0.289551 0.274633 
3204 -0.193233 -0.0909656 
3205 -0.190901 0.0292267 
3206 -0.189559 0.150107 
3207 -0.188345 0.271586 
3208 -0.0925264 -0.0920248 
3209 -0.090035 0.0280097 
3210 -0.0882063 0.148302 
3211 -0.0871897 0.269231 
3212 0.00804775 -0.093864 
3213 0.00939428 0.0263976 
3214 0.011929 0.146272 
3215 0.0134061 0.266616 
3216 0.10668 -0.0948336 
3217 0.109474 0.0248044 
3218 0.111317 0.144498 
3219 0.113023 0.263659 
3220 -0.292573 -0.0798775 
3221 -0.290594 0.0353 
3222 -0.288746 0.1501 
3223 -0.28744 0.264827 
3224 -0.196364 -0.0815754 
3225 -0.194364 0.0334847 
3226 -0.191998 0.147445 
3227 -0.190834 0.262406 
3228 -0.101159 -0.082786 
3229 -0.0990811 0.0309332 
3230 -0.0963934 0.145698 
3231 -0.0942986 0.259896 
3232 -0.00607986 -0.0840835 
3233 -0.00442293 0.0294749 
3234 -0.00237538 0.143387 
3235 0.000698447 0.256622 
3236 0.087413 -0.0849029 
3237 0.089975 0.0275468 
3238 0.092005 0.141069 
3239 0.094811 0.253867 
3240 -0.290689 -0.0702192 
3241 -0.288433 0.0385369 
3242 -0.286531 0.146942 
3243 -0.284878 0.256758 
3244 -0.199058 -0.0722594 
3245 -0.197685 0.036021 
3246 -0.195487 0.144957 
3247 -0.193181 0.253398 
3248 -0.108569 -0.0732694 
3249 -0.10641 0.034266 
3250 -0.104853 0.142765 
3251 -0.102287 0.250715 
3252 -0.018724 -0.0747889 
3253 -0.0163832 0.0320858 
3254 -0.0147496 0.139656 
3255 -0.0120513 0.247679 
3256 0.0697993 -0.0765727 
3257 0.0725979 0.0301097 
3258 0.0749919 0.13726 
3259 0.0772058 0.245229 
3260 -0.289892 -0.0626549 
3261 -0.287642 0.041613 
3262 -0.285142 0.144669 
3263 -0.283263 0.249608 
3264 -0.202774 -0.0639791 
3265 -0.200069 0.039369 
3266 -0.197884 0.142038 
3267 -0.195851 0.246501 
3268 -0.116066 -0.0661703 
3269 -0.11414 0.0369381 
3270 -0.111691 0.140057 
3271 -0.108747 0.243178 
3272 -0.0304569 -0.0671153 
3273 -0.0283001 0.0345138 
3274 -0.0261435 0.13673 
3275 -0.023415 0.240031 
3276 0.0538478 -0.0691638 
3277 0.0563794 0.03286 
3278 0.0595889 0.134933 
3279 0.0618593 0.236516 
3280 -0.288424 -0.0547502 
3281 -0.286266 0.0435483 
3282 -0.28375 0.143207 
3283 -0.282069 0.241761 
3284 -0.204936 -0.0563921 
3285 -0.203151 0.0419283 
3286 -0.201105 0.140375 
3287 -0.198695 0.238764 
3288 -0.122964 -0.0584781 
3289 -0.120374 0.0392054 
3290 -0.118024 0.13703 
3291 -0.115364 0.235657 
3292 -0.0413616 -0.0608023 
3293 -0.0391824 0.0370938 
3294 -0.0361746 0.134783 
3295 -0.0342312 0.23225 
3296 0.0391377 -0.0621441 
3297 0.0416702 0.0347651 
3298 0.0447322 0.132238 
3299 0.0476788 0.229465 
3300 -0.288078 -0.04875 
3301 -0.285966 0.0460481 
3302 -0.282581 0.141144 
3303 -0.280983 0.235647 
3304 -0.208156 -0.0507328 
3305 -0.205384 0.0437603 
3306 -0.203396 0.138121 
3307 -0.200727 0.231937 
3308 -0.129662 -0.0526133 
3309 -0.127342 0.0416125 
3310 -0.124108 0.135255 
3311 -0.12136 0.228479 
3312 -0.05161 -0.0543525 
3313 -0.0486901 0.0383067 
3314 -0.0461942 0.131589 
3315 -0.0431454 0.225638 
3316 0.0254743 -0.0562349 
3317 0.0280607 0.0367872 
3318 0.0309399 0.129074 
3319 0.0342776 0.222808 
3320 -0.287219 -0.0424131 
3321 -0.285353 0.0484704 
3322 -0.282776 0.138413 
3323 -0.279945 0.229335 
3324 -0.210893 -0.0448647 
3325 -0.209078 0.0453614 
3326 -0.206088 0.135299 
3327 -0.203812 0.225769 
3328 -0.136139 -0.0462619 
3329 -0.133317 0.043168 
3330 -0.13057 0.132639 
3331 -0.127821 0.222423 
3332 -0.0614959 -0.0488363 
3333 -0.0586747 0.0406112 
3334 -0.0551833 0.12922 
3335 -0.0531654 0.21915 
3336 0.0128286 -0.0509601 
3337 0.0161371 0.0380951 
3338 0.0187206 0.126319 
3339 0.0213744 0.215966 
3340 -0.287796 -0.0369383 
3341 -0.284793 0.049565 
3342 -0.282305 0.136272 
3343 -0.279021 0.223464 
3344 -0.214048 -0.0393579 
3345 -0.211381 0.0468087 
3346 -0.208899 0.133691 
3347 -0.205469 0.219822 
3348 -0.141548 -0.0419159 
3349 -0.138747 0.0441958 
3350 -0.136462 0.130845 
3351 -0.133564 0.216452 
3352 -0.069647 -0.0435012 
3353 -0.0669866 0.0418618 
3354 -0.0645884 0.127337 
3355 -0.0614333 0.212925 
3356 0.0013388 -0.0457072 
3357 0.00404969 0.0395216 
3358 0.00655655 0.123775 
3359 0.0095864 0.210074 
3360 -0.287039 -0.0326613 
3361 -0.284503 0.0512605 
3362 -0.281844 0.134847 
3363 -0.279065 0.218454 
3364 -0.216561 -0.0349938 
3365 -0.214107 0.048596 
3366 -0.211687 0.131281 
3367 -0.208076 0.214798 
3368 -0.147646 -0.0374325 
3369 -0.144012 0.0454617 
3370 -0.141894 0.127713 
3371 -0.138158 0.21115 
3372 -0.0786189 -0.0390367 
3373 -0.0757813 0.0423249 
3374 -0.0726065 0.125305 
3375 -0.0690287 0.207191 
3376 -0.010052 -0.0411862 
3377 -0.0068241 0.0400616 
3378 -0.0043788 0.121509 
3379 -0.00140362 0.203403 
3380 -0.288011 -0.0283955 
3381 -0.284953 0.0521349 
3382 -0.281854 0.133192 
3383 -0.279 0.213113 
3384 -0.219378 -0.0302676 
3385 -0.217318 0.0491284 
3386 -0.213683 0.128989 
3387 -0.211259 0.209673 
3388 -0.153171 -0.0329134 
3389 -0.149623 0.0463419 
3390 -0.146976 0.125863 
3391 -0.144005 0.205346 
3392 -0.0865472 -0.035035 
3393 -0.082806 0.0437824 
3394 -0.0801927 0.122666 
3395 -0.0771022 0.202267 
3396 -0.0209618 -0.0375892 
3397 -0.0179593 0.0412466 
3398 -0.0144039 0.119181 
3399 -0.0112371 0.198502 
3400 -0.288568 -0.024177 
3401 -0.284709 0.0535387 
3402 -0.281641 0.130827 
3403 -0.278643 0.208596 
3404 -0.222578 -0.0267138 
3405 -0.219302 0.0504674 
3406 -0.216596 0.127676 
3407 -0.213217 0.204744 
3408 -0.157498 -0.0288838 
3409 -0.154321 0.0467714 
3410 -0.151363 0.123625 
3411 -0.148122 0.201135 
3412 -0.0937067 -0.0315108 
3413 -0.0908448 0.0446591 
3414 -0.0877755 0.120787 
3415 -0.0840771 0.196553 
3416 -0.030114 -0.0340144 
3417 -0.0272635 0.0412314 
3418 -0.0238028 0.117287 
3419 -0.0212632 0.193664 
3420 -0.289073 -0.0205296 
3421 -0.285116 0.0535266 
3422 -0.281925 0.128229 
3423 -0.279179 0.203221 
3424 -0.225329 -0.0230123 
3425 -0.222293 0.0504875 
3426 -0.219094 0.125367 
3427 -0.215701 0.19984 
3428 -0.163252 -0.0262916 
3429 -0.159136 0.0481817 
3430 -0.15669 0.121348 
3431 -0.153331 0.196004 
3432 -0.100785 -0.0286737 
3433 -0.0973377 0.0447096 
3434 -0.0948412 0.118344 
3435 -0.0907933 0.192036 
3436 -0.0402919 -0.0307144 
3437 -0.0365678 0.0416782 
3438 -0.0336517 0.114892 
3439 -0.0296495 0.188251 
3440 -0.289517 -0.0178064 
3441 -0.286032 0.0545434 
3442 -0.282605 0.126618 
3443 -0.279647 0.199446 
3444 -0.228221 -0.0202429 
3445 -0.225136 0.0507473 
3446 -0.221205 0.123146 
3447 -0.218293 0.195193 
3448 -0.16811 -0.023335 
3449 -0.164765 0.0476379 
3450 -0.160595 0.119959 
3451 -0.157303 0.191085 
3452 -0.10839 -0.0262046 
3453 -0.104281 0.0448676 
3454 -0.100909 0.11598 
3455 -0.0977796 0.187066 
3456 -0.048365 -0.0286039 
3457 -0.0452878 0.0424765 
3458 -0.0423153 0.11284 
3459 -0.038883 0.183038 
