38275 -0.333252 -0.249936 
38276 -0.333328 -0.0833321 
38277 -0.333342 0.0832909 
38278 -0.333401 0.250119 
38279 -0.333323 0.416711 
38280 -0.166641 -0.249922 
38281 -0.166638 -0.0833034 
38282 -0.166621 0.0833218 
38283 -0.166697 0.249988 
38284 -0.166558 0.416682 
38285 -3.74614e-05 -0.249932 
38286 5.349e-05 -0.0833572 
38287 -9.95596e-06 0.0833508 
38288 -2.61427e-05 0.249966 
38289 5.91866e-06 0.416666 
38290 0.166605 -0.249963 
38291 0.166573 -0.0833899 
38292 0.166521 0.0833135 
38293 0.166685 0.249962 
38294 0.166579 0.416748 
38295 0.333272 -0.249997 
38296 0.333364 -0.0834092 
38297 0.333349 0.0834342 
38298 0.333392 0.249959 
38299 0.333397 0.416707 
38300 -0.335323 -0.24578 
38301 -0.335139 -0.0799619 
38302 -0.334934 0.0856871 
38303 -0.334808 0.251807 
38304 -0.334754 0.417725 
38305 -0.169488 -0.245847 
38306 -0.16918 -0.0803166 
38307 -0.169227 0.0854686 
38308 -0.168972 0.251309 
38309 -0.168662 0.41732 
38310 -0.00369732 -0.245924 
38311 -0.00352796 -0.0805502 
38312 -0.00336719 0.0852885 
38313 -0.00299371 0.251004 
38314 -0.00287944 0.41692 
38315 0.16175 -0.246234 
38316 0.162081 -0.0806751 
38317 0.162397 0.0849978 
38318 0.16262 0.250723 
38319 0.162916 0.416479 
38320 0.327072 -0.246406 
38321 0.327439 -0.0810322 
38322 0.327893 0.0845691 
38323 0.328225 0.250416 
38324 0.328524 0.416096 
38325 -0.337332 -0.241513 
38326 -0.337048 -0.0767724 
38327 -0.336688 0.0882207 
38328 -0.336472 0.253476 
38329 -0.336149 0.418885 
38330 -0.172273 -0.241831 
38331 -0.171907 -0.0772965 
38332 -0.171351 0.0876356 
38333 -0.171144 0.252621 
38334 -0.17075 0.418023 
38335 -0.00776052 -0.24239 
38336 -0.00704179 -0.0778593 
38337 -0.0065309 0.0869201 
38338 -0.00608734 0.251957 
38339 -0.00557508 0.417266 
38340 0.156797 -0.242653 
38341 0.157448 -0.0781807 
38342 0.157944 0.0865314 
38343 0.158651 0.251093 
38344 0.159339 0.416324 
38345 0.321031 -0.242962 
38346 0.321697 -0.0785761 
38347 0.322424 0.0858558 
38348 0.323136 0.250494 
38349 0.323825 0.415409 
38350 -0.339264 -0.237575 
38351 -0.338766 -0.0736483 
38352 -0.33829 0.0904529 
38353 -0.338019 0.254968 
38354 -0.337589 0.419848 
38355 -0.175184 -0.238071 
38356 -0.174596 -0.0743497 
38357 -0.174021 0.0895309 
38358 -0.173351 0.253933 
38359 -0.172625 0.418564 
38360 -0.0113531 -0.238466 
38361 -0.0106288 -0.074947 
38362 -0.00965732 0.0886881 
38363 -0.00902451 0.252796 
38364 -0.00837027 0.417452 
38365 0.151922 -0.239047 
38366 0.152813 -0.0757583 
38367 0.153804 0.0878026 
38368 0.154836 0.251824 
38369 0.155897 0.41596 
38370 0.314872 -0.239466 
38371 0.315839 -0.0765038 
38372 0.317065 0.0869601 
38373 0.318145 0.250634 
38374 0.319233 0.41461 
38375 -0.341218 -0.233623 
38376 -0.340753 -0.0705958 
38377 -0.340082 0.0926572 
38378 -0.339469 0.256734 
38379 -0.338734 0.420754 
38380 -0.178 -0.23426 
38381 -0.177065 -0.0718098 
38382 -0.176241 0.091543 
38383 -0.175548 0.255129 
38384 -0.174646 0.419065 
38385 -0.0151382 -0.234947 
38386 -0.0142171 -0.072526 
38387 -0.0129565 0.0902686 
38388 -0.0119564 0.253552 
38389 -0.010959 0.417176 
38390 0.146996 -0.23548 
38391 0.148342 -0.0734966 
38392 0.149687 0.0891338 
38393 0.150788 0.251953 
38394 0.152134 0.415377 
38395 0.308699 -0.236244 
38396 0.31025 -0.074508 
38397 0.311681 0.0877849 
38398 0.313194 0.250722 
38399 0.31474 0.413757 
38400 -0.343247 -0.229728 
38401 -0.342499 -0.0676488 
38402 -0.341692 0.0948529 
38403 -0.340895 0.258049 
38404 -0.339959 0.421539 
38405 -0.180816 -0.230631 
38406 -0.179713 -0.0688823 
38407 -0.178693 0.0932949 
38408 -0.177605 0.25619 
38409 -0.176424 0.419345 
38410 -0.0190106 -0.231589 
38411 -0.0176629 -0.0699934 
38412 -0.0163029 0.0917143 
38413 -0.0149179 0.254148 
38414 -0.0134604 0.416952 
38415 0.142129 -0.232446 
38416 0.143866 -0.0713483 
38417 0.145451 0.0902156 
38418 0.147178 0.252333 
38419 0.148729 0.414862 
38420 0.302691 -0.233272 
38421 0.304704 -0.0725329 
38422 0.306467 0.0887019 
38423 0.308462 0.250447 
38424 0.310135 0.412612 
38425 -0.345486 -0.225965 
38426 -0.344438 -0.0647658 
38427 -0.343269 0.0968253 
38428 -0.342232 0.259499 
38429 -0.34106 0.422368 
38430 -0.183795 -0.227068 
38431 -0.182247 -0.0663881 
38432 -0.18091 0.0950778 
38433 -0.179632 0.256988 
38434 -0.178223 0.419654 
38435 -0.0227311 -0.228158 
38436 -0.0211449 -0.0679437 
38437 -0.0192565 0.0930672 
38438 -0.0177483 0.254724 
38439 -0.0160923 0.416814 
38440 0.137318 -0.229338 
38441 0.139405 -0.0693166 
38442 0.141292 0.0912911 
38443 0.143273 0.252326 
38444 0.145151 0.414136 
38445 0.296727 -0.230295 
38446 0.299008 -0.0708802 
38447 0.301323 0.0891999 
38448 0.303506 0.250059 
38449 0.305689 0.411505 
38450 -0.34753 -0.222241 
38451 -0.346233 -0.0619545 
38452 -0.344857 0.098892 
38453 -0.343584 0.260601 
38454 -0.342343 0.423027 
38455 -0.186641 -0.223593 
38456 -0.185072 -0.0637874 
38457 -0.183326 0.0967533 
38458 -0.181534 0.257825 
38459 -0.18 0.419831 
38460 -0.0265127 -0.225049 
38461 -0.0245708 -0.065482 
38462 -0.0224901 0.0943902 
38463 -0.0205012 0.255042 
38464 -0.018627 0.41661 
38465 0.132688 -0.226464 
38466 0.134868 -0.067449 
38467 0.137159 0.0920979 
38468 0.139599 0.252435 
38469 0.14191 0.413458 
38470 0.290873 -0.22775 
38471 0.29356 -0.0692822 
38472 0.296099 0.0898207 
38473 0.298847 0.249705 
38474 0.301408 0.410225 
38475 -0.3497 -0.21883 
38476 -0.348137 -0.0593577 
38477 -0.34652 0.100813 
38478 -0.345164 0.261927 
38479 -0.343458 0.423521 
38480 -0.189601 -0.220493 
38481 -0.187555 -0.0615105 
38482 -0.185571 0.0983329 
38483 -0.183725 0.258576 
38484 -0.181735 0.41994 
38485 -0.030373 -0.222102 
38486 -0.0279573 -0.0635041 
38487 -0.0255615 0.0955065 
38488 -0.0232623 0.255579 
38489 -0.0211136 0.416012 
38490 0.12793 -0.223607 
38491 0.130515 -0.0657322 
38492 0.133187 0.093006 
38493 0.135877 0.252235 
38494 0.138598 0.412465 
38495 0.284872 -0.225228 
38496 0.287888 -0.0676658 
38497 0.29105 0.0903448 
38498 0.294015 0.249214 
38499 0.297071 0.408884 
38500 -0.351871 -0.215523 
38501 -0.350047 -0.0568305 
38502 -0.348211 0.102623 
38503 -0.346416 0.263044 
38504 -0.344611 0.424037 
38505 -0.192398 -0.217364 
38506 -0.190274 -0.0591756 
38507 -0.187955 0.0996038 
38508 -0.185696 0.259207 
38509 -0.183288 0.41977 
38510 -0.0340217 -0.219153 
38511 -0.031394 -0.061693 
38512 -0.0286955 0.0966718 
38513 -0.0261965 0.255753 
38514 -0.0235405 0.415566 
38515 0.123169 -0.221079 
38516 0.126141 -0.064109 
38517 0.129183 0.0934185 
38518 0.132218 0.252081 
38519 0.135298 0.4115 
38520 0.279123 -0.222783 
38521 0.282595 -0.066548 
38522 0.285915 0.0904794 
38523 0.289386 0.248521 
38524 0.292856 0.407259 
38525 -0.354019 -0.212323 
38526 -0.35189 -0.0543239 
38527 -0.349824 0.104311 
38528 -0.347671 0.264021 
38529 -0.345499 0.424372 
38530 -0.195336 -0.21439 
38531 -0.192717 -0.0570007 
38532 -0.190066 0.100963 
38533 -0.187505 0.2599 
38534 -0.184963 0.41966 
38535 -0.0379159 -0.216481 
38536 -0.0348521 -0.0598523 
38537 -0.0319444 0.0974951 
38538 -0.0288144 0.255917 
38539 -0.025855 0.414974 
38540 0.118494 -0.218603 
38541 0.121855 -0.0625865 
38542 0.125236 0.094197 
38543 0.128666 0.251768 
38544 0.131983 0.410264 
38545 0.27337 -0.220679 
38546 0.277134 -0.0652191 
38547 0.280929 0.0906674 
38548 0.284685 0.247723 
38549 0.288595 0.405634 
38550 -0.356253 -0.209041 
38551 -0.353955 -0.0518415 
38552 -0.351346 0.105821 
38553 -0.349049 0.264858 
38554 -0.346483 0.42467 
38555 -0.198139 -0.211509 
38556 -0.195374 -0.0551329 
38557 -0.192504 0.102115 
38558 -0.189568 0.26037 
38559 -0.186535 0.4194 
38560 -0.0414707 -0.213902 
38561 -0.0382304 -0.0583026 
38562 -0.0349439 0.098282 
38563 -0.0316412 0.255801 
38564 -0.0282191 0.414164 
38565 0.113895 -0.216263 
38566 0.117446 -0.0612192 
38567 0.121309 0.0946563 
38568 0.125062 0.251393 
38569 0.128793 0.409032 
38570 0.267521 -0.218522 
38571 0.271859 -0.0643718 
38572 0.275952 0.0908201 
38573 0.280072 0.246906 
38574 0.284355 0.403754 
38575 -0.35845 -0.206015 
38576 -0.355727 -0.0497826 
38577 -0.353006 0.107519 
38578 -0.350329 0.265588 
38579 -0.347582 0.424686 
38580 -0.20125 -0.208812 
38581 -0.197933 -0.0531737 
38582 -0.194748 0.10326 
38583 -0.191635 0.260714 
38584 -0.188225 0.419041 
38585 -0.0453137 -0.21136 
38586 -0.041751 -0.0567151 
38587 -0.0380425 0.0989704 
38588 -0.0343366 0.255625 
38589 -0.030596 0.413259 
38590 0.109166 -0.214142 
38591 0.113319 -0.0599802 
38592 0.117252 0.0949308 
38593 0.121392 0.250663 
38594 0.125587 0.407519 
38595 0.262024 -0.216698 
38596 0.266545 -0.0633964 
38597 0.271208 0.0908512 
38598 0.27568 0.24591 
38599 0.280216 0.401916 
38600 -0.360777 -0.203157 
38601 -0.357612 -0.0477327 
38602 -0.354566 0.108792 
38603 -0.351582 0.266348 
38604 -0.348423 0.424844 
38605 -0.20409 -0.206184 
38606 -0.200602 -0.0515634 
38607 -0.196833 0.104106 
38608 -0.193244 0.260889 
38609 -0.189781 0.41841 
38610 -0.0489756 -0.209069 
38611 -0.0451111 -0.0552503 
38612 -0.0409533 0.0995461 
38613 -0.036987 0.255382 
38614 -0.0328988 0.41211 
38615 0.104456 -0.212098 
38616 0.108937 -0.0588499 
38617 0.113439 0.0950808 
38618 0.118056 0.25004 
38619 0.122325 0.405944 
38620 0.256225 -0.214811 
38621 0.261266 -0.0625523 
38622 0.266029 0.0905963 
38623 0.27105 0.244655 
38624 0.275991 0.399875 
38625 -0.362928 -0.20053 
38626 -0.359531 -0.0455667 
38627 -0.356203 0.109999 
38628 -0.352713 0.26694 
38629 -0.349314 0.424533 
38630 -0.206937 -0.20372 
38631 -0.203159 -0.0498432 
38632 -0.19918 0.104997 
38633 -0.195182 0.260952 
38634 -0.191432 0.417831 
38635 -0.052678 -0.207064 
38636 -0.0484396 -0.0539793 
38637 -0.0440202 0.0999659 
38638 -0.0396607 0.255017 
38639 -0.0352116 0.410986 
38640 0.0998073 -0.210161 
38641 0.104581 -0.0579503 
38642 0.109419 0.0950212 
38643 0.114344 0.249228 
38644 0.119239 0.404294 
38645 0.250743 -0.213327 
38646 0.256006 -0.0619192 
38647 0.261289 0.0902866 
38648 0.266539 0.243462 
38649 0.271975 0.397641 
38650 -0.365089 -0.197917 
38651 -0.36143 -0.0437123 
38652 -0.357709 0.111158 
38653 -0.354064 0.267305 
38654 -0.350181 0.424371 
38655 -0.209856 -0.201368 
38656 -0.205794 -0.0482531 
38657 -0.201428 0.105784 
38658 -0.197088 0.260786 
38659 -0.192988 0.416994 
38660 -0.0563334 -0.204939 
38661 -0.0517189 -0.052762 
38662 -0.0470032 0.100457 
38663 -0.0422094 0.254504 
38664 -0.0373474 0.409719 
38665 0.0953842 -0.208432 
38666 0.100438 -0.0571048 
38667 0.105615 0.095071 
38668 0.110855 0.24836 
38669 0.116268 0.402483 
38670 0.245356 -0.211934 
38671 0.250953 -0.0615612 
38672 0.256544 0.0898222 
38673 0.262146 0.242091 
38674 0.267842 0.39534 
38675 -0.367451 -0.195376 
38676 -0.363251 -0.0421145 
38677 -0.359372 0.112148 
38678 -0.355321 0.267713 
38679 -0.350993 0.424006 
38680 -0.212853 -0.199288 
38681 -0.208318 -0.0468948 
38682 -0.203629 0.106439 
38683 -0.199148 0.260783 
38684 -0.194413 0.416198 
38685 -0.0600624 -0.202946 
38686 -0.0549828 -0.051942 
38687 -0.0498759 0.100398 
38688 -0.0449006 0.253991 
38689 -0.0396454 0.408389 
38690 0.0907893 -0.206979 
38691 0.0963793 -0.0565088 
38692 0.101813 0.0949279 
38693 0.10735 0.247258 
38694 0.113087 0.400797 
38695 0.23972 -0.210606 
38696 0.245726 -0.0611447 
38697 0.251663 0.0891873 
38698 0.25788 0.240712 
38699 0.263819 0.393056 
38700 -0.369783 -0.193052 
38701 -0.36534 -0.0404907 
38702 -0.360966 0.113046 
38703 -0.356496 0.267855 
38704 -0.351943 0.423625 
38705 -0.215691 -0.197067 
38706 -0.210918 -0.0457743 
38707 -0.205902 0.106918 
38708 -0.200735 0.260512 
38709 -0.195956 0.415097 
38710 -0.0637425 -0.201273 
38711 -0.0582862 -0.0507893 
38712 -0.0528746 0.100702 
38713 -0.0474121 0.253171 
38714 -0.0420045 0.406886 
38715 0.0862569 -0.205343 
38716 0.0921768 -0.0557973 
38717 0.0980609 0.0946363 
38718 0.104023 0.246053 
38719 0.109907 0.398572 
38720 0.234268 -0.209461 
38721 0.240653 -0.0609281 
38722 0.24692 0.0886549 
38723 0.253284 0.23902 
38724 0.259822 0.390639 
38725 -0.372003 -0.190802 
38726 -0.367166 -0.0390421 
38727 -0.362402 0.113942 
38728 -0.357535 0.268063 
38729 -0.352674 0.422857 
38730 -0.218522 -0.195219 
38731 -0.213357 -0.0445129 
38732 -0.208084 0.107269 
38733 -0.202681 0.260099 
38734 -0.197374 0.414 
38735 -0.0673048 -0.199578 
38736 -0.061713 -0.0500709 
38737 -0.0557508 0.100629 
38738 -0.0500145 0.25243 
38739 -0.0440564 0.405163 
38740 0.0818402 -0.204016 
38741 0.0879459 -0.0554739 
38742 0.0942482 0.094159 
38743 0.100547 0.244923 
38744 0.106955 0.396448 
38745 0.229075 -0.208279 
38746 0.235536 -0.0608807 
38747 0.242326 0.0878163 
38748 0.248911 0.237313 
38749 0.255692 0.388013 
38750 -0.374314 -0.188772 
38751 -0.369195 -0.0377082 
38752 -0.363953 0.114566 
38753 -0.358772 0.267744 
38754 -0.353599 0.422187 
38755 -0.221551 -0.19359 
38756 -0.216057 -0.0434644 
38757 -0.210211 0.10747 
38758 -0.204557 0.259471 
38759 -0.198775 0.412663 
38760 -0.0711231 -0.198213 
38761 -0.0647736 -0.0493555 
38762 -0.0586213 0.100512 
38763 -0.052524 0.251523 
38764 -0.0462778 0.403417 
38765 0.0773039 -0.202895 
38766 0.0839346 -0.0551651 
38767 0.0904982 0.0936368 
38768 0.0971211 0.24342 
38769 0.103829 0.394197 
38770 0.223553 -0.207328 
38771 0.230601 -0.0607561 
38772 0.237543 0.0869146 
38773 0.244675 0.235436 
38774 0.251792 0.385257 
