38750 -0.33334 -0.250078 
38751 -0.333322 -0.0834021 
38752 -0.333312 0.0834565 
38753 -0.333256 0.249964 
38754 -0.33331 0.416712 
38755 -0.166666 -0.249938 
38756 -0.166637 -0.0832127 
38757 -0.166674 0.083338 
38758 -0.166682 0.249895 
38759 -0.166771 0.416688 
38760 -5.45411e-05 -0.249957 
38761 -2.82689e-05 -0.0832877 
38762 3.16019e-05 0.0833561 
38763 -5.86478e-05 0.249997 
38764 4.4522e-05 0.416709 
38765 0.166776 -0.249971 
38766 0.166582 -0.0834161 
38767 0.166758 0.0834277 
38768 0.166645 0.249965 
38769 0.166546 0.416562 
38770 0.33338 -0.250097 
38771 0.333312 -0.0832933 
38772 0.333296 0.0832478 
38773 0.333346 0.250052 
38774 0.333357 0.416649 
38775 -0.335646 -0.247894 
38776 -0.335384 -0.0820807 
38777 -0.334895 0.0836844 
38778 -0.334445 0.24961 
38779 -0.334247 0.415568 
38780 -0.169844 -0.24806 
38781 -0.169447 -0.0824164 
38782 -0.169085 0.083456 
38783 -0.168508 0.249118 
38784 -0.168126 0.414825 
38785 -0.00421903 -0.248483 
38786 -0.00373734 -0.0827461 
38787 -0.00329821 0.0829027 
38788 -0.00278567 0.248501 
38789 -0.00237554 0.414206 
38790 0.16145 -0.248672 
38791 0.161885 -0.0831669 
38792 0.162301 0.0825062 
38793 0.162842 0.248029 
38794 0.163209 0.413645 
38795 0.327057 -0.249141 
38796 0.327254 -0.0836547 
38797 0.327623 0.0819167 
38798 0.328089 0.247444 
38799 0.328655 0.412954 
38800 -0.338209 -0.24575 
38801 -0.337438 -0.0808419 
38802 -0.33641 0.0842112 
38803 -0.335695 0.249061 
38804 -0.334792 0.414041 
38805 -0.173141 -0.246452 
38806 -0.172173 -0.0816303 
38807 -0.17133 0.0830832 
38808 -0.170485 0.248099 
38809 -0.169573 0.412949 
38810 -0.00834223 -0.24706 
38811 -0.00738894 -0.0825101 
38812 -0.00661342 0.0822282 
38813 -0.00568638 0.246872 
38814 -0.00472097 0.411568 
38815 0.15636 -0.247811 
38816 0.157286 -0.0831196 
38817 0.157969 0.0813266 
38818 0.158805 0.245986 
38819 0.159719 0.410368 
38820 0.320515 -0.24843 
38821 0.321453 -0.0840817 
38822 0.322236 0.0803042 
38823 0.323261 0.244754 
38824 0.323977 0.409266 
38825 -0.340658 -0.244007 
38826 -0.339427 -0.0798061 
38827 -0.338169 0.0843117 
38828 -0.336787 0.248468 
38829 -0.335464 0.412662 
38830 -0.176246 -0.244972 
38831 -0.174987 -0.0809752 
38832 -0.173625 0.0829567 
38833 -0.172267 0.246841 
38834 -0.171207 0.410714 
38835 -0.0123153 -0.245812 
38836 -0.0108959 -0.082009 
38837 -0.00986567 0.0815069 
38838 -0.00843994 0.245309 
38839 -0.00716355 0.409009 
38840 0.151089 -0.246957 
38841 0.152422 -0.0834585 
38842 0.153799 0.0801569 
38843 0.154998 0.243644 
38844 0.156287 0.407154 
38845 0.314348 -0.247866 
38846 0.31565 -0.084511 
38847 0.316781 0.0787307 
38848 0.318043 0.242033 
38849 0.319347 0.405378 
38850 -0.343127 -0.242337 
38851 -0.341358 -0.078901 
38852 -0.339496 0.0844279 
38853 -0.337917 0.247499 
38854 -0.336089 0.410913 
38855 -0.179513 -0.243547 
38856 -0.177652 -0.0804669 
38857 -0.176026 0.0824846 
38858 -0.174336 0.245675 
38859 -0.172574 0.408468 
38860 -0.0165122 -0.244809 
38861 -0.0145866 -0.0820105 
38862 -0.0128884 0.0807885 
38863 -0.0113803 0.243446 
38864 -0.00956955 0.406175 
38865 0.146164 -0.245974 
38866 0.147843 -0.0835658 
38867 0.149516 0.0788664 
38868 0.151241 0.241373 
38869 0.152887 0.403625 
38870 0.308224 -0.247412 
38871 0.30972 -0.0853385 
38872 0.311435 0.0770379 
38873 0.313125 0.239233 
38874 0.314715 0.401414 
38875 -0.345416 -0.240742 
38876 -0.343368 -0.0780124 
38877 -0.341164 0.0844162 
38878 -0.339019 0.246693 
38879 -0.336728 0.409117 
38880 -0.182516 -0.242323 
38881 -0.180491 -0.0801468 
38882 -0.178497 0.0819141 
38883 -0.176049 0.244292 
38884 -0.174055 0.406109 
38885 -0.0203246 -0.243899 
38886 -0.0182378 -0.0820185 
38887 -0.0161557 0.0797814 
38888 -0.0140175 0.241619 
38889 -0.011963 0.403328 
38890 0.141094 -0.245553 
38891 0.143231 -0.0840357 
38892 0.145344 0.0775304 
38893 0.14727 0.238889 
38894 0.149368 0.400228 
38895 0.301912 -0.24708 
38896 0.304089 -0.0859033 
38897 0.306083 0.0752366 
38898 0.308077 0.236079 
38899 0.310213 0.397297 
38900 -0.347966 -0.239331 
38901 -0.345429 -0.0775262 
38902 -0.342686 0.0841823 
38903 -0.340079 0.245684 
38904 -0.337375 0.40732 
38905 -0.18579 -0.241253 
38906 -0.183141 -0.0798639 
38907 -0.180572 0.0814773 
38908 -0.177986 0.242593 
38909 -0.175302 0.403684 
38910 -0.0243743 -0.243198 
38911 -0.0219714 -0.0823036 
38912 -0.0193826 0.0786185 
38913 -0.0167952 0.239465 
38914 -0.0142307 0.40015 
38915 0.136157 -0.245022 
38916 0.138779 -0.0844784 
38917 0.141165 0.0760619 
38918 0.143647 0.236333 
38919 0.146119 0.396627 
38920 0.295944 -0.246917 
38921 0.298468 -0.0868672 
38922 0.300742 0.0733342 
38923 0.303267 0.233399 
38924 0.305572 0.393177 
38925 -0.350204 -0.237984 
38926 -0.347258 -0.0770788 
38927 -0.344223 0.0839411 
38928 -0.341234 0.244695 
38929 -0.338191 0.405345 
38930 -0.188907 -0.24032 
38931 -0.185756 -0.079699 
38932 -0.182765 0.0806037 
38933 -0.179791 0.24081 
38934 -0.176958 0.400996 
38935 -0.0283126 -0.242454 
38936 -0.0254421 -0.0825778 
38937 -0.0225174 0.0775142 
38938 -0.0196117 0.2373 
38939 -0.0165633 0.396995 
38940 0.131369 -0.244712 
38941 0.134122 -0.0849564 
38942 0.136981 0.0745665 
38943 0.139889 0.233817 
38944 0.142811 0.39294 
38945 0.290018 -0.246819 
38946 0.292878 -0.0877082 
38947 0.295607 0.0712324 
38948 0.298341 0.230327 
38949 0.30109 0.389066 
38950 -0.352767 -0.236941 
38951 -0.349237 -0.076682 
38952 -0.345793 0.0832535 
38953 -0.342259 0.243117 
38954 -0.338776 0.402875 
38955 -0.191947 -0.239517 
38956 -0.188563 -0.0796238 
38957 -0.185225 0.0797433 
38958 -0.181844 0.239169 
38959 -0.178376 0.398369 
38960 -0.0321768 -0.241869 
38961 -0.0288518 -0.0827491 
38962 -0.025633 0.0762494 
38963 -0.0222629 0.235112 
38964 -0.0190068 0.393681 
38965 0.12648 -0.244567 
38966 0.12967 -0.0858081 
38967 0.133015 0.0727392 
38968 0.135969 0.23106 
38969 0.139229 0.389187 
38970 0.284209 -0.246895 
38971 0.287348 -0.0887911 
38972 0.290303 0.0693115 
38973 0.293422 0.227066 
38974 0.296487 0.38469 
38975 -0.35504 -0.236162 
38976 -0.351223 -0.0763743 
38977 -0.347255 0.0827733 
38978 -0.343423 0.241799 
38979 -0.339553 0.400607 
38980 -0.195005 -0.238838 
38981 -0.191304 -0.0798756 
38982 -0.18733 0.0789739 
38983 -0.183569 0.237296 
38984 -0.179834 0.39544 
38985 -0.0360176 -0.241589 
38986 -0.0324508 -0.0833084 
38987 -0.0287349 0.0748837 
38988 -0.0250609 0.232669 
38989 -0.0214122 0.390351 
38990 0.12174 -0.244259 
38991 0.125303 -0.0865536 
38992 0.128851 0.071009 
38993 0.13238 0.228323 
38994 0.135786 0.385332 
38995 0.278413 -0.247029 
38996 0.281733 -0.0898787 
38997 0.285162 0.0669964 
38998 0.288627 0.223805 
38999 0.291981 0.380271 
39000 -0.357609 -0.235186 
39001 -0.353148 -0.0764701 
39002 -0.348902 0.0821313 
39003 -0.344615 0.240252 
39004 -0.340097 0.398151 
39005 -0.198064 -0.238215 
39006 -0.193924 -0.0800977 
39007 -0.189724 0.0777674 
39008 -0.185504 0.235247 
39009 -0.181257 0.392681 
39010 -0.0397842 -0.241393 
39011 -0.0358813 -0.0837188 
39012 -0.0319244 0.073328 
39013 -0.0278865 0.230269 
39014 -0.0237164 0.387091 
39015 0.117108 -0.244389 
39016 0.120933 -0.0874016 
39017 0.124765 0.0690556 
39018 0.128623 0.225444 
39019 0.132492 0.381599 
39020 0.272712 -0.247388 
39021 0.276486 -0.0911593 
39022 0.280129 0.0649599 
39023 0.28382 0.220585 
39024 0.287548 0.375713 
39025 -0.359871 -0.234555 
39026 -0.355141 -0.0764789 
39027 -0.350303 0.0811543 
39028 -0.345637 0.238574 
39029 -0.340878 0.395601 
39030 -0.201128 -0.237779 
39031 -0.196535 -0.0804641 
39032 -0.191932 0.0764869 
39033 -0.187359 0.233153 
39034 -0.182851 0.389508 
39035 -0.0437278 -0.241089 
39036 -0.0392898 -0.0844747 
39037 -0.0349006 0.0718986 
39038 -0.0304715 0.227804 
39039 -0.0261488 0.383525 
39040 0.112333 -0.244548 
39041 0.116656 -0.0884661 
39042 0.120756 0.0671837 
39043 0.124941 0.222501 
39044 0.129115 0.377496 
39045 0.267067 -0.247686 
39046 0.271009 -0.0924525 
39047 0.275015 0.0624477 
39048 0.278916 0.217262 
39049 0.283023 0.371451 
39050 -0.362207 -0.234091 
39051 -0.357142 -0.0765979 
39052 -0.351881 0.0801757 
39053 -0.346755 0.236866 
39054 -0.341622 0.392966 
39055 -0.204166 -0.237702 
39056 -0.19901 -0.0809829 
39057 -0.194131 0.0751617 
39058 -0.189067 0.231046 
39059 -0.184384 0.386553 
39060 -0.0472315 -0.24134 
39061 -0.0426781 -0.085394 
39062 -0.0379851 0.0702288 
39063 -0.0331985 0.2252 
39064 -0.0286398 0.37983 
39065 0.107738 -0.244651 
39066 0.11222 -0.0896291 
39067 0.116815 0.0650412 
39068 0.121209 0.219444 
39069 0.125645 0.373594 
39070 0.261528 -0.24818 
39071 0.265802 -0.0938125 
39072 0.270054 0.0601714 
39073 0.27423 0.213782 
39074 0.278497 0.366911 
39075 -0.364614 -0.233651 
39076 -0.359143 -0.0771007 
39077 -0.353405 0.0792787 
39078 -0.347883 0.234969 
39079 -0.342254 0.390161 
39080 -0.206917 -0.237499 
39081 -0.201725 -0.081591 
39082 -0.196417 0.0738009 
39083 -0.191095 0.228527 
39084 -0.185933 0.383062 
39085 -0.0509848 -0.241242 
39086 -0.0460185 -0.0862091 
39087 -0.041027 0.0683822 
39088 -0.036092 0.222555 
39089 -0.0310436 0.376169 
39090 0.10323 -0.244994 
39091 0.108065 -0.0907487 
39092 0.11279 0.0630077 
39093 0.117399 0.216419 
39094 0.122285 0.369351 
39095 0.255951 -0.248621 
39096 0.260515 -0.0951311 
39097 0.265083 0.0578792 
39098 0.269472 0.210231 
39099 0.27395 0.362476 
39100 -0.366865 -0.23338 
39101 -0.36095 -0.0774552 
39102 -0.355012 0.0780613 
39103 -0.349005 0.232951 
39104 -0.343065 0.387266 
39105 -0.209839 -0.237551 
39106 -0.204263 -0.082307 
39107 -0.198455 0.07222 
39108 -0.193085 0.226258 
39109 -0.187414 0.379777 
39110 -0.0547722 -0.241429 
39111 -0.0494048 -0.0872242 
39112 -0.0439758 0.066535 
39113 -0.0388493 0.219733 
39114 -0.0333436 0.372296 
39115 0.0988026 -0.245514 
39116 0.103806 -0.0918877 
39117 0.108835 0.0608989 
39118 0.113805 0.213282 
39119 0.11893 0.365085 
39120 0.250528 -0.249503 
39121 0.255388 -0.0966956 
39122 0.259977 0.0554019 
39123 0.264684 0.206943 
39124 0.269492 0.357971 
39125 -0.369245 -0.233247 
39126 -0.362599 -0.0779715 
39127 -0.356486 0.0767904 
39128 -0.350275 0.230809 
39129 -0.343983 0.38432 
39130 -0.212739 -0.237553 
39131 -0.206694 -0.0832306 
39132 -0.200876 0.0705442 
39133 -0.194881 0.223897 
39134 -0.188953 0.37632 
39135 -0.0582771 -0.241856 
39136 -0.0526603 -0.0881248 
39137 -0.0468843 0.0646839 
39138 -0.0414442 0.21713 
39139 -0.0359285 0.368656 
39140 0.0943462 -0.245821 
39141 0.0998137 -0.0933737 
39142 0.1049 0.0587809 
39143 0.110191 0.210109 
39144 0.115445 0.360947 
39145 0.24524 -0.24996 
39146 0.250231 -0.0982267 
39147 0.255146 0.0528682 
39148 0.260085 0.203456 
39149 0.265015 0.353357 
39150 -0.371497 -0.233386 
39151 -0.364783 -0.0785793 
39152 -0.357963 0.0752799 
39153 -0.351317 0.22861 
39154 -0.344713 0.381177 
39155 -0.215541 -0.237842 
39156 -0.209383 -0.0840338 
39157 -0.203056 0.068963 
39158 -0.196794 0.221281 
39159 -0.190474 0.372881 
39160 -0.0618695 -0.242093 
39161 -0.0559919 -0.0892783 
39162 -0.0501373 0.062747 
39163 -0.0441866 0.213984 
39164 -0.0383181 0.364718 
39165 0.0900269 -0.246437 
39166 0.0954781 -0.0946318 
39167 0.101089 0.0565257 
39168 0.106615 0.206943 
39169 0.111904 0.356706 
39170 0.240037 -0.250685 
39171 0.245183 -0.0998432 
39172 0.250282 0.0504479 
39173 0.255374 0.199945 
39174 0.260448 0.348754 
39175 -0.373662 -0.233404 
39176 -0.366672 -0.0793491 
39177 -0.359592 0.0739802 
39178 -0.352557 0.226311 
39179 -0.345535 0.37795 
39180 -0.218473 -0.238049 
39181 -0.211899 -0.0850846 
39182 -0.205297 0.0672669 
39183 -0.198764 0.218767 
39184 -0.19217 0.369332 
39185 -0.0653699 -0.24266 
39186 -0.0591651 -0.0904745 
39187 -0.0530189 0.0605602 
39188 -0.0469901 0.2111 
39189 -0.040906 0.360836 
39190 0.0856488 -0.247086 
39191 0.0914403 -0.0960642 
39192 0.09722 0.0542285 
39193 0.102932 0.203793 
39194 0.108638 0.352428 
39195 0.234868 -0.2516 
39196 0.240131 -0.101402 
39197 0.24548 0.0477457 
39198 0.250731 0.196393 
39199 0.256077 0.344126 
39200 -0.37587 -0.233785 
39201 -0.368413 -0.0802729 
39202 -0.361063 0.0722551 
39203 -0.353876 0.223911 
39204 -0.346578 0.374747 
39205 -0.221277 -0.238343 
39206 -0.214386 -0.0860641 
39207 -0.207552 0.0653178 
39208 -0.200585 0.216068 
39209 -0.19388 0.365668 
39210 -0.0688723 -0.243231 
39211 -0.0624625 -0.0918826 
39212 -0.0560027 0.0585968 
39213 -0.0496572 0.208133 
39214 -0.0433077 0.356788 
39215 0.0813806 -0.247827 
39216 0.0873562 -0.0975949 
39217 0.0934104 0.0519305 
39218 0.0992678 0.200474 
39219 0.105117 0.348127 
39220 0.229781 -0.252389 
39221 0.2352 -0.103126 
39222 0.240757 0.0452394 
39223 0.246218 0.192766 
39224 0.251605 0.339511 
39225 -0.378151 -0.234001 
39226 -0.370342 -0.0812372 
39227 -0.362608 0.0705168 
39228 -0.354993 0.221333 
39229 -0.347324 0.371308 
39230 -0.224081 -0.239011 
39231 -0.216926 -0.0872232 
39232 -0.209771 0.063445 
39233 -0.202546 0.213231 
39234 -0.195538 0.361971 
39235 -0.0723328 -0.243869 
39236 -0.0656722 -0.0931507 
39237 -0.0589156 0.0564283 
39238 -0.0524481 0.205134 
39239 -0.0458832 0.353006 
39240 0.0774751 -0.248553 
39241 0.0834032 -0.0991016 
39242 0.0894619 0.0494691 
39243 0.0955951 0.197202 
39244 0.101734 0.34383 
39245 0.224874 -0.253427 
39246 0.230237 -0.104909 
39247 0.235972 0.0427206 
39248 0.241556 0.189361 
39249 0.247045 0.334981 
