38875 -0.333361 -0.250027 
38876 -0.333285 -0.0832394 
38877 -0.333297 0.083336 
38878 -0.333298 0.250008 
38879 -0.333294 0.416722 
38880 -0.166663 -0.250101 
38881 -0.166723 -0.0833344 
38882 -0.166641 0.0832503 
38883 -0.166607 0.250051 
38884 -0.166591 0.416618 
38885 -7.30094e-05 -0.250022 
38886 2.60425e-05 -0.0832797 
38887 7.26337e-05 0.0832787 
38888 5.563e-06 0.250041 
38889 -1.23905e-05 0.416734 
38890 0.166673 -0.249983 
38891 0.166686 -0.0833608 
38892 0.16667 0.0834034 
38893 0.166652 0.250044 
38894 0.166646 0.416769 
38895 0.33339 -0.249982 
38896 0.333373 -0.0832954 
38897 0.333344 0.0832921 
38898 0.333353 0.249979 
38899 0.333385 0.416636 
38900 -0.3358 -0.248595 
38901 -0.335284 -0.0827082 
38902 -0.334657 0.0830754 
38903 -0.334457 0.248901 
38904 -0.333946 0.414693 
38905 -0.169853 -0.248914 
38906 -0.169401 -0.0832587 
38907 -0.169091 0.0826492 
38908 -0.168539 0.248246 
38909 -0.168069 0.413953 
38910 -0.00411531 -0.249219 
38911 -0.00359518 -0.08333 
38912 -0.00317156 0.0821742 
38913 -0.00291413 0.247709 
38914 -0.00234128 0.413354 
38915 0.161492 -0.249529 
38916 0.162043 -0.0838901 
38917 0.162333 0.0816923 
38918 0.162643 0.247195 
38919 0.163118 0.412911 
38920 0.326952 -0.249987 
38921 0.327399 -0.0843004 
38922 0.327734 0.0813131 
38923 0.328184 0.246777 
38924 0.328514 0.41227 
38925 -0.338195 -0.247265 
38926 -0.337397 -0.0822023 
38927 -0.336416 0.0828132 
38928 -0.335586 0.247603 
38929 -0.334534 0.412377 
38930 -0.17314 -0.247917 
38931 -0.172213 -0.0830421 
38932 -0.17128 0.0819696 
38933 -0.170451 0.246643 
38934 -0.169546 0.411169 
38935 -0.00825169 -0.248577 
38936 -0.00731985 -0.0837785 
38937 -0.00650518 0.08086 
38938 -0.00558179 0.245517 
38939 -0.00484871 0.409926 
38940 0.156447 -0.249117 
38941 0.157278 -0.0847023 
38942 0.157962 0.0799717 
38943 0.158765 0.244485 
38944 0.159573 0.40884 
38945 0.320797 -0.249916 
38946 0.321378 -0.0852543 
38947 0.321998 0.0791403 
38948 0.322895 0.243431 
38949 0.323641 0.407683 
38950 -0.340649 -0.246142 
38951 -0.33943 -0.0818582 
38952 -0.33789 0.0822475 
38953 -0.336562 0.246235 
38954 -0.335302 0.410017 
38955 -0.176277 -0.247137 
38956 -0.174914 -0.0831272 
38957 -0.173712 0.0808325 
38958 -0.172391 0.244762 
38959 -0.170996 0.40831 
38960 -0.0123458 -0.248025 
38961 -0.0110587 -0.0841813 
38962 -0.00973812 0.0795706 
38963 -0.0086657 0.243103 
38964 -0.00725011 0.406514 
38965 0.151368 -0.248882 
38966 0.152447 -0.0852501 
38967 0.153653 0.0783005 
38968 0.154877 0.241516 
38969 0.156265 0.404858 
38970 0.314733 -0.249946 
38971 0.31573 -0.0864941 
38972 0.316725 0.0769379 
38973 0.317828 0.239946 
38974 0.319001 0.403092 
38975 -0.343164 -0.24518 
38976 -0.341205 -0.08172 
38977 -0.339545 0.0816005 
38978 -0.337663 0.244742 
38979 -0.335797 0.407689 
38980 -0.179237 -0.246369 
38981 -0.177604 -0.0831272 
38982 -0.176048 0.0798102 
38983 -0.174186 0.242621 
38984 -0.172418 0.405253 
38985 -0.0162494 -0.24764 
38986 -0.0146968 -0.0847335 
38987 -0.0128265 0.0779878 
38988 -0.0112141 0.240592 
38989 -0.00964684 0.403042 
38990 0.146407 -0.248822 
38991 0.14794 -0.0861716 
38992 0.149451 0.0762659 
38993 0.150993 0.238656 
38994 0.15256 0.400826 
38995 0.308395 -0.250053 
38996 0.31001 -0.087596 
38997 0.311506 0.0746036 
38998 0.312845 0.236439 
38999 0.314258 0.398528 
39000 -0.345576 -0.244382 
39001 -0.343342 -0.0817179 
39002 -0.341011 0.0808366 
39003 -0.338718 0.243095 
39004 -0.336593 0.405008 
39005 -0.182388 -0.245887 
39006 -0.180239 -0.0834362 
39007 -0.1783 0.0786358 
39008 -0.176166 0.240642 
39009 -0.173996 0.402071 
39010 -0.0200568 -0.247497 
39011 -0.0181973 -0.0853598 
39012 -0.0161171 0.0764618 
39013 -0.0142476 0.238129 
39014 -0.0121756 0.39941 
39015 0.141583 -0.24887 
39016 0.143344 -0.0872483 
39017 0.145324 0.0743312 
39018 0.147264 0.235517 
39019 0.149044 0.396414 
39020 0.302539 -0.250263 
39021 0.304216 -0.0890249 
39022 0.306149 0.0721419 
39023 0.307788 0.233041 
39024 0.309524 0.39372 
39025 -0.347859 -0.243515 
39026 -0.345327 -0.0816674 
39027 -0.34267 0.0798701 
39028 -0.339901 0.241315 
39029 -0.337123 0.402404 
39030 -0.185598 -0.245444 
39031 -0.183041 -0.0838518 
39032 -0.180491 0.077362 
39033 -0.177861 0.23831 
39034 -0.175399 0.39907 
39035 -0.0239781 -0.24723 
39036 -0.0215967 -0.0860246 
39037 -0.0193559 0.0746899 
39038 -0.0169101 0.235417 
39039 -0.0145663 0.395594 
39040 0.13664 -0.249 
39041 0.138879 -0.0882542 
39042 0.141204 0.0722432 
39043 0.143249 0.232442 
39044 0.145627 0.392237 
39045 0.296667 -0.250651 
39046 0.298684 -0.0904396 
39047 0.300656 0.0697559 
39048 0.302753 0.229467 
39049 0.304843 0.389029 
39050 -0.35032 -0.243051 
39051 -0.347064 -0.0819952 
39052 -0.343914 0.0788269 
39053 -0.34093 0.239364 
39054 -0.337884 0.399561 
39055 -0.188596 -0.245181 
39056 -0.185579 -0.0843873 
39057 -0.182697 0.0760234 
39058 -0.179791 0.236066 
39059 -0.176865 0.395595 
39060 -0.0278853 -0.247227 
39061 -0.0251931 -0.0869853 
39062 -0.0224313 0.0730186 
39063 -0.0198276 0.232602 
39064 -0.0169597 0.391811 
39065 0.131823 -0.249207 
39066 0.134343 -0.0893824 
39067 0.137066 0.0701407 
39068 0.139495 0.229183 
39069 0.142024 0.387842 
39070 0.290766 -0.251085 
39071 0.29315 -0.0918688 
39072 0.295348 0.0672129 
39073 0.297773 0.225813 
39074 0.300183 0.384254 
39075 -0.352484 -0.242725 
39076 -0.349082 -0.0822382 
39077 -0.345594 0.0778175 
39078 -0.342066 0.237415 
39079 -0.338498 0.396551 
39080 -0.191661 -0.245065 
39081 -0.188388 -0.0850912 
39082 -0.185074 0.0745211 
39083 -0.181668 0.233465 
39084 -0.178369 0.392228 
39085 -0.0316422 -0.247205 
39086 -0.0286414 -0.0878306 
39087 -0.0254774 0.0711828 
39088 -0.0225243 0.229773 
39089 -0.0194465 0.387972 
39090 0.127346 -0.249565 
39091 0.130078 -0.0905681 
39092 0.132772 0.0678734 
39093 0.135728 0.225952 
39094 0.1385 0.383554 
39095 0.285037 -0.251676 
39096 0.287611 -0.0933917 
39097 0.290296 0.0647614 
39098 0.292747 0.222194 
39099 0.295523 0.379455 
39100 -0.35488 -0.242485 
39101 -0.350874 -0.0827732 
39102 -0.347155 0.0764993 
39103 -0.343049 0.235345 
39104 -0.339261 0.393645 
39105 -0.194521 -0.244991 
39106 -0.190912 -0.0858213 
39107 -0.187304 0.0729304 
39108 -0.183661 0.231123 
39109 -0.180024 0.388709 
39110 -0.0355717 -0.247487 
39111 -0.0320679 -0.0889499 
39112 -0.0287301 0.0693126 
39113 -0.025285 0.226853 
39114 -0.0218479 0.383873 
39115 0.122395 -0.249967 
39116 0.125778 -0.0919517 
39117 0.128846 0.0656186 
39118 0.131863 0.222697 
39119 0.134987 0.379282 
39120 0.279331 -0.252508 
39121 0.282272 -0.0949256 
39122 0.285088 0.0620429 
39123 0.287883 0.218502 
39124 0.290685 0.374484 
39125 -0.357247 -0.242374 
39126 -0.352857 -0.0832812 
39127 -0.348583 0.0752256 
39128 -0.344335 0.232994 
39129 -0.339918 0.390346 
39130 -0.197459 -0.245175 
39131 -0.193534 -0.0865644 
39132 -0.18944 0.071134 
39133 -0.185543 0.228397 
39134 -0.181667 0.385126 
39135 -0.0390235 -0.247788 
39136 -0.0354805 -0.0900108 
39137 -0.0317673 0.0673202 
39138 -0.0280065 0.223958 
39139 -0.0244379 0.379866 
39140 0.117928 -0.250539 
39141 0.121328 -0.0933658 
39142 0.124866 0.0631671 
39143 0.128032 0.219228 
39144 0.131551 0.374721 
39145 0.273783 -0.253274 
39146 0.277022 -0.0965935 
39147 0.279991 0.0593606 
39148 0.282969 0.214809 
39149 0.286105 0.369646 
39150 -0.359617 -0.24239 
39151 -0.354757 -0.0838975 
39152 -0.350065 0.073812 
39153 -0.345476 0.230896 
39154 -0.34071 0.387129 
39155 -0.200481 -0.245327 
39156 -0.196173 -0.0875991 
39157 -0.191852 0.0693645 
39158 -0.187395 0.225829 
39159 -0.183096 0.381472 
39160 -0.0428895 -0.248153 
39161 -0.0388067 -0.0911767 
39162 -0.034837 0.065171 
39163 -0.0308957 0.220836 
39164 -0.0269495 0.375941 
39165 0.113391 -0.250919 
39166 0.116985 -0.0946672 
39167 0.120795 0.0608334 
39168 0.124377 0.215908 
39169 0.127971 0.370331 
39170 0.268325 -0.253941 
39171 0.271688 -0.0982654 
39172 0.274953 0.0567078 
39173 0.278216 0.210958 
39174 0.281522 0.364573 
39175 -0.36179 -0.242502 
39176 -0.356571 -0.0847356 
39177 -0.351566 0.0721654 
39178 -0.346572 0.228285 
39179 -0.341514 0.383675 
39180 -0.203474 -0.245399 
39181 -0.198582 -0.0886711 
39182 -0.194095 0.0676273 
39183 -0.189378 0.223119 
39184 -0.184798 0.377542 
39185 -0.0465257 -0.248614 
39186 -0.0421338 -0.0924273 
39187 -0.0379163 0.0630734 
39188 -0.033602 0.217599 
39189 -0.0293318 0.371775 
39190 0.108867 -0.251754 
39191 0.112896 -0.0963053 
39192 0.116792 0.0584732 
39193 0.120505 0.212347 
39194 0.124347 0.365686 
39195 0.262916 -0.254577 
39196 0.266374 -0.0998641 
39197 0.269972 0.0539367 
39198 0.273303 0.20733 
39199 0.276703 0.359793 
39200 -0.364006 -0.242814 
39201 -0.358585 -0.0856415 
39202 -0.353221 0.0706124 
39203 -0.347925 0.225837 
39204 -0.342398 0.38044 
39205 -0.206169 -0.246078 
39206 -0.201204 -0.0897919 
39207 -0.196253 0.0656732 
39208 -0.191232 0.220144 
39209 -0.186307 0.373918 
39210 -0.0501271 -0.249193 
39211 -0.0454218 -0.0937607 
39212 -0.0409425 0.0608343 
39213 -0.0363986 0.21457 
39214 -0.0319983 0.367341 
39215 0.104552 -0.25241 
39216 0.108749 -0.0978579 
39217 0.112683 0.0559832 
39218 0.116821 0.209059 
39219 0.120891 0.361104 
39220 0.25766 -0.25565 
39221 0.261377 -0.101841 
39222 0.264959 0.0513431 
39223 0.268527 0.203593 
39224 0.272168 0.354931 
39225 -0.366235 -0.243174 
39226 -0.360509 -0.0866894 
39227 -0.354885 0.0687146 
39228 -0.348939 0.223365 
39229 -0.343347 0.376813 
39230 -0.208985 -0.246483 
39231 -0.203755 -0.0909387 
39232 -0.198542 0.0636401 
39233 -0.193251 0.217325 
39234 -0.188066 0.369955 
39235 -0.0535729 -0.249946 
39236 -0.0487997 -0.0952505 
39237 -0.0440325 0.0584185 
39238 -0.0391205 0.211373 
39239 -0.0344423 0.36341 
39240 0.100191 -0.253222 
39241 0.104481 -0.0994445 
39242 0.108748 0.0535898 
39243 0.113072 0.205547 
39244 0.117238 0.356647 
39245 0.252355 -0.256493 
39246 0.256258 -0.103587 
39247 0.259999 0.0484464 
39248 0.263822 0.199861 
39249 0.26758 0.350052 
39250 -0.368515 -0.243514 
39251 -0.362306 -0.0878239 
39252 -0.356299 0.0669566 
39253 -0.350242 0.220525 
39254 -0.343966 0.373177 
39255 -0.21179 -0.247092 
39256 -0.206188 -0.092245 
39257 -0.200616 0.0615669 
39258 -0.195074 0.214305 
39259 -0.189711 0.365947 
39260 -0.0570542 -0.25067 
39261 -0.0519077 -0.0966394 
39262 -0.0470708 0.056223 
39263 -0.0418764 0.208088 
39264 -0.0370613 0.359084 
39265 0.0958457 -0.254175 
39266 0.100513 -0.101078 
39267 0.104813 0.0507847 
39268 0.109286 0.20199 
39269 0.113693 0.351994 
39270 0.24719 -0.257593 
39271 0.251046 -0.105313 
39272 0.255046 0.0457158 
39273 0.25901 0.195952 
39274 0.262842 0.345213 
39275 -0.370664 -0.24421 
39276 -0.364083 -0.0890362 
39277 -0.357703 0.0649699 
39278 -0.35139 0.217726 
39279 -0.345045 0.369476 
39280 -0.214584 -0.247819 
39281 -0.208654 -0.0936588 
39282 -0.20286 0.0594783 
39283 -0.197042 0.211193 
39284 -0.191347 0.362153 
39285 -0.0605387 -0.251452 
39286 -0.05522 -0.0983737 
39287 -0.0500945 0.053885 
39288 -0.0447898 0.204976 
39289 -0.0396876 0.354689 
39290 0.0916485 -0.255008 
39291 0.0964031 -0.102685 
39292 0.100965 0.0484328 
39293 0.105564 0.198383 
39294 0.11013 0.347545 
39295 0.242151 -0.258581 
39296 0.2461 -0.107156 
39297 0.250198 0.0430006 
39298 0.254242 0.192311 
39299 0.258226 0.340367 
39300 -0.372777 -0.244793 
39301 -0.365989 -0.0902709 
39302 -0.359262 0.0629825 
39303 -0.352553 0.21506 
39304 -0.34606 0.365717 
39305 -0.21731 -0.248456 
39306 -0.211197 -0.0950776 
39307 -0.205196 0.0571773 
39308 -0.199182 0.208265 
39309 -0.193103 0.358102 
39310 -0.0637835 -0.25241 
39311 -0.0583665 -0.0997306 
39312 -0.0529116 0.0513825 
39313 -0.047714 0.201677 
39314 -0.0422545 0.350496 
39315 0.0875978 -0.256156 
39316 0.0924511 -0.104449 
39317 0.0972011 0.0457817 
39318 0.101948 0.195037 
39319 0.106621 0.342916 
39320 0.236997 -0.259691 
39321 0.241206 -0.109133 
39322 0.24538 0.0402439 
39323 0.249513 0.188489 
39324 0.253711 0.335544 
39325 -0.374657 -0.245578 
39326 -0.367721 -0.0917055 
39327 -0.360888 0.0609178 
39328 -0.353906 0.212174 
39329 -0.346998 0.361942 
39330 -0.219901 -0.249478 
39331 -0.21363 -0.0965393 
39332 -0.207388 0.0548462 
39333 -0.201169 0.205122 
39334 -0.194985 0.35407 
39335 -0.0672517 -0.253086 
39336 -0.061525 -0.101457 
39337 -0.0558942 0.0491326 
39338 -0.0505286 0.198285 
39339 -0.0449261 0.346205 
39340 0.0835164 -0.257137 
39341 0.0884406 -0.106205 
39342 0.0934161 0.0433019 
39343 0.0981976 0.191444 
39344 0.103001 0.338345 
39345 0.232155 -0.260725 
39346 0.236371 -0.110976 
39347 0.240518 0.0376234 
39348 0.244868 0.184662 
39349 0.249023 0.330678 
39350 -0.37703 -0.246329 
39351 -0.369731 -0.0932265 
39352 -0.362303 0.0587837 
39353 -0.355201 0.209114 
39354 -0.348186 0.358007 
39355 -0.222482 -0.250257 
39356 -0.216091 -0.0981226 
39357 -0.209582 0.052629 
39358 -0.203239 0.201921 
39359 -0.196712 0.349923 
39360 -0.0704114 -0.254305 
39361 -0.0646521 -0.10312 
39362 -0.0589819 0.0465906 
39363 -0.0532336 0.194889 
39364 -0.047584 0.341739 
39365 0.0794627 -0.258073 
39366 0.0845429 -0.108041 
39367 0.0894706 0.0405027 
39368 0.0945246 0.187949 
39369 0.0993777 0.333834 
39370 0.227164 -0.261857 
39371 0.231492 -0.112647 
39372 0.235943 0.0347548 
39373 0.240157 0.181042 
39374 0.244319 0.325939 
