38950 -0.333266 -0.250087 
38951 -0.333407 -0.0833249 
38952 -0.333257 0.0833802 
38953 -0.333392 0.249957 
38954 -0.333446 0.41658 
38955 -0.166679 -0.249933 
38956 -0.166631 -0.0834451 
38957 -0.166665 0.0834099 
38958 -0.166719 0.249977 
38959 -0.166701 0.416608 
38960 -7.18198e-05 -0.249934 
38961 -6.78939e-05 -0.0834342 
38962 -0.000183993 0.0832887 
38963 0.000112656 0.249886 
38964 -5.88182e-05 0.4167 
38965 0.166707 -0.249978 
38966 0.166719 -0.0832451 
38967 0.16671 0.0832454 
38968 0.166639 0.24986 
38969 0.166792 0.416582 
38970 0.333345 -0.250072 
38971 0.333252 -0.0833174 
38972 0.333353 0.0832976 
38973 0.333356 0.249948 
38974 0.33338 0.41659 
38975 -0.335814 -0.249015 
38976 -0.335307 -0.0830665 
38977 -0.334869 0.0826145 
38978 -0.334415 0.248428 
38979 -0.333974 0.41404 
38980 -0.16994 -0.249302 
38981 -0.169392 -0.0835422 
38982 -0.168986 0.0822139 
38983 -0.168578 0.248058 
38984 -0.168145 0.413495 
38985 -0.00414883 -0.249406 
38986 -0.00377114 -0.0838141 
38987 -0.00333984 0.0816049 
38988 -0.002941 0.247546 
38989 -0.00247191 0.412967 
38990 0.161658 -0.249967 
38991 0.161944 -0.0840922 
38992 0.162424 0.0813116 
38993 0.162663 0.246843 
38994 0.163038 0.412423 
38995 0.326978 -0.250194 
38996 0.327524 -0.0846509 
38997 0.327669 0.0808652 
38998 0.328065 0.246401 
38999 0.328444 0.411942 
39000 -0.338274 -0.248141 
39001 -0.337402 -0.0831646 
39002 -0.336298 0.081943 
39003 -0.335385 0.246676 
39004 -0.334617 0.411522 
39005 -0.173083 -0.248622 
39006 -0.172252 -0.0837791 
39007 -0.171438 0.0810422 
39008 -0.17046 0.245705 
39009 -0.169712 0.410232 
39010 -0.00810355 -0.249323 
39011 -0.00735841 -0.0844495 
39012 -0.00657329 0.0801957 
39013 -0.00565727 0.24468 
39014 -0.0049397 0.40919 
39015 0.156549 -0.250055 
39016 0.15722 -0.0852825 
39017 0.158048 0.079199 
39018 0.158839 0.243635 
39019 0.159448 0.408027 
39020 0.320862 -0.250559 
39021 0.32158 -0.0859937 
39022 0.322169 0.0785761 
39023 0.32303 0.242721 
39024 0.323547 0.406861 
39025 -0.340585 -0.247375 
39026 -0.339111 -0.0831823 
39027 -0.337847 0.0809672 
39028 -0.336563 0.244874 
39029 -0.335208 0.408692 
39030 -0.176141 -0.248314 
39031 -0.174929 -0.0843047 
39032 -0.173597 0.0796628 
39033 -0.172468 0.243396 
39034 -0.171142 0.406917 
39035 -0.0120461 -0.249133 
39036 -0.010964 -0.0853404 
39037 -0.00966669 0.0784666 
39038 -0.00851554 0.241874 
39039 -0.00739976 0.405245 
39040 0.151531 -0.250096 
39041 0.152608 -0.0862726 
39042 0.153648 0.0771402 
39043 0.154787 0.240384 
39044 0.155772 0.403472 
39045 0.314824 -0.250954 
39046 0.315705 -0.0874711 
39047 0.316693 0.0758771 
39048 0.317854 0.239092 
39049 0.318674 0.401938 
39050 -0.343057 -0.246993 
39051 -0.341236 -0.0833676 
39052 -0.339373 0.0800277 
39053 -0.337658 0.242849 
39054 -0.335742 0.405716 
39055 -0.179318 -0.248021 
39056 -0.177525 -0.084787 
39057 -0.176014 0.0782834 
39058 -0.174192 0.241073 
39059 -0.172628 0.403476 
39060 -0.0159854 -0.249236 
39061 -0.0144147 -0.0861145 
39062 -0.0129956 0.0765533 
39063 -0.0114406 0.239053 
39064 -0.00979672 0.401208 
39065 0.146736 -0.250343 
39066 0.148151 -0.0874715 
39067 0.149499 0.0747744 
39068 0.150776 0.237132 
39069 0.152232 0.399263 
39070 0.308873 -0.25145 
39071 0.310162 -0.0889276 
39072 0.311383 0.0732109 
39073 0.312591 0.235121 
39074 0.313842 0.396973 
39075 -0.345347 -0.246436 
39076 -0.343124 -0.0836299 
39077 -0.340848 0.0787638 
39078 -0.338863 0.240904 
39079 -0.336532 0.402635 
39080 -0.182209 -0.247801 
39081 -0.180139 -0.0852547 
39082 -0.178284 0.0767483 
39083 -0.176203 0.238435 
39084 -0.173895 0.400004 
39085 -0.0199112 -0.249343 
39086 -0.017834 -0.0871949 
39087 -0.0160341 0.0746032 
39088 -0.0141456 0.236179 
39089 -0.0122681 0.397301 
39090 0.141836 -0.250564 
39091 0.143666 -0.088845 
39092 0.145486 0.0726197 
39093 0.147055 0.233651 
39094 0.148797 0.394472 
39095 0.302824 -0.251948 
39096 0.304556 -0.0906106 
39097 0.306016 0.0706006 
39098 0.307601 0.231236 
39099 0.30917 0.391917 
39100 -0.347772 -0.246231 
39101 -0.345055 -0.08417 
39102 -0.342343 0.0774893 
39103 -0.339769 0.238791 
39104 -0.337364 0.399617 
39105 -0.185139 -0.247763 
39106 -0.182855 -0.0861676 
39107 -0.180326 0.0749983 
39108 -0.177985 0.235865 
39109 -0.17548 0.396377 
39110 -0.0237425 -0.249402 
39111 -0.021396 -0.0882046 
39112 -0.0193239 0.0726185 
39113 -0.0168378 0.233095 
39114 -0.0148598 0.393177 
39115 0.137005 -0.251073 
39116 0.138997 -0.0901787 
39117 0.141107 0.0703797 
39118 0.143056 0.230376 
39119 0.14509 0.389988 
39120 0.297111 -0.25267 
39121 0.298885 -0.0921513 
39122 0.300868 0.0679524 
39123 0.30252 0.227536 
39124 0.304327 0.386822 
39125 -0.349977 -0.24621 
39126 -0.34697 -0.0848613 
39127 -0.343871 0.0762024 
39128 -0.34079 0.236397 
39129 -0.337883 0.396292 
39130 -0.188144 -0.247824 
39131 -0.185481 -0.0872025 
39132 -0.182728 0.0734958 
39133 -0.179992 0.233191 
39134 -0.177227 0.392553 
39135 -0.0276194 -0.249739 
39136 -0.024944 -0.0894326 
39137 -0.0223921 0.0706674 
39138 -0.0199621 0.230032 
39139 -0.0173783 0.389027 
39140 0.132405 -0.25163 
39141 0.134649 -0.0915743 
39142 0.136821 0.0678766 
39143 0.139203 0.226827 
39144 0.141436 0.385436 
39145 0.291322 -0.253318 
39146 0.29338 -0.0940089 
39147 0.295433 0.0651428 
39148 0.297459 0.223686 
39149 0.29949 0.38175 
39150 -0.352214 -0.246083 
39151 -0.34864 -0.0854996 
39152 -0.345359 0.0746927 
39153 -0.342003 0.234035 
39154 -0.338645 0.392849 
39155 -0.191207 -0.248282 
39156 -0.188114 -0.088019 
39157 -0.184945 0.071471 
39158 -0.18185 0.230303 
39159 -0.178761 0.388815 
39160 -0.0312058 -0.250204 
39161 -0.0283808 -0.0905762 
39162 -0.0254802 0.0684922 
39163 -0.0227025 0.226902 
39164 -0.0198235 0.384704 
39165 0.127803 -0.252153 
39166 0.130287 -0.0930421 
39167 0.13283 0.065466 
39168 0.135525 0.223396 
39169 0.137945 0.380705 
39170 0.285758 -0.254126 
39171 0.287851 -0.0956506 
39172 0.290231 0.0623484 
39173 0.292432 0.219714 
39174 0.294705 0.376714 
39175 -0.354586 -0.246399 
39176 -0.350801 -0.0862665 
39177 -0.346897 0.072998 
39178 -0.343073 0.231558 
39179 -0.339288 0.389467 
39180 -0.194171 -0.24837 
39181 -0.190557 -0.089145 
39182 -0.187181 0.069573 
39183 -0.183643 0.227593 
39184 -0.180213 0.384832 
39185 -0.0348383 -0.250632 
39186 -0.031803 -0.0918667 
39187 -0.0286696 0.0661966 
39188 -0.0256507 0.223628 
39189 -0.0224382 0.380422 
39190 0.123203 -0.252864 
39191 0.126033 -0.0946468 
39192 0.128812 0.062835 
39193 0.131523 0.219717 
39194 0.134373 0.376074 
39195 0.280113 -0.255077 
39196 0.28246 -0.0973926 
39197 0.285058 0.0594939 
39198 0.287394 0.215885 
39199 0.289911 0.37156 
39200 -0.356778 -0.246468 
39201 -0.352547 -0.0872083 
39202 -0.348427 0.0712655 
39203 -0.344101 0.228885 
39204 -0.340064 0.385923 
39205 -0.19704 -0.248767 
39206 -0.193267 -0.0902406 
39207 -0.189437 0.067671 
39208 -0.185645 0.224647 
39209 -0.181915 0.380859 
39210 -0.0384139 -0.251244 
39211 -0.0350534 -0.0932659 
39212 -0.0318117 0.063885 
39213 -0.0282641 0.22039 
39214 -0.0249319 0.376176 
39215 0.118686 -0.253649 
39216 0.121682 -0.0963621 
39217 0.124686 0.0603132 
39218 0.127632 0.216161 
39219 0.130781 0.371305 
39220 0.274697 -0.255918 
39221 0.277251 -0.0993184 
39222 0.279951 0.0567947 
39223 0.282524 0.211906 
39224 0.28507 0.366509 
39225 -0.35915 -0.246766 
39226 -0.354382 -0.0883262 
39227 -0.349887 0.0695394 
39228 -0.345364 0.226325 
39229 -0.341012 0.382292 
39230 -0.199789 -0.249403 
39231 -0.195626 -0.0914243 
39232 -0.191752 0.065469 
39233 -0.187711 0.221666 
39234 -0.183475 0.376949 
39235 -0.0421512 -0.251888 
39236 -0.0385149 -0.0946883 
39237 -0.0348229 0.0616783 
39238 -0.031102 0.217018 
39239 -0.0274409 0.371777 
39240 0.114212 -0.254416 
39241 0.117414 -0.09794 
39242 0.120717 0.0576905 
39243 0.12388 0.212563 
39244 0.127 0.366615 
39245 0.269191 -0.256927 
39246 0.272037 -0.101088 
39247 0.274808 0.0538752 
39248 0.277701 0.208022 
39249 0.280317 0.361493 
39250 -0.361202 -0.247253 
39251 -0.356345 -0.0893748 
39252 -0.351374 0.0676001 
39253 -0.346648 0.223507 
39254 -0.341725 0.378562 
39255 -0.202711 -0.249984 
39256 -0.198353 -0.0928329 
39257 -0.193963 0.06324 
39258 -0.18952 0.218583 
39259 -0.185254 0.373055 
39260 -0.0456231 -0.25273 
39261 -0.0416777 -0.0961565 
39262 -0.0378805 0.0592564 
39263 -0.0340583 0.213823 
39264 -0.030189 0.367422 
39265 0.109877 -0.255321 
39266 0.113279 -0.0996865 
39267 0.116727 0.0551842 
39268 0.120074 0.208974 
39269 0.123444 0.361793 
39270 0.264031 -0.257922 
39271 0.266941 -0.103053 
39272 0.269871 0.0509685 
39273 0.272831 0.204084 
39274 0.275628 0.356314 
39275 -0.363502 -0.247887 
39276 -0.358271 -0.0906927 
39277 -0.352944 0.0656896 
39278 -0.34796 0.220698 
39279 -0.342718 0.374731 
39280 -0.205488 -0.250646 
39281 -0.200918 -0.0941399 
39282 -0.196196 0.0611188 
39283 -0.191491 0.215519 
39284 -0.187028 0.368767 
39285 -0.0492043 -0.2535 
39286 -0.0450121 -0.0978492 
39287 -0.0408921 0.0567485 
39288 -0.0368493 0.210328 
39289 -0.0328074 0.363038 
39290 0.105651 -0.256262 
39291 0.109263 -0.101311 
39292 0.112658 0.0524466 
39293 0.116403 0.20534 
39294 0.119904 0.356993 
39295 0.258753 -0.259005 
39296 0.261836 -0.104848 
39297 0.264895 0.0481721 
39298 0.267851 0.200308 
39299 0.270895 0.351283 
39300 -0.365495 -0.248504 
39301 -0.360039 -0.0920453 
39302 -0.354578 0.0635129 
39303 -0.349046 0.21773 
39304 -0.343557 0.370881 
39305 -0.208182 -0.251475 
39306 -0.203279 -0.0957079 
39307 -0.198354 0.0589497 
39308 -0.193518 0.21229 
39309 -0.18865 0.364621 
39310 -0.0526295 -0.254447 
39311 -0.0482826 -0.0995452 
39312 -0.043906 0.0542947 
39313 -0.0397128 0.206851 
39314 -0.0354496 0.358356 
39315 0.101414 -0.257016 
39316 0.105058 -0.103118 
39317 0.108877 0.0497418 
39318 0.112411 0.201594 
39319 0.116307 0.352429 
39320 0.253645 -0.260038 
39321 0.256799 -0.106809 
39322 0.259921 0.0453125 
39323 0.263108 0.196395 
39324 0.266236 0.346279 
39325 -0.367609 -0.249315 
39326 -0.361787 -0.093329 
39327 -0.356037 0.061521 
39328 -0.350249 0.214856 
39329 -0.344583 0.367024 
39330 -0.210912 -0.252352 
39331 -0.205666 -0.0972356 
39332 -0.200667 0.0565109 
39333 -0.195406 0.209117 
39334 -0.19052 0.360472 
39335 -0.0559438 -0.255267 
39336 -0.0513562 -0.101152 
39337 -0.0470686 0.0518502 
39338 -0.0425172 0.203507 
39339 -0.0379892 0.35405 
39340 0.0970492 -0.258238 
39341 0.101004 -0.104797 
39342 0.104963 0.0470962 
39343 0.108676 0.197913 
39344 0.112403 0.347658 
39345 0.24862 -0.261068 
39346 0.251787 -0.108816 
39347 0.255042 0.0425651 
39348 0.258355 0.192549 
39349 0.261357 0.34136 
39350 -0.369789 -0.250152 
39351 -0.363625 -0.094786 
39352 -0.357535 0.0592173 
39353 -0.351638 0.211835 
39354 -0.345561 0.363212 
39355 -0.213701 -0.253258 
39356 -0.208124 -0.0986955 
39357 -0.202954 0.0542994 
39358 -0.197506 0.20578 
39359 -0.192199 0.356264 
39360 -0.0592729 -0.256379 
39361 -0.0546506 -0.1028 
39362 -0.0500885 0.049287 
39363 -0.0452204 0.200079 
39364 -0.0408976 0.349655 
39365 0.0930588 -0.259347 
39366 0.0970818 -0.106677 
39367 0.101184 0.0444518 
39368 0.105034 0.194341 
39369 0.108873 0.343061 
39370 0.243538 -0.26231 
39371 0.246854 -0.110624 
39372 0.250213 0.0397235 
39373 0.253498 0.188669 
39374 0.25658 0.336479 
39375 -0.37172 -0.251215 
39376 -0.365284 -0.0963521 
39377 -0.359152 0.056818 
39378 -0.352703 0.208771 
39379 -0.346687 0.359125 
39380 -0.216189 -0.254239 
39381 -0.210549 -0.100519 
39382 -0.205099 0.0518071 
39383 -0.199502 0.202592 
39384 -0.194193 0.35225 
39385 -0.0625858 -0.257393 
39386 -0.0576945 -0.104524 
39387 -0.0529249 0.0466959 
39388 -0.0483335 0.1966 
39389 -0.0434301 0.345153 
39390 0.0889306 -0.260374 
39391 0.0929696 -0.108544 
39392 0.0972537 0.041872 
39393 0.101138 0.190522 
39394 0.10508 0.338376 
39395 0.238752 -0.263414 
39396 0.241992 -0.112689 
39397 0.245329 0.0368121 
39398 0.248579 0.184805 
39399 0.251943 0.331684 
39400 -0.373857 -0.252159 
39401 -0.367182 -0.0979659 
39402 -0.360787 0.0544099 
39403 -0.354167 0.205574 
39404 -0.347562 0.354964 
39405 -0.218802 -0.255292 
39406 -0.212944 -0.10218 
39407 -0.20731 0.0492945 
39408 -0.201646 0.199298 
39409 -0.196075 0.347835 
39410 -0.0658761 -0.258367 
39411 -0.060901 -0.106391 
39412 -0.055893 0.0441639 
39413 -0.0511101 0.193245 
39414 -0.04615 0.340726 
39415 0.0850515 -0.261436 
39416 0.089274 -0.110483 
39417 0.0933167 0.0390371 
39418 0.0974083 0.187285 
39419 0.101446 0.333643 
39420 0.233897 -0.264503 
39421 0.237261 -0.114444 
39422 0.240679 0.0339872 
39423 0.243907 0.181254 
39424 0.247213 0.326711 
39425 -0.375849 -0.253229 
39426 -0.368991 -0.099851 
39427 -0.362165 0.0520467 
39428 -0.355708 0.202402 
39429 -0.348895 0.351023 
39430 -0.221278 -0.256295 
39431 -0.215289 -0.103933 
39432 -0.209524 0.0468272 
39433 -0.20366 0.195983 
39434 -0.197835 0.34354 
39435 -0.0690025 -0.259483 
39436 -0.0638942 -0.108204 
39437 -0.0588306 0.0415532 
39438 -0.0540229 0.189756 
39439 -0.048964 0.336321 
39440 0.0810256 -0.262493 
39441 0.0853606 -0.112295 
39442 0.0894795 0.036404 
39443 0.09363 0.183537 
39444 0.0977499 0.328912 
39445 0.229083 -0.265634 
39446 0.232416 -0.116342 
39447 0.235836 0.0312151 
39448 0.239209 0.177265 
39449 0.242449 0.322029 
