38975 -0.333259 -0.250028 
38976 -0.333326 -0.0833977 
38977 -0.333379 0.0833734 
38978 -0.333304 0.250036 
38979 -0.33344 0.416684 
38980 -0.16671 -0.25 
38981 -0.166657 -0.0833317 
38982 -0.166569 0.0833303 
38983 -0.166757 0.250037 
38984 -0.166613 0.416614 
38985 -0.000130499 -0.250001 
38986 -7.57958e-05 -0.083405 
38987 6.20187e-05 0.0832109 
38988 -5.15405e-05 0.250066 
38989 0.000154405 0.416656 
38990 0.166695 -0.250027 
38991 0.16664 -0.0833745 
38992 0.166618 0.083355 
38993 0.166696 0.250003 
38994 0.16671 0.416747 
38995 0.333238 -0.249995 
38996 0.333403 -0.0833841 
38997 0.333376 0.0833282 
38998 0.333372 0.249963 
38999 0.333306 0.416623 
39000 -0.335791 -0.249061 
39001 -0.335287 -0.0831912 
39002 -0.334798 0.0825215 
39003 -0.334456 0.248307 
39004 -0.333941 0.414004 
39005 -0.169824 -0.249395 
39006 -0.169372 -0.0836436 
39007 -0.168915 0.0819287 
39008 -0.16845 0.247594 
39009 -0.168158 0.413384 
39010 -0.00408988 -0.249755 
39011 -0.00365235 -0.0840045 
39012 -0.00326559 0.081657 
39013 -0.00287392 0.247257 
39014 -0.00235573 0.412868 
39015 0.161553 -0.250111 
39016 0.162065 -0.0843049 
39017 0.162269 0.0813093 
39018 0.162723 0.246731 
39019 0.162979 0.41224 
39020 0.327055 -0.250354 
39021 0.327433 -0.0848939 
39022 0.327668 0.0808141 
39023 0.328153 0.24625 
39024 0.328449 0.411753 
39025 -0.338122 -0.248479 
39026 -0.337146 -0.0833085 
39027 -0.336357 0.0815773 
39028 -0.335357 0.246503 
39029 -0.334647 0.411035 
39030 -0.173004 -0.248992 
39031 -0.172067 -0.0841136 
39032 -0.171214 0.0807653 
39033 -0.170398 0.245387 
39034 -0.169678 0.409881 
39035 -0.00818355 -0.249655 
39036 -0.00730149 -0.0848339 
39037 -0.00661081 0.0799454 
39038 -0.00574448 0.244381 
39039 -0.00495536 0.408904 
39040 0.156562 -0.250169 
39041 0.157329 -0.0855676 
39042 0.158061 0.0790071 
39043 0.15881 0.243385 
39044 0.159367 0.407846 
39045 0.320913 -0.250669 
39046 0.32156 -0.0860945 
39047 0.322255 0.078331 
39048 0.322988 0.242556 
39049 0.323515 0.406621 
39050 -0.340505 -0.24791 
39051 -0.339259 -0.0835099 
39052 -0.337878 0.0805801 
39053 -0.336453 0.244526 
39054 -0.335175 0.408096 
39055 -0.176166 -0.248698 
39056 -0.174756 -0.0846702 
39057 -0.17365 0.0792096 
39058 -0.172406 0.243027 
39059 -0.170982 0.406462 
39060 -0.0120299 -0.249536 
39061 -0.0109237 -0.0855746 
39062 -0.00957601 0.0780168 
39063 -0.00855592 0.241564 
39064 -0.00731664 0.404766 
39065 0.151569 -0.250232 
39066 0.152612 -0.0867762 
39067 0.153751 0.0766932 
39068 0.154801 0.24019 
39069 0.155741 0.403254 
39070 0.314968 -0.251216 
39071 0.31594 -0.0877468 
39072 0.316894 0.0754171 
39073 0.317815 0.23878 
39074 0.318601 0.401611 
39075 -0.342907 -0.247507 
39076 -0.341151 -0.0838924 
39077 -0.339411 0.0794047 
39078 -0.337666 0.242392 
39079 -0.335746 0.405104 
39080 -0.179152 -0.248625 
39081 -0.177519 -0.0853166 
39082 -0.175867 0.0777776 
39083 -0.174222 0.240545 
39084 -0.172656 0.40292 
39085 -0.0158383 -0.249726 
39086 -0.0144057 -0.0866839 
39087 -0.013024 0.076039 
39088 -0.0113658 0.238678 
39089 -0.00992639 0.400733 
39090 0.146762 -0.250801 
39091 0.147987 -0.0879602 
39092 0.149574 0.0745396 
39093 0.150951 0.236689 
39094 0.152327 0.39865 
39095 0.308815 -0.251705 
39096 0.310039 -0.0893631 
39097 0.311335 0.0728596 
39098 0.312536 0.234856 
39099 0.313763 0.396441 
39100 -0.345374 -0.247287 
39101 -0.343154 -0.0844154 
39102 -0.340805 0.0780679 
39103 -0.338702 0.240173 
39104 -0.336547 0.401964 
39105 -0.182179 -0.248709 
39106 -0.180127 -0.0859143 
39107 -0.178163 0.0761754 
39108 -0.176121 0.237863 
39109 -0.174039 0.399262 
39110 -0.0197632 -0.249811 
39111 -0.0179325 -0.0877042 
39112 -0.0160879 0.0739702 
39113 -0.014296 0.23547 
39114 -0.0125019 0.396597 
39115 0.142096 -0.251283 
39116 0.14373 -0.0893799 
39117 0.14529 0.072116 
39118 0.146897 0.233226 
39119 0.148555 0.393845 
39120 0.303052 -0.252492 
39121 0.304445 -0.0910359 
39122 0.305993 0.0701391 
39123 0.307517 0.230964 
39124 0.309047 0.391381 
39125 -0.347664 -0.24704 
39126 -0.344908 -0.0850124 
39127 -0.342362 0.0766143 
39128 -0.339886 0.237856 
39129 -0.337018 0.398656 
39130 -0.185274 -0.248625 
39131 -0.18287 -0.0869498 
39132 -0.180413 0.0743056 
39133 -0.178095 0.235091 
39134 -0.175644 0.395419 
39135 -0.0235447 -0.250123 
39136 -0.0212845 -0.0887604 
39137 -0.019286 0.0719444 
39138 -0.017239 0.232421 
39139 -0.0148402 0.392198 
39140 0.137273 -0.251781 
39141 0.139202 -0.0907088 
39142 0.14116 0.0697408 
39143 0.143086 0.22972 
39144 0.144997 0.389292 
39145 0.297216 -0.253244 
39146 0.298964 -0.0926879 
39147 0.300734 0.0672601 
39148 0.302513 0.227045 
39149 0.304046 0.386182 
39150 -0.349947 -0.247049 
39151 -0.346875 -0.0856376 
39152 -0.343923 0.0751543 
39153 -0.340813 0.235577 
39154 -0.337818 0.395316 
39155 -0.188087 -0.24888 
39156 -0.18552 -0.0879409 
39157 -0.182572 0.0724158 
39158 -0.179924 0.232387 
39159 -0.177221 0.391642 
39160 -0.0274142 -0.250524 
39161 -0.0248588 -0.090108 
39162 -0.0224715 0.0698816 
39163 -0.019802 0.229259 
39164 -0.0173918 0.388008 
39165 0.132565 -0.252374 
39166 0.134742 -0.0923233 
39167 0.136833 0.067085 
39168 0.13913 0.226092 
39169 0.141318 0.38438 
39170 0.291557 -0.254128 
39171 0.293547 -0.0944109 
39172 0.295356 0.0646118 
39173 0.297267 0.223036 
39174 0.299152 0.381105 
39175 -0.352199 -0.247245 
39176 -0.348901 -0.0864899 
39177 -0.345399 0.0734947 
39178 -0.342028 0.233002 
39179 -0.338554 0.391828 
39180 -0.19112 -0.249015 
39181 -0.187887 -0.089047 
39182 -0.184957 0.0705425 
39183 -0.181819 0.229477 
39184 -0.17885 0.387823 
39185 -0.0309558 -0.251031 
39186 -0.0281841 -0.0914124 
39187 -0.0254903 0.067589 
39188 -0.0226162 0.225879 
39189 -0.0200821 0.383619 
39190 0.127864 -0.25307 
39191 0.130308 -0.0938344 
39192 0.132811 0.0645778 
39193 0.135238 0.222439 
39194 0.137804 0.379832 
39195 0.285986 -0.254991 
39196 0.288069 -0.0962881 
39197 0.290191 0.0616848 
39198 0.292338 0.219153 
39199 0.294434 0.375837 
39200 -0.3545 -0.247427 
39201 -0.35071 -0.0874404 
39202 -0.346948 0.0717499 
39203 -0.343053 0.230443 
39204 -0.339344 0.388072 
39205 -0.19396 -0.249519 
39206 -0.190603 -0.0903274 
39207 -0.187086 0.0686829 
39208 -0.183746 0.226319 
39209 -0.180541 0.38376 
39210 -0.0346295 -0.251658 
39211 -0.031658 -0.0928799 
39212 -0.0285943 0.0653853 
39213 -0.0255003 0.222725 
39214 -0.0225956 0.379293 
39215 0.123555 -0.253752 
39216 0.126237 -0.0955127 
39217 0.128839 0.0619908 
39218 0.131412 0.218929 
39219 0.134143 0.374924 
39220 0.280396 -0.255848 
39221 0.282801 -0.0981618 
39222 0.2851 0.0588843 
39223 0.287394 0.215115 
39224 0.289566 0.370666 
39225 -0.356584 -0.247759 
39226 -0.352473 -0.0884907 
39227 -0.348424 0.0699506 
39228 -0.344211 0.227746 
39229 -0.340175 0.384488 
39230 -0.196846 -0.249906 
39231 -0.193109 -0.0913637 
39232 -0.189367 0.0663597 
39233 -0.185841 0.223583 
39234 -0.182169 0.379679 
39235 -0.0383347 -0.25232 
39236 -0.0349566 -0.0942356 
39237 -0.031638 0.0629697 
39238 -0.0284772 0.219347 
39239 -0.0252575 0.374941 
39240 0.118895 -0.254571 
39241 0.121937 -0.097335 
39242 0.12468 0.0593207 
39243 0.127619 0.215183 
39244 0.130366 0.370138 
39245 0.275027 -0.25675 
39246 0.277393 -0.100063 
39247 0.2799 0.055975 
39248 0.282438 0.211202 
39249 0.284767 0.365506 
39250 -0.358899 -0.248223 
39251 -0.354244 -0.0896364 
39252 -0.349846 0.0680783 
39253 -0.345542 0.224853 
39254 -0.340988 0.380763 
39255 -0.19966 -0.250649 
39256 -0.195574 -0.0927296 
39257 -0.191669 0.0642794 
39258 -0.187564 0.220372 
39259 -0.183823 0.375653 
39260 -0.041807 -0.253044 
39261 -0.0382669 -0.095793 
39262 -0.0347731 0.0605441 
39263 -0.0313138 0.215996 
39264 -0.0277442 0.370512 
39265 0.11455 -0.255563 
39266 0.117702 -0.0990927 
39267 0.120705 0.056834 
39268 0.123834 0.211515 
39269 0.126663 0.365475 
39270 0.269594 -0.257753 
39271 0.272148 -0.1019 
39272 0.274849 0.0531597 
39273 0.277515 0.207183 
39274 0.279958 0.360486 
39275 -0.361056 -0.248751 
39276 -0.356242 -0.0908281 
39277 -0.351412 0.0661348 
39278 -0.3467 0.222123 
39279 -0.34186 0.376972 
39280 -0.202513 -0.251298 
39281 -0.198093 -0.0941628 
39282 -0.19381 0.0621759 
39283 -0.189641 0.217208 
39284 -0.185519 0.371351 
39285 -0.0453319 -0.253797 
39286 -0.0415381 -0.0975445 
39287 -0.0379077 0.0581051 
39288 -0.034103 0.212493 
39289 -0.0305571 0.366054 
39290 0.110239 -0.256282 
39291 0.113629 -0.100785 
39292 0.116624 0.0540874 
39293 0.119888 0.207853 
39294 0.123098 0.360553 
39295 0.264278 -0.258828 
39296 0.267002 -0.103829 
39297 0.269826 0.05013 
39298 0.272571 0.203055 
39299 0.27519 0.355362 
39300 -0.363122 -0.249499 
39301 -0.358007 -0.0921509 
39302 -0.352922 0.0640537 
39303 -0.347809 0.219084 
39304 -0.342708 0.37304 
39305 -0.205248 -0.252009 
39306 -0.200628 -0.0956817 
39307 -0.196028 0.0597386 
39308 -0.191719 0.214104 
39309 -0.187227 0.367296 
39310 -0.04882 -0.254781 
39311 -0.0448311 -0.0990597 
39312 -0.0408852 0.0556057 
39313 -0.036974 0.209027 
39314 -0.0331015 0.361551 
39315 0.105946 -0.257492 
39316 0.109351 -0.10229 
39317 0.112739 0.0513623 
39318 0.116108 0.204131 
39319 0.119352 0.35574 
39320 0.259211 -0.260044 
39321 0.261967 -0.105842 
39322 0.264879 0.0472635 
39323 0.267698 0.19928 
39324 0.27034 0.350232 
39325 -0.365303 -0.250234 
39326 -0.35989 -0.0936059 
39327 -0.354425 0.0618075 
39328 -0.349108 0.215975 
39329 -0.343785 0.369116 
39330 -0.207904 -0.253102 
39331 -0.203013 -0.097222 
39332 -0.198224 0.0573207 
39333 -0.193549 0.210865 
39334 -0.188955 0.363054 
39335 -0.0522507 -0.255613 
39336 -0.04792 -0.100756 
39337 -0.0439259 0.0530604 
39338 -0.0399145 0.205574 
39339 -0.0357683 0.357005 
39340 0.101651 -0.258376 
39341 0.105271 -0.10425 
39342 0.108861 0.0486806 
39343 0.112218 0.200414 
39344 0.115761 0.351176 
39345 0.254135 -0.261026 
39346 0.256941 -0.107719 
39347 0.259879 0.044548 
39348 0.26267 0.195381 
39349 0.265654 0.345278 
39350 -0.367469 -0.251221 
39351 -0.361637 -0.0951193 
39352 -0.355977 0.0596636 
39353 -0.35028 0.213135 
39354 -0.344717 0.365234 
39355 -0.210526 -0.253952 
39356 -0.205537 -0.0988313 
39357 -0.200642 0.055068 
39358 -0.19568 0.207529 
39359 -0.190764 0.358904 
39360 -0.0555427 -0.256738 
39361 -0.0511382 -0.10251 
39362 -0.0469053 0.0505201 
39363 -0.0425858 0.202026 
39364 -0.0383425 0.352659 
39365 0.0977197 -0.259403 
39366 0.101342 -0.10605 
39367 0.104888 0.0460537 
39368 0.108471 0.196803 
39369 0.111987 0.346394 
39370 0.249055 -0.262173 
39371 0.251936 -0.109655 
39372 0.255123 0.0415109 
39373 0.257891 0.191523 
39374 0.260898 0.340249 
39375 -0.369292 -0.252192 
39376 -0.363393 -0.0965911 
39377 -0.357471 0.0572897 
39378 -0.351625 0.209944 
39379 -0.346002 0.361026 
39380 -0.213014 -0.254982 
39381 -0.207916 -0.10036 
39382 -0.202794 0.0525813 
39383 -0.197706 0.204321 
39384 -0.192639 0.354453 
39385 -0.058968 -0.257709 
39386 -0.0544078 -0.104189 
39387 -0.0499208 0.0479617 
39388 -0.0455791 0.198645 
39389 -0.0411133 0.348013 
39390 0.0934915 -0.260563 
39391 0.0973559 -0.10804 
39392 0.101041 0.0433009 
39393 0.104662 0.193174 
39394 0.108318 0.341582 
39395 0.244119 -0.263314 
39396 0.247109 -0.111628 
39397 0.250166 0.0387939 
39398 0.253284 0.187679 
39399 0.256126 0.335378 
39400 -0.371402 -0.252972 
39401 -0.365207 -0.0983712 
39402 -0.359007 0.0550055 
39403 -0.353128 0.206669 
39404 -0.34681 0.356966 
39405 -0.215707 -0.256062 
39406 -0.210256 -0.102097 
39407 -0.205029 0.050132 
39408 -0.199823 0.200859 
39409 -0.194568 0.350203 
39410 -0.0621158 -0.25869 
39411 -0.0573808 -0.106027 
39412 -0.0530364 0.0453376 
39413 -0.0483924 0.195048 
39414 -0.0441578 0.343503 
39415 0.0895544 -0.261638 
39416 0.0932952 -0.109723 
39417 0.0971825 0.0405603 
39418 0.101018 0.18943 
39419 0.104623 0.336956 
39420 0.239222 -0.264566 
39421 0.242349 -0.113544 
39422 0.245295 0.035822 
39423 0.248317 0.183924 
39424 0.251349 0.330438 
39425 -0.373348 -0.254203 
39426 -0.367011 -0.0999378 
39427 -0.360631 0.0527668 
39428 -0.354385 0.203562 
39429 -0.348182 0.352867 
39430 -0.218216 -0.257073 
39431 -0.212789 -0.104015 
39432 -0.20717 0.0476523 
39433 -0.201853 0.197545 
39434 -0.196479 0.345961 
39435 -0.0653637 -0.259942 
39436 -0.0606283 -0.107818 
39437 -0.0559885 0.0426809 
39438 -0.0512606 0.191679 
39439 -0.0466464 0.33909 
39440 0.0855532 -0.262746 
39441 0.089517 -0.111613 
39442 0.0932177 0.0378211 
39443 0.0972053 0.185869 
39444 0.100913 0.332274 
39445 0.234385 -0.265646 
39446 0.23747 -0.115466 
39447 0.240617 0.0330338 
39448 0.243497 0.180063 
39449 0.246537 0.325497 
39450 -0.375284 -0.255396 
39451 -0.368891 -0.101737 
39452 -0.362086 0.0501874 
39453 -0.35573 0.20027 
39454 -0.349264 0.348598 
39455 -0.220728 -0.258284 
39456 -0.215122 -0.105753 
39457 -0.209417 0.0451037 
39458 -0.203925 0.194059 
39459 -0.198227 0.341686 
39460 -0.068518 -0.261029 
39461 -0.0636547 -0.109686 
39462 -0.0589831 0.0400743 
39463 -0.0542461 0.188218 
39464 -0.0495595 0.334575 
39465 0.0816372 -0.263929 
39466 0.0856162 -0.113562 
39467 0.0894564 0.035117 
39468 0.0933503 0.182267 
39469 0.0970888 0.327548 
39470 0.229756 -0.26662 
39471 0.232856 -0.117406 
39472 0.235803 0.0303648 
39473 0.238766 0.176329 
39474 0.241753 0.320828 
