39000 -0.333402 -0.25009 
39001 -0.333304 -0.0833422 
39002 -0.333331 0.0833253 
39003 -0.333361 0.250039 
39004 -0.333449 0.416718 
39005 -0.166689 -0.250054 
39006 -0.166654 -0.0833414 
39007 -0.166622 0.083299 
39008 -0.16658 0.250037 
39009 -0.166526 0.416676 
39010 1.60951e-07 -0.25007 
39011 -8.53236e-05 -0.0833739 
39012 -1.04199e-05 0.0833187 
39013 1.0994e-06 0.250045 
39014 1.21036e-05 0.416578 
39015 0.166681 -0.249896 
39016 0.166635 -0.0833758 
39017 0.166667 0.0832758 
39018 0.166693 0.250082 
39019 0.166613 0.416564 
39020 0.333456 -0.250057 
39021 0.333373 -0.0833826 
39022 0.333317 0.0832766 
39023 0.333295 0.249976 
39024 0.333338 0.416773 
39025 -0.33572 -0.249471 
39026 -0.335379 -0.0834136 
39027 -0.33484 0.0824777 
39028 -0.334399 0.248048 
39029 -0.333902 0.413945 
39030 -0.169778 -0.249629 
39031 -0.169284 -0.0836453 
39032 -0.168906 0.0820458 
39033 -0.168528 0.247744 
39034 -0.168112 0.413258 
39035 -0.00406605 -0.24986 
39036 -0.0036455 -0.0841594 
39037 -0.0031195 0.0815337 
39038 -0.00268764 0.24717 
39039 -0.00235854 0.412715 
39040 0.16155 -0.250105 
39041 0.161941 -0.0845067 
39042 0.162369 0.0811139 
39043 0.162574 0.246675 
39044 0.163041 0.412123 
39045 0.327185 -0.250455 
39046 0.327445 -0.084761 
39047 0.327686 0.0807992 
39048 0.327979 0.246258 
39049 0.328276 0.411501 
39050 -0.338121 -0.248831 
39051 -0.337331 -0.0836487 
39052 -0.336256 0.081243 
39053 -0.335451 0.246192 
39054 -0.33456 0.41085 
39055 -0.172948 -0.249244 
39056 -0.172227 -0.0843002 
39057 -0.171247 0.0806108 
39058 -0.17054 0.245325 
39059 -0.169717 0.409733 
39060 -0.00806061 -0.249754 
39061 -0.00723854 -0.0849249 
39062 -0.0065142 0.0796833 
39063 -0.00572639 0.244187 
39064 -0.00497623 0.408567 
39065 0.156698 -0.250361 
39066 0.157315 -0.0856839 
39067 0.158001 0.0787436 
39068 0.158639 0.243189 
39069 0.159516 0.407625 
39070 0.321078 -0.250925 
39071 0.321773 -0.0863779 
39072 0.322286 0.0780855 
39073 0.322769 0.242235 
39074 0.32347 0.40652 
39075 -0.340554 -0.248304 
39076 -0.339151 -0.0840645 
39077 -0.337857 0.08026 
39078 -0.336624 0.244094 
39079 -0.335105 0.407725 
39080 -0.175987 -0.249119 
39081 -0.174961 -0.0850456 
39082 -0.173652 0.0789018 
39083 -0.172262 0.242562 
39084 -0.17119 0.406077 
39085 -0.0118333 -0.249913 
39086 -0.0108967 -0.0858628 
39087 -0.00971056 0.0776627 
39088 -0.00865057 0.241227 
39089 -0.0075091 0.404453 
39090 0.151768 -0.250758 
39091 0.152828 -0.0869916 
39092 0.153782 0.0763969 
39093 0.154798 0.239811 
39094 0.155752 0.402806 
39095 0.314828 -0.251344 
39096 0.316031 -0.0879484 
39097 0.31676 0.0752781 
39098 0.31757 0.238321 
39099 0.318625 0.40125 
39100 -0.3427 -0.247977 
39101 -0.341139 -0.0844757 
39102 -0.33932 0.0788206 
39103 -0.337668 0.241729 
39104 -0.335783 0.404462 
39105 -0.179093 -0.248926 
39106 -0.177451 -0.0858299 
39107 -0.175752 0.0772087 
39108 -0.17427 0.239991 
39109 -0.17258 0.402275 
39110 -0.0156746 -0.250121 
39111 -0.0144232 -0.0869458 
39112 -0.0128264 0.0756629 
39113 -0.0114869 0.238104 
39114 -0.00995367 0.40019 
39115 0.146967 -0.251235 
39116 0.148186 -0.0883747 
39117 0.149556 0.0739953 
39118 0.150853 0.236243 
39119 0.1521 0.398156 
39120 0.309152 -0.25226 
39121 0.310061 -0.0896786 
39122 0.311259 0.0726933 
39123 0.312594 0.234464 
39124 0.313666 0.396116 
39125 -0.345196 -0.247888 
39126 -0.343137 -0.085205 
39127 -0.340699 0.0773589 
39128 -0.338859 0.2394 
39129 -0.33655 0.40111 
39130 -0.182117 -0.249108 
39131 -0.179984 -0.0867327 
39132 -0.178237 0.0754931 
39133 -0.176111 0.237154 
39134 -0.174214 0.398637 
39135 -0.0195953 -0.250471 
39136 -0.0179093 -0.088188 
39137 -0.0160448 0.0735512 
39138 -0.0143431 0.235024 
39139 -0.0124705 0.396006 
39140 0.142127 -0.251651 
39141 0.143676 -0.0898415 
39142 0.145246 0.0716492 
39143 0.146934 0.23269 
39144 0.148498 0.393408 
39145 0.303063 -0.252909 
39146 0.304554 -0.0913061 
39147 0.306048 0.0696787 
39148 0.307368 0.230388 
39149 0.308799 0.390801 
39150 -0.347411 -0.247951 
39151 -0.344899 -0.085682 
39152 -0.342481 0.0759919 
39153 -0.339775 0.237079 
39154 -0.33726 0.39773 
39155 -0.185042 -0.249376 
39156 -0.182896 -0.0876599 
39157 -0.180367 0.073579 
39158 -0.178038 0.234489 
39159 -0.175748 0.394726 
39160 -0.0234611 -0.250831 
39161 -0.0212599 -0.0895407 
39162 -0.019301 0.0713823 
39163 -0.0171768 0.231739 
39164 -0.0149616 0.391638 
39165 0.137394 -0.25227 
39166 0.139304 -0.0914065 
39167 0.141029 0.0689805 
39168 0.142903 0.229118 
39169 0.14479 0.388529 
39170 0.297372 -0.253742 
39171 0.299093 -0.0933011 
39172 0.300704 0.0667578 
39173 0.302222 0.226499 
39174 0.303825 0.385428 
39175 -0.349693 -0.24804 
39176 -0.346934 -0.0866699 
39177 -0.343878 0.0742735 
39178 -0.340879 0.234532 
39179 -0.337994 0.394265 
39180 -0.188034 -0.249652 
39181 -0.185295 -0.0886939 
39182 -0.182686 0.0717237 
39183 -0.179903 0.231529 
39184 -0.177319 0.390614 
39185 -0.027091 -0.251294 
39186 -0.0246263 -0.0908299 
39187 -0.0223814 0.0691584 
39188 -0.0200682 0.228377 
39189 -0.0177447 0.38731 
39190 0.132794 -0.252958 
39191 0.134763 -0.0929938 
39192 0.136961 0.0665742 
39193 0.138923 0.225461 
39194 0.140992 0.383797 
39195 0.291776 -0.254632 
39196 0.293611 -0.0950955 
39197 0.295467 0.0639281 
39198 0.297111 0.222474 
39199 0.299059 0.380311 
39200 -0.351963 -0.248116 
39201 -0.3487 -0.0875198 
39202 -0.345485 0.0725395 
39203 -0.341969 0.231863 
39204 -0.338657 0.390651 
39205 -0.19085 -0.250096 
39206 -0.187895 -0.0898644 
39207 -0.184851 0.0697289 
39208 -0.181863 0.22845 
39209 -0.178764 0.38663 
39210 -0.030798 -0.251962 
39211 -0.0283051 -0.092265 
39212 -0.0255061 0.0667485 
39213 -0.0229252 0.225163 
39214 -0.0202112 0.382851 
39215 0.128199 -0.253778 
39216 0.13053 -0.0946172 
39217 0.132785 0.0639242 
39218 0.13516 0.221771 
39219 0.137396 0.379008 
39220 0.286207 -0.255519 
39221 0.288279 -0.096989 
39222 0.290247 0.0610238 
39223 0.292204 0.218376 
39224 0.294112 0.374979 
39225 -0.354274 -0.248661 
39226 -0.35047 -0.0884892 
39227 -0.346874 0.0707224 
39228 -0.343211 0.229155 
39229 -0.339518 0.386866 
39230 -0.19372 -0.250668 
39231 -0.190487 -0.091191 
39232 -0.187134 0.0675463 
39233 -0.183866 0.22539 
39234 -0.180718 0.382566 
39235 -0.0344845 -0.252608 
39236 -0.0314483 -0.0937069 
39237 -0.028619 0.0643386 
39238 -0.0257328 0.221636 
39239 -0.0228856 0.378356 
39240 0.123693 -0.254493 
39241 0.126278 -0.0962492 
39242 0.128765 0.0611628 
39243 0.131409 0.218086 
39244 0.13375 0.374077 
39245 0.280805 -0.256565 
39246 0.282942 -0.0988746 
39247 0.285006 0.0581336 
39248 0.287214 0.214425 
39249 0.289255 0.369798 
39250 -0.356447 -0.249057 
39251 -0.352326 -0.0898317 
39252 -0.348333 0.0687632 
39253 -0.344211 0.226335 
39254 -0.340356 0.383176 
39255 -0.196686 -0.251201 
39256 -0.192831 -0.0925397 
39257 -0.189277 0.0653701 
39258 -0.185725 0.222234 
39259 -0.182252 0.378471 
39260 -0.0380682 -0.253347 
39261 -0.0349617 -0.0953473 
39262 -0.0316738 0.061937 
39263 -0.0285697 0.218346 
39264 -0.0253669 0.373828 
39265 0.119223 -0.255471 
39266 0.121914 -0.0980416 
39267 0.124734 0.0586178 
39268 0.127352 0.214381 
39269 0.130227 0.369218 
39270 0.2754 -0.257512 
39271 0.27754 -0.100888 
39272 0.2799 0.0551728 
39273 0.282143 0.210251 
39274 0.284395 0.364523 
39275 -0.35851 -0.249585 
39276 -0.354416 -0.0909579 
39277 -0.349836 0.0666564 
39278 -0.345452 0.223514 
39279 -0.341156 0.379292 
39280 -0.199392 -0.251804 
39281 -0.195613 -0.093932 
39282 -0.191731 0.0631598 
39283 -0.187694 0.219175 
39284 -0.183952 0.374225 
39285 -0.0415369 -0.254139 
39286 -0.0383549 -0.0968549 
39287 -0.0347991 0.059418 
39288 -0.0314953 0.214864 
39289 -0.0279851 0.369254 
39290 0.114917 -0.256421 
39291 0.117768 -0.0997528 
39292 0.120677 0.0558234 
39293 0.12357 0.210578 
39294 0.126372 0.364429 
39295 0.270089 -0.258428 
39296 0.272454 -0.102701 
39297 0.274915 0.0522364 
39298 0.277229 0.206388 
39299 0.279618 0.359451 
39300 -0.3607 -0.250365 
39301 -0.356158 -0.0923108 
39302 -0.351389 0.0646678 
39303 -0.346759 0.220421 
39304 -0.342127 0.375368 
39305 -0.202068 -0.252657 
39306 -0.197951 -0.0953809 
39307 -0.193758 0.0608423 
39308 -0.189777 0.215861 
39309 -0.185699 0.370014 
39310 -0.0449498 -0.254882 
39311 -0.0413692 -0.0985818 
39312 -0.0377816 0.0569912 
39313 -0.0342207 0.211338 
39314 -0.0307074 0.364737 
39315 0.110536 -0.25734 
39316 0.113679 -0.101674 
39317 0.116694 0.053161 
39318 0.119654 0.206936 
39319 0.122727 0.359493 
39320 0.264693 -0.259679 
39321 0.267268 -0.104557 
39322 0.269729 0.0493919 
39323 0.272455 0.202437 
39324 0.274829 0.354439 
39325 -0.362857 -0.25123 
39326 -0.35784 -0.0937222 
39327 -0.352957 0.0625662 
39328 -0.3481 0.217427 
39329 -0.343095 0.371402 
39330 -0.204821 -0.253444 
39331 -0.20052 -0.0970562 
39332 -0.195926 0.0585275 
39333 -0.191667 0.212673 
39334 -0.187415 0.365788 
39335 -0.0485818 -0.256123 
39336 -0.044719 -0.100172 
39337 -0.0408496 0.0543385 
39338 -0.0372743 0.207931 
39339 -0.0333816 0.360316 
39340 0.106383 -0.25847 
39341 0.10963 -0.103475 
39342 0.112842 0.0504714 
39343 0.115908 0.203098 
39344 0.119039 0.354711 
39345 0.259735 -0.260873 
39346 0.262125 -0.106492 
39347 0.264791 0.0465304 
39348 0.267332 0.198569 
39349 0.269985 0.3493 
39350 -0.364965 -0.252116 
39351 -0.359669 -0.095127 
39352 -0.354498 0.0602107 
39353 -0.349183 0.214257 
39354 -0.344021 0.367373 
39355 -0.207633 -0.254501 
39356 -0.202919 -0.0985727 
39357 -0.198282 0.0559752 
39358 -0.193647 0.20939 
39359 -0.189241 0.36151 
39360 -0.0516911 -0.256953 
39361 -0.0478528 -0.101898 
39362 -0.0439852 0.0518971 
39363 -0.0400466 0.204444 
39364 -0.0361921 0.355721 
39365 0.102213 -0.259429 
39366 0.105532 -0.105119 
39367 0.108952 0.0477005 
39368 0.112076 0.199336 
39369 0.115205 0.349957 
39370 0.254524 -0.261937 
39371 0.257276 -0.108508 
39372 0.259847 0.0435161 
39373 0.26242 0.194547 
39374 0.265111 0.344186 
39375 -0.366887 -0.252908 
39376 -0.361502 -0.0968199 
39377 -0.355898 0.0578427 
39378 -0.350412 0.211161 
39379 -0.345065 0.363206 
39380 -0.210111 -0.255519 
39381 -0.205403 -0.100282 
39382 -0.200662 0.0534563 
39383 -0.195795 0.205898 
39384 -0.191047 0.357168 
39385 -0.0551358 -0.258123 
39386 -0.0510026 -0.103643 
39387 -0.0469803 0.0492688 
39388 -0.0429487 0.200852 
39389 -0.0390205 0.351104 
39390 0.0980724 -0.260554 
39391 0.101551 -0.107192 
39392 0.104896 0.0449915 
39393 0.108173 0.195758 
39394 0.111611 0.34515 
39395 0.249586 -0.263066 
39396 0.252238 -0.11061 
39397 0.255092 0.04078 
39398 0.257548 0.190625 
39399 0.260385 0.339261 
39400 -0.369001 -0.253814 
39401 -0.363183 -0.0984356 
39402 -0.357445 0.0555922 
39403 -0.351738 0.208017 
39404 -0.346087 0.359225 
39405 -0.212725 -0.256691 
39406 -0.207744 -0.102064 
39407 -0.202796 0.0510863 
39408 -0.197838 0.202541 
39409 -0.19303 0.352691 
39410 -0.0585049 -0.259188 
39411 -0.0542334 -0.105529 
39412 -0.0498248 0.046621 
39413 -0.0458663 0.197195 
39414 -0.0417012 0.346566 
39415 0.0941074 -0.261617 
39416 0.0976023 -0.109081 
39417 0.10094 0.0422604 
39418 0.104472 0.19195 
39419 0.10787 0.34041 
39420 0.244657 -0.264226 
39421 0.247462 -0.112485 
39422 0.250218 0.0379233 
39423 0.252788 0.186756 
39424 0.255637 0.334301 
39425 -0.37103 -0.255042 
39426 -0.364947 -0.100141 
39427 -0.359143 0.0531272 
39428 -0.353051 0.204836 
39429 -0.347324 0.354974 
39430 -0.215365 -0.257636 
39431 -0.21005 -0.10378 
39432 -0.204869 0.0485255 
39433 -0.199778 0.199253 
39434 -0.19499 0.348422 
39435 -0.0616219 -0.260229 
39436 -0.0571756 -0.107398 
39437 -0.0529288 0.0439722 
39438 -0.0487175 0.193769 
39439 -0.0442624 0.342056 
39440 0.0901607 -0.26284 
39441 0.0936702 -0.110931 
39442 0.0972592 0.0393305 
39443 0.100566 0.188309 
39444 0.104057 0.335698 
39445 0.239872 -0.265335 
39446 0.242711 -0.114443 
39447 0.245284 0.0351479 
39448 0.248133 0.183003 
39449 0.250696 0.329416 
39450 -0.373099 -0.256165 
39451 -0.366678 -0.102027 
39452 -0.360618 0.0507401 
39453 -0.354585 0.201715 
39454 -0.348442 0.350693 
39455 -0.217831 -0.258858 
39456 -0.212394 -0.10554 
39457 -0.207241 0.0460194 
39458 -0.201933 0.195896 
39459 -0.196908 0.344092 
39460 -0.0647792 -0.261367 
39461 -0.0603549 -0.109187 
39462 -0.0560252 0.0414186 
39463 -0.0515751 0.190188 
39464 -0.0473438 0.337448 
39465 0.0861049 -0.264064 
39466 0.0896783 -0.11276 
39467 0.0931438 0.0368563 
39468 0.0968412 0.184629 
39469 0.100288 0.331157 
39470 0.235107 -0.266519 
39471 0.237778 -0.116273 
39472 0.240541 0.0323272 
39473 0.243229 0.179222 
39474 0.246014 0.324557 
39475 -0.37497 -0.257506 
39476 -0.368512 -0.103759 
39477 -0.362197 0.0481427 
39478 -0.355962 0.19818 
39479 -0.349629 0.346579 
39480 -0.220347 -0.26004 
39481 -0.214917 -0.107345 
39482 -0.209481 0.0433376 
39483 -0.204155 0.192404 
39484 -0.198963 0.33972 
39485 -0.0678342 -0.262531 
39486 -0.0633126 -0.11095 
39487 -0.0588387 0.0385587 
39488 -0.0544614 0.186489 
39489 -0.0501285 0.333087 
39490 0.0822816 -0.265055 
39491 0.0860036 -0.114619 
39492 0.0894794 0.0341006 
39493 0.0930295 0.181068 
39494 0.0964356 0.326516 
39495 0.230371 -0.26765 
39496 0.233131 -0.118158 
39497 0.235793 0.0295582 
39498 0.238526 0.175447 
39499 0.241039 0.319894 
