39075 -0.3334 -0.249915 
39076 -0.33322 -0.0833857 
39077 -0.33337 0.0834235 
39078 -0.333371 0.25009 
39079 -0.333302 0.41668 
39080 -0.166606 -0.249968 
39081 -0.166582 -0.0834516 
39082 -0.166559 0.0833025 
39083 -0.166655 0.250114 
39084 -0.166672 0.416681 
39085 -1.69704e-05 -0.249913 
39086 -0.000105195 -0.0833663 
39087 9.88401e-05 0.0832337 
39088 6.40948e-05 0.250055 
39089 -3.52904e-05 0.416629 
39090 0.166627 -0.250016 
39091 0.166589 -0.0833105 
39092 0.166794 0.0833639 
39093 0.166625 0.250053 
39094 0.166622 0.416565 
39095 0.333516 -0.25001 
39096 0.333325 -0.0833142 
39097 0.333275 0.0833294 
39098 0.33339 0.249984 
39099 0.333307 0.416619 
39100 -0.335788 -0.249705 
39101 -0.33524 -0.0837936 
39102 -0.334758 0.0819649 
39103 -0.33432 0.247609 
39104 -0.333928 0.413408 
39105 -0.169784 -0.249882 
39106 -0.169426 -0.084092 
39107 -0.169026 0.0816385 
39108 -0.168458 0.247262 
39109 -0.168088 0.412906 
39110 -0.00396601 -0.250264 
39111 -0.0036291 -0.0844981 
39112 -0.00323876 0.081292 
39113 -0.00283688 0.246891 
39114 -0.00252309 0.412294 
39115 0.161736 -0.250518 
39116 0.162013 -0.0847405 
39117 0.162237 0.0808765 
39118 0.162617 0.246373 
39119 0.162906 0.411746 
39120 0.327283 -0.250627 
39121 0.327598 -0.0850576 
39122 0.327764 0.080507 
39123 0.328018 0.245958 
39124 0.328238 0.41128 
39125 -0.338122 -0.249526 
39126 -0.337233 -0.0846463 
39127 -0.33636 0.0805382 
39128 -0.33555 0.245304 
39129 -0.334669 0.409814 
39130 -0.172833 -0.250035 
39131 -0.172102 -0.0850007 
39132 -0.171236 0.0796319 
39133 -0.170523 0.244382 
39134 -0.169734 0.408871 
39135 -0.00778895 -0.250547 
39136 -0.00712572 -0.0856574 
39137 -0.00642518 0.0789824 
39138 -0.00575607 0.243557 
39139 -0.00514739 0.407871 
39140 0.156772 -0.250844 
39141 0.157446 -0.0862929 
39142 0.158035 0.0783228 
39143 0.15867 0.242614 
39144 0.159093 0.406874 
39145 0.3212 -0.251423 
39146 0.321778 -0.0867653 
39147 0.3222 0.0775278 
39148 0.322697 0.24179 
39149 0.323278 0.405779 
39150 -0.340267 -0.249567 
39151 -0.338862 -0.0851017 
39152 -0.337738 0.0789671 
39153 -0.336548 0.242864 
39154 -0.335241 0.406288 
39155 -0.17577 -0.250288 
39156 -0.174681 -0.0859873 
39157 -0.173495 0.0778766 
39158 -0.172377 0.241488 
39159 -0.17127 0.4048 
39160 -0.011606 -0.250832 
39161 -0.0105708 -0.0868773 
39162 -0.00955051 0.0766974 
39163 -0.00869294 0.24024 
39164 -0.00776943 0.403409 
39165 0.152 -0.251662 
39166 0.152918 -0.0878036 
39167 0.153778 0.0757209 
39168 0.154561 0.238853 
39169 0.155485 0.40181 
39170 0.315264 -0.252316 
39171 0.315923 -0.0886203 
39172 0.316768 0.0744682 
39173 0.317399 0.237586 
39174 0.318238 0.400434 
39175 -0.342636 -0.249648 
39176 -0.340869 -0.0859487 
39177 -0.339411 0.0772863 
39178 -0.33771 0.24005 
39179 -0.335997 0.402647 
39180 -0.178759 -0.250468 
39181 -0.177275 -0.0871509 
39182 -0.175816 0.0759076 
39183 -0.174185 0.238415 
39184 -0.172821 0.400823 
39185 -0.015485 -0.251328 
39186 -0.0142102 -0.0884506 
39187 -0.0129018 0.0743713 
39188 -0.0116166 0.236804 
39189 -0.0103044 0.398957 
39190 0.147242 -0.252265 
39191 0.148383 -0.0894514 
39192 0.149554 0.0728795 
39193 0.15056 0.23514 
39194 0.151792 0.396823 
39195 0.309313 -0.253194 
39196 0.310431 -0.0906736 
39197 0.311393 0.0714862 
39198 0.312212 0.233366 
39199 0.313189 0.394753 
39200 -0.345001 -0.249909 
39201 -0.342815 -0.0870429 
39202 -0.340728 0.0754766 
39203 -0.338626 0.237478 
39204 -0.336719 0.398769 
39205 -0.181793 -0.250953 
39206 -0.179984 -0.0883889 
39207 -0.177979 0.0737293 
39208 -0.176153 0.235406 
39209 -0.174505 0.396493 
39210 -0.0192404 -0.252034 
39211 -0.0176469 -0.0897981 
39212 -0.0160988 0.0720066 
39213 -0.0144908 0.233222 
39214 -0.0130208 0.394207 
39215 0.142524 -0.252974 
39216 0.143829 -0.0911042 
39217 0.145247 0.0703059 
39218 0.146704 0.231429 
39219 0.147938 0.391718 
39220 0.30369 -0.254204 
39221 0.30481 -0.0925433 
39222 0.305955 0.0685339 
39223 0.306955 0.229157 
39224 0.308104 0.389408 
39225 -0.347219 -0.250261 
39226 -0.344791 -0.0880139 
39227 -0.342268 0.073612 
39228 -0.339821 0.234726 
39229 -0.337351 0.395104 
39230 -0.184672 -0.251355 
39231 -0.182474 -0.0896633 
39232 -0.180393 0.0715787 
39233 -0.178184 0.232162 
39234 -0.176057 0.392231 
39235 -0.0228331 -0.25271 
39236 -0.0211082 -0.0913549 
39237 -0.0192048 0.0695949 
39238 -0.0173537 0.229899 
39239 -0.0153671 0.389636 
39240 0.137912 -0.253947 
39241 0.139482 -0.0929966 
39242 0.141174 0.0675924 
39243 0.142763 0.227347 
39244 0.144247 0.386791 
39245 0.298053 -0.255221 
39246 0.299292 -0.094456 
39247 0.300734 0.0655676 
39248 0.301845 0.225058 
39249 0.303168 0.383994 
39250 -0.34923 -0.250678 
39251 -0.346551 -0.0892238 
39252 -0.343698 0.0715194 
39253 -0.340995 0.231733 
39254 -0.338016 0.391329 
39255 -0.18749 -0.252049 
39256 -0.18498 -0.0910124 
39257 -0.182586 0.0692981 
39258 -0.180184 0.229042 
39259 -0.177667 0.388002 
39260 -0.0266404 -0.253552 
39261 -0.024449 -0.0929821 
39262 -0.0225431 0.0669903 
39263 -0.0202665 0.226237 
39264 -0.0181129 0.384976 
39265 0.133451 -0.254833 
39266 0.135131 -0.094662 
39267 0.137012 0.0648386 
39268 0.138807 0.223606 
39269 0.140389 0.381796 
39270 0.292521 -0.256249 
39271 0.293946 -0.0963825 
39272 0.295312 0.0624948 
39273 0.296897 0.220941 
39274 0.29808 0.378686 
39275 -0.351669 -0.251205 
39276 -0.34833 -0.0905818 
39277 -0.345226 0.0695237 
39278 -0.342034 0.22887 
39279 -0.339115 0.387334 
39280 -0.190118 -0.252625 
39281 -0.187566 -0.0924888 
39282 -0.18482 0.0670742 
39283 -0.182142 0.22583 
39284 -0.179492 0.38375 
39285 -0.0302103 -0.254263 
39286 -0.0277943 -0.0944907 
39287 -0.0254832 0.0644944 
39288 -0.0230837 0.222784 
39289 -0.0207313 0.380074 
39290 0.129023 -0.255712 
39291 0.130938 -0.0963205 
39292 0.132852 0.0620272 
39293 0.134906 0.2196 
39294 0.136604 0.376707 
39295 0.28697 -0.257329 
39296 0.28864 -0.0985104 
39297 0.290305 0.0594581 
39298 0.291805 0.216626 
39299 0.293139 0.373218 
39300 -0.353638 -0.251961 
39301 -0.350264 -0.0918911 
39302 -0.346617 0.0673776 
39303 -0.343284 0.225733 
39304 -0.339938 0.383322 
39305 -0.192976 -0.253624 
39306 -0.190128 -0.0940727 
39307 -0.187091 0.0646888 
39308 -0.184225 0.222366 
39309 -0.181187 0.379354 
39310 -0.0337108 -0.255229 
39311 -0.0309966 -0.0961066 
39312 -0.0286068 0.0618185 
39313 -0.0261195 0.219091 
39314 -0.0236597 0.375392 
39315 0.124746 -0.256673 
39316 0.126669 -0.0983421 
39317 0.128771 0.0592795 
39318 0.130739 0.215846 
39319 0.132847 0.371651 
39320 0.281697 -0.258291 
39321 0.28331 -0.100645 
39322 0.28496 0.0565296 
39323 0.28654 0.212545 
39324 0.288245 0.367839 
39325 -0.355607 -0.252693 
39326 -0.352015 -0.0932025 
39327 -0.348203 0.0652394 
39328 -0.344577 0.222718 
39329 -0.340767 0.379125 
39330 -0.195713 -0.254485 
39331 -0.192503 -0.0956119 
39332 -0.189249 0.0623121 
39333 -0.186181 0.219121 
39334 -0.182973 0.374955 
39335 -0.0371856 -0.256229 
39336 -0.0343556 -0.0978221 
39337 -0.0315922 0.0592847 
39338 -0.0290272 0.215547 
39339 -0.0262775 0.370696 
39340 0.120235 -0.257765 
39341 0.122527 -0.100205 
39342 0.124563 0.0562498 
39343 0.126931 0.211989 
39344 0.129004 0.366614 
39345 0.276461 -0.259323 
39346 0.278109 -0.102504 
39347 0.27999 0.0535995 
39348 0.281644 0.208419 
39349 0.283342 0.362515 
39350 -0.357805 -0.253528 
39351 -0.353818 -0.0947691 
39352 -0.349729 0.0629701 
39353 -0.345848 0.219535 
39354 -0.3418 0.374987 
39355 -0.19839 -0.255419 
39356 -0.195091 -0.0971963 
39357 -0.191542 0.0597791 
39358 -0.18808 0.215802 
39359 -0.184799 0.370524 
39360 -0.0406315 -0.257166 
39361 -0.0375772 -0.0996068 
39362 -0.0347284 0.056549 
39363 -0.0319109 0.211922 
39364 -0.0289597 0.366154 
39365 0.115934 -0.258899 
39366 0.118277 -0.102125 
39367 0.120638 0.0534717 
39368 0.123049 0.208243 
39369 0.12534 0.361694 
39370 0.271287 -0.260646 
39371 0.273003 -0.104594 
39372 0.274738 0.0504683 
39373 0.276522 0.204374 
39374 0.27837 0.357335 
39375 -0.359835 -0.254485 
39376 -0.355562 -0.0964292 
39377 -0.351332 0.0605556 
39378 -0.346872 0.216295 
39379 -0.342749 0.370789 
39380 -0.201164 -0.256389 
39381 -0.197423 -0.0990144 
39382 -0.193803 0.0572201 
39383 -0.190124 0.212258 
39384 -0.186461 0.366033 
39385 -0.0440709 -0.258299 
39386 -0.0409108 -0.101641 
39387 -0.0378522 0.0539775 
39388 -0.0347871 0.208279 
39389 -0.0318278 0.361506 
39390 0.111774 -0.259984 
39391 0.114311 -0.104233 
39392 0.116703 0.0506855 
39393 0.119221 0.204404 
39394 0.121521 0.356706 
39395 0.26617 -0.261867 
39396 0.267964 -0.106513 
39397 0.269858 0.047451 
39398 0.271544 0.200266 
39399 0.273362 0.352136 
39400 -0.361918 -0.255548 
39401 -0.35733 -0.0980501 
39402 -0.352864 0.0581184 
39403 -0.34825 0.212992 
39404 -0.343747 0.366608 
39405 -0.20378 -0.257446 
39406 -0.199962 -0.100702 
39407 -0.196002 0.0547488 
39408 -0.192094 0.208839 
39409 -0.188317 0.361642 
39410 -0.0472482 -0.259389 
39411 -0.0440754 -0.103292 
39412 -0.0409247 0.0512581 
39413 -0.0377296 0.204595 
39414 -0.0346303 0.356634 
39415 0.107575 -0.261214 
39416 0.110345 -0.105989 
39417 0.112752 0.0478758 
39418 0.115296 0.200571 
39419 0.117697 0.351734 
39420 0.261066 -0.262925 
39421 0.262893 -0.10856 
39422 0.26496 0.0445922 
39423 0.266706 0.19638 
39424 0.268528 0.347094 
39425 -0.364036 -0.256667 
39426 -0.359017 -0.0997084 
39427 -0.354297 0.0555955 
39428 -0.349545 0.209785 
39429 -0.344872 0.362447 
39430 -0.206468 -0.258593 
39431 -0.202103 -0.10245 
39432 -0.198247 0.0521226 
39433 -0.194282 0.20524 
39434 -0.190345 0.357007 
39435 -0.0505677 -0.260497 
39436 -0.0473773 -0.105241 
39437 -0.0439258 0.0485341 
39438 -0.0405261 0.201065 
39439 -0.0374465 0.352025 
39440 0.103488 -0.262352 
39441 0.106182 -0.10783 
39442 0.108762 0.0451277 
39443 0.111377 0.196719 
39444 0.113923 0.346952 
39445 0.256076 -0.264223 
39446 0.258019 -0.110624 
39447 0.259859 0.0417358 
39448 0.261745 0.192521 
39449 0.263558 0.3419 
39450 -0.365856 -0.257904 
39451 -0.360788 -0.101496 
39452 -0.355911 0.0532247 
39453 -0.350761 0.206314 
39454 -0.346078 0.358067 
39455 -0.20889 -0.259828 
39456 -0.204607 -0.104312 
39457 -0.200378 0.0495024 
39458 -0.196338 0.201817 
39459 -0.192189 0.352618 
39460 -0.0535654 -0.261486 
39461 -0.050264 -0.106998 
39462 -0.0467965 0.0458246 
39463 -0.0435588 0.197534 
39464 -0.0402161 0.347218 
39465 0.0995423 -0.263313 
39466 0.102298 -0.1098 
39467 0.10486 0.0422835 
39468 0.107493 0.192959 
39469 0.109992 0.342021 
39470 0.251226 -0.265214 
39471 0.253165 -0.112515 
39472 0.255004 0.0387624 
39473 0.256897 0.188646 
39474 0.258674 0.33688 
39475 -0.367673 -0.259098 
39476 -0.362597 -0.103366 
39477 -0.357333 0.0506688 
39478 -0.352271 0.202991 
39479 -0.347302 0.353811 
39480 -0.211367 -0.260936 
39481 -0.207099 -0.106192 
39482 -0.202754 0.0467704 
39483 -0.198545 0.198265 
39484 -0.194188 0.348055 
39485 -0.0569669 -0.262732 
39486 -0.0534745 -0.109005 
39487 -0.0498729 0.0432601 
39488 -0.0466323 0.193799 
39489 -0.0431811 0.3428 
39490 0.0957367 -0.264505 
39491 0.0984262 -0.111701 
39492 0.101023 0.0395273 
39493 0.103758 0.189074 
39494 0.106243 0.337377 
39495 0.246385 -0.266317 
39496 0.248179 -0.114349 
39497 0.250225 0.0359206 
39498 0.252032 0.184796 
39499 0.253788 0.331941 
39500 -0.369659 -0.260406 
39501 -0.364294 -0.105346 
39502 -0.358917 0.0478501 
39503 -0.353521 0.199606 
39504 -0.34839 0.349372 
39505 -0.213831 -0.26216 
39506 -0.20944 -0.108104 
39507 -0.204975 0.0441644 
39508 -0.200579 0.19477 
39509 -0.196332 0.343742 
39510 -0.0600888 -0.263905 
39511 -0.0564405 -0.111012 
39512 -0.0529365 0.0404718 
39513 -0.0494492 0.190199 
39514 -0.0459075 0.338025 
39515 0.0918656 -0.265774 
39516 0.094428 -0.113637 
39517 0.0971444 0.0368255 
39518 0.0996115 0.18545 
39519 0.102262 0.332563 
39520 0.241769 -0.267631 
39521 0.243513 -0.116348 
39522 0.245193 0.0331034 
39523 0.247019 0.180979 
39524 0.248891 0.327214 
39525 -0.371548 -0.261754 
39526 -0.365923 -0.107271 
39527 -0.360495 0.0453936 
39528 -0.355131 0.196063 
39529 -0.349758 0.345071 
39530 -0.216246 -0.263452 
39531 -0.211796 -0.110077 
39532 -0.207172 0.0417408 
39533 -0.202702 0.191254 
39534 -0.198413 0.339211 
39535 -0.0631778 -0.265117 
39536 -0.059459 -0.112672 
39537 -0.0558433 0.0377305 
39538 -0.0523825 0.186567 
39539 -0.0488703 0.333483 
39540 0.0879574 -0.266937 
39541 0.0906539 -0.115403 
39542 0.09324 0.0341274 
39543 0.0958377 0.181917 
39544 0.0984287 0.327871 
39545 0.237051 -0.268593 
39546 0.238684 -0.118173 
39547 0.240483 0.0305803 
39548 0.24215 0.177337 
39549 0.243895 0.322397 
39550 -0.373438 -0.263117 
39551 -0.36769 -0.109186 
39552 -0.362073 0.0427218 
39553 -0.356592 0.192699 
39554 -0.351105 0.340641 
39555 -0.218618 -0.264752 
39556 -0.213894 -0.111935 
39557 -0.209396 0.0388627 
39558 -0.204822 0.187837 
39559 -0.200418 0.334818 
39560 -0.0662621 -0.266447 
39561 -0.0625571 -0.114733 
39562 -0.0588172 0.0351797 
39563 -0.0552951 0.18309 
39564 -0.051945 0.32906 
39565 0.0842283 -0.267942 
39566 0.0868889 -0.117203 
39567 0.0894931 0.0315231 
39568 0.0921339 0.178338 
39569 0.0946476 0.323268 
39570 0.232518 -0.269639 
39571 0.234102 -0.119944 
39572 0.23558 0.0276394 
39573 0.237416 0.173697 
39574 0.238915 0.317785 
