39150 -0.333264 -0.250056 
39151 -0.333301 -0.0834075 
39152 -0.333345 0.0833004 
39153 -0.333405 0.250057 
39154 -0.333347 0.416584 
39155 -0.166727 -0.249947 
39156 -0.16664 -0.0833605 
39157 -0.166703 0.0833297 
39158 -0.166685 0.249882 
39159 -0.166733 0.416612 
39160 1.28064e-05 -0.250017 
39161 2.30259e-05 -0.083325 
39162 3.59345e-05 0.0833274 
39163 -4.45e-05 0.250016 
39164 6.18749e-05 0.416683 
39165 0.166675 -0.250051 
39166 0.166732 -0.083292 
39167 0.166803 0.0832927 
39168 0.166605 0.250003 
39169 0.166751 0.416777 
39170 0.333258 -0.249957 
39171 0.333369 -0.0834133 
39172 0.333261 0.0832996 
39173 0.333316 0.250024 
39174 0.333331 0.416708 
39175 -0.335545 -0.249987 
39176 -0.335146 -0.0841934 
39177 -0.334873 0.0814471 
39178 -0.334448 0.247288 
39179 -0.333956 0.412948 
39180 -0.169584 -0.250416 
39181 -0.169415 -0.0843068 
39182 -0.168902 0.0813706 
39183 -0.168594 0.246883 
39184 -0.168349 0.412422 
39185 -0.00393214 -0.250644 
39186 -0.00354846 -0.0846987 
39187 -0.00303808 0.080895 
39188 -0.00289604 0.246515 
39189 -0.00277469 0.411924 
39190 0.161866 -0.250739 
39191 0.162031 -0.0849753 
39192 0.162288 0.0806097 
39193 0.162671 0.246063 
39194 0.162848 0.411517 
39195 0.327426 -0.250949 
39196 0.327513 -0.0853382 
39197 0.327757 0.0802718 
39198 0.328054 0.245673 
39199 0.328049 0.410996 
39200 -0.337822 -0.250389 
39201 -0.337137 -0.0852784 
39202 -0.336423 0.0798499 
39203 -0.335523 0.244403 
39204 -0.334577 0.409131 
39205 -0.172724 -0.250874 
39206 -0.172002 -0.0857243 
39207 -0.17115 0.0791917 
39208 -0.170423 0.243776 
39209 -0.1699 0.408008 
39210 -0.00764312 -0.251133 
39211 -0.00708918 -0.0861874 
39212 -0.00648381 0.0784824 
39213 -0.00582781 0.242902 
39214 -0.00534238 0.407189 
39215 0.156933 -0.251485 
39216 0.157685 -0.0866741 
39217 0.158066 0.0777495 
39218 0.158395 0.241996 
39219 0.158999 0.406295 
39220 0.321396 -0.251823 
39221 0.321914 -0.0872421 
39222 0.322161 0.077184 
39223 0.32255 0.241219 
39224 0.323009 0.405149 
39225 -0.340159 -0.250645 
39226 -0.338839 -0.0862562 
39227 -0.337773 0.0776814 
39228 -0.336583 0.241583 
39229 -0.33546 0.404989 
39230 -0.175491 -0.251244 
39231 -0.174605 -0.0870449 
39232 -0.173597 0.0769685 
39233 -0.17256 0.240556 
39234 -0.171423 0.403784 
39235 -0.0113914 -0.251792 
39236 -0.0105881 -0.0877708 
39237 -0.00968834 0.075979 
39238 -0.00874548 0.239349 
39239 -0.00782727 0.402425 
39240 0.152286 -0.252398 
39241 0.153015 -0.088565 
39242 0.153823 0.0750037 
39243 0.154476 0.238098 
39244 0.155115 0.401106 
39245 0.315536 -0.252798 
39246 0.316218 -0.0893672 
39247 0.316649 0.0738702 
39248 0.317286 0.236915 
39249 0.317942 0.399575 
39250 -0.342364 -0.251024 
39251 -0.340816 -0.087445 
39252 -0.339189 0.0759366 
39253 -0.337626 0.238579 
39254 -0.336105 0.401147 
39255 -0.1785 -0.251934 
39256 -0.177148 -0.0883928 
39257 -0.175843 0.0745717 
39258 -0.174484 0.237211 
39259 -0.173094 0.399379 
39260 -0.0151566 -0.25267 
39261 -0.0141013 -0.0893301 
39262 -0.0128411 0.0733218 
39263 -0.011762 0.235667 
39264 -0.0105319 0.397498 
39265 0.147575 -0.253238 
39266 0.148488 -0.0904042 
39267 0.149502 0.0721014 
39268 0.150391 0.234124 
39269 0.151279 0.395736 
39270 0.30995 -0.253912 
39271 0.310618 -0.0913802 
39272 0.311267 0.0707966 
39273 0.311971 0.232591 
39274 0.312723 0.394068 
39275 -0.344502 -0.251812 
39276 -0.342607 -0.0886432 
39277 -0.340762 0.0736891 
39278 -0.338838 0.235651 
39279 -0.336935 0.39701 
39280 -0.181406 -0.2525 
39281 -0.179758 -0.0898855 
39282 -0.178204 0.0721504 
39283 -0.176431 0.233843 
39284 -0.17485 0.394919 
39285 -0.018774 -0.253323 
39286 -0.0174632 -0.0910177 
39287 -0.0160247 0.0707352 
39288 -0.0147098 0.231945 
39289 -0.0133005 0.392662 
39290 0.143213 -0.254235 
39291 0.144024 -0.0921862 
39292 0.145305 0.0691679 
39293 0.146242 0.230116 
39294 0.147378 0.390494 
39295 0.304149 -0.25508 
39296 0.305214 -0.0933486 
39297 0.305953 0.0677316 
39298 0.306564 0.228373 
39299 0.307509 0.388197 
39300 -0.346612 -0.252342 
39301 -0.344359 -0.0900185 
39302 -0.342069 0.0716387 
39303 -0.339955 0.232462 
39304 -0.337753 0.392686 
39305 -0.183933 -0.253412 
39306 -0.182296 -0.0914278 
39307 -0.180336 0.0698161 
39308 -0.178361 0.230425 
39309 -0.176471 0.390312 
39310 -0.0223483 -0.254262 
39311 -0.020761 -0.0928916 
39312 -0.019246 0.0680013 
39313 -0.0176588 0.228162 
39314 -0.0159588 0.387711 
39315 0.138719 -0.255259 
39316 0.139715 -0.0942123 
39317 0.141094 0.0663459 
39318 0.142412 0.226161 
39319 0.143456 0.385283 
39320 0.298759 -0.256084 
39321 0.299799 -0.0954453 
39322 0.3006 0.0646585 
39323 0.301574 0.224051 
39324 0.302379 0.382884 
39325 -0.348862 -0.253163 
39326 -0.346148 -0.0915979 
39327 -0.343649 0.0692528 
39328 -0.341144 0.229306 
39329 -0.338566 0.388513 
39330 -0.186933 -0.25425 
39331 -0.184785 -0.0930193 
39332 -0.182503 0.0672858 
39333 -0.180391 0.226875 
39334 -0.178252 0.385708 
39335 -0.0259955 -0.255144 
39336 -0.0242162 -0.0945871 
39337 -0.0224095 0.0653636 
39338 -0.0207944 0.224521 
39339 -0.0188222 0.382978 
39340 0.134193 -0.256201 
39341 0.135603 -0.0961159 
39342 0.136886 0.063356 
39343 0.138304 0.222073 
39344 0.139657 0.380219 
39345 0.293197 -0.257396 
39346 0.294354 -0.0975963 
39347 0.295325 0.061487 
39348 0.296396 0.219741 
39349 0.297305 0.37723 
39350 -0.350868 -0.254083 
39351 -0.348046 -0.0931224 
39352 -0.345222 0.066822 
39353 -0.342267 0.226142 
39354 -0.339464 0.384289 
39355 -0.189567 -0.255114 
39356 -0.187298 -0.0947643 
39357 -0.184649 0.0646452 
39358 -0.182427 0.223403 
39359 -0.180082 0.381173 
39360 -0.0294621 -0.256196 
39361 -0.0274842 -0.0961912 
39362 -0.0254667 0.0626724 
39363 -0.0235081 0.220943 
39364 -0.0216465 0.378048 
39365 0.12983 -0.257353 
39366 0.131323 -0.0980564 
39367 0.132772 0.0604651 
39368 0.134355 0.218121 
39369 0.135811 0.374978 
39370 0.287951 -0.258458 
39371 0.289018 -0.0995821 
39372 0.290131 0.0585887 
39373 0.291251 0.215617 
39374 0.292341 0.371843 
39375 -0.352838 -0.255099 
39376 -0.34982 -0.0947225 
39377 -0.346715 0.0645487 
39378 -0.34363 0.222644 
39379 -0.340536 0.38004 
39380 -0.192239 -0.256265 
39381 -0.189653 -0.0964745 
39382 -0.187022 0.0622378 
39383 -0.184424 0.219948 
39384 -0.181872 0.376622 
39385 -0.0326997 -0.257396 
39386 -0.0307633 -0.0981623 
39387 -0.0286098 0.059838 
39388 -0.0265039 0.216892 
39389 -0.0242796 0.373134 
39390 0.125512 -0.258541 
39391 0.127078 -0.100073 
39392 0.12877 0.0574725 
39393 0.130258 0.214228 
39394 0.13203 0.369792 
39395 0.282757 -0.259642 
39396 0.283797 -0.101757 
39397 0.284986 0.055318 
39398 0.286178 0.211224 
39399 0.287199 0.366438 
39400 -0.354927 -0.255847 
39401 -0.351649 -0.0964136 
39402 -0.348189 0.0620163 
39403 -0.34478 0.219356 
39404 -0.341496 0.375792 
39405 -0.194972 -0.257233 
39406 -0.19232 -0.098345 
39407 -0.189235 0.0597336 
39408 -0.186463 0.216395 
39409 -0.183693 0.371947 
39410 -0.0362024 -0.258445 
39411 -0.0339151 -0.100139 
39412 -0.0316074 0.0570532 
39413 -0.0294963 0.2132 
39414 -0.0272009 0.368453 
39415 0.121204 -0.259586 
39416 0.122972 -0.101909 
39417 0.124719 0.0545824 
39418 0.126385 0.210167 
39419 0.128194 0.364629 
39420 0.277613 -0.260843 
39421 0.278827 -0.103753 
39422 0.279847 0.0522221 
39423 0.280943 0.207294 
39424 0.282067 0.361061 
39425 -0.356933 -0.257058 
39426 -0.35331 -0.098151 
39427 -0.349536 0.0596139 
39428 -0.34607 0.215994 
39429 -0.342593 0.371159 
39430 -0.197588 -0.258357 
39431 -0.194537 -0.0999718 
39432 -0.19153 0.0569212 
39433 -0.188541 0.212635 
39434 -0.185676 0.367314 
39435 -0.0396129 -0.259579 
39436 -0.0370419 -0.101895 
39437 -0.0347387 0.054292 
39438 -0.0324088 0.209569 
39439 -0.0301433 0.363446 
39440 0.117036 -0.260769 
39441 0.119016 -0.103888 
39442 0.12067 0.05183 
39443 0.122212 0.206368 
39444 0.124115 0.359627 
39445 0.272449 -0.261971 
39446 0.273531 -0.105832 
39447 0.274767 0.0492942 
39448 0.275918 0.203074 
39449 0.277012 0.355643 
39450 -0.35883 -0.258221 
39451 -0.354993 -0.100015 
39452 -0.351144 0.0569179 
39453 -0.347475 0.212628 
39454 -0.343632 0.366747 
39455 -0.200134 -0.259493 
39456 -0.196895 -0.101974 
39457 -0.193689 0.0543427 
39458 -0.19057 0.209189 
39459 -0.187638 0.362839 
39460 -0.0426809 -0.260759 
39461 -0.0402925 -0.103901 
39462 -0.037808 0.0515459 
39463 -0.0353569 0.205686 
39464 -0.0329997 0.358662 
39465 0.112939 -0.262059 
39466 0.11488 -0.105654 
39467 0.116639 0.0488983 
39468 0.118426 0.202369 
39469 0.120287 0.354667 
39470 0.267419 -0.263071 
39471 0.268614 -0.10776 
39472 0.269753 0.046291 
39473 0.270856 0.199055 
39474 0.271937 0.350559 
39475 -0.360792 -0.259416 
39476 -0.356913 -0.101851 
39477 -0.352718 0.0542606 
39478 -0.348623 0.209079 
39479 -0.344728 0.362343 
39480 -0.202554 -0.260824 
39481 -0.199248 -0.103801 
39482 -0.195954 0.0514792 
39483 -0.192681 0.205519 
39484 -0.189619 0.358111 
39485 -0.0460113 -0.26193 
39486 -0.0434058 -0.105815 
39487 -0.0408461 0.0487814 
39488 -0.0383131 0.20196 
39489 -0.0358648 0.353896 
39490 0.108979 -0.263119 
39491 0.110809 -0.107794 
39492 0.112653 0.0459748 
39493 0.114394 0.198598 
39494 0.116421 0.349644 
39495 0.262529 -0.264275 
39496 0.263724 -0.109732 
39497 0.264915 0.0433081 
39498 0.265772 0.195027 
39499 0.266951 0.34558 
39500 -0.362741 -0.260717 
39501 -0.358436 -0.103835 
39502 -0.354329 0.0517611 
39503 -0.350079 0.205508 
39504 -0.345925 0.357874 
39505 -0.205084 -0.26204 
39506 -0.201734 -0.105742 
39507 -0.19831 0.0489013 
39508 -0.195006 0.201953 
39509 -0.191532 0.353572 
39510 -0.0492703 -0.263176 
39511 -0.0464629 -0.107809 
39512 -0.0439668 0.0461257 
39513 -0.0414406 0.198393 
39514 -0.0387633 0.349138 
39515 0.10497 -0.264176 
39516 0.106883 -0.109621 
39517 0.10875 0.0433071 
39518 0.110416 0.194618 
39519 0.112338 0.344751 
39520 0.257644 -0.265325 
39521 0.258775 -0.111688 
39522 0.259825 0.0404748 
39523 0.26073 0.19113 
39524 0.261818 0.340456 
39525 -0.364516 -0.262116 
39526 -0.359996 -0.105722 
39527 -0.355805 0.048923 
39528 -0.351349 0.202283 
39529 -0.347152 0.353427 
39530 -0.207515 -0.263243 
39531 -0.203893 -0.107861 
39532 -0.200454 0.0461905 
39533 -0.197002 0.198311 
39534 -0.193575 0.348996 
39535 -0.0523033 -0.264234 
39536 -0.049637 -0.109665 
39537 -0.0469965 0.0432264 
39538 -0.0443912 0.194737 
39539 -0.0417404 0.344427 
39540 0.101157 -0.265451 
39541 0.102993 -0.111653 
39542 0.104788 0.0403687 
39543 0.106686 0.190993 
39544 0.108363 0.339876 
39545 0.252867 -0.266426 
39546 0.253743 -0.113489 
39547 0.254731 0.0377536 
39548 0.255868 0.187471 
39549 0.256879 0.335587 
39550 -0.366414 -0.263559 
39551 -0.361903 -0.107759 
39552 -0.357442 0.0464164 
39553 -0.352943 0.198506 
39554 -0.348539 0.349076 
39555 -0.209939 -0.264586 
39556 -0.206273 -0.109674 
39557 -0.202733 0.0432942 
39558 -0.199236 0.19474 
39559 -0.19565 0.344414 
39560 -0.0553689 -0.265507 
39561 -0.0528059 -0.111708 
39562 -0.0499306 0.0406006 
39563 -0.0473352 0.190927 
39564 -0.0447095 0.339726 
39565 0.0973946 -0.266625 
39566 0.0990443 -0.113466 
39567 0.100914 0.037689 
39568 0.102659 0.187306 
39569 0.104477 0.335203 
39570 0.248155 -0.267307 
39571 0.248998 -0.115439 
39572 0.250044 0.0349924 
39573 0.25094 0.183509 
39574 0.251898 0.330679 
39575 -0.36816 -0.264992 
39576 -0.363527 -0.109686 
39577 -0.358964 0.0436458 
39578 -0.354497 0.195046 
39579 -0.34995 0.34466 
39580 -0.212271 -0.265902 
39581 -0.20858 -0.1116 
39582 -0.204937 0.0406564 
39583 -0.201248 0.191198 
39584 -0.197793 0.339919 
39585 -0.0583614 -0.266766 
39586 -0.0555857 -0.113599 
39587 -0.0529443 0.0379896 
39588 -0.0503682 0.18747 
39589 -0.0477999 0.335196 
39590 0.0935433 -0.267516 
39591 0.0953703 -0.115377 
39592 0.0970218 0.0350199 
39593 0.0987159 0.183701 
39594 0.100508 0.330568 
39595 0.243529 -0.268434 
39596 0.244375 -0.117346 
39597 0.245215 0.0322452 
39598 0.24609 0.180004 
39599 0.246789 0.325852 
39600 -0.36998 -0.266383 
39601 -0.365215 -0.111742 
39602 -0.360388 0.0408254 
39603 -0.355974 0.191491 
39604 -0.351333 0.340194 
39605 -0.214557 -0.267216 
39606 -0.210846 -0.113643 
39607 -0.207192 0.0379331 
39608 -0.203675 0.187632 
39609 -0.200159 0.335315 
39610 -0.061322 -0.267974 
39611 -0.058648 -0.115306 
39612 -0.0561024 0.0350399 
39613 -0.0533857 0.183915 
39614 -0.0509302 0.330759 
39615 0.0900147 -0.268719 
39616 0.0915271 -0.117173 
39617 0.0931871 0.0323558 
39618 0.0947672 0.180127 
39619 0.0965194 0.325832 
39620 0.239044 -0.269457 
39621 0.239742 -0.118983 
39622 0.240421 0.029735 
39623 0.241161 0.17636 
39624 0.241831 0.321291 
39625 -0.371641 -0.267845 
39626 -0.367028 -0.113948 
39627 -0.362186 0.0380828 
39628 -0.357207 0.187948 
39629 -0.352863 0.335817 
39630 -0.21685 -0.26851 
39631 -0.213113 -0.115653 
39632 -0.20945 0.03531 
39633 -0.205809 0.184034 
39634 -0.202159 0.330862 
39635 -0.0642219 -0.269254 
39636 -0.0615857 -0.117297 
39637 -0.0590072 0.0325504 
39638 -0.0563999 0.18038 
39639 -0.0539198 0.32617 
39640 0.0860275 -0.269735 
39641 0.0878972 -0.119002 
39642 0.0892948 0.0298787 
39643 0.0909014 0.176603 
39644 0.0924956 0.321447 
39645 0.234456 -0.270319 
39646 0.235125 -0.120647 
39647 0.235708 0.0271357 
39648 0.236196 0.172878 
39649 0.236884 0.316825 
