39400 -0.33343 -0.250119 
39401 -0.333388 -0.0833272 
39402 -0.333296 0.0833452 
39403 -0.333177 0.250028 
39404 -0.333345 0.416736 
39405 -0.16674 -0.250034 
39406 -0.166654 -0.0833626 
39407 -0.166731 0.0834066 
39408 -0.16678 0.250044 
39409 -0.166681 0.416605 
39410 -4.68666e-05 -0.249904 
39411 -2.2648e-07 -0.083328 
39412 -9.78258e-06 0.0832278 
39413 -8.31289e-05 0.250016 
39414 -3.49383e-05 0.416752 
39415 0.166619 -0.249967 
39416 0.166598 -0.0832324 
39417 0.166739 0.0831931 
39418 0.166607 0.250007 
39419 0.166641 0.416635 
39420 0.333405 -0.250036 
39421 0.333289 -0.08335 
39422 0.333319 0.0834818 
39423 0.333253 0.250018 
39424 0.333278 0.416636 
39425 -0.335213 -0.251114 
39426 -0.335021 -0.0853163 
39427 -0.334706 0.0806003 
39428 -0.33462 0.246316 
39429 -0.334254 0.411782 
39430 -0.169302 -0.251066 
39431 -0.169209 -0.0852775 
39432 -0.169061 0.0803683 
39433 -0.168756 0.246158 
39434 -0.168553 0.4115 
39435 -0.00349404 -0.251137 
39436 -0.00342 -0.0853159 
39437 -0.00331419 0.0803173 
39438 -0.00312469 0.245838 
39439 -0.00300809 0.411225 
39440 0.162126 -0.250989 
39441 0.162211 -0.0853919 
39442 0.162369 0.0801413 
39443 0.162336 0.245578 
39444 0.162514 0.410833 
39445 0.327743 -0.251109 
39446 0.327756 -0.085525 
39447 0.327661 0.0799436 
39448 0.327721 0.24548 
39449 0.327691 0.410673 
39450 -0.337181 -0.252148 
39451 -0.336734 -0.0871495 
39452 -0.336158 0.0780067 
39453 -0.335831 0.24252 
39454 -0.335355 0.406945 
39455 -0.172038 -0.252447 
39456 -0.171655 -0.0871936 
39457 -0.171257 0.0775789 
39458 -0.170775 0.242008 
39459 -0.170531 0.4063 
39460 -0.00691394 -0.252184 
39461 -0.00682427 -0.0873982 
39462 -0.00657201 0.0772772 
39463 -0.00627716 0.241635 
39464 -0.00602662 0.405695 
39465 0.157661 -0.252315 
39466 0.157843 -0.0876498 
39467 0.158008 0.076959 
39468 0.158076 0.241216 
39469 0.158046 0.40511 
39470 0.32223 -0.252313 
39471 0.322131 -0.0876768 
39472 0.3223 0.0767281 
39473 0.322191 0.240842 
39474 0.32193 0.404762 
39475 -0.339132 -0.253431 
39476 -0.338481 -0.089045 
39477 -0.337744 0.0749463 
39478 -0.336947 0.238842 
39479 -0.336361 0.402092 
39480 -0.17468 -0.253526 
39481 -0.174071 -0.0892264 
39482 -0.17351 0.0747032 
39483 -0.173093 0.238113 
39484 -0.172507 0.40119 
39485 -0.0103515 -0.253533 
39486 -0.00998981 -0.089367 
39487 -0.00970676 0.0742396 
39488 -0.00945783 0.237551 
39489 -0.00918426 0.400298 
39490 0.153406 -0.253538 
39491 0.153556 -0.089552 
39492 0.153647 0.073902 
39493 0.153719 0.23687 
39494 0.153738 0.399548 
39495 0.316713 -0.25352 
39496 0.31669 -0.089737 
39497 0.316594 0.0733617 
39498 0.316447 0.236421 
39499 0.316384 0.39881 
39500 -0.340998 -0.254677 
39501 -0.340294 -0.0910766 
39502 -0.339082 0.0723963 
39503 -0.338311 0.234965 
39504 -0.337404 0.397166 
39505 -0.177125 -0.254826 
39506 -0.176529 -0.0912931 
39507 -0.17581 0.0718526 
39508 -0.175243 0.234202 
39509 -0.174514 0.396064 
39510 -0.0137121 -0.254765 
39511 -0.0132613 -0.09161 
39512 -0.0129663 0.0711843 
39513 -0.0125642 0.233409 
39514 -0.0122412 0.394998 
39515 0.149143 -0.254628 
39516 0.149147 -0.0916595 
39517 0.149358 0.0708063 
39518 0.149382 0.232656 
39519 0.149439 0.394069 
39520 0.311541 -0.254562 
39521 0.311401 -0.0918768 
39522 0.311274 0.0702057 
39523 0.310919 0.231934 
39524 0.310783 0.39318 
39525 -0.342802 -0.256131 
39526 -0.341801 -0.0932247 
39527 -0.340742 0.0693044 
39528 -0.339632 0.23124 
39529 -0.338584 0.392232 
39530 -0.179697 -0.25604 
39531 -0.178992 -0.0933247 
39532 -0.178136 0.0688621 
39533 -0.177346 0.23014 
39534 -0.176602 0.391123 
39535 -0.0170504 -0.255769 
39536 -0.0166456 -0.0936064 
39537 -0.0162201 0.0682089 
39538 -0.0158114 0.22933 
39539 -0.015399 0.389686 
39540 0.144967 -0.255771 
39541 0.144909 -0.093721 
39542 0.145078 0.0678278 
39543 0.145129 0.22844 
39544 0.145299 0.388562 
39545 0.306353 -0.255762 
39546 0.305975 -0.094009 
39547 0.305719 0.0672549 
39548 0.305566 0.227597 
39549 0.305231 0.387299 
39550 -0.344664 -0.257669 
39551 -0.343529 -0.0950863 
39552 -0.342258 0.0665451 
39553 -0.341021 0.227272 
39554 -0.339742 0.387287 
39555 -0.182166 -0.257417 
39556 -0.181201 -0.0954237 
39557 -0.18053 0.0658391 
39558 -0.179587 0.226461 
39559 -0.178644 0.38591 
39560 -0.0203026 -0.257159 
39561 -0.0199329 -0.0955015 
39562 -0.0194456 0.0652046 
39563 -0.0190302 0.225244 
39564 -0.0184757 0.384609 
39565 0.140654 -0.256902 
39566 0.140725 -0.0957048 
39567 0.141001 0.064799 
39568 0.141005 0.224475 
39569 0.140926 0.383306 
39570 0.301102 -0.256851 
39571 0.300534 -0.0959928 
39572 0.300266 0.0640796 
39573 0.299971 0.223406 
39574 0.299733 0.381849 
39575 -0.346432 -0.258902 
39576 -0.345113 -0.0972428 
39577 -0.343602 0.0635809 
39578 -0.342341 0.223323 
39579 -0.340996 0.382302 
39580 -0.184572 -0.25863 
39581 -0.183655 -0.0975094 
39582 -0.182663 0.0629181 
39583 -0.181847 0.222318 
39584 -0.180967 0.380912 
39585 -0.0234287 -0.258227 
39586 -0.0230622 -0.0975119 
39587 -0.0225257 0.0624015 
39588 -0.0221078 0.221308 
39589 -0.0216027 0.379397 
39590 0.136818 -0.258051 
39591 0.136701 -0.0975531 
39592 0.136662 0.061824 
39593 0.136562 0.22037 
39594 0.136736 0.377936 
39595 0.29596 -0.257794 
39596 0.295552 -0.0979442 
39597 0.295013 0.0612213 
39598 0.294627 0.219175 
39599 0.294078 0.376566 
39600 -0.348282 -0.260406 
39601 -0.346796 -0.0994353 
39602 -0.345186 0.0605301 
39603 -0.34362 0.219639 
39604 -0.342297 0.37755 
39605 -0.186952 -0.260102 
39606 -0.185823 -0.0994674 
39607 -0.184986 0.0600069 
39608 -0.184026 0.21847 
39609 -0.183146 0.375971 
39610 -0.0264898 -0.259526 
39611 -0.0261195 -0.0994629 
39612 -0.0257651 0.059548 
39613 -0.025242 0.217317 
39614 -0.0248772 0.374425 
39615 0.132768 -0.259193 
39616 0.132688 -0.0995749 
39617 0.132548 0.0588283 
39618 0.132262 0.21621 
39619 0.132214 0.372671 
39620 0.291087 -0.258611 
39621 0.290385 -0.0996569 
39622 0.2899 0.0582196 
39623 0.289261 0.21531 
39624 0.288545 0.371178 
39625 -0.349918 -0.261979 
39626 -0.348337 -0.101456 
39627 -0.346802 0.0577952 
39628 -0.345315 0.215779 
39629 -0.343687 0.372603 
39630 -0.189206 -0.261307 
39631 -0.188234 -0.101437 
39632 -0.187141 0.0570551 
39633 -0.186225 0.214527 
39634 -0.185371 0.371069 
39635 -0.0296604 -0.260834 
39636 -0.0294126 -0.101423 
39637 -0.0287888 0.0566352 
39638 -0.0284111 0.21358 
39639 -0.0281057 0.36922 
39640 0.12878 -0.260212 
39641 0.128661 -0.101498 
39642 0.128419 0.056168 
39643 0.128253 0.212363 
39644 0.128079 0.367688 
39645 0.286268 -0.259565 
39646 0.285219 -0.101529 
39647 0.284709 0.0555092 
39648 0.283822 0.211372 
39649 0.283096 0.365991 
39650 -0.351571 -0.263429 
39651 -0.349889 -0.103589 
39652 -0.348391 0.0548146 
39653 -0.346669 0.2119 
39654 -0.345065 0.367785 
39655 -0.191602 -0.262626 
39656 -0.19043 -0.103588 
39657 -0.189538 0.0541899 
39658 -0.18851 0.210823 
39659 -0.187726 0.366123 
39660 -0.0326528 -0.261853 
39661 -0.032322 -0.103342 
39662 -0.0320415 0.0537371 
39663 -0.0316711 0.209591 
39664 -0.031428 0.364447 
39665 0.124986 -0.261165 
39666 0.12475 -0.103412 
39667 0.12422 0.0533673 
39668 0.123963 0.208526 
39669 0.123704 0.362643 
39670 0.28126 -0.260418 
39671 0.280283 -0.103122 
39672 0.279301 0.0528718 
39673 0.278345 0.207416 
39674 0.277659 0.360989 
39675 -0.353259 -0.264923 
39676 -0.351459 -0.10568 
39677 -0.349795 0.0518867 
39678 -0.348138 0.208165 
39679 -0.346566 0.362975 
39680 -0.193836 -0.263986 
39681 -0.192759 -0.10567 
39682 -0.191718 0.0515092 
39683 -0.190771 0.207059 
39684 -0.189876 0.361242 
39685 -0.035705 -0.263031 
39686 -0.0353958 -0.105355 
39687 -0.0350585 0.0509866 
39688 -0.0349688 0.205979 
39689 -0.0347309 0.359578 
39690 0.121105 -0.262065 
39691 0.120656 -0.105074 
39692 0.120167 0.050556 
39693 0.119783 0.20493 
39694 0.11937 0.357749 
39695 0.276586 -0.261163 
39696 0.275455 -0.10479 
39697 0.274297 0.0501998 
39698 0.273138 0.20386 
39699 0.272044 0.356089 
39700 -0.354933 -0.266328 
39701 -0.353151 -0.107933 
39702 -0.351349 0.048998 
39703 -0.349663 0.204471 
39704 -0.348104 0.358302 
39705 -0.195963 -0.265406 
39706 -0.194848 -0.107577 
39707 -0.19421 0.0486362 
39708 -0.193209 0.20342 
39709 -0.192254 0.356545 
39710 -0.0386009 -0.264136 
39711 -0.0384618 -0.107141 
39712 -0.038258 0.0483748 
39713 -0.0380783 0.202328 
39714 -0.0380333 0.354793 
39715 0.117402 -0.263064 
39716 0.116746 -0.106873 
39717 0.116167 0.0479506 
39718 0.115635 0.201272 
39719 0.114966 0.353102 
39720 0.271805 -0.261941 
39721 0.27041 -0.106343 
39722 0.26909 0.0475499 
39723 0.267894 0.200161 
39724 0.266578 0.351334 
39725 -0.356362 -0.26789 
39726 -0.354707 -0.11006 
39727 -0.35303 0.0461316 
39728 -0.351358 0.20069 
39729 -0.349651 0.353592 
39730 -0.198153 -0.266639 
39731 -0.197266 -0.109441 
39732 -0.196277 0.0459668 
39733 -0.195562 0.199605 
39734 -0.194708 0.35193 
39735 -0.0414401 -0.265256 
39736 -0.0414361 -0.10903 
39737 -0.0413359 0.0456209 
39738 -0.0413768 0.198756 
39739 -0.0412303 0.350119 
39740 0.113658 -0.263884 
39741 0.112883 -0.108325 
39742 0.112128 0.0453544 
39743 0.111464 0.197831 
39744 0.110675 0.348401 
39745 0.267283 -0.262636 
39746 0.265637 -0.10795 
39747 0.264105 0.0451457 
39748 0.262507 0.196827 
39749 0.261096 0.346735 
39750 -0.357929 -0.269485 
39751 -0.356384 -0.112094 
39752 -0.35456 0.0434076 
39753 -0.352833 0.197101 
39754 -0.351372 0.349087 
39755 -0.200283 -0.267817 
39756 -0.199386 -0.111438 
39757 -0.198624 0.0432246 
39758 -0.197686 0.196046 
39759 -0.19711 0.34724 
39760 -0.0443661 -0.266254 
39761 -0.0443912 -0.110681 
39762 -0.0443617 0.0430684 
39763 -0.0444744 0.195237 
39764 -0.0445309 0.345586 
39765 0.110019 -0.264697 
39766 0.108996 -0.109991 
39767 0.108122 0.0429855 
39768 0.107275 0.194374 
39769 0.106386 0.344006 
39770 0.262637 -0.263143 
39771 0.260864 -0.109147 
39772 0.259258 0.0428731 
39773 0.257423 0.193324 
39774 0.255855 0.342131 
39775 -0.359403 -0.270922 
39776 -0.357631 -0.114215 
39777 -0.356059 0.0403148 
39778 -0.354602 0.193274 
39779 -0.352965 0.344457 
39780 -0.202291 -0.269083 
39781 -0.201701 -0.113287 
39782 -0.200904 0.0404798 
39783 -0.200214 0.19268 
39784 -0.199712 0.342854 
39785 -0.0471526 -0.267037 
39786 -0.0470987 -0.11251 
39787 -0.0474708 0.0404784 
39788 -0.0476479 0.191695 
39789 -0.0479638 0.341075 
39790 0.106464 -0.265439 
39791 0.105314 -0.111389 
39792 0.104287 0.0405447 
39793 0.103125 0.190826 
39794 0.102099 0.339419 
39795 0.258035 -0.263609 
39796 0.256177 -0.11062 
39797 0.254129 0.0406083 
39798 0.252312 0.190029 
39799 0.250369 0.337714 
39800 -0.360824 -0.272399 
39801 -0.359383 -0.116276 
39802 -0.357693 0.0376275 
39803 -0.356186 0.189766 
39804 -0.354671 0.339996 
39805 -0.204337 -0.2702 
39806 -0.20371 -0.115241 
39807 -0.203091 0.0379165 
39808 -0.202571 0.189078 
39809 -0.202093 0.338456 
39810 -0.0498685 -0.268196 
39811 -0.0503505 -0.114149 
39812 -0.0505222 0.0381038 
39813 -0.0509028 0.1883 
39814 -0.0512211 0.336739 
39815 0.10279 -0.265947 
39816 0.101542 -0.112853 
39817 0.100301 0.0383406 
39818 0.0990073 0.187565 
39819 0.097777 0.335098 
39820 0.253606 -0.264107 
39821 0.251489 -0.111844 
39822 0.249273 0.0385905 
39823 0.247246 0.186839 
39824 0.244939 0.333596 
39825 -0.362457 -0.273793 
39826 -0.360854 -0.118363 
39827 -0.359326 0.0350986 
39828 -0.357896 0.186256 
39829 -0.356391 0.335668 
39830 -0.206335 -0.271288 
39831 -0.205878 -0.117013 
39832 -0.205561 0.035348 
39833 -0.205093 0.185623 
39834 -0.204824 0.333998 
39835 -0.0525508 -0.268902 
39836 -0.0530802 -0.115638 
39837 -0.053667 0.0356019 
39838 -0.0541153 0.185076 
39839 -0.0547019 0.332617 
39840 0.0993099 -0.266582 
39841 0.0978882 -0.114361 
39842 0.0963579 0.0360996 
39843 0.0948426 0.184477 
39844 0.0933695 0.331047 
39845 0.249492 -0.264253 
39846 0.246995 -0.112948 
39847 0.244557 0.0364293 
39848 0.241887 0.183876 
39849 0.239538 0.329603 
39850 -0.36386 -0.275122 
39851 -0.362409 -0.120265 
39852 -0.360969 0.0322596 
39853 -0.359657 0.182753 
39854 -0.358408 0.33131 
39855 -0.208388 -0.272505 
39856 -0.207952 -0.118839 
39857 -0.207793 0.0326741 
39858 -0.207581 0.182334 
39859 -0.207288 0.329975 
39860 -0.0551286 -0.269714 
39861 -0.0559694 -0.117139 
39862 -0.0567686 0.0333735 
39863 -0.0574535 0.181923 
39864 -0.0580769 0.328317 
39865 0.0959413 -0.267038 
39866 0.094217 -0.115568 
39867 0.0924353 0.0339473 
39868 0.0906962 0.18139 
39869 0.0891066 0.327086 
39870 0.245064 -0.264529 
39871 0.242317 -0.114051 
39872 0.239465 0.0345555 
39873 0.236878 0.181012 
39874 0.234333 0.325619 
39875 -0.365195 -0.276358 
39876 -0.363942 -0.122342 
39877 -0.362684 0.0295544 
39878 -0.361488 0.179329 
39879 -0.360309 0.327027 
39880 -0.210253 -0.273526 
39881 -0.210264 -0.120325 
39882 -0.210051 0.0302447 
39883 -0.210033 0.179042 
39884 -0.209867 0.325734 
39885 -0.0578872 -0.270455 
39886 -0.058727 -0.118534 
39887 -0.0597395 0.0312369 
39888 -0.0606367 0.178915 
39889 -0.0615569 0.324464 
39890 0.0925779 -0.267505 
39891 0.0905524 -0.116747 
39892 0.088513 0.0319735 
39893 0.086773 0.178493 
39894 0.0847121 0.323177 
39895 0.240702 -0.264632 
39896 0.237763 -0.114982 
39897 0.234794 0.0326881 
39898 0.231855 0.178314 
39899 0.228823 0.321876 
