39675 -0.333261 -0.250083 
39676 -0.333335 -0.0833995 
39677 -0.333211 0.0833059 
39678 -0.333275 0.24993 
39679 -0.333462 0.416747 
39680 -0.166704 -0.250038 
39681 -0.166692 -0.0832668 
39682 -0.16663 0.0833398 
39683 -0.166722 0.250035 
39684 -0.166708 0.41653 
39685 -6.06734e-05 -0.249961 
39686 8.82909e-05 -0.0832815 
39687 2.97076e-05 0.0831988 
39688 2.18965e-05 0.250107 
39689 -4.5581e-05 0.416555 
39690 0.166755 -0.249879 
39691 0.166672 -0.0834027 
39692 0.166669 0.083445 
39693 0.16662 0.249929 
39694 0.166613 0.416698 
39695 0.333333 -0.25011 
39696 0.33335 -0.0833238 
39697 0.33329 0.0831661 
39698 0.333346 0.250035 
39699 0.333402 0.416697 
39700 -0.334832 -0.251604 
39701 -0.334796 -0.0855379 
39702 -0.334903 0.0802877 
39703 -0.334819 0.245835 
39704 -0.334783 0.411415 
39705 -0.1689 -0.251323 
39706 -0.169023 -0.0854994 
39707 -0.169139 0.0803967 
39708 -0.169072 0.245858 
39709 -0.169118 0.411383 
39710 -0.00311354 -0.251054 
39711 -0.00331432 -0.0852113 
39712 -0.00332816 0.0803626 
39713 -0.00350439 0.24592 
39714 -0.0036702 0.411365 
39715 0.162458 -0.250826 
39716 0.162452 -0.0851476 
39717 0.162276 0.0805184 
39718 0.161954 0.245878 
39719 0.161767 0.411146 
39720 0.328125 -0.25058 
39721 0.327799 -0.0849324 
39722 0.327681 0.0805495 
39723 0.327209 0.245983 
39724 0.327087 0.41113 
39725 -0.33639 -0.252928 
39726 -0.336391 -0.0876754 
39727 -0.336635 0.0771425 
39728 -0.336349 0.24188 
39729 -0.336301 0.406062 
39730 -0.171189 -0.252517 
39731 -0.171384 -0.0874695 
39732 -0.171495 0.0773722 
39733 -0.171601 0.241789 
39734 -0.171679 0.406156 
39735 -0.00621714 -0.252005 
39736 -0.00651069 -0.0870786 
39737 -0.00685015 0.0776132 
39738 -0.00699481 0.241852 
39739 -0.00723405 0.405912 
39740 0.158565 -0.251581 
39741 0.15813 -0.0868408 
39742 0.157691 0.0777368 
39743 0.157362 0.24199 
39744 0.157024 0.405936 
39745 0.322952 -0.251052 
39746 0.322423 -0.0865314 
39747 0.321891 0.0780166 
39748 0.321385 0.24194 
39749 0.320905 0.405864 
39750 -0.337979 -0.254419 
39751 -0.338007 -0.0898709 
39752 -0.337929 0.0741663 
39753 -0.338001 0.237586 
39754 -0.337946 0.401053 
39755 -0.173381 -0.253761 
39756 -0.173635 -0.0894203 
39757 -0.173779 0.0744292 
39758 -0.173984 0.237887 
39759 -0.174187 0.40097 
39760 -0.00928434 -0.252935 
39761 -0.0097347 -0.088983 
39762 -0.0100162 0.0747397 
39763 -0.0104056 0.237995 
39764 -0.0108841 0.400875 
39765 0.154587 -0.252204 
39766 0.153788 -0.0883708 
39767 0.153286 0.0750242 
39768 0.152627 0.238078 
39769 0.152147 0.400688 
39770 0.317786 -0.251527 
39771 0.317083 -0.087709 
39772 0.316385 0.0752481 
39773 0.315553 0.238234 
39774 0.314746 0.400543 
39775 -0.339439 -0.255937 
39776 -0.33951 -0.0921426 
39777 -0.339601 0.0711026 
39778 -0.339618 0.23389 
39779 -0.339464 0.395849 
39780 -0.175648 -0.254862 
39781 -0.17581 -0.0914607 
39782 -0.176168 0.0715704 
39783 -0.176492 0.234003 
39784 -0.176707 0.395876 
39785 -0.0123179 -0.253948 
39786 -0.0128942 -0.090704 
39787 -0.0133412 0.0719132 
39788 -0.0139838 0.234138 
39789 -0.0144813 0.395692 
39790 0.15056 -0.252998 
39791 0.149766 -0.090015 
39792 0.14887 0.0724333 
39793 0.148127 0.234522 
39794 0.147338 0.39566 
39795 0.312936 -0.251875 
39796 0.311696 -0.0893422 
39797 0.310672 0.0728275 
39798 0.309628 0.234478 
39799 0.30866 0.395739 
39800 -0.340946 -0.257307 
39801 -0.341057 -0.0941857 
39802 -0.341046 0.0681155 
39803 -0.341307 0.229832 
39804 -0.341388 0.391046 
39805 -0.177813 -0.25604 
39806 -0.178149 -0.0933962 
39807 -0.178572 0.0688494 
39808 -0.178952 0.230186 
39809 -0.179366 0.390868 
39810 -0.0152402 -0.254834 
39811 -0.0159339 -0.0924732 
39812 -0.0166063 0.0693791 
39813 -0.0173882 0.230432 
39814 -0.0181978 0.390891 
39815 0.146707 -0.25349 
39816 0.145687 -0.0915327 
39817 0.144499 0.0698584 
39818 0.143618 0.230673 
39819 0.142577 0.390868 
39820 0.307964 -0.252161 
39821 0.306501 -0.0904623 
39822 0.305256 0.0706276 
39823 0.303826 0.230845 
39824 0.302554 0.390768 
39825 -0.342514 -0.258538 
39826 -0.342473 -0.0963721 
39827 -0.342689 0.0651869 
39828 -0.343018 0.226012 
39829 -0.343155 0.385995 
39830 -0.179805 -0.257108 
39831 -0.180327 -0.0951438 
39832 -0.18101 0.0660307 
39833 -0.181527 0.226285 
39834 -0.182131 0.386149 
39835 -0.0181605 -0.255507 
39836 -0.0190901 -0.0939462 
39837 -0.0198956 0.0667088 
39838 -0.020803 0.2268 
39839 -0.0218139 0.386094 
39840 0.142892 -0.254075 
39841 0.141423 -0.092848 
39842 0.140218 0.0675965 
39843 0.139028 0.22723 
39844 0.137639 0.386166 
39845 0.303106 -0.25236 
39846 0.301446 -0.0917001 
39847 0.299615 0.0683744 
39848 0.297958 0.227575 
39849 0.296315 0.386055 
39850 -0.343775 -0.260028 
39851 -0.344021 -0.0983644 
39852 -0.344415 0.0623089 
39853 -0.344755 0.222255 
39854 -0.344927 0.381408 
39855 -0.18196 -0.258099 
39856 -0.18256 -0.09697 
39857 -0.183281 0.0633973 
39858 -0.184106 0.222732 
39859 -0.184817 0.381297 
39860 -0.0209728 -0.256176 
39861 -0.0221405 -0.0956038 
39862 -0.0232906 0.0641815 
39863 -0.0242876 0.223485 
39864 -0.0256511 0.381403 
39865 0.139147 -0.254317 
39866 0.13753 -0.094119 
39867 0.135989 0.0653337 
39868 0.134419 0.223744 
39869 0.133019 0.381554 
39870 0.298245 -0.252559 
39871 0.296269 -0.0927375 
39872 0.294279 0.0661488 
39873 0.292319 0.224275 
39874 0.29034 0.381634 
39875 -0.345085 -0.261399 
39876 -0.345537 -0.100451 
39877 -0.345961 0.0595298 
39878 -0.346448 0.218487 
39879 -0.346806 0.376587 
39880 -0.184026 -0.259059 
39881 -0.184741 -0.098625 
39882 -0.185859 0.060686 
39883 -0.186398 0.219156 
39884 -0.18762 0.376627 
39885 -0.0236391 -0.256804 
39886 -0.0250676 -0.0969464 
39887 -0.0266079 0.0619027 
39888 -0.027882 0.219923 
39889 -0.0290792 0.376871 
39890 0.135466 -0.254669 
39891 0.133597 -0.0954804 
39892 0.131825 0.063101 
39893 0.129911 0.220375 
39894 0.12816 0.377079 
39895 0.293593 -0.252475 
39896 0.291084 -0.0936675 
39897 0.288832 0.0641902 
39898 0.286712 0.221189 
39899 0.284335 0.377344 
39900 -0.346423 -0.262649 
39901 -0.347014 -0.102423 
39902 -0.347772 0.056824 
39903 -0.348158 0.214931 
39904 -0.348777 0.371899 
39905 -0.185919 -0.259997 
39906 -0.187063 -0.100413 
39907 -0.188052 0.0581674 
39908 -0.189232 0.215645 
39909 -0.190218 0.372151 
39910 -0.0264402 -0.257425 
39911 -0.0280759 -0.0983584 
39912 -0.0295448 0.0596099 
39913 -0.0312729 0.216551 
39914 -0.0329003 0.372568 
39915 0.131716 -0.254931 
39916 0.129692 -0.0963946 
39917 0.127494 0.060963 
39918 0.125352 0.217399 
39919 0.123217 0.372783 
39920 0.288896 -0.252483 
39921 0.286222 -0.0944983 
39922 0.283507 0.0623496 
39923 0.280964 0.218238 
39924 0.278388 0.373065 
39925 -0.347706 -0.263766 
39926 -0.348524 -0.104355 
39927 -0.349032 0.053981 
39928 -0.349976 0.211426 
39929 -0.350559 0.367524 
39930 -0.187869 -0.260818 
39931 -0.189139 -0.101943 
39932 -0.190472 0.0557491 
39933 -0.191852 0.212428 
39934 -0.192907 0.367739 
39935 -0.0292028 -0.257977 
39936 -0.0311132 -0.0996438 
39937 -0.0329435 0.0574432 
39938 -0.0348572 0.213388 
39939 -0.0364825 0.368227 
39940 0.128194 -0.255089 
39941 0.125668 -0.0974102 
39942 0.123222 0.0589995 
39943 0.120982 0.214371 
39944 0.118629 0.368678 
39945 0.2842 -0.252093 
39946 0.281248 -0.095028 
39947 0.278313 0.0607157 
39948 0.275292 0.21539 
39949 0.27256 0.368959 
39950 -0.349005 -0.264896 
39951 -0.350003 -0.106181 
39952 -0.350789 0.0514421 
39953 -0.351817 0.207907 
39954 -0.35256 0.363047 
39955 -0.18984 -0.261752 
39956 -0.191358 -0.103568 
39957 -0.192898 0.0533353 
39958 -0.194351 0.208993 
39959 -0.195819 0.363694 
39960 -0.0319809 -0.258308 
39961 -0.034091 -0.100886 
39962 -0.036103 0.0552285 
39963 -0.0382455 0.210363 
39964 -0.0404012 0.364131 
39965 0.124597 -0.255045 
39966 0.121766 -0.0984301 
39967 0.119069 0.0571864 
39968 0.116463 0.211551 
39969 0.113688 0.364684 
39970 0.27967 -0.251857 
39971 0.276231 -0.0956603 
39972 0.27307 0.0590989 
39973 0.269913 0.212709 
39974 0.266632 0.36525 
39975 -0.350223 -0.266079 
39976 -0.351224 -0.1079 
39977 -0.352576 0.0489493 
39978 -0.353558 0.204527 
39979 -0.354686 0.358706 
39980 -0.191798 -0.262239 
39981 -0.193387 -0.105007 
39982 -0.195178 0.051057 
39983 -0.197014 0.205987 
39984 -0.19874 0.359438 
39985 -0.0346572 -0.258653 
39986 -0.0369855 -0.102019 
39987 -0.0393405 0.0533127 
39988 -0.0417435 0.207338 
39989 -0.0440358 0.360229 
39990 0.120854 -0.255047 
39991 0.117908 -0.0991124 
39992 0.114938 0.0553747 
39993 0.112101 0.208769 
39994 0.10905 0.360874 
39995 0.275072 -0.251377 
39996 0.271448 -0.0963537 
39997 0.267859 0.0575963 
39998 0.264311 0.210119 
39999 0.260867 0.361634 
40000 -0.35156 -0.267049 
40001 -0.352842 -0.109648 
40002 -0.354197 0.0464902 
40003 -0.355507 0.201123 
40004 -0.356966 0.354612 
40005 -0.193583 -0.262916 
40006 -0.195648 -0.106289 
40007 -0.197619 0.0489769 
40008 -0.199475 0.202735 
40009 -0.201577 0.355565 
40010 -0.0372105 -0.258896 
40011 -0.0398221 -0.103095 
40012 -0.0425989 0.0514431 
40013 -0.0453495 0.204669 
40014 -0.0479227 0.356301 
40015 0.117666 -0.254796 
40016 0.114196 -0.0998625 
40017 0.111049 0.0539782 
40018 0.10767 0.206275 
40019 0.104373 0.357255 
40020 0.270747 -0.250876 
40021 0.266762 -0.0965883 
40022 0.262816 0.0561127 
40023 0.258826 0.207862 
40024 0.25498 0.358094 
40025 -0.352673 -0.267906 
40026 -0.354318 -0.111178 
40027 -0.355882 0.0441628 
40028 -0.35751 0.198075 
40029 -0.358975 0.350651 
40030 -0.19528 -0.263465 
40031 -0.19765 -0.107479 
40032 -0.199893 0.0468706 
40033 -0.202141 0.199931 
40034 -0.204411 0.351364 
40035 -0.0398629 -0.258987 
40036 -0.0428022 -0.104004 
40037 -0.0456681 0.0496517 
40038 -0.0485951 0.201795 
40039 -0.0515382 0.352568 
40040 0.113962 -0.254631 
40041 0.110346 -0.100383 
40042 0.106712 0.052289 
40043 0.103096 0.203868 
40044 0.099606 0.353658 
40045 0.266117 -0.250279 
40046 0.262006 -0.0968838 
40047 0.257562 0.0549597 
40048 0.253315 0.205469 
40049 0.249157 0.354697 
40050 -0.3539 -0.268878 
40051 -0.355829 -0.112796 
40052 -0.357612 0.041784 
40053 -0.359381 0.195036 
40054 -0.361107 0.346685 
40055 -0.197293 -0.263937 
40056 -0.1998 -0.108723 
40057 -0.202184 0.0448706 
40058 -0.204739 0.197142 
40059 -0.207243 0.347926 
40060 -0.0424485 -0.258987 
40061 -0.0455849 -0.104746 
40062 -0.0487733 0.0479004 
40063 -0.0521374 0.199295 
40064 -0.0553066 0.349175 
40065 0.110778 -0.254208 
40066 0.106687 -0.100981 
40067 0.102745 0.0508304 
40068 0.0987422 0.201424 
40069 0.0949103 0.350284 
40070 0.261885 -0.249424 
40071 0.257282 -0.0970165 
40072 0.252612 0.0538296 
40073 0.247997 0.203406 
40074 0.243557 0.351599 
40075 -0.355016 -0.269596 
40076 -0.357075 -0.114292 
40077 -0.359266 0.0395817 
40078 -0.361214 0.191964 
40079 -0.363329 0.34287 
40080 -0.198839 -0.264171 
40081 -0.201782 -0.109814 
40082 -0.204619 0.0429427 
40083 -0.207437 0.194414 
40084 -0.210465 0.344291 
40085 -0.0448902 -0.259102 
40086 -0.0484717 -0.105603 
40087 -0.0520486 0.0462958 
40088 -0.0555886 0.196775 
40089 -0.0589972 0.345807 
40090 0.107313 -0.253781 
40091 0.10296 -0.101247 
40092 0.0986892 0.0495683 
40093 0.0943091 0.199008 
40094 0.0903066 0.347064 
40095 0.257518 -0.248662 
40096 0.252546 -0.0971161 
40097 0.247526 0.052896 
40098 0.242641 0.201471 
40099 0.23785 0.348597 
40100 -0.356256 -0.270315 
40101 -0.358623 -0.115675 
40102 -0.360887 0.0374927 
40103 -0.363199 0.189058 
40104 -0.36549 0.339167 
40105 -0.200829 -0.264501 
40106 -0.203826 -0.110824 
40107 -0.206967 0.0414798 
40108 -0.210034 0.191723 
40109 -0.213221 0.340796 
40110 -0.0472826 -0.258778 
40111 -0.0513715 -0.106209 
40112 -0.0551612 0.0450202 
40113 -0.0590443 0.194405 
40114 -0.062779 0.342455 
40115 0.103967 -0.253315 
40116 0.0992059 -0.101579 
40117 0.0944792 0.0484649 
40118 0.0901524 0.197098 
40119 0.0856621 0.3441 
40120 0.253298 -0.247595 
40121 0.247871 -0.0971689 
40122 0.242709 0.052033 
40123 0.237322 0.199669 
40124 0.232244 0.345658 
40125 -0.357336 -0.27088 
40126 -0.359915 -0.116901 
40127 -0.362671 0.0355414 
40128 -0.36522 0.186342 
40129 -0.367762 0.335625 
40130 -0.202596 -0.264736 
40131 -0.206009 -0.111751 
40132 -0.209482 0.0395627 
40133 -0.212829 0.18931 
40134 -0.216166 0.337465 
40135 -0.0497473 -0.258617 
40136 -0.0540618 -0.106795 
40137 -0.0582924 0.0433845 
40138 -0.062408 0.192181 
40139 -0.0665732 0.339353 
40140 0.100585 -0.25246 
40141 0.0955816 -0.101763 
40142 0.0906069 0.0474478 
40143 0.0858236 0.194957 
40144 0.0810554 0.341245 
40145 0.248912 -0.246637 
40146 0.243327 -0.0968272 
40147 0.23762 0.0513159 
40148 0.232038 0.197878 
40149 0.226537 0.34305 
40150 -0.358381 -0.271431 
40151 -0.36136 -0.117848 
40152 -0.364351 0.0336899 
40153 -0.367262 0.183748 
40154 -0.37015 0.33232 
40155 -0.204249 -0.264813 
40156 -0.207959 -0.112589 
40157 -0.211736 0.0379462 
40158 -0.215356 0.186938 
40159 -0.219025 0.334366 
40160 -0.0522751 -0.258148 
40161 -0.0569518 -0.107066 
40162 -0.0614378 0.0422719 
40163 -0.0657877 0.190142 
40164 -0.0702314 0.336454 
40165 0.0972711 -0.251731 
40166 0.0920413 -0.101741 
40167 0.0867588 0.0464429 
40168 0.0815811 0.193251 
40169 0.076394 0.338532 
40170 0.244763 -0.245356 
40171 0.238687 -0.0965973 
40172 0.232726 0.0505304 
40173 0.226845 0.196267 
40174 0.220985 0.340557 
