40150 -0.333193 -0.250167 
40151 -0.333242 -0.0833344 
40152 -0.333345 0.0833115 
40153 -0.333309 0.249927 
40154 -0.333319 0.416618 
40155 -0.16669 -0.249903 
40156 -0.166642 -0.0832553 
40157 -0.166629 0.0832293 
40158 -0.166671 0.250083 
40159 -0.166642 0.416627 
40160 2.32527e-05 -0.249982 
40161 5.67248e-05 -0.083498 
40162 -9.89946e-05 0.0832122 
40163 -0.00014587 0.25006 
40164 -3.59968e-05 0.416603 
40165 0.166777 -0.249857 
40166 0.166555 -0.083227 
40167 0.166699 0.0832762 
40168 0.166626 0.249886 
40169 0.166721 0.416724 
40170 0.333298 -0.250048 
40171 0.333248 -0.0833361 
40172 0.333336 0.0832745 
40173 0.333288 0.249957 
40174 0.333386 0.416794 
40175 -0.334497 -0.250133 
40176 -0.334705 -0.0843324 
40177 -0.335083 0.0813363 
40178 -0.335399 0.247025 
40179 -0.33573 0.412907 
40180 -0.168483 -0.249691 
40181 -0.168852 -0.083957 
40182 -0.169395 0.0818627 
40183 -0.169651 0.247457 
40184 -0.170024 0.412949 
40185 -0.00273885 -0.249153 
40186 -0.00304317 -0.0835047 
40187 -0.00368799 0.0821288 
40188 -0.00403353 0.247763 
40189 -0.00445211 0.413265 
40190 0.162785 -0.24861 
40191 0.162456 -0.0829069 
40192 0.162079 0.0825927 
40193 0.161553 0.247948 
40194 0.161208 0.413566 
40195 0.328324 -0.248191 
40196 0.327842 -0.0825867 
40197 0.327391 0.0829488 
40198 0.326928 0.248332 
40199 0.326389 0.413675 
40200 -0.33527 -0.250352 
40201 -0.336154 -0.0853505 
40202 -0.33684 0.0796122 
40203 -0.337679 0.244267 
40204 -0.338294 0.409063 
40205 -0.17039 -0.249351 
40206 -0.170984 -0.0844386 
40207 -0.171749 0.0803619 
40208 -0.172564 0.245127 
40209 -0.17346 0.409472 
40210 -0.00538505 -0.248323 
40211 -0.00630663 -0.0836654 
40212 -0.00704778 0.0810316 
40213 -0.00797925 0.245564 
40214 -0.00883429 0.410053 
40215 0.159078 -0.247259 
40216 0.158188 -0.0826712 
40217 0.15745 0.0817951 
40218 0.156511 0.246243 
40219 0.155632 0.410494 
40220 0.323425 -0.246162 
40221 0.322445 -0.0818092 
40222 0.321491 0.08257 
40223 0.320697 0.246721 
40224 0.319674 0.410958 
40225 -0.336434 -0.250257 
40226 -0.337488 -0.0862249 
40227 -0.338537 0.0779926 
40228 -0.339681 0.241826 
40229 -0.340772 0.40548 
40230 -0.172069 -0.248763 
40231 -0.173096 -0.0848551 
40232 -0.174479 0.0789799 
40233 -0.175446 0.242678 
40234 -0.176727 0.406206 
40235 -0.00821832 -0.247229 
40236 -0.00938764 -0.0835564 
40237 -0.0106877 0.0801529 
40238 -0.0118024 0.243631 
40239 -0.0129512 0.407041 
40240 0.155434 -0.245613 
40241 0.154005 -0.0821581 
40242 0.152787 0.081236 
40243 0.151373 0.244488 
40244 0.150336 0.407589 
40245 0.318487 -0.244172 
40246 0.317164 -0.0808636 
40247 0.315749 0.0823515 
40248 0.314314 0.245512 
40249 0.313056 0.408341 
40250 -0.337342 -0.250172 
40251 -0.338906 -0.0870569 
40252 -0.340452 0.0762707 
40253 -0.341953 0.239372 
40254 -0.343311 0.402193 
40255 -0.173793 -0.248047 
40256 -0.175347 -0.0851449 
40257 -0.177029 0.0777317 
40258 -0.178502 0.240402 
40259 -0.180174 0.403088 
40260 -0.0108661 -0.246242 
40261 -0.0124333 -0.0833329 
40262 -0.0141201 0.0793878 
40263 -0.0157617 0.241808 
40264 -0.017436 0.40408 
40265 0.151632 -0.244102 
40266 0.149862 -0.0816196 
40267 0.148289 0.0808262 
40268 0.146484 0.242907 
40269 0.144799 0.404999 
40270 0.313494 -0.24205 
40271 0.311656 -0.0797952 
40272 0.310035 0.0823577 
40273 0.308234 0.244114 
40274 0.306441 0.405882 
40275 -0.338507 -0.249898 
40276 -0.340295 -0.0874779 
40277 -0.34218 0.074845 
40278 -0.34406 0.236958 
40279 -0.345943 0.399099 
40280 -0.17555 -0.247315 
40281 -0.177548 -0.0852626 
40282 -0.179494 0.0766917 
40283 -0.181561 0.238529 
40284 -0.183457 0.400219 
40285 -0.0134589 -0.244771 
40286 -0.0156038 -0.0830538 
40287 -0.0175433 0.0785774 
40288 -0.0195495 0.240119 
40289 -0.0216484 0.401208 
40290 0.148001 -0.242296 
40291 0.145872 -0.080886 
40292 0.143726 0.080409 
40293 0.141623 0.241552 
40294 0.139428 0.402379 
40295 0.308712 -0.239715 
40296 0.306617 -0.0786881 
40297 0.304285 0.0822563 
40298 0.302104 0.243054 
40299 0.299987 0.403723 
40300 -0.339314 -0.249645 
40301 -0.341616 -0.0880172 
40302 -0.343909 0.0734926 
40303 -0.346119 0.234739 
40304 -0.348482 0.395934 
40305 -0.177353 -0.246574 
40306 -0.179691 -0.0852494 
40307 -0.181978 0.0757737 
40308 -0.18439 0.236724 
40309 -0.18676 0.397369 
40310 -0.0159344 -0.243557 
40311 -0.0185268 -0.0826826 
40312 -0.020957 0.0779575 
40313 -0.0233702 0.23859 
40314 -0.0259135 0.398878 
40315 0.144303 -0.240406 
40316 0.141877 -0.0800266 
40317 0.139252 0.0801923 
40318 0.136782 0.240343 
40319 0.13413 0.400321 
40320 0.303914 -0.237464 
40321 0.301317 -0.0775132 
40322 0.29862 0.0825656 
40323 0.296144 0.242228 
40324 0.293541 0.401666 
40325 -0.340348 -0.249095 
40326 -0.342974 -0.0883486 
40327 -0.34573 0.0721598 
40328 -0.348457 0.232867 
40329 -0.350956 0.39304 
40330 -0.179072 -0.245566 
40331 -0.181865 -0.0852313 
40332 -0.18457 0.07509 
40333 -0.187387 0.234919 
40334 -0.190077 0.394709 
40335 -0.0186086 -0.242082 
40336 -0.0215919 -0.0821064 
40337 -0.0244245 0.0775268 
40338 -0.0271853 0.237127 
40339 -0.0302244 0.396298 
40340 0.140813 -0.238497 
40341 0.137871 -0.0789293 
40342 0.134947 0.0801859 
40343 0.131947 0.239283 
40344 0.128887 0.398058 
40345 0.299203 -0.234952 
40346 0.296223 -0.0760054 
40347 0.293151 0.0827615 
40348 0.290141 0.241331 
40349 0.287049 0.399751 
40350 -0.341305 -0.248527 
40351 -0.344317 -0.0886855 
40352 -0.347391 0.0711461 
40353 -0.350615 0.230895 
40354 -0.353647 0.390397 
40355 -0.180646 -0.244544 
40356 -0.183877 -0.0851314 
40357 -0.186992 0.0742422 
40358 -0.190276 0.233344 
40359 -0.193321 0.392172 
40360 -0.021228 -0.240446 
40361 -0.0245856 -0.081524 
40362 -0.027848 0.0771199 
40363 -0.0310933 0.23572 
40364 -0.0342433 0.394108 
40365 0.137026 -0.236314 
40366 0.133737 -0.0780483 
40367 0.130445 0.0802144 
40368 0.127137 0.238275 
40369 0.123809 0.396164 
40370 0.294421 -0.232379 
40371 0.291015 -0.0745964 
40372 0.287754 0.0832067 
40373 0.28422 0.240638 
40374 0.280852 0.398088 
40375 -0.342127 -0.248007 
40376 -0.345755 -0.0887428 
40377 -0.34916 0.0701887 
40378 -0.352666 0.229203 
40379 -0.35628 0.387829 
40380 -0.182443 -0.243414 
40381 -0.186019 -0.0847632 
40382 -0.189542 0.0737262 
40383 -0.193213 0.231779 
40384 -0.196679 0.390036 
40385 -0.0238327 -0.238863 
40386 -0.0274715 -0.0807637 
40387 -0.0311281 0.0770354 
40388 -0.0347727 0.234666 
40389 -0.0385078 0.392071 
40390 0.133656 -0.234252 
40391 0.129876 -0.0768744 
40392 0.126144 0.0803468 
40393 0.122481 0.237345 
40394 0.118623 0.394234 
40395 0.289794 -0.229855 
40396 0.286033 -0.0729725 
40397 0.282117 0.083774 
40398 0.278342 0.240064 
40399 0.274724 0.396458 
40400 -0.343077 -0.247143 
40401 -0.347101 -0.088873 
40402 -0.350947 0.0693696 
40403 -0.35493 0.227458 
40404 -0.35873 0.385275 
40405 -0.184042 -0.242033 
40406 -0.187898 -0.0843027 
40407 -0.191983 0.0731183 
40408 -0.195976 0.230657 
40409 -0.200101 0.387766 
40410 -0.0263651 -0.23708 
40411 -0.0303952 -0.0799844 
40412 -0.0344176 0.0770177 
40413 -0.0386044 0.233738 
40414 -0.0425353 0.390275 
40415 0.129877 -0.23199 
40416 0.125849 -0.0757534 
40417 0.12178 0.0805838 
40418 0.117681 0.236655 
40419 0.113472 0.392627 
40420 0.285222 -0.2271 
40421 0.280978 -0.0712789 
40422 0.276796 0.084344 
40423 0.272861 0.239726 
40424 0.268603 0.395006 
40425 -0.343939 -0.246203 
40426 -0.348514 -0.0886649 
40427 -0.352576 0.0687728 
40428 -0.357061 0.225903 
40429 -0.361364 0.383013 
40430 -0.185622 -0.240682 
40431 -0.190113 -0.0838491 
40432 -0.194525 0.0728522 
40433 -0.198834 0.229317 
40434 -0.203262 0.385831 
40435 -0.028906 -0.235085 
40436 -0.0333073 -0.0791693 
40437 -0.0378546 0.0768392 
40438 -0.0422707 0.232697 
40439 -0.0465913 0.388617 
40440 0.126556 -0.229832 
40441 0.121927 -0.0743771 
40442 0.117565 0.0809778 
40443 0.113119 0.23612 
40444 0.108558 0.39111 
40445 0.280448 -0.224319 
40446 0.276084 -0.0696845 
40447 0.271571 0.0850071 
40448 0.267165 0.239355 
40449 0.262614 0.393797 
40450 -0.344918 -0.245148 
40451 -0.349673 -0.0884093 
40452 -0.354286 0.0681431 
40453 -0.359213 0.22456 
40454 -0.363938 0.380943 
40455 -0.187482 -0.239229 
40456 -0.192297 -0.0831399 
40457 -0.196984 0.0725029 
40458 -0.201798 0.228241 
40459 -0.206491 0.383923 
40460 -0.0314669 -0.233144 
40461 -0.0362838 -0.07803 
40462 -0.0410276 0.0770404 
40463 -0.0458735 0.231971 
40464 -0.0506454 0.386881 
40465 0.122899 -0.227292 
40466 0.118135 -0.0727788 
40467 0.113309 0.081363 
40468 0.1084 0.235767 
40469 0.103792 0.389757 
40470 0.275887 -0.221558 
40471 0.270998 -0.0678211 
40472 0.266269 0.0858568 
40473 0.261472 0.239329 
40474 0.256582 0.392506 
40475 -0.345825 -0.24404 
40476 -0.351058 -0.0881498 
40477 -0.356209 0.0677395 
40478 -0.361288 0.223389 
40479 -0.366491 0.379031 
40480 -0.189104 -0.237592 
40481 -0.19426 -0.0826616 
40482 -0.199624 0.072424 
40483 -0.204486 0.227417 
40484 -0.209683 0.382206 
40485 -0.0340405 -0.231187 
40486 -0.0391194 -0.076968 
40487 -0.0443316 0.077259 
40488 -0.0494257 0.231243 
40489 -0.0547028 0.385335 
40490 0.119416 -0.22487 
40491 0.114175 -0.0713425 
40492 0.109252 0.0818513 
40493 0.10405 0.235249 
40494 0.0987952 0.388493 
40495 0.271409 -0.218544 
40496 0.266174 -0.0659576 
40497 0.261009 0.0865537 
40498 0.256053 0.239136 
40499 0.250687 0.391625 
40500 -0.346762 -0.242645 
40501 -0.352347 -0.0877297 
40502 -0.357862 0.0672268 
40503 -0.363388 0.222271 
40504 -0.369051 0.377312 
40505 -0.190876 -0.235744 
40506 -0.196478 -0.0816677 
40507 -0.201886 0.0724605 
40508 -0.207356 0.226637 
40509 -0.212735 0.380683 
40510 -0.0364491 -0.228947 
40511 -0.0419809 -0.0757851 
40512 -0.0474699 0.0776572 
40513 -0.0530103 0.230841 
40514 -0.0586048 0.384011 
40515 0.115982 -0.222123 
40516 0.110454 -0.0697192 
40517 0.105064 0.0825683 
40518 0.0996102 0.234947 
40519 0.0940328 0.387481 
40520 0.266884 -0.215463 
40521 0.26152 -0.0639774 
40522 0.255982 0.0876666 
40523 0.250405 0.239234 
40524 0.244854 0.390636 
40525 -0.347686 -0.241497 
40526 -0.353733 -0.0871845 
40527 -0.359551 0.067019 
40528 -0.365638 0.221379 
40529 -0.371459 0.375662 
40530 -0.192449 -0.233998 
40531 -0.198363 -0.0806015 
40532 -0.204368 0.0725 
40533 -0.210287 0.225926 
40534 -0.216034 0.379327 
40535 -0.0390958 -0.226814 
40536 -0.0449861 -0.0744134 
40537 -0.0507937 0.0780663 
40538 -0.0566351 0.23034 
40539 -0.0624569 0.382873 
40540 0.112568 -0.219556 
40541 0.106715 -0.0681252 
40542 0.100924 0.0833321 
40543 0.0950142 0.234854 
40544 0.0892026 0.386356 
40545 0.262433 -0.212539 
40546 0.25661 -0.0619892 
40547 0.250705 0.0886732 
40548 0.245041 0.239325 
40549 0.239265 0.389897 
40550 -0.34871 -0.239946 
40551 -0.355143 -0.086554 
40552 -0.361509 0.0670342 
40553 -0.367764 0.220521 
40554 -0.374126 0.374013 
40555 -0.194207 -0.232221 
40556 -0.200396 -0.0797958 
40557 -0.206827 0.0728383 
40558 -0.21294 0.225415 
40559 -0.219287 0.3779 
40560 -0.0415147 -0.224575 
40561 -0.047817 -0.0730174 
40562 -0.0539827 0.0785948 
40563 -0.0602584 0.230047 
40564 -0.0662794 0.381792 
40565 0.109042 -0.216854 
40566 0.102903 -0.0663007 
40567 0.0968992 0.0841928 
40568 0.0908005 0.234752 
40569 0.0846401 0.385544 
40570 0.257895 -0.209304 
40571 0.251747 -0.0598859 
40572 0.245756 0.0897129 
40573 0.239582 0.239475 
40574 0.233598 0.389284 
40575 -0.349599 -0.238329 
40576 -0.356262 -0.0856633 
40577 -0.363104 0.0670384 
40578 -0.369829 0.219766 
40579 -0.376679 0.372825 
40580 -0.195786 -0.230191 
40581 -0.202411 -0.0786533 
40582 -0.209076 0.0731493 
40583 -0.215849 0.224906 
40584 -0.22242 0.376949 
40585 -0.0440213 -0.222069 
40586 -0.050513 -0.0715722 
40587 -0.0571471 0.0791035 
40588 -0.0636776 0.230147 
40589 -0.070229 0.380876 
40590 0.105695 -0.214215 
40591 0.0992069 -0.0646782 
40592 0.0927907 0.0850643 
40593 0.0863975 0.234852 
40594 0.0799475 0.384891 
40595 0.253372 -0.206187 
40596 0.247067 -0.0578782 
40597 0.240757 0.0910192 
40598 0.234427 0.239839 
40599 0.228202 0.388653 
40600 -0.350506 -0.236649 
40601 -0.357677 -0.0848248 
40602 -0.364787 0.0670283 
40603 -0.371905 0.219311 
40604 -0.378977 0.371589 
40605 -0.197502 -0.228091 
40606 -0.204389 -0.0774172 
40607 -0.211392 0.0734631 
40608 -0.218383 0.224447 
40609 -0.225387 0.375904 
40610 -0.0465455 -0.219761 
40611 -0.0533979 -0.0700343 
40612 -0.0602463 0.0798826 
40613 -0.0670239 0.229774 
40614 -0.0738996 0.380042 
40615 0.102222 -0.211359 
40616 0.0954759 -0.0627704 
40617 0.0889207 0.0860212 
40618 0.0820721 0.234972 
40619 0.0754359 0.384164 
40620 0.249004 -0.203207 
40621 0.242457 -0.0555806 
40622 0.235882 0.0921226 
40623 0.229344 0.240086 
40624 0.222703 0.38826 
40625 -0.351569 -0.234907 
40626 -0.359023 -0.083882 
40627 -0.366504 0.0672422 
40628 -0.374053 0.218817 
40629 -0.381534 0.370581 
40630 -0.199066 -0.225961 
40631 -0.206514 -0.0759606 
40632 -0.213906 0.0740405 
40633 -0.221163 0.224369 
40634 -0.228523 0.375006 
40635 -0.049091 -0.217162 
40636 -0.0563273 -0.0684407 
40637 -0.063383 0.0806253 
40638 -0.0705485 0.229882 
40639 -0.0777031 0.379415 
40640 0.098865 -0.208559 
40641 0.0918419 -0.0608529 
40642 0.084882 0.0871036 
40643 0.0778975 0.235337 
40644 0.0709912 0.383769 
40645 0.244705 -0.200011 
40646 0.23775 -0.0533383 
40647 0.230982 0.0933947 
40648 0.224341 0.240578 
40649 0.217291 0.387845 
