40175 -0.333295 -0.250075 
40176 -0.333431 -0.0833176 
40177 -0.333202 0.08334 
40178 -0.333357 0.250089 
40179 -0.333444 0.416792 
40180 -0.166609 -0.249938 
40181 -0.166727 -0.0833172 
40182 -0.166645 0.0831986 
40183 -0.166637 0.250023 
40184 -0.166664 0.416732 
40185 2.07711e-05 -0.249957 
40186 -1.485e-05 -0.0834303 
40187 -4.9914e-05 0.0833117 
40188 3.27515e-05 0.250068 
40189 2.43893e-05 0.416571 
40190 0.166572 -0.250075 
40191 0.16664 -0.0833133 
40192 0.166768 0.0834006 
40193 0.166644 0.250006 
40194 0.166695 0.416678 
40195 0.333344 -0.250017 
40196 0.333364 -0.0834289 
40197 0.333279 0.0833467 
40198 0.333434 0.250011 
40199 0.333364 0.416703 
40200 -0.334469 -0.250136 
40201 -0.334697 -0.0843894 
40202 -0.335013 0.081576 
40203 -0.335619 0.247243 
40204 -0.33583 0.412888 
40205 -0.168472 -0.249498 
40206 -0.168817 -0.0836939 
40207 -0.169386 0.0818417 
40208 -0.169627 0.247545 
40209 -0.170029 0.413087 
40210 -0.0026986 -0.24893 
40211 -0.00307769 -0.083462 
40212 -0.00360646 0.0823048 
40213 -0.00394531 0.247787 
40214 -0.00454109 0.413435 
40215 0.162815 -0.248566 
40216 0.162451 -0.0829766 
40217 0.161961 0.0824122 
40218 0.161685 0.248118 
40219 0.161093 0.413639 
40220 0.328185 -0.247927 
40221 0.327811 -0.0824383 
40222 0.327461 0.0829849 
40223 0.326906 0.248451 
40224 0.326473 0.413903 
40225 -0.335307 -0.250178 
40226 -0.335972 -0.0851051 
40227 -0.336935 0.0797554 
40228 -0.337562 0.244495 
40229 -0.338392 0.409253 
40230 -0.170283 -0.248996 
40231 -0.171012 -0.0842547 
40232 -0.171789 0.0805766 
40233 -0.172725 0.245252 
40234 -0.173483 0.409742 
40235 -0.0054006 -0.247944 
40236 -0.00620881 -0.083317 
40237 -0.00713344 0.0813084 
40238 -0.00802784 0.245776 
40239 -0.00887279 0.410241 
40240 0.159121 -0.246999 
40241 0.158241 -0.0823243 
40242 0.157379 0.0820446 
40243 0.156415 0.246354 
40244 0.155579 0.410734 
40245 0.323372 -0.245893 
40246 0.322432 -0.0815365 
40247 0.321681 0.0827282 
40248 0.320543 0.247176 
40249 0.319702 0.411169 
40250 -0.336428 -0.249915 
40251 -0.33738 -0.0858565 
40252 -0.338553 0.0781523 
40253 -0.339935 0.242189 
40254 -0.340826 0.405964 
40255 -0.172054 -0.248363 
40256 -0.173225 -0.0844763 
40257 -0.174333 0.079313 
40258 -0.175587 0.242985 
40259 -0.176846 0.406684 
40260 -0.00811531 -0.246874 
40261 -0.00929481 -0.0831225 
40262 -0.0106127 0.0804996 
40263 -0.0118638 0.243955 
40264 -0.0131083 0.407496 
40265 0.155215 -0.245296 
40266 0.154208 -0.0817416 
40267 0.152725 0.0816087 
40268 0.15146 0.244822 
40269 0.150255 0.408116 
40270 0.318282 -0.243626 
40271 0.31722 -0.080421 
40272 0.315781 0.0827894 
40273 0.314462 0.245858 
40274 0.312996 0.408778 
40275 -0.337214 -0.249675 
40276 -0.338786 -0.0865169 
40277 -0.340329 0.0767206 
40278 -0.341854 0.239679 
40279 -0.343439 0.402716 
40280 -0.173767 -0.24761 
40281 -0.175372 -0.084624 
40282 -0.176969 0.0782835 
40283 -0.178491 0.241032 
40284 -0.180214 0.403792 
40285 -0.0107492 -0.245644 
40286 -0.0124169 -0.0827966 
40287 -0.0140879 0.0797885 
40288 -0.0157886 0.242409 
40289 -0.0174197 0.404638 
40290 0.151678 -0.243459 
40291 0.150033 -0.0810751 
40292 0.148223 0.0814453 
40293 0.146518 0.243606 
40294 0.144853 0.405657 
40295 0.313608 -0.241311 
40296 0.311784 -0.079223 
40297 0.309962 0.0828203 
40298 0.308216 0.244847 
40299 0.306481 0.406655 
40300 -0.338217 -0.24947 
40301 -0.340256 -0.0869001 
40302 -0.342195 0.0752747 
40303 -0.344183 0.237535 
40304 -0.346075 0.399662 
40305 -0.175503 -0.246786 
40306 -0.177481 -0.0845237 
40307 -0.179499 0.0773968 
40308 -0.181589 0.2392 
40309 -0.183558 0.400877 
40310 -0.0134302 -0.244145 
40311 -0.0155622 -0.0823693 
40312 -0.0175557 0.079255 
40313 -0.0197371 0.240675 
40314 -0.0217878 0.402026 
40315 0.148054 -0.241616 
40316 0.145829 -0.080267 
40317 0.14376 0.0810153 
40318 0.14158 0.242348 
40319 0.139365 0.403351 
40320 0.308632 -0.239033 
40321 0.306538 -0.0779028 
40322 0.304449 0.0830084 
40323 0.302163 0.243867 
40324 0.29988 0.404496 
40325 -0.339283 -0.248784 
40326 -0.341659 -0.0872752 
40327 -0.344101 0.0742646 
40328 -0.346312 0.235565 
40329 -0.348695 0.396768 
40330 -0.177214 -0.245739 
40331 -0.179668 -0.0845937 
40332 -0.182026 0.0763866 
40333 -0.184336 0.23741 
40334 -0.186898 0.398273 
40335 -0.0160226 -0.242704 
40336 -0.0184353 -0.0818537 
40337 -0.0209949 0.0787075 
40338 -0.0234187 0.239356 
40339 -0.0258993 0.399603 
40340 0.144344 -0.239596 
40341 0.141837 -0.0792018 
40342 0.139228 0.0811133 
40343 0.136794 0.241106 
40344 0.134165 0.40112 
40345 0.303986 -0.236475 
40346 0.3013 -0.0764764 
40347 0.298721 0.0833545 
40348 0.296133 0.242982 
40349 0.29355 0.402603 
40350 -0.340125 -0.248307 
40351 -0.342889 -0.0875346 
40352 -0.345629 0.0731843 
40353 -0.348445 0.233646 
40354 -0.351216 0.394022 
40355 -0.178886 -0.244799 
40356 -0.181759 -0.0842575 
40357 -0.184585 0.0757544 
40358 -0.187344 0.23569 
40359 -0.19026 0.395704 
40360 -0.0186288 -0.240997 
40361 -0.0215376 -0.0813584 
40362 -0.0243829 0.0784581 
40363 -0.0273363 0.237931 
40364 -0.0301782 0.397373 
40365 0.140745 -0.237539 
40366 0.137716 -0.0780807 
40367 0.134929 0.080962 
40368 0.131923 0.240165 
40369 0.129015 0.399076 
40370 0.299152 -0.233877 
40371 0.296138 -0.0750135 
40372 0.2932 0.0836259 
40373 0.290255 0.242351 
40374 0.287185 0.400864 
40375 -0.341061 -0.247474 
40376 -0.344371 -0.0875308 
40377 -0.347295 0.0720711 
40378 -0.350617 0.231678 
40379 -0.353875 0.391432 
40380 -0.180627 -0.243623 
40381 -0.183845 -0.0841463 
40382 -0.186868 0.0752631 
40383 -0.190307 0.234387 
40384 -0.193598 0.393418 
40385 -0.0211939 -0.239467 
40386 -0.0245588 -0.0806573 
40387 -0.0278528 0.0782558 
40388 -0.0311405 0.236743 
40389 -0.0343736 0.395445 
40390 0.137035 -0.235334 
40391 0.133802 -0.0770692 
40392 0.130535 0.0811442 
40393 0.127091 0.239437 
40394 0.123707 0.397279 
40395 0.29439 -0.231347 
40396 0.291087 -0.0735843 
40397 0.287696 0.084131 
40398 0.2842 0.241642 
40399 0.280942 0.399337 
40400 -0.342005 -0.246843 
40401 -0.345594 -0.0876416 
40402 -0.349199 0.0712578 
40403 -0.352859 0.230233 
40404 -0.356324 0.388971 
40405 -0.18218 -0.242194 
40406 -0.186001 -0.0836277 
40407 -0.189561 0.0747352 
40408 -0.193207 0.232995 
40409 -0.196862 0.391195 
40410 -0.0237124 -0.237519 
40411 -0.0275119 -0.0796792 
40412 -0.0310553 0.0780896 
40413 -0.0347123 0.23581 
40414 -0.0384407 0.393299 
40415 0.133493 -0.233103 
40416 0.129948 -0.0756598 
40417 0.126172 0.0815035 
40418 0.122431 0.238639 
40419 0.118688 0.395627 
40420 0.28962 -0.228493 
40421 0.286051 -0.071821 
40422 0.282128 0.0847986 
40423 0.278426 0.241274 
40424 0.274765 0.397756 
40425 -0.342878 -0.245736 
40426 -0.346895 -0.0876708 
40427 -0.351033 0.0706172 
40428 -0.354836 0.228759 
40429 -0.358922 0.386642 
40430 -0.184078 -0.240733 
40431 -0.188098 -0.0831434 
40432 -0.191996 0.0743416 
40433 -0.196218 0.23173 
40434 -0.200136 0.389097 
40435 -0.0263541 -0.235693 
40436 -0.0303881 -0.0788071 
40437 -0.0344876 0.0782894 
40438 -0.0385519 0.234738 
40439 -0.0426054 0.391663 
40440 0.129969 -0.230652 
40441 0.125857 -0.0744531 
40442 0.121864 0.0819228 
40443 0.117758 0.237938 
40444 0.113775 0.393997 
40445 0.285011 -0.225761 
40446 0.281075 -0.0700772 
40447 0.276917 0.0854797 
40448 0.272758 0.241074 
40449 0.268667 0.396496 
40450 -0.343929 -0.244799 
40451 -0.348305 -0.0873387 
40452 -0.352782 0.0700643 
40453 -0.35705 0.227387 
40454 -0.361585 0.384646 
40455 -0.185714 -0.239445 
40456 -0.190135 -0.0825715 
40457 -0.194434 0.0740885 
40458 -0.199126 0.230719 
40459 -0.203343 0.387383 
40460 -0.0286873 -0.233715 
40461 -0.0333094 -0.0776812 
40462 -0.0376893 0.0782485 
40463 -0.0422301 0.234147 
40464 -0.0466574 0.390088 
40465 0.12634 -0.228266 
40466 0.122122 -0.0729222 
40467 0.117652 0.0823881 
40468 0.113174 0.237477 
40469 0.108476 0.392677 
40470 0.280461 -0.22283 
40471 0.275936 -0.0681567 
40472 0.271612 0.086355 
40473 0.267113 0.240946 
40474 0.262699 0.395291 
40475 -0.344814 -0.243643 
40476 -0.349505 -0.0871872 
40477 -0.354528 0.0695657 
40478 -0.359317 0.226084 
40479 -0.364178 0.382684 
40480 -0.187394 -0.237559 
40481 -0.192197 -0.0816709 
40482 -0.19698 0.0740814 
40483 -0.201869 0.229863 
40484 -0.206672 0.385572 
40485 -0.0313259 -0.231457 
40486 -0.0362182 -0.0765457 
40487 -0.0409822 0.0784949 
40488 -0.0459484 0.233538 
40489 -0.0505839 0.388554 
40490 0.123123 -0.225696 
40491 0.118083 -0.0715102 
40492 0.113432 0.0829584 
40493 0.108642 0.237069 
40494 0.103767 0.391512 
40495 0.275893 -0.219972 
40496 0.271057 -0.0663282 
40497 0.266253 0.0872349 
40498 0.261559 0.240849 
40499 0.256669 0.394198 
40500 -0.345696 -0.242222 
40501 -0.350974 -0.0865368 
40502 -0.35624 0.0692477 
40503 -0.361418 0.224979 
40504 -0.366719 0.380758 
40505 -0.188947 -0.235726 
40506 -0.194089 -0.0809549 
40507 -0.199423 0.0741356 
40508 -0.204512 0.229039 
40509 -0.209657 0.383989 
40510 -0.0339367 -0.229505 
40511 -0.0390314 -0.075441 
40512 -0.0443597 0.0788307 
40513 -0.0493788 0.233019 
40514 -0.0547593 0.38711 
40515 0.119504 -0.223073 
40516 0.114349 -0.0698939 
40517 0.109192 0.0836663 
40518 0.103959 0.236941 
40519 0.0988625 0.390373 
40520 0.271397 -0.216885 
40521 0.266154 -0.0642791 
40522 0.260993 0.0882236 
40523 0.25585 0.240741 
40524 0.250911 0.393505 
40525 -0.346577 -0.240976 
40526 -0.35233 -0.0861153 
40527 -0.357878 0.068927 
40528 -0.363595 0.223933 
40529 -0.369241 0.379286 
40530 -0.190541 -0.234045 
40531 -0.196327 -0.080078 
40532 -0.201963 0.0740641 
40533 -0.207429 0.228344 
40534 -0.213035 0.382646 
40535 -0.0365475 -0.227128 
40536 -0.0421275 -0.0740589 
40537 -0.0476066 0.0793295 
40538 -0.0530281 0.232516 
40539 -0.0585596 0.38586 
40540 0.116058 -0.220463 
40541 0.110551 -0.0681576 
40542 0.104987 0.0843599 
40543 0.09958 0.236832 
40544 0.094127 0.389383 
40545 0.266808 -0.213728 
40546 0.261264 -0.0622785 
40547 0.255833 0.0892466 
40548 0.250526 0.240883 
40549 0.245161 0.39268 
40550 -0.347629 -0.239428 
40551 -0.353541 -0.085372 
40552 -0.359767 0.0688435 
40553 -0.365873 0.223174 
40554 -0.371718 0.377658 
40555 -0.192431 -0.232176 
40556 -0.198227 -0.0787246 
40557 -0.204218 0.0744254 
40558 -0.210177 0.227767 
40559 -0.216129 0.381356 
40560 -0.0390708 -0.224965 
40561 -0.0449796 -0.0726748 
40562 -0.050816 0.0797234 
40563 -0.0566779 0.232212 
40564 -0.0625603 0.384785 
40565 0.112546 -0.217688 
40566 0.106765 -0.0663019 
40567 0.100921 0.0849981 
40568 0.0950975 0.236735 
40569 0.0894003 0.388417 
40570 0.262247 -0.210635 
40571 0.256533 -0.0601848 
40572 0.250713 0.0904096 
40573 0.245127 0.241027 
40574 0.239578 0.391973 
40575 -0.348495 -0.237838 
40576 -0.354888 -0.0846065 
40577 -0.361415 0.0688704 
40578 -0.367732 0.222574 
40579 -0.374356 0.376332 
40580 -0.194118 -0.230187 
40581 -0.200406 -0.0777778 
40582 -0.206696 0.0746278 
40583 -0.212899 0.227458 
40584 -0.219427 0.380185 
40585 -0.0415218 -0.22264 
40586 -0.0478215 -0.0709852 
40587 -0.0539064 0.0804407 
40588 -0.0601169 0.232117 
40589 -0.0663064 0.383989 
40590 0.109125 -0.215006 
40591 0.10303 -0.0645289 
40592 0.0968793 0.0859368 
40593 0.0907671 0.236867 
40594 0.0847409 0.387787 
40595 0.257737 -0.207541 
40596 0.251786 -0.0580269 
40597 0.245794 0.0917393 
40598 0.239913 0.241464 
40599 0.233956 0.391423 
40600 -0.349447 -0.236148 
40601 -0.356278 -0.08359 
40602 -0.362954 0.0690329 
40603 -0.369922 0.22207 
40604 -0.376734 0.375153 
40605 -0.195723 -0.228026 
40606 -0.202485 -0.0764913 
40607 -0.209184 0.0750436 
40608 -0.215747 0.227145 
40609 -0.222457 0.379096 
40610 -0.0440366 -0.219985 
40611 -0.0505556 -0.0696424 
40612 -0.057218 0.0809254 
40613 -0.0636652 0.231979 
40614 -0.0701178 0.383115 
40615 0.105477 -0.212011 
40616 0.0992155 -0.0626787 
40617 0.0928166 0.0870473 
40618 0.086462 0.236915 
40619 0.0799133 0.387095 
40620 0.253163 -0.204286 
40621 0.2471 -0.0558543 
40622 0.240845 0.0929566 
40623 0.234611 0.24172 
40624 0.228343 0.390969 
40625 -0.350279 -0.234372 
40626 -0.357597 -0.0825655 
40627 -0.364802 0.0693194 
40628 -0.371954 0.221485 
40629 -0.379269 0.374116 
40630 -0.197393 -0.22573 
40631 -0.20446 -0.07518 
40632 -0.211453 0.0755962 
40633 -0.218346 0.226785 
40634 -0.225499 0.378317 
40635 -0.0465847 -0.217539 
40636 -0.0534328 -0.0679069 
40637 -0.0602621 0.0818278 
40638 -0.0669836 0.232199 
40639 -0.0739353 0.382487 
40640 0.102201 -0.209176 
40641 0.0955025 -0.0606518 
40642 0.088891 0.0880383 
40643 0.0821823 0.237128 
40644 0.0756703 0.386548 
40645 0.248815 -0.201166 
40646 0.242396 -0.0535707 
40647 0.235829 0.0942825 
40648 0.229485 0.242126 
40649 0.223022 0.390618 
40650 -0.351376 -0.232476 
40651 -0.35896 -0.0815923 
40652 -0.366471 0.0695446 
40653 -0.374048 0.221207 
40654 -0.381623 0.373197 
40655 -0.199106 -0.223778 
40656 -0.206523 -0.0739101 
40657 -0.213892 0.0761115 
40658 -0.22117 0.226755 
40659 -0.228425 0.377591 
40660 -0.049066 -0.214911 
40661 -0.0562417 -0.0660637 
40662 -0.0633453 0.0827746 
40663 -0.0704352 0.232137 
40664 -0.0774876 0.381947 
40665 0.0987505 -0.206346 
40666 0.0918913 -0.0586929 
40667 0.0848844 0.0893187 
40668 0.0781206 0.237567 
40669 0.0711189 0.386103 
40670 0.244518 -0.197672 
40671 0.237556 -0.0513176 
40672 0.231261 0.095533 
40673 0.224526 0.24266 
40674 0.217628 0.390408 
