40575 -0.333362 -0.249916 
40576 -0.333401 -0.0832862 
40577 -0.333372 0.0833459 
40578 -0.333316 0.249948 
40579 -0.333258 0.416576 
40580 -0.166599 -0.249892 
40581 -0.16669 -0.0833428 
40582 -0.166704 0.0833652 
40583 -0.166633 0.250062 
40584 -0.166654 0.416591 
40585 0.000105163 -0.249978 
40586 -6.18538e-05 -0.0833178 
40587 -9.74086e-06 0.0834574 
40588 -7.17221e-05 0.249981 
40589 9.52343e-06 0.416613 
40590 0.166623 -0.249979 
40591 0.166648 -0.083422 
40592 0.16659 0.0834863 
40593 0.166732 0.249999 
40594 0.166792 0.416722 
40595 0.33331 -0.250021 
40596 0.333397 -0.0833994 
40597 0.333425 0.0833414 
40598 0.333297 0.250045 
40599 0.333336 0.41661 
40600 -0.334047 -0.248079 
40601 -0.334504 -0.0822408 
40602 -0.335073 0.0834405 
40603 -0.335561 0.249316 
40604 -0.335986 0.415216 
40605 -0.16827 -0.247461 
40606 -0.168823 -0.0818495 
40607 -0.169126 0.0839919 
40608 -0.169536 0.249529 
40609 -0.169991 0.415361 
40610 -0.00269629 -0.246974 
40611 -0.00310116 -0.0813231 
40612 -0.00356971 0.084092 
40613 -0.00393392 0.249941 
40614 -0.00423024 0.415688 
40615 0.162666 -0.246479 
40616 0.162289 -0.0809225 
40617 0.162168 0.0845813 
40618 0.161789 0.250191 
40619 0.16137 0.415893 
40620 0.328021 -0.245993 
40621 0.327799 -0.0805785 
40622 0.327478 0.0849324 
40623 0.327166 0.250514 
40624 0.326921 0.415961 
40625 -0.335085 -0.245719 
40626 -0.335796 -0.0811503 
40627 -0.336846 0.0838111 
40628 -0.337639 0.248842 
40629 -0.338639 0.41401 
40630 -0.170001 -0.244878 
40631 -0.170906 -0.0801349 
40632 -0.171652 0.0845941 
40633 -0.172529 0.249386 
40634 -0.173405 0.414315 
40635 -0.00538898 -0.24395 
40636 -0.00603035 -0.0794489 
40637 -0.00701408 0.0853232 
40638 -0.00753506 0.249866 
40639 -0.00842004 0.414824 
40640 0.158792 -0.243002 
40641 0.15833 -0.078633 
40642 0.157591 0.0858562 
40643 0.157076 0.250496 
40644 0.156215 0.415363 
40645 0.32298 -0.241857 
40646 0.322386 -0.0776131 
40647 0.321739 0.0865634 
40648 0.321124 0.251034 
40649 0.320595 0.415549 
40650 -0.33586 -0.243563 
40651 -0.33707 -0.0797252 
40652 -0.33827 0.0842567 
40653 -0.33977 0.248421 
40654 -0.341069 0.412942 
40655 -0.171744 -0.242098 
40656 -0.172829 -0.0784753 
40657 -0.17405 0.0852974 
40658 -0.175303 0.249274 
40659 -0.176524 0.413447 
40660 -0.00807411 -0.240845 
40661 -0.00918233 -0.0772578 
40662 -0.010275 0.0861606 
40663 -0.0114107 0.249973 
40664 -0.0125439 0.414141 
40665 0.155086 -0.239329 
40666 0.1541 -0.0762134 
40667 0.1531 0.0872562 
40668 0.152056 0.250829 
40669 0.151111 0.414853 
40670 0.317926 -0.237892 
40671 0.316936 -0.0748992 
40672 0.316092 0.0881879 
40673 0.31521 0.251601 
40674 0.314328 0.415219 
40675 -0.336594 -0.241147 
40676 -0.338444 -0.0782325 
40677 -0.340165 0.0847826 
40678 -0.341998 0.24825 
40679 -0.343591 0.411869 
40680 -0.173413 -0.239355 
40681 -0.175087 -0.0767193 
40682 -0.176659 0.0861492 
40683 -0.178262 0.249182 
40684 -0.179925 0.412595 
40685 -0.0109118 -0.237498 
40686 -0.0122037 -0.07524 
40687 -0.0137232 0.0873971 
40688 -0.0151367 0.250265 
40689 -0.0166005 0.413507 
40690 0.15125 -0.235667 
40691 0.149949 -0.0737688 
40692 0.148689 0.0887089 
40693 0.147405 0.251348 
40694 0.146153 0.414371 
40695 0.312813 -0.233889 
40696 0.311676 -0.0720365 
40697 0.310529 0.0899248 
40698 0.309397 0.252455 
40699 0.308267 0.414943 
40700 -0.337601 -0.238548 
40701 -0.339519 -0.0768855 
40702 -0.341722 0.0852358 
40703 -0.343966 0.24803 
40704 -0.346143 0.411085 
40705 -0.175215 -0.236378 
40706 -0.177031 -0.0749688 
40707 -0.178985 0.0871511 
40708 -0.18109 0.249401 
40709 -0.182983 0.412178 
40710 -0.0134563 -0.234103 
40711 -0.015212 -0.0729199 
40712 -0.0169297 0.0886007 
40713 -0.0187697 0.250508 
40714 -0.0206365 0.412952 
40715 0.147506 -0.23194 
40716 0.14599 -0.0710948 
40717 0.14427 0.0901555 
40718 0.142852 0.251834 
40719 0.141328 0.41393 
40720 0.307789 -0.229744 
40721 0.306444 -0.0691778 
40722 0.305021 0.0916761 
40723 0.30376 0.253166 
40724 0.302212 0.414618 
40725 -0.338385 -0.236146 
40726 -0.340837 -0.0751554 
40727 -0.343433 0.0861714 
40728 -0.345984 0.248079 
40729 -0.348568 0.410444 
40730 -0.176877 -0.233517 
40731 -0.179178 -0.0730674 
40732 -0.181567 0.0880218 
40733 -0.183793 0.249511 
40734 -0.186177 0.4114 
40735 -0.0161729 -0.230748 
40736 -0.0182744 -0.0705969 
40737 -0.0204144 0.0898915 
40738 -0.0224009 0.250918 
40739 -0.0244696 0.412538 
40740 0.143782 -0.228362 
40741 0.14191 -0.0684344 
40742 0.139977 0.0917838 
40743 0.138088 0.252518 
40744 0.136383 0.413604 
40745 0.302733 -0.225669 
40746 0.301264 -0.0662571 
40747 0.299467 0.0935111 
40748 0.298133 0.253841 
40749 0.296574 0.414684 
40750 -0.33929 -0.23361 
40751 -0.342151 -0.0734511 
40752 -0.345126 0.0870003 
40753 -0.348119 0.248224 
40754 -0.350996 0.409935 
40755 -0.178551 -0.230548 
40756 -0.181108 -0.0709732 
40757 -0.183961 0.0891968 
40758 -0.186572 0.249938 
40759 -0.189166 0.411161 
40760 -0.0187306 -0.227485 
40761 -0.0212603 -0.0684701 
40762 -0.0234737 0.0912117 
40763 -0.0258753 0.251471 
40764 -0.0282007 0.412252 
40765 0.139948 -0.224615 
40766 0.137896 -0.0658716 
40767 0.13582 0.0933382 
40768 0.133769 0.253188 
40769 0.13162 0.413529 
40770 0.297883 -0.221618 
40771 0.296014 -0.0633436 
40772 0.294335 0.0954756 
40773 0.292464 0.25471 
40774 0.290677 0.414576 
40775 -0.340188 -0.230827 
40776 -0.343375 -0.0718396 
40777 -0.346786 0.0879776 
40778 -0.350046 0.248372 
40779 -0.353287 0.409419 
40780 -0.1803 -0.227447 
40781 -0.183264 -0.0689713 
40782 -0.186097 0.0903324 
40783 -0.189282 0.250218 
40784 -0.192196 0.410713 
40785 -0.0215066 -0.224041 
40786 -0.0241387 -0.0659285 
40787 -0.0267737 0.0926326 
40788 -0.029345 0.252039 
40789 -0.0321405 0.412229 
40790 0.136169 -0.220907 
40791 0.133934 -0.0632185 
40792 0.131688 0.0950317 
40793 0.12929 0.253866 
40794 0.126939 0.413259 
40795 0.292979 -0.217324 
40796 0.290934 -0.0604554 
40797 0.28898 0.0973361 
40798 0.286956 0.255568 
40799 0.285022 0.414685 
40800 -0.341033 -0.228154 
40801 -0.344668 -0.0697876 
40802 -0.348405 0.0889878 
40803 -0.352046 0.248842 
40804 -0.355826 0.409202 
40805 -0.182045 -0.22427 
40806 -0.185249 -0.0666273 
40807 -0.188571 0.0916352 
40808 -0.191972 0.250595 
40809 -0.195245 0.410672 
40810 -0.0242435 -0.220638 
40811 -0.0270123 -0.0635927 
40812 -0.0299816 0.0941549 
40813 -0.0328991 0.252692 
40814 -0.0358082 0.411915 
40815 0.132561 -0.217089 
40816 0.1299 -0.06055 
40817 0.127487 0.0966149 
40818 0.124945 0.254557 
40819 0.122467 0.413395 
40820 0.28803 -0.213404 
40821 0.285897 -0.0575366 
40822 0.283779 0.0991274 
40823 0.281642 0.256662 
40824 0.279536 0.414608 
40825 -0.341989 -0.225089 
40826 -0.345912 -0.0678834 
40827 -0.350023 0.0901368 
40828 -0.354019 0.249147 
40829 -0.358074 0.409055 
40830 -0.183859 -0.221191 
40831 -0.187354 -0.0645754 
40832 -0.190708 0.092845 
40833 -0.19445 0.251273 
40834 -0.198221 0.410434 
40835 -0.0268701 -0.217345 
40836 -0.0301297 -0.0611904 
40837 -0.0331992 0.0957288 
40838 -0.0362531 0.253288 
40839 -0.0394645 0.411913 
40840 0.128683 -0.213338 
40841 0.125911 -0.0578218 
40842 0.123305 0.0983146 
40843 0.120659 0.255605 
40844 0.117892 0.413414 
40845 0.283127 -0.209394 
40846 0.280809 -0.0546085 
40847 0.278591 0.101179 
40848 0.276337 0.257626 
40849 0.274013 0.414863 
40850 -0.342863 -0.222224 
40851 -0.347254 -0.0657716 
40852 -0.351461 0.0914616 
40853 -0.356129 0.249762 
40854 -0.360272 0.409024 
40855 -0.185524 -0.218103 
40856 -0.18946 -0.062257 
40857 -0.19307 0.094216 
40858 -0.197008 0.251893 
40859 -0.200865 0.410456 
40860 -0.0296319 -0.213792 
40861 -0.0328744 -0.0588637 
40862 -0.0362649 0.0972705 
40863 -0.0396482 0.254243 
40864 -0.0429442 0.412006 
40865 0.125023 -0.209508 
40866 0.122145 -0.0552154 
40867 0.11932 0.100145 
40868 0.116404 0.256485 
40869 0.113452 0.413568 
40870 0.278352 -0.205394 
40871 0.275897 -0.0516251 
40872 0.273386 0.102912 
40873 0.27109 0.258554 
40874 0.268716 0.415029 
40875 -0.343857 -0.219145 
40876 -0.348478 -0.0637388 
40877 -0.353168 0.0926766 
40878 -0.357822 0.250336 
40879 -0.362404 0.408864 
40880 -0.187387 -0.214768 
40881 -0.191468 -0.0599819 
40882 -0.195463 0.0958252 
40883 -0.199689 0.252563 
40884 -0.203757 0.410394 
40885 -0.0323902 -0.210025 
40886 -0.0357496 -0.0561027 
40887 -0.0392277 0.098783 
40888 -0.0428841 0.254948 
40889 -0.0465136 0.412176 
40890 0.121268 -0.205816 
40891 0.118339 -0.0525544 
40892 0.115344 0.101817 
40893 0.112224 0.257231 
40894 0.109129 0.413662 
40895 0.273457 -0.201423 
40896 0.270914 -0.048777 
40897 0.268509 0.104857 
40898 0.266048 0.259573 
40899 0.263482 0.415359 
40900 -0.344963 -0.216225 
40901 -0.349913 -0.0616601 
40902 -0.354577 0.0941058 
40903 -0.359505 0.250997 
40904 -0.3647 0.409062 
40905 -0.189184 -0.211384 
40906 -0.193559 -0.0576282 
40907 -0.197863 0.097317 
40908 -0.202206 0.253339 
40909 -0.206401 0.410692 
40910 -0.0350816 -0.206626 
40911 -0.0386754 -0.0536334 
40912 -0.0425367 0.10049 
40913 -0.0461714 0.25574 
40914 -0.0498771 0.412377 
40915 0.117485 -0.20194 
40916 0.114571 -0.0498209 
40917 0.111257 0.103737 
40918 0.108129 0.258224 
40919 0.104993 0.413935 
40920 0.268657 -0.197323 
40921 0.266034 -0.0458752 
40922 0.263439 0.106889 
40923 0.260989 0.260496 
40924 0.258288 0.41537 
40925 -0.34588 -0.213218 
40926 -0.351085 -0.059457 
40927 -0.356169 0.0955985 
40928 -0.36149 0.251645 
40929 -0.366831 0.409508 
40930 -0.190942 -0.208121 
40931 -0.195373 -0.0552896 
40932 -0.199996 0.0988558 
40933 -0.204514 0.254182 
40934 -0.209234 0.410917 
40935 -0.0376755 -0.203302 
40936 -0.0414811 -0.051219 
40937 -0.0454056 0.102084 
40938 -0.0494142 0.256716 
40939 -0.0532968 0.412537 
40940 0.113916 -0.198474 
40941 0.110571 -0.0472363 
40942 0.107483 0.105352 
40943 0.104206 0.259176 
40944 0.100852 0.414158 
40945 0.263696 -0.193462 
40946 0.261151 -0.0429293 
40947 0.258684 0.108717 
40948 0.255968 0.261764 
40949 0.253312 0.415692 
40950 -0.346957 -0.209992 
40951 -0.352375 -0.0572466 
40952 -0.357878 0.0969788 
40953 -0.363251 0.25249 
40954 -0.368807 0.409568 
40955 -0.192901 -0.204884 
40956 -0.197533 -0.0528952 
40957 -0.202276 0.100489 
40958 -0.207001 0.255 
40959 -0.211801 0.411296 
40960 -0.0405828 -0.199716 
40961 -0.0444962 -0.0485865 
40962 -0.0483918 0.103898 
40963 -0.0525195 0.257759 
40964 -0.0566614 0.412884 
40965 0.110187 -0.194613 
40966 0.106819 -0.0443506 
40967 0.103657 0.107313 
40968 0.100069 0.260081 
40969 0.0967402 0.414386 
40970 0.259041 -0.189607 
40971 0.256485 -0.040173 
40972 0.253872 0.110557 
40973 0.251115 0.262605 
40974 0.248446 0.416007 
40975 -0.348003 -0.206857 
40976 -0.353788 -0.0549076 
40977 -0.359305 0.0987036 
40978 -0.36512 0.253631 
40979 -0.37098 0.410002 
40980 -0.194628 -0.201512 
40981 -0.1995 -0.0503279 
40982 -0.204291 0.10199 
40983 -0.209508 0.255982 
40984 -0.21442 0.411447 
40985 -0.0433486 -0.196183 
40986 -0.0473112 -0.04594 
40987 -0.0513746 0.105609 
40988 -0.0555935 0.258706 
40989 -0.0598289 0.413122 
40990 0.106486 -0.19099 
40991 0.103059 -0.0416751 
40992 0.0996907 0.108853 
40993 0.0961884 0.260948 
40994 0.0929071 0.414749 
40995 0.254306 -0.185975 
40996 0.251553 -0.037476 
40997 0.249149 0.112338 
40998 0.246272 0.263526 
40999 0.243661 0.416297 
41000 -0.349213 -0.20362 
41001 -0.355028 -0.0525683 
41002 -0.360894 0.100215 
41003 -0.366809 0.254527 
41004 -0.373044 0.410322 
41005 -0.1966 -0.198145 
41006 -0.201641 -0.0480032 
41007 -0.206791 0.103785 
41008 -0.211724 0.256969 
41009 -0.216965 0.411979 
41010 -0.0459082 -0.192757 
41011 -0.0501529 -0.0434735 
41012 -0.054545 0.107191 
41013 -0.0586932 0.259555 
41014 -0.0631248 0.413492 
41015 0.102688 -0.187384 
41016 0.099454 -0.0390759 
41017 0.0959367 0.110828 
41018 0.0925581 0.2621 
41019 0.0889304 0.414994 
41020 0.249756 -0.182131 
41021 0.247068 -0.0346943 
41022 0.244416 0.114136 
41023 0.241657 0.264567 
41024 0.238872 0.416466 
41025 -0.350322 -0.20044 
41026 -0.356364 -0.0501112 
41027 -0.362432 0.101775 
41028 -0.368703 0.255439 
41029 -0.374918 0.410868 
41030 -0.198468 -0.194759 
41031 -0.203579 -0.0454796 
41032 -0.208717 0.105514 
41033 -0.213898 0.25802 
41034 -0.219349 0.412447 
41035 -0.0486315 -0.189288 
41036 -0.0529781 -0.0409136 
41037 -0.0572033 0.109065 
41038 -0.0617574 0.260513 
41039 -0.0659506 0.413987 
41040 0.0990986 -0.18389 
41041 0.0955518 -0.0365398 
41042 0.0920964 0.112372 
41043 0.0886224 0.263096 
41044 0.0852925 0.415401 
41045 0.245053 -0.178431 
41046 0.242268 -0.0319432 
41047 0.239674 0.115923 
41048 0.236908 0.265542 
41049 0.234266 0.416879 
41050 -0.351451 -0.197106 
41051 -0.35773 -0.0476763 
41052 -0.363866 0.103501 
41053 -0.370206 0.256533 
41054 -0.376693 0.411438 
41055 -0.200357 -0.191603 
41056 -0.205598 -0.0431753 
41057 -0.21095 0.107203 
41058 -0.216304 0.259152 
41059 -0.221852 0.412999 
41060 -0.0514056 -0.185829 
41061 -0.0556943 -0.0383836 
41062 -0.0601244 0.110693 
41063 -0.0644528 0.261614 
41064 -0.0690765 0.414268 
41065 0.0953712 -0.18018 
41066 0.0920162 -0.033994 
41067 0.0886265 0.114213 
41068 0.0849786 0.264043 
41069 0.0814163 0.415636 
41070 0.240286 -0.174743 
41071 0.237562 -0.0292944 
41072 0.234973 0.117678 
41073 0.232384 0.26649 
41074 0.229653 0.417107 
