40600 -0.333416 -0.250017 
40601 -0.33331 -0.083325 
40602 -0.333419 0.0833832 
40603 -0.333381 0.250106 
40604 -0.333348 0.416743 
40605 -0.166668 -0.25003 
40606 -0.16669 -0.0832845 
40607 -0.166571 0.0834895 
40608 -0.166687 0.25008 
40609 -0.166697 0.416697 
40610 -9.74527e-06 -0.25001 
40611 -5.38241e-06 -0.0834144 
40612 8.07995e-05 0.0832377 
40613 -4.95626e-06 0.250021 
40614 -3.81058e-05 0.4167 
40615 0.166644 -0.250041 
40616 0.166618 -0.083424 
40617 0.166701 0.0833414 
40618 0.166668 0.249983 
40619 0.166737 0.416751 
40620 0.333469 -0.25006 
40621 0.333352 -0.0832673 
40622 0.33343 0.083286 
40623 0.333309 0.249996 
40624 0.333422 0.41668 
40625 -0.334273 -0.247736 
40626 -0.334462 -0.0819854 
40627 -0.335005 0.0837777 
40628 -0.335516 0.249354 
40629 -0.335918 0.415421 
40630 -0.168343 -0.247342 
40631 -0.168721 -0.0817636 
40632 -0.16928 0.0840495 
40633 -0.169574 0.249763 
40634 -0.16996 0.415684 
40635 -0.00267674 -0.246784 
40636 -0.0031377 -0.0812191 
40637 -0.00357969 0.0843795 
40638 -0.0039318 0.250042 
40639 -0.0041454 0.415743 
40640 0.162639 -0.246398 
40641 0.162427 -0.0809337 
40642 0.162221 0.0846581 
40643 0.16167 0.250218 
40644 0.161374 0.415887 
40645 0.328189 -0.245963 
40646 0.327759 -0.0805311 
40647 0.327569 0.0851773 
40648 0.327178 0.250638 
40649 0.327043 0.416119 
40650 -0.334948 -0.245583 
40651 -0.335825 -0.0808139 
40652 -0.336724 0.0840357 
40653 -0.33763 0.249001 
40654 -0.338498 0.414262 
40655 -0.170139 -0.244589 
40656 -0.17088 -0.0799654 
40657 -0.171598 0.0847501 
40658 -0.172492 0.249704 
40659 -0.173372 0.414605 
40660 -0.00540873 -0.243774 
40661 -0.00612562 -0.0792262 
40662 -0.00686234 0.0854094 
40663 -0.00760355 0.250088 
40664 -0.00845064 0.415087 
40665 0.158852 -0.242813 
40666 0.158242 -0.078416 
40667 0.157641 0.0860115 
40668 0.156958 0.250624 
40669 0.1563 0.415357 
40670 0.323033 -0.241769 
40671 0.322475 -0.0776667 
40672 0.321876 0.0866491 
40673 0.321309 0.251091 
40674 0.320716 0.415776 
40675 -0.335775 -0.243199 
40676 -0.33708 -0.0792915 
40677 -0.338327 0.0846998 
40678 -0.339743 0.248826 
40679 -0.341052 0.413396 
40680 -0.17169 -0.241667 
40681 -0.172989 -0.0781999 
40682 -0.174132 0.0854156 
40683 -0.175433 0.249691 
40684 -0.176359 0.413956 
40685 -0.00814885 -0.240339 
40686 -0.00923612 -0.0770386 
40687 -0.0102844 0.0864342 
40688 -0.0113739 0.25038 
40689 -0.0123827 0.414455 
40690 0.155195 -0.238969 
40691 0.154109 -0.0759712 
40692 0.153128 0.0874463 
40693 0.152299 0.25116 
40694 0.151237 0.415035 
40695 0.317897 -0.237729 
40696 0.317011 -0.074722 
40697 0.316209 0.0885179 
40698 0.315367 0.251852 
40699 0.314481 0.415479 
40700 -0.336529 -0.240663 
40701 -0.338337 -0.0778679 
40702 -0.339991 0.0852178 
40703 -0.341886 0.248805 
40704 -0.343481 0.412309 
40705 -0.173377 -0.238807 
40706 -0.174996 -0.0762394 
40707 -0.17659 0.0864392 
40708 -0.178053 0.249745 
40709 -0.179759 0.413123 
40710 -0.0107708 -0.237082 
40711 -0.0121762 -0.0747773 
40712 -0.0135502 0.0878934 
40713 -0.0150928 0.250671 
40714 -0.0164714 0.413997 
40715 0.151234 -0.235278 
40716 0.150046 -0.0733241 
40717 0.148619 0.0890495 
40718 0.147493 0.251667 
40719 0.146262 0.414764 
40720 0.312695 -0.23352 
40721 0.311739 -0.0718956 
40722 0.310591 0.0902415 
40723 0.309529 0.252545 
40724 0.308517 0.41532 
40725 -0.337441 -0.238143 
40726 -0.339442 -0.0763286 
40727 -0.341716 0.085863 
40728 -0.343889 0.248673 
40729 -0.345926 0.411761 
40730 -0.175139 -0.235959 
40731 -0.177054 -0.074294 
40732 -0.178979 0.0875756 
40733 -0.18086 0.249888 
40734 -0.182825 0.412683 
40735 -0.0135627 -0.233747 
40736 -0.0153488 -0.0725794 
40737 -0.0169471 0.0890764 
40738 -0.0185205 0.251088 
40739 -0.0204468 0.413603 
40740 0.147525 -0.231641 
40741 0.14594 -0.070636 
40742 0.144277 0.0905464 
40743 0.142887 0.252248 
40744 0.141463 0.414457 
40745 0.307771 -0.229368 
40746 0.306464 -0.0688062 
40747 0.305268 0.092266 
40748 0.303803 0.253471 
40749 0.302538 0.415252 
40750 -0.33832 -0.23541 
40751 -0.340817 -0.0745274 
40752 -0.343311 0.0870245 
40753 -0.345926 0.248756 
40754 -0.348374 0.411294 
40755 -0.176781 -0.2329 
40756 -0.179133 -0.0722744 
40757 -0.181379 0.0886291 
40758 -0.183677 0.250061 
40759 -0.186026 0.412166 
40760 -0.0161795 -0.230299 
40761 -0.018195 -0.0701017 
40762 -0.0201443 0.0903857 
40763 -0.0222915 0.251461 
40764 -0.0243338 0.413228 
40765 0.143607 -0.22768 
40766 0.141949 -0.0680982 
40767 0.140213 0.092191 
40768 0.138286 0.252958 
40769 0.136611 0.414063 
40770 0.302664 -0.225086 
40771 0.301136 -0.0659208 
40772 0.299713 0.0938912 
40773 0.298214 0.254405 
40774 0.296641 0.415216 
40775 -0.339322 -0.232705 
40776 -0.342108 -0.0727212 
40777 -0.34499 0.0878313 
40778 -0.348018 0.249026 
40779 -0.350682 0.410755 
40780 -0.178604 -0.229718 
40781 -0.18124 -0.0704346 
40782 -0.183717 0.0898982 
40783 -0.186314 0.250534 
40784 -0.188965 0.411849 
40785 -0.0188982 -0.226677 
40786 -0.0212614 -0.0677617 
40787 -0.0233815 0.0918827 
40788 -0.0257465 0.252154 
40789 -0.0281347 0.412861 
40790 0.139756 -0.223805 
40791 0.137762 -0.06529 
40792 0.135821 0.0938938 
40793 0.1339 0.253762 
40794 0.132033 0.414028 
40795 0.297683 -0.221009 
40796 0.295897 -0.0630239 
40797 0.294418 0.0959321 
40798 0.292625 0.25517 
40799 0.291134 0.415015 
40800 -0.340062 -0.229908 
40801 -0.343305 -0.0707996 
40802 -0.346641 0.0888617 
40803 -0.349694 0.249297 
40804 -0.353254 0.410587 
40805 -0.180295 -0.22663 
40806 -0.183251 -0.0681016 
40807 -0.186111 0.0910055 
40808 -0.189019 0.251164 
40809 -0.192062 0.41164 
40810 -0.0216646 -0.223409 
40811 -0.0242044 -0.0653426 
40812 -0.0267295 0.0933585 
40813 -0.0291115 0.252832 
40814 -0.0317642 0.412962 
40815 0.136014 -0.220183 
40816 0.133881 -0.0626106 
40817 0.131676 0.0956456 
40818 0.129627 0.254571 
40819 0.127344 0.414011 
40820 0.292721 -0.217023 
40821 0.29102 -0.0599573 
40822 0.289003 0.0977737 
40823 0.287122 0.256134 
40824 0.285395 0.415124 
40825 -0.341041 -0.22708 
40826 -0.344627 -0.068859 
40827 -0.34817 0.0900483 
40828 -0.351855 0.249688 
40829 -0.355572 0.410324 
40830 -0.182228 -0.223383 
40831 -0.185252 -0.0660186 
40832 -0.188419 0.0925204 
40833 -0.191621 0.251619 
40834 -0.194917 0.411674 
40835 -0.0242884 -0.219836 
40836 -0.027175 -0.0628604 
40837 -0.0299684 0.0948764 
40838 -0.032558 0.253322 
40839 -0.0354329 0.412774 
40840 0.13225 -0.216322 
40841 0.130004 -0.0599666 
40842 0.127651 0.0974645 
40843 0.125298 0.255362 
40844 0.122766 0.414123 
40845 0.287728 -0.212791 
40846 0.285888 -0.056936 
40847 0.283816 0.0995815 
40848 0.28202 0.257146 
40849 0.280012 0.415471 
40850 -0.341988 -0.224142 
40851 -0.345914 -0.0669563 
40852 -0.349856 0.0912803 
40853 -0.353738 0.250295 
40854 -0.357661 0.410146 
40855 -0.18384 -0.220168 
40856 -0.187386 -0.0636444 
40857 -0.19078 0.0938643 
40858 -0.194159 0.252281 
40859 -0.197822 0.411592 
40860 -0.0270981 -0.216283 
40861 -0.0301068 -0.060358 
40862 -0.0329984 0.0965712 
40863 -0.0360233 0.254289 
40864 -0.0391367 0.412838 
40865 0.128478 -0.212521 
40866 0.12598 -0.0573023 
40867 0.123443 0.099055 
40868 0.12089 0.256146 
40869 0.118582 0.414153 
40870 0.282903 -0.208798 
40871 0.280773 -0.0541167 
40872 0.278833 0.10159 
40873 0.276704 0.25817 
40874 0.27463 0.415384 
40875 -0.342902 -0.221038 
40876 -0.347124 -0.0647593 
40877 -0.351398 0.0925885 
40878 -0.355623 0.250806 
40879 -0.359825 0.410262 
40880 -0.185685 -0.216882 
40881 -0.189428 -0.0613026 
40882 -0.193104 0.0953989 
40883 -0.196811 0.252872 
40884 -0.200489 0.411603 
40885 -0.02985 -0.212836 
40886 -0.0329334 -0.0578564 
40887 -0.0362123 0.0982279 
40888 -0.0393543 0.255138 
40889 -0.0425307 0.413076 
40890 0.124844 -0.208866 
40891 0.122 -0.0544734 
40892 0.11948 0.101035 
40893 0.116698 0.257115 
40894 0.114041 0.414445 
40895 0.278044 -0.204768 
40896 0.27591 -0.051094 
40897 0.273785 0.103474 
40898 0.27138 0.259238 
40899 0.269286 0.415598 
40900 -0.344045 -0.21796 
40901 -0.348354 -0.0625619 
40902 -0.352916 0.0940381 
40903 -0.357478 0.251598 
40904 -0.362101 0.410415 
40905 -0.187507 -0.213679 
40906 -0.191408 -0.0589167 
40907 -0.195428 0.0968574 
40908 -0.199237 0.25371 
40909 -0.203264 0.411778 
40910 -0.0324884 -0.209239 
40911 -0.0357704 -0.0551891 
40912 -0.0391302 0.0996486 
40913 -0.0426777 0.255815 
40914 -0.0460505 0.413165 
40915 0.120996 -0.205047 
40916 0.11823 -0.0517841 
40917 0.115365 0.102569 
40918 0.112604 0.25804 
40919 0.10985 0.414598 
40920 0.273251 -0.200723 
40921 0.271008 -0.0481827 
40922 0.268718 0.105444 
40923 0.266348 0.260023 
40924 0.264177 0.41599 
40925 -0.344975 -0.214942 
40926 -0.349591 -0.0603172 
40927 -0.35452 0.0954105 
40928 -0.35931 0.252283 
40929 -0.364112 0.410593 
40930 -0.189271 -0.210348 
40931 -0.193424 -0.0565813 
40932 -0.19756 0.0984768 
40933 -0.201782 0.254502 
40934 -0.205895 0.412006 
40935 -0.0351652 -0.205849 
40936 -0.0386239 -0.0526908 
40937 -0.042309 0.101373 
40938 -0.0457935 0.256878 
40939 -0.0493735 0.413255 
40940 0.117325 -0.201327 
40941 0.114562 -0.0490033 
40942 0.111439 0.104281 
40943 0.108522 0.259024 
40944 0.105776 0.414829 
40945 0.268259 -0.196754 
40946 0.266158 -0.0452637 
40947 0.263854 0.107401 
40948 0.261436 0.261269 
40949 0.259121 0.416155 
40950 -0.346103 -0.211569 
40951 -0.351046 -0.0581189 
40952 -0.355955 0.0968165 
40953 -0.361195 0.253215 
40954 -0.36623 0.410942 
40955 -0.191183 -0.206963 
40956 -0.195435 -0.0541032 
40957 -0.199689 0.100037 
40958 -0.204178 0.255407 
40959 -0.208712 0.41232 
40960 -0.0378727 -0.20222 
40961 -0.0416207 -0.0501286 
40962 -0.0453765 0.103115 
40963 -0.0488759 0.257923 
40964 -0.0526416 0.413766 
40965 0.113508 -0.197402 
40966 0.11067 -0.0463848 
40967 0.107683 0.106084 
40968 0.104592 0.26001 
40969 0.10145 0.415179 
40970 0.263515 -0.19288 
40971 0.261163 -0.0424194 
40972 0.25891 0.10933 
40973 0.25648 0.2622 
40974 0.254123 0.416525 
40975 -0.347173 -0.208563 
40976 -0.352342 -0.0557986 
40977 -0.357659 0.0984705 
40978 -0.363107 0.254088 
40979 -0.368384 0.411245 
40980 -0.192873 -0.203631 
40981 -0.197453 -0.0516563 
40982 -0.202162 0.101662 
40983 -0.206586 0.256433 
40984 -0.211168 0.412703 
40985 -0.0407094 -0.198586 
40986 -0.044425 -0.0474712 
40987 -0.048143 0.104838 
40988 -0.0520627 0.258799 
40989 -0.0558609 0.414067 
40990 0.109885 -0.193792 
40991 0.106903 -0.0435344 
40992 0.103672 0.107963 
40993 0.100793 0.261086 
40994 0.0975333 0.415404 
40995 0.258753 -0.189031 
40996 0.256559 -0.039612 
40997 0.254047 0.110959 
40998 0.251667 0.263216 
40999 0.249262 0.416753 
41000 -0.348282 -0.205419 
41001 -0.353572 -0.0532858 
41002 -0.358998 0.0999538 
41003 -0.364703 0.255109 
41004 -0.370279 0.411465 
41005 -0.194772 -0.200087 
41006 -0.199631 -0.0491861 
41007 -0.204233 0.103307 
41008 -0.208938 0.257375 
41009 -0.213712 0.413085 
41010 -0.0433193 -0.19514 
41011 -0.0473035 -0.0449349 
41012 -0.0512572 0.106548 
41013 -0.0550766 0.259742 
41014 -0.0591775 0.41433 
41015 0.106202 -0.190046 
41016 0.103054 -0.0409472 
41017 0.0999795 0.109727 
41018 0.0969055 0.262018 
41019 0.0936115 0.415699 
41020 0.254082 -0.185404 
41021 0.251648 -0.0368879 
41022 0.249434 0.112836 
41023 0.246929 0.264336 
41024 0.244472 0.417015 
41025 -0.349423 -0.202068 
41026 -0.354842 -0.05093 
41027 -0.36065 0.10165 
41028 -0.366397 0.256144 
41029 -0.37214 0.412172 
41030 -0.196711 -0.196836 
41031 -0.201402 -0.0467365 
41032 -0.206293 0.104986 
41033 -0.211143 0.258461 
41034 -0.21609 0.413493 
41035 -0.0462069 -0.191731 
41036 -0.0499442 -0.0423677 
41037 -0.0541773 0.108258 
41038 -0.0581536 0.260699 
41039 -0.062114 0.414855 
41040 0.102504 -0.186464 
41041 0.0993208 -0.0382459 
41042 0.0962044 0.111552 
41043 0.0928988 0.262944 
41044 0.0898207 0.416021 
41045 0.249276 -0.181465 
41046 0.247101 -0.0341499 
41047 0.244756 0.114745 
41048 0.242196 0.2653 
41049 0.239921 0.417299 
41050 -0.3506 -0.198765 
41051 -0.356321 -0.0484279 
41052 -0.362284 0.103381 
41053 -0.368215 0.257164 
41054 -0.37416 0.412747 
41055 -0.198786 -0.193467 
41056 -0.203642 -0.0442735 
41057 -0.208475 0.106712 
41058 -0.213507 0.259401 
41059 -0.218554 0.413991 
41060 -0.0489082 -0.188025 
41061 -0.0529067 -0.0397323 
41062 -0.056988 0.110081 
41063 -0.0610234 0.261701 
41064 -0.065214 0.415131 
41065 0.0989064 -0.183001 
41066 0.0957027 -0.0355374 
41067 0.0924934 0.113303 
41068 0.0892824 0.263901 
41069 0.0858428 0.416503 
41070 0.244617 -0.177893 
41071 0.242316 -0.0313398 
41072 0.239918 0.116472 
41073 0.237676 0.266128 
41074 0.235123 0.41745 
41075 -0.351597 -0.195552 
41076 -0.357694 -0.0460897 
41077 -0.36376 0.105175 
41078 -0.369702 0.258328 
41079 -0.376048 0.413395 
41080 -0.200551 -0.190071 
41081 -0.205694 -0.0416602 
41082 -0.210745 0.108529 
41083 -0.215916 0.260463 
41084 -0.220929 0.414416 
41085 -0.0517198 -0.184742 
41086 -0.0557584 -0.037469 
41087 -0.0598383 0.111905 
41088 -0.0641022 0.262534 
41089 -0.0681842 0.41554 
41090 0.0952072 -0.179486 
41091 0.0919387 -0.0331323 
41092 0.0888099 0.114867 
41093 0.0855758 0.264992 
41094 0.0823384 0.416768 
41095 0.240025 -0.174224 
41096 0.237674 -0.0289517 
41097 0.235498 0.118156 
41098 0.23308 0.267056 
41099 0.230701 0.417771 
