40925 -0.333362 -0.25004 
40926 -0.333336 -0.0833153 
40927 -0.333424 0.0833042 
40928 -0.33337 0.249999 
40929 -0.333479 0.416607 
40930 -0.166671 -0.250123 
40931 -0.166603 -0.0833435 
40932 -0.166605 0.0833241 
40933 -0.166686 0.249988 
40934 -0.166742 0.416526 
40935 7.82672e-05 -0.249979 
40936 6.83684e-05 -0.0832747 
40937 -2.73535e-05 0.0832994 
40938 -6.51152e-06 0.249969 
40939 2.58756e-05 0.416722 
40940 0.166708 -0.249881 
40941 0.166566 -0.0832641 
40942 0.166646 0.083315 
40943 0.16667 0.250033 
40944 0.166547 0.416776 
40945 0.333201 -0.250064 
40946 0.333267 -0.0832496 
40947 0.333434 0.0833882 
40948 0.3333 0.250032 
40949 0.333353 0.416731 
40950 -0.334187 -0.246329 
40951 -0.334575 -0.0809105 
40952 -0.334766 0.0849313 
40953 -0.335135 0.250926 
40954 -0.335396 0.416939 
40955 -0.168554 -0.246148 
40956 -0.168798 -0.080655 
40957 -0.168983 0.0850876 
40958 -0.169249 0.250933 
40959 -0.169436 0.416859 
40960 -0.0027817 -0.246031 
40961 -0.00302843 -0.0804336 
40962 -0.00334548 0.0851952 
40963 -0.0033537 0.250906 
40964 -0.00348038 0.416891 
40965 0.162485 -0.245669 
40966 0.162364 -0.0802564 
40967 0.1624 0.0854424 
40968 0.162229 0.251019 
40969 0.162093 0.416806 
40970 0.327756 -0.245293 
40971 0.327726 -0.0800024 
40972 0.327792 0.0855702 
40973 0.327669 0.251145 
40974 0.327789 0.416786 
40975 -0.335203 -0.24293 
40976 -0.335768 -0.0783165 
40977 -0.336344 0.0866506 
40978 -0.336797 0.251734 
40979 -0.337416 0.417198 
40980 -0.170377 -0.242211 
40981 -0.170797 -0.0777797 
40982 -0.171147 0.0868249 
40983 -0.171621 0.251787 
40984 -0.17215 0.417001 
40985 -0.00595236 -0.241745 
40986 -0.00612727 -0.077477 
40987 -0.00646473 0.087125 
40988 -0.00671857 0.251827 
40989 -0.00708565 0.41709 
40990 0.158388 -0.241302 
40991 0.1582 -0.0771967 
40992 0.158047 0.0872553 
40993 0.157877 0.251944 
40994 0.157787 0.417026 
40995 0.322351 -0.240749 
40996 0.322381 -0.0768251 
40997 0.322395 0.0875132 
40998 0.322213 0.252074 
40999 0.322389 0.416845 
41000 -0.336159 -0.239237 
41001 -0.336873 -0.0756416 
41002 -0.337756 0.0883871 
41003 -0.338576 0.252684 
41004 -0.339494 0.417586 
41005 -0.172272 -0.238447 
41006 -0.172889 -0.0751446 
41007 -0.17351 0.0885657 
41008 -0.174058 0.252728 
41009 -0.174729 0.417467 
41010 -0.0088533 -0.237797 
41011 -0.00919299 -0.0746019 
41012 -0.0096873 0.0889306 
41013 -0.0100062 0.252871 
41014 -0.010388 0.417293 
41015 0.154382 -0.237155 
41016 0.15408 -0.0741424 
41017 0.153856 0.089168 
41018 0.15368 0.25297 
41019 0.15335 0.417123 
41020 0.316958 -0.236457 
41021 0.317042 -0.0735413 
41022 0.316867 0.0895783 
41023 0.316943 0.253093 
41024 0.316898 0.417089 
41025 -0.337164 -0.235457 
41026 -0.338215 -0.0731292 
41027 -0.339195 0.0900772 
41028 -0.34023 0.253605 
41029 -0.34125 0.417888 
41030 -0.174069 -0.234703 
41031 -0.174896 -0.0723082 
41032 -0.175655 0.0904097 
41033 -0.176353 0.253859 
41034 -0.177343 0.41771 
41035 -0.0117312 -0.23374 
41036 -0.012185 -0.0716561 
41037 -0.0127913 0.0907453 
41038 -0.0132236 0.253984 
41039 -0.013897 0.417413 
41040 0.150251 -0.232872 
41041 0.149892 -0.0711513 
41042 0.149758 0.0912239 
41043 0.149397 0.254161 
41044 0.14914 0.417393 
41045 0.311603 -0.232062 
41046 0.311693 -0.0706241 
41047 0.311673 0.0916214 
41048 0.311609 0.254137 
41049 0.311586 0.41717 
41050 -0.338036 -0.231909 
41051 -0.339503 -0.070339 
41052 -0.340708 0.0918591 
41053 -0.341862 0.254781 
41054 -0.343243 0.418385 
41055 -0.176033 -0.23076 
41056 -0.177065 -0.0697095 
41057 -0.177815 0.0923812 
41058 -0.178879 0.255056 
41059 -0.179854 0.418097 
41060 -0.0146935 -0.229914 
41061 -0.0151632 -0.0689038 
41062 -0.0158902 0.092766 
41063 -0.0165836 0.254916 
41064 -0.0170934 0.417758 
41065 0.146114 -0.228845 
41066 0.145796 -0.0681767 
41067 0.145541 0.0930082 
41068 0.145382 0.255019 
41069 0.145005 0.417589 
41070 0.306242 -0.227629 
41071 0.306407 -0.0674372 
41072 0.306284 0.093547 
41073 0.306263 0.25522 
41074 0.306324 0.417397 
41075 -0.339247 -0.228127 
41076 -0.340749 -0.0676741 
41077 -0.34203 0.0936673 
41078 -0.343546 0.255783 
41079 -0.345011 0.418796 
41080 -0.178087 -0.227085 
41081 -0.179036 -0.0669876 
41082 -0.18015 0.0941807 
41083 -0.181254 0.255929 
41084 -0.182198 0.418362 
41085 -0.0175088 -0.225966 
41086 -0.0183852 -0.0660754 
41087 -0.0189504 0.0945309 
41088 -0.0195702 0.255962 
41089 -0.0201961 0.418106 
41090 0.142142 -0.224641 
41091 0.141605 -0.0652009 
41092 0.141541 0.0950879 
41093 0.141176 0.255913 
41094 0.14094 0.417734 
41095 0.301016 -0.223443 
41096 0.300992 -0.064445 
41097 0.301264 0.0954656 
41098 0.301328 0.256142 
41099 0.301397 0.417498 
41100 -0.340279 -0.224666 
41101 -0.34196 -0.0649755 
41102 -0.343387 0.0955229 
41103 -0.345161 0.257024 
41104 -0.346912 0.419447 
41105 -0.180114 -0.223298 
41106 -0.181158 -0.0641195 
41107 -0.182115 0.0959901 
41108 -0.183455 0.256993 
41109 -0.184643 0.418944 
41110 -0.0206513 -0.221862 
41111 -0.0212609 -0.0632348 
41112 -0.0219452 0.0963611 
41113 -0.0226868 0.257106 
41114 -0.023257 0.418517 
41115 0.138004 -0.220668 
41116 0.137787 -0.0623766 
41117 0.137513 0.0968324 
41118 0.137277 0.257014 
41119 0.136972 0.417997 
41120 0.295818 -0.219346 
41121 0.295953 -0.06153 
41122 0.296035 0.097278 
41123 0.296374 0.256895 
41124 0.296412 0.417527 
41125 -0.341452 -0.220948 
41126 -0.343127 -0.0622798 
41127 -0.344921 0.0976009 
41128 -0.346771 0.258264 
41129 -0.348573 0.420035 
41130 -0.181956 -0.219504 
41131 -0.183276 -0.0614229 
41132 -0.184426 0.0979138 
41133 -0.185581 0.25814 
41134 -0.187007 0.419307 
41135 -0.0234776 -0.218038 
41136 -0.0242099 -0.0603646 
41137 -0.0249159 0.0982055 
41138 -0.0256566 0.25808 
41139 -0.026394 0.418795 
41140 0.13404 -0.216709 
41141 0.133733 -0.0594669 
41142 0.133468 0.0986771 
41143 0.13334 0.257855 
41144 0.133223 0.41815 
41145 0.290435 -0.215366 
41146 0.290862 -0.058666 
41147 0.291141 0.0989621 
41148 0.291304 0.257689 
41149 0.29175 0.417567 
41150 -0.342566 -0.217198 
41151 -0.344368 -0.0594087 
41152 -0.346274 0.0994188 
41153 -0.348197 0.259391 
41154 -0.350227 0.420633 
41155 -0.183761 -0.2158 
41156 -0.185252 -0.0585651 
41157 -0.186527 0.0997528 
41158 -0.187857 0.25911 
41159 -0.189177 0.419881 
41160 -0.0265745 -0.214397 
41161 -0.0272728 -0.0576716 
41162 -0.0278217 0.100011 
41163 -0.0285513 0.258968 
41164 -0.02924 0.418963 
41165 0.129871 -0.213002 
41166 0.129907 -0.0567831 
41167 0.129731 0.10052 
41168 0.129542 0.258828 
41169 0.129387 0.418331 
41170 0.285173 -0.211426 
41171 0.285545 -0.0560264 
41172 0.28617 0.100728 
41173 0.286544 0.258525 
41174 0.286948 0.417521 
41175 -0.343815 -0.21361 
41176 -0.345762 -0.0568935 
41177 -0.347718 0.101468 
41178 -0.349754 0.260668 
41179 -0.35177 0.421474 
41180 -0.186059 -0.21211 
41181 -0.187304 -0.0557603 
41182 -0.188699 0.101625 
41183 -0.189959 0.260463 
41184 -0.191318 0.420407 
41185 -0.0295326 -0.2105 
41186 -0.0300861 -0.0550757 
41187 -0.0307173 0.101757 
41188 -0.0314854 0.259942 
41189 -0.0322512 0.41939 
41190 0.125908 -0.209099 
41191 0.125778 -0.0540511 
41192 0.125691 0.102181 
41193 0.125732 0.259635 
41194 0.125655 0.418514 
41195 0.280005 -0.207639 
41196 0.280512 -0.0532173 
41197 0.281137 0.102274 
41198 0.281753 0.259223 
41199 0.282307 0.417347 
41200 -0.34505 -0.209985 
41201 -0.347001 -0.0540091 
41202 -0.349026 0.103415 
41203 -0.351114 0.261977 
41204 -0.353198 0.422058 
41205 -0.188182 -0.208463 
41206 -0.189505 -0.053209 
41207 -0.190757 0.103514 
41208 -0.192048 0.261447 
41209 -0.193454 0.420949 
41210 -0.0325368 -0.207067 
41211 -0.0330496 -0.0522788 
41212 -0.0337628 0.10359 
41213 -0.0343819 0.260895 
41214 -0.0349866 0.419784 
41215 0.121843 -0.205436 
41216 0.121906 -0.0514597 
41217 0.121901 0.103878 
41218 0.122032 0.260587 
41219 0.121994 0.418683 
41220 0.274947 -0.203916 
41221 0.275596 -0.0506568 
41222 0.276237 0.104 
41223 0.277045 0.26 
41224 0.277653 0.417407 
41225 -0.346273 -0.206333 
41226 -0.348363 -0.0513379 
41227 -0.350392 0.105182 
41228 -0.352476 0.26328 
41229 -0.354613 0.42281 
41230 -0.190186 -0.204765 
41231 -0.191334 -0.0504922 
41232 -0.192893 0.105251 
41233 -0.194204 0.262583 
41234 -0.195516 0.421404 
41235 -0.0354026 -0.203527 
41236 -0.0359717 -0.0496348 
41237 -0.0365867 0.105289 
41238 -0.0372758 0.261987 
41239 -0.0377198 0.419855 
41240 0.117849 -0.201912 
41241 0.118006 -0.0490257 
41242 0.118295 0.105273 
41243 0.118274 0.261126 
41244 0.118492 0.418554 
41245 0.269711 -0.200278 
41246 0.270656 -0.0481878 
41247 0.271517 0.105674 
41248 0.27235 0.26058 
41249 0.273248 0.417258 
41250 -0.347419 -0.202756 
41251 -0.349686 -0.0487017 
41252 -0.351764 0.107013 
41253 -0.35397 0.264428 
41254 -0.356063 0.423478 
41255 -0.192153 -0.20124 
41256 -0.193567 -0.0479912 
41257 -0.194656 0.106915 
41258 -0.196106 0.263667 
41259 -0.197574 0.421848 
41260 -0.0382938 -0.199891 
41261 -0.0390122 -0.0471409 
41262 -0.0394904 0.106975 
41263 -0.0399405 0.262785 
41264 -0.0405452 0.420312 
41265 0.113918 -0.198379 
41266 0.1141 -0.0465143 
41267 0.114432 0.106971 
41268 0.114681 0.262031 
41269 0.114928 0.418564 
41270 0.264716 -0.196839 
41271 0.26561 -0.0457153 
41272 0.266765 0.106993 
41273 0.267767 0.261175 
41274 0.26893 0.416898 
41275 -0.348885 -0.199182 
41276 -0.350971 -0.0459611 
41277 -0.353096 0.109204 
41278 -0.355475 0.265761 
41279 -0.357477 0.424135 
41280 -0.194358 -0.197857 
41281 -0.195711 -0.045324 
41282 -0.196878 0.108868 
41283 -0.198148 0.264769 
41284 -0.199527 0.422339 
41285 -0.0413793 -0.196195 
41286 -0.0418419 -0.0445947 
41287 -0.0423073 0.108685 
41288 -0.0425861 0.26352 
41289 -0.0431752 0.420374 
41290 0.109929 -0.194985 
41291 0.11023 -0.0440712 
41292 0.110689 0.108324 
41293 0.111038 0.262594 
41294 0.111416 0.418395 
41295 0.259606 -0.193582 
41296 0.26091 -0.043522 
41297 0.262089 0.108136 
41298 0.26333 0.26153 
41299 0.264734 0.416673 
41300 -0.350186 -0.195725 
41301 -0.352413 -0.0432565 
41302 -0.354528 0.110884 
41303 -0.356619 0.267055 
41304 -0.358729 0.424904 
41305 -0.196465 -0.194349 
41306 -0.197571 -0.0427697 
41307 -0.198799 0.11061 
41308 -0.200196 0.265636 
41309 -0.201297 0.422792 
41310 -0.0444522 -0.192968 
41311 -0.044731 -0.0423528 
41312 -0.0449521 0.110201 
41313 -0.0454356 0.2645 
41314 -0.0456258 0.420616 
41315 0.106 -0.191671 
41316 0.106603 -0.0418367 
41317 0.107109 0.109823 
41318 0.107746 0.26325 
41319 0.108307 0.418365 
41320 0.254631 -0.190301 
41321 0.255985 -0.0412592 
41322 0.25745 0.109384 
41323 0.258888 0.261897 
41324 0.26033 0.416198 
41325 -0.351647 -0.192254 
41326 -0.353661 -0.0407677 
41327 -0.355902 0.11289 
41328 -0.357991 0.268169 
41329 -0.360118 0.425644 
41330 -0.198699 -0.191078 
41331 -0.199725 -0.0403218 
41332 -0.20083 0.112198 
41333 -0.20205 0.266539 
41334 -0.203037 0.423082 
41335 -0.0473208 -0.18968 
41336 -0.0476246 -0.0399466 
41337 -0.0476696 0.111636 
41338 -0.0479366 0.265272 
41339 -0.0480466 0.420506 
41340 0.101927 -0.188452 
41341 0.102744 -0.0396091 
41342 0.103612 0.111101 
41343 0.104226 0.263709 
41344 0.104964 0.418173 
41345 0.249634 -0.187224 
41346 0.251173 -0.0390626 
41347 0.252897 0.110683 
41348 0.254669 0.262086 
41349 0.256261 0.415758 
41350 -0.353132 -0.188999 
41351 -0.355165 -0.0382072 
41352 -0.357301 0.1146 
41353 -0.359158 0.269458 
41354 -0.361366 0.426178 
41355 -0.20087 -0.18763 
41356 -0.201662 -0.0378986 
41357 -0.202873 0.113856 
41358 -0.20379 0.267778 
41359 -0.204887 0.423457 
41360 -0.0503853 -0.186617 
41361 -0.0504531 -0.0377653 
41362 -0.0504921 0.113282 
41363 -0.0505582 0.265844 
41364 -0.0506357 0.420708 
41365 0.0980168 -0.185341 
41366 0.0989013 -0.0374332 
41367 0.0999077 0.112329 
41368 0.100827 0.264097 
41369 0.101731 0.417946 
41370 0.244799 -0.184181 
41371 0.246562 -0.0371949 
41372 0.248326 0.111743 
41373 0.25028 0.26245 
41374 0.252249 0.415231 
41375 -0.354601 -0.185601 
41376 -0.356416 -0.0356011 
41377 -0.358456 0.116386 
41378 -0.360549 0.270517 
41379 -0.362498 0.426908 
41380 -0.203039 -0.184463 
41381 -0.203973 -0.0356191 
41382 -0.204744 0.115534 
41383 -0.205687 0.268587 
41384 -0.206492 0.423669 
41385 -0.0534533 -0.183443 
41386 -0.053415 -0.0355882 
41387 -0.0531817 0.114603 
41388 -0.0530099 0.266471 
41389 -0.0529633 0.420653 
41390 0.0939892 -0.182336 
41391 0.0951845 -0.0354085 
41392 0.0963035 0.113566 
41393 0.0975212 0.26435 
41394 0.0986691 0.417625 
41395 0.239761 -0.18131 
41396 0.24176 -0.0354099 
41397 0.243837 0.112557 
41398 0.245915 0.26258 
41399 0.248149 0.414571 
41400 -0.356024 -0.182297 
41401 -0.357732 -0.0331604 
41402 -0.359922 0.118082 
41403 -0.361716 0.271661 
41404 -0.363648 0.427507 
41405 -0.205212 -0.181404 
41406 -0.205951 -0.0333375 
41407 -0.206836 0.116966 
41408 -0.207459 0.269329 
41409 -0.208542 0.423851 
41410 -0.0564322 -0.180428 
41411 -0.0561143 -0.0333454 
41412 -0.055932 0.115737 
41413 -0.0556433 0.267157 
41414 -0.0553132 0.420556 
41415 0.0900784 -0.179436 
41416 0.091597 -0.0334133 
41417 0.092847 0.114591 
41418 0.0942244 0.26479 
41419 0.0955936 0.417085 
41420 0.234763 -0.178661 
41421 0.23723 -0.0334738 
41422 0.239444 0.113465 
41423 0.241916 0.262481 
41424 0.244322 0.413952 
