40950 -0.333308 -0.250046 
40951 -0.333282 -0.0832842 
40952 -0.333552 0.0833153 
40953 -0.33332 0.250007 
40954 -0.333419 0.416613 
40955 -0.166628 -0.249992 
40956 -0.166659 -0.0833909 
40957 -0.166658 0.0832637 
40958 -0.166665 0.250081 
40959 -0.166672 0.416794 
40960 2.16242e-06 -0.250053 
40961 2.29561e-05 -0.083331 
40962 8.62166e-05 0.08339 
40963 6.07116e-05 0.250123 
40964 2.59849e-05 0.416671 
40965 0.166651 -0.249972 
40966 0.166702 -0.0832826 
40967 0.166768 0.0832409 
40968 0.16674 0.250001 
40969 0.166734 0.41674 
40970 0.333325 -0.24996 
40971 0.333248 -0.0833402 
40972 0.333323 0.0832219 
40973 0.333304 0.250118 
40974 0.333391 0.416708 
40975 -0.334282 -0.246469 
40976 -0.334343 -0.0807854 
40977 -0.334739 0.0850016 
40978 -0.335044 0.250941 
40979 -0.335463 0.41689 
40980 -0.168465 -0.246066 
40981 -0.16869 -0.0805822 
40982 -0.169006 0.0851258 
40983 -0.169054 0.250955 
40984 -0.169379 0.41678 
40985 -0.00296876 -0.245826 
40986 -0.00308169 -0.080395 
40987 -0.00319672 0.0851155 
40988 -0.00345574 0.250892 
40989 -0.00354908 0.416909 
40990 0.162597 -0.245643 
40991 0.162436 -0.0801627 
40992 0.162373 0.0851955 
40993 0.162302 0.250935 
40994 0.162191 0.416774 
40995 0.327977 -0.245356 
40996 0.327965 -0.0801316 
40997 0.327824 0.0854589 
40998 0.327686 0.250955 
40999 0.327895 0.416793 
41000 -0.335152 -0.242713 
41001 -0.335888 -0.0782282 
41002 -0.336338 0.0867631 
41003 -0.33686 0.251875 
41004 -0.33734 0.41738 
41005 -0.1705 -0.242209 
41006 -0.170726 -0.077701 
41007 -0.17123 0.0869977 
41008 -0.17152 0.251882 
41009 -0.172019 0.417147 
41010 -0.00590577 -0.241796 
41011 -0.00616705 -0.0775058 
41012 -0.00641177 0.0870921 
41013 -0.00667172 0.252086 
41014 -0.00695439 0.417082 
41015 0.158314 -0.241184 
41016 0.15823 -0.0770495 
41017 0.158053 0.0873752 
41018 0.157957 0.251984 
41019 0.157989 0.41706 
41020 0.322379 -0.240949 
41021 0.322306 -0.0768183 
41022 0.322424 0.0875143 
41023 0.322364 0.252057 
41024 0.322253 0.416771 
41025 -0.336231 -0.239104 
41026 -0.33676 -0.0754355 
41027 -0.337792 0.0885196 
41028 -0.338432 0.252741 
41029 -0.33928 0.417748 
41030 -0.172307 -0.23843 
41031 -0.172866 -0.074919 
41032 -0.173413 0.0888181 
41033 -0.174009 0.253023 
41034 -0.174499 0.417451 
41035 -0.00896373 -0.237831 
41036 -0.00929127 -0.0744804 
41037 -0.00943603 0.0890101 
41038 -0.00990704 0.252815 
41039 -0.0103894 0.417282 
41040 0.154128 -0.237273 
41041 0.153971 -0.0740663 
41042 0.154054 0.0892734 
41043 0.153755 0.252957 
41044 0.153695 0.417257 
41045 0.316837 -0.236535 
41046 0.316899 -0.0735251 
41047 0.316943 0.0895152 
41048 0.317101 0.253015 
41049 0.317022 0.417023 
41050 -0.337126 -0.235343 
41051 -0.338136 -0.0728709 
41052 -0.33913 0.0903171 
41053 -0.340289 0.253881 
41054 -0.341195 0.418074 
41055 -0.174197 -0.23443 
41056 -0.17489 -0.0722623 
41057 -0.175575 0.0906581 
41058 -0.176509 0.254004 
41059 -0.176975 0.417818 
41060 -0.0118634 -0.233715 
41061 -0.0122768 -0.0716229 
41062 -0.0126997 0.0907541 
41063 -0.0131821 0.254099 
41064 -0.0135846 0.417533 
41065 0.1501 -0.23293 
41066 0.150043 -0.0710974 
41067 0.149823 0.0912258 
41068 0.149627 0.253917 
41069 0.149323 0.417503 
41070 0.311491 -0.232184 
41071 0.311469 -0.0706466 
41072 0.311622 0.0913287 
41073 0.311788 0.254083 
41074 0.311849 0.417119 
41075 -0.338308 -0.231646 
41076 -0.33932 -0.0700472 
41077 -0.340592 0.0920886 
41078 -0.341607 0.254958 
41079 -0.343038 0.418709 
41080 -0.176162 -0.230701 
41081 -0.177036 -0.0694749 
41082 -0.177869 0.092482 
41083 -0.178655 0.255132 
41084 -0.17946 0.41829 
41085 -0.0148804 -0.229697 
41086 -0.0152428 -0.0688934 
41087 -0.0157436 0.0928227 
41088 -0.0163241 0.255057 
41089 -0.0167623 0.417995 
41090 0.145828 -0.228815 
41091 0.145897 -0.0684029 
41092 0.145528 0.0931025 
41093 0.145412 0.255006 
41094 0.145393 0.417624 
41095 0.306104 -0.227819 
41096 0.306287 -0.0674818 
41097 0.306445 0.0933142 
41098 0.306539 0.255002 
41099 0.306742 0.41706 
41100 -0.339297 -0.227878 
41101 -0.340559 -0.0673654 
41102 -0.34202 0.094031 
41103 -0.343391 0.256123 
41104 -0.34465 0.419186 
41105 -0.178203 -0.226876 
41106 -0.179054 -0.0667108 
41107 -0.179817 0.0944406 
41108 -0.180954 0.256078 
41109 -0.181784 0.418756 
41110 -0.0177703 -0.225781 
41111 -0.0183649 -0.0659908 
41112 -0.0188887 0.0946326 
41113 -0.0193727 0.256093 
41114 -0.0199531 0.418368 
41115 0.141799 -0.224751 
41116 0.141711 -0.0652462 
41117 0.141681 0.0949746 
41118 0.141479 0.255961 
41119 0.14131 0.417701 
41120 0.30085 -0.22367 
41121 0.30095 -0.064623 
41122 0.301265 0.0952099 
41123 0.301496 0.255842 
41124 0.301688 0.417431 
41125 -0.340488 -0.224269 
41126 -0.341971 -0.0645742 
41127 -0.343256 0.0959532 
41128 -0.344855 0.257433 
41129 -0.346503 0.419752 
41130 -0.180011 -0.223047 
41131 -0.181094 -0.0638185 
41132 -0.182205 0.0961798 
41133 -0.183329 0.25717 
41134 -0.184162 0.419128 
41135 -0.0206995 -0.221807 
41136 -0.0212866 -0.0631646 
41137 -0.0219129 0.0965345 
41138 -0.0223284 0.257144 
41139 -0.0229376 0.41845 
41140 0.13768 -0.220793 
41141 0.137638 -0.0624014 
41142 0.13757 0.0966474 
41143 0.137573 0.256862 
41144 0.137614 0.417919 
41145 0.295636 -0.219652 
41146 0.295965 -0.0617632 
41147 0.296233 0.0970693 
41148 0.296635 0.25668 
41149 0.297017 0.41734 
41150 -0.341548 -0.220536 
41151 -0.343179 -0.0620867 
41152 -0.344782 0.0978922 
41153 -0.346359 0.258698 
41154 -0.348005 0.420578 
41155 -0.182092 -0.219275 
41156 -0.183283 -0.0610377 
41157 -0.184235 0.0981138 
41158 -0.185333 0.258344 
41159 -0.186622 0.419578 
41160 -0.0237302 -0.218186 
41161 -0.0243513 -0.0602777 
41162 -0.024863 0.0983021 
41163 -0.025308 0.258032 
41164 -0.0259657 0.418798 
41165 0.133709 -0.217002 
41166 0.133659 -0.0596829 
41167 0.133584 0.0985501 
41168 0.13357 0.257637 
41169 0.133356 0.418101 
41170 0.290123 -0.215684 
41171 0.290722 -0.0590051 
41172 0.291163 0.0987438 
41173 0.291633 0.257436 
41174 0.292368 0.417286 
41175 -0.34268 -0.216828 
41176 -0.344462 -0.0591256 
41177 -0.346315 0.0998312 
41178 -0.34785 0.259774 
41179 -0.349557 0.421178 
41180 -0.184145 -0.215575 
41181 -0.185175 -0.0584758 
41182 -0.186353 0.0999218 
41183 -0.187386 0.259386 
41184 -0.188679 0.420152 
41185 -0.0267557 -0.214228 
41186 -0.0272158 -0.057666 
41187 -0.0276203 0.100123 
41188 -0.0281724 0.258941 
41189 -0.0290194 0.419083 
41190 0.129632 -0.213049 
41191 0.129583 -0.0569736 
41192 0.129835 0.100109 
41193 0.129826 0.258583 
41194 0.129962 0.418129 
41195 0.284855 -0.211886 
41196 0.28571 -0.0562509 
41197 0.28618 0.100518 
41198 0.286868 0.258173 
41199 0.28746 0.417167 
41200 -0.344041 -0.213061 
41201 -0.345855 -0.056417 
41202 -0.347517 0.101688 
41203 -0.349295 0.261069 
41204 -0.351182 0.421833 
41205 -0.186218 -0.211788 
41206 -0.187356 -0.0557497 
41207 -0.188363 0.101696 
41208 -0.189625 0.260649 
41209 -0.190821 0.420619 
41210 -0.0297343 -0.210537 
41211 -0.0302342 -0.0551284 
41212 -0.030623 0.101769 
41213 -0.0310504 0.259978 
41214 -0.0316684 0.419399 
41215 0.125538 -0.209222 
41216 0.12586 -0.0543151 
41217 0.125922 0.101811 
41218 0.126028 0.259376 
41219 0.126148 0.41826 
41220 0.279732 -0.20799 
41221 0.280648 -0.0536451 
41222 0.281345 0.102024 
41223 0.281936 0.258839 
41224 0.28296 0.417104 
41225 -0.345254 -0.209485 
41226 -0.347108 -0.0535854 
41227 -0.348908 0.103713 
41228 -0.350764 0.262433 
41229 -0.352626 0.422578 
41230 -0.188315 -0.208245 
41231 -0.189326 -0.0527881 
41232 -0.190573 0.103577 
41233 -0.191584 0.261532 
41234 -0.192856 0.421097 
41235 -0.0327794 -0.207013 
41236 -0.0331331 -0.0523625 
41237 -0.0336143 0.103531 
41238 -0.0339745 0.260891 
41239 -0.0343628 0.419563 
41240 0.121612 -0.205647 
41241 0.121913 -0.0518228 
41242 0.122059 0.103476 
41243 0.122417 0.260253 
41244 0.122573 0.418284 
41245 0.274604 -0.20444 
41246 0.275514 -0.051098 
41247 0.276285 0.103564 
41248 0.277324 0.25957 
41249 0.278417 0.416831 
41250 -0.346531 -0.205881 
41251 -0.348288 -0.0509721 
41252 -0.35029 0.105585 
41253 -0.352282 0.263581 
41254 -0.354094 0.423098 
41255 -0.190374 -0.204693 
41256 -0.191415 -0.0504075 
41257 -0.192661 0.105483 
41258 -0.193756 0.26267 
41259 -0.194883 0.421609 
41260 -0.0356494 -0.203429 
41261 -0.0361599 -0.049843 
41262 -0.0364069 0.105285 
41263 -0.0367015 0.261861 
41264 -0.0371475 0.419985 
41265 0.117475 -0.202151 
41266 0.117955 -0.04929 
41267 0.118278 0.105154 
41268 0.118775 0.260861 
41269 0.119026 0.418311 
41270 0.269477 -0.200993 
41271 0.270527 -0.0487389 
41272 0.271777 0.104897 
41273 0.27278 0.259979 
41274 0.273889 0.416696 
41275 -0.347876 -0.202289 
41276 -0.3498 -0.0483252 
41277 -0.351684 0.107568 
41278 -0.353645 0.264878 
41279 -0.355341 0.423838 
41280 -0.192577 -0.201137 
41281 -0.193621 -0.04782 
41282 -0.194772 0.107045 
41283 -0.195741 0.263778 
41284 -0.196777 0.421972 
41285 -0.0387559 -0.199824 
41286 -0.039041 -0.0472544 
41287 -0.0392289 0.10692 
41288 -0.0394406 0.262611 
41289 -0.0397659 0.420056 
41290 0.113464 -0.198808 
41291 0.114067 -0.0467435 
41292 0.114606 0.106589 
41293 0.115105 0.261538 
41294 0.115648 0.418232 
41295 0.264325 -0.19756 
41296 0.265577 -0.0463181 
41297 0.266957 0.106337 
41298 0.268165 0.260557 
41299 0.269581 0.416312 
41300 -0.349226 -0.198846 
41301 -0.35101 -0.0456607 
41302 -0.353019 0.109463 
41303 -0.354729 0.265952 
41304 -0.356793 0.424663 
41305 -0.194692 -0.197574 
41306 -0.195651 -0.0452356 
41307 -0.196652 0.108996 
41308 -0.197706 0.264775 
41309 -0.198618 0.422304 
41310 -0.041733 -0.196518 
41311 -0.0418526 -0.0449104 
41312 -0.042061 0.108483 
41313 -0.0422459 0.263441 
41314 -0.0423736 0.420249 
41315 0.109536 -0.195381 
41316 0.110175 -0.0445304 
41317 0.110981 0.107929 
41318 0.111689 0.262003 
41319 0.112208 0.418082 
41320 0.259248 -0.194298 
41321 0.260794 -0.0442622 
41322 0.262361 0.107491 
41323 0.263843 0.26069 
41324 0.26536 0.415806 
41325 -0.350708 -0.195366 
41326 -0.352371 -0.0430537 
41327 -0.354294 0.111313 
41328 -0.35614 0.267273 
41329 -0.35817 0.425246 
41330 -0.196882 -0.194208 
41331 -0.197646 -0.0427881 
41332 -0.198642 0.110515 
41333 -0.199597 0.265774 
41334 -0.20043 0.422672 
41335 -0.0447 -0.193221 
41336 -0.0448452 -0.042567 
41337 -0.0448642 0.109782 
41338 -0.0448596 0.264215 
41339 -0.0448576 0.420355 
41340 0.105623 -0.192082 
41341 0.106401 -0.0423604 
41342 0.107308 0.109169 
41343 0.108238 0.262644 
41344 0.109079 0.417876 
41345 0.254109 -0.191119 
41346 0.255881 -0.042264 
41347 0.257694 0.108714 
41348 0.259361 0.260934 
41349 0.261174 0.415409 
41350 -0.35202 -0.191988 
41351 -0.353773 -0.0404656 
41352 -0.355482 0.113019 
41353 -0.357298 0.268608 
41354 -0.359183 0.425808 
41355 -0.198929 -0.190981 
41356 -0.199816 -0.0402552 
41357 -0.200701 0.112227 
41358 -0.201468 0.266628 
41359 -0.202276 0.423068 
41360 -0.0479395 -0.190025 
41361 -0.0477342 -0.0401685 
41362 -0.047565 0.111397 
41363 -0.0474592 0.264834 
41364 -0.0472181 0.420304 
41365 0.101626 -0.188997 
41366 0.102575 -0.0401097 
41367 0.103827 0.110536 
41368 0.104678 0.26324 
41369 0.105739 0.417556 
41370 0.249277 -0.187998 
41371 0.251205 -0.040086 
41372 0.253201 0.109729 
41373 0.255184 0.261348 
41374 0.257166 0.414864 
41375 -0.353482 -0.188659 
41376 -0.3551 -0.0378862 
41377 -0.356919 0.114858 
41378 -0.358661 0.269609 
41379 -0.360395 0.426486 
41380 -0.201215 -0.187743 
41381 -0.201849 -0.0379387 
41382 -0.202612 0.11385 
41383 -0.203356 0.267444 
41384 -0.204003 0.423399 
41385 -0.0508246 -0.186898 
41386 -0.0504242 -0.0380606 
41387 -0.050301 0.112768 
41388 -0.0499707 0.265469 
41389 -0.0496342 0.420162 
41390 0.0976196 -0.186048 
41391 0.0988941 -0.0381537 
41392 0.100132 0.111653 
41393 0.101445 0.26345 
41394 0.102607 0.417228 
41395 0.244056 -0.185158 
41396 0.246274 -0.0383679 
41397 0.248552 0.110599 
41398 0.250516 0.26139 
41399 0.253233 0.414131 
41400 -0.354944 -0.185421 
41401 -0.356743 -0.0353114 
41402 -0.358279 0.116788 
41403 -0.359829 0.270975 
41404 -0.3615 0.427125 
41405 -0.203326 -0.184543 
41406 -0.204001 -0.0355531 
41407 -0.204488 0.115316 
41408 -0.205271 0.26837 
41409 -0.205793 0.423677 
41410 -0.053892 -0.183729 
41411 -0.0534158 -0.0357398 
41412 -0.0529431 0.11408 
41413 -0.0524472 0.265869 
41414 -0.0520878 0.420126 
41415 0.0937954 -0.183252 
41416 0.0951083 -0.0360291 
41417 0.096546 0.112816 
41418 0.0980265 0.263564 
41419 0.0996626 0.416778 
41420 0.239333 -0.182377 
41421 0.241627 -0.0363441 
41422 0.244119 0.111476 
41423 0.246511 0.261371 
41424 0.249109 0.413418 
41425 -0.356474 -0.182024 
41426 -0.357929 -0.0329356 
41427 -0.359481 0.118418 
41428 -0.360978 0.271818 
41429 -0.362656 0.427602 
41430 -0.205711 -0.181495 
41431 -0.206198 -0.0333987 
41432 -0.206515 0.116804 
41433 -0.206887 0.269213 
41434 -0.207219 0.423821 
41435 -0.0568673 -0.180859 
41436 -0.0563181 -0.0340198 
41437 -0.0555619 0.115296 
41438 -0.0549504 0.266564 
41439 -0.0544386 0.419969 
41440 0.089806 -0.180238 
41441 0.0913958 -0.0341531 
41442 0.0931669 0.113641 
41443 0.0948698 0.263979 
41444 0.0966574 0.416235 
41445 0.234279 -0.179819 
41446 0.236867 -0.0347804 
41447 0.23969 0.112293 
41448 0.242393 0.261262 
41449 0.245151 0.41257 
