41425 -0.33336 -0.250024 
41426 -0.333389 -0.0832253 
41427 -0.333253 0.083452 
41428 -0.333318 0.249962 
41429 -0.333413 0.416567 
41430 -0.166747 -0.25012 
41431 -0.166637 -0.0833432 
41432 -0.166592 0.0833851 
41433 -0.166699 0.24999 
41434 -0.166628 0.416686 
41435 3.33198e-05 -0.249883 
41436 9.8271e-05 -0.0833165 
41437 -2.08646e-05 0.083354 
41438 3.65457e-05 0.249956 
41439 9.18521e-05 0.416591 
41440 0.166704 -0.250031 
41441 0.166614 -0.083346 
41442 0.166667 0.0832267 
41443 0.166724 0.249914 
41444 0.166658 0.416745 
41445 0.333266 -0.25002 
41446 0.333197 -0.0833746 
41447 0.333365 0.0833637 
41448 0.33329 0.249912 
41449 0.333277 0.416729 
41450 -0.334668 -0.246361 
41451 -0.334752 -0.0806999 
41452 -0.334548 0.0851789 
41453 -0.334405 0.25099 
41454 -0.334215 0.416736 
41455 -0.169193 -0.246486 
41456 -0.168913 -0.0810138 
41457 -0.168708 0.0847274 
41458 -0.16852 0.25053 
41459 -0.16829 0.416557 
41460 -0.00361372 -0.246595 
41461 -0.00335903 -0.0810523 
41462 -0.00321139 0.0844381 
41463 -0.00267785 0.250239 
41464 -0.00241951 0.415986 
41465 0.162005 -0.246859 
41466 0.162118 -0.0812773 
41467 0.162601 0.084296 
41468 0.162928 0.24985 
41469 0.163169 0.415524 
41470 0.327219 -0.24684 
41471 0.327658 -0.0814788 
41472 0.327956 0.083899 
41473 0.328434 0.249473 
41474 0.328798 0.415194 
41475 -0.336439 -0.242708 
41476 -0.336134 -0.0781108 
41477 -0.335785 0.0867192 
41478 -0.335396 0.25178 
41479 -0.335183 0.417082 
41480 -0.171626 -0.243024 
41481 -0.171175 -0.0785435 
41482 -0.170757 0.0861563 
41483 -0.17036 0.251055 
41484 -0.169855 0.416134 
41485 -0.00697914 -0.243371 
41486 -0.00659373 -0.0789944 
41487 -0.00597999 0.085568 
41488 -0.00534537 0.250202 
41489 -0.00496161 0.415356 
41490 0.157235 -0.243565 
41491 0.157917 -0.0794854 
41492 0.158471 0.0848998 
41493 0.159187 0.249632 
41494 0.159884 0.414446 
41495 0.321117 -0.244017 
41496 0.321957 -0.0798934 
41497 0.322681 0.0843416 
41498 0.323575 0.248762 
41499 0.324242 0.413637 
41500 -0.33784 -0.23926 
41501 -0.337533 -0.0756433 
41502 -0.337001 0.0882002 
41503 -0.336529 0.252591 
41504 -0.336093 0.41716 
41505 -0.174022 -0.239823 
41506 -0.173382 -0.0763888 
41507 -0.172729 0.08735 
41508 -0.172171 0.251543 
41509 -0.171448 0.416071 
41510 -0.0105054 -0.240388 
41511 -0.00974535 -0.0770042 
41512 -0.00879527 0.0864951 
41513 -0.0080437 0.250298 
41514 -0.00730815 0.414544 
41515 0.15265 -0.240782 
41516 0.153513 -0.0779091 
41517 0.154466 0.0855589 
41518 0.155658 0.249252 
41519 0.156593 0.413323 
41520 0.315222 -0.241304 
41521 0.316457 -0.0785137 
41522 0.317502 0.0845359 
41523 0.318625 0.248163 
41524 0.319732 0.411968 
41525 -0.339511 -0.235907 
41526 -0.338933 -0.0733114 
41527 -0.338185 0.0897856 
41528 -0.337483 0.253404 
41529 -0.336764 0.417392 
41530 -0.176345 -0.236753 
41531 -0.17562 -0.0742984 
41532 -0.174786 0.0885924 
41533 -0.174074 0.251846 
41534 -0.17299 0.415419 
41535 -0.0140058 -0.23729 
41536 -0.0128661 -0.0751769 
41537 -0.0118323 0.0874067 
41538 -0.0107366 0.250331 
41539 -0.00958946 0.413687 
41540 0.147842 -0.237947 
41541 0.149197 -0.0762746 
41542 0.150482 0.0860705 
41543 0.151784 0.248892 
41544 0.153157 0.411917 
41545 0.309361 -0.238719 
41546 0.310943 -0.0771659 
41547 0.3123 0.0847265 
41548 0.313844 0.247297 
41549 0.315397 0.410199 
41550 -0.341175 -0.232595 
41551 -0.340169 -0.0709157 
41552 -0.33952 0.0911982 
41553 -0.338557 0.254036 
41554 -0.337572 0.417188 
41555 -0.178931 -0.233361 
41556 -0.177788 -0.0721047 
41557 -0.176735 0.0895977 
41558 -0.17555 0.25205 
41559 -0.174469 0.414803 
41560 -0.0174628 -0.234251 
41561 -0.0161059 -0.0734062 
41562 -0.0147731 0.0879563 
41563 -0.0133871 0.249987 
41564 -0.0119091 0.412693 
41565 0.143323 -0.235525 
41566 0.144964 -0.074667 
41567 0.146689 0.0865129 
41568 0.148207 0.248369 
41569 0.149927 0.410516 
41570 0.303578 -0.23611 
41571 0.305374 -0.0759528 
41572 0.30727 0.0848655 
41573 0.30923 0.246282 
41574 0.310995 0.408179 
41575 -0.342885 -0.229459 
41576 -0.341554 -0.0687118 
41577 -0.34059 0.0926392 
41578 -0.339377 0.254604 
41579 -0.338312 0.417048 
41580 -0.181407 -0.230607 
41581 -0.180042 -0.0703409 
41582 -0.178692 0.0906465 
41583 -0.177286 0.252292 
41584 -0.175914 0.414405 
41585 -0.021063 -0.231686 
41586 -0.0193001 -0.0718338 
41587 -0.0175944 0.0887911 
41588 -0.0159397 0.249852 
41589 -0.0140694 0.41166 
41590 0.13877 -0.232791 
41591 0.140621 -0.0732923 
41592 0.142685 0.0867885 
41593 0.14476 0.247585 
41594 0.146539 0.408994 
41595 0.297702 -0.23399 
41596 0.300014 -0.0748559 
41597 0.302248 0.0848558 
41598 0.304573 0.245319 
41599 0.306842 0.406218 
41600 -0.344501 -0.226363 
41601 -0.343095 -0.0665832 
41602 -0.341839 0.0938851 
41603 -0.340395 0.255163 
41604 -0.339027 0.416942 
41605 -0.184041 -0.22777 
41606 -0.182287 -0.0683365 
41607 -0.180606 0.0914777 
41608 -0.178878 0.25216 
41609 -0.177242 0.413746 
41610 -0.0243756 -0.229214 
41611 -0.0225273 -0.0703262 
41612 -0.0205224 0.0894015 
41613 -0.0183674 0.249592 
41614 -0.0163792 0.410497 
41615 0.134201 -0.230572 
41616 0.136572 -0.0721207 
41617 0.139001 0.0870964 
41618 0.141243 0.246914 
41619 0.143497 0.407197 
41620 0.292094 -0.231809 
41621 0.294638 -0.0737634 
41622 0.297265 0.0848704 
41623 0.299949 0.244213 
41624 0.302694 0.404147 
41625 -0.34625 -0.223361 
41626 -0.344406 -0.0645334 
41627 -0.343022 0.09501 
41628 -0.341363 0.255566 
41629 -0.33968 0.416514 
41630 -0.186616 -0.225003 
41631 -0.18453 -0.0667386 
41632 -0.182479 0.0923956 
41633 -0.180589 0.252352 
41634 -0.178424 0.412916 
41635 -0.0277892 -0.22673 
41636 -0.0256364 -0.0688913 
41637 -0.0231774 0.0898058 
41638 -0.0208387 0.249223 
41639 -0.0183478 0.409253 
41640 0.129707 -0.228333 
41641 0.132346 -0.0709493 
41642 0.134985 0.08721 
41643 0.137674 0.245942 
41644 0.140457 0.405421 
41645 0.286156 -0.229956 
41646 0.289348 -0.0731145 
41647 0.292429 0.084496 
41648 0.295363 0.242757 
41649 0.298399 0.401656 
41650 -0.34785 -0.220565 
41651 -0.346014 -0.0624757 
41652 -0.344168 0.0961466 
41653 -0.342134 0.255806 
41654 -0.340287 0.416331 
41655 -0.188959 -0.22253 
41656 -0.186748 -0.0649928 
41657 -0.184547 0.0931307 
41658 -0.182152 0.252122 
41659 -0.179945 0.41195 
41660 -0.0314319 -0.224404 
41661 -0.0286063 -0.067474 
41662 -0.0259984 0.0901113 
41663 -0.0232834 0.248446 
41664 -0.0205789 0.407731 
41665 0.12528 -0.226288 
41666 0.128257 -0.0700066 
41667 0.131322 0.0870078 
41668 0.134386 0.244868 
41669 0.137431 0.403499 
41670 0.280555 -0.228093 
41671 0.283987 -0.072332 
41672 0.287572 0.0841835 
41673 0.290881 0.241376 
41674 0.294341 0.39935 
41675 -0.349615 -0.217996 
41676 -0.347586 -0.0609034 
41677 -0.345234 0.097277 
41678 -0.342976 0.256046 
41679 -0.340926 0.415759 
41680 -0.191449 -0.220085 
41681 -0.189023 -0.0636106 
41682 -0.186257 0.0936586 
41683 -0.183709 0.251886 
41684 -0.181156 0.411053 
41685 -0.0347819 -0.222164 
41686 -0.031777 -0.0662664 
41687 -0.0287722 0.0904212 
41688 -0.0257753 0.247813 
41689 -0.0228172 0.406203 
41690 0.120728 -0.224318 
41691 0.124126 -0.068945 
41692 0.127593 0.0869302 
41693 0.13099 0.243824 
41694 0.13445 0.40168 
41695 0.275017 -0.226356 
41696 0.278804 -0.0717973 
41697 0.282584 0.0836701 
41698 0.286295 0.239853 
41699 0.290327 0.39693 
41700 -0.351364 -0.215299 
41701 -0.348935 -0.0591065 
41702 -0.346384 0.098063 
41703 -0.343928 0.25628 
41704 -0.34146 0.415172 
41705 -0.194143 -0.217705 
41706 -0.191283 -0.0621796 
41707 -0.188282 0.0943422 
41708 -0.185391 0.251662 
41709 -0.182219 0.409829 
41710 -0.0382501 -0.220085 
41711 -0.0348543 -0.0652551 
41712 -0.0314989 0.0903812 
41713 -0.0281804 0.247289 
41714 -0.0248222 0.404912 
41715 0.116154 -0.222573 
41716 0.120104 -0.0684804 
41717 0.123945 0.0865843 
41718 0.12765 0.242666 
41719 0.131423 0.399606 
41720 0.269511 -0.225003 
41721 0.273675 -0.0713239 
41722 0.277946 0.0828892 
41723 0.282029 0.238279 
41724 0.286244 0.394434 
41725 -0.353164 -0.212869 
41726 -0.350493 -0.057497 
41727 -0.347556 0.0989109 
41728 -0.344885 0.256154 
41729 -0.342006 0.414427 
41730 -0.196695 -0.215673 
41731 -0.193453 -0.0609843 
41732 -0.190199 0.0947806 
41733 -0.186978 0.2512 
41734 -0.183587 0.408716 
41735 -0.0416566 -0.218394 
41736 -0.0380299 -0.0644122 
41737 -0.0341948 0.0905195 
41738 -0.0304384 0.246307 
41739 -0.0267464 0.402979 
41740 0.111907 -0.220863 
41741 0.11603 -0.0677262 
41742 0.120141 0.0863459 
41743 0.124379 0.241291 
41744 0.12843 0.397285 
41745 0.264222 -0.223526 
41746 0.268552 -0.0711791 
41747 0.27311 0.0822216 
41748 0.277725 0.236565 
41749 0.282336 0.391686 
41750 -0.354928 -0.210678 
41751 -0.351903 -0.0560103 
41752 -0.348784 0.0996782 
41753 -0.345681 0.256155 
41754 -0.34241 0.413621 
41755 -0.199071 -0.213595 
41756 -0.195623 -0.0598193 
41757 -0.192115 0.0949963 
41758 -0.188577 0.250662 
41759 -0.184775 0.407255 
41760 -0.0450521 -0.216549 
41761 -0.0410145 -0.0635515 
41762 -0.0369371 0.0903849 
41763 -0.0329031 0.245412 
41764 -0.0287246 0.401125 
41765 0.107523 -0.219533 
41766 0.111984 -0.0672455 
41767 0.116512 0.0858406 
41768 0.121074 0.239994 
41769 0.125517 0.394983 
41770 0.258623 -0.22243 
41771 0.263366 -0.0708848 
41772 0.268426 0.0815041 
41773 0.273401 0.234604 
41774 0.27838 0.388852 
41775 -0.35681 -0.208314 
41776 -0.353419 -0.0546242 
41777 -0.349912 0.100103 
41778 -0.346435 0.255899 
41779 -0.342839 0.412624 
41780 -0.201843 -0.211618 
41781 -0.197832 -0.0587101 
41782 -0.19394 0.0951634 
41783 -0.189939 0.250104 
41784 -0.185911 0.405919 
41785 -0.0483745 -0.214941 
41786 -0.0439269 -0.0628574 
41787 -0.0397149 0.0901529 
41788 -0.0352485 0.244192 
41789 -0.030882 0.399241 
41790 0.103229 -0.21813 
41791 0.108012 -0.0668425 
41792 0.11288 0.0852674 
41793 0.117796 0.238448 
41794 0.122745 0.39252 
41795 0.253158 -0.221143 
41796 0.258446 -0.0708342 
41797 0.263617 0.0805203 
41798 0.269116 0.232838 
41799 0.274498 0.38588 
41800 -0.358663 -0.206353 
41801 -0.354865 -0.0534279 
41802 -0.351162 0.100669 
41803 -0.347277 0.255628 
41804 -0.343451 0.411714 
41805 -0.204593 -0.209907 
41806 -0.200083 -0.0577634 
41807 -0.195813 0.0951522 
41808 -0.191451 0.249302 
41809 -0.187139 0.404353 
41810 -0.0517626 -0.213413 
41811 -0.0470119 -0.0621774 
41812 -0.0424121 0.0899076 
41813 -0.0375881 0.242956 
41814 -0.032751 0.397145 
41815 0.0989114 -0.216879 
41816 0.104018 -0.0665863 
41817 0.109266 0.0846215 
41818 0.114415 0.236791 
41819 0.119777 0.389943 
41820 0.247803 -0.220317 
41821 0.253515 -0.0709719 
41822 0.259187 0.0794392 
41823 0.264734 0.230655 
41824 0.270548 0.383038 
41825 -0.360461 -0.204495 
41826 -0.356301 -0.0521984 
41827 -0.352121 0.101104 
41828 -0.348013 0.25531 
41829 -0.34378 0.410431 
41830 -0.206956 -0.208336 
41831 -0.202187 -0.0571077 
41832 -0.1976 0.0952657 
41833 -0.192893 0.248379 
41834 -0.188149 0.402695 
41835 -0.0551981 -0.212139 
41836 -0.0500076 -0.061726 
41837 -0.0449873 0.0894686 
41838 -0.0398438 0.241758 
41839 -0.0346592 0.395083 
41840 0.0947097 -0.215797 
41841 0.100193 -0.0664243 
41842 0.105602 0.0838246 
41843 0.111387 0.235136 
41844 0.116928 0.387343 
41845 0.242608 -0.219371 
41846 0.248489 -0.0710157 
41847 0.254521 0.0782189 
41848 0.260565 0.228493 
41849 0.26667 0.379722 
41850 -0.362276 -0.202581 
41851 -0.357889 -0.0511135 
41852 -0.353297 0.101173 
41853 -0.348732 0.254665 
41854 -0.34414 0.409267 
41855 -0.209284 -0.206695 
41856 -0.204378 -0.0561873 
41857 -0.199317 0.0950384 
41858 -0.194522 0.247486 
41859 -0.189259 0.400965 
41860 -0.0584771 -0.210747 
41861 -0.0530454 -0.061426 
41862 -0.0475241 0.0889901 
41863 -0.042089 0.24046 
41864 -0.0367041 0.392815 
41865 0.0903574 -0.214783 
41866 0.0962514 -0.0663675 
41867 0.102222 0.0828839 
41868 0.108132 0.233199 
41869 0.114131 0.384425 
41870 0.237257 -0.218739 
41871 0.243551 -0.0714049 
41872 0.249892 0.0770382 
41873 0.25631 0.22645 
41874 0.262739 0.376567 
41875 -0.364185 -0.201041 
41876 -0.359394 -0.0503156 
41877 -0.35443 0.101476 
41878 -0.349595 0.254221 
41879 -0.344605 0.4079 
41880 -0.212008 -0.205292 
41881 -0.206622 -0.055765 
41882 -0.201314 0.0948369 
41883 -0.195887 0.246521 
41884 -0.190404 0.399153 
41885 -0.0618101 -0.209735 
41886 -0.0561084 -0.0610833 
41887 -0.050148 0.0884694 
41888 -0.0444632 0.23885 
41889 -0.0385767 0.39037 
41890 0.0861792 -0.213994 
41891 0.0923588 -0.0665837 
41892 0.0986412 0.0818838 
41893 0.104955 0.231494 
41894 0.111263 0.381821 
41895 0.232201 -0.218357 
41896 0.238665 -0.0717591 
41897 0.24557 0.0757365 
41898 0.2522 0.223886 
41899 0.259025 0.373374 
41900 -0.366157 -0.199367 
41901 -0.360825 -0.0494046 
41902 -0.35557 0.101365 
41903 -0.350237 0.253303 
41904 -0.34499 0.406324 
41905 -0.214563 -0.203993 
41906 -0.208794 -0.055278 
41907 -0.202921 0.0946508 
41908 -0.19734 0.24535 
41909 -0.191683 0.397012 
41910 -0.0652138 -0.208717 
41911 -0.0590397 -0.0610923 
41912 -0.0528442 0.0875579 
41913 -0.0467647 0.237291 
41914 -0.0404038 0.387938 
41915 0.0819071 -0.213325 
41916 0.0886266 -0.0667431 
41917 0.0952212 0.0807708 
41918 0.101832 0.229423 
41919 0.108368 0.378866 
41920 0.226999 -0.217772 
41921 0.234084 -0.0722517 
41922 0.24115 0.0740807 
41923 0.248041 0.22157 
41924 0.255113 0.36997 
