41750 -0.333407 -0.249984 
41751 -0.333295 -0.0832363 
41752 -0.333213 0.0833788 
41753 -0.333452 0.250063 
41754 -0.333391 0.416817 
41755 -0.166613 -0.250065 
41756 -0.166736 -0.0834091 
41757 -0.166652 0.0834811 
41758 -0.16662 0.249893 
41759 -0.166554 0.416521 
41760 7.55748e-05 -0.250057 
41761 -4.4453e-05 -0.0832971 
41762 5.63993e-05 0.0833218 
41763 -0.000182304 0.249865 
41764 6.98344e-06 0.416652 
41765 0.166578 -0.250021 
41766 0.166838 -0.0833391 
41767 0.166681 0.0832506 
41768 0.166619 0.250019 
41769 0.166673 0.416692 
41770 0.333407 -0.24985 
41771 0.33331 -0.0833558 
41772 0.33333 0.0832605 
41773 0.333406 0.250075 
41774 0.333301 0.41664 
41775 -0.335198 -0.247577 
41776 -0.334802 -0.0818809 
41777 -0.334464 0.0838918 
41778 -0.334017 0.24962 
41779 -0.333667 0.415579 
41780 -0.169483 -0.247962 
41781 -0.168961 -0.0822694 
41782 -0.168613 0.083502 
41783 -0.168109 0.249191 
41784 -0.167889 0.414927 
41785 -0.00370178 -0.248295 
41786 -0.00334013 -0.0826682 
41787 -0.00295192 0.0829452 
41788 -0.00256616 0.248537 
41789 -0.00203057 0.414382 
41790 0.161697 -0.248602 
41791 0.162073 -0.0831022 
41792 0.16257 0.0824258 
41793 0.16293 0.248043 
41794 0.163543 0.413686 
41795 0.327047 -0.248824 
41796 0.327653 -0.0833578 
41797 0.32799 0.0820515 
41798 0.328437 0.247482 
41799 0.328942 0.413094 
41800 -0.337189 -0.245479 
41801 -0.336294 -0.0805495 
41802 -0.335633 0.0843149 
41803 -0.334666 0.249218 
41804 -0.334091 0.414176 
41805 -0.172106 -0.246105 
41806 -0.171363 -0.0813796 
41807 -0.170515 0.0834076 
41808 -0.169738 0.248103 
41809 -0.168905 0.412985 
41810 -0.00743183 -0.246638 
41811 -0.00658424 -0.082174 
41812 -0.00590676 0.0824043 
41813 -0.00504092 0.247002 
41814 -0.00412744 0.411869 
41815 0.156817 -0.247179 
41816 0.157718 -0.0829253 
41817 0.158527 0.0816095 
41818 0.159537 0.245984 
41819 0.160297 0.410793 
41820 0.320883 -0.247944 
41821 0.321843 -0.0837359 
41822 0.322711 0.0806028 
41823 0.323541 0.244924 
41824 0.324528 0.409346 
41825 -0.339059 -0.243317 
41826 -0.337816 -0.0794785 
41827 -0.33673 0.084501 
41828 -0.335606 0.248524 
41829 -0.334387 0.412757 
41830 -0.174854 -0.244091 
41831 -0.173754 -0.0804986 
41832 -0.172442 0.0831348 
41833 -0.171284 0.247125 
41834 -0.170049 0.411017 
41835 -0.0112011 -0.244997 
41836 -0.0099246 -0.0816175 
41837 -0.00867879 0.0818093 
41838 -0.00750064 0.245382 
41839 -0.0062667 0.409254 
41840 0.152054 -0.245957 
41841 0.153278 -0.08271 
41842 0.15465 0.080507 
41843 0.155854 0.243932 
41844 0.157363 0.407384 
41845 0.314912 -0.246961 
41846 0.31617 -0.0839447 
41847 0.317439 0.0791209 
41848 0.318875 0.242327 
41849 0.320123 0.40557 
41850 -0.340773 -0.241307 
41851 -0.33936 -0.0784191 
41852 -0.337804 0.0847132 
41853 -0.336294 0.247887 
41854 -0.334713 0.411238 
41855 -0.177638 -0.242579 
41856 -0.176 -0.0799393 
41857 -0.174503 0.0828907 
41858 -0.172797 0.245883 
41859 -0.171203 0.408913 
41860 -0.0148229 -0.243833 
41861 -0.0133174 -0.0813471 
41862 -0.0116368 0.0811811 
41863 -0.00996311 0.243736 
41864 -0.0081765 0.406405 
41865 0.147221 -0.244959 
41866 0.149058 -0.0828958 
41867 0.150629 0.0792243 
41868 0.15239 0.241656 
41869 0.154079 0.403989 
41870 0.308812 -0.2463 
41871 0.310636 -0.0844842 
41872 0.312353 0.077626 
41873 0.314315 0.23964 
41874 0.315967 0.401716 
41875 -0.34277 -0.239453 
41876 -0.340789 -0.0773615 
41877 -0.3388 0.0846546 
41878 -0.336833 0.247082 
41879 -0.334922 0.409517 
41880 -0.180314 -0.241185 
41881 -0.178381 -0.0792782 
41882 -0.176272 0.082524 
41883 -0.174205 0.244458 
41884 -0.172375 0.406553 
41885 -0.0185101 -0.242525 
41886 -0.0164451 -0.0812726 
41887 -0.014413 0.0803547 
41888 -0.0123509 0.242013 
41889 -0.0102082 0.403586 
41890 0.142474 -0.244171 
41891 0.144561 -0.0830408 
41892 0.146802 0.0779487 
41893 0.148963 0.239233 
41894 0.151115 0.400819 
41895 0.302951 -0.245647 
41896 0.304994 -0.0849886 
41897 0.307342 0.0757624 
41898 0.30955 0.23671 
41899 0.311697 0.397918 
41900 -0.34475 -0.23783 
41901 -0.342426 -0.0766581 
41902 -0.339927 0.0846097 
41903 -0.337573 0.246133 
41904 -0.335295 0.407816 
41905 -0.183164 -0.239559 
41906 -0.180612 -0.0788867 
41907 -0.178184 0.0819697 
41908 -0.175717 0.243003 
41909 -0.17333 0.404135 
41910 -0.0221854 -0.241437 
41911 -0.019645 -0.0810593 
41912 -0.0173647 0.0793184 
41913 -0.0148304 0.240042 
41914 -0.0122026 0.400741 
41915 0.13771 -0.243356 
41916 0.140424 -0.0834228 
41917 0.14294 0.0765492 
41918 0.145512 0.236824 
41919 0.147943 0.397191 
41920 0.29702 -0.245178 
41921 0.299721 -0.0857292 
41922 0.302201 0.0738989 
41923 0.304915 0.23376 
41924 0.307456 0.393879 
41925 -0.346675 -0.236123 
41926 -0.343891 -0.0759834 
41927 -0.341039 0.0845095 
41928 -0.338145 0.245083 
41929 -0.335441 0.405819 
41930 -0.18575 -0.238388 
41931 -0.182843 -0.0785628 
41932 -0.18009 0.0813792 
41933 -0.177254 0.241481 
41934 -0.174358 0.401789 
41935 -0.0257986 -0.240667 
41936 -0.0229567 -0.0812114 
41937 -0.0198518 0.0782396 
41938 -0.0171638 0.237982 
41939 -0.0141965 0.397671 
41940 0.133171 -0.24267 
41941 0.136213 -0.0838472 
41942 0.139065 0.075312 
41943 0.142065 0.234335 
41944 0.144998 0.393543 
41945 0.291231 -0.245016 
41946 0.2943 -0.0865389 
41947 0.297275 0.0720704 
41948 0.300297 0.230763 
41949 0.303268 0.38955 
41950 -0.348531 -0.2347 
41951 -0.345196 -0.0753413 
41952 -0.342105 0.0842244 
41953 -0.339009 0.243861 
41954 -0.335773 0.403832 
41955 -0.188363 -0.237357 
41956 -0.185192 -0.0784856 
41957 -0.181944 0.0806619 
41958 -0.178745 0.239705 
41959 -0.175506 0.399204 
41960 -0.0293052 -0.239897 
41961 -0.0260798 -0.0815073 
41962 -0.0228756 0.0771025 
41963 -0.0195907 0.235735 
41964 -0.0162608 0.394548 
41965 0.128556 -0.242277 
41966 0.13187 -0.0843514 
41967 0.135419 0.0735677 
41968 0.138605 0.23164 
41969 0.142013 0.389898 
41970 0.285456 -0.244757 
41971 0.288956 -0.0874329 
41972 0.292359 0.0701376 
41973 0.295818 0.227618 
41974 0.299016 0.385328 
41975 -0.350346 -0.233573 
41976 -0.346787 -0.0748315 
41977 -0.343106 0.0838208 
41978 -0.339645 0.242631 
41979 -0.335969 0.401612 
41980 -0.191047 -0.236249 
41981 -0.187535 -0.078278 
41982 -0.183771 0.0798507 
41983 -0.180227 0.238176 
41984 -0.176461 0.396296 
41985 -0.0328887 -0.239186 
41986 -0.0290984 -0.081744 
41987 -0.0254603 0.0759327 
41988 -0.0218541 0.233563 
41989 -0.0182157 0.391228 
41990 0.124045 -0.241847 
41991 0.127808 -0.085037 
41992 0.131519 0.071861 
41993 0.135249 0.229008 
41994 0.138849 0.386097 
41995 0.279975 -0.244708 
41996 0.283617 -0.088363 
41997 0.287447 0.0679892 
41998 0.29116 0.224528 
41999 0.294857 0.381074 
42000 -0.35233 -0.232445 
42001 -0.348279 -0.0746177 
42002 -0.344375 0.083416 
42003 -0.34024 0.241303 
42004 -0.336132 0.399345 
42005 -0.193599 -0.235623 
42006 -0.189667 -0.0784433 
42007 -0.185619 0.0788782 
42008 -0.181608 0.236199 
42009 -0.177653 0.393519 
42010 -0.0365125 -0.238589 
42011 -0.0323048 -0.0820559 
42012 -0.0282733 0.0743827 
42013 -0.0241145 0.231159 
42014 -0.0200854 0.38794 
42015 0.119608 -0.241706 
42016 0.123706 -0.0857685 
42017 0.127785 0.0701507 
42018 0.131846 0.22609 
42019 0.135862 0.382307 
42020 0.274355 -0.244832 
42021 0.278454 -0.0894597 
42022 0.282511 0.0658466 
42023 0.286569 0.221227 
42024 0.290815 0.37678 
42025 -0.354058 -0.231429 
42026 -0.34985 -0.0744821 
42027 -0.345349 0.0827118 
42028 -0.340959 0.239767 
42029 -0.336427 0.396885 
42030 -0.196369 -0.234959 
42031 -0.191805 -0.0786058 
42032 -0.187438 0.0777723 
42033 -0.18305 0.234136 
42034 -0.178574 0.390613 
42035 -0.0398703 -0.23813 
42036 -0.0354087 -0.0826067 
42037 -0.0310418 0.0730241 
42038 -0.0265777 0.228702 
42039 -0.022064 0.384494 
42040 0.115145 -0.241546 
42041 0.119613 -0.0867082 
42042 0.12407 0.0682481 
42043 0.128421 0.223327 
42044 0.132928 0.378424 
42045 0.268877 -0.244917 
42046 0.273366 -0.0906938 
42047 0.277647 0.0634834 
42048 0.282045 0.217885 
42049 0.286664 0.372418 
42050 -0.356018 -0.230682 
42051 -0.351408 -0.0743461 
42052 -0.346508 0.081931 
42053 -0.341673 0.238326 
42054 -0.336856 0.394453 
42055 -0.198952 -0.234347 
42056 -0.194184 -0.0787969 
42057 -0.189255 0.0765155 
42058 -0.184494 0.232246 
42059 -0.179689 0.387736 
42060 -0.0432677 -0.237967 
42061 -0.0383937 -0.0832563 
42062 -0.03376 0.0714547 
42063 -0.0290301 0.226241 
42064 -0.024187 0.380944 
42065 0.110807 -0.241794 
42066 0.115512 -0.0875225 
42067 0.120314 0.0664064 
42068 0.125062 0.220327 
42069 0.129987 0.3744 
42070 0.263315 -0.245133 
42071 0.268183 -0.0919644 
42072 0.272964 0.0611776 
42073 0.27769 0.214663 
42074 0.282527 0.367898 
42075 -0.357898 -0.229904 
42076 -0.352765 -0.0744048 
42077 -0.347558 0.0809421 
42078 -0.342387 0.236382 
42079 -0.336998 0.391803 
42080 -0.201568 -0.233888 
42081 -0.19627 -0.0791201 
42082 -0.191242 0.0754468 
42083 -0.185867 0.23009 
42084 -0.180631 0.384629 
42085 -0.0466514 -0.237768 
42086 -0.041634 -0.0839306 
42087 -0.0364456 0.0697996 
42088 -0.0311727 0.223657 
42089 -0.0261569 0.377406 
42090 0.106352 -0.241681 
42091 0.111537 -0.0885917 
42092 0.116617 0.0643495 
42093 0.121908 0.217346 
42094 0.127032 0.370313 
42095 0.258012 -0.24563 
42096 0.263185 -0.0934181 
42097 0.268181 0.0589213 
42098 0.273235 0.21115 
42099 0.278414 0.363162 
42100 -0.359956 -0.229271 
42101 -0.354112 -0.0745842 
42102 -0.348534 0.0799991 
42103 -0.342944 0.23459 
42104 -0.337324 0.389055 
42105 -0.204164 -0.233686 
42106 -0.198589 -0.0797012 
42107 -0.192913 0.0740729 
42108 -0.187363 0.227781 
42109 -0.181863 0.381294 
42110 -0.0501121 -0.237793 
42111 -0.0447025 -0.0847512 
42112 -0.0390514 0.0681205 
42113 -0.0336855 0.220867 
42114 -0.0280107 0.373671 
42115 0.102121 -0.241931 
42116 0.107576 -0.0898863 
42117 0.112974 0.0622062 
42118 0.118535 0.214366 
42119 0.123912 0.366194 
42120 0.252917 -0.245972 
42121 0.258062 -0.0947214 
42122 0.263478 0.0565702 
42123 0.268941 0.207751 
42124 0.274306 0.358737 
42125 -0.361758 -0.228829 
42126 -0.35569 -0.0748825 
42127 -0.349576 0.0788913 
42128 -0.343592 0.232601 
42129 -0.337661 0.386167 
42130 -0.20677 -0.233422 
42131 -0.200791 -0.080289 
42132 -0.194759 0.0725477 
42133 -0.188761 0.225464 
42134 -0.182887 0.37796 
42135 -0.0535883 -0.237826 
42136 -0.047655 -0.0856765 
42137 -0.0418294 0.0661657 
42138 -0.035936 0.218148 
42139 -0.0300323 0.369895 
42140 0.0979173 -0.242369 
42141 0.103594 -0.0910514 
42142 0.109392 0.0601038 
42143 0.115344 0.21124 
42144 0.121001 0.361945 
42145 0.247622 -0.246564 
42146 0.253274 -0.0963234 
42147 0.258981 0.0540003 
42148 0.264573 0.204212 
42149 0.270212 0.354074 
42150 -0.363698 -0.228593 
42151 -0.357206 -0.0752662 
42152 -0.350759 0.0777981 
42153 -0.344271 0.230745 
42154 -0.337948 0.383419 
42155 -0.209264 -0.233399 
42156 -0.202891 -0.0810682 
42157 -0.196682 0.0709144 
42158 -0.190353 0.222881 
42159 -0.183908 0.374632 
42160 -0.0567192 -0.238096 
42161 -0.0507051 -0.0867365 
42162 -0.0444384 0.064385 
42163 -0.0382142 0.215365 
42164 -0.0320799 0.366311 
42165 0.0937756 -0.242708 
42166 0.0999181 -0.0922857 
42167 0.105821 0.0579708 
42168 0.11195 0.207911 
42169 0.118047 0.35777 
42170 0.242394 -0.247316 
42171 0.24843 -0.0978101 
42172 0.254277 0.0514351 
42173 0.260136 0.200586 
42174 0.266185 0.349545 
42175 -0.365621 -0.228257 
42176 -0.358721 -0.0757099 
42177 -0.351783 0.0764191 
42178 -0.344944 0.228515 
42179 -0.338302 0.380186 
42180 -0.211847 -0.233413 
42181 -0.205062 -0.0818773 
42182 -0.19843 0.0694023 
42183 -0.191881 0.220505 
42184 -0.185059 0.371196 
42185 -0.0600942 -0.238335 
42186 -0.053531 -0.0878878 
42187 -0.0471799 0.0624088 
42188 -0.0404637 0.212461 
42189 -0.0340631 0.362163 
42190 0.089693 -0.243239 
42191 0.0959482 -0.0936049 
42192 0.102345 0.0556374 
42193 0.108645 0.204499 
42194 0.114935 0.353345 
42195 0.237429 -0.247949 
42196 0.243558 -0.099566 
42197 0.249735 0.0488055 
42198 0.255828 0.196885 
42199 0.261909 0.344697 
42200 -0.367464 -0.228309 
42201 -0.360106 -0.076449 
42202 -0.35283 0.0750798 
42203 -0.345686 0.226067 
42204 -0.338662 0.377113 
42205 -0.214133 -0.23357 
42206 -0.207198 -0.0827339 
42207 -0.200134 0.0677295 
42208 -0.193151 0.217795 
42209 -0.186286 0.367623 
42210 -0.063207 -0.238736 
42211 -0.0565147 -0.0888637 
42212 -0.0497101 0.060345 
42213 -0.042947 0.209524 
42214 -0.0361516 0.358258 
42215 0.0854992 -0.243775 
42216 0.0922914 -0.0950724 
42217 0.0988121 0.0532811 
42218 0.105431 0.201288 
42219 0.111988 0.348995 
42220 0.232335 -0.248734 
42221 0.238749 -0.10111 
42222 0.245166 0.0462111 
42223 0.251585 0.193255 
42224 0.258017 0.340072 
42225 -0.369276 -0.228354 
42226 -0.361633 -0.0771721 
42227 -0.353899 0.0735846 
42228 -0.346453 0.22402 
42229 -0.339003 0.373954 
42230 -0.216838 -0.233795 
42231 -0.209456 -0.0837772 
42232 -0.202025 0.0659143 
42233 -0.194547 0.215006 
42234 -0.187546 0.364005 
42235 -0.0664549 -0.239255 
42236 -0.0594704 -0.0901776 
42237 -0.0523026 0.0582477 
42238 -0.0451296 0.20656 
42239 -0.0381215 0.354473 
42240 0.0814649 -0.24445 
42241 0.0884245 -0.0966654 
42242 0.0953179 0.0509101 
42243 0.102096 0.197957 
42244 0.108963 0.344696 
42245 0.227423 -0.249703 
42246 0.234029 -0.102921 
42247 0.240702 0.0434068 
42248 0.247326 0.189693 
42249 0.253835 0.335281 
