41950 -0.333304 -0.249992 
41951 -0.333358 -0.0835106 
41952 -0.333321 0.0833656 
41953 -0.333214 0.250031 
41954 -0.333382 0.416495 
41955 -0.166657 -0.250088 
41956 -0.166661 -0.0832754 
41957 -0.166673 0.0832987 
41958 -0.166589 0.250097 
41959 -0.16657 0.416639 
41960 0.000148106 -0.250016 
41961 4.66957e-05 -0.0832027 
41962 -0.00013395 0.0834523 
41963 -5.30041e-05 0.250064 
41964 -8.19629e-05 0.416574 
41965 0.166633 -0.249997 
41966 0.166677 -0.0833244 
41967 0.166692 0.0832907 
41968 0.166629 0.250062 
41969 0.16661 0.416686 
41970 0.333323 -0.249889 
41971 0.333292 -0.0834452 
41972 0.3333 0.0833424 
41973 0.33337 0.249962 
41974 0.333312 0.416729 
41975 -0.335266 -0.248728 
41976 -0.334881 -0.082909 
41977 -0.334409 0.0828451 
41978 -0.333884 0.248663 
41979 -0.333589 0.414209 
41980 -0.169472 -0.249058 
41981 -0.169127 -0.0832751 
41982 -0.168582 0.082435 
41983 -0.168223 0.248053 
41984 -0.167788 0.41354 
41985 -0.00375755 -0.249287 
41986 -0.00341962 -0.0837279 
41987 -0.00287545 0.0818251 
41988 -0.00231152 0.247483 
41989 -0.00197471 0.413079 
41990 0.161747 -0.24953 
41991 0.162224 -0.0839593 
41992 0.162626 0.0813753 
41993 0.163108 0.246882 
41994 0.163519 0.412361 
41995 0.327132 -0.250103 
41996 0.327567 -0.0845092 
41997 0.327953 0.0810154 
41998 0.328248 0.246451 
41999 0.328868 0.411917 
42000 -0.337161 -0.247579 
42001 -0.336355 -0.0825669 
42002 -0.335373 0.0821645 
42003 -0.334424 0.246933 
42004 -0.333738 0.411862 
42005 -0.172183 -0.248101 
42006 -0.171262 -0.083445 
42007 -0.170374 0.0811297 
42008 -0.169522 0.24596 
42009 -0.168702 0.410482 
42010 -0.00756881 -0.248721 
42011 -0.00663008 -0.0843151 
42012 -0.0057527 0.0804573 
42013 -0.00485085 0.244721 
42014 -0.00398992 0.409305 
42015 0.156952 -0.249428 
42016 0.157676 -0.085026 
42017 0.158742 0.0794109 
42018 0.159472 0.243693 
42019 0.1604 0.408184 
42020 0.32109 -0.250047 
42021 0.321794 -0.0857931 
42022 0.322791 0.0784613 
42023 0.323644 0.242709 
42024 0.324294 0.406893 
42025 -0.339069 -0.246502 
42026 -0.337781 -0.0824396 
42027 -0.336432 0.081436 
42028 -0.335073 0.245366 
42029 -0.33361 0.409117 
42030 -0.174967 -0.247369 
42031 -0.173613 -0.0836241 
42032 -0.172407 0.0799746 
42033 -0.170961 0.243688 
42034 -0.169718 0.407328 
42035 -0.011124 -0.248403 
42036 -0.00984588 -0.0849943 
42037 -0.00849112 0.0786409 
42038 -0.00731389 0.242174 
42039 -0.00605908 0.405585 
42040 0.152248 -0.249378 
42041 0.153519 -0.0859835 
42042 0.154679 0.077218 
42043 0.155823 0.240573 
42044 0.157339 0.403796 
42045 0.31519 -0.250403 
42046 0.316324 -0.0871249 
42047 0.317491 0.0758108 
42048 0.318708 0.238831 
42049 0.319941 0.401961 
42050 -0.341043 -0.245554 
42051 -0.339219 -0.0825433 
42052 -0.337432 0.0806648 
42053 -0.335582 0.24357 
42054 -0.333909 0.406432 
42055 -0.177633 -0.246897 
42056 -0.175904 -0.0841098 
42057 -0.174221 0.0788514 
42058 -0.172549 0.241496 
42059 -0.170784 0.404022 
42060 -0.0148596 -0.248115 
42061 -0.0130995 -0.0855502 
42062 -0.0114348 0.0769001 
42063 -0.00966849 0.239269 
42064 -0.00810207 0.401643 
42065 0.147463 -0.249387 
42066 0.149216 -0.0869693 
42067 0.150825 0.075031 
42068 0.152461 0.237164 
42069 0.153985 0.399351 
42070 0.309307 -0.250629 
42071 0.310913 -0.0885297 
42072 0.312405 0.0733849 
42073 0.313974 0.235016 
42074 0.315652 0.396869 
42075 -0.343047 -0.244784 
42076 -0.340747 -0.0825846 
42077 -0.338436 0.0796607 
42078 -0.33631 0.241443 
42079 -0.334096 0.403454 
42080 -0.180342 -0.246504 
42081 -0.178126 -0.0845623 
42082 -0.175987 0.0772527 
42083 -0.173896 0.239046 
42084 -0.171761 0.40046 
42085 -0.0183138 -0.247947 
42086 -0.016303 -0.0863681 
42087 -0.0141746 0.0751614 
42088 -0.0121236 0.236442 
42089 -0.0100392 0.397715 
42090 0.142847 -0.249533 
42091 0.144795 -0.0882894 
42092 0.14694 0.0728214 
42093 0.148989 0.233916 
42094 0.151 0.394722 
42095 0.303383 -0.251114 
42096 0.305354 -0.0900531 
42097 0.307291 0.0706483 
42098 0.309189 0.231262 
42099 0.311242 0.391857 
42100 -0.344965 -0.244176 
42101 -0.342221 -0.0827669 
42102 -0.339429 0.0786186 
42103 -0.336904 0.239566 
42104 -0.334155 0.400483 
42105 -0.182945 -0.246162 
42106 -0.180406 -0.085091 
42107 -0.177705 0.0757775 
42108 -0.175334 0.23645 
42109 -0.172755 0.396938 
42110 -0.0219385 -0.24812 
42111 -0.0195481 -0.0873015 
42112 -0.0170794 0.0731164 
42113 -0.0146387 0.233487 
42114 -0.0121901 0.393561 
42115 0.138316 -0.249805 
42116 0.14068 -0.0894965 
42117 0.142978 0.0704971 
42118 0.145357 0.230381 
42119 0.147704 0.390072 
42120 0.297631 -0.251489 
42121 0.299967 -0.0917339 
42122 0.302258 0.0680638 
42123 0.304536 0.227307 
42124 0.306713 0.386729 
42125 -0.346676 -0.243844 
42126 -0.343642 -0.0833687 
42127 -0.340612 0.0774005 
42128 -0.337446 0.237527 
42129 -0.334354 0.397484 
42130 -0.185572 -0.245787 
42131 -0.182594 -0.0856475 
42132 -0.179718 0.0741893 
42133 -0.176699 0.233945 
42134 -0.173838 0.393464 
42135 -0.0255234 -0.247947 
42136 -0.0226314 -0.0883 
42137 -0.0198477 0.0712691 
42138 -0.0171413 0.230444 
42139 -0.0141526 0.389424 
42140 0.133743 -0.250201 
42141 0.136496 -0.0909956 
42142 0.139154 0.0681874 
42143 0.141932 0.226988 
42144 0.144591 0.38556 
42145 0.292131 -0.252274 
42146 0.294638 -0.0935346 
42147 0.297307 0.0651447 
42148 0.299887 0.223319 
42149 0.302473 0.381578 
42150 -0.348534 -0.243466 
42151 -0.345104 -0.0835834 
42152 -0.341629 0.0758743 
42153 -0.338002 0.235257 
42154 -0.334536 0.394264 
42155 -0.188203 -0.245883 
42156 -0.184815 -0.086506 
42157 -0.181596 0.0724972 
42158 -0.178135 0.231225 
42159 -0.174814 0.389641 
42160 -0.0289532 -0.248166 
42161 -0.0256376 -0.0894555 
42162 -0.0225242 0.0691646 
42163 -0.0194097 0.227293 
42164 -0.0160699 0.385207 
42165 0.129437 -0.250589 
42166 0.132341 -0.0922742 
42167 0.135367 0.065636 
42168 0.13835 0.223428 
42169 0.141467 0.380763 
42170 0.286529 -0.253032 
42171 0.289664 -0.0953046 
42172 0.292457 0.0622782 
42173 0.295222 0.219343 
42174 0.297993 0.376329 
42175 -0.35042 -0.243136 
42176 -0.346553 -0.0841643 
42177 -0.342604 0.0745898 
42178 -0.338669 0.232899 
42179 -0.334834 0.390937 
42180 -0.190808 -0.245951 
42181 -0.187056 -0.0873667 
42182 -0.183332 0.070812 
42183 -0.179623 0.228493 
42184 -0.176007 0.385885 
42185 -0.0323562 -0.248552 
42186 -0.0288145 -0.0905958 
42187 -0.025321 0.0669652 
42188 -0.021722 0.224194 
42189 -0.0181948 0.380883 
42190 0.124997 -0.25115 
42191 0.128376 -0.093724 
42192 0.131707 0.0631491 
42193 0.134934 0.219841 
42194 0.138418 0.376099 
42195 0.28105 -0.253771 
42196 0.284272 -0.0970477 
42197 0.287411 0.0593898 
42198 0.290592 0.215501 
42199 0.293634 0.371225 
42200 -0.35225 -0.24312 
42201 -0.347851 -0.0848736 
42202 -0.343658 0.0730946 
42203 -0.339333 0.230401 
42204 -0.334946 0.387528 
42205 -0.193463 -0.246105 
42206 -0.189274 -0.0885367 
42207 -0.185173 0.0689146 
42208 -0.180995 0.225636 
42209 -0.176974 0.382116 
42210 -0.035717 -0.248952 
42211 -0.0318353 -0.0918598 
42212 -0.0278782 0.0646779 
42213 -0.0241012 0.221013 
42214 -0.0202423 0.376661 
42215 0.120587 -0.251946 
42216 0.124265 -0.0954592 
42217 0.1279 0.060566 
42218 0.131649 0.216147 
42219 0.135279 0.37132 
42220 0.275703 -0.25468 
42221 0.279116 -0.098823 
42222 0.282635 0.056471 
42223 0.286033 0.211409 
42224 0.289461 0.365915 
42225 -0.354147 -0.243211 
42226 -0.349373 -0.0855697 
42227 -0.344649 0.0714157 
42228 -0.339939 0.227886 
42229 -0.335207 0.383927 
42230 -0.195949 -0.246178 
42231 -0.191403 -0.0894588 
42232 -0.187043 0.0668112 
42233 -0.18256 0.222723 
42234 -0.178045 0.378064 
42235 -0.0390603 -0.249578 
42236 -0.0349012 -0.0933281 
42237 -0.0305192 0.0623557 
42238 -0.0264519 0.217528 
42239 -0.0223982 0.372377 
42240 0.116401 -0.252527 
42241 0.120335 -0.0970658 
42242 0.124348 0.0578971 
42243 0.12821 0.21244 
42244 0.131984 0.36649 
42245 0.270525 -0.25562 
42246 0.274134 -0.100748 
42247 0.277818 0.0534811 
42248 0.281529 0.207374 
42249 0.28524 0.360693 
42250 -0.355939 -0.243322 
42251 -0.350917 -0.0865857 
42252 -0.345612 0.0696895 
42253 -0.340577 0.225263 
42254 -0.33545 0.380322 
42255 -0.198546 -0.246597 
42256 -0.193433 -0.0906054 
42257 -0.18882 0.0648702 
42258 -0.183982 0.219748 
42259 -0.179174 0.374103 
42260 -0.0423925 -0.249997 
42261 -0.0378538 -0.0948172 
42262 -0.0332852 0.0599946 
42263 -0.028818 0.214223 
42264 -0.0243942 0.36767 
42265 0.112276 -0.253216 
42266 0.116373 -0.0987239 
42267 0.120361 0.0552832 
42268 0.124803 0.208712 
42269 0.12903 0.361648 
42270 0.265164 -0.256545 
42271 0.269272 -0.102763 
42272 0.273121 0.0506138 
42273 0.276969 0.203391 
42274 0.280741 0.355465 
42275 -0.357758 -0.243542 
42276 -0.352258 -0.0875813 
42277 -0.34664 0.0678608 
42278 -0.341228 0.222626 
42279 -0.335883 0.376782 
42280 -0.200846 -0.247172 
42281 -0.195663 -0.091874 
42282 -0.190538 0.0626771 
42283 -0.185422 0.216582 
42284 -0.180364 0.369889 
42285 -0.0454825 -0.250826 
42286 -0.040925 -0.0962632 
42287 -0.0359993 0.0575646 
42288 -0.0313474 0.210772 
42289 -0.0265491 0.363387 
42290 0.107996 -0.254131 
42291 0.112404 -0.100327 
42292 0.11696 0.0526008 
42293 0.121371 0.204948 
42294 0.125764 0.356648 
42295 0.260109 -0.257605 
42296 0.264141 -0.104594 
42297 0.2684 0.0475676 
42298 0.272531 0.199252 
42299 0.276453 0.35028 
42300 -0.359538 -0.244039 
42301 -0.353513 -0.0885981 
42302 -0.347704 0.0659732 
42303 -0.341918 0.220043 
42304 -0.336083 0.372947 
42305 -0.203253 -0.247763 
42306 -0.197932 -0.093301 
42307 -0.192466 0.0606024 
42308 -0.186864 0.2136 
42309 -0.181631 0.365851 
42310 -0.048925 -0.251396 
42311 -0.0436817 -0.0977761 
42312 -0.0387977 0.0550768 
42313 -0.0337191 0.207382 
42314 -0.0285968 0.358862 
42315 0.103853 -0.255233 
42316 0.10864 -0.102378 
42317 0.113225 0.0498357 
42318 0.117914 0.201009 
42319 0.122572 0.351937 
42320 0.25503 -0.258673 
42321 0.25939 -0.106712 
42322 0.263628 0.0447025 
42323 0.267899 0.195032 
42324 0.272047 0.345007 
42325 -0.36128 -0.244474 
42326 -0.355041 -0.0899608 
42327 -0.348727 0.064009 
42328 -0.34269 0.216932 
42329 -0.336502 0.369189 
42330 -0.20567 -0.248478 
42331 -0.200081 -0.094845 
42332 -0.194118 0.0583894 
42333 -0.188395 0.210316 
42334 -0.182772 0.361662 
42335 -0.0521154 -0.252284 
42336 -0.0466533 -0.0994035 
42337 -0.0414282 0.052645 
42338 -0.0359665 0.204043 
42339 -0.0306946 0.354432 
42340 0.0999239 -0.256025 
42341 0.104762 -0.104077 
42342 0.109763 0.0470145 
42343 0.114633 0.197489 
42344 0.119381 0.347084 
42345 0.250207 -0.259924 
42346 0.254622 -0.1087 
42347 0.258963 0.0414384 
42348 0.263569 0.191058 
42349 0.268052 0.33986 
42350 -0.363016 -0.245103 
42351 -0.356467 -0.0911701 
42352 -0.349909 0.0618491 
42353 -0.34336 0.213926 
42354 -0.336789 0.365366 
42355 -0.207973 -0.249164 
42356 -0.202091 -0.0961391 
42357 -0.195978 0.0559421 
42358 -0.189989 0.20708 
42359 -0.184015 0.357484 
42360 -0.0550986 -0.253269 
42361 -0.049513 -0.101012 
42362 -0.043991 0.0501247 
42363 -0.0384093 0.200317 
42364 -0.0329966 0.349882 
42365 0.0959193 -0.257127 
42366 0.101003 -0.105929 
42367 0.106112 0.0442693 
42368 0.111132 0.193604 
42369 0.116311 0.342109 
42370 0.245241 -0.261176 
42371 0.249803 -0.110888 
42372 0.254397 0.0385746 
42373 0.258932 0.186936 
42374 0.263562 0.33463 
42375 -0.364783 -0.245735 
42376 -0.35783 -0.092563 
42377 -0.350979 0.0598179 
42378 -0.344152 0.211061 
42379 -0.337349 0.361314 
42380 -0.210479 -0.250082 
42381 -0.204168 -0.097695 
42382 -0.197733 0.053569 
42383 -0.191416 0.203855 
42384 -0.185249 0.35327 
42385 -0.0580559 -0.254256 
42386 -0.0524571 -0.102951 
42387 -0.0466436 0.0473995 
42388 -0.0409056 0.196821 
42389 -0.0351756 0.34514 
42390 0.0920266 -0.258242 
42391 0.097397 -0.107856 
42392 0.102558 0.0415593 
42393 0.107706 0.18985 
42394 0.112971 0.337292 
42395 0.240425 -0.26233 
42396 0.24515 -0.112946 
42397 0.249931 0.0354564 
42398 0.254513 0.182893 
42399 0.259273 0.329428 
42400 -0.366553 -0.246625 
42401 -0.35914 -0.0939915 
42402 -0.352088 0.0575695 
42403 -0.344878 0.208057 
42404 -0.337991 0.357326 
42405 -0.212888 -0.250889 
42406 -0.206029 -0.0993829 
42407 -0.199552 0.0512646 
42408 -0.192989 0.200547 
42409 -0.18664 0.348849 
42410 -0.0612447 -0.255134 
42411 -0.0551035 -0.104806 
42412 -0.0492421 0.0447482 
42413 -0.0433888 0.193407 
42414 -0.0374528 0.340571 
42415 0.0881651 -0.259388 
42416 0.0935399 -0.109867 
42417 0.0991111 0.0385964 
42418 0.104428 0.186056 
42419 0.109706 0.332401 
42420 0.235649 -0.263511 
42421 0.240506 -0.115144 
42422 0.245375 0.0325255 
42423 0.250193 0.178937 
42424 0.255088 0.324394 
42425 -0.368148 -0.247455 
42426 -0.360503 -0.0955969 
42427 -0.353164 0.0553695 
42428 -0.345708 0.204987 
42429 -0.338347 0.353198 
42430 -0.214966 -0.251907 
42431 -0.208031 -0.101082 
42432 -0.201281 0.0486541 
42433 -0.194705 0.197183 
42434 -0.187934 0.34459 
42435 -0.0642156 -0.256134 
42436 -0.0580077 -0.10648 
42437 -0.0518669 0.042148 
42438 -0.0456034 0.189695 
42439 -0.0397655 0.336052 
42440 0.0844405 -0.260476 
42441 0.0900704 -0.111851 
42442 0.0955765 0.0356991 
42443 0.100998 0.182254 
42444 0.106643 0.327648 
42445 0.231072 -0.264933 
42446 0.235941 -0.117262 
42447 0.240799 0.0293569 
42448 0.24575 0.174974 
42449 0.250767 0.319228 
