3360 -0.333521 -0.217033 
3361 -0.333604 -0.0169254 
3362 -0.333656 0.183219 
3363 -0.333052 0.383565 
3364 -0.166585 -0.216572 
3365 -0.166191 -0.0161844 
3366 -0.166622 0.183158 
3367 -0.166663 0.383623 
3368 0.000452191 -0.21638 
3369 -0.000319413 -0.0162157 
3370 0.000399046 0.182895 
3371 -8.26471e-05 0.383289 
3372 0.16649 -0.216348 
3373 0.167063 -0.0171432 
3374 0.166317 0.183796 
3375 0.167147 0.383114 
3376 0.333312 -0.216626 
3377 0.332839 -0.0162717 
3378 0.333686 0.183595 
3379 0.333554 0.383493 
3380 -0.322874 -0.193415 
3381 -0.322324 -0.0102382 
3382 -0.322314 0.172466 
3383 -0.321692 0.354975 
3384 -0.170757 -0.193283 
3385 -0.170038 -0.0104534 
3386 -0.169107 0.171824 
3387 -0.169418 0.354575 
3388 -0.0183209 -0.193221 
3389 -0.0183996 -0.0109879 
3390 -0.0171291 0.170714 
3391 -0.0172207 0.353895 
3392 0.13311 -0.193816 
3393 0.133839 -0.0113613 
3394 0.134862 0.170832 
3395 0.134441 0.352411 
3396 0.285126 -0.194207 
3397 0.286012 -0.0125419 
3398 0.285827 0.169717 
3399 0.286076 0.352109 
3400 -0.31426 -0.173931 
3401 -0.313274 -0.00532899 
3402 -0.312951 0.162553 
3403 -0.312005 0.330609 
3404 -0.17441 -0.173841 
3405 -0.17281 -0.00578205 
3406 -0.17274 0.161141 
3407 -0.171278 0.329703 
3408 -0.0342355 -0.175054 
3409 -0.0329266 -0.00684482 
3410 -0.0325562 0.161019 
3411 -0.0319387 0.327935 
3412 0.10481 -0.174712 
3413 0.106234 -0.00727077 
3414 0.107454 0.159574 
3415 0.107998 0.327155 
3416 0.244176 -0.175185 
3417 0.245208 -0.00840794 
3418 0.24577 0.158125 
3419 0.247141 0.325744 
3420 -0.308095 -0.157288 
3421 -0.306301 -0.00196163 
3422 -0.305167 0.153841 
3423 -0.30366 0.309861 
3424 -0.17796 -0.158064 
3425 -0.1761 -0.003112 
3426 -0.175175 0.152626 
3427 -0.173613 0.307877 
3428 -0.0483918 -0.158877 
3429 -0.0470188 -0.00403432 
3430 -0.0457263 0.15147 
3431 -0.0438701 0.305914 
3432 0.0808178 -0.159045 
3433 0.0822222 -0.00474267 
3434 0.0831922 0.149494 
3435 0.0849741 0.304995 
3436 0.209145 -0.159861 
3437 0.210386 -0.00556825 
3438 0.212317 0.148966 
3439 0.213364 0.303134 
3440 -0.301682 -0.143085 
3441 -0.300616 0.00106276 
3442 -0.299001 0.146251 
3443 -0.297167 0.290956 
3444 -0.180564 -0.144037 
3445 -0.178895 0.000393671 
3446 -0.178048 0.144678 
3447 -0.176204 0.289136 
3448 -0.0601236 -0.145566 
3449 -0.0583597 -0.00154182 
3450 -0.0573189 0.142536 
3451 -0.0556601 0.286622 
3452 0.059745 -0.145915 
3453 0.0616078 -0.00268349 
3454 0.0628327 0.141507 
3455 0.0641648 0.284854 
3456 0.178686 -0.147198 
3457 0.180255 -0.00352204 
3458 0.182004 0.139506 
3459 0.18373 0.282777 
3460 -0.297475 -0.131571 
3461 -0.29529 0.00350055 
3462 -0.293386 0.138822 
3463 -0.291567 0.275181 
3464 -0.18437 -0.133206 
3465 -0.182274 0.0022733 
3466 -0.18001 0.137366 
3467 -0.178079 0.272226 
3468 -0.0707618 -0.13454 
3469 -0.0693846 0.000274914 
3470 -0.0669897 0.135406 
3471 -0.0660085 0.270187 
3472 0.0410621 -0.135392 
3473 0.0430692 -0.000615303 
3474 0.0447698 0.13337 
3475 0.0462647 0.267347 
3476 0.152325 -0.135973 
3477 0.154281 -0.00255731 
3478 0.156318 0.13164 
3479 0.15773 0.265433 
3480 -0.293918 -0.122318 
3481 -0.291352 0.00520534 
3482 -0.289281 0.132963 
3483 -0.287362 0.25999 
3484 -0.187098 -0.123067 
3485 -0.184861 0.00385477 
3486 -0.182609 0.130558 
3487 -0.18051 0.25712 
3488 -0.0807835 -0.124741 
3489 -0.0785396 0.00165809 
3490 -0.0773148 0.128972 
3491 -0.0746479 0.254773 
3492 0.0240527 -0.125753 
3493 0.0265425 0.000158105 
3494 0.0282446 0.125836 
3495 0.0307286 0.252215 
3496 0.129097 -0.127023 
3497 0.130968 -0.00128814 
3498 0.133124 0.124229 
3499 0.134907 0.25018 
3500 -0.290713 -0.113887 
3501 -0.288189 0.00694588 
3502 -0.286209 0.126577 
3503 -0.284024 0.246954 
3504 -0.189732 -0.114701 
3505 -0.187194 0.00464101 
3506 -0.185547 0.124421 
3507 -0.182806 0.243885 
3508 -0.090068 -0.116821 
3509 -0.088048 0.00277853 
3510 -0.0859028 0.121828 
3511 -0.0827803 0.241474 
3512 0.00972381 -0.117599 
3513 0.0116504 0.000807139 
3514 0.0133008 0.120094 
3515 0.0157961 0.238429 
3516 0.107798 -0.119497 
3517 0.10957 -0.0013552 
3518 0.1124 0.117372 
3519 0.114789 0.236058 
3520 -0.287773 -0.106087 
3521 -0.285887 0.00779921 
3522 -0.283307 0.12151 
3523 -0.280195 0.234075 
3524 -0.193014 -0.10793 
3525 -0.189869 0.00500791 
3526 -0.187706 0.118498 
3527 -0.184875 0.231947 
3528 -0.0983521 -0.109252 
3529 -0.0959552 0.00310594 
3530 -0.0929079 0.116096 
3531 -0.0904817 0.228853 
3532 -0.00384831 -0.111408 
3533 -0.0023754 0.00115804 
3534 0.000794591 0.113749 
3535 0.00286725 0.225754 
3536 0.0887215 -0.11254 
3537 0.0913593 -0.000479589 
3538 0.0940116 0.110897 
3539 0.096391 0.22303 
3540 -0.28648 -0.0995134 
3541 -0.283366 0.00796254 
3542 -0.28104 0.115855 
3543 -0.278134 0.223412 
3544 -0.19549 -0.101926 
3545 -0.193271 0.00547524 
3546 -0.189972 0.112859 
3547 -0.187774 0.220392 
3548 -0.105861 -0.103034 
3549 -0.103622 0.00368931 
3550 -0.100355 0.1103 
3551 -0.0978774 0.217172 
3552 -0.0169602 -0.104827 
3553 -0.0137818 0.00102939 
3554 -0.0120808 0.107548 
3555 -0.00929479 0.213968 
3556 0.0712631 -0.107148 
3557 0.0745214 -0.00117981 
3558 0.0766499 0.10533 
3559 0.0789747 0.211347 
3560 -0.28475 -0.0948708 
3561 -0.282102 0.0078322 
3562 -0.278911 0.110147 
3563 -0.275766 0.212314 
3564 -0.198698 -0.0960283 
3565 -0.195387 0.00521467 
3566 -0.192348 0.108057 
3567 -0.190265 0.209858 
3568 -0.112526 -0.0978825 
3569 -0.110278 0.00316068 
3570 -0.107799 0.105307 
3571 -0.104897 0.20648 
3572 -0.0282496 -0.0997924 
3573 -0.025679 0.000867681 
3574 -0.022917 0.101828 
3575 -0.0198949 0.203131 
3576 0.0555274 -0.102351 
3577 0.0586463 -0.0012899 
3578 0.0607372 0.0996804 
3579 0.0639819 0.199621 
3580 -0.283546 -0.0900201 
3581 -0.280439 0.00822765 
3582 -0.277763 0.105316 
3583 -0.274704 0.202795 
3584 -0.201173 -0.0922874 
3585 -0.198551 0.00555522 
3586 -0.195424 0.102092 
3587 -0.192627 0.199293 
3588 -0.119483 -0.0938648 
3589 -0.116337 0.00346769 
3590 -0.113549 0.0996348 
3591 -0.110761 0.19625 
3592 -0.0390861 -0.0962216 
3593 -0.0358234 0.00017286 
3594 -0.0328002 0.0969425 
3595 -0.0307029 0.193351 
3596 0.0412894 -0.0979918 
3597 0.0437086 -0.00137791 
3598 0.0464968 0.0939448 
3599 0.0489729 0.189476 
3600 -0.282124 -0.0865624 
3601 -0.279373 0.00779052 
3602 -0.276637 0.100453 
3603 -0.273059 0.193336 
3604 -0.203433 -0.0885753 
3605 -0.200485 0.00489813 
3606 -0.19732 0.0975616 
3607 -0.194359 0.190445 
3608 -0.126211 -0.0897402 
3609 -0.123301 0.00195774 
3610 -0.120342 0.0943955 
3611 -0.116861 0.187264 
3612 -0.0489279 -0.0919322 
3613 -0.045367 -0.000459329 
3614 -0.0431398 0.0919036 
3615 -0.0396951 0.183959 
3616 0.0283393 -0.0942001 
3617 0.0302577 -0.00246961 
3618 0.0335511 0.0893987 
3619 0.0359715 0.180328 
3620 -0.281692 -0.0832741 
3621 -0.278636 0.00640695 
3622 -0.275751 0.0963361 
3623 -0.272023 0.185173 
3624 -0.206276 -0.0846213 
3625 -0.203612 0.00446588 
3626 -0.199827 0.0933505 
3627 -0.196642 0.181746 
3628 -0.13141 -0.0869509 
3629 -0.128249 0.00175219 
3630 -0.125432 0.0895656 
3631 -0.12233 0.177989 
3632 -0.0578528 -0.0890103 
3633 -0.0546672 -0.00125589 
3634 -0.0514962 0.0872359 
3635 -0.0489992 0.174662 
3636 0.0153529 -0.0907196 
3637 0.0179736 -0.00383099 
3638 0.0208183 0.0844939 
3639 0.0245624 0.171528 
3640 -0.281853 -0.079833 
3641 -0.278384 0.00522237 
3642 -0.27429 0.0910924 
3643 -0.271439 0.176558 
3644 -0.209116 -0.0822574 
3645 -0.206241 0.0027342 
3646 -0.202213 0.0878504 
3647 -0.19906 0.173741 
3648 -0.136846 -0.0841986 
3649 -0.134086 0.000187053 
3650 -0.131221 0.0855295 
3651 -0.12833 0.169558 
3652 -0.0667651 -0.0860928 
3653 -0.0631931 -0.00198733 
3654 -0.0601931 0.0822949 
3655 -0.056974 0.16691 
3656 0.00411612 -0.0889022 
3657 0.00680353 -0.00426749 
3658 0.00939929 0.0792709 
3659 0.0127225 0.162802 
3660 -0.281606 -0.0779478 
3661 -0.27745 0.00488358 
3662 -0.274069 0.0865987 
3663 -0.271057 0.169058 
3664 -0.211281 -0.0801311 
3665 -0.207772 0.00230672 
3666 -0.205112 0.0833416 
3667 -0.201339 0.16566 
3668 -0.142988 -0.082584 
3669 -0.139285 -0.000227244 
3670 -0.13663 0.0806181 
3671 -0.132895 0.162354 
3672 -0.0739755 -0.0840287 
3673 -0.0715328 -0.00327678 
3674 -0.0679933 0.0778185 
3675 -0.0652965 0.15891 
3676 -0.00729536 -0.0864139 
3677 -0.00411028 -0.00541351 
3678 -0.00114605 0.0743843 
3679 0.00183075 0.154792 
3680 -0.281407 -0.0761588 
3681 -0.277505 0.0030743 
3682 -0.27459 0.082813 
3683 -0.27114 0.161803 
3684 -0.214153 -0.0785896 
3685 -0.210667 0.000369188 
3686 -0.207341 0.0790883 
3687 -0.203901 0.158169 
3688 -0.14729 -0.0805435 
3689 -0.143959 -0.00208562 
3690 -0.141434 0.0764068 
3691 -0.138388 0.154409 
3692 -0.0823395 -0.0828195 
3693 -0.0786528 -0.00495681 
3694 -0.0758877 0.07293 
3695 -0.0721662 0.151448 
3696 -0.0175555 -0.0848628 
3697 -0.0135975 -0.00729406 
3698 -0.0104789 0.0700076 
3699 -0.00768417 0.147872 
3700 -0.281162 -0.0747849 
3701 -0.277474 0.00146106 
3702 -0.274309 0.0782477 
3703 -0.270489 0.154112 
3704 -0.217061 -0.0768904 
3705 -0.213129 -0.000665923 
3706 -0.209748 0.0751648 
3707 -0.20604 0.150836 
3708 -0.152926 -0.0791713 
3709 -0.149301 -0.00360846 
3710 -0.146037 0.0723708 
3711 -0.142276 0.147099 
3712 -0.0891198 -0.0814802 
3713 -0.086309 -0.00577866 
3714 -0.0825153 0.0689815 
3715 -0.0798464 0.143874 
3716 -0.026289 -0.0839782 
3717 -0.0240261 -0.00915933 
3718 -0.0199958 0.0654951 
3719 -0.0173012 0.14082 
3720 -0.282062 -0.0732313 
3721 -0.277674 0.000405509 
3722 -0.274176 0.0743044 
3723 -0.270596 0.14689 
3724 -0.219534 -0.075734 
3725 -0.21538 -0.00250613 
3726 -0.212607 0.0708912 
3727 -0.208447 0.143893 
3728 -0.157018 -0.0777469 
3729 -0.153897 -0.00501554 
3730 -0.150806 0.0677387 
3731 -0.147651 0.140452 
3732 -0.0962393 -0.0803016 
3733 -0.0927842 -0.00800498 
3734 -0.0900868 0.0646071 
3735 -0.0869125 0.137132 
3736 -0.0352972 -0.0827471 
3737 -0.0325042 -0.0104215 
3738 -0.0299261 0.0617674 
3739 -0.0260943 0.133676 
3740 -0.282112 -0.0726745 
3741 -0.277925 -0.00155053 
3742 -0.274989 0.0702063 
3743 -0.270815 0.140495 
3744 -0.221961 -0.0749641 
3745 -0.217886 -0.00398365 
3746 -0.214136 0.0668942 
3747 -0.210897 0.1371 
3748 -0.161523 -0.0775857 
3749 -0.158023 -0.0069401 
3750 -0.155064 0.0639645 
3751 -0.152119 0.133957 
3752 -0.103181 -0.0796394 
3753 -0.0993182 -0.0089338 
3754 -0.0959576 0.060657 
3755 -0.0928998 0.130138 
3756 -0.0439877 -0.0821373 
3757 -0.041094 -0.0119087 
3758 -0.0378843 0.0575204 
3759 -0.0350542 0.126351 
