42200 -0.333284 -0.24999 
42201 -0.333337 -0.0833734 
42202 -0.333229 0.0833243 
42203 -0.33335 0.250012 
42204 -0.333318 0.416736 
42205 -0.166621 -0.250021 
42206 -0.166618 -0.0832729 
42207 -0.166709 0.0832841 
42208 -0.166769 0.250074 
42209 -0.166613 0.416623 
42210 3.67823e-05 -0.249999 
42211 -8.47109e-06 -0.0833347 
42212 -5.57806e-05 0.083282 
42213 7.349e-06 0.250003 
42214 -8.63386e-05 0.416653 
42215 0.166723 -0.249968 
42216 0.166611 -0.0833114 
42217 0.166581 0.0833669 
42218 0.166628 0.249925 
42219 0.166788 0.416726 
42220 0.333311 -0.250057 
42221 0.333348 -0.0833433 
42222 0.333398 0.0832816 
42223 0.333156 0.250002 
42224 0.333308 0.416741 
42225 -0.335067 -0.250056 
42226 -0.334804 -0.0841858 
42227 -0.334344 0.0815147 
42228 -0.333764 0.247301 
42229 -0.33341 0.412636 
42230 -0.169264 -0.250202 
42231 -0.16893 -0.0845772 
42232 -0.168428 0.0811826 
42233 -0.167996 0.24676 
42234 -0.167614 0.412194 
42235 -0.00362728 -0.250412 
42236 -0.00321297 -0.0848049 
42237 -0.00291303 0.0806764 
42238 -0.00252673 0.246206 
42239 -0.00220265 0.411703 
42240 0.161937 -0.250792 
42241 0.162399 -0.0851568 
42242 0.162723 0.0803861 
42243 0.162955 0.245761 
42244 0.163249 0.411204 
42245 0.3276 -0.251022 
42246 0.327781 -0.0854771 
42247 0.328092 0.0798544 
42248 0.328244 0.245397 
42249 0.328674 0.410632 
42250 -0.337068 -0.250163 
42251 -0.336149 -0.0851227 
42252 -0.335277 0.0794506 
42253 -0.334246 0.244415 
42254 -0.333478 0.408726 
42255 -0.171737 -0.250658 
42256 -0.171145 -0.0858233 
42257 -0.170343 0.0788468 
42258 -0.169524 0.243316 
42259 -0.168835 0.407746 
42260 -0.00695487 -0.251194 
42261 -0.00643576 -0.0865664 
42262 -0.00565102 0.0781209 
42263 -0.00497853 0.242515 
42264 -0.00416723 0.406621 
42265 0.157475 -0.251735 
42266 0.158116 -0.087185 
42267 0.158687 0.0773863 
42268 0.159301 0.24156 
42269 0.159839 0.405548 
42270 0.321691 -0.252246 
42271 0.322259 -0.0876725 
42272 0.322723 0.0764438 
42273 0.323368 0.240601 
42274 0.323967 0.404449 
42275 -0.338714 -0.25046 
42276 -0.337409 -0.0863441 
42277 -0.336171 0.0777166 
42278 -0.334887 0.241379 
42279 -0.33361 0.404743 
42280 -0.174408 -0.251206 
42281 -0.173192 -0.087214 
42282 -0.172273 0.0764575 
42283 -0.170846 0.239959 
42284 -0.169694 0.403285 
42285 -0.0103884 -0.251986 
42286 -0.00937594 -0.0882536 
42287 -0.00847005 0.0753591 
42288 -0.00748686 0.238664 
42289 -0.00631295 0.401637 
42290 0.152995 -0.252582 
42291 0.153787 -0.0889943 
42292 0.154797 0.0742787 
42293 0.155608 0.237232 
42294 0.156513 0.400014 
42295 0.316125 -0.253232 
42296 0.316898 -0.0899759 
42297 0.31764 0.0731923 
42298 0.31844 0.235992 
42299 0.319153 0.39847 
42300 -0.340568 -0.250781 
42301 -0.338896 -0.0873377 
42302 -0.337182 0.0756475 
42303 -0.335392 0.238169 
42304 -0.333661 0.400497 
42305 -0.176986 -0.251813 
42306 -0.175435 -0.0886369 
42307 -0.173873 0.0739997 
42308 -0.172464 0.236525 
42309 -0.170811 0.398421 
42310 -0.0139589 -0.252706 
42311 -0.0126255 -0.0899258 
42312 -0.011291 0.0726465 
42313 -0.00979985 0.23474 
42314 -0.00862653 0.396494 
42315 0.148534 -0.25358 
42316 0.149777 -0.0911646 
42317 0.150938 0.0712107 
42318 0.152057 0.232981 
42319 0.153156 0.394549 
42320 0.310566 -0.254472 
42321 0.311507 -0.0922938 
42322 0.312413 0.0696608 
42323 0.313408 0.231192 
42324 0.314358 0.392667 
42325 -0.342181 -0.251496 
42326 -0.340055 -0.0887597 
42327 -0.33802 0.0732958 
42328 -0.335911 0.235031 
42329 -0.334016 0.396236 
42330 -0.179508 -0.252542 
42331 -0.1775 -0.0902405 
42332 -0.175651 0.0716148 
42333 -0.173698 0.232963 
42334 -0.171953 0.39378 
42335 -0.0171547 -0.253743 
42336 -0.0155949 -0.0917342 
42337 -0.0140804 0.0697618 
42338 -0.0124071 0.230878 
42339 -0.01083 0.391266 
42340 0.14427 -0.254797 
42341 0.145736 -0.0929783 
42342 0.146938 0.0679605 
42343 0.148455 0.228653 
42344 0.149937 0.388895 
42345 0.305017 -0.255768 
42346 0.306225 -0.0945762 
42347 0.307434 0.066308 
42348 0.308676 0.226681 
42349 0.309916 0.386474 
42350 -0.343868 -0.25195 
42351 -0.34146 -0.0902394 
42352 -0.338947 0.0711523 
42353 -0.33648 0.231723 
42354 -0.334114 0.391978 
42355 -0.181805 -0.25331 
42356 -0.17966 -0.0918842 
42357 -0.177424 0.0689755 
42358 -0.175263 0.229304 
42359 -0.173162 0.389063 
42360 -0.0205773 -0.254464 
42361 -0.0185804 -0.0936678 
42362 -0.0168171 0.067019 
42363 -0.0147996 0.226777 
42364 -0.0129109 0.386268 
42365 0.139766 -0.255795 
42366 0.141504 -0.0950563 
42367 0.143239 0.0649025 
42368 0.144825 0.224406 
42369 0.146509 0.383427 
42370 0.29976 -0.256999 
42371 0.301142 -0.0968395 
42372 0.302337 0.0628203 
42373 0.303799 0.22198 
42374 0.305039 0.380654 
42375 -0.345599 -0.252845 
42376 -0.342769 -0.0915629 
42377 -0.339982 0.0687783 
42378 -0.337212 0.228455 
42379 -0.334474 0.387518 
42380 -0.184235 -0.254134 
42381 -0.181724 -0.0936357 
42382 -0.179189 0.0663658 
42383 -0.176863 0.225708 
42384 -0.174204 0.384266 
42385 -0.0236922 -0.255544 
42386 -0.0216858 -0.0954027 
42387 -0.0194225 0.064044 
42388 -0.0172912 0.222867 
42389 -0.0150565 0.381204 
42390 0.13579 -0.257028 
42391 0.137445 -0.0972743 
42392 0.139434 0.0617472 
42393 0.141206 0.220169 
42394 0.143108 0.378061 
42395 0.294461 -0.258352 
42396 0.295956 -0.0991703 
42397 0.297376 0.0595087 
42398 0.298972 0.217254 
42399 0.300414 0.374534 
42400 -0.347377 -0.253493 
42401 -0.34407 -0.0931864 
42402 -0.340898 0.0661744 
42403 -0.33771 0.225094 
42404 -0.334655 0.383167 
42405 -0.186683 -0.255126 
42406 -0.183824 -0.0952696 
42407 -0.181145 0.0637897 
42408 -0.17816 0.222063 
42409 -0.175508 0.379544 
42410 -0.0268835 -0.256712 
42411 -0.0246492 -0.0973327 
42412 -0.0221664 0.0611694 
42413 -0.0197974 0.218884 
42414 -0.0173293 0.375979 
42415 0.131723 -0.258201 
42416 0.133491 -0.0994135 
42417 0.135734 0.0585667 
42418 0.137664 0.215901 
42419 0.139689 0.372354 
42420 0.289204 -0.259734 
42421 0.290852 -0.10164 
42422 0.29245 0.0561268 
42423 0.294192 0.212824 
42424 0.295755 0.368848 
42425 -0.348834 -0.254286 
42426 -0.34537 -0.0948808 
42427 -0.341962 0.0639135 
42428 -0.338499 0.221699 
42429 -0.334956 0.378664 
42430 -0.188981 -0.25598 
42431 -0.185902 -0.0970075 
42432 -0.182717 0.0610256 
42433 -0.179751 0.218233 
42434 -0.176628 0.374616 
42435 -0.0301182 -0.257802 
42436 -0.0275755 -0.0993725 
42437 -0.0249475 0.0583442 
42438 -0.022244 0.214951 
42439 -0.0195861 0.37095 
42440 0.127574 -0.259396 
42441 0.12969 -0.101611 
42442 0.131872 0.0553474 
42443 0.134109 0.211595 
42444 0.136323 0.36684 
42445 0.284022 -0.261205 
42446 0.285798 -0.103803 
42447 0.287598 0.0526331 
42448 0.289289 0.208153 
42449 0.291073 0.363095 
42450 -0.350511 -0.255468 
42451 -0.34666 -0.0966136 
42452 -0.342842 0.0612392 
42453 -0.339179 0.21819 
42454 -0.335426 0.374099 
42455 -0.191141 -0.257187 
42456 -0.187866 -0.0989467 
42457 -0.184747 0.0583057 
42458 -0.181262 0.214449 
42459 -0.178103 0.370009 
42460 -0.0333083 -0.258831 
42461 -0.0304135 -0.101347 
42462 -0.0275891 0.0553234 
42463 -0.0247414 0.210866 
42464 -0.022125 0.365745 
42465 0.123615 -0.260749 
42466 0.125954 -0.103841 
42467 0.128231 0.0523004 
42468 0.130575 0.207222 
42469 0.13281 0.36136 
42470 0.279093 -0.262566 
42471 0.280865 -0.106293 
42472 0.282888 0.0491994 
42473 0.284537 0.203687 
42474 0.286527 0.357495 
42475 -0.352286 -0.25647 
42476 -0.348111 -0.0982951 
42477 -0.343896 0.0586761 
42478 -0.339839 0.214735 
42479 -0.335796 0.369745 
42480 -0.19337 -0.258295 
42481 -0.18985 -0.100856 
42482 -0.186342 0.0554934 
42483 -0.182854 0.210802 
42484 -0.179462 0.365082 
42485 -0.0363054 -0.260154 
42486 -0.0332561 -0.103369 
42487 -0.0302563 0.0523498 
42488 -0.0272361 0.206966 
42489 -0.0243566 0.360575 
42490 0.119695 -0.262057 
42491 0.122131 -0.106047 
42492 0.124568 0.0491402 
42493 0.127033 0.203093 
42494 0.12932 0.356054 
42495 0.274304 -0.263929 
42496 0.276039 -0.108334 
42497 0.278016 0.0458952 
42498 0.279872 0.199323 
42499 0.28181 0.351619 
42500 -0.353684 -0.257593 
42501 -0.349234 -0.100245 
42502 -0.344865 0.0561826 
42503 -0.340594 0.211108 
42504 -0.336298 0.365041 
42505 -0.195664 -0.259528 
42506 -0.191948 -0.102838 
42507 -0.188249 0.0526826 
42508 -0.184499 0.207015 
42509 -0.180718 0.360179 
42510 -0.0393311 -0.261459 
42511 -0.0359375 -0.105527 
42512 -0.0328646 0.0493618 
42513 -0.0296312 0.202923 
42514 -0.0265919 0.355423 
42515 0.115805 -0.263413 
42516 0.118301 -0.10814 
42517 0.121002 0.0460793 
42518 0.123518 0.199034 
42519 0.125904 0.350761 
42520 0.269313 -0.265156 
42521 0.27131 -0.110744 
42522 0.27336 0.042534 
42523 0.275305 0.194975 
42524 0.277165 0.346105 
42525 -0.355109 -0.258901 
42526 -0.350517 -0.101948 
42527 -0.345868 0.0533639 
42528 -0.341274 0.207585 
42529 -0.336837 0.360472 
42530 -0.197792 -0.260777 
42531 -0.193799 -0.104878 
42532 -0.189876 0.0497146 
42533 -0.185988 0.203225 
42534 -0.182123 0.355426 
42535 -0.0420893 -0.262612 
42536 -0.0388244 -0.107627 
42537 -0.0355474 0.04633 
42538 -0.0323506 0.199044 
42539 -0.0291034 0.35041 
42540 0.111977 -0.2647 
42541 0.114571 -0.110112 
42542 0.117322 0.0428101 
42543 0.119893 0.194757 
42544 0.12258 0.3455 
42545 0.264657 -0.266444 
42546 0.266618 -0.113028 
42547 0.268744 0.0394206 
42548 0.270462 0.19059 
42549 0.272572 0.340549 
42550 -0.356583 -0.260125 
42551 -0.351776 -0.104026 
42552 -0.346955 0.0506017 
42553 -0.342034 0.203962 
42554 -0.337375 0.35581 
42555 -0.200045 -0.262015 
42556 -0.195799 -0.10686 
42557 -0.191632 0.0469137 
42558 -0.187647 0.199353 
42559 -0.183685 0.35064 
42560 -0.044944 -0.264054 
42561 -0.0416643 -0.109588 
42562 -0.0381694 0.0434289 
42563 -0.0347923 0.19511 
42564 -0.031425 0.345226 
42565 0.108199 -0.265965 
42566 0.110957 -0.112478 
42567 0.113653 0.0398603 
42568 0.116342 0.190623 
42569 0.119161 0.34029 
42570 0.259747 -0.268035 
42571 0.261924 -0.115276 
42572 0.263949 0.0363256 
42573 0.265946 0.18636 
42574 0.267847 0.335161 
42575 -0.358156 -0.261499 
42576 -0.352965 -0.105969 
42577 -0.348022 0.0480213 
42578 -0.343036 0.200338 
42579 -0.338108 0.3513 
42580 -0.20201 -0.263402 
42581 -0.197759 -0.10887 
42582 -0.193475 0.0442259 
42583 -0.189265 0.195663 
42584 -0.185094 0.345747 
42585 -0.0478373 -0.265353 
42586 -0.0443279 -0.111634 
42587 -0.0409357 0.0405073 
42588 -0.037439 0.19103 
42589 -0.0338947 0.340353 
42590 0.104462 -0.267316 
42591 0.107433 -0.114498 
42592 0.110244 0.0367312 
42593 0.112935 0.186483 
42594 0.11552 0.335065 
42595 0.25515 -0.269347 
42596 0.257299 -0.117287 
42597 0.259257 0.0331298 
42598 0.261404 0.182177 
42599 0.263338 0.329702 
42600 -0.359583 -0.262865 
42601 -0.354287 -0.108084 
42602 -0.349013 0.0451501 
42603 -0.343892 0.196602 
42604 -0.338686 0.34651 
42605 -0.204074 -0.264689 
42606 -0.199701 -0.11092 
42607 -0.195225 0.0411779 
42608 -0.191023 0.19204 
42609 -0.186768 0.340938 
42610 -0.0506893 -0.26669 
42611 -0.0469798 -0.113745 
42612 -0.0434428 0.0375152 
42613 -0.0398554 0.187264 
42614 -0.0363827 0.335564 
42615 0.100898 -0.268721 
42616 0.103834 -0.116711 
42617 0.106517 0.0337064 
42618 0.109254 0.18255 
42619 0.112027 0.329899 
42620 0.25086 -0.270616 
42621 0.25281 -0.119458 
42622 0.25474 0.0300149 
42623 0.256692 0.178065 
42624 0.258596 0.324576 
42625 -0.361063 -0.264259 
42626 -0.355498 -0.110079 
42627 -0.350113 0.0423115 
42628 -0.34474 0.193059 
42629 -0.339419 0.34195 
42630 -0.206118 -0.266202 
42631 -0.201631 -0.113 
42632 -0.197134 0.0384234 
42633 -0.192729 0.188235 
42634 -0.188146 0.336326 
42635 -0.0533412 -0.267878 
42636 -0.0496212 -0.115969 
42637 -0.0460838 0.0346576 
42638 -0.042356 0.183493 
42639 -0.0389934 0.330561 
42640 0.0974585 -0.269835 
42641 0.100249 -0.118807 
42642 0.103213 0.030748 
42643 0.105743 0.178723 
42644 0.108523 0.325007 
42645 0.246323 -0.271875 
42646 0.248387 -0.121526 
42647 0.250328 0.0270444 
42648 0.25229 0.173945 
42649 0.254177 0.319376 
42650 -0.362296 -0.265558 
42651 -0.356634 -0.112107 
42652 -0.351189 0.0393853 
42653 -0.345666 0.189382 
42654 -0.340365 0.3374 
42655 -0.208237 -0.267551 
42656 -0.203481 -0.115035 
42657 -0.198816 0.0356348 
42658 -0.194411 0.184443 
42659 -0.189755 0.331497 
42660 -0.0561084 -0.269332 
42661 -0.0523187 -0.11796 
42662 -0.0486175 0.0315456 
42663 -0.0449996 0.179537 
42664 -0.0414717 0.325749 
42665 0.0939594 -0.271167 
42666 0.0965863 -0.120655 
42667 0.0995291 0.0277028 
42668 0.102244 0.174663 
42669 0.105139 0.320012 
42670 0.241855 -0.272953 
42671 0.243936 -0.123642 
42672 0.245757 0.0241239 
42673 0.247732 0.169966 
42674 0.249566 0.314274 
42675 -0.363808 -0.267152 
42676 -0.357903 -0.114362 
42677 -0.352284 0.0366489 
42678 -0.346632 0.185557 
42679 -0.341143 0.332843 
42680 -0.210144 -0.268881 
42681 -0.205494 -0.1172 
42682 -0.200621 0.0326241 
42683 -0.196052 0.180753 
42684 -0.191505 0.326761 
42685 -0.0586973 -0.270663 
42686 -0.0550042 -0.119937 
42687 -0.0511948 0.0287267 
42688 -0.0475948 0.17568 
42689 -0.0440023 0.3209 
42690 0.0905885 -0.272409 
42691 0.0933873 -0.122736 
42692 0.0962257 0.024947 
42693 0.0988288 0.17089 
42694 0.101551 0.315092 
42695 0.237601 -0.274263 
42696 0.239573 -0.125624 
42697 0.241401 0.0211749 
42698 0.243182 0.166098 
42699 0.244875 0.309401 
