3380 -0.33379 -0.216592 
3381 -0.333078 -0.0166229 
3382 -0.333037 0.183251 
3383 -0.33346 0.383783 
3384 -0.166397 -0.216844 
3385 -0.167125 -0.0170657 
3386 -0.166849 0.183358 
3387 -0.166531 0.383451 
3388 -0.000434161 -0.216815 
3389 -1.98174e-05 -0.0164144 
3390 0.000364042 0.183714 
3391 -0.000385285 0.383078 
3392 0.167114 -0.216847 
3393 0.166365 -0.0162456 
3394 0.166476 0.18291 
3395 0.166216 0.383564 
3396 0.332961 -0.217143 
3397 0.332854 -0.0168274 
3398 0.333434 0.183186 
3399 0.332941 0.383571 
3400 -0.32315 -0.193089 
3401 -0.322143 -0.0112954 
3402 -0.321578 0.171773 
3403 -0.321381 0.354273 
3404 -0.170011 -0.193563 
3405 -0.169673 -0.0112254 
3406 -0.169375 0.170808 
3407 -0.169392 0.353659 
3408 -0.0182595 -0.193736 
3409 -0.0178238 -0.011415 
3410 -0.0175981 0.171125 
3411 -0.0173306 0.353327 
3412 0.13335 -0.194605 
3413 0.134082 -0.0121813 
3414 0.134549 0.170571 
3415 0.134733 0.35279 
3416 0.284813 -0.194916 
3417 0.28518 -0.012038 
3418 0.285621 0.169473 
3419 0.286507 0.351849 
3420 -0.314437 -0.17388 
3421 -0.313574 -0.00635845 
3422 -0.312611 0.162085 
3423 -0.311508 0.330117 
3424 -0.174307 -0.174317 
3425 -0.173606 -0.00708505 
3426 -0.172208 0.16112 
3427 -0.171612 0.329011 
3428 -0.0338894 -0.175545 
3429 -0.0327967 -0.00790801 
3430 -0.0324693 0.160083 
3431 -0.0313476 0.327737 
3432 0.105006 -0.175606 
3433 0.106055 -0.00879393 
3434 0.107218 0.159186 
3435 0.108392 0.326383 
3436 0.24393 -0.176454 
3437 0.245314 -0.00912216 
3438 0.245773 0.157966 
3439 0.247434 0.324578 
3440 -0.307575 -0.15834 
3441 -0.305735 -0.00289777 
3442 -0.304598 0.152648 
3443 -0.30395 0.308193 
3444 -0.177469 -0.159366 
3445 -0.176054 -0.00347711 
3446 -0.174958 0.151201 
3447 -0.173223 0.306697 
3448 -0.0480038 -0.159887 
3449 -0.0468231 -0.00454021 
3450 -0.0457548 0.150074 
3451 -0.0436305 0.304803 
3452 0.0814787 -0.160186 
3453 0.0821956 -0.00618725 
3454 0.0839153 0.149029 
3455 0.0847778 0.303355 
3456 0.209515 -0.161185 
3457 0.210377 -0.00646411 
3458 0.212159 0.147588 
3459 0.212892 0.301829 
3460 -0.30177 -0.145141 
3461 -0.300312 0.000301874 
3462 -0.298625 0.145146 
3463 -0.29687 0.290107 
3464 -0.180464 -0.145825 
3465 -0.179389 -0.00178749 
3466 -0.177876 0.143013 
3467 -0.175484 0.287434 
3468 -0.0602581 -0.146848 
3469 -0.0582081 -0.00280743 
3470 -0.0570141 0.14177 
3471 -0.0553501 0.285055 
3472 0.0601985 -0.14768 
3473 0.0618544 -0.00409013 
3474 0.0628445 0.139868 
3475 0.0647706 0.28339 
3476 0.179384 -0.149121 
3477 0.181044 -0.004917 
3478 0.182453 0.138563 
3479 0.184233 0.281135 
3480 -0.296787 -0.133085 
3481 -0.295371 0.00219881 
3482 -0.293134 0.137416 
3483 -0.291757 0.272526 
3484 -0.183433 -0.134893 
3485 -0.182095 0.000168612 
3486 -0.180011 0.135724 
3487 -0.178272 0.2706 
3488 -0.0712377 -0.135722 
3489 -0.0695625 -0.000847386 
3490 -0.0674111 0.134124 
3491 -0.065333 0.267902 
3492 0.0409805 -0.136429 
3493 0.0427135 -0.00225684 
3494 0.0451084 0.131827 
3495 0.0463002 0.266004 
3496 0.153132 -0.138415 
3497 0.154444 -0.00380899 
3498 0.156218 0.129943 
3499 0.158403 0.263777 
3500 -0.293828 -0.123735 
3501 -0.290981 0.00318712 
3502 -0.288798 0.130694 
3503 -0.286542 0.258295 
3504 -0.186321 -0.125528 
3505 -0.18452 0.00195374 
3506 -0.182468 0.128267 
3507 -0.180363 0.254914 
3508 -0.0810965 -0.126251 
3509 -0.0784234 0.000104596 
3510 -0.0770956 0.1263 
3511 -0.074659 0.252892 
3512 0.0245101 -0.12738 
3513 0.0265112 -0.00204569 
3514 0.0285818 0.124424 
3515 0.0310825 0.250708 
3516 0.129462 -0.129029 
3517 0.131416 -0.00309393 
3518 0.133132 0.122304 
3519 0.134875 0.248144 
3520 -0.290397 -0.115679 
3521 -0.28792 0.00436351 
3522 -0.285653 0.124776 
3523 -0.282705 0.24432 
3524 -0.189253 -0.11655 
3525 -0.187542 0.00304539 
3526 -0.184621 0.122531 
3527 -0.182266 0.241232 
3528 -0.0900363 -0.118446 
3529 -0.0876044 0.0007496 
3530 -0.0846927 0.120209 
3531 -0.0833589 0.23917 
3532 0.00929359 -0.119511 
3533 0.011541 -0.000903763 
3534 0.0136256 0.117407 
3535 0.016673 0.235951 
3536 0.108235 -0.121584 
3537 0.110684 -0.00281456 
3538 0.111927 0.115681 
3539 0.11445 0.232923 
3540 -0.288214 -0.108936 
3541 -0.285617 0.00458235 
3542 -0.283117 0.118547 
3543 -0.280407 0.23142 
3544 -0.192342 -0.110559 
3545 -0.190281 0.00256699 
3546 -0.187811 0.116433 
3547 -0.184614 0.229313 
3548 -0.0978706 -0.111571 
3549 -0.0951493 0.000635024 
3550 -0.0932234 0.113546 
3551 -0.0905577 0.226168 
3552 -0.00362527 -0.11341 
3553 -0.00150996 -0.000994963 
3554 0.000701219 0.110648 
3555 0.00277459 0.222942 
3556 0.0892462 -0.114646 
3557 0.0915685 -0.00327514 
3558 0.0939038 0.108855 
3559 0.0956858 0.220062 
3560 -0.286172 -0.102907 
3561 -0.282995 0.00564463 
3562 -0.280498 0.113276 
3563 -0.278037 0.219995 
3564 -0.195596 -0.104544 
3565 -0.192863 0.0033213 
3566 -0.189449 0.11062 
3567 -0.186939 0.217221 
3568 -0.105168 -0.106115 
3569 -0.103256 0.00079658 
3570 -0.100152 0.107394 
3571 -0.0976075 0.213955 
3572 -0.016358 -0.107747 
3573 -0.0142595 -0.000964554 
3574 -0.0110652 0.105309 
3575 -0.00922191 0.211299 
3576 0.072134 -0.108798 
3577 0.0741695 -0.00285232 
3578 0.0771159 0.102203 
3579 0.0791766 0.2081 
3580 -0.284056 -0.0972045 
3581 -0.281395 0.00529631 
3582 -0.278836 0.107048 
3583 -0.275826 0.209473 
3584 -0.197707 -0.0994939 
3585 -0.195063 0.00318365 
3586 -0.192157 0.105254 
3587 -0.189683 0.206323 
3588 -0.112618 -0.100498 
3589 -0.109607 0.000358862 
3590 -0.107022 0.102226 
3591 -0.10457 0.203333 
3592 -0.0274245 -0.102599 
3593 -0.0252297 -0.00130342 
3594 -0.0228045 0.0989349 
3595 -0.0198755 0.200618 
3596 0.0557474 -0.104354 
3597 0.058783 -0.00402869 
3598 0.0611743 0.0966233 
3599 0.0636797 0.196981 
3600 -0.283141 -0.0929675 
3601 -0.280417 0.004452 
3602 -0.276412 0.102585 
3603 -0.27355 0.199844 
3604 -0.200783 -0.0950281 
3605 -0.19779 0.0020994 
3606 -0.19517 0.0994184 
3607 -0.192234 0.19666 
3608 -0.119536 -0.0972456 
3609 -0.115965 0.000241189 
3610 -0.113534 0.0962531 
3611 -0.110362 0.193556 
3612 -0.0380227 -0.0984711 
3613 -0.0359011 -0.00194193 
3614 -0.0332747 0.0940277 
3615 -0.0299197 0.190044 
3616 0.0420938 -0.100182 
3617 0.0441735 -0.00447704 
3618 0.0472559 0.0911909 
3619 0.0493285 0.186423 
3620 -0.282401 -0.0893431 
3621 -0.278743 0.00406752 
3622 -0.275615 0.0970917 
3623 -0.272671 0.190784 
3624 -0.203293 -0.0911539 
3625 -0.200528 0.00198604 
3626 -0.196756 0.0939879 
3627 -0.194625 0.186592 
3628 -0.125703 -0.0932198 
3629 -0.122266 -0.000624801 
3630 -0.1193 0.0913453 
3631 -0.116412 0.183857 
3632 -0.0485997 -0.0953263 
3633 -0.0453413 -0.00318288 
3634 -0.0423108 0.0884254 
3635 -0.0399993 0.179982 
3636 0.0282215 -0.0968707 
3637 0.0313602 -0.00506104 
3638 0.0337723 0.0857668 
3639 0.0364808 0.177171 
3640 -0.281044 -0.0862086 
3641 -0.278089 0.0034611 
3642 -0.274448 0.0926569 
3643 -0.272068 0.181697 
3644 -0.205877 -0.0877954 
3645 -0.202521 0.000802297 
3646 -0.19975 0.0899399 
3647 -0.196281 0.178178 
3648 -0.131676 -0.0906104 
3649 -0.12798 -0.00131273 
3650 -0.125467 0.0870094 
3651 -0.122017 0.174965 
3652 -0.0576156 -0.0921719 
3653 -0.0545904 -0.00410801 
3654 -0.0512186 0.0836823 
3655 -0.0490206 0.171227 
3656 0.0154202 -0.0943416 
3657 0.0185197 -0.00691081 
3658 0.0210571 0.0810965 
3659 0.0243798 0.167774 
3660 -0.281338 -0.0831697 
3661 -0.277859 0.00172667 
3662 -0.274536 0.0873451 
3663 -0.27063 0.172809 
3664 -0.208031 -0.085421 
3665 -0.205687 -0.000541062 
3666 -0.20177 0.0845617 
3667 -0.199292 0.170028 
3668 -0.136362 -0.0873522 
3669 -0.133343 -0.00301467 
3670 -0.130806 0.0816596 
3671 -0.127905 0.166083 
3672 -0.0658102 -0.0899241 
3673 -0.0626116 -0.00549584 
3674 -0.0594212 0.0785046 
3675 -0.0564762 0.16273 
3676 0.00408244 -0.091865 
3677 0.00762503 -0.00824573 
3678 0.00976252 0.0758383 
3679 0.0133187 0.160053 
3680 -0.281062 -0.0815629 
3681 -0.277247 0.00119643 
3682 -0.273809 0.0832573 
3683 -0.270696 0.164668 
3684 -0.211429 -0.0840943 
3685 -0.207307 -0.00182571 
3686 -0.204619 0.0797684 
3687 -0.201576 0.16144 
3688 -0.142101 -0.0859775 
3689 -0.139065 -0.00382642 
3690 -0.136164 0.0768214 
3691 -0.132135 0.15799 
3692 -0.0738585 -0.0883142 
3693 -0.0704322 -0.00647738 
3694 -0.0674656 0.074038 
3695 -0.0648662 0.154488 
3696 -0.00641727 -0.089994 
3697 -0.00336468 -0.00872942 
3698 -0.000967061 0.0714569 
3699 0.00190864 0.152019 
3700 -0.280139 -0.0796 
3701 -0.276654 -0.000547762 
3702 -0.273834 0.0786793 
3703 -0.270029 0.157958 
3704 -0.213029 -0.0818363 
3705 -0.209887 -0.00286947 
3706 -0.20704 0.0760489 
3707 -0.203288 0.154307 
3708 -0.146969 -0.0839095 
3709 -0.143558 -0.0058155 
3710 -0.140408 0.0724164 
3711 -0.137532 0.150482 
3712 -0.0814251 -0.0859668 
3713 -0.0788648 -0.00848691 
3714 -0.0750571 0.0698586 
3715 -0.0723175 0.147125 
3716 -0.0164064 -0.0879384 
3717 -0.013907 -0.0111892 
3718 -0.0107158 0.0663627 
3719 -0.00736752 0.143487 
3720 -0.281008 -0.0786357 
3721 -0.277152 -0.00174044 
3722 -0.27359 0.0739733 
3723 -0.269952 0.150576 
3724 -0.215856 -0.0809655 
3725 -0.212761 -0.00452317 
3726 -0.20934 0.0710835 
3727 -0.206365 0.146461 
3728 -0.152133 -0.0824014 
3729 -0.148535 -0.00737215 
3730 -0.145539 0.068211 
3731 -0.142484 0.143587 
3732 -0.0885352 -0.0846531 
3733 -0.0858316 -0.00966196 
3734 -0.0822677 0.065505 
3735 -0.0794721 0.14005 
3736 -0.0261021 -0.0871174 
3737 -0.0229183 -0.0124031 
3738 -0.0199087 0.0622799 
3739 -0.0173021 0.136192 
3740 -0.281126 -0.0771366 
3741 -0.277835 -0.00375023 
3742 -0.27348 0.069591 
3743 -0.270011 0.142623 
3744 -0.218667 -0.0793064 
3745 -0.214578 -0.00654867 
3746 -0.211249 0.0668226 
3747 -0.208108 0.140066 
3748 -0.156829 -0.0814636 
3749 -0.153223 -0.00912778 
3750 -0.150474 0.0635414 
3751 -0.146573 0.136034 
3752 -0.0960529 -0.0842256 
3753 -0.0921356 -0.0117916 
3754 -0.0893264 0.0607682 
3755 -0.0858017 0.132569 
3756 -0.0347151 -0.0858976 
3757 -0.0318009 -0.0144717 
3758 -0.0287043 0.0580901 
3759 -0.0261351 0.129705 
3760 -0.28132 -0.0766814 
3761 -0.277887 -0.00530473 
3762 -0.273855 0.0651196 
3763 -0.27025 0.136127 
3764 -0.221279 -0.0794168 
3765 -0.21723 -0.00855791 
3766 -0.214315 0.0629095 
3767 -0.210989 0.133056 
3768 -0.161057 -0.0813964 
3769 -0.157839 -0.0106235 
3770 -0.154995 0.0598865 
3771 -0.150997 0.129683 
3772 -0.102125 -0.0832512 
3773 -0.0988543 -0.0133006 
3774 -0.0962067 0.0569297 
3775 -0.0928674 0.125735 
3776 -0.0435761 -0.0859189 
3777 -0.0411273 -0.0155098 
3778 -0.0378516 0.0533379 
3779 -0.034443 0.12282 
