42475 -0.333215 -0.249977 
42476 -0.333286 -0.0833123 
42477 -0.333327 0.0832786 
42478 -0.333338 0.250081 
42479 -0.333317 0.4168 
42480 -0.16656 -0.249974 
42481 -0.166715 -0.0833489 
42482 -0.166746 0.0833563 
42483 -0.166637 0.250038 
42484 -0.166785 0.416652 
42485 9.11676e-05 -0.250005 
42486 6.00139e-05 -0.0833846 
42487 3.69026e-05 0.0832808 
42488 3.0381e-05 0.250055 
42489 6.41682e-05 0.416656 
42490 0.166705 -0.249965 
42491 0.166733 -0.083342 
42492 0.166641 0.0834236 
42493 0.166765 0.250015 
42494 0.166605 0.416608 
42495 0.333377 -0.249961 
42496 0.333269 -0.0833213 
42497 0.333393 0.0833034 
42498 0.333322 0.249891 
42499 0.333317 0.416674 
42500 -0.334839 -0.251082 
42501 -0.334523 -0.0853234 
42502 -0.334236 0.0803766 
42503 -0.333955 0.246015 
42504 -0.333618 0.411551 
42505 -0.16904 -0.251206 
42506 -0.168705 -0.0854709 
42507 -0.168432 0.080275 
42508 -0.168259 0.245765 
42509 -0.168001 0.411203 
42510 -0.00323821 -0.251237 
42511 -0.00301814 -0.0856955 
42512 -0.00292284 0.0799981 
42513 -0.00263535 0.245435 
42514 -0.00242717 0.410674 
42515 0.16258 -0.251479 
42516 0.162618 -0.0856619 
42517 0.162663 0.0798206 
42518 0.162814 0.245094 
42519 0.162718 0.410483 
42520 0.328025 -0.251445 
42521 0.328098 -0.0857995 
42522 0.3281 0.0796516 
42523 0.328076 0.244974 
42524 0.328146 0.410193 
42525 -0.336349 -0.25223 
42526 -0.33548 -0.0874664 
42527 -0.335136 0.0774606 
42528 -0.334367 0.24209 
42529 -0.333873 0.406233 
42530 -0.171142 -0.25251 
42531 -0.170637 -0.0875757 
42532 -0.170276 0.0771558 
42533 -0.169843 0.241586 
42534 -0.169297 0.405611 
42535 -0.00631747 -0.252699 
42536 -0.00589657 -0.0877939 
42537 -0.00562337 0.0767326 
42538 -0.0052866 0.240898 
42539 -0.00497536 0.404884 
42540 0.158292 -0.252717 
42541 0.158556 -0.0879856 
42542 0.158785 0.0763658 
42543 0.158926 0.240492 
42544 0.159018 0.404334 
42545 0.322757 -0.252801 
42546 0.322809 -0.0883201 
42547 0.322719 0.0759298 
42548 0.322855 0.239918 
42549 0.322928 0.403562 
42550 -0.337655 -0.253658 
42551 -0.336842 -0.0894745 
42552 -0.335936 0.0745463 
42553 -0.335127 0.237925 
42554 -0.334216 0.401258 
42555 -0.173427 -0.253876 
42556 -0.172613 -0.089713 
42557 -0.172083 0.0740931 
42558 -0.171455 0.237253 
42559 -0.17061 0.400178 
42560 -0.00940995 -0.253884 
42561 -0.00885063 -0.0900313 
42562 -0.00838347 0.0734946 
42563 -0.0078916 0.236521 
42564 -0.00745158 0.399218 
42565 0.15428 -0.254193 
42566 0.154294 -0.0904267 
42567 0.154785 0.0728544 
42568 0.155011 0.235909 
42569 0.155273 0.398304 
42570 0.31732 -0.254361 
42571 0.317568 -0.090888 
42572 0.317419 0.0723884 
42573 0.317678 0.234896 
42574 0.317729 0.39731 
42575 -0.339036 -0.254951 
42576 -0.337969 -0.0913953 
42577 -0.336865 0.0715126 
42578 -0.335859 0.233852 
42579 -0.33472 0.395849 
42580 -0.175546 -0.255055 
42581 -0.174636 -0.0919181 
42582 -0.173714 0.070792 
42583 -0.172901 0.232979 
42584 -0.172121 0.394819 
42585 -0.0122954 -0.255366 
42586 -0.0116372 -0.0923804 
42587 -0.0111862 0.0701284 
42588 -0.0105023 0.232145 
42589 -0.0100138 0.393413 
42590 0.150216 -0.255523 
42591 0.150613 -0.0927483 
42592 0.150955 0.0695073 
42593 0.151382 0.231128 
42594 0.151578 0.392394 
42595 0.312274 -0.255694 
42596 0.31241 -0.0932242 
42597 0.312436 0.0688082 
42598 0.312659 0.230041 
42599 0.312635 0.391083 
42600 -0.340445 -0.256307 
42601 -0.339206 -0.0936452 
42602 -0.337773 0.0685166 
42603 -0.336517 0.229981 
42604 -0.335032 0.390838 
42605 -0.177595 -0.256381 
42606 -0.176581 -0.0941391 
42607 -0.175504 0.0677635 
42608 -0.17457 0.228712 
42609 -0.17353 0.38927 
42610 -0.0152822 -0.256737 
42611 -0.014562 -0.0945667 
42612 -0.0138728 0.0667964 
42613 -0.0133544 0.227727 
42614 -0.0125759 0.388005 
42615 0.146495 -0.256781 
42616 0.146781 -0.0949969 
42617 0.147072 0.0660985 
42618 0.147338 0.226625 
42619 0.147647 0.38638 
42620 0.307272 -0.257084 
42621 0.307554 -0.0956396 
42622 0.307357 0.0652652 
42623 0.307365 0.225481 
42624 0.307503 0.385011 
42625 -0.341696 -0.257884 
42626 -0.340269 -0.0958557 
42627 -0.338859 0.0654735 
42628 -0.337157 0.225906 
42629 -0.335727 0.385706 
42630 -0.179631 -0.257957 
42631 -0.178451 -0.0963371 
42632 -0.177275 0.0644743 
42633 -0.176216 0.224577 
42634 -0.175171 0.383946 
42635 -0.0181301 -0.258107 
42636 -0.0173029 -0.0969356 
42637 -0.0165708 0.0635882 
42638 -0.0159978 0.223272 
42639 -0.0152572 0.382158 
42640 0.142558 -0.258084 
42641 0.142894 -0.0972771 
42642 0.143296 0.0627305 
42643 0.143577 0.222021 
42644 0.143883 0.38055 
42645 0.302473 -0.25832 
42646 0.302345 -0.0978271 
42647 0.302307 0.0617389 
42648 0.302381 0.220806 
42649 0.302314 0.378887 
42650 -0.343242 -0.259318 
42651 -0.341468 -0.0980921 
42652 -0.33983 0.0623254 
42653 -0.338011 0.2218 
42654 -0.336352 0.38035 
42655 -0.181618 -0.259415 
42656 -0.180329 -0.0986902 
42657 -0.179118 0.0613685 
42658 -0.177923 0.220527 
42659 -0.176596 0.378455 
42660 -0.021067 -0.259501 
42661 -0.0201748 -0.0990433 
42662 -0.0194841 0.0604703 
42663 -0.0187057 0.219077 
42664 -0.0178278 0.376699 
42665 0.138759 -0.259539 
42666 0.139099 -0.0997115 
42667 0.139463 0.0594069 
42668 0.13985 0.217536 
42669 0.139984 0.37474 
42670 0.297635 -0.259597 
42671 0.297457 -0.100161 
42672 0.297337 0.0585237 
42673 0.297301 0.216236 
42674 0.297107 0.373153 
42675 -0.344433 -0.260749 
42676 -0.342541 -0.10019 
42677 -0.340682 0.0593174 
42678 -0.338792 0.217901 
42679 -0.33701 0.37528 
42680 -0.183602 -0.260832 
42681 -0.182257 -0.100788 
42682 -0.180955 0.0582364 
42683 -0.179418 0.216285 
42684 -0.178214 0.37329 
42685 -0.0237632 -0.260861 
42686 -0.0229534 -0.101294 
42687 -0.0220449 0.0573596 
42688 -0.0212659 0.214742 
42689 -0.0204749 0.371374 
42690 0.134987 -0.260809 
42691 0.135355 -0.10181 
42692 0.13571 0.056275 
42693 0.135986 0.213374 
42694 0.13633 0.369184 
42695 0.292696 -0.260926 
42696 0.292565 -0.102337 
42697 0.29241 0.0552306 
42698 0.292253 0.21182 
42699 0.292137 0.367395 
42700 -0.345702 -0.262335 
42701 -0.343582 -0.102472 
42702 -0.341774 0.0561852 
42703 -0.339695 0.213927 
42704 -0.337538 0.370329 
42705 -0.185603 -0.262262 
42706 -0.184105 -0.102999 
42707 -0.182702 0.0551295 
42708 -0.181262 0.212136 
42709 -0.179791 0.368078 
42710 -0.0265857 -0.262224 
42711 -0.0255584 -0.103411 
42712 -0.0248321 0.0540052 
42713 -0.0239756 0.210502 
42714 -0.0231146 0.365848 
42715 0.131318 -0.261967 
42716 0.131638 -0.103897 
42717 0.131895 0.0531382 
42718 0.132251 0.209089 
42719 0.132484 0.363808 
42720 0.288043 -0.261964 
42721 0.287836 -0.104446 
42722 0.287517 0.052149 
42723 0.287333 0.20751 
42724 0.287013 0.36186 
42725 -0.346854 -0.263886 
42726 -0.344635 -0.10472 
42727 -0.34266 0.0531685 
42728 -0.340383 0.209857 
42729 -0.338404 0.365042 
42730 -0.187464 -0.263718 
42731 -0.185948 -0.105146 
42732 -0.18439 0.0520523 
42733 -0.183003 0.208065 
42734 -0.18138 0.362697 
42735 -0.0292616 -0.26351 
42736 -0.0283246 -0.105636 
42737 -0.0275969 0.0510705 
42738 -0.0266699 0.2064 
42739 -0.0258782 0.360642 
42740 0.127996 -0.263311 
42741 0.127968 -0.106098 
42742 0.128145 0.0499145 
42743 0.128351 0.204861 
42744 0.128645 0.3584 
42745 0.283458 -0.263056 
42746 0.283154 -0.106396 
42747 0.282861 0.0490145 
42748 0.28234 0.203384 
42749 0.281983 0.356278 
42750 -0.348037 -0.265521 
42751 -0.345877 -0.107018 
42752 -0.343656 0.0500987 
42753 -0.34134 0.205658 
42754 -0.339364 0.360075 
42755 -0.189291 -0.265026 
42756 -0.187806 -0.107232 
42757 -0.186323 0.0489723 
42758 -0.184739 0.204047 
42759 -0.183204 0.357754 
42760 -0.0319731 -0.264699 
42761 -0.0309706 -0.107617 
42762 -0.0301085 0.0481124 
42763 -0.0294109 0.202461 
42764 -0.0286469 0.355545 
42765 0.124317 -0.264384 
42766 0.124452 -0.107935 
42767 0.124598 0.0471825 
42768 0.124731 0.200756 
42769 0.124778 0.353095 
42770 0.279106 -0.264201 
42771 0.278391 -0.10821 
42772 0.277839 0.0461527 
42773 0.277364 0.19915 
42774 0.276903 0.350874 
42775 -0.349215 -0.267013 
42776 -0.347034 -0.109254 
42777 -0.34459 0.0471466 
42778 -0.342354 0.20178 
42779 -0.340251 0.355202 
42780 -0.1911 -0.266514 
42781 -0.189658 -0.109474 
42782 -0.188009 0.0461355 
42783 -0.186511 0.200248 
42784 -0.185072 0.352718 
42785 -0.0344103 -0.266144 
42786 -0.0338183 -0.109692 
42787 -0.0329837 0.0452441 
42788 -0.0322216 0.198421 
42789 -0.0313343 0.350498 
42790 0.12078 -0.265486 
42791 0.121029 -0.110015 
42792 0.120738 0.0440789 
42793 0.120782 0.196827 
42794 0.120972 0.348144 
42795 0.27455 -0.265106 
42796 0.273828 -0.110154 
42797 0.273122 0.0431378 
42798 0.272497 0.19526 
42799 0.271746 0.345859 
42800 -0.350332 -0.268453 
42801 -0.348161 -0.111419 
42802 -0.345601 0.0441427 
42803 -0.343505 0.197873 
42804 -0.341037 0.350192 
42805 -0.192836 -0.267851 
42806 -0.191331 -0.111546 
42807 -0.18994 0.0431771 
42808 -0.188421 0.196218 
42809 -0.186994 0.347828 
42810 -0.0370201 -0.267221 
42811 -0.0363625 -0.111652 
42812 -0.0354593 0.0422254 
42813 -0.0348403 0.194599 
42814 -0.0342018 0.345438 
42815 0.117353 -0.266689 
42816 0.117395 -0.1118 
42817 0.117384 0.0412399 
42818 0.117161 0.192844 
42819 0.117054 0.343006 
42820 0.270105 -0.265918 
42821 0.269351 -0.111956 
42822 0.268548 0.0403412 
42823 0.267654 0.191197 
42824 0.266755 0.340656 
42825 -0.351616 -0.270117 
42826 -0.349017 -0.113664 
42827 -0.346703 0.0409826 
42828 -0.344404 0.194021 
42829 -0.34218 0.345349 
42830 -0.19462 -0.26915 
42831 -0.193193 -0.113653 
42832 -0.191671 0.0404093 
42833 -0.190306 0.192256 
42834 -0.188677 0.342759 
42835 -0.0393982 -0.268359 
42836 -0.038816 -0.113659 
42837 -0.0382702 0.0394615 
42838 -0.037512 0.190744 
42839 -0.0369555 0.340477 
42840 0.114028 -0.267603 
42841 0.113733 -0.113709 
42842 0.11371 0.0385698 
42843 0.113516 0.189187 
42844 0.113195 0.338072 
42845 0.265895 -0.266748 
42846 0.264867 -0.113671 
42847 0.263775 0.0377217 
42848 0.262705 0.187627 
42849 0.261799 0.335667 
42850 -0.35252 -0.27152 
42851 -0.350031 -0.115777 
42852 -0.347822 0.0381397 
42853 -0.345398 0.190145 
42854 -0.34329 0.340645 
42855 -0.196336 -0.270557 
42856 -0.194862 -0.115662 
42857 -0.19346 0.0373933 
42858 -0.192072 0.18869 
42859 -0.19065 0.338276 
42860 -0.0419437 -0.269553 
42861 -0.0414775 -0.115595 
42862 -0.0408767 0.0366541 
42863 -0.0403623 0.187057 
42864 -0.039904 0.335683 
42865 0.110595 -0.268485 
42866 0.110382 -0.115509 
42867 0.11003 0.0358897 
42868 0.109611 0.185581 
42869 0.109411 0.333422 
42870 0.261717 -0.267421 
42871 0.260443 -0.115266 
42872 0.259155 0.0352067 
42873 0.258084 0.184017 
42874 0.256724 0.331035 
42875 -0.353522 -0.27317 
42876 -0.351246 -0.117964 
42877 -0.348872 0.0351358 
42878 -0.34661 0.186451 
42879 -0.344221 0.33579 
42880 -0.19799 -0.271915 
42881 -0.196563 -0.117768 
42882 -0.195201 0.0345152 
42883 -0.193907 0.184847 
42884 -0.192691 0.333416 
42885 -0.0443135 -0.270591 
42886 -0.0438502 -0.117364 
42887 -0.0433929 0.033978 
42888 -0.0430662 0.183386 
42889 -0.0426233 0.331069 
42890 0.107438 -0.269441 
42891 0.10694 -0.117067 
42892 0.106411 0.0333881 
42893 0.105898 0.18194 
42894 0.105506 0.328786 
42895 0.257431 -0.268111 
42896 0.256042 -0.116755 
42897 0.254705 0.032799 
42898 0.253305 0.180504 
42899 0.251883 0.326427 
42900 -0.354558 -0.274511 
42901 -0.352151 -0.120171 
42902 -0.349885 0.0323432 
42903 -0.347767 0.182689 
42904 -0.345434 0.331223 
42905 -0.199772 -0.273034 
42906 -0.198401 -0.119705 
42907 -0.197117 0.0318483 
42908 -0.195877 0.181332 
42909 -0.194479 0.329031 
42910 -0.0467243 -0.271601 
42911 -0.0464573 -0.119193 
42912 -0.0462434 0.0313326 
42913 -0.0458991 0.179899 
42914 -0.0456655 0.3264 
42915 0.10436 -0.270036 
42916 0.103623 -0.118658 
42917 0.102877 0.0308838 
42918 0.102149 0.178481 
42919 0.101572 0.324227 
42920 0.25324 -0.268663 
42921 0.251643 -0.118146 
42922 0.249988 0.0304973 
42923 0.24842 0.177149 
42924 0.246986 0.322022 
42925 -0.355456 -0.275966 
42926 -0.353372 -0.122153 
42927 -0.351082 0.0294017 
42928 -0.348944 0.17899 
42929 -0.346729 0.326654 
42930 -0.201326 -0.274361 
42931 -0.200062 -0.121605 
42932 -0.198933 0.0291458 
42933 -0.197873 0.177657 
42934 -0.196622 0.324293 
42935 -0.0491064 -0.272548 
42936 -0.0488887 -0.120868 
42937 -0.0488069 0.0288331 
42938 -0.0485294 0.176442 
42939 -0.048404 0.322203 
42940 0.101115 -0.270765 
42941 0.100099 -0.120103 
42942 0.0993152 0.0285329 
42943 0.0986292 0.175207 
42944 0.0976624 0.319848 
42945 0.249341 -0.269031 
42946 0.247432 -0.119419 
42947 0.245587 0.0282956 
42948 0.243681 0.173975 
42949 0.242092 0.317651 
42950 -0.356691 -0.277446 
42951 -0.354399 -0.124299 
42952 -0.352141 0.026712 
42953 -0.350116 0.175516 
42954 -0.348003 0.322291 
42955 -0.202914 -0.27551 
42956 -0.201672 -0.123363 
42957 -0.200741 0.0266382 
42958 -0.199707 0.174263 
42959 -0.198655 0.319968 
42960 -0.0512424 -0.273405 
42961 -0.0512869 -0.122363 
42962 -0.0513347 0.026421 
42963 -0.0514415 0.173154 
42964 -0.0515073 0.317841 
42965 0.0981406 -0.271343 
42966 0.0969676 -0.121594 
42967 0.0958936 0.0262292 
42968 0.0949204 0.172057 
42969 0.0937262 0.315646 
42970 0.245353 -0.26948 
42971 0.243276 -0.120602 
42972 0.241225 0.0260049 
42973 0.239112 0.170966 
42974 0.237067 0.313561 
