3400 -0.333124 -0.216607 
3401 -0.333224 -0.0167022 
3402 -0.332871 0.1832 
3403 -0.33342 0.383819 
3404 -0.166566 -0.21635 
3405 -0.166226 -0.0164138 
3406 -0.166896 0.183533 
3407 -0.166711 0.383021 
3408 -0.000137106 -0.216605 
3409 0.000247097 -0.0164193 
3410 -0.00037208 0.182869 
3411 1.51784e-05 0.383487 
3412 0.166537 -0.216319 
3413 0.166465 -0.0170646 
3414 0.167166 0.18375 
3415 0.166287 0.382934 
3416 0.332849 -0.216973 
3417 0.33331 -0.0171423 
3418 0.333065 0.183053 
3419 0.333831 0.382851 
3420 -0.322444 -0.193832 
3421 -0.321849 -0.0116825 
3422 -0.321419 0.171697 
3423 -0.321091 0.353625 
3424 -0.170719 -0.193839 
3425 -0.17018 -0.0115024 
3426 -0.169675 0.170627 
3427 -0.168637 0.352813 
3428 -0.0179665 -0.19399 
3429 -0.0177101 -0.011887 
3430 -0.0171912 0.170663 
3431 -0.016441 0.352641 
3432 0.133642 -0.194307 
3433 0.133844 -0.0122953 
3434 0.134926 0.169617 
3435 0.134478 0.351927 
3436 0.284907 -0.195278 
3437 0.286014 -0.0128778 
3438 0.285702 0.168953 
3439 0.286366 0.351345 
3440 -0.314604 -0.175045 
3441 -0.313516 -0.00713731 
3442 -0.312346 0.160857 
3443 -0.310934 0.329185 
3444 -0.173953 -0.175655 
3445 -0.17278 -0.0074824 
3446 -0.172494 0.160277 
3447 -0.171214 0.327442 
3448 -0.0336192 -0.175898 
3449 -0.0332795 -0.00899913 
3450 -0.0325498 0.159037 
3451 -0.03084 0.325963 
3452 0.105151 -0.176245 
3453 0.106272 -0.00902466 
3454 0.106827 0.158046 
3455 0.107607 0.324991 
3456 0.244674 -0.177578 
3457 0.245144 -0.00986271 
3458 0.246236 0.157167 
3459 0.247266 0.324319 
3460 -0.307304 -0.158933 
3461 -0.306179 -0.00352155 
3462 -0.304993 0.1518 
3463 -0.302906 0.307001 
3464 -0.17677 -0.160466 
3465 -0.1756 -0.00525704 
3466 -0.17425 0.150763 
3467 -0.173761 0.305802 
3468 -0.0479746 -0.160599 
3469 -0.0463941 -0.00627505 
3470 -0.0451435 0.149234 
3471 -0.0444765 0.303364 
3472 0.0814105 -0.161665 
3473 0.0822154 -0.00698262 
3474 0.083392 0.147444 
3475 0.0849166 0.302324 
3476 0.209356 -0.162555 
3477 0.211251 -0.0083718 
3478 0.212044 0.145872 
3479 0.212876 0.300143 
3480 -0.301615 -0.146345 
3481 -0.29994 -0.00123662 
3482 -0.297779 0.142867 
3483 -0.296153 0.287683 
3484 -0.18014 -0.147679 
3485 -0.179173 -0.00315981 
3486 -0.177374 0.14217 
3487 -0.175544 0.286356 
3488 -0.0599377 -0.147862 
3489 -0.0583449 -0.00425355 
3490 -0.0565651 0.139547 
3491 -0.0549577 0.283963 
3492 0.0603706 -0.1493 
3493 0.0620095 -0.00572603 
3494 0.0633645 0.138191 
3495 0.0645955 0.282327 
3496 0.179366 -0.149962 
3497 0.181164 -0.00626781 
3498 0.181985 0.136432 
3499 0.183562 0.280345 
3500 -0.297221 -0.135656 
3501 -0.294746 -5.89916e-05 
3502 -0.292768 0.135944 
3503 -0.291104 0.270677 
3504 -0.183694 -0.136722 
3505 -0.182006 -0.00145299 
3506 -0.179876 0.133495 
3507 -0.17763 0.268588 
3508 -0.0708241 -0.13724 
3509 -0.0691798 -0.00297802 
3510 -0.0667913 0.132184 
3511 -0.065502 0.266143 
3512 0.0414079 -0.138217 
3513 0.043189 -0.0041746 
3514 0.045382 0.129674 
3515 0.0468666 0.263776 
3516 0.15269 -0.139567 
3517 0.154294 -0.00540479 
3518 0.156002 0.128407 
3519 0.158259 0.262094 
3520 -0.292657 -0.125432 
3521 -0.291403 0.00144888 
3522 -0.288695 0.128747 
3523 -0.286647 0.256261 
3524 -0.186442 -0.127007 
3525 -0.184606 -0.000353108 
3526 -0.182449 0.126199 
3527 -0.180461 0.253415 
3528 -0.0803851 -0.128518 
3529 -0.0788367 -0.00165308 
3530 -0.0767977 0.124046 
3531 -0.0742788 0.250486 
3532 0.0246327 -0.129257 
3533 0.0265209 -0.00348283 
3534 0.0288314 0.122639 
3535 0.0307957 0.248329 
3536 0.129083 -0.131201 
3537 0.131072 -0.00531664 
3538 0.133484 0.120267 
3539 0.135214 0.245889 
3540 -0.290181 -0.117537 
3541 -0.287412 0.00275432 
3542 -0.285288 0.121927 
3543 -0.28317 0.24186 
3544 -0.188889 -0.119072 
3545 -0.187442 0.000405806 
3546 -0.184815 0.119502 
3547 -0.182057 0.23878 
3548 -0.0893342 -0.120611 
3549 -0.0872637 -0.00112712 
3550 -0.0851273 0.117971 
3551 -0.0829346 0.236684 
3552 0.00981221 -0.121561 
3553 0.012368 -0.00360468 
3554 0.0141261 0.115137 
3555 0.0164858 0.233578 
3556 0.107836 -0.123717 
3557 0.110855 -0.00463525 
3558 0.112865 0.112654 
3559 0.114839 0.231539 
3560 -0.287226 -0.111278 
3561 -0.284674 0.00275477 
3562 -0.282751 0.11563 
3563 -0.279264 0.228742 
3564 -0.192089 -0.112158 
3565 -0.189324 0.000239337 
3566 -0.186754 0.113655 
3567 -0.184408 0.226362 
3568 -0.0974895 -0.113693 
3569 -0.0949188 -0.000943249 
3570 -0.0926324 0.111595 
3571 -0.0906064 0.223856 
3572 -0.00344875 -0.115284 
3573 -0.00155282 -0.00303111 
3574 0.00119946 0.108831 
3575 0.0031996 0.220793 
3576 0.0891059 -0.117381 
3577 0.0916492 -0.00541504 
3578 0.0934613 0.106142 
3579 0.0959133 0.217374 
3580 -0.285156 -0.10524 
3581 -0.282668 0.00238403 
3582 -0.279722 0.110582 
3583 -0.277137 0.217436 
3584 -0.194448 -0.107243 
3585 -0.192182 4.136e-05 
3586 -0.18953 0.107239 
3587 -0.186886 0.21457 
3588 -0.104933 -0.10814 
3589 -0.102811 -0.00188601 
3590 -0.0995569 0.105364 
3591 -0.0972549 0.211648 
3592 -0.0160498 -0.109639 
3593 -0.0137587 -0.00398838 
3594 -0.011505 0.102329 
3595 -0.00897283 0.208051 
3596 0.0717426 -0.111949 
3597 0.0745889 -0.00538325 
3598 0.076797 0.10025 
3599 0.0793614 0.205206 
3600 -0.28393 -0.100591 
3601 -0.281014 0.00234887 
3602 -0.277647 0.104642 
3603 -0.2749 0.20701 
3604 -0.198008 -0.102251 
3605 -0.19441 0.000506961 
3606 -0.191538 0.10204 
3607 -0.189573 0.203869 
3608 -0.112352 -0.103388 
3609 -0.109426 -0.00208569 
3610 -0.106732 0.0990112 
3611 -0.104395 0.200592 
3612 -0.0279513 -0.105183 
3613 -0.0251927 -0.00416243 
3614 -0.022077 0.0968917 
3615 -0.0192349 0.197666 
3616 0.0566222 -0.107361 
3617 0.0591296 -0.006403 
3618 0.0613391 0.0942135 
3619 0.0639161 0.193856 
3620 -0.282583 -0.0956439 
3621 -0.279441 0.0020697 
3622 -0.276875 0.0995817 
3623 -0.27336 0.196282 
3624 -0.200457 -0.0976962 
3625 -0.197468 -0.000483122 
3626 -0.194515 0.0963052 
3627 -0.191596 0.193248 
3628 -0.118454 -0.0996612 
3629 -0.116242 -0.00282309 
3630 -0.11307 0.0935098 
3631 -0.110447 0.190018 
3632 -0.0380479 -0.101976 
3633 -0.0354649 -0.00468278 
3634 -0.0325047 0.0906242 
3635 -0.0301548 0.187282 
3636 0.0416583 -0.10382 
3637 0.0449727 -0.00790703 
3638 0.0471522 0.088605 
3639 0.050123 0.183708 
3640 -0.281734 -0.0927029 
3641 -0.278531 0.000393727 
3642 -0.275006 0.0935104 
3643 -0.27243 0.187436 
3644 -0.202556 -0.0945777 
3645 -0.19971 -0.00136931 
3646 -0.196542 0.0914719 
3647 -0.193735 0.183836 
3648 -0.124693 -0.0964337 
3649 -0.121559 -0.00397966 
3650 -0.118601 0.0881298 
3651 -0.116119 0.180359 
3652 -0.047253 -0.098026 
3653 -0.0444502 -0.00586014 
3654 -0.0424719 0.0853465 
3655 -0.0388704 0.177074 
3656 0.0290576 -0.0998569 
3657 0.031038 -0.0088097 
3658 0.0336537 0.0823858 
3659 0.0370257 0.174527 
3660 -0.280398 -0.0895516 
3661 -0.277827 0.000140696 
3662 -0.274286 0.0891611 
3663 -0.271601 0.178364 
3664 -0.205003 -0.0917471 
3665 -0.202437 -0.00256126 
3666 -0.199396 0.0862186 
3667 -0.195725 0.174334 
3668 -0.131033 -0.0932635 
3669 -0.127268 -0.00522181 
3670 -0.125015 0.0832436 
3671 -0.121936 0.171028 
3672 -0.0571032 -0.095927 
3673 -0.0538446 -0.00740037 
3674 -0.0513241 0.0800832 
3675 -0.0482966 0.168458 
3676 0.0166358 -0.0976893 
3677 0.0191871 -0.0102524 
3678 0.0222994 0.0781609 
3679 0.0248093 0.164573 
3680 -0.280267 -0.0869881 
3681 -0.276547 -0.00163029 
3682 -0.274031 0.0836637 
3683 -0.270666 0.169187 
3684 -0.207803 -0.0891831 
3685 -0.204768 -0.00426559 
3686 -0.20137 0.0812042 
3687 -0.197905 0.165941 
3688 -0.136382 -0.0909995 
3689 -0.132971 -0.00592186 
3690 -0.130257 0.0784334 
3691 -0.12743 0.162433 
3692 -0.0648983 -0.093684 
3693 -0.0620834 -0.00895599 
3694 -0.0594802 0.0751465 
3695 -0.0566551 0.159186 
3696 0.00435761 -0.0947686 
3697 0.00722587 -0.0116317 
3698 0.0105444 0.0731201 
3699 0.0127819 0.156087 
3700 -0.279642 -0.0849781 
3701 -0.27704 -0.00241259 
3702 -0.273285 0.0796739 
3703 -0.269587 0.160876 
3704 -0.210606 -0.0874967 
3705 -0.207215 -0.00521048 
3706 -0.203952 0.0766394 
3707 -0.200795 0.158003 
3708 -0.141244 -0.0893161 
3709 -0.137971 -0.00818897 
3710 -0.13491 0.0736627 
3711 -0.131748 0.154378 
3712 -0.0731094 -0.090865 
3713 -0.070781 -0.0102306 
3714 -0.0674656 0.0711229 
3715 -0.0641823 0.151016 
3716 -0.00571532 -0.0933267 
3717 -0.00282239 -0.0131104 
3718 -0.00048801 0.0677557 
3719 0.00298568 0.148074 
3720 -0.279444 -0.0833826 
3721 -0.276927 -0.00418161 
3722 -0.273406 0.0743463 
3723 -0.269678 0.153328 
3724 -0.21292 -0.0862529 
3725 -0.210065 -0.00644258 
3726 -0.206408 0.0719047 
3727 -0.203515 0.149677 
3728 -0.146692 -0.0874275 
3729 -0.143887 -0.00913726 
3730 -0.140176 0.0688925 
3731 -0.13724 0.147237 
3732 -0.0809979 -0.0902361 
3733 -0.078269 -0.0123241 
3734 -0.0745222 0.0655302 
3735 -0.0717969 0.14338 
3736 -0.0165477 -0.0923213 
3737 -0.0129917 -0.0146502 
3738 -0.00979499 0.063481 
3739 -0.00779652 0.140293 
3740 -0.280066 -0.0821599 
3741 -0.276752 -0.00584212 
3742 -0.272624 0.0701475 
3743 -0.270018 0.146315 
3744 -0.215548 -0.0849467 
3745 -0.211669 -0.00901591 
3746 -0.208264 0.0673814 
3747 -0.205248 0.14218 
3748 -0.151712 -0.0866798 
3749 -0.148323 -0.0106679 
3750 -0.144744 0.0646318 
3751 -0.141389 0.139259 
3752 -0.0882264 -0.0884569 
3753 -0.0848862 -0.0130903 
3754 -0.0818345 0.0612662 
3755 -0.0788371 0.13603 
3756 -0.0253565 -0.0904931 
3757 -0.0225057 -0.0155411 
3758 -0.0200942 0.0585632 
3759 -0.0166651 0.132365 
3760 -0.28057 -0.0816776 
3761 -0.276697 -0.00768661 
3762 -0.272938 0.0661292 
3763 -0.270043 0.138678 
3764 -0.217367 -0.0839346 
3765 -0.214041 -0.0100978 
3766 -0.210831 0.0624704 
3767 -0.207845 0.13523 
3768 -0.156404 -0.085904 
3769 -0.153074 -0.0129723 
3770 -0.149603 0.0596798 
3771 -0.145934 0.132255 
3772 -0.0945133 -0.0881102 
3773 -0.0923654 -0.0155993 
3774 -0.088592 0.0564146 
3775 -0.0857175 0.129016 
3776 -0.0343753 -0.0901573 
3777 -0.0311631 -0.0173195 
3778 -0.0285959 0.0543991 
3779 -0.0255256 0.12539 
3780 -0.28097 -0.0813438 
3781 -0.27741 -0.00984613 
3782 -0.274046 0.0615266 
3783 -0.270164 0.132309 
3784 -0.220477 -0.0832735 
3785 -0.216611 -0.012675 
3786 -0.213407 0.0580589 
3787 -0.210192 0.129083 
3788 -0.160706 -0.0849542 
3789 -0.157267 -0.0146939 
3790 -0.153597 0.0558948 
3791 -0.150423 0.124849 
3792 -0.101066 -0.0877503 
3793 -0.098474 -0.0174903 
3794 -0.0956001 0.0529633 
3795 -0.0919322 0.121817 
3796 -0.0426637 -0.0898243 
3797 -0.0400004 -0.0192695 
3798 -0.0367272 0.0499963 
3799 -0.034658 0.118796 
