42750 -0.3333 -0.24991 
42751 -0.333394 -0.0833691 
42752 -0.333322 0.0832817 
42753 -0.333334 0.249945 
42754 -0.333269 0.416747 
42755 -0.166778 -0.249959 
42756 -0.166653 -0.0834977 
42757 -0.166824 0.0832889 
42758 -0.166599 0.249975 
42759 -0.16673 0.416718 
42760 -1.36121e-05 -0.2501 
42761 -5.58236e-05 -0.0834282 
42762 -7.73831e-05 0.0831717 
42763 4.81477e-05 0.25001 
42764 2.52702e-05 0.416738 
42765 0.166647 -0.249946 
42766 0.166701 -0.0833779 
42767 0.166629 0.0832729 
42768 0.16679 0.249966 
42769 0.166631 0.41668 
42770 0.333313 -0.250085 
42771 0.333356 -0.083367 
42772 0.333434 0.0833259 
42773 0.333228 0.250089 
42774 0.33325 0.416676 
42775 -0.33438 -0.251702 
42776 -0.334384 -0.0857766 
42777 -0.334273 0.0800139 
42778 -0.334184 0.245664 
42779 -0.334144 0.411022 
42780 -0.168514 -0.25143 
42781 -0.168478 -0.0855606 
42782 -0.168506 0.08011 
42783 -0.168465 0.245633 
42784 -0.168479 0.410995 
42785 -0.0027031 -0.251145 
42786 -0.00271124 -0.085346 
42787 -0.00286099 0.0800021 
42788 -0.00276021 0.245568 
42789 -0.00297876 0.410718 
42790 0.162824 -0.251087 
42791 0.162704 -0.0853715 
42792 0.162612 0.0800952 
42793 0.162492 0.245499 
42794 0.162412 0.410768 
42795 0.328408 -0.250909 
42796 0.328168 -0.0853621 
42797 0.327982 0.080091 
42798 0.327776 0.245322 
42799 0.327509 0.410501 
42800 -0.335432 -0.25314 
42801 -0.335338 -0.0879578 
42802 -0.335143 0.0767929 
42803 -0.335024 0.241266 
42804 -0.334866 0.405426 
42805 -0.170256 -0.252719 
42806 -0.170302 -0.0877719 
42807 -0.170343 0.0768227 
42808 -0.170236 0.241144 
42809 -0.1703 0.405298 
42810 -0.00538912 -0.252542 
42811 -0.00556066 -0.0877492 
42812 -0.00575032 0.0769718 
42813 -0.00587583 0.241168 
42814 -0.00593484 0.405142 
42815 0.159099 -0.251938 
42816 0.15888 -0.0874307 
42817 0.158606 0.0770176 
42818 0.158283 0.241123 
42819 0.158136 0.404794 
42820 0.323492 -0.251759 
42821 0.323046 -0.0871153 
42822 0.322658 0.0770812 
42823 0.322207 0.241095 
42824 0.32178 0.404718 
42825 -0.336581 -0.254605 
42826 -0.336286 -0.0903669 
42827 -0.336142 0.0735572 
42828 -0.335907 0.236895 
42829 -0.335764 0.400062 
42830 -0.172078 -0.254168 
42831 -0.172112 -0.0899673 
42832 -0.172148 0.073555 
42833 -0.172228 0.236979 
42834 -0.172212 0.399809 
42835 -0.00808301 -0.253488 
42836 -0.00823612 -0.0897014 
42837 -0.00854252 0.0738817 
42838 -0.0087581 0.236893 
42839 -0.00900039 0.399564 
42840 0.155554 -0.253089 
42841 0.155008 -0.0894387 
42842 0.154541 0.0739042 
42843 0.154207 0.236777 
42844 0.153685 0.399236 
42845 0.318664 -0.252574 
42846 0.318152 -0.088938 
42847 0.317343 0.0740353 
42848 0.31673 0.236845 
42849 0.316183 0.39896 
42850 -0.33773 -0.256234 
42851 -0.337202 -0.0926827 
42852 -0.33712 0.0704602 
42853 -0.336867 0.232785 
42854 -0.336677 0.394696 
42855 -0.173956 -0.255364 
42856 -0.174028 -0.092198 
42857 -0.173923 0.0705123 
42858 -0.174069 0.232694 
42859 -0.174229 0.394323 
42860 -0.0107595 -0.254629 
42861 -0.0110082 -0.0916738 
42862 -0.0114074 0.0707669 
42863 -0.011805 0.232693 
42864 -0.0121508 0.39418 
42865 0.15188 -0.253888 
42866 0.151211 -0.0912888 
42867 0.150667 0.0710305 
42868 0.149946 0.232596 
42869 0.149416 0.393809 
42870 0.314007 -0.253107 
42871 0.312976 -0.0905812 
42872 0.312167 0.0712608 
42873 0.311378 0.232658 
42874 0.310366 0.393617 
42875 -0.338473 -0.257638 
42876 -0.338278 -0.0949781 
42877 -0.338144 0.0673687 
42878 -0.337797 0.228632 
42879 -0.337742 0.389225 
42880 -0.175601 -0.256723 
42881 -0.17566 -0.09421 
42882 -0.175829 0.0675512 
42883 -0.176095 0.228596 
42884 -0.176021 0.389073 
42885 -0.0133259 -0.255827 
42886 -0.0137968 -0.093553 
42887 -0.0142367 0.0680441 
42888 -0.0147274 0.228669 
42889 -0.0152405 0.388645 
42890 0.148272 -0.254634 
42891 0.147466 -0.0928995 
42892 0.146616 0.0681127 
42893 0.14587 0.228663 
42894 0.145066 0.38857 
42895 0.309139 -0.253701 
42896 0.308072 -0.0921917 
42897 0.30696 0.0685687 
42898 0.305852 0.228704 
42899 0.304786 0.388121 
42900 -0.339379 -0.259154 
42901 -0.339312 -0.0970997 
42902 -0.339026 0.0641302 
42903 -0.338896 0.224502 
42904 -0.338835 0.384195 
42905 -0.177267 -0.25796 
42906 -0.177401 -0.0962588 
42907 -0.177673 0.0646072 
42908 -0.178002 0.224554 
42909 -0.178204 0.383937 
42910 -0.0158041 -0.256631 
42911 -0.0163586 -0.095328 
42912 -0.0170297 0.064961 
42913 -0.017582 0.224713 
42914 -0.0182336 0.383653 
42915 0.14496 -0.25547 
42916 0.14378 -0.0944863 
42917 0.142866 0.0653896 
42918 0.141866 0.22478 
42919 0.140832 0.383319 
42920 0.304724 -0.254012 
42921 0.303211 -0.0936782 
42922 0.301892 0.0658992 
42923 0.300543 0.224855 
42924 0.299112 0.383101 
42925 -0.340367 -0.260536 
42926 -0.340325 -0.0992244 
42927 -0.340101 0.0611128 
42928 -0.340049 0.220469 
42929 -0.339832 0.379171 
42930 -0.178886 -0.259076 
42931 -0.179168 -0.0983407 
42932 -0.179561 0.0616973 
42933 -0.179847 0.220648 
42934 -0.180118 0.378791 
42935 -0.0183684 -0.257457 
42936 -0.0189839 -0.0970529 
42937 -0.0199862 0.0623319 
42938 -0.0206022 0.221009 
42939 -0.0214101 0.378512 
42940 0.14142 -0.256028 
42941 0.140091 -0.0961543 
42942 0.139049 0.0629779 
42943 0.137803 0.221144 
42944 0.136478 0.378432 
42945 0.30031 -0.25446 
42946 0.298413 -0.0951136 
42947 0.296763 0.0635524 
42948 0.295217 0.221272 
42949 0.293507 0.378011 
42950 -0.341252 -0.261829 
42951 -0.341174 -0.10138 
42952 -0.34114 0.0579744 
42953 -0.341045 0.216514 
42954 -0.341118 0.37402 
42955 -0.180536 -0.259999 
42956 -0.180922 -0.100082 
42957 -0.18138 0.058821 
42958 -0.181863 0.216981 
42959 -0.182215 0.37397 
42960 -0.0206485 -0.258353 
42961 -0.0217426 -0.0988019 
42962 -0.0226777 0.0596809 
42963 -0.0235788 0.217179 
42964 -0.0244835 0.37357 
42965 0.137979 -0.256522 
42966 0.136569 -0.0975816 
42967 0.134983 0.0604176 
42968 0.133742 0.217431 
42969 0.132327 0.373439 
42970 0.2957 -0.25481 
42971 0.29368 -0.0962652 
42972 0.291791 0.0611623 
42973 0.290003 0.217668 
42974 0.287965 0.37333 
42975 -0.341969 -0.263306 
42976 -0.342205 -0.103518 
42977 -0.342214 0.0550862 
42978 -0.342322 0.212669 
42979 -0.342291 0.369271 
42980 -0.181897 -0.261079 
42981 -0.182651 -0.101912 
42982 -0.183175 0.0561759 
42983 -0.183923 0.213158 
42984 -0.18432 0.369031 
42985 -0.0231616 -0.259094 
42986 -0.0242799 -0.100464 
42987 -0.0253786 0.0571898 
42988 -0.0265312 0.213611 
42989 -0.0276986 0.368864 
42990 0.13456 -0.256971 
42991 0.132933 -0.0988837 
42992 0.131202 0.0581154 
42993 0.129615 0.213902 
42994 0.127843 0.368721 
42995 0.291434 -0.255004 
42996 0.289054 -0.0973224 
42997 0.28689 0.0590423 
42998 0.284593 0.214324 
42999 0.282432 0.368662 
43000 -0.342965 -0.264608 
43001 -0.34308 -0.105599 
43002 -0.343282 0.0522967 
43003 -0.343502 0.209097 
43004 -0.343658 0.364434 
43005 -0.183522 -0.262178 
43006 -0.184337 -0.103723 
43007 -0.185068 0.0535217 
43008 -0.185948 0.209478 
43009 -0.186597 0.364361 
43010 -0.0255728 -0.259699 
43011 -0.0267917 -0.10189 
43012 -0.0283072 0.0546234 
43013 -0.0295766 0.210015 
43014 -0.0308936 0.364406 
43015 0.131462 -0.257221 
43016 0.129451 -0.10014 
43017 0.127448 0.0560189 
43018 0.125507 0.210695 
43019 0.123668 0.364328 
43020 0.28709 -0.254987 
43021 0.284626 -0.0983597 
43022 0.282071 0.0569786 
43023 0.279503 0.211139 
43024 0.276984 0.364236 
43025 -0.343768 -0.265682 
43026 -0.344086 -0.107416 
43027 -0.344355 0.0496865 
43028 -0.34467 0.205168 
43029 -0.344945 0.359948 
43030 -0.185156 -0.263054 
43031 -0.185948 -0.105406 
43032 -0.18706 0.051019 
43033 -0.187884 0.20595 
43034 -0.188864 0.359916 
43035 -0.0278248 -0.260283 
43036 -0.0294398 -0.103454 
43037 -0.0309021 0.0522152 
43038 -0.0324886 0.20681 
43039 -0.0340582 0.359688 
43040 0.128063 -0.257427 
43041 0.125915 -0.101379 
43042 0.12375 0.0536642 
43043 0.121558 0.207394 
43044 0.119405 0.359788 
43045 0.282775 -0.254885 
43046 0.280032 -0.0994594 
43047 0.277104 0.0548779 
43048 0.274333 0.208166 
43049 0.271507 0.35987 
43050 -0.344713 -0.26691 
43051 -0.344982 -0.109431 
43052 -0.345478 0.046831 
43053 -0.346057 0.201791 
43054 -0.346397 0.355123 
43055 -0.186573 -0.263773 
43056 -0.18771 -0.107013 
43057 -0.188741 0.0485602 
43058 -0.190056 0.202666 
43059 -0.191155 0.355446 
43060 -0.0300679 -0.260753 
43061 -0.0318761 -0.10477 
43062 -0.0335619 0.0501475 
43063 -0.0356392 0.203481 
43064 -0.0372872 0.35553 
43065 0.125153 -0.257703 
43066 0.122518 -0.102335 
43067 0.120046 0.0516916 
43068 0.11749 0.204329 
43069 0.115102 0.355567 
43070 0.278598 -0.254661 
43071 0.275387 -0.10008 
43072 0.272188 0.0532422 
43073 0.269058 0.205203 
43074 0.266076 0.355721 
43075 -0.345403 -0.26805 
43076 -0.346074 -0.111227 
43077 -0.346616 0.0442595 
43078 -0.347116 0.198154 
43079 -0.347853 0.35085 
43080 -0.187902 -0.264559 
43081 -0.189345 -0.108484 
43082 -0.190824 0.0461443 
43083 -0.192137 0.19916 
43084 -0.193437 0.351178 
43085 -0.0323711 -0.261136 
43086 -0.034411 -0.10583 
43087 -0.0364331 0.0479701 
43088 -0.0385186 0.200494 
43089 -0.0405652 0.351424 
43090 0.121872 -0.257805 
43091 0.118845 -0.103266 
43092 0.116279 0.0498478 
43093 0.113483 0.201431 
43094 0.110825 0.351735 
43095 0.274503 -0.254207 
43096 0.270948 -0.10072 
43097 0.267466 0.0516399 
43098 0.264083 0.202519 
43099 0.260701 0.352033 
43100 -0.346116 -0.269175 
43101 -0.346902 -0.112864 
43102 -0.347687 0.0417052 
43103 -0.348571 0.194778 
43104 -0.349437 0.346549 
43105 -0.189594 -0.265154 
43106 -0.191003 -0.109906 
43107 -0.192613 0.0438284 
43108 -0.194254 0.196151 
43109 -0.195692 0.347005 
43110 -0.0343901 -0.261466 
43111 -0.0368076 -0.106967 
43112 -0.0391466 0.0461154 
43113 -0.0414865 0.197478 
43114 -0.0437701 0.347399 
43115 0.118739 -0.257671 
43116 0.115676 -0.104137 
43117 0.112563 0.0481308 
43118 0.109564 0.198701 
43119 0.106735 0.347841 
43120 0.270292 -0.25392 
43121 0.266665 -0.101117 
43122 0.262623 0.0501594 
43123 0.259093 0.199963 
43124 0.255416 0.348291 
43125 -0.346781 -0.270022 
43126 -0.347813 -0.114481 
43127 -0.348931 0.0393197 
43128 -0.349984 0.191592 
43129 -0.350881 0.342212 
43130 -0.19087 -0.265821 
43131 -0.192799 -0.111158 
43132 -0.194452 0.0416502 
43133 -0.196319 0.193156 
43134 -0.19812 0.342909 
43135 -0.0366395 -0.261459 
43136 -0.039229 -0.107904 
43137 -0.0418478 0.0441032 
43138 -0.0443792 0.19454 
43139 -0.0470515 0.343512 
43140 0.115688 -0.257368 
43141 0.112262 -0.104868 
43142 0.109016 0.0462725 
43143 0.10558 0.196103 
43144 0.102379 0.344071 
43145 0.26624 -0.253401 
43146 0.262052 -0.101562 
43147 0.25804 0.0487348 
43148 0.253994 0.19749 
43149 0.250031 0.344761 
43150 -0.347563 -0.27082 
43151 -0.348812 -0.116132 
43152 -0.350007 0.0370776 
43153 -0.351189 0.18846 
43154 -0.352544 0.338409 
43155 -0.192168 -0.266258 
43156 -0.194273 -0.112396 
43157 -0.196418 0.0396758 
43158 -0.198461 0.190178 
43159 -0.200586 0.339142 
43160 -0.0388031 -0.261553 
43161 -0.0418201 -0.108786 
43162 -0.0445229 0.0422717 
43163 -0.0474267 0.191817 
43164 -0.0502467 0.339859 
43165 0.112586 -0.257142 
43166 0.108944 -0.105246 
43167 0.105297 0.0449661 
43168 0.101622 0.193582 
43169 0.0979994 0.340679 
43170 0.262071 -0.252585 
43171 0.257883 -0.101846 
43172 0.253457 0.0474623 
43173 0.248992 0.195176 
43174 0.2447 0.341354 
43175 -0.348196 -0.271677 
43176 -0.349751 -0.1176 
43177 -0.351217 0.034627 
43178 -0.35271 0.185533 
43179 -0.354277 0.334421 
43180 -0.193586 -0.266475 
43181 -0.195916 -0.11368 
43182 -0.198353 0.0377268 
43183 -0.200624 0.18736 
43184 -0.202765 0.335295 
43185 -0.0409728 -0.261586 
43186 -0.0442056 -0.10967 
43187 -0.0472914 0.0407363 
43188 -0.050424 0.189245 
43189 -0.0535514 0.33628 
43190 0.109541 -0.256742 
43191 0.105662 -0.105874 
43192 0.101681 0.0435318 
43193 0.0978375 0.191243 
43194 0.0938938 0.337338 
43195 0.258294 -0.251829 
43196 0.253642 -0.101869 
43197 0.248636 0.0463117 
43198 0.244 0.193051 
43199 0.239387 0.338216 
43200 -0.348916 -0.272413 
43201 -0.3508 -0.118902 
43202 -0.352407 0.0326166 
43203 -0.35412 0.182588 
43204 -0.355836 0.330659 
43205 -0.194843 -0.266723 
43206 -0.197607 -0.114491 
43207 -0.200157 0.036003 
43208 -0.20275 0.184656 
43209 -0.205313 0.331805 
43210 -0.0430613 -0.261464 
43211 -0.0465363 -0.11031 
43212 -0.049939 0.039334 
43213 -0.0534417 0.186888 
43214 -0.0567013 0.333066 
43215 0.106818 -0.256127 
43216 0.102274 -0.106013 
43217 0.0981468 0.0421709 
43218 0.0939003 0.188864 
43219 0.0897472 0.33417 
43220 0.254296 -0.25091 
43221 0.249191 -0.101922 
43222 0.244093 0.0454155 
43223 0.239261 0.191276 
43224 0.234203 0.335209 
43225 -0.349612 -0.272854 
43226 -0.351508 -0.120134 
43227 -0.353518 0.0305978 
43228 -0.355611 0.179748 
43229 -0.357589 0.327028 
43230 -0.196128 -0.266954 
43231 -0.19921 -0.115632 
43232 -0.20205 0.0341161 
43233 -0.204796 0.182255 
43234 -0.2077 0.328415 
43235 -0.0450529 -0.260981 
43236 -0.0490684 -0.110909 
43237 -0.0527903 0.0375386 
43238 -0.056413 0.184675 
43239 -0.0601567 0.329802 
43240 0.103758 -0.255571 
43241 0.0991838 -0.106247 
43242 0.0944579 0.0412011 
43243 0.0899966 0.186924 
43244 0.0855517 0.331059 
43245 0.250597 -0.249909 
43246 0.244868 -0.101966 
43247 0.239648 0.0446092 
43248 0.234381 0.189371 
43249 0.229007 0.332499 
