42775 -0.333353 -0.250016 
42776 -0.333299 -0.0832449 
42777 -0.333362 0.0832903 
42778 -0.333497 0.249932 
42779 -0.333269 0.416557 
42780 -0.166646 -0.249947 
42781 -0.166594 -0.0832628 
42782 -0.166589 0.0833653 
42783 -0.16662 0.250004 
42784 -0.166738 0.416704 
42785 -3.30729e-06 -0.249931 
42786 -1.96639e-05 -0.0834255 
42787 -0.000114082 0.0832447 
42788 6.10676e-05 0.250079 
42789 3.32843e-05 0.416689 
42790 0.166698 -0.250016 
42791 0.166644 -0.0833318 
42792 0.166716 0.0833142 
42793 0.166636 0.249941 
42794 0.166676 0.416627 
42795 0.333283 -0.250086 
42796 0.333294 -0.0833865 
42797 0.333399 0.0833615 
42798 0.333339 0.249993 
42799 0.333339 0.416573 
42800 -0.334323 -0.251517 
42801 -0.334435 -0.0856874 
42802 -0.334248 0.0800099 
42803 -0.334128 0.245644 
42804 -0.334137 0.411084 
42805 -0.168459 -0.251366 
42806 -0.168602 -0.0855033 
42807 -0.168645 0.0800571 
42808 -0.168529 0.245542 
42809 -0.168432 0.411057 
42810 -0.00278989 -0.251194 
42811 -0.00297043 -0.0854792 
42812 -0.00286553 0.0801288 
42813 -0.0028756 0.245528 
42814 -0.00312626 0.410852 
42815 0.162796 -0.250876 
42816 0.162834 -0.0854557 
42817 0.162614 0.0802241 
42818 0.162404 0.245545 
42819 0.162426 0.410804 
42820 0.328366 -0.250874 
42821 0.328293 -0.0850926 
42822 0.327979 0.0802363 
42823 0.327564 0.245484 
42824 0.327499 0.410664 
42825 -0.33543 -0.253077 
42826 -0.335328 -0.0881061 
42827 -0.335238 0.076872 
42828 -0.335102 0.241326 
42829 -0.335088 0.405426 
42830 -0.170316 -0.25271 
42831 -0.170209 -0.087761 
42832 -0.170343 0.0769588 
42833 -0.170403 0.241379 
42834 -0.170455 0.405471 
42835 -0.00542636 -0.252268 
42836 -0.00573587 -0.0875381 
42837 -0.00576707 0.0770065 
42838 -0.0059312 0.241314 
42839 -0.00617839 0.405283 
42840 0.159304 -0.251863 
42841 0.158937 -0.0872992 
42842 0.158537 0.077039 
42843 0.158233 0.241223 
42844 0.157915 0.40498 
42845 0.323521 -0.251605 
42846 0.323065 -0.0869959 
42847 0.322614 0.0773658 
42848 0.322166 0.241254 
42849 0.321662 0.405071 
42850 -0.3364 -0.254623 
42851 -0.336252 -0.0903056 
42852 -0.336147 0.0735883 
42853 -0.335844 0.236878 
42854 -0.335819 0.400008 
42855 -0.171935 -0.253956 
42856 -0.172142 -0.0899163 
42857 -0.172086 0.07378 
42858 -0.172286 0.237191 
42859 -0.172419 0.399855 
42860 -0.00793036 -0.253407 
42861 -0.00837104 -0.0894524 
42862 -0.0086709 0.0739152 
42863 -0.00883881 0.236967 
42864 -0.00931425 0.399712 
42865 0.155409 -0.252823 
42866 0.154962 -0.089082 
42867 0.154462 0.07414 
42868 0.153964 0.237058 
42869 0.153536 0.39951 
42870 0.318681 -0.252205 
42871 0.318007 -0.0887407 
42872 0.317427 0.0743457 
42873 0.316666 0.236971 
42874 0.315901 0.399414 
42875 -0.337398 -0.256183 
42876 -0.337269 -0.0926172 
42877 -0.337234 0.070316 
42878 -0.337056 0.232778 
42879 -0.336918 0.394715 
42880 -0.173774 -0.255327 
42881 -0.173925 -0.0920662 
42882 -0.174092 0.070763 
42883 -0.174171 0.232947 
42884 -0.174463 0.394645 
42885 -0.0105345 -0.254386 
42886 -0.0111128 -0.0914909 
42887 -0.0114762 0.0710973 
42888 -0.0118672 0.232983 
42889 -0.0123259 0.394326 
42890 0.151966 -0.253626 
42891 0.151269 -0.0907688 
42892 0.150407 0.0713479 
42893 0.149818 0.232977 
42894 0.149296 0.394032 
42895 0.314097 -0.252811 
42896 0.312989 -0.0901816 
42897 0.312126 0.0716179 
42898 0.311148 0.233055 
42899 0.310212 0.393853 
42900 -0.338205 -0.257712 
42901 -0.338274 -0.0947544 
42902 -0.338048 0.0672796 
42903 -0.337941 0.228827 
42904 -0.338005 0.389688 
42905 -0.175414 -0.256458 
42906 -0.175546 -0.0940226 
42907 -0.17582 0.0676463 
42908 -0.176124 0.228839 
42909 -0.176457 0.389291 
42910 -0.0132418 -0.255471 
42911 -0.0138492 -0.0933174 
42912 -0.014227 0.0682278 
42913 -0.0147976 0.228913 
42914 -0.0154793 0.389084 
42915 0.14858 -0.254235 
42916 0.14753 -0.0924771 
42917 0.146654 0.0688008 
42918 0.145758 0.229049 
42919 0.144881 0.388949 
42920 0.309479 -0.253147 
42921 0.308187 -0.0918153 
42922 0.306826 0.0690638 
42923 0.305811 0.229216 
42924 0.304608 0.388742 
42925 -0.339298 -0.259061 
42926 -0.3392 -0.0970339 
42927 -0.339268 0.0642434 
42928 -0.339127 0.224702 
42929 -0.339129 0.384314 
42930 -0.17699 -0.257652 
42931 -0.177376 -0.0959784 
42932 -0.177728 0.0648513 
42933 -0.178201 0.224857 
42934 -0.17848 0.38417 
42935 -0.0156097 -0.256223 
42936 -0.016519 -0.0950134 
42937 -0.0171359 0.065428 
42938 -0.0177871 0.225049 
42939 -0.0186007 0.384016 
42940 0.14505 -0.254871 
42941 0.143943 -0.0941175 
42942 0.142742 0.0659894 
42943 0.141684 0.225196 
42944 0.140509 0.383817 
42945 0.304892 -0.253436 
42946 0.303398 -0.0931937 
42947 0.301923 0.0665739 
42948 0.300346 0.225434 
42949 0.298924 0.383661 
42950 -0.34009 -0.260307 
42951 -0.340205 -0.0989883 
42952 -0.340164 0.0613594 
42953 -0.34035 0.220659 
42954 -0.34034 0.379399 
42955 -0.178606 -0.258736 
42956 -0.179105 -0.0977276 
42957 -0.179716 0.0621412 
42958 -0.179977 0.220994 
42959 -0.180528 0.379079 
42960 -0.0180819 -0.257056 
42961 -0.0189379 -0.0967319 
42962 -0.0197902 0.0627125 
42963 -0.0207783 0.221375 
42964 -0.0216624 0.378959 
42965 0.141589 -0.255435 
42966 0.140293 -0.0954724 
42967 0.138807 0.0634185 
42968 0.137564 0.221617 
42969 0.136157 0.378838 
42970 0.300361 -0.253784 
42971 0.298555 -0.0942259 
42972 0.296928 0.0640876 
42973 0.295056 0.221902 
42974 0.293186 0.378727 
42975 -0.340921 -0.261817 
42976 -0.341166 -0.101149 
42977 -0.341238 0.0582562 
42978 -0.341393 0.216716 
42979 -0.341551 0.374362 
42980 -0.180248 -0.259826 
42981 -0.180852 -0.0997668 
42982 -0.181474 0.0592932 
42983 -0.18222 0.217318 
42984 -0.182742 0.374383 
42985 -0.0205378 -0.25772 
42986 -0.0215217 -0.0983611 
42987 -0.022656 0.0602553 
42988 -0.0237453 0.217712 
42989 -0.0250918 0.374176 
42990 0.138248 -0.255955 
42991 0.136721 -0.0968751 
42992 0.135006 0.0611131 
42993 0.133439 0.218246 
42994 0.131915 0.374237 
42995 0.295773 -0.253965 
42996 0.293981 -0.0953754 
42997 0.291939 0.0621141 
42998 0.289707 0.218673 
42999 0.287515 0.374133 
43000 -0.341892 -0.263025 
43001 -0.342018 -0.10323 
43002 -0.342338 0.0553991 
43003 -0.342608 0.212939 
43004 -0.34281 0.369495 
43005 -0.181745 -0.260692 
43006 -0.182509 -0.101314 
43007 -0.183321 0.0566306 
43008 -0.184052 0.2137 
43009 -0.184933 0.36962 
43010 -0.0229087 -0.258513 
43011 -0.0242358 -0.0998844 
43012 -0.0254618 0.0577269 
43013 -0.0268616 0.214153 
43014 -0.0282264 0.369558 
43015 0.134962 -0.256063 
43016 0.133103 -0.0980865 
43017 0.131267 0.0588529 
43018 0.129368 0.214792 
43019 0.127352 0.369697 
43020 0.291508 -0.253937 
43021 0.289176 -0.0963383 
43022 0.286888 0.0598607 
43023 0.284384 0.215291 
43024 0.28203 0.369606 
43025 -0.342594 -0.264182 
43026 -0.343133 -0.105131 
43027 -0.343337 0.0526307 
43028 -0.343893 0.209301 
43029 -0.344188 0.364906 
43030 -0.183225 -0.261463 
43031 -0.184151 -0.1032 
43032 -0.185085 0.0539738 
43033 -0.18623 0.210058 
43034 -0.187184 0.364896 
43035 -0.0252457 -0.25911 
43036 -0.0266684 -0.101291 
43037 -0.0283631 0.0553091 
43038 -0.0298946 0.210835 
43039 -0.0313984 0.36516 
43040 0.13164 -0.256501 
43041 0.129577 -0.0992304 
43042 0.127451 0.0566412 
43043 0.12537 0.211458 
43044 0.12323 0.365105 
43045 0.287283 -0.2539 
43046 0.284435 -0.0973787 
43047 0.282037 0.0580886 
43048 0.279133 0.212254 
43049 0.276606 0.365231 
43050 -0.343358 -0.265323 
43051 -0.343911 -0.107219 
43052 -0.344403 0.0500145 
43053 -0.345031 0.205739 
43054 -0.345569 0.360182 
43055 -0.184885 -0.262454 
43056 -0.185795 -0.104815 
43057 -0.186953 0.0514667 
43058 -0.188212 0.206471 
43059 -0.189359 0.360525 
43060 -0.02746 -0.259388 
43061 -0.0293328 -0.10256 
43062 -0.0311072 0.0529967 
43063 -0.0328279 0.207417 
43064 -0.0345152 0.360669 
43065 0.128412 -0.256488 
43066 0.125974 -0.100305 
43067 0.12373 0.05466 
43068 0.121213 0.208304 
43069 0.118775 0.36089 
43070 0.28295 -0.253532 
43071 0.279971 -0.0980744 
43072 0.277038 0.0561964 
43073 0.274038 0.209232 
43074 0.270993 0.361142 
43075 -0.344191 -0.266468 
43076 -0.344907 -0.10883 
43077 -0.345571 0.047268 
43078 -0.346245 0.202168 
43079 -0.346878 0.355785 
43080 -0.186125 -0.263091 
43081 -0.18765 -0.106277 
43082 -0.188943 0.0491745 
43083 -0.190294 0.203429 
43084 -0.191694 0.356074 
43085 -0.029601 -0.259848 
43086 -0.0318073 -0.10365 
43087 -0.0338983 0.0510206 
43088 -0.0357143 0.204389 
43089 -0.0378606 0.356522 
43090 0.125221 -0.256414 
43091 0.12255 -0.101205 
43092 0.119786 0.0527086 
43093 0.11728 0.20549 
43094 0.114586 0.356809 
43095 0.278822 -0.253192 
43096 0.275465 -0.0987688 
43097 0.272237 0.0546026 
43098 0.268918 0.206538 
43099 0.265516 0.357203 
43100 -0.34496 -0.267473 
43101 -0.345811 -0.110613 
43102 -0.346702 0.0448599 
43103 -0.347457 0.198708 
43104 -0.348484 0.351426 
43105 -0.187634 -0.263698 
43106 -0.189233 -0.107704 
43107 -0.190889 0.0467256 
43108 -0.192459 0.200103 
43109 -0.194026 0.351839 
43110 -0.0319801 -0.259955 
43111 -0.0343656 -0.104796 
43112 -0.0366454 0.0488723 
43113 -0.0388586 0.201396 
43114 -0.0411818 0.352447 
43115 0.12208 -0.25659 
43116 0.119115 -0.102143 
43117 0.116148 0.0508812 
43118 0.113275 0.202682 
43119 0.110392 0.352842 
43120 0.274637 -0.252836 
43121 0.270924 -0.0991576 
43122 0.267267 0.0529943 
43123 0.263722 0.204026 
43124 0.260093 0.353454 
43125 -0.345713 -0.268273 
43126 -0.346732 -0.112375 
43127 -0.347787 0.0423798 
43128 -0.348916 0.195616 
43129 -0.350059 0.347073 
43130 -0.188945 -0.26438 
43131 -0.19096 -0.109059 
43132 -0.19271 0.0448032 
43133 -0.194661 0.197017 
43134 -0.196388 0.347881 
43135 -0.0342866 -0.26035 
43136 -0.0368113 -0.105872 
43137 -0.0392485 0.0470605 
43138 -0.0419037 0.198545 
43139 -0.0444373 0.348502 
43140 0.119008 -0.256173 
43141 0.115725 -0.102664 
43142 0.11246 0.049384 
43143 0.109199 0.200029 
43144 0.10598 0.349298 
43145 0.270629 -0.252249 
43146 0.266455 -0.0996244 
43147 0.262554 0.0516167 
43148 0.258694 0.201492 
43149 0.25491 0.349883 
43150 -0.346399 -0.269231 
43151 -0.3477 -0.113734 
43152 -0.349032 0.040134 
43153 -0.350341 0.192324 
43154 -0.351672 0.343167 
43155 -0.190527 -0.264679 
43156 -0.192544 -0.110384 
43157 -0.194517 0.0427053 
43158 -0.196735 0.194126 
43159 -0.198893 0.344038 
43160 -0.0362068 -0.2602 
43161 -0.0393393 -0.106754 
43162 -0.0420193 0.0452906 
43163 -0.0449652 0.195655 
43164 -0.0475058 0.344732 
43165 0.115982 -0.255848 
43166 0.11244 -0.103378 
43167 0.108732 0.0479208 
43168 0.105296 0.197534 
43169 0.10177 0.345577 
43170 0.266388 -0.251499 
43171 0.262239 -0.0997964 
43172 0.258018 0.0503726 
43173 0.253714 0.199078 
43174 0.249443 0.346643 
43175 -0.347126 -0.269918 
43176 -0.348569 -0.115265 
43177 -0.350168 0.0378304 
43178 -0.351778 0.189333 
43179 -0.353397 0.339163 
43180 -0.191722 -0.26509 
43181 -0.194079 -0.111494 
43182 -0.19657 0.0406597 
43183 -0.198853 0.191289 
43184 -0.201209 0.340274 
43185 -0.03841 -0.260266 
43186 -0.0415363 -0.107521 
43187 -0.0447909 0.0436412 
43188 -0.0479387 0.193203 
43189 -0.0510173 0.341303 
43190 0.113112 -0.255536 
43191 0.109153 -0.103715 
43192 0.105247 0.0466385 
43193 0.101353 0.195169 
43194 0.0974286 0.342335 
43195 0.262585 -0.250752 
43196 0.257878 -0.100042 
43197 0.253317 0.0493315 
43198 0.248693 0.197112 
43199 0.244077 0.3434 
43200 -0.347597 -0.270569 
43201 -0.349605 -0.116592 
43202 -0.351355 0.0356698 
43203 -0.353032 0.186368 
43204 -0.354857 0.335345 
43205 -0.193199 -0.265374 
43206 -0.195756 -0.112449 
43207 -0.198262 0.0388876 
43208 -0.201029 0.188447 
43209 -0.203611 0.336618 
43210 -0.0404313 -0.26017 
43211 -0.0441233 -0.10829 
43212 -0.047436 0.0421215 
43213 -0.0507616 0.190767 
43214 -0.0542801 0.337934 
43215 0.110077 -0.254865 
43216 0.105734 -0.103976 
43217 0.101425 0.0451706 
43218 0.0973318 0.192876 
43219 0.0931889 0.339068 
43220 0.258553 -0.249841 
43221 0.25353 -0.100052 
43222 0.248668 0.0482981 
43223 0.243731 0.194994 
43224 0.238881 0.340284 
43225 -0.348192 -0.271151 
43226 -0.35034 -0.117883 
43227 -0.35245 0.0336913 
43228 -0.354518 0.183626 
43229 -0.356739 0.331721 
43230 -0.194461 -0.265507 
43231 -0.197456 -0.113233 
43232 -0.2003 0.037147 
43233 -0.203241 0.185991 
43234 -0.205959 0.333164 
43235 -0.042587 -0.259812 
43236 -0.04648 -0.108724 
43237 -0.0501765 0.0405937 
43238 -0.0538545 0.188485 
43239 -0.0575794 0.33469 
43240 0.10698 -0.254409 
43241 0.102519 -0.104302 
43242 0.0979481 0.0441053 
43243 0.0934548 0.190712 
43244 0.0891241 0.335978 
43245 0.254628 -0.248806 
43246 0.249336 -0.0998888 
43247 0.244006 0.0475811 
43248 0.238766 0.193389 
43249 0.233685 0.337391 
43250 -0.349033 -0.271578 
43251 -0.351356 -0.119035 
43252 -0.353844 0.0316937 
43253 -0.356045 0.180762 
43254 -0.358303 0.328191 
43255 -0.195682 -0.26548 
43256 -0.199048 -0.114067 
43257 -0.202296 0.035466 
43258 -0.205406 0.18361 
43259 -0.208608 0.329927 
43260 -0.0447027 -0.259428 
43261 -0.0487674 -0.109395 
43262 -0.0527769 0.0393696 
43263 -0.0569129 0.186124 
43264 -0.0608003 0.33151 
43265 0.103974 -0.253478 
43266 0.0992084 -0.104212 
43267 0.094275 0.0431178 
43268 0.0894918 0.188935 
43269 0.084735 0.333066 
43270 0.25072 -0.247647 
43271 0.245125 -0.0996803 
43272 0.239379 0.0467279 
43273 0.233866 0.191663 
43274 0.228407 0.334737 
