42825 -0.333233 -0.250028 
42826 -0.333395 -0.0834464 
42827 -0.333471 0.0832887 
42828 -0.333358 0.249982 
42829 -0.333434 0.416647 
42830 -0.166697 -0.250034 
42831 -0.166748 -0.0834134 
42832 -0.16659 0.0835019 
42833 -0.166634 0.249954 
42834 -0.166538 0.416734 
42835 -2.629e-05 -0.249986 
42836 -6.79993e-06 -0.0832902 
42837 -2.17633e-05 0.0833248 
42838 0.000160952 0.250265 
42839 -0.000108642 0.416541 
42840 0.166642 -0.249887 
42841 0.166732 -0.0834153 
42842 0.166611 0.0832977 
42843 0.166727 0.250077 
42844 0.166657 0.416659 
42845 0.33317 -0.249963 
42846 0.333333 -0.0833791 
42847 0.333322 0.0833716 
42848 0.333345 0.250019 
42849 0.333353 0.416593 
42850 -0.334309 -0.251447 
42851 -0.334281 -0.0857926 
42852 -0.334328 0.0801054 
42853 -0.334237 0.245695 
42854 -0.334181 0.411131 
42855 -0.168567 -0.2512 
42856 -0.168456 -0.0855236 
42857 -0.168557 0.0801889 
42858 -0.168624 0.245538 
42859 -0.168542 0.41116 
42860 -0.00262604 -0.251116 
42861 -0.00273017 -0.0853223 
42862 -0.00304449 0.0802816 
42863 -0.00303282 0.245585 
42864 -0.00313013 0.410974 
42865 0.163032 -0.250826 
42866 0.16276 -0.0851776 
42867 0.162515 0.080411 
42868 0.162428 0.245716 
42869 0.162332 0.410918 
42870 0.328361 -0.250751 
42871 0.328285 -0.0849848 
42872 0.327929 0.0803035 
42873 0.327684 0.245669 
42874 0.32744 0.410819 
42875 -0.335122 -0.252964 
42876 -0.335271 -0.0879778 
42877 -0.335235 0.0769302 
42878 -0.335153 0.241437 
42879 -0.335234 0.405715 
42880 -0.170236 -0.252572 
42881 -0.170252 -0.0875352 
42882 -0.17036 0.0769891 
42883 -0.170426 0.241452 
42884 -0.170599 0.40551 
42885 -0.0052893 -0.252101 
42886 -0.00562162 -0.0872537 
42887 -0.00563189 0.0772822 
42888 -0.0059745 0.241471 
42889 -0.00633527 0.405445 
42890 0.159273 -0.251578 
42891 0.159055 -0.0869784 
42892 0.158546 0.0773634 
42893 0.158179 0.241492 
42894 0.157717 0.405577 
42895 0.323612 -0.251151 
42896 0.323123 -0.0866676 
42897 0.322464 0.0776357 
42898 0.32204 0.241684 
42899 0.32161 0.405423 
42900 -0.336134 -0.254403 
42901 -0.336318 -0.0901846 
42902 -0.336392 0.0736952 
42903 -0.336401 0.237134 
42904 -0.33623 0.400242 
42905 -0.171916 -0.253813 
42906 -0.172088 -0.089517 
42907 -0.172233 0.0740108 
42908 -0.172312 0.237369 
42909 -0.172694 0.400104 
42910 -0.00794727 -0.253098 
42911 -0.0083305 -0.0891514 
42912 -0.00872256 0.0743202 
42913 -0.00903774 0.237328 
42914 -0.00948424 0.400118 
42915 0.155793 -0.252306 
42916 0.155133 -0.0885171 
42917 0.154553 0.0747622 
42918 0.154016 0.237563 
42919 0.153314 0.40002 
42920 0.319045 -0.251439 
42921 0.318185 -0.0881784 
42922 0.317332 0.0749446 
42923 0.316426 0.237654 
42924 0.315649 0.399877 
42925 -0.337016 -0.25583 
42926 -0.337194 -0.0922984 
42927 -0.337327 0.070492 
42928 -0.337344 0.233002 
42929 -0.337261 0.39498 
42930 -0.173481 -0.25495 
42931 -0.173805 -0.0915904 
42932 -0.174106 0.0711182 
42933 -0.174431 0.233166 
42934 -0.17475 0.394862 
42935 -0.0103385 -0.253908 
42936 -0.0107402 -0.0909754 
42937 -0.0114443 0.0715836 
42938 -0.0120026 0.233337 
42939 -0.0127201 0.394928 
42940 0.152248 -0.25297 
42941 0.151421 -0.0900867 
42942 0.150578 0.0720884 
42943 0.149593 0.233716 
42944 0.148895 0.394834 
42945 0.314302 -0.251833 
42946 0.313225 -0.0894207 
42947 0.312055 0.0725028 
42948 0.310998 0.233823 
42949 0.30995 0.39466 
42950 -0.337923 -0.257412 
42951 -0.338098 -0.0945497 
42952 -0.338305 0.067575 
42953 -0.338374 0.229077 
42954 -0.338499 0.389865 
42955 -0.175103 -0.255873 
42956 -0.175541 -0.093516 
42957 -0.176026 0.0683387 
42958 -0.17659 0.229288 
42959 -0.176954 0.389929 
42960 -0.012932 -0.254654 
42961 -0.0136253 -0.0925045 
42962 -0.0143913 0.0688708 
42963 -0.0151429 0.229606 
42964 -0.0159642 0.389814 
42965 0.14865 -0.253351 
42966 0.147652 -0.0916552 
42967 0.146758 0.0695395 
42968 0.145495 0.230102 
42969 0.144595 0.38981 
42970 0.309682 -0.25208 
42971 0.308112 -0.0907128 
42972 0.306925 0.0701588 
42973 0.30551 0.23036 
42974 0.304054 0.389606 
42975 -0.338957 -0.258425 
42976 -0.339176 -0.0966102 
42977 -0.339323 0.0645979 
42978 -0.339583 0.225194 
42979 -0.339753 0.384878 
42980 -0.176557 -0.257094 
42981 -0.177298 -0.0953552 
42982 -0.177885 0.0653293 
42983 -0.178584 0.225427 
42984 -0.179027 0.384788 
42985 -0.0152994 -0.255372 
42986 -0.0163617 -0.0941708 
42987 -0.0171543 0.0661848 
42988 -0.0181039 0.225921 
42989 -0.0190716 0.384824 
42990 0.145362 -0.253593 
42991 0.143973 -0.0930033 
42992 0.142634 0.0670404 
42993 0.141357 0.226304 
42994 0.140027 0.384989 
42995 0.305215 -0.252127 
42996 0.303469 -0.0917816 
42997 0.301766 0.0679153 
42998 0.300038 0.226751 
42999 0.298226 0.385109 
43000 -0.339594 -0.259803 
43001 -0.339861 -0.0986109 
43002 -0.340338 0.0617153 
43003 -0.340733 0.221212 
43004 -0.341088 0.379932 
43005 -0.178211 -0.257813 
43006 -0.179101 -0.0972454 
43007 -0.179754 0.0626759 
43008 -0.180362 0.221738 
43009 -0.181436 0.380007 
43010 -0.0176503 -0.255983 
43011 -0.0190099 -0.0956491 
43012 -0.0200603 0.0637299 
43013 -0.0213202 0.222385 
43014 -0.0224432 0.380084 
43015 0.142036 -0.254117 
43016 0.140526 -0.0943276 
43017 0.13868 0.0647617 
43018 0.137112 0.222967 
43019 0.135444 0.380161 
43020 0.300701 -0.252206 
43021 0.298837 -0.0928344 
43022 0.296634 0.065803 
43023 0.294692 0.223471 
43024 0.292585 0.380434 
43025 -0.34041 -0.261178 
43026 -0.341032 -0.100606 
43027 -0.341279 0.0588762 
43028 -0.34186 0.217446 
43029 -0.342411 0.375113 
43030 -0.1798 -0.258834 
43031 -0.180648 -0.0989683 
43032 -0.181577 0.0601417 
43033 -0.182651 0.218142 
43034 -0.183576 0.375329 
43035 -0.0199813 -0.256569 
43036 -0.021332 -0.0971812 
43037 -0.0228362 0.0613456 
43038 -0.0242304 0.21885 
43039 -0.0256705 0.375593 
43040 0.1386 -0.254256 
43041 0.136765 -0.0954668 
43042 0.134876 0.0625982 
43043 0.132991 0.219629 
43044 0.131105 0.375732 
43045 0.296372 -0.252124 
43046 0.293944 -0.0937131 
43047 0.291607 0.0638315 
43048 0.289294 0.220333 
43049 0.286981 0.376001 
43050 -0.341189 -0.262243 
43051 -0.341904 -0.102523 
43052 -0.342491 0.056102 
43053 -0.343136 0.213838 
43054 -0.343685 0.370436 
43055 -0.181318 -0.25963 
43056 -0.182414 -0.100443 
43057 -0.183456 0.0575549 
43058 -0.184651 0.214638 
43059 -0.185808 0.370767 
43060 -0.0222853 -0.256907 
43061 -0.0240659 -0.0985427 
43062 -0.0256498 0.0591349 
43063 -0.0273544 0.215615 
43064 -0.028969 0.371088 
43065 0.135315 -0.254323 
43066 0.133166 -0.0964161 
43067 0.131094 0.0604658 
43068 0.128923 0.216435 
43069 0.126792 0.371484 
43070 0.291967 -0.251802 
43071 0.289251 -0.0944647 
43072 0.28671 0.0619481 
43073 0.283963 0.217395 
43074 0.28122 0.371754 
43075 -0.342034 -0.263239 
43076 -0.342826 -0.104319 
43077 -0.343597 0.0534569 
43078 -0.3443 0.21028 
43079 -0.345133 0.3659 
43080 -0.182593 -0.260254 
43081 -0.183997 -0.101957 
43082 -0.185419 0.0551623 
43083 -0.186739 0.2113 
43084 -0.188133 0.366349 
43085 -0.0245907 -0.257305 
43086 -0.0265413 -0.0995811 
43087 -0.0285098 0.0568919 
43088 -0.0303711 0.212245 
43089 -0.032226 0.366782 
43090 0.132203 -0.254416 
43091 0.129575 -0.0972788 
43092 0.127209 0.0586699 
43093 0.124815 0.213463 
43094 0.122273 0.367109 
43095 0.287765 -0.251212 
43096 0.284656 -0.0950239 
43097 0.281767 0.0602887 
43098 0.278752 0.214546 
43099 0.275741 0.367715 
43100 -0.34271 -0.26434 
43101 -0.343703 -0.106 
43102 -0.344762 0.0509162 
43103 -0.345651 0.206685 
43104 -0.346687 0.36145 
43105 -0.184183 -0.260949 
43106 -0.185749 -0.103494 
43107 -0.187282 0.0529462 
43108 -0.18881 0.208087 
43109 -0.190558 0.362111 
43110 -0.0268791 -0.257557 
43111 -0.0288493 -0.100626 
43112 -0.0313406 0.05493 
43113 -0.0334782 0.209254 
43114 -0.035753 0.362669 
43115 0.128978 -0.254403 
43116 0.126201 -0.0981255 
43117 0.123375 0.0568244 
43118 0.120701 0.210611 
43119 0.11802 0.363138 
43120 0.28355 -0.25089 
43121 0.280205 -0.095508 
43122 0.276814 0.0587238 
43123 0.273474 0.211818 
43124 0.270087 0.36376 
43125 -0.343448 -0.265189 
43126 -0.344626 -0.107602 
43127 -0.345872 0.0484217 
43128 -0.346987 0.203484 
43129 -0.34834 0.357015 
43130 -0.185479 -0.261565 
43131 -0.1872 -0.104793 
43132 -0.189279 0.0508064 
43133 -0.191073 0.204769 
43134 -0.192748 0.357732 
43135 -0.0290366 -0.257651 
43136 -0.031617 -0.101792 
43137 -0.0339017 0.0529187 
43138 -0.0365142 0.206383 
43139 -0.0388362 0.358617 
43140 0.125777 -0.253908 
43141 0.122663 -0.0988024 
43142 0.119775 0.0550657 
43143 0.116651 0.207783 
43144 0.113619 0.359367 
43145 0.279309 -0.2503 
43146 0.275589 -0.0959135 
43147 0.272061 0.0572736 
43148 0.268291 0.209341 
43149 0.26465 0.360153 
43150 -0.3441 -0.26597 
43151 -0.345739 -0.109285 
43152 -0.346909 0.0460907 
43153 -0.348441 0.200197 
43154 -0.349844 0.352795 
43155 -0.186847 -0.261922 
43156 -0.189124 -0.105981 
43157 -0.191 0.0486152 
43158 -0.193218 0.201827 
43159 -0.195255 0.353857 
43160 -0.0313474 -0.257795 
43161 -0.0341358 -0.102612 
43162 -0.0369272 0.0511105 
43163 -0.0395985 0.203604 
43164 -0.0422507 0.354811 
43165 0.122735 -0.253693 
43166 0.119304 -0.0992983 
43167 0.11581 0.0536613 
43168 0.1125 0.205256 
43169 0.109169 0.355695 
43170 0.275001 -0.24967 
43171 0.271133 -0.0961801 
43172 0.267151 0.0561172 
43173 0.263231 0.20707 
43174 0.259147 0.356624 
43175 -0.344708 -0.266704 
43176 -0.346521 -0.11072 
43177 -0.348335 0.0438306 
43178 -0.3498 0.197049 
43179 -0.351423 0.348876 
43180 -0.188261 -0.262043 
43181 -0.190689 -0.106972 
43182 -0.192933 0.0467022 
43183 -0.195424 0.199092 
43184 -0.197764 0.350148 
43185 -0.0334489 -0.257741 
43186 -0.0364816 -0.103511 
43187 -0.0395978 0.0494413 
43188 -0.0426412 0.201037 
43189 -0.0456 0.351223 
43190 0.119666 -0.253135 
43191 0.115883 -0.0997954 
43192 0.112123 0.0521804 
43193 0.10847 0.202895 
43194 0.104861 0.352314 
43195 0.271012 -0.248708 
43196 0.266763 -0.0962181 
43197 0.262362 0.0550097 
43198 0.257882 0.204639 
43199 0.253811 0.353311 
43200 -0.34545 -0.267442 
43201 -0.347267 -0.11204 
43202 -0.34924 0.0416539 
43203 -0.351086 0.194039 
43204 -0.353122 0.345041 
43205 -0.189576 -0.262537 
43206 -0.192314 -0.108106 
43207 -0.19499 0.0448562 
43208 -0.197564 0.196359 
43209 -0.200268 0.346445 
43210 -0.0356474 -0.257535 
43211 -0.0389394 -0.104067 
43212 -0.0424091 0.0479072 
43213 -0.0456517 0.198338 
43214 -0.0487494 0.347622 
43215 0.116702 -0.252555 
43216 0.112625 -0.100163 
43217 0.108418 0.0510256 
43218 0.10439 0.200598 
43219 0.100727 0.348945 
43220 0.267038 -0.247854 
43221 0.262475 -0.0963034 
43222 0.25768 0.0539214 
43223 0.252878 0.202752 
43224 0.248227 0.350368 
43225 -0.346097 -0.267979 
43226 -0.348326 -0.113354 
43227 -0.35049 0.0395752 
43228 -0.352664 0.191157 
43229 -0.354893 0.341388 
43230 -0.190919 -0.262526 
43231 -0.19387 -0.109078 
43232 -0.196809 0.043023 
43233 -0.199756 0.193612 
43234 -0.202551 0.342849 
43235 -0.037677 -0.257255 
43236 -0.0414116 -0.104689 
43237 -0.0450686 0.0464567 
43238 -0.0488358 0.196035 
43239 -0.0522198 0.344472 
43240 0.113687 -0.251899 
43241 0.109214 -0.100404 
43242 0.10493 0.0497771 
43243 0.100515 0.198611 
43244 0.096195 0.345793 
43245 0.263145 -0.246785 
43246 0.258094 -0.0961408 
43247 0.252928 0.0531517 
43248 0.24793 0.200833 
43249 0.242949 0.347306 
43250 -0.346598 -0.268476 
43251 -0.349154 -0.114751 
43252 -0.351675 0.0377314 
43253 -0.354058 0.1885 
43254 -0.356513 0.337838 
43255 -0.192217 -0.262505 
43256 -0.195384 -0.109753 
43257 -0.198873 0.0413711 
43258 -0.201994 0.191054 
43259 -0.205099 0.339401 
43260 -0.0396937 -0.256917 
43261 -0.0437845 -0.105062 
43262 -0.0477938 0.0450416 
43263 -0.0516523 0.193756 
43264 -0.0554589 0.341187 
43265 0.110632 -0.251034 
43266 0.105909 -0.100415 
43267 0.101231 0.0489612 
43268 0.0966586 0.196701 
43269 0.0920328 0.34291 
43270 0.259013 -0.245582 
43271 0.253583 -0.0958808 
43272 0.248277 0.0524207 
43273 0.24281 0.199134 
43274 0.237618 0.34457 
43275 -0.347196 -0.26877 
43276 -0.350102 -0.115739 
43277 -0.352795 0.0359727 
43278 -0.355546 0.185853 
43279 -0.358291 0.33413 
43280 -0.193515 -0.262478 
43281 -0.197074 -0.11041 
43282 -0.20058 0.0399162 
43283 -0.204042 0.188927 
43284 -0.20777 0.33622 
43285 -0.0417366 -0.256396 
43286 -0.0461113 -0.105478 
43287 -0.0505435 0.0439182 
43288 -0.0546068 0.191746 
43289 -0.0589559 0.338217 
43290 0.107726 -0.250327 
43291 0.10262 -0.100261 
43292 0.0975445 0.0479221 
43293 0.0925888 0.194687 
43294 0.087723 0.340006 
43295 0.255144 -0.244123 
43296 0.249213 -0.0954523 
43297 0.243701 0.0517786 
43298 0.237945 0.197588 
43299 0.232416 0.341943 
43300 -0.347947 -0.26884 
43301 -0.350936 -0.116544 
43302 -0.354275 0.0341603 
43303 -0.357144 0.183328 
43304 -0.360189 0.330937 
43305 -0.194687 -0.262176 
43306 -0.198548 -0.111102 
43307 -0.202437 0.0386349 
43308 -0.206392 0.18668 
43309 -0.210175 0.333193 
43310 -0.0438555 -0.255648 
43311 -0.0485708 -0.105624 
43312 -0.0531252 0.0428514 
43313 -0.0577899 0.189869 
43314 -0.062217 0.335447 
43315 0.10472 -0.24926 
43316 0.0992622 -0.100245 
43317 0.0940463 0.0471417 
43318 0.0886557 0.193121 
43319 0.0834345 0.337444 
43320 0.251198 -0.242738 
43321 0.245255 -0.0949907 
43322 0.23909 0.0513594 
43323 0.233103 0.196193 
43324 0.227261 0.339641 
