3440 -0.333027 -0.216461 
3441 -0.333369 -0.017003 
3442 -0.333552 0.183534 
3443 -0.333422 0.383527 
3444 -0.166628 -0.217165 
3445 -0.166628 -0.0170877 
3446 -0.1664 0.183471 
3447 -0.167147 0.383122 
3448 7.79716e-05 -0.216655 
3449 -0.000156388 -0.0168354 
3450 -0.000313476 0.18376 
3451 0.00026068 0.383257 
3452 0.166182 -0.216493 
3453 0.166349 -0.0162444 
3454 0.166179 0.18312 
3455 0.166325 0.3829 
3456 0.333384 -0.216621 
3457 0.332834 -0.0165586 
3458 0.333469 0.183674 
3459 0.333504 0.383111 
3460 -0.323066 -0.194864 
3461 -0.321837 -0.0121114 
3462 -0.32125 0.170264 
3463 -0.320893 0.352566 
3464 -0.17058 -0.195178 
3465 -0.169533 -0.01279 
3466 -0.169454 0.170004 
3467 -0.168596 0.352323 
3468 -0.0183866 -0.194987 
3469 -0.0178592 -0.0131634 
3470 -0.0174638 0.169192 
3471 -0.0169348 0.351257 
3472 0.133358 -0.195837 
3473 0.134331 -0.0135348 
3474 0.134499 0.169199 
3475 0.134568 0.350961 
3476 0.284885 -0.195805 
3477 0.285481 -0.0135249 
3478 0.285907 0.167976 
3479 0.286254 0.35029 
3480 -0.313528 -0.176859 
3481 -0.312714 -0.00910129 
3482 -0.311779 0.159006 
3483 -0.310857 0.326737 
3484 -0.174129 -0.17695 
3485 -0.172476 -0.00966577 
3486 -0.171972 0.158303 
3487 -0.171235 0.325333 
3488 -0.0339981 -0.177248 
3489 -0.0328763 -0.00988204 
3490 -0.0323761 0.157328 
3491 -0.0308078 0.324522 
3492 0.105138 -0.178584 
3493 0.106826 -0.0113427 
3494 0.107235 0.156341 
3495 0.108339 0.322924 
3496 0.244448 -0.178816 
3497 0.245691 -0.0117774 
3498 0.246563 0.154881 
3499 0.246853 0.322287 
3500 -0.306552 -0.161995 
3501 -0.305728 -0.00648956 
3502 -0.304099 0.149675 
3503 -0.302439 0.304967 
3504 -0.177051 -0.162459 
3505 -0.175938 -0.00710481 
3506 -0.174081 0.147552 
3507 -0.172768 0.30284 
3508 -0.047484 -0.163406 
3509 -0.0464888 -0.00846003 
3510 -0.0449361 0.146149 
3511 -0.0439631 0.301706 
3512 0.08138 -0.16342 
3513 0.0824955 -0.0089805 
3514 0.0839475 0.145433 
3515 0.0854613 0.299409 
3516 0.209383 -0.164633 
3517 0.210623 -0.00987272 
3518 0.21183 0.143586 
3519 0.213135 0.298339 
3520 -0.30113 -0.149649 
3521 -0.299445 -0.00390499 
3522 -0.297339 0.140398 
3523 -0.295753 0.284509 
3524 -0.179998 -0.150146 
3525 -0.17826 -0.00602225 
3526 -0.176313 0.13855 
3527 -0.174969 0.28322 
3528 -0.059185 -0.151304 
3529 -0.0583017 -0.00657005 
3530 -0.0564579 0.13708 
3531 -0.0552203 0.280495 
3532 0.0601675 -0.151389 
3533 0.062199 -0.00804551 
3534 0.0636153 0.135103 
3535 0.0646638 0.279082 
3536 0.17976 -0.152327 
3537 0.180766 -0.00942871 
3538 0.182608 0.134007 
3539 0.183647 0.277005 
3540 -0.296046 -0.138738 
3541 -0.294807 -0.00370587 
3542 -0.292799 0.13226 
3543 -0.289997 0.26721 
3544 -0.183054 -0.139701 
3545 -0.180785 -0.00428512 
3546 -0.179589 0.13032 
3547 -0.177457 0.264767 
3548 -0.0700649 -0.141203 
3549 -0.0687724 -0.00641541 
3550 -0.066419 0.128722 
3551 -0.0645648 0.263078 
3552 0.0416091 -0.14138 
3553 0.0431419 -0.00753444 
3554 0.0449846 0.126252 
3555 0.046554 0.259948 
3556 0.152777 -0.142549 
3557 0.154841 -0.00909864 
3558 0.156042 0.124721 
3559 0.157816 0.258022 
3560 -0.291939 -0.129692 
3561 -0.289894 -0.00237647 
3562 -0.288044 0.12432 
3563 -0.285696 0.251677 
3564 -0.185316 -0.131136 
3565 -0.184118 -0.00422123 
3566 -0.181707 0.12277 
3567 -0.179874 0.249137 
3568 -0.0795769 -0.132714 
3569 -0.0775524 -0.00572389 
3570 -0.0757913 0.120009 
3571 -0.0738357 0.246121 
3572 0.0257428 -0.132959 
3573 0.0269444 -0.00785337 
3574 0.0286676 0.11851 
3575 0.0310825 0.244047 
3576 0.129614 -0.134945 
3577 0.132041 -0.00919543 
3578 0.133933 0.115817 
3579 0.135021 0.241059 
3580 -0.289176 -0.122418 
3581 -0.287065 -0.0020667 
3582 -0.284769 0.117511 
3583 -0.282435 0.23669 
3584 -0.18854 -0.123696 
3585 -0.18581 -0.00390321 
3586 -0.184313 0.115018 
3587 -0.181966 0.234235 
3588 -0.0891468 -0.125308 
3589 -0.0868198 -0.00561664 
3590 -0.0840144 0.112607 
3591 -0.0816719 0.231484 
3592 0.0099558 -0.126039 
3593 0.0122653 -0.00750277 
3594 0.0146732 0.110567 
3595 0.0169094 0.228736 
3596 0.10916 -0.127279 
3597 0.111338 -0.00909429 
3598 0.112586 0.108585 
3599 0.114877 0.226031 
3600 -0.28607 -0.115487 
3601 -0.283826 -0.00234062 
3602 -0.281511 0.110437 
3603 -0.278421 0.223712 
3604 -0.190919 -0.117673 
3605 -0.188478 -0.00476351 
3606 -0.18594 0.108887 
3607 -0.184205 0.221168 
3608 -0.0966265 -0.118568 
3609 -0.0939547 -0.00670219 
3610 -0.0923967 0.105695 
3611 -0.0901096 0.218398 
3612 -0.00312828 -0.120475 
3613 -0.000353335 -0.0078286 
3614 0.00113127 0.103438 
3615 0.00373213 0.21589 
3616 0.0898696 -0.121402 
3617 0.0917334 -0.010533 
3618 0.0942852 0.101337 
3619 0.0967849 0.21286 
3620 -0.284664 -0.110229 
3621 -0.28205 -0.00279262 
3622 -0.278496 0.104731 
3623 -0.275972 0.211266 
3624 -0.193958 -0.111762 
3625 -0.191064 -0.00440698 
3626 -0.188347 0.101619 
3627 -0.186118 0.208966 
3628 -0.103951 -0.113541 
3629 -0.102221 -0.00734322 
3630 -0.0997609 0.0998001 
3631 -0.0968992 0.206162 
3632 -0.0148616 -0.115094 
3633 -0.012732 -0.00858993 
3634 -0.0107797 0.0968856 
3635 -0.00777211 0.203308 
3636 0.0731828 -0.116327 
3637 0.074666 -0.0111153 
3638 0.0769302 0.0946986 
3639 0.0797869 0.199751 
3640 -0.282588 -0.10633 
3641 -0.279471 -0.00363087 
3642 -0.276898 0.0989001 
3643 -0.274203 0.200351 
3644 -0.196325 -0.107331 
3645 -0.194295 -0.00537297 
3646 -0.190789 0.0962578 
3647 -0.188404 0.197547 
3648 -0.111201 -0.109438 
3649 -0.108355 -0.00755707 
3650 -0.105884 0.093442 
3651 -0.103137 0.194084 
3652 -0.0269014 -0.111261 
3653 -0.0239523 -0.00946143 
3654 -0.0219848 0.0913385 
3655 -0.0193804 0.191188 
3656 0.0570185 -0.112061 
3657 0.0600598 -0.0123821 
3658 0.062053 0.0880379 
3659 0.0642717 0.188892 
3660 -0.281064 -0.102407 
3661 -0.278018 -0.00445699 
3662 -0.275075 0.092711 
3663 -0.272163 0.189442 
3664 -0.198782 -0.103802 
3665 -0.196643 -0.00659827 
3666 -0.193153 0.0900044 
3667 -0.190546 0.187331 
3668 -0.117502 -0.105205 
3669 -0.115342 -0.00868877 
3670 -0.112259 0.0874652 
3671 -0.109202 0.183656 
3672 -0.0370667 -0.107652 
3673 -0.0343692 -0.0109807 
3674 -0.032302 0.0850328 
3675 -0.0289519 0.180343 
3676 0.0433137 -0.109084 
3677 0.0452738 -0.012787 
3678 0.0473036 0.0827462 
3679 0.0498101 0.17735 
3680 -0.280317 -0.0995103 
3681 -0.276891 -0.0060963 
3682 -0.273684 0.0877667 
3683 -0.270942 0.180042 
3684 -0.201559 -0.10104 
3685 -0.198399 -0.00783654 
3686 -0.195713 0.0848444 
3687 -0.193376 0.177234 
3688 -0.12364 -0.102843 
3689 -0.120682 -0.0104085 
3690 -0.118353 0.0821837 
3691 -0.115833 0.174017 
3692 -0.0468529 -0.103971 
3693 -0.0444499 -0.0125581 
3694 -0.0417064 0.0791902 
3695 -0.0391314 0.171143 
3696 0.0294451 -0.106103 
3697 0.0316372 -0.0141099 
3698 0.0346525 0.0770517 
3699 0.037338 0.16763 
3700 -0.279564 -0.0960245 
3701 -0.27665 -0.00665687 
3702 -0.27294 0.0824307 
3703 -0.270224 0.171146 
3704 -0.204022 -0.0980005 
3705 -0.201274 -0.00967548 
3706 -0.198483 0.0792722 
3707 -0.195599 0.167571 
3708 -0.129233 -0.0997583 
3709 -0.126998 -0.0112796 
3710 -0.124191 0.0761156 
3711 -0.120803 0.164598 
3712 -0.0554584 -0.102184 
3713 -0.0534298 -0.013972 
3714 -0.0507848 0.0733803 
3715 -0.0478874 0.161071 
3716 0.0168778 -0.103547 
3717 0.0203268 -0.0163375 
3718 0.0225799 0.0711355 
3719 0.0249027 0.158335 
3720 -0.278537 -0.0945294 
3721 -0.275717 -0.00875273 
3722 -0.272888 0.0769001 
3723 -0.269103 0.161552 
3724 -0.20693 -0.0962985 
3725 -0.203497 -0.0112621 
3726 -0.200958 0.0737348 
3727 -0.197009 0.158786 
3728 -0.13462 -0.0976536 
3729 -0.132605 -0.0128139 
3730 -0.129596 0.0710663 
3731 -0.125822 0.155639 
3732 -0.06462 -0.10008 
3733 -0.0618923 -0.0150784 
3734 -0.0587417 0.0686396 
3735 -0.0554571 0.152681 
3736 0.00602089 -0.101518 
3737 0.00851834 -0.0179047 
3738 0.0116284 0.0663155 
3739 0.0134977 0.149701 
3740 -0.278422 -0.0921215 
3741 -0.27566 -0.0101681 
3742 -0.272268 0.0719312 
3743 -0.268372 0.153045 
3744 -0.208808 -0.0945457 
3745 -0.205674 -0.0124041 
3746 -0.202666 0.0689508 
3747 -0.199829 0.150074 
3748 -0.140128 -0.0960463 
3749 -0.137514 -0.0145314 
3750 -0.133932 0.0664403 
3751 -0.13163 0.147066 
3752 -0.0717941 -0.0983388 
3753 -0.0698799 -0.0175608 
3754 -0.0662533 0.0638734 
3755 -0.0639454 0.143893 
3756 -0.00498707 -0.099992 
3757 -0.00200148 -0.0193707 
3758 0.000543317 0.0613171 
3759 0.00355741 0.140931 
3760 -0.27884 -0.0909216 
3761 -0.275345 -0.0122094 
3762 -0.272172 0.0669602 
3763 -0.269014 0.145171 
3764 -0.211044 -0.0928397 
3765 -0.208292 -0.0144557 
3766 -0.205557 0.0639099 
3767 -0.201718 0.142042 
3768 -0.144793 -0.095196 
3769 -0.142376 -0.0163624 
3770 -0.139086 0.0612878 
3771 -0.136113 0.138885 
3772 -0.0795477 -0.0968719 
3773 -0.0770225 -0.0192317 
3774 -0.0744155 0.0590271 
3775 -0.0714784 0.136305 
3776 -0.0148833 -0.0986809 
3777 -0.012178 -0.0209025 
3778 -0.00899968 0.0556229 
3779 -0.00723139 0.132777 
3780 -0.278111 -0.0902679 
3781 -0.275192 -0.0137198 
3782 -0.271794 0.0618548 
3783 -0.268314 0.137361 
3784 -0.21363 -0.0922646 
3785 -0.21036 -0.0163683 
3786 -0.207087 0.0591195 
3787 -0.204708 0.134391 
3788 -0.150406 -0.0945924 
3789 -0.146594 -0.0186035 
3790 -0.144351 0.0567788 
3791 -0.141354 0.131397 
3792 -0.08682 -0.0961162 
3793 -0.0843758 -0.0209427 
3794 -0.0809017 0.0535617 
3795 -0.0782905 0.1281 
3796 -0.0245883 -0.0982145 
3797 -0.0215237 -0.0230626 
3798 -0.0186831 0.0507646 
3799 -0.0163871 0.125471 
3800 -0.27836 -0.08946 
3801 -0.275311 -0.0157695 
3802 -0.272359 0.0568639 
3803 -0.268821 0.130487 
3804 -0.216216 -0.0919615 
3805 -0.213389 -0.0184607 
3806 -0.209521 0.0550411 
3807 -0.20641 0.126774 
3808 -0.154768 -0.0930824 
3809 -0.152045 -0.0209532 
3810 -0.148286 0.0521033 
3811 -0.145072 0.124071 
3812 -0.0941163 -0.0952975 
3813 -0.0907022 -0.0227599 
3814 -0.0878974 0.0494729 
3815 -0.0853322 0.121198 
3816 -0.0331308 -0.0970751 
3817 -0.0309285 -0.0257073 
3818 -0.0274647 0.0462201 
3819 -0.0247564 0.118007 
3820 -0.279427 -0.0889722 
3821 -0.275829 -0.0179832 
3822 -0.271809 0.0529207 
3823 -0.269288 0.123296 
3824 -0.218224 -0.0912246 
3825 -0.215567 -0.0205343 
3826 -0.212065 0.0503739 
3827 -0.209383 0.12059 
3828 -0.159354 -0.0927418 
3829 -0.156438 -0.0229105 
3830 -0.152697 0.047485 
3831 -0.149991 0.117444 
3832 -0.10042 -0.0948067 
3833 -0.0971027 -0.0248073 
3834 -0.0946755 0.0444742 
3835 -0.0911762 0.114445 
3836 -0.0420375 -0.0967435 
3837 -0.0386916 -0.0277478 
3838 -0.0362222 0.0424384 
3839 -0.0339647 0.110728 
