43075 -0.333268 -0.249938 
43076 -0.333273 -0.0832541 
43077 -0.333381 0.0833711 
43078 -0.333063 0.249914 
43079 -0.333387 0.416632 
43080 -0.166702 -0.249918 
43081 -0.166774 -0.0834284 
43082 -0.166636 0.0833486 
43083 -0.166769 0.250002 
43084 -0.166621 0.416621 
43085 -4.61667e-05 -0.249933 
43086 0.000126533 -0.0832994 
43087 5.70794e-05 0.0833641 
43088 -8.46046e-05 0.24994 
43089 -7.81903e-05 0.416625 
43090 0.166697 -0.249985 
43091 0.166643 -0.0833858 
43092 0.166634 0.0832819 
43093 0.166739 0.24992 
43094 0.166588 0.416698 
43095 0.33334 -0.250035 
43096 0.33341 -0.083301 
43097 0.333279 0.0832473 
43098 0.333459 0.249926 
43099 0.333418 0.416714 
43100 -0.334032 -0.250975 
43101 -0.334199 -0.085027 
43102 -0.334325 0.0805287 
43103 -0.33476 0.246259 
43104 -0.334764 0.411749 
43105 -0.168072 -0.250369 
43106 -0.16841 -0.0848116 
43107 -0.168656 0.0808898 
43108 -0.169095 0.246552 
43109 -0.169203 0.411969 
43110 -0.00227003 -0.25014 
43111 -0.00267128 -0.0843803 
43112 -0.00292609 0.0811576 
43113 -0.00329527 0.246684 
43114 -0.00356792 0.412014 
43115 0.163152 -0.249714 
43116 0.162833 -0.0842244 
43117 0.162718 0.0815399 
43118 0.162065 0.24679 
43119 0.161888 0.412212 
43120 0.328559 -0.249343 
43121 0.328186 -0.0836323 
43122 0.327871 0.0816699 
43123 0.327486 0.24703 
43124 0.326978 0.412311 
43125 -0.33471 -0.251782 
43126 -0.335052 -0.0867404 
43127 -0.33553 0.0780266 
43128 -0.335952 0.242665 
43129 -0.336352 0.406899 
43130 -0.169657 -0.251077 
43131 -0.170058 -0.0860892 
43132 -0.170615 0.0785534 
43133 -0.171125 0.24308 
43134 -0.171683 0.40727 
43135 -0.00469875 -0.250051 
43136 -0.00544105 -0.0853667 
43137 -0.00590615 0.0790418 
43138 -0.00657214 0.24333 
43139 -0.00721671 0.407643 
43140 0.159799 -0.249277 
43141 0.159106 -0.0847222 
43142 0.158271 0.079716 
43143 0.157551 0.244037 
43144 0.156856 0.407762 
43145 0.324014 -0.248451 
43146 0.323221 -0.0839598 
43147 0.322499 0.0802613 
43148 0.321634 0.244173 
43149 0.320774 0.408171 
43150 -0.335187 -0.25244 
43151 -0.335938 -0.0883792 
43152 -0.336602 0.0755056 
43153 -0.337168 0.238966 
43154 -0.337931 0.402412 
43155 -0.171032 -0.251169 
43156 -0.171784 -0.0872575 
43157 -0.172565 0.0762844 
43158 -0.173378 0.239873 
43159 -0.174161 0.402854 
43160 -0.00705539 -0.249911 
43161 -0.00800978 -0.0863205 
43162 -0.00894005 0.0771253 
43163 -0.00984248 0.240379 
43164 -0.0107718 0.403206 
43165 0.156457 -0.248678 
43166 0.155311 -0.0851762 
43167 0.15417 0.0780178 
43168 0.153063 0.240982 
43169 0.152154 0.403578 
43170 0.31941 -0.247586 
43171 0.318257 -0.0841432 
43172 0.317054 0.0789168 
43173 0.315803 0.241663 
43174 0.314574 0.404093 
43175 -0.335885 -0.253081 
43176 -0.336814 -0.0897644 
43177 -0.33771 0.0731905 
43178 -0.33866 0.235678 
43179 -0.339564 0.397972 
43180 -0.17226 -0.25142 
43181 -0.173326 -0.088563 
43182 -0.174558 0.0742258 
43183 -0.175725 0.236715 
43184 -0.176669 0.398572 
43185 -0.00934899 -0.249821 
43186 -0.0106301 -0.0870973 
43187 -0.0120074 0.075497 
43188 -0.0131743 0.237506 
43189 -0.0145736 0.399221 
43190 0.15306 -0.248214 
43191 0.151635 -0.0855191 
43192 0.15025 0.0766086 
43193 0.148745 0.238394 
43194 0.14727 0.399858 
43195 0.314884 -0.246419 
43196 0.313203 -0.0842213 
43197 0.311711 0.0778559 
43198 0.309941 0.239139 
43199 0.308434 0.400557 
43200 -0.336436 -0.253789 
43201 -0.337672 -0.0912884 
43202 -0.338757 0.0706592 
43203 -0.339888 0.232321 
43204 -0.341268 0.393667 
43205 -0.173721 -0.251524 
43206 -0.174999 -0.0894098 
43207 -0.176509 0.0723085 
43208 -0.177918 0.233572 
43209 -0.179334 0.394489 
43210 -0.0115868 -0.249396 
43211 -0.013311 -0.0876664 
43212 -0.0148646 0.073764 
43213 -0.0164999 0.234771 
43214 -0.0181959 0.395161 
43215 0.149794 -0.247391 
43216 0.14788 -0.0858963 
43217 0.146186 0.0752096 
43218 0.14417 0.235918 
43219 0.142289 0.396103 
43220 0.310608 -0.245209 
43221 0.308345 -0.0840051 
43222 0.306414 0.0765889 
43223 0.304361 0.236991 
43224 0.302302 0.3968 
43225 -0.336987 -0.254202 
43226 -0.338534 -0.0925662 
43227 -0.340065 0.0686251 
43228 -0.341364 0.229327 
43229 -0.342955 0.389527 
43230 -0.175061 -0.251602 
43231 -0.176943 -0.0903086 
43232 -0.178423 0.0704657 
43233 -0.180174 0.230799 
43234 -0.181908 0.390504 
43235 -0.0139499 -0.248868 
43236 -0.0159186 -0.0880957 
43237 -0.0177383 0.0723055 
43238 -0.0196976 0.232128 
43239 -0.0218289 0.391579 
43240 0.146582 -0.246382 
43241 0.144275 -0.0859909 
43242 0.142025 0.0740463 
43243 0.139897 0.233639 
43244 0.137672 0.392508 
43245 0.306143 -0.24387 
43246 0.303723 -0.0836916 
43247 0.301215 0.0758954 
43248 0.298772 0.235017 
43249 0.296246 0.393641 
43250 -0.337573 -0.254582 
43251 -0.339394 -0.0937018 
43252 -0.341214 0.0666397 
43253 -0.342929 0.226445 
43254 -0.344746 0.385651 
43255 -0.17637 -0.251538 
43256 -0.178367 -0.0910829 
43257 -0.180464 0.0687916 
43258 -0.182557 0.228014 
43259 -0.184625 0.386869 
43260 -0.0160497 -0.248456 
43261 -0.0184578 -0.0884723 
43262 -0.0206652 0.0707677 
43263 -0.0229455 0.229707 
43264 -0.0253604 0.38812 
43265 0.143283 -0.245457 
43266 0.140661 -0.0860163 
43267 0.138066 0.0729238 
43268 0.135554 0.231427 
43269 0.132806 0.389252 
43270 0.301639 -0.242433 
43271 0.298848 -0.0834584 
43272 0.296021 0.0750346 
43273 0.293197 0.232971 
43274 0.290395 0.390437 
43275 -0.338075 -0.254823 
43276 -0.340235 -0.0948722 
43277 -0.342315 0.0645659 
43278 -0.344392 0.223538 
43279 -0.346563 0.381827 
43280 -0.17774 -0.251235 
43281 -0.179993 -0.0917974 
43282 -0.182482 0.0672067 
43283 -0.184811 0.225455 
43284 -0.187252 0.383243 
43285 -0.0182962 -0.247788 
43286 -0.0210659 -0.0888207 
43287 -0.0236103 0.0696675 
43288 -0.0262454 0.227466 
43289 -0.0290174 0.384577 
43290 0.140087 -0.244301 
43291 0.137187 -0.0858557 
43292 0.134196 0.0720995 
43293 0.131161 0.229393 
43294 0.128243 0.386169 
43295 0.297448 -0.240794 
43296 0.294102 -0.0828827 
43297 0.290873 0.0745172 
43298 0.287704 0.231299 
43299 0.284475 0.387441 
43300 -0.338706 -0.254983 
43301 -0.340943 -0.0956427 
43302 -0.343614 0.0629137 
43303 -0.345939 0.220833 
43304 -0.348361 0.378182 
43305 -0.179071 -0.251164 
43306 -0.181703 -0.0923137 
43307 -0.184442 0.0657956 
43308 -0.187186 0.223015 
43309 -0.18992 0.379707 
43310 -0.0203968 -0.246941 
43311 -0.0234379 -0.0888474 
43312 -0.0266092 0.0684887 
43313 -0.0294557 0.225288 
43314 -0.0326357 0.381426 
43315 0.136908 -0.243011 
43316 0.133629 -0.0855779 
43317 0.130159 0.0712337 
43318 0.126859 0.227483 
43319 0.123602 0.383227 
43320 0.293139 -0.238977 
43321 0.289434 -0.082058 
43322 0.285875 0.0742096 
43323 0.281993 0.229712 
43324 0.278564 0.3848 
43325 -0.339043 -0.255002 
43326 -0.341804 -0.0965742 
43327 -0.344592 0.0612698 
43328 -0.347399 0.218262 
43329 -0.350144 0.374745 
43330 -0.180115 -0.250543 
43331 -0.183305 -0.0928363 
43332 -0.186418 0.064365 
43333 -0.189523 0.220839 
43334 -0.192609 0.376599 
43335 -0.0224913 -0.246089 
43336 -0.0259369 -0.0889825 
43337 -0.0294325 0.0676286 
43338 -0.0328789 0.223343 
43339 -0.0361428 0.378534 
43340 0.133724 -0.241599 
43341 0.130057 -0.0852939 
43342 0.126438 0.070716 
43343 0.122549 0.225669 
43344 0.118902 0.380416 
43345 0.289027 -0.237261 
43346 0.284879 -0.0814772 
43347 0.280801 0.0738612 
43348 0.276921 0.228062 
43349 0.27278 0.382221 
43350 -0.339638 -0.254913 
43351 -0.342819 -0.0971555 
43352 -0.345783 0.0597199 
43353 -0.349027 0.21592 
43354 -0.352041 0.371361 
43355 -0.181498 -0.249859 
43356 -0.184817 -0.0930566 
43357 -0.18838 0.0631772 
43358 -0.191737 0.218681 
43359 -0.195185 0.373486 
43360 -0.0247753 -0.24518 
43361 -0.028391 -0.0887897 
43362 -0.0322366 0.0666509 
43363 -0.036022 0.221435 
43364 -0.0397863 0.375576 
43365 0.130589 -0.240232 
43366 0.126605 -0.0847723 
43367 0.122463 0.0700491 
43368 0.118446 0.224262 
43369 0.114437 0.377741 
43370 0.284589 -0.235272 
43371 0.280324 -0.0806325 
43372 0.275815 0.0735397 
43373 0.271472 0.227029 
43374 0.26698 0.379892 
43375 -0.340125 -0.254617 
43376 -0.343517 -0.0978514 
43377 -0.347114 0.0582717 
43378 -0.350501 0.213639 
43379 -0.353933 0.3683 
43380 -0.182635 -0.249312 
43381 -0.186633 -0.093216 
43382 -0.190292 0.0622303 
43383 -0.194035 0.216793 
43384 -0.197922 0.370791 
43385 -0.0268081 -0.243995 
43386 -0.031019 -0.0886017 
43387 -0.035167 0.0660947 
43388 -0.0392351 0.219727 
43389 -0.043382 0.372909 
43390 0.127638 -0.23847 
43391 0.123135 -0.0841502 
43392 0.118572 0.0698808 
43393 0.114106 0.222937 
43394 0.109609 0.375249 
43395 0.280698 -0.233469 
43396 0.275618 -0.0794373 
43397 0.270949 0.0735311 
43398 0.266107 0.225947 
43399 0.26139 0.377601 
43400 -0.340767 -0.254242 
43401 -0.344381 -0.0983913 
43402 -0.348429 0.0570648 
43403 -0.352056 0.211572 
43404 -0.355915 0.36549 
43405 -0.184097 -0.248479 
43406 -0.188115 -0.0931156 
43407 -0.192315 0.0611411 
43408 -0.196383 0.214949 
43409 -0.200577 0.36789 
43410 -0.0289206 -0.24274 
43411 -0.0333927 -0.088267 
43412 -0.0378278 0.0653061 
43413 -0.0424577 0.218325 
43414 -0.0468374 0.370486 
43415 0.12458 -0.236877 
43416 0.119663 -0.0832357 
43417 0.114878 0.0696125 
43418 0.11002 0.221586 
43419 0.105093 0.373148 
43420 0.276369 -0.231132 
43421 0.271167 -0.0783843 
43422 0.2661 0.0736203 
43423 0.260862 0.225 
43424 0.255706 0.375583 
43425 -0.341146 -0.253896 
43426 -0.345252 -0.0986817 
43427 -0.349422 0.0557919 
43428 -0.353615 0.209643 
43429 -0.357843 0.362648 
43430 -0.185007 -0.247628 
43431 -0.189713 -0.0933122 
43432 -0.194203 0.0604734 
43433 -0.198674 0.21337 
43434 -0.203324 0.365242 
43435 -0.0310129 -0.241323 
43436 -0.0358845 -0.0878918 
43437 -0.0407787 0.0650229 
43438 -0.0454974 0.216906 
43439 -0.0504132 0.368282 
43440 0.121516 -0.234979 
43441 0.116195 -0.0824949 
43442 0.111118 0.0694307 
43443 0.105984 0.220549 
43444 0.100691 0.370886 
43445 0.272305 -0.229038 
43446 0.266787 -0.0771169 
43447 0.261167 0.073904 
43448 0.255782 0.22398 
43449 0.250225 0.373668 
43450 -0.341598 -0.253216 
43451 -0.346183 -0.0988848 
43452 -0.350715 0.0547261 
43453 -0.355218 0.207788 
43454 -0.359875 0.360001 
43455 -0.186301 -0.246544 
43456 -0.191213 -0.0930189 
43457 -0.196227 0.0598243 
43458 -0.201037 0.211658 
43459 -0.205998 0.362952 
43460 -0.0330802 -0.239745 
43461 -0.0383359 -0.0872058 
43462 -0.0435191 0.0645214 
43463 -0.0486476 0.215653 
43464 -0.0539868 0.366066 
43465 0.118557 -0.23315 
43466 0.11284 -0.0814376 
43467 0.107273 0.0693317 
43468 0.101791 0.219539 
43469 0.0962899 0.369151 
43470 0.268122 -0.226579 
43471 0.262413 -0.0757474 
43472 0.256378 0.0741645 
43473 0.250694 0.223578 
43474 0.244793 0.37217 
43475 -0.342198 -0.25259 
43476 -0.347051 -0.0989896 
43477 -0.352003 0.053927 
43478 -0.356901 0.206072 
43479 -0.361738 0.357462 
43480 -0.187618 -0.24531 
43481 -0.192794 -0.0927557 
43482 -0.198163 0.0591091 
43483 -0.203522 0.210327 
43484 -0.208612 0.360911 
43485 -0.0351014 -0.238296 
43486 -0.0406349 -0.0865258 
43487 -0.0463681 0.0643437 
43488 -0.0517768 0.214545 
43489 -0.0573752 0.364119 
43490 0.115566 -0.231158 
43491 0.109539 -0.080498 
43492 0.103552 0.0694209 
43493 0.0976955 0.218805 
43494 0.0919211 0.367377 
43495 0.264223 -0.22399 
43496 0.257956 -0.0743463 
43497 0.25169 0.0745647 
43498 0.245541 0.222938 
43499 0.239316 0.370529 
43500 -0.342559 -0.25183 
43501 -0.347818 -0.0989719 
43502 -0.353093 0.0531962 
43503 -0.358462 0.204471 
43504 -0.363705 0.355098 
43505 -0.188775 -0.244081 
43506 -0.194418 -0.0922388 
43507 -0.20016 0.058671 
43508 -0.205661 0.209046 
43509 -0.211285 0.358661 
43510 -0.0371857 -0.236415 
43511 -0.0431439 -0.0857804 
43512 -0.0490313 0.0643048 
43513 -0.0548807 0.213603 
43514 -0.060951 0.362329 
43515 0.112433 -0.228911 
43516 0.106288 -0.0792567 
43517 0.100032 0.0697981 
43518 0.0938358 0.2181 
43519 0.0874857 0.365792 
43520 0.260152 -0.221497 
43521 0.253661 -0.0728628 
43522 0.247037 0.0751061 
43523 0.240441 0.222455 
43524 0.234 0.369143 
43525 -0.3431 -0.250804 
43526 -0.348806 -0.0987912 
43527 -0.354381 0.0524543 
43528 -0.360064 0.203146 
43529 -0.365783 0.352997 
43530 -0.190011 -0.242675 
43531 -0.196045 -0.0916706 
43532 -0.201989 0.0585055 
43533 -0.208083 0.207955 
43534 -0.213997 0.356882 
43535 -0.0391356 -0.234806 
43536 -0.0454687 -0.0848584 
43537 -0.0519262 0.064285 
43538 -0.0580189 0.212788 
43539 -0.064223 0.360588 
43540 0.10955 -0.226655 
43541 0.103001 -0.077885 
43542 0.0962183 0.0701253 
43543 0.0897595 0.217548 
43544 0.0833526 0.364297 
43545 0.25616 -0.21907 
43546 0.249259 -0.0711998 
43547 0.242388 0.0758568 
43548 0.235541 0.222216 
43549 0.22877 0.367972 
43550 -0.343414 -0.249636 
43551 -0.349604 -0.0985318 
43552 -0.355659 0.0520046 
43553 -0.361659 0.201841 
43554 -0.367754 0.351127 
43555 -0.191221 -0.241132 
43556 -0.197639 -0.0910969 
43557 -0.204028 0.0583511 
43558 -0.210453 0.207036 
43559 -0.216595 0.354975 
43560 -0.0412399 -0.232724 
43561 -0.0478647 -0.0838186 
43562 -0.054604 0.0645201 
43563 -0.0612407 0.212176 
43564 -0.067664 0.359091 
43565 0.106622 -0.224327 
43566 0.0995717 -0.076581 
43567 0.0927908 0.0705206 
43568 0.085881 0.217178 
43569 0.0788197 0.363085 
43570 0.252176 -0.216169 
43571 0.245027 -0.0694664 
43572 0.237808 0.076574 
43573 0.230755 0.222096 
43574 0.223551 0.366974 
