3480 -0.333264 -0.217112 
3481 -0.33317 -0.0170701 
3482 -0.333019 0.183176 
3483 -0.333649 0.383648 
3484 -0.166194 -0.216932 
3485 -0.166261 -0.0162648 
3486 -0.166977 0.183003 
3487 -0.166832 0.383675 
3488 4.843e-05 -0.217133 
3489 -0.000203351 -0.0168659 
3490 -0.000253287 0.182903 
3491 -0.00016939 0.383262 
3492 0.167066 -0.21672 
3493 0.166882 -0.0167748 
3494 0.166684 0.183446 
3495 0.166489 0.383634 
3496 0.333611 -0.216515 
3497 0.333715 -0.0161976 
3498 0.333328 0.183716 
3499 0.333832 0.383037 
3500 -0.322757 -0.195366 
3501 -0.322181 -0.0128899 
3502 -0.321468 0.169987 
3503 -0.320683 0.351753 
3504 -0.170277 -0.196144 
3505 -0.169265 -0.012995 
3506 -0.168646 0.169222 
3507 -0.168987 0.35146 
3508 -0.0182179 -0.195629 
3509 -0.0172026 -0.0140837 
3510 -0.0167059 0.16823 
3511 -0.0170833 0.350631 
3512 0.133191 -0.196418 
3513 0.134222 -0.0137061 
3514 0.134891 0.167724 
3515 0.134593 0.349673 
3516 0.285204 -0.196895 
3517 0.285593 -0.0148898 
3518 0.286577 0.167143 
3519 0.286175 0.348816 
3520 -0.313128 -0.178343 
3521 -0.312716 -0.0106512 
3522 -0.311357 0.157526 
3523 -0.310322 0.325181 
3524 -0.173076 -0.178443 
3525 -0.172824 -0.0109366 
3526 -0.171824 0.156286 
3527 -0.170768 0.324027 
3528 -0.033908 -0.179425 
3529 -0.0324365 -0.0120172 
3530 -0.0317576 0.155341 
3531 -0.0312008 0.323203 
3532 0.105503 -0.179763 
3533 0.106229 -0.0125032 
3534 0.107793 0.154992 
3535 0.108197 0.321577 
3536 0.245137 -0.180495 
3537 0.24559 -0.0130739 
3538 0.246669 0.153137 
3539 0.247051 0.32035 
3540 -0.306586 -0.163708 
3541 -0.304671 -0.00821694 
3542 -0.303596 0.147121 
3543 -0.302748 0.301865 
3544 -0.176343 -0.164517 
3545 -0.174927 -0.00998051 
3546 -0.173944 0.145856 
3547 -0.172199 0.300118 
3548 -0.0474616 -0.165429 
3549 -0.0462684 -0.0104971 
3550 -0.0445808 0.143836 
3551 -0.043702 0.298613 
3552 0.0816885 -0.165734 
3553 0.0833463 -0.0117209 
3554 0.0838672 0.14312 
3555 0.0850397 0.296785 
3556 0.209575 -0.166311 
3557 0.211453 -0.0121929 
3558 0.212523 0.141414 
3559 0.213202 0.29518 
3560 -0.300903 -0.151933 
3561 -0.298884 -0.00713196 
3562 -0.297287 0.136707 
3563 -0.295929 0.280999 
3564 -0.179487 -0.15277 
3565 -0.17746 -0.00820343 
3566 -0.176275 0.135541 
3567 -0.17428 0.279496 
3568 -0.059172 -0.154178 
3569 -0.0575602 -0.0101575 
3570 -0.0564191 0.133678 
3571 -0.0541324 0.277704 
3572 0.0605063 -0.154493 
3573 0.0623614 -0.0107662 
3574 0.0632032 0.132446 
3575 0.0653938 0.27576 
3576 0.180336 -0.155419 
3577 0.180898 -0.0126801 
3578 0.182684 0.130492 
3579 0.183642 0.274066 
3580 -0.296016 -0.142207 
3581 -0.293265 -0.00687074 
3582 -0.291669 0.128134 
3583 -0.289632 0.263539 
3584 -0.182681 -0.143376 
3585 -0.180145 -0.00813519 
3586 -0.17861 0.126899 
3587 -0.176551 0.260884 
3588 -0.0693911 -0.143794 
3589 -0.0676834 -0.0097481 
3590 -0.0662854 0.1242 
3591 -0.0648029 0.259002 
3592 0.0421775 -0.144972 
3593 0.0444189 -0.0112703 
3594 0.0458284 0.123202 
3595 0.0477903 0.256843 
3596 0.153374 -0.145774 
3597 0.155233 -0.0128854 
3598 0.156356 0.121329 
3599 0.158355 0.254527 
3600 -0.291771 -0.133771 
3601 -0.289554 -0.00661167 
3602 -0.28702 0.120476 
3603 -0.285296 0.246397 
3604 -0.185342 -0.134828 
3605 -0.182925 -0.00845824 
3606 -0.18068 0.118153 
3607 -0.178421 0.244723 
3608 -0.0791891 -0.135839 
3609 -0.0773875 -0.00936984 
3610 -0.0752501 0.115887 
3611 -0.0731261 0.242552 
3612 0.0257686 -0.137496 
3613 0.0273787 -0.0114557 
3614 0.0298142 0.11408 
3615 0.0314326 0.240166 
3616 0.12986 -0.13804 
3617 0.131788 -0.0127585 
3618 0.134085 0.112714 
3619 0.135148 0.237349 
3620 -0.28851 -0.127122 
3621 -0.285398 -0.00734596 
3622 -0.283308 0.112611 
3623 -0.281136 0.232228 
3624 -0.187699 -0.127903 
3625 -0.185477 -0.00886177 
3626 -0.183663 0.110389 
3627 -0.181435 0.229191 
3628 -0.0878442 -0.128934 
3629 -0.085984 -0.00992355 
3630 -0.0835747 0.108375 
3631 -0.0817055 0.226444 
3632 0.0115496 -0.131052 
3633 0.0130511 -0.0124467 
3634 0.014733 0.105947 
3635 0.0176198 0.224149 
3636 0.109805 -0.132368 
3637 0.11152 -0.0138271 
3638 0.113634 0.10417 
3639 0.114925 0.221655 
3640 -0.285183 -0.12059 
3641 -0.282603 -0.00771715 
3642 -0.280775 0.105114 
3643 -0.277916 0.21876 
3644 -0.190417 -0.121979 
3645 -0.188365 -0.00953756 
3646 -0.185418 0.103336 
3647 -0.182974 0.215794 
3648 -0.0955168 -0.124017 
3649 -0.0940116 -0.0109051 
3650 -0.0911727 0.100672 
3651 -0.0893565 0.213177 
3652 -0.00222545 -0.125527 
3653 7.22017e-05 -0.0126564 
3654 0.00209409 0.0987979 
3655 0.00409737 0.210694 
3656 0.0907364 -0.126117 
3657 0.0926964 -0.014557 
3658 0.0949744 0.0964544 
3659 0.0964162 0.207844 
3660 -0.282816 -0.115529 
3661 -0.280831 -0.00873592 
3662 -0.277519 0.099274 
3663 -0.27548 0.205947 
3664 -0.192909 -0.117007 
3665 -0.190589 -0.0107102 
3666 -0.188232 0.096474 
3667 -0.185354 0.20299 
3668 -0.103314 -0.118661 
3669 -0.10072 -0.0126001 
3670 -0.0982766 0.0937031 
3671 -0.0961531 0.200535 
3672 -0.0145997 -0.119824 
3673 -0.0120868 -0.0140136 
3674 -0.00978801 0.0920324 
3675 -0.00802307 0.197474 
3676 0.0739931 -0.121615 
3677 0.0756149 -0.0160649 
3678 0.0777285 0.0893115 
3679 0.0802576 0.195188 
3680 -0.281342 -0.111512 
3681 -0.278429 -0.00907365 
3682 -0.275936 0.0924525 
3683 -0.272862 0.193971 
3684 -0.195852 -0.113028 
3685 -0.192861 -0.0116068 
3686 -0.189806 0.0902105 
3687 -0.187747 0.19096 
3688 -0.110112 -0.115024 
3689 -0.107397 -0.0136296 
3690 -0.105012 0.0876119 
3691 -0.10266 0.188424 
3692 -0.0258982 -0.116727 
3693 -0.0233524 -0.0156444 
3694 -0.0206605 0.0853819 
3695 -0.0188481 0.18573 
3696 0.057855 -0.117393 
3697 0.0605427 -0.0173237 
3698 0.0628446 0.0832371 
3699 0.0652753 0.182646 
3700 -0.280187 -0.10819 
3701 -0.276954 -0.0111751 
3702 -0.273919 0.0864841 
3703 -0.271127 0.183445 
3704 -0.198194 -0.109809 
3705 -0.195673 -0.0128011 
3706 -0.192347 0.0843572 
3707 -0.189512 0.180225 
3708 -0.116681 -0.111355 
3709 -0.113747 -0.0150511 
3710 -0.111852 0.0815849 
3711 -0.108724 0.177539 
3712 -0.0364669 -0.113283 
3713 -0.0334055 -0.016823 
3714 -0.0312917 0.0786685 
3715 -0.0283398 0.175096 
3716 0.0432972 -0.114248 
3717 0.0458769 -0.0193051 
3718 0.0484058 0.0768857 
3719 0.0509496 0.172249 
3720 -0.279215 -0.105175 
3721 -0.275857 -0.012137 
3722 -0.273132 0.0807124 
3723 -0.269672 0.173154 
3724 -0.200637 -0.106936 
3725 -0.197979 -0.0140283 
3726 -0.1946 0.0781007 
3727 -0.192488 0.169879 
3728 -0.122311 -0.108833 
3729 -0.119898 -0.0166619 
3730 -0.117118 0.0754225 
3731 -0.114659 0.167649 
3732 -0.0459247 -0.110344 
3733 -0.0431604 -0.0186612 
3734 -0.0404566 0.0730158 
3735 -0.0382246 0.164617 
3736 0.0303633 -0.112503 
3737 0.0329345 -0.0200791 
3738 0.0356975 0.0702981 
3739 0.0376648 0.161187 
3740 -0.278101 -0.103245 
3741 -0.275301 -0.0144309 
3742 -0.271595 0.0751259 
3743 -0.269303 0.163173 
3744 -0.202534 -0.105124 
3745 -0.200085 -0.0158516 
3746 -0.197048 0.0724618 
3747 -0.193844 0.160675 
3748 -0.128015 -0.106495 
3749 -0.125653 -0.0179629 
3750 -0.122984 0.0699636 
3751 -0.120048 0.157373 
3752 -0.0543141 -0.108447 
3753 -0.0517384 -0.0206931 
3754 -0.0490688 0.0669966 
3755 -0.0468337 0.154889 
3756 0.0184327 -0.109921 
3757 0.0212207 -0.0224142 
3758 0.0231143 0.0649442 
3759 0.0258882 0.151868 
3760 -0.27716 -0.101385 
3761 -0.274703 -0.0155424 
3762 -0.271116 0.0695287 
3763 -0.267736 0.154344 
3764 -0.205496 -0.102954 
3765 -0.20209 -0.0183438 
3766 -0.199136 0.0668164 
3767 -0.196236 0.151155 
3768 -0.133518 -0.105194 
3769 -0.131104 -0.0201945 
3770 -0.12786 0.0639705 
3771 -0.125857 0.148332 
3772 -0.0626443 -0.106417 
3773 -0.0606083 -0.022552 
3774 -0.0576296 0.0615661 
3775 -0.055567 0.145756 
3776 0.00740191 -0.108241 
3777 0.00926787 -0.0237796 
3778 0.0114947 0.0589625 
3779 0.0144597 0.142523 
3780 -0.27745 -0.099766 
3781 -0.273945 -0.0176182 
3782 -0.271062 0.0641092 
3783 -0.267298 0.145501 
3784 -0.207813 -0.102089 
3785 -0.204865 -0.0194173 
3786 -0.201995 0.06158 
3787 -0.198959 0.142796 
3788 -0.138741 -0.103438 
3789 -0.136531 -0.0217294 
3790 -0.13324 0.0590061 
3791 -0.130576 0.139935 
3792 -0.0705449 -0.105033 
3793 -0.0687211 -0.0238736 
3794 -0.0654389 0.0566259 
3795 -0.0632894 0.13712 
3796 -0.0041174 -0.10671 
3797 -0.000983061 -0.0258391 
3798 0.00146667 0.053708 
3799 0.00427396 0.13438 
3800 -0.277343 -0.0993441 
3801 -0.273856 -0.0199062 
3802 -0.27034 0.0590731 
3803 -0.267533 0.137645 
3804 -0.210351 -0.100491 
3805 -0.206837 -0.0219636 
3806 -0.203849 0.0565721 
3807 -0.201102 0.134364 
3808 -0.143962 -0.102249 
3809 -0.140571 -0.0240613 
3810 -0.138009 0.0540026 
3811 -0.134902 0.131127 
3812 -0.0788687 -0.104447 
3813 -0.0757752 -0.0265334 
3814 -0.0731279 0.0510676 
3815 -0.0704571 0.128673 
3816 -0.0137651 -0.105495 
3817 -0.0115979 -0.0280419 
3818 -0.00880437 0.0488694 
3819 -0.00610501 0.125474 
3820 -0.276781 -0.0986438 
3821 -0.273579 -0.0220105 
3822 -0.270241 0.0535889 
3823 -0.267837 0.129606 
3824 -0.2121 -0.100059 
3825 -0.209293 -0.0242224 
3826 -0.206539 0.0519907 
3827 -0.203614 0.126719 
3828 -0.148066 -0.101626 
3829 -0.145487 -0.0256858 
3830 -0.143023 0.0490376 
3831 -0.139754 0.123996 
3832 -0.0851365 -0.102804 
3833 -0.0828231 -0.0279145 
3834 -0.080134 0.046603 
3835 -0.0772689 0.120621 
3836 -0.0229893 -0.105325 
3837 -0.0203508 -0.0305312 
3838 -0.0176935 0.0438758 
3839 -0.0159042 0.118168 
3840 -0.277145 -0.0975822 
3841 -0.273896 -0.0241741 
3842 -0.271063 0.0494929 
3843 -0.267789 0.122055 
3844 -0.215141 -0.0990049 
3845 -0.211955 -0.026471 
3846 -0.20886 0.0461876 
3847 -0.205179 0.118996 
3848 -0.15317 -0.100819 
3849 -0.150127 -0.0285307 
3850 -0.147376 0.0446195 
3851 -0.144665 0.115909 
3852 -0.0921048 -0.10239 
3853 -0.0892223 -0.0299756 
3854 -0.0862938 0.0419518 
3855 -0.0838637 0.113014 
3856 -0.0323057 -0.104957 
3857 -0.0290702 -0.032277 
3858 -0.026603 0.0394431 
3859 -0.0240266 0.11038 
3860 -0.277248 -0.0971343 
3861 -0.274005 -0.0268311 
3862 -0.270852 0.0444124 
3863 -0.267817 0.114666 
3864 -0.217417 -0.0993099 
3865 -0.214098 -0.0287003 
3866 -0.211266 0.0416366 
3867 -0.208316 0.111602 
3868 -0.157481 -0.101336 
3869 -0.154089 -0.0304949 
3870 -0.152184 0.038926 
3871 -0.148693 0.109523 
3872 -0.0987503 -0.102904 
3873 -0.0957519 -0.0327327 
3874 -0.0935615 0.0373053 
3875 -0.0901232 0.105895 
3876 -0.0399334 -0.103853 
3877 -0.0378264 -0.0348868 
3878 -0.0355873 0.0349867 
3879 -0.0332326 0.103646 
