43825 -0.333255 -0.249965 
43826 -0.333341 -0.0833091 
43827 -0.333469 0.0834667 
43828 -0.333321 0.250035 
43829 -0.333409 0.416658 
43830 -0.16663 -0.250003 
43831 -0.166659 -0.0834228 
43832 -0.166684 0.0832346 
43833 -0.16652 0.25003 
43834 -0.166607 0.416751 
43835 0.000101437 -0.250106 
43836 -1.50331e-05 -0.0834024 
43837 -0.00011416 0.0834144 
43838 -3.48373e-05 0.250017 
43839 -6.58962e-05 0.416735 
43840 0.166654 -0.24996 
43841 0.166627 -0.0832974 
43842 0.166636 0.0831853 
43843 0.16663 0.250025 
43844 0.166726 0.41674 
43845 0.333187 -0.249855 
43846 0.333345 -0.0832692 
43847 0.333371 0.0832514 
43848 0.333453 0.249926 
43849 0.333243 0.41669 
43850 -0.333406 -0.246964 
43851 -0.333925 -0.0812799 
43852 -0.334295 0.0844169 
43853 -0.334861 0.250329 
43854 -0.3353 0.416152 
43855 -0.167818 -0.246491 
43856 -0.16824 -0.0808595 
43857 -0.168587 0.084737 
43858 -0.168881 0.250394 
43859 -0.169374 0.416325 
43860 -0.00221007 -0.246129 
43861 -0.00250845 -0.0803167 
43862 -0.0028891 0.085048 
43863 -0.00314406 0.250744 
43864 -0.00346444 0.416513 
43865 0.163159 -0.245415 
43866 0.162943 -0.0801124 
43867 0.162687 0.0852613 
43868 0.162434 0.250955 
43869 0.162047 0.416769 
43870 0.328587 -0.245139 
43871 0.328295 -0.0798452 
43872 0.328028 0.085671 
43873 0.327728 0.25123 
43874 0.32759 0.41686 
43875 -0.333734 -0.243829 
43876 -0.33468 -0.0790944 
43877 -0.335403 0.0856726 
43878 -0.336223 0.25075 
43879 -0.336997 0.415887 
43880 -0.168862 -0.242809 
43881 -0.16963 -0.0784359 
43882 -0.170318 0.086341 
43883 -0.171185 0.251005 
43884 -0.171805 0.416156 
43885 -0.00444317 -0.241888 
43886 -0.00504486 -0.0777141 
43887 -0.00573736 0.0867741 
43888 -0.00632959 0.251563 
43889 -0.006896 0.416592 
43890 0.159806 -0.241217 
43891 0.159293 -0.0769175 
43892 0.158633 0.0874306 
43893 0.158157 0.251982 
43894 0.157705 0.416625 
43895 0.323635 -0.240325 
43896 0.323223 -0.0761968 
43897 0.322942 0.088045 
43898 0.32236 0.252555 
43899 0.321965 0.417071 
43900 -0.333986 -0.240403 
43901 -0.335275 -0.0768096 
43902 -0.336373 0.0871249 
43903 -0.337601 0.251221 
43904 -0.338828 0.415687 
43905 -0.170071 -0.239083 
43906 -0.171148 -0.0757436 
43907 -0.172197 0.0877497 
43908 -0.173497 0.251836 
43909 -0.174246 0.41625 
43910 -0.00660214 -0.237834 
43911 -0.00761427 -0.0747196 
43912 -0.00847167 0.0886147 
43913 -0.0094426 0.252598 
43914 -0.0103295 0.416547 
43915 0.156409 -0.236638 
43916 0.15562 -0.0736224 
43917 0.154777 0.0896681 
43918 0.154128 0.253082 
43919 0.153309 0.416981 
43920 0.319133 -0.235442 
43921 0.318271 -0.0726711 
43922 0.317765 0.0904093 
43923 0.317031 0.253728 
43924 0.316338 0.417455 
43925 -0.334096 -0.236916 
43926 -0.335768 -0.0744544 
43927 -0.337403 0.0885556 
43928 -0.339142 0.251902 
43929 -0.340571 0.415685 
43930 -0.171168 -0.235293 
43931 -0.17267 -0.072981 
43932 -0.174205 0.089675 
43933 -0.175443 0.252737 
43934 -0.177039 0.416202 
43935 -0.00879557 -0.233694 
43936 -0.00999414 -0.0717479 
43937 -0.0113648 0.0905996 
43938 -0.0124627 0.253512 
43939 -0.0136502 0.416733 
43940 0.152973 -0.232189 
43941 0.152037 -0.0704605 
43942 0.150993 0.0917239 
43943 0.149966 0.254168 
43944 0.149022 0.417224 
43945 0.314148 -0.230589 
43946 0.313529 -0.0691019 
43947 0.312709 0.0927955 
43948 0.311776 0.255032 
43949 0.311093 0.417878 
43950 -0.334405 -0.233487 
43951 -0.336513 -0.0719528 
43952 -0.338355 0.090189 
43953 -0.340446 0.252784 
43954 -0.342337 0.415832 
43955 -0.17243 -0.231546 
43956 -0.174103 -0.0703255 
43957 -0.175821 0.0914224 
43958 -0.177568 0.253659 
43959 -0.179294 0.416345 
43960 -0.0110568 -0.229654 
43961 -0.0125696 -0.0686394 
43962 -0.0140622 0.0926107 
43963 -0.0154961 0.254618 
43964 -0.0169519 0.417002 
43965 0.14963 -0.227704 
43966 0.14841 -0.0670158 
43967 0.147346 0.0940318 
43968 0.145976 0.255505 
43969 0.144745 0.417569 
43970 0.309588 -0.225761 
43971 0.308638 -0.0655633 
43972 0.307806 0.0953317 
43973 0.306776 0.256435 
43974 0.305721 0.418269 
43975 -0.334802 -0.229971 
43976 -0.337144 -0.0694144 
43977 -0.33947 0.0918171 
43978 -0.341683 0.253612 
43979 -0.344205 0.416104 
43980 -0.173607 -0.227726 
43981 -0.175678 -0.0676134 
43982 -0.177577 0.0932321 
43983 -0.179715 0.254644 
43984 -0.181731 0.416776 
43985 -0.013166 -0.225449 
43986 -0.0149141 -0.065703 
43987 -0.016725 0.0947188 
43988 -0.0184371 0.255896 
43989 -0.020163 0.417341 
43990 0.146303 -0.22318 
43991 0.14479 -0.0637396 
43992 0.143448 0.0961875 
43993 0.142031 0.256744 
43994 0.140602 0.417989 
43995 0.305075 -0.220946 
43996 0.303847 -0.0618279 
43997 0.302666 0.0977254 
43998 0.30173 0.257879 
43999 0.300493 0.418666 
44000 -0.335121 -0.226147 
44001 -0.33764 -0.0668549 
44002 -0.340503 0.0934518 
44003 -0.343043 0.254571 
44004 -0.34568 0.416378 
44005 -0.174766 -0.22385 
44006 -0.17723 -0.064566 
44007 -0.179455 0.095257 
44008 -0.181784 0.25578 
44009 -0.183997 0.417067 
44010 -0.015672 -0.221152 
44011 -0.01742 -0.0626468 
44012 -0.0193525 0.096856 
44013 -0.0213775 0.256851 
44014 -0.0232612 0.417828 
44015 0.14294 -0.218734 
44016 0.141283 -0.0604056 
44017 0.139825 0.0986032 
44018 0.138362 0.258189 
44019 0.136599 0.41849 
44020 0.300305 -0.216142 
44021 0.29921 -0.0583466 
44022 0.29799 0.10019 
44023 0.296774 0.259375 
44024 0.295541 0.419171 
44025 -0.335468 -0.222736 
44026 -0.338282 -0.0640999 
44027 -0.341337 0.0953637 
44028 -0.344331 0.255488 
44029 -0.347318 0.416703 
44030 -0.176126 -0.219778 
44031 -0.178572 -0.0617411 
44032 -0.181165 0.0971485 
44033 -0.183707 0.257025 
44034 -0.186289 0.417583 
44035 -0.0178249 -0.216981 
44036 -0.0199292 -0.0595029 
44037 -0.0221007 0.0990252 
44038 -0.0242264 0.258271 
44039 -0.0264055 0.41834 
44040 0.139432 -0.214255 
44041 0.137747 -0.0570935 
44042 0.136074 0.100855 
44043 0.13426 0.25953 
44044 0.132602 0.419172 
44045 0.295771 -0.211539 
44046 0.294468 -0.0549535 
44047 0.29322 0.10264 
44048 0.291891 0.260738 
44049 0.290596 0.419876 
44050 -0.335889 -0.219031 
44051 -0.338959 -0.0613263 
44052 -0.342191 0.0972268 
44053 -0.345618 0.25684 
44054 -0.348989 0.417235 
44055 -0.177371 -0.215901 
44056 -0.180087 -0.0588652 
44057 -0.182966 0.0991476 
44058 -0.185687 0.258166 
44059 -0.188649 0.418121 
44060 -0.0202126 -0.212809 
44061 -0.0222787 -0.0561728 
44062 -0.0247485 0.101187 
44063 -0.0270225 0.259548 
44064 -0.0293689 0.418962 
44065 0.136095 -0.209782 
44066 0.134317 -0.0538421 
44067 0.132608 0.103085 
44068 0.130731 0.260989 
44069 0.12881 0.419683 
44070 0.291123 -0.206836 
44071 0.289878 -0.0512287 
44072 0.28846 0.104956 
44073 0.287099 0.262287 
44074 0.285721 0.420482 
44075 -0.336302 -0.215214 
44076 -0.33974 -0.0583952 
44077 -0.343378 0.0991706 
44078 -0.346871 0.25808 
44079 -0.35041 0.417943 
44080 -0.178605 -0.211981 
44081 -0.181563 -0.0558048 
44082 -0.184602 0.101326 
44083 -0.187618 0.259466 
44084 -0.190603 0.418795 
44085 -0.0224098 -0.208586 
44086 -0.0247727 -0.0531958 
44087 -0.0271763 0.103393 
44088 -0.0297809 0.260951 
44089 -0.0320745 0.419583 
44090 0.132748 -0.205383 
44091 0.130914 -0.05048 
44092 0.128996 0.105317 
44093 0.127112 0.262411 
44094 0.125032 0.420268 
44095 0.286707 -0.202203 
44096 0.285251 -0.0478872 
44097 0.283766 0.107496 
44098 0.282363 0.263807 
44099 0.280996 0.42116 
44100 -0.336832 -0.211462 
44101 -0.340499 -0.0557156 
44102 -0.34421 0.101332 
44103 -0.348129 0.259417 
44104 -0.351976 0.41867 
44105 -0.180071 -0.207965 
44106 -0.183307 -0.0529075 
44107 -0.186441 0.103543 
44108 -0.189595 0.260846 
44109 -0.192741 0.419431 
44110 -0.0246459 -0.204581 
44111 -0.0271686 -0.0500223 
44112 -0.0298077 0.105724 
44113 -0.0324668 0.262354 
44114 -0.0350184 0.420309 
44115 0.129471 -0.201051 
44116 0.127407 -0.0472198 
44117 0.125431 0.107729 
44118 0.123431 0.263758 
44119 0.121347 0.421082 
44120 0.282136 -0.197581 
44121 0.280771 -0.0443146 
44122 0.279354 0.109847 
44123 0.277824 0.265196 
44124 0.276441 0.421651 
44125 -0.337156 -0.207615 
44126 -0.341235 -0.0526768 
44127 -0.345203 0.103451 
44128 -0.349098 0.260829 
44129 -0.353261 0.419492 
44130 -0.181332 -0.203993 
44131 -0.184682 -0.0498489 
44132 -0.188139 0.105549 
44133 -0.191432 0.262267 
44134 -0.194677 0.420267 
44135 -0.0269264 -0.200337 
44136 -0.0295127 -0.0467054 
44137 -0.0323257 0.107817 
44138 -0.0351333 0.263847 
44139 -0.0378358 0.420847 
44140 0.126034 -0.196725 
44141 0.124122 -0.0439933 
44142 0.121944 0.109959 
44143 0.119855 0.265216 
44144 0.117772 0.42171 
44145 0.277785 -0.193054 
44146 0.276211 -0.0410886 
44147 0.274778 0.112039 
44148 0.273407 0.266842 
44149 0.271809 0.422563 
44150 -0.33787 -0.203746 
44151 -0.342008 -0.0496938 
44152 -0.34605 0.105423 
44153 -0.350519 0.262192 
44154 -0.354818 0.420277 
44155 -0.182672 -0.19991 
44156 -0.186177 -0.046792 
44157 -0.189621 0.107668 
44158 -0.193147 0.26376 
44159 -0.196794 0.421121 
44160 -0.0291808 -0.19593 
44161 -0.0319705 -0.0436229 
44162 -0.0346914 0.110199 
44163 -0.0376179 0.265219 
44164 -0.0405098 0.42168 
44165 0.1227 -0.192307 
44166 0.120679 -0.0407504 
44167 0.118447 0.112376 
44168 0.116351 0.26674 
44169 0.114263 0.422403 
44170 0.273221 -0.188604 
44171 0.271882 -0.0375988 
44172 0.2703 0.114597 
44173 0.268842 0.268065 
44174 0.267491 0.423117 
44175 -0.338306 -0.199966 
44176 -0.342658 -0.0467703 
44177 -0.347195 0.10763 
44178 -0.351532 0.263655 
44179 -0.356005 0.421307 
44180 -0.184102 -0.195935 
44181 -0.187773 -0.0436357 
44182 -0.191312 0.110061 
44183 -0.194994 0.2652 
44184 -0.198735 0.422002 
44185 -0.0314416 -0.191954 
44186 -0.0343843 -0.040517 
44187 -0.0373336 0.112336 
44188 -0.0400179 0.266857 
44189 -0.0431641 0.422557 
44190 0.119459 -0.188164 
44191 0.117332 -0.0374702 
44192 0.115106 0.114655 
44193 0.112907 0.268145 
44194 0.110884 0.423204 
44195 0.268791 -0.184175 
44196 0.267486 -0.034369 
44197 0.266141 0.116873 
44198 0.264511 0.269667 
44199 0.263066 0.423724 
44200 -0.338996 -0.195917 
44201 -0.34343 -0.0437433 
44202 -0.348083 0.109905 
44203 -0.352829 0.265353 
44204 -0.357416 0.422291 
44205 -0.185575 -0.192039 
44206 -0.189156 -0.0406904 
44207 -0.192982 0.112257 
44208 -0.196789 0.266757 
44209 -0.200579 0.422753 
44210 -0.0338276 -0.187897 
44211 -0.0367286 -0.0374423 
44212 -0.039755 0.114589 
44213 -0.0426262 0.268226 
44214 -0.0456667 0.423353 
44215 0.116011 -0.183903 
44216 0.114021 -0.0343115 
44217 0.111845 0.116756 
44218 0.109713 0.269573 
44219 0.107461 0.423923 
44220 0.26444 -0.17993 
44221 0.263058 -0.0312488 
44222 0.261714 0.119132 
44223 0.26013 0.270907 
44224 0.258778 0.424453 
44225 -0.339661 -0.192057 
44226 -0.344202 -0.0408008 
44227 -0.348961 0.112224 
44228 -0.353592 0.266849 
44229 -0.358718 0.423517 
44230 -0.18702 -0.187849 
44231 -0.190713 -0.0373196 
44232 -0.194702 0.114381 
44233 -0.198521 0.268266 
44234 -0.202497 0.42385 
44235 -0.036207 -0.183859 
44236 -0.03901 -0.0342988 
44237 -0.0421303 0.11673 
44238 -0.0451983 0.269702 
44239 -0.0480242 0.424188 
44240 0.112739 -0.179806 
44241 0.110608 -0.0311448 
44242 0.108575 0.119054 
44243 0.106407 0.271071 
44244 0.104319 0.424632 
44245 0.259959 -0.175849 
44246 0.258737 -0.0280648 
44247 0.257421 0.12135 
44248 0.256072 0.272514 
44249 0.254813 0.42502 
44250 -0.340216 -0.188155 
44251 -0.345048 -0.0378129 
44252 -0.349977 0.114417 
44253 -0.354803 0.268502 
44254 -0.359827 0.424656 
44255 -0.188384 -0.183833 
44256 -0.192293 -0.0344921 
44257 -0.196224 0.116794 
44258 -0.200304 0.269831 
44259 -0.204215 0.424641 
44260 -0.0385377 -0.179811 
44261 -0.0415179 -0.0311696 
44262 -0.0444031 0.119192 
44263 -0.0476965 0.271223 
44264 -0.0505756 0.425069 
44265 0.109504 -0.175643 
44266 0.107439 -0.0281414 
44267 0.10522 0.121306 
44268 0.103137 0.272397 
44269 0.101097 0.425374 
44270 0.255597 -0.171797 
44271 0.254298 -0.024944 
44272 0.253059 0.123527 
44273 0.251865 0.273725 
44274 0.250697 0.425627 
44275 -0.340941 -0.18428 
44276 -0.345815 -0.0346649 
44277 -0.350737 0.116828 
44278 -0.355809 0.270217 
44279 -0.360865 0.425567 
44280 -0.189802 -0.179968 
44281 -0.193838 -0.0314862 
44282 -0.197729 0.119043 
44283 -0.201896 0.271345 
44284 -0.205828 0.42574 
44285 -0.0408804 -0.175908 
44286 -0.0438177 -0.0281632 
44287 -0.0468739 0.121281 
44288 -0.049852 0.27264 
44289 -0.0530155 0.425855 
44290 0.106158 -0.171734 
44291 0.104183 -0.0250639 
44292 0.102062 0.123365 
44293 0.0999909 0.27377 
44294 0.097833 0.425974 
44295 0.251454 -0.167696 
44296 0.250087 -0.022005 
44297 0.248921 0.125512 
44298 0.24786 0.274962 
44299 0.246568 0.426298 
44300 -0.341736 -0.180269 
44301 -0.346728 -0.0316071 
44302 -0.351847 0.119254 
44303 -0.357023 0.272009 
44304 -0.362023 0.426836 
44305 -0.191272 -0.176088 
44306 -0.195468 -0.0283021 
44307 -0.199422 0.121367 
44308 -0.203509 0.273057 
44309 -0.207721 0.426769 
44310 -0.0432291 -0.171841 
44311 -0.0462749 -0.0251451 
44312 -0.0490277 0.123455 
44313 -0.0522099 0.27417 
44314 -0.0553737 0.426748 
44315 0.102876 -0.167807 
44316 0.10099 -0.0221848 
44317 0.0987758 0.125613 
44318 0.0967588 0.275208 
44319 0.0947971 0.426901 
44320 0.247058 -0.163706 
44321 0.245952 -0.0189034 
44322 0.244701 0.127676 
44323 0.243841 0.276146 
44324 0.242757 0.426596 
