43975 -0.333325 -0.250016 
43976 -0.333301 -0.0833545 
43977 -0.333405 0.083224 
43978 -0.333274 0.24992 
43979 -0.333303 0.416691 
43980 -0.166693 -0.250073 
43981 -0.166794 -0.0833419 
43982 -0.166608 0.0833434 
43983 -0.166577 0.250069 
43984 -0.166691 0.41672 
43985 7.14684e-05 -0.250091 
43986 -9.97525e-06 -0.0833716 
43987 -1.6283e-05 0.0832912 
43988 -1.12242e-07 0.24998 
43989 3.56577e-05 0.416751 
43990 0.166645 -0.249979 
43991 0.166689 -0.0833579 
43992 0.166645 0.0832141 
43993 0.166552 0.250062 
43994 0.166695 0.416633 
43995 0.333405 -0.249939 
43996 0.333383 -0.0832001 
43997 0.333359 0.0833941 
43998 0.333444 0.249992 
43999 0.333359 0.416755 
44000 -0.333572 -0.246136 
44001 -0.333919 -0.080497 
44002 -0.334294 0.085101 
44003 -0.334535 0.251159 
44004 -0.335094 0.416935 
44005 -0.167778 -0.245677 
44006 -0.168091 -0.0804131 
44007 -0.168292 0.085346 
44008 -0.168729 0.251118 
44009 -0.169053 0.417068 
44010 -0.00235576 -0.245555 
44011 -0.00248286 -0.0800222 
44012 -0.00285959 0.0855381 
44013 -0.00299846 0.251246 
44014 -0.00301116 0.417208 
44015 0.163154 -0.245167 
44016 0.162962 -0.0797316 
44017 0.162686 0.0857783 
44018 0.162599 0.251441 
44019 0.16237 0.417074 
44020 0.328474 -0.244829 
44021 0.328159 -0.079471 
44022 0.328203 0.0857973 
44023 0.328172 0.251441 
44024 0.327848 0.417153 
44025 -0.333841 -0.242351 
44026 -0.334386 -0.0778053 
44027 -0.335242 0.0870315 
44028 -0.335856 0.252089 
44029 -0.336638 0.417393 
44030 -0.169107 -0.241619 
44031 -0.169579 -0.0772674 
44032 -0.170223 0.0873857 
44033 -0.170781 0.252249 
44034 -0.17132 0.417498 
44035 -0.00462972 -0.240956 
44036 -0.00498269 -0.0767713 
44037 -0.0054424 0.0878475 
44038 -0.00600146 0.252643 
44039 -0.00630015 0.417673 
44040 0.159616 -0.240443 
44041 0.159367 -0.0762433 
44042 0.159006 0.0880409 
44043 0.158594 0.252827 
44044 0.158226 0.417598 
44045 0.323474 -0.239593 
44046 0.323462 -0.075695 
44047 0.323138 0.0885136 
44048 0.322831 0.253007 
44049 0.322785 0.417725 
44050 -0.334069 -0.238381 
44051 -0.335114 -0.0749078 
44052 -0.33612 0.0888699 
44053 -0.337138 0.253346 
44054 -0.338012 0.41786 
44055 -0.17029 -0.237474 
44056 -0.170964 -0.0741293 
44057 -0.17185 0.0894668 
44058 -0.172638 0.253481 
44059 -0.173561 0.417925 
44060 -0.00688228 -0.236474 
44061 -0.0074548 -0.0733209 
44062 -0.00815763 0.0901869 
44063 -0.00887144 0.254012 
44064 -0.00940645 0.418098 
44065 0.156101 -0.235551 
44066 0.155595 -0.0725214 
44067 0.155145 0.0906563 
44068 0.154726 0.254186 
44069 0.154295 0.418203 
44070 0.318573 -0.234583 
44071 0.318487 -0.0719727 
44072 0.318112 0.0910199 
44073 0.317799 0.254539 
44074 0.317592 0.418345 
44075 -0.334474 -0.234319 
44076 -0.335698 -0.0719632 
44077 -0.336992 0.0909947 
44078 -0.338359 0.254496 
44079 -0.339702 0.418399 
44080 -0.171448 -0.233112 
44081 -0.172613 -0.0710143 
44082 -0.173611 0.0917772 
44083 -0.174605 0.254821 
44084 -0.175707 0.418667 
44085 -0.00922319 -0.232032 
44086 -0.0100056 -0.0700219 
44087 -0.0108583 0.0924761 
44088 -0.0115056 0.255404 
44089 -0.0123238 0.418698 
44090 0.152518 -0.230851 
44091 0.151925 -0.0692135 
44092 0.151569 0.0931026 
44093 0.150915 0.255694 
44094 0.15035 0.418783 
44095 0.31384 -0.229628 
44096 0.313428 -0.0682989 
44097 0.313371 0.093671 
44098 0.312909 0.256002 
44099 0.312577 0.41901 
44100 -0.334793 -0.230359 
44101 -0.336233 -0.0689197 
44102 -0.337741 0.0931988 
44103 -0.339532 0.255802 
44104 -0.341101 0.41908 
44105 -0.172812 -0.228887 
44106 -0.174006 -0.0678069 
44107 -0.175218 0.0940954 
44108 -0.176708 0.256318 
44109 -0.177766 0.419202 
44110 -0.0116064 -0.227497 
44111 -0.0124992 -0.0667555 
44112 -0.0133562 0.0946481 
44113 -0.0144483 0.256718 
44114 -0.0153647 0.41937 
44115 0.149102 -0.226163 
44116 0.148437 -0.0655301 
44117 0.147777 0.0954277 
44118 0.147263 0.257134 
44119 0.146438 0.419449 
44120 0.309077 -0.224674 
44121 0.308712 -0.0646208 
44122 0.308291 0.0962681 
44123 0.30806 0.257583 
44124 0.307686 0.419453 
44125 -0.335113 -0.226298 
44126 -0.336851 -0.0659004 
44127 -0.338798 0.0953492 
44128 -0.340564 0.257153 
44129 -0.342412 0.419823 
44130 -0.174221 -0.224713 
44131 -0.175509 -0.0646152 
44132 -0.177041 0.0961811 
44133 -0.178489 0.257767 
44134 -0.18005 0.419878 
44135 -0.0138337 -0.223092 
44136 -0.0148587 -0.0632803 
44137 -0.0160262 0.0971237 
44138 -0.0171018 0.2583 
44139 -0.0181416 0.420054 
44140 0.145622 -0.221547 
44141 0.144817 -0.0622488 
44142 0.144171 0.0978483 
44143 0.143356 0.258617 
44144 0.14281 0.420052 
44145 0.304335 -0.219894 
44146 0.304018 -0.0609194 
44147 0.303608 0.0986981 
44148 0.303302 0.259099 
44149 0.302872 0.420211 
44150 -0.335445 -0.222219 
44151 -0.337659 -0.0627022 
44152 -0.339626 0.0975152 
44153 -0.341668 0.258632 
44154 -0.34385 0.420732 
44155 -0.175362 -0.220349 
44156 -0.177053 -0.0614747 
44157 -0.178666 0.0984529 
44158 -0.180334 0.25913 
44159 -0.181933 0.420786 
44160 -0.0162626 -0.218702 
44161 -0.0173079 -0.0601452 
44162 -0.0185663 0.0992911 
44163 -0.0196499 0.259672 
44164 -0.0208618 0.4208 
44165 0.142066 -0.216872 
44166 0.14133 -0.0586715 
44167 0.140604 0.100373 
44168 0.139849 0.260123 
44169 0.139061 0.420806 
44170 0.299586 -0.214974 
44171 0.299189 -0.057275 
44172 0.298941 0.101215 
44173 0.298501 0.260522 
44174 0.298096 0.420862 
44175 -0.336061 -0.218103 
44176 -0.338183 -0.0596589 
44177 -0.340495 0.0997294 
44178 -0.342933 0.26023 
44179 -0.34515 0.421582 
44180 -0.176796 -0.216172 
44181 -0.178481 -0.0580916 
44182 -0.180245 0.100802 
44183 -0.181997 0.260817 
44184 -0.183844 0.421636 
44185 -0.0185799 -0.214192 
44186 -0.0198211 -0.0567752 
44187 -0.0210882 0.101713 
44188 -0.022344 0.261226 
44189 -0.0236847 0.421586 
44190 0.138528 -0.21214 
44191 0.137894 -0.0553003 
44192 0.137183 0.102609 
44193 0.13626 0.261523 
44194 0.135527 0.421471 
44195 0.294775 -0.21031 
44196 0.294606 -0.0538592 
44197 0.294205 0.103618 
44198 0.293959 0.262125 
44199 0.293609 0.421448 
44200 -0.336492 -0.21414 
44201 -0.338883 -0.0564686 
44202 -0.341339 0.10209 
44203 -0.343799 0.261893 
44204 -0.346342 0.422593 
44205 -0.178098 -0.211985 
44206 -0.180137 -0.0549427 
44207 -0.181946 0.103068 
44208 -0.183837 0.262334 
44209 -0.185619 0.422397 
44210 -0.020978 -0.209743 
44211 -0.022235 -0.0534732 
44212 -0.0236362 0.104231 
44213 -0.0249607 0.262671 
44214 -0.0263228 0.422412 
44215 0.135306 -0.207696 
44216 0.134365 -0.0519409 
44217 0.133645 0.104966 
44218 0.132743 0.263049 
44219 0.131947 0.422238 
44220 0.290196 -0.205782 
44221 0.289926 -0.050493 
44222 0.289783 0.106056 
44223 0.289545 0.263524 
44224 0.289149 0.422078 
44225 -0.337008 -0.209895 
44226 -0.339655 -0.053237 
44227 -0.342325 0.104417 
44228 -0.344855 0.263305 
44229 -0.347492 0.423707 
44230 -0.179512 -0.207611 
44231 -0.181545 -0.0517322 
44232 -0.183543 0.105444 
44233 -0.185552 0.263876 
44234 -0.187542 0.423452 
44235 -0.0232753 -0.205446 
44236 -0.0246182 -0.0501612 
44237 -0.0260288 0.106506 
44238 -0.02749 0.26413 
44239 -0.0288438 0.423107 
44240 0.131803 -0.203375 
44241 0.130999 -0.048584 
44242 0.130025 0.10735 
44243 0.129272 0.264527 
44244 0.128578 0.422928 
44245 0.285656 -0.201199 
44246 0.28535 -0.0470376 
44247 0.285187 0.108276 
44248 0.285014 0.264956 
44249 0.284819 0.422736 
44250 -0.337585 -0.205764 
44251 -0.340202 -0.0500504 
44252 -0.343008 0.106756 
44253 -0.345945 0.265058 
44254 -0.34866 0.424714 
44255 -0.180943 -0.203661 
44256 -0.182989 -0.0484948 
44257 -0.18512 0.107764 
44258 -0.187252 0.265322 
44259 -0.189392 0.424412 
44260 -0.0256933 -0.201201 
44261 -0.0271583 -0.046817 
44262 -0.0285555 0.108767 
44263 -0.0299112 0.265701 
44264 -0.0315189 0.42387 
44265 0.128332 -0.19906 
44266 0.127553 -0.0452609 
44267 0.126805 0.109759 
44268 0.126016 0.26596 
44269 0.125335 0.423524 
44270 0.280917 -0.196683 
44271 0.280852 -0.0437162 
44272 0.280782 0.110701 
44273 0.280677 0.266369 
44274 0.280535 0.423094 
44275 -0.338088 -0.201636 
44276 -0.341056 -0.0469031 
44277 -0.343985 0.109214 
44278 -0.346873 0.266723 
44279 -0.349743 0.425892 
44280 -0.182534 -0.199309 
44281 -0.184569 -0.0453045 
44282 -0.186719 0.110061 
44283 -0.188806 0.266948 
44284 -0.191118 0.4253 
44285 -0.0281375 -0.196936 
44286 -0.0294792 -0.0437202 
44287 -0.0309526 0.111054 
44288 -0.0321414 0.267236 
44289 -0.0337573 0.424762 
44290 0.124787 -0.194706 
44291 0.1241 -0.0420926 
44292 0.123369 0.111905 
44293 0.122689 0.267337 
44294 0.121988 0.424348 
44295 0.276335 -0.192386 
44296 0.276241 -0.0403975 
44297 0.276381 0.112795 
44298 0.276266 0.267533 
44299 0.276337 0.423769 
44300 -0.33871 -0.197615 
44301 -0.341894 -0.0437561 
44302 -0.344798 0.111639 
44303 -0.347812 0.26863 
44304 -0.350756 0.427124 
44305 -0.184031 -0.195273 
44306 -0.185916 -0.0421296 
44307 -0.188217 0.112436 
44308 -0.190454 0.268409 
44309 -0.19266 0.426344 
44310 -0.0305714 -0.192846 
44311 -0.0318559 -0.0404525 
44312 -0.0331729 0.113255 
44313 -0.0345457 0.268631 
44314 -0.0361442 0.425619 
44315 0.121363 -0.190546 
44316 0.120812 -0.0389099 
44317 0.120172 0.114205 
44318 0.11942 0.26868 
44319 0.11881 0.424849 
44320 0.27172 -0.188141 
44321 0.271976 -0.0374047 
44322 0.272004 0.115063 
44323 0.272095 0.268727 
44324 0.272238 0.424101 
44325 -0.339485 -0.193421 
44326 -0.342525 -0.0405989 
44327 -0.345681 0.114061 
44328 -0.348682 0.270288 
44329 -0.351893 0.428207 
44330 -0.185391 -0.191101 
44331 -0.187637 -0.0390557 
44332 -0.189822 0.114715 
44333 -0.192103 0.27012 
44334 -0.194257 0.427311 
44335 -0.0328884 -0.188512 
44336 -0.0343746 -0.0374645 
44337 -0.0356576 0.11547 
44338 -0.0370633 0.270058 
44339 -0.0384192 0.426419 
44340 0.117892 -0.186382 
44341 0.117536 -0.0357959 
44342 0.116916 0.116353 
44343 0.1163 0.269946 
44344 0.115705 0.425485 
44345 0.267284 -0.184011 
44346 0.267429 -0.0342906 
44347 0.267585 0.117004 
44348 0.267962 0.269953 
44349 0.26829 0.424493 
44350 -0.340349 -0.189446 
44351 -0.343199 -0.037336 
44352 -0.346352 0.116578 
44353 -0.34955 0.272007 
44354 -0.352774 0.429497 
44355 -0.186733 -0.187155 
44356 -0.188999 -0.0359201 
44357 -0.191254 0.117246 
44358 -0.193581 0.271803 
44359 -0.1958 0.428246 
44360 -0.0353466 -0.184622 
44361 -0.0366455 -0.0343574 
44362 -0.0379891 0.11774 
44363 -0.0393955 0.271648 
44364 -0.0406075 0.427189 
44365 0.114628 -0.182298 
44366 0.113962 -0.0328124 
44367 0.113591 0.118409 
44368 0.113166 0.271299 
44369 0.112752 0.426068 
44370 0.262669 -0.179922 
44371 0.263143 -0.0313688 
44372 0.263542 0.118898 
44373 0.26391 0.271064 
44374 0.26425 0.424966 
44375 -0.340979 -0.185578 
44376 -0.344197 -0.0342542 
44377 -0.347108 0.118787 
44378 -0.350432 0.273782 
44379 -0.353717 0.430664 
44380 -0.188503 -0.182982 
44381 -0.190761 -0.0328455 
44382 -0.192782 0.119362 
44383 -0.195082 0.27331 
44384 -0.197331 0.429187 
44385 -0.0378173 -0.180558 
44386 -0.0390145 -0.0313067 
44387 -0.0402929 0.119865 
44388 -0.0415746 0.27291 
44389 -0.0427899 0.427763 
44390 0.11107 -0.178404 
44391 0.110719 -0.029824 
44392 0.110304 0.120439 
44393 0.110075 0.272462 
44394 0.109865 0.426647 
44395 0.258287 -0.17607 
44396 0.258765 -0.0285323 
44397 0.259321 0.120965 
44398 0.260039 0.272189 
44399 0.260446 0.425275 
44400 -0.341648 -0.181299 
44401 -0.345058 -0.0311736 
44402 -0.348086 0.121189 
44403 -0.351337 0.275454 
44404 -0.354643 0.431695 
44405 -0.189993 -0.179029 
44406 -0.192205 -0.0295893 
44407 -0.194353 0.121638 
44408 -0.196564 0.274781 
44409 -0.19873 0.43017 
44410 -0.0402407 -0.17691 
44411 -0.0414672 -0.0285306 
44412 -0.0425721 0.122063 
44413 -0.0438669 0.274274 
44414 -0.0450616 0.428475 
44415 0.107696 -0.174485 
44416 0.107502 -0.0270884 
44417 0.107246 0.122372 
44418 0.107104 0.273796 
44419 0.106832 0.427072 
44420 0.253669 -0.17224 
44421 0.254544 -0.0256721 
44422 0.255256 0.122702 
44423 0.255891 0.273228 
44424 0.256496 0.425562 
44425 -0.342511 -0.177404 
44426 -0.34585 -0.0279366 
44427 -0.348897 0.123652 
44428 -0.352212 0.277045 
44429 -0.355326 0.432978 
44430 -0.191734 -0.175184 
44431 -0.193687 -0.0266339 
44432 -0.195727 0.12376 
44433 -0.197999 0.276483 
44434 -0.200197 0.431235 
44435 -0.0427498 -0.172976 
44436 -0.0437474 -0.0254013 
44437 -0.0447378 0.124162 
44438 -0.0458245 0.275553 
44439 -0.0470287 0.429263 
44440 0.104305 -0.170847 
44441 0.10416 -0.0242726 
44442 0.104194 0.124391 
44443 0.103964 0.274885 
44444 0.104089 0.427488 
44445 0.249398 -0.168541 
44446 0.250281 -0.0230011 
44447 0.251098 0.124621 
44448 0.251962 0.274107 
44449 0.253044 0.425711 
44450 -0.343428 -0.173388 
44451 -0.346491 -0.0248815 
44452 -0.349807 0.125921 
44453 -0.352895 0.278956 
44454 -0.356101 0.434301 
44455 -0.193284 -0.171362 
44456 -0.195413 -0.0236933 
44457 -0.197353 0.125965 
44458 -0.199424 0.278077 
44459 -0.201413 0.432002 
44460 -0.0451893 -0.169169 
44461 -0.0461159 -0.0226244 
44462 -0.0468916 0.126154 
44463 -0.0480896 0.276837 
44464 -0.0491388 0.429984 
44465 0.100799 -0.166969 
44466 0.100937 -0.0215405 
44467 0.100908 0.126063 
44468 0.10128 0.275815 
44469 0.101358 0.427716 
44470 0.244869 -0.164968 
44471 0.245879 -0.020503 
44472 0.247138 0.126225 
44473 0.248314 0.274835 
44474 0.249394 0.425609 
