44175 -0.333408 -0.250116 
44176 -0.333148 -0.0832704 
44177 -0.333214 0.083165 
44178 -0.333364 0.25001 
44179 -0.333422 0.416572 
44180 -0.166749 -0.250034 
44181 -0.166772 -0.0832496 
44182 -0.16667 0.0833427 
44183 -0.166689 0.250011 
44184 -0.166727 0.416596 
44185 -6.27413e-05 -0.250114 
44186 1.5109e-05 -0.0832606 
44187 7.57106e-05 0.0833392 
44188 -8.06784e-05 0.250036 
44189 -4.78701e-05 0.416646 
44190 0.166731 -0.250023 
44191 0.166679 -0.0832071 
44192 0.166648 0.0834064 
44193 0.166662 0.249956 
44194 0.166794 0.416651 
44195 0.333318 -0.249859 
44196 0.333361 -0.0832617 
44197 0.333375 0.0833425 
44198 0.333248 0.249875 
44199 0.333204 0.416514 
44200 -0.333617 -0.245499 
44201 -0.333952 -0.0800517 
44202 -0.334038 0.0857265 
44203 -0.334263 0.251531 
44204 -0.334576 0.417506 
44205 -0.167919 -0.2454 
44206 -0.168169 -0.079942 
44207 -0.168349 0.0858437 
44208 -0.168473 0.251553 
44209 -0.168536 0.417556 
44210 -0.00242854 -0.245248 
44211 -0.00258512 -0.0797756 
44212 -0.00253662 0.0857573 
44213 -0.00262786 0.251455 
44214 -0.00277953 0.417354 
44215 0.162799 -0.245001 
44216 0.162915 -0.0796846 
44217 0.163042 0.0858768 
44218 0.162927 0.251437 
44219 0.162851 0.417178 
44220 0.328042 -0.245026 
44221 0.32817 -0.0795671 
44222 0.328282 0.08587 
44223 0.328447 0.251562 
44224 0.328397 0.417139 
44225 -0.333892 -0.241103 
44226 -0.334512 -0.0766362 
44227 -0.334827 0.0881979 
44228 -0.335324 0.253039 
44229 -0.335709 0.418488 
44230 -0.169292 -0.240791 
44231 -0.169711 -0.0764202 
44232 -0.169901 0.0882733 
44233 -0.17005 0.253155 
44234 -0.170516 0.41821 
44235 -0.00493445 -0.240509 
44236 -0.00505657 -0.076235 
44237 -0.00521175 0.0883063 
44238 -0.00524692 0.253054 
44239 -0.00532924 0.418221 
44240 0.159367 -0.240142 
44241 0.159172 -0.0760879 
44242 0.159361 0.0882207 
44243 0.159296 0.252893 
44244 0.159277 0.418009 
44245 0.323229 -0.239801 
44246 0.323332 -0.0759237 
44247 0.323575 0.0883294 
44248 0.323552 0.252766 
44249 0.323785 0.417669 
44250 -0.334508 -0.23658 
44251 -0.334967 -0.0733225 
44252 -0.335527 0.0906405 
44253 -0.336172 0.25508 
44254 -0.336737 0.419563 
44255 -0.170662 -0.236318 
44256 -0.171136 -0.0729396 
44257 -0.171459 0.09062 
44258 -0.171699 0.254799 
44259 -0.172072 0.4193 
44260 -0.00738423 -0.235802 
44261 -0.00754399 -0.0726789 
44262 -0.00774697 0.0905305 
44263 -0.00793769 0.254567 
44264 -0.00806425 0.418971 
44265 0.155503 -0.235354 
44266 0.15547 -0.0725464 
44267 0.155558 0.0906842 
44268 0.155648 0.254532 
44269 0.155753 0.418569 
44270 0.318 -0.234937 
44271 0.318281 -0.0723397 
44272 0.318653 0.0907165 
44273 0.318878 0.254214 
44274 0.319335 0.418039 
44275 -0.335022 -0.232349 
44276 -0.335598 -0.069988 
44277 -0.336404 0.0931221 
44278 -0.337048 0.256651 
44279 -0.3377 0.420661 
44280 -0.172239 -0.231811 
44281 -0.172582 -0.0696452 
44282 -0.173046 0.093019 
44283 -0.173531 0.256425 
44284 -0.173908 0.420121 
44285 -0.00986009 -0.231069 
44286 -0.00989583 -0.0692805 
44287 -0.0102082 0.0931558 
44288 -0.0102949 0.256054 
44289 -0.0105526 0.419649 
44290 0.151817 -0.230638 
44291 0.151924 -0.0691295 
44292 0.152063 0.0930971 
44293 0.152216 0.255815 
44294 0.15235 0.419161 
44295 0.313135 -0.230094 
44296 0.313386 -0.068736 
44297 0.313905 0.0931041 
44298 0.314202 0.255595 
44299 0.314659 0.418534 
44300 -0.335471 -0.227809 
44301 -0.336361 -0.0662981 
44302 -0.337259 0.0956046 
44303 -0.337886 0.258319 
44304 -0.338899 0.421844 
44305 -0.173656 -0.227313 
44306 -0.174055 -0.0662271 
44307 -0.174557 0.0954156 
44308 -0.175049 0.257991 
44309 -0.175565 0.421101 
44310 -0.0124198 -0.226608 
44311 -0.0125097 -0.0659319 
44312 -0.0128331 0.0954134 
44313 -0.0127727 0.257702 
44314 -0.0129602 0.420406 
44315 0.148192 -0.226139 
44316 0.148377 -0.0655911 
44317 0.148669 0.0955041 
44318 0.148778 0.257192 
44319 0.148922 0.419703 
44320 0.308013 -0.225458 
44321 0.30867 -0.0654738 
44322 0.309084 0.0953621 
44323 0.309644 0.256769 
44324 0.310132 0.418864 
44325 -0.336167 -0.223404 
44326 -0.337 -0.0630792 
44327 -0.337877 0.0980155 
44328 -0.338834 0.260062 
44329 -0.339834 0.423002 
44330 -0.17526 -0.222721 
44331 -0.175577 -0.0628568 
44332 -0.176171 0.0979321 
44333 -0.176542 0.2596 
44334 -0.177293 0.421904 
44335 -0.0151016 -0.222183 
44336 -0.0149111 -0.0625538 
44337 -0.0152849 0.0978122 
44338 -0.0151722 0.259115 
44339 -0.0152781 0.421142 
44340 0.144508 -0.221501 
44341 0.14481 -0.0624146 
44342 0.145133 0.0977855 
44343 0.145335 0.258708 
44344 0.145577 0.420259 
44345 0.30319 -0.220996 
44346 0.303833 -0.0621255 
44347 0.304528 0.0975317 
44348 0.30508 0.257985 
44349 0.305914 0.419261 
44350 -0.336527 -0.219123 
44351 -0.337596 -0.0596466 
44352 -0.338591 0.100591 
44353 -0.339624 0.261787 
44354 -0.340725 0.424146 
44355 -0.176704 -0.218412 
44356 -0.177082 -0.0594294 
44357 -0.177534 0.100318 
44358 -0.178204 0.261102 
44359 -0.178735 0.423056 
44360 -0.0174822 -0.217548 
44361 -0.0175105 -0.0593409 
44362 -0.0175597 0.100208 
44363 -0.0175355 0.260473 
44364 -0.0177201 0.421745 
44365 0.140697 -0.217095 
44366 0.141214 -0.0590515 
44367 0.141597 0.0997861 
44368 0.142105 0.259829 
44369 0.142543 0.42057 
44370 0.298229 -0.216433 
44371 0.299031 -0.0588798 
44372 0.299829 0.0996159 
44373 0.300748 0.259018 
44374 0.301685 0.419486 
44375 -0.337326 -0.214885 
44376 -0.338321 -0.0562563 
44377 -0.339347 0.103187 
44378 -0.340413 0.263635 
44379 -0.341488 0.425269 
44380 -0.178027 -0.214074 
44381 -0.178689 -0.0561594 
44382 -0.179145 0.102771 
44383 -0.179589 0.262783 
44384 -0.180249 0.423873 
44385 -0.0200032 -0.213425 
44386 -0.0199929 -0.0560673 
44387 -0.019936 0.102525 
44388 -0.0197742 0.26183 
44389 -0.0198835 0.422527 
44390 0.137247 -0.212805 
44391 0.137779 -0.0557839 
44392 0.138122 0.102158 
44393 0.13865 0.261071 
44394 0.139377 0.421119 
44395 0.293324 -0.212161 
44396 0.294441 -0.0557616 
44397 0.2954 0.10176 
44398 0.29654 0.26016 
44399 0.297486 0.419675 
44400 -0.337839 -0.210605 
44401 -0.339043 -0.0531055 
44402 -0.340049 0.105531 
44403 -0.341306 0.265359 
44404 -0.342285 0.42633 
44405 -0.179641 -0.209832 
44406 -0.180307 -0.0528418 
44407 -0.180744 0.105127 
44408 -0.181116 0.264409 
44409 -0.181644 0.424836 
44410 -0.0226372 -0.20911 
44411 -0.0224939 -0.0528692 
44412 -0.0221952 0.104625 
44413 -0.02231 0.263317 
44414 -0.0221922 0.423081 
44415 0.133439 -0.208534 
44416 0.134209 -0.0527158 
44417 0.13483 0.10419 
44418 0.135582 0.262189 
44419 0.136223 0.421472 
44420 0.288555 -0.207864 
44421 0.28965 -0.0526383 
44422 0.290948 0.10369 
44423 0.292216 0.261135 
44424 0.29354 0.419894 
44425 -0.338763 -0.206243 
44426 -0.339645 -0.0497168 
44427 -0.340885 0.10807 
44428 -0.341916 0.267265 
44429 -0.342988 0.427524 
44430 -0.181318 -0.205528 
44431 -0.181622 -0.0496451 
44432 -0.182197 0.107453 
44433 -0.182525 0.266022 
44434 -0.182871 0.425582 
44435 -0.0253034 -0.204951 
44436 -0.0249499 -0.0496764 
44437 -0.024696 0.106764 
44438 -0.0244933 0.264593 
44439 -0.0241151 0.423769 
44440 0.129794 -0.204501 
44441 0.130735 -0.0498717 
44442 0.131467 0.106213 
44443 0.132456 0.263386 
44444 0.133192 0.421918 
44445 0.283834 -0.203897 
44446 0.285073 -0.0498162 
44447 0.286468 0.105592 
44448 0.288016 0.262141 
44449 0.28957 0.420009 
44450 -0.339545 -0.202118 
44451 -0.340582 -0.0464234 
44452 -0.341445 0.110531 
44453 -0.342618 0.26875 
44454 -0.343846 0.428533 
44455 -0.182892 -0.201551 
44456 -0.183242 -0.046607 
44457 -0.183705 0.109547 
44458 -0.183985 0.267393 
44459 -0.184194 0.42654 
44460 -0.0277006 -0.201012 
44461 -0.0273389 -0.0467359 
44462 -0.027115 0.108723 
44463 -0.0267428 0.265864 
44464 -0.0262593 0.424293 
44465 0.126329 -0.200518 
44466 0.127269 -0.0469471 
44467 0.128302 0.108032 
44468 0.12929 0.264345 
44469 0.130296 0.422085 
44470 0.278826 -0.200029 
44471 0.280647 -0.0470459 
44472 0.282333 0.107341 
44473 0.2839 0.262872 
44474 0.285537 0.419946 
44475 -0.340303 -0.197963 
44476 -0.341321 -0.0432185 
44477 -0.342217 0.112905 
44478 -0.343312 0.270494 
44479 -0.344485 0.429757 
44480 -0.18469 -0.197451 
44481 -0.184788 -0.0434898 
44482 -0.18516 0.111996 
44483 -0.185183 0.268671 
44484 -0.185595 0.427365 
44485 -0.0302544 -0.196993 
44486 -0.0298437 -0.0438264 
44487 -0.0292587 0.11092 
44488 -0.0287593 0.267012 
44489 -0.0284421 0.424635 
44490 0.122642 -0.196625 
44491 0.123801 -0.0440558 
44492 0.125092 0.109919 
44493 0.126268 0.265255 
44494 0.127487 0.422213 
44495 0.274005 -0.19624 
44496 0.276072 -0.0443186 
44497 0.277894 0.108932 
44498 0.280006 0.263614 
44499 0.281783 0.419809 
44500 -0.341135 -0.193917 
44501 -0.341994 -0.0400759 
44502 -0.342938 0.11533 
44503 -0.344008 0.272122 
44504 -0.344972 0.430751 
44505 -0.186142 -0.193537 
44506 -0.186414 -0.040617 
44507 -0.186548 0.113982 
44508 -0.186645 0.270232 
44509 -0.186813 0.428064 
44510 -0.0327765 -0.193131 
44511 -0.0322362 -0.0409652 
44512 -0.0315658 0.112801 
44513 -0.0309213 0.268199 
44514 -0.0302745 0.425149 
44515 0.11906 -0.192879 
44516 0.120446 -0.0412239 
44517 0.121912 0.111683 
44518 0.12314 0.266217 
44519 0.124804 0.422409 
44520 0.269369 -0.192572 
44521 0.271534 -0.0417969 
44522 0.273726 0.110641 
44523 0.275875 0.26431 
44524 0.277937 0.419654 
44525 -0.342054 -0.189799 
44526 -0.342967 -0.036891 
44527 -0.343757 0.1176 
44528 -0.344632 0.27391 
44529 -0.345588 0.431901 
44530 -0.187875 -0.1897 
44531 -0.187888 -0.037482 
44532 -0.187917 0.116233 
44533 -0.18786 0.271555 
44534 -0.187885 0.428663 
44535 -0.0354785 -0.189503 
44536 -0.0347096 -0.0381333 
44537 -0.0338853 0.114745 
44538 -0.0330015 0.269374 
44539 -0.0319802 0.425562 
44540 0.115443 -0.189278 
44541 0.116944 -0.0388571 
44542 0.118615 0.113348 
44543 0.120286 0.267077 
44544 0.121969 0.422527 
44545 0.264683 -0.189082 
44546 0.267143 -0.0393493 
44547 0.2696 0.111831 
44548 0.271978 0.264679 
44549 0.27446 0.419346 
44550 -0.342803 -0.185941 
44551 -0.343699 -0.0338818 
44552 -0.344436 0.119898 
44553 -0.345254 0.275351 
44554 -0.345947 0.432737 
44555 -0.189702 -0.185887 
44556 -0.189444 -0.0348168 
44557 -0.189183 0.118338 
44558 -0.189203 0.272789 
44559 -0.189116 0.429261 
44560 -0.038082 -0.185811 
44561 -0.0369389 -0.0353728 
44562 -0.0359971 0.116558 
44563 -0.0350281 0.270324 
44564 -0.0339555 0.42591 
44565 0.111728 -0.185674 
44566 0.113583 -0.0362637 
44567 0.115453 0.114749 
44568 0.117409 0.267805 
44569 0.119228 0.422502 
44570 0.259963 -0.185657 
44571 0.262667 -0.0370941 
44572 0.265298 0.113201 
44573 0.267954 0.265165 
44574 0.270936 0.418797 
44575 -0.343977 -0.182012 
44576 -0.344571 -0.0309609 
44577 -0.345101 0.122106 
44578 -0.345872 0.276964 
44579 -0.346518 0.433765 
44580 -0.191326 -0.182279 
44581 -0.1911 -0.0318971 
44582 -0.19079 0.120166 
44583 -0.19039 0.274123 
44584 -0.190184 0.429888 
44585 -0.0407285 -0.182351 
44586 -0.0395135 -0.0328444 
44587 -0.0382243 0.118142 
44588 -0.0370094 0.27116 
44589 -0.0357871 0.426012 
44590 0.108285 -0.182354 
44591 0.110324 -0.0340003 
44592 0.112383 0.116346 
44593 0.114503 0.268449 
44594 0.11659 0.42224 
44595 0.255321 -0.182429 
44596 0.25822 -0.034825 
44597 0.261257 0.114578 
44598 0.264356 0.265514 
44599 0.26727 0.418405 
44600 -0.344851 -0.178325 
44601 -0.345203 -0.027873 
44602 -0.345898 0.124193 
44603 -0.346497 0.278419 
44604 -0.347074 0.434685 
44605 -0.193012 -0.178641 
44606 -0.192701 -0.0291501 
44607 -0.192154 0.122071 
44608 -0.19167 0.275348 
44609 -0.191317 0.430429 
44610 -0.0431656 -0.178784 
44611 -0.0419292 -0.0304608 
44612 -0.0403234 0.119777 
44613 -0.0390619 0.272104 
44614 -0.0376237 0.426175 
44615 0.104643 -0.178931 
44616 0.107039 -0.0316043 
44617 0.109242 0.11771 
44618 0.111738 0.268974 
44619 0.114086 0.421954 
44620 0.250695 -0.179305 
44621 0.254001 -0.032883 
44622 0.257247 0.115413 
44623 0.260393 0.2656 
44624 0.263812 0.417732 
44625 -0.345918 -0.174762 
44626 -0.346246 -0.0251469 
44627 -0.34657 0.126408 
44628 -0.346891 0.280008 
44629 -0.347234 0.435545 
44630 -0.194904 -0.175154 
44631 -0.194364 -0.0265823 
44632 -0.193488 0.123969 
44633 -0.192912 0.27637 
44634 -0.192226 0.430855 
44635 -0.04591 -0.17568 
44636 -0.0442944 -0.0279735 
44637 -0.0425029 0.121299 
44638 -0.0409729 0.272774 
44639 -0.0392357 0.426219 
44640 0.101233 -0.176127 
44641 0.103753 -0.0295273 
44642 0.106223 0.118864 
44643 0.108885 0.269383 
44644 0.11159 0.421568 
44645 0.246233 -0.176381 
44646 0.249594 -0.0308589 
44647 0.253182 0.116592 
44648 0.256684 0.265905 
44649 0.260373 0.417225 
44650 -0.347018 -0.17113 
44651 -0.347126 -0.0224496 
44652 -0.347333 0.128482 
44653 -0.347487 0.281299 
44654 -0.347665 0.436385 
44655 -0.196614 -0.171873 
44656 -0.195793 -0.0240678 
44657 -0.194931 0.125622 
44658 -0.194121 0.277363 
44659 -0.193221 0.431139 
44660 -0.0485641 -0.172322 
44661 -0.0466217 -0.0257874 
44662 -0.0447642 0.122866 
44663 -0.0428129 0.27346 
44664 -0.040984 0.426095 
44665 0.0975944 -0.17304 
44666 0.100476 -0.0273816 
44667 0.103316 0.120026 
44668 0.106087 0.269563 
44669 0.109061 0.421179 
44670 0.241603 -0.173582 
44671 0.245318 -0.0290925 
44672 0.249326 0.117285 
44673 0.25309 0.265934 
44674 0.257 0.416341 
