44250 -0.33332 -0.249958 
44251 -0.333236 -0.0834186 
44252 -0.333326 0.0833954 
44253 -0.333386 0.250096 
44254 -0.333242 0.416708 
44255 -0.16666 -0.250006 
44256 -0.166574 -0.0832815 
44257 -0.1667 0.0832694 
44258 -0.166596 0.249994 
44259 -0.166657 0.416646 
44260 -2.26887e-06 -0.250034 
44261 -9.82208e-05 -0.0832788 
44262 2.09863e-06 0.083302 
44263 2.44595e-05 0.249929 
44264 2.15899e-05 0.416625 
44265 0.166717 -0.249962 
44266 0.16669 -0.0832993 
44267 0.166724 0.0833595 
44268 0.166595 0.25 
44269 0.166789 0.416575 
44270 0.333215 -0.250041 
44271 0.333332 -0.0835085 
44272 0.333286 0.083312 
44273 0.333369 0.249961 
44274 0.333329 0.416777 
44275 -0.333742 -0.245402 
44276 -0.33401 -0.0798769 
44277 -0.334063 0.0858263 
44278 -0.334133 0.251767 
44279 -0.334362 0.41775 
44280 -0.168102 -0.245465 
44281 -0.168146 -0.0798014 
44282 -0.168265 0.0859375 
44283 -0.168293 0.251675 
44284 -0.168399 0.417606 
44285 -0.00258795 -0.245098 
44286 -0.00254236 -0.0798639 
44287 -0.00247001 0.0858126 
44288 -0.00260188 0.251594 
44289 -0.00242176 0.417394 
44290 0.16295 -0.245177 
44291 0.162918 -0.0797202 
44292 0.162985 0.0857782 
44293 0.163122 0.251275 
44294 0.163145 0.417306 
44295 0.328103 -0.245155 
44296 0.328316 -0.0797443 
44297 0.328499 0.085667 
44298 0.328552 0.2513 
44299 0.32881 0.416957 
44300 -0.33424 -0.240946 
44301 -0.334489 -0.076441 
44302 -0.334804 0.0883836 
44303 -0.334975 0.253428 
44304 -0.335379 0.418905 
44305 -0.169563 -0.240673 
44306 -0.169646 -0.0763603 
44307 -0.169844 0.088249 
44308 -0.169898 0.253268 
44309 -0.170147 0.418341 
44310 -0.00501648 -0.240495 
44311 -0.00503137 -0.0763535 
44312 -0.00502301 0.0883207 
44313 -0.00517028 0.252998 
44314 -0.00515483 0.418122 
44315 0.159103 -0.240279 
44316 0.159079 -0.0761046 
44317 0.159203 0.0881 
44318 0.159541 0.252676 
44319 0.159757 0.417719 
44320 0.322965 -0.240203 
44321 0.323194 -0.0760942 
44322 0.323466 0.0880168 
44323 0.323749 0.252541 
44324 0.324177 0.417358 
44325 -0.334704 -0.236374 
44326 -0.335081 -0.0728796 
44327 -0.335506 0.0909633 
44328 -0.335943 0.255244 
44329 -0.336266 0.419912 
44330 -0.170877 -0.236188 
44331 -0.171172 -0.0730361 
44332 -0.171269 0.0908126 
44333 -0.171509 0.254855 
44334 -0.171695 0.419265 
44335 -0.00771991 -0.235865 
44336 -0.00778068 -0.0729322 
44337 -0.00753292 0.0906755 
44338 -0.00753651 0.25441 
44339 -0.00742621 0.418741 
44340 0.155258 -0.235695 
44341 0.155575 -0.0728074 
44342 0.155949 0.0903746 
44343 0.156022 0.254099 
44344 0.156357 0.418205 
44345 0.317922 -0.235343 
44346 0.318182 -0.0727686 
44347 0.318788 0.0902758 
44348 0.319159 0.25388 
44349 0.319693 0.417747 
44350 -0.335304 -0.231897 
44351 -0.335717 -0.0695885 
44352 -0.336117 0.0932943 
44353 -0.336672 0.25698 
44354 -0.33713 0.42104 
44355 -0.172479 -0.23166 
44356 -0.172674 -0.0695332 
44357 -0.172726 0.0932706 
44358 -0.173007 0.256359 
44359 -0.173212 0.420307 
44360 -0.0102375 -0.231228 
44361 -0.0102334 -0.0695258 
44362 -0.00995142 0.092863 
44363 -0.00977678 0.255873 
44364 -0.0098866 0.419385 
44365 0.151486 -0.231074 
44366 0.151853 -0.0695159 
44367 0.152243 0.0928242 
44368 0.152616 0.255394 
44369 0.153155 0.418685 
44370 0.312725 -0.230837 
44371 0.313299 -0.0694337 
44372 0.314069 0.0925039 
44373 0.314614 0.255019 
44374 0.315352 0.417864 
44375 -0.335909 -0.227391 
44376 -0.336379 -0.0660906 
44377 -0.336894 0.0960429 
44378 -0.337375 0.258572 
44379 -0.337884 0.422186 
44380 -0.173901 -0.227239 
44381 -0.174256 -0.0661075 
44382 -0.174229 0.0956073 
44383 -0.174563 0.257993 
44384 -0.174777 0.421153 
44385 -0.0128805 -0.226804 
44386 -0.0126515 -0.0662761 
44387 -0.0125316 0.0953543 
44388 -0.0122071 0.257274 
44389 -0.0121149 0.420165 
44390 0.147603 -0.226616 
44391 0.148372 -0.0661693 
44392 0.148717 0.0949425 
44393 0.149256 0.256632 
44394 0.149776 0.419048 
44395 0.307556 -0.226313 
44396 0.308505 -0.0662074 
44397 0.309299 0.0944925 
44398 0.310144 0.255932 
44399 0.311073 0.418144 
44400 -0.336657 -0.223051 
44401 -0.33701 -0.0627628 
44402 -0.337709 0.0985947 
44403 -0.338138 0.260389 
44404 -0.338773 0.423328 
44405 -0.175582 -0.222929 
44406 -0.175733 -0.0627643 
44407 -0.175828 0.0979001 
44408 -0.175934 0.259491 
44409 -0.176024 0.422026 
44410 -0.0154902 -0.222485 
44411 -0.0150484 -0.0630561 
44412 -0.0149613 0.0974995 
44413 -0.0145617 0.25873 
44414 -0.0143153 0.420745 
44415 0.143912 -0.22235 
44416 0.144679 -0.0629612 
44417 0.145353 0.0970357 
44418 0.146011 0.257792 
44419 0.146758 0.41933 
44420 0.302686 -0.221985 
44421 0.303847 -0.0630856 
44422 0.304733 0.0964365 
44423 0.305757 0.256761 
44424 0.306933 0.418184 
44425 -0.337299 -0.218656 
44426 -0.337675 -0.0592821 
44427 -0.338213 0.10094 
44428 -0.338878 0.26229 
44429 -0.339279 0.424384 
44430 -0.177291 -0.218467 
44431 -0.177227 -0.0594498 
44432 -0.177447 0.100301 
44433 -0.177449 0.261083 
44434 -0.177485 0.4229 
44435 -0.0180287 -0.218297 
44436 -0.017658 -0.0597255 
44437 -0.017219 0.0995634 
44438 -0.0168522 0.260072 
44439 -0.0164133 0.421223 
44440 0.14029 -0.217962 
44441 0.141177 -0.0599348 
44442 0.141929 0.0991145 
44443 0.142718 0.258965 
44444 0.143647 0.419685 
44445 0.297658 -0.21769 
44446 0.29896 -0.0601842 
44447 0.300376 0.0983204 
44448 0.301493 0.257869 
44449 0.302983 0.418212 
44450 -0.33807 -0.214516 
44451 -0.338547 -0.0559378 
44452 -0.339073 0.103561 
44453 -0.339544 0.264016 
44454 -0.340094 0.425531 
44455 -0.178882 -0.214424 
44456 -0.178837 -0.0562191 
44457 -0.178831 0.102693 
44458 -0.17879 0.262642 
44459 -0.178814 0.423636 
44460 -0.0205381 -0.214123 
44461 -0.0202611 -0.0566505 
44462 -0.0195947 0.101682 
44463 -0.0189717 0.261283 
44464 -0.0185334 0.421845 
44465 0.136611 -0.213902 
44466 0.137492 -0.0569363 
44467 0.138592 0.100947 
44468 0.139567 0.259909 
44469 0.140621 0.419985 
44470 0.292802 -0.213706 
44471 0.294275 -0.0573969 
44472 0.295647 0.100133 
44473 0.297221 0.258624 
44474 0.298771 0.41801 
44475 -0.338742 -0.210137 
44476 -0.339313 -0.0526045 
44477 -0.339657 0.105914 
44478 -0.340209 0.265719 
44479 -0.340641 0.426526 
44480 -0.180441 -0.210122 
44481 -0.180317 -0.0531905 
44482 -0.180199 0.104765 
44483 -0.180065 0.264125 
44484 -0.180164 0.424314 
44485 -0.0232103 -0.209946 
44486 -0.0226419 -0.0536875 
44487 -0.0218635 0.103884 
44488 -0.0212024 0.262445 
44489 -0.0205595 0.422193 
44490 0.132836 -0.209813 
44491 0.133981 -0.0540261 
44492 0.135274 0.102789 
44493 0.136474 0.260795 
44494 0.137674 0.420174 
44495 0.287831 -0.209749 
44496 0.289516 -0.0545679 
44497 0.291452 0.101914 
44498 0.293023 0.259301 
44499 0.294944 0.418016 
44500 -0.339702 -0.205964 
44501 -0.339955 -0.0495343 
44502 -0.340396 0.108194 
44503 -0.340742 0.26735 
44504 -0.341407 0.427688 
44505 -0.182048 -0.206083 
44506 -0.181938 -0.0500649 
44507 -0.181706 0.107025 
44508 -0.181528 0.265634 
44509 -0.181263 0.425112 
44510 -0.0258402 -0.206027 
44511 -0.0250665 -0.0507858 
44512 -0.0242132 0.105782 
44513 -0.0234011 0.263602 
44514 -0.0225228 0.42278 
44515 0.129194 -0.206046 
44516 0.130544 -0.0512635 
44517 0.131949 0.104565 
44518 0.13348 0.26171 
44519 0.134724 0.420002 
44520 0.282913 -0.206135 
44521 0.28491 -0.0518131 
44522 0.28695 0.103425 
44523 0.289001 0.260035 
44524 0.291046 0.417779 
44525 -0.340457 -0.201954 
44526 -0.340718 -0.0462641 
44527 -0.341136 0.110733 
44528 -0.341574 0.269 
44529 -0.341921 0.428631 
44530 -0.183786 -0.202044 
44531 -0.183423 -0.0470831 
44532 -0.183038 0.109208 
44533 -0.182734 0.266893 
44534 -0.18236 0.425815 
44535 -0.0284177 -0.202317 
44536 -0.0274643 -0.0479181 
44537 -0.0267298 0.107676 
44538 -0.0254782 0.264589 
44539 -0.0244292 0.42295 
44540 0.125339 -0.202375 
44541 0.127075 -0.0487008 
44542 0.12885 0.106315 
44543 0.130376 0.262544 
44544 0.131977 0.420175 
44545 0.278133 -0.202361 
44546 0.280401 -0.0494303 
44547 0.282648 0.104863 
44548 0.285007 0.260384 
44549 0.287283 0.417352 
44550 -0.341357 -0.197826 
44551 -0.341496 -0.0431883 
44552 -0.341796 0.11291 
44553 -0.342065 0.270595 
44554 -0.342336 0.42981 
44555 -0.185551 -0.198226 
44556 -0.184995 -0.0441137 
44557 -0.184594 0.111242 
44558 -0.184153 0.26825 
44559 -0.183553 0.426415 
44560 -0.0311854 -0.198459 
44561 -0.029918 -0.0451559 
44562 -0.0286584 0.109601 
44563 -0.0276521 0.265611 
44564 -0.0264052 0.423311 
44565 0.121862 -0.198636 
44566 0.123377 -0.0460918 
44567 0.125604 0.107787 
44568 0.127435 0.26317 
44569 0.129297 0.420162 
44570 0.273193 -0.19898 
44571 0.275797 -0.0470559 
44572 0.278388 0.106156 
44573 0.280981 0.260833 
44574 0.283635 0.416746 
44575 -0.34227 -0.193888 
44576 -0.342311 -0.0401338 
44577 -0.342439 0.115099 
44578 -0.342703 0.272077 
44579 -0.342754 0.430659 
44580 -0.18728 -0.194327 
44581 -0.186565 -0.0411661 
44582 -0.185856 0.113153 
44583 -0.185246 0.269326 
44584 -0.184648 0.427015 
44585 -0.0337443 -0.194728 
44586 -0.0324274 -0.0424921 
44587 -0.0310438 0.111303 
44588 -0.0295744 0.266611 
44589 -0.0282105 0.423433 
44590 0.118111 -0.195132 
44591 0.120246 -0.0436735 
44592 0.122343 0.109277 
44593 0.124626 0.263727 
44594 0.126701 0.419944 
44595 0.268498 -0.195551 
44596 0.271251 -0.0448217 
44597 0.274028 0.107406 
44598 0.277036 0.261058 
44599 0.280054 0.41637 
44600 -0.343147 -0.190037 
44601 -0.343186 -0.0371158 
44602 -0.343146 0.11745 
44603 -0.343169 0.273527 
44604 -0.343059 0.431605 
44605 -0.189073 -0.19079 
44606 -0.188188 -0.0386511 
44607 -0.18734 0.11517 
44608 -0.186482 0.270484 
44609 -0.185615 0.427398 
44610 -0.0363075 -0.191265 
44611 -0.0348643 -0.039987 
44612 -0.0332134 0.112837 
44613 -0.0316699 0.267353 
44614 -0.0300664 0.423573 
44615 0.114446 -0.191772 
44616 0.116652 -0.0413193 
44617 0.119228 0.110799 
44618 0.121559 0.264354 
44619 0.123998 0.419514 
44620 0.263643 -0.192352 
44621 0.266764 -0.0427151 
44622 0.269957 0.108456 
44623 0.273114 0.261332 
44624 0.276432 0.415571 
44625 -0.344117 -0.186326 
44626 -0.344086 -0.0341445 
44627 -0.343898 0.119568 
44628 -0.343672 0.27499 
44629 -0.3435 0.432152 
44630 -0.190768 -0.187111 
44631 -0.189761 -0.0359537 
44632 -0.188815 0.116995 
44633 -0.187771 0.271601 
44634 -0.186519 0.427775 
44635 -0.0391375 -0.187855 
44636 -0.0373641 -0.0375463 
44637 -0.0354979 0.114529 
44638 -0.0335507 0.268227 
44639 -0.0316524 0.423528 
44640 0.110672 -0.188568 
44641 0.11339 -0.0390776 
44642 0.11602 0.111956 
44643 0.118573 0.264693 
44644 0.121472 0.419275 
44645 0.258999 -0.189266 
44646 0.262397 -0.0407727 
44647 0.265852 0.109481 
44648 0.269357 0.261334 
44649 0.2729 0.414949 
44650 -0.34516 -0.182673 
44651 -0.34489 -0.0313997 
44652 -0.344432 0.121664 
44653 -0.344161 0.276408 
44654 -0.343827 0.432974 
44655 -0.19261 -0.183594 
44656 -0.191458 -0.0332964 
44657 -0.190111 0.118767 
44658 -0.188921 0.272637 
44659 -0.187526 0.428278 
44660 -0.0418656 -0.184542 
44661 -0.0396242 -0.035207 
44662 -0.0376131 0.115936 
44663 -0.0356155 0.268705 
44664 -0.0333582 0.423397 
44665 0.107051 -0.185475 
44666 0.10998 -0.0369914 
44667 0.11302 0.113243 
44668 0.115895 0.265039 
44669 0.118953 0.418735 
44670 0.254271 -0.18642 
44671 0.258032 -0.0389092 
44672 0.261768 0.110416 
44673 0.265483 0.261333 
44674 0.269377 0.414076 
44675 -0.346395 -0.179077 
44676 -0.345687 -0.028614 
44677 -0.345108 0.123571 
44678 -0.34463 0.277719 
44679 -0.344106 0.433627 
44680 -0.194324 -0.180342 
44681 -0.192975 -0.0309465 
44682 -0.191531 0.120434 
44683 -0.18989 0.273431 
44684 -0.18853 0.428411 
44685 -0.0444129 -0.181371 
44686 -0.0421844 -0.032936 
44687 -0.0398772 0.117405 
44688 -0.0373758 0.269301 
44689 -0.035119 0.42334 
44690 0.103468 -0.182638 
44691 0.106619 -0.0350518 
44692 0.109991 0.1142 
44693 0.113166 0.265132 
44694 0.116521 0.41818 
44695 0.249509 -0.183763 
44696 0.253689 -0.0371627 
44697 0.257665 0.111065 
44698 0.26173 0.261261 
44699 0.265958 0.412951 
44700 -0.34743 -0.175594 
44701 -0.346663 -0.026034 
44702 -0.34594 0.125549 
44703 -0.345072 0.278833 
44704 -0.344275 0.434284 
44705 -0.196287 -0.177031 
44706 -0.194511 -0.0283589 
44707 -0.192822 0.121909 
44708 -0.191039 0.274254 
44709 -0.189284 0.42866 
44710 -0.0472536 -0.178268 
44711 -0.0445466 -0.0308407 
44712 -0.0420139 0.118586 
44713 -0.0393953 0.269756 
44714 -0.0365918 0.422896 
44715 0.0999499 -0.179806 
44716 0.103338 -0.033201 
44717 0.106866 0.115202 
44718 0.110506 0.265398 
44719 0.114015 0.417464 
44720 0.245019 -0.181126 
44721 0.249229 -0.035595 
44722 0.253688 0.111899 
44723 0.257963 0.261021 
44724 0.262615 0.411924 
44725 -0.348406 -0.172243 
44726 -0.347375 -0.023398 
44727 -0.346659 0.127229 
44728 -0.345548 0.280018 
44729 -0.344465 0.434776 
44730 -0.198136 -0.173756 
44731 -0.196164 -0.0261049 
44732 -0.194146 0.123526 
44733 -0.192193 0.275038 
44734 -0.190235 0.428558 
44735 -0.0499697 -0.175445 
44736 -0.0470292 -0.0288025 
44737 -0.044104 0.119693 
44738 -0.0411431 0.270209 
44739 -0.038248 0.422576 
44740 0.0961451 -0.177152 
44741 0.100095 -0.0314168 
44742 0.103892 0.116016 
44743 0.107672 0.265382 
44744 0.111667 0.416675 
44745 0.240431 -0.178566 
44746 0.245063 -0.0341288 
44747 0.249663 0.112253 
44748 0.254544 0.260489 
44749 0.259195 0.410854 
