44275 -0.333367 -0.250024 
44276 -0.3334 -0.0833285 
44277 -0.33321 0.0832353 
44278 -0.33332 0.25008 
44279 -0.333327 0.416713 
44280 -0.166573 -0.249996 
44281 -0.166654 -0.0833581 
44282 -0.166759 0.0833631 
44283 -0.16669 0.24987 
44284 -0.166596 0.416714 
44285 -0.000198097 -0.250151 
44286 -9.8425e-05 -0.0833842 
44287 -4.58487e-05 0.0833781 
44288 -0.000139812 0.250084 
44289 8.04994e-05 0.416584 
44290 0.166676 -0.25007 
44291 0.166761 -0.0834225 
44292 0.166671 0.0833255 
44293 0.16666 0.250013 
44294 0.166668 0.41667 
44295 0.333321 -0.250029 
44296 0.333332 -0.0833075 
44297 0.333382 0.0833654 
44298 0.333324 0.249971 
44299 0.333381 0.416677 
44300 -0.333644 -0.2453 
44301 -0.333957 -0.0799299 
44302 -0.334113 0.0858517 
44303 -0.334148 0.251762 
44304 -0.334269 0.417742 
44305 -0.168133 -0.245214 
44306 -0.168124 -0.0797653 
44307 -0.168171 0.0858519 
44308 -0.168145 0.251484 
44309 -0.168198 0.417508 
44310 -0.00262788 -0.245303 
44311 -0.00262453 -0.0798929 
44312 -0.00258232 0.0858693 
44313 -0.00253555 0.251415 
44314 -0.00256624 0.417303 
44315 0.162875 -0.245144 
44316 0.162935 -0.0797249 
44317 0.163006 0.0856545 
44318 0.16306 0.251272 
44319 0.163226 0.417221 
44320 0.328106 -0.244954 
44321 0.328368 -0.0798451 
44322 0.328423 0.0856156 
44323 0.328574 0.251337 
44324 0.328718 0.417046 
44325 -0.334263 -0.240871 
44326 -0.33444 -0.0763293 
44327 -0.334739 0.0884695 
44328 -0.334931 0.253446 
44329 -0.335166 0.418766 
44330 -0.169579 -0.240718 
44331 -0.169733 -0.0763487 
44332 -0.169798 0.0883003 
44333 -0.169863 0.253143 
44334 -0.1699 0.418559 
44335 -0.00505713 -0.240634 
44336 -0.00520078 -0.0762858 
44337 -0.00500468 0.0881698 
44338 -0.00500877 0.252913 
44339 -0.0049546 0.418049 
44340 0.159053 -0.240469 
44341 0.159118 -0.0763809 
44342 0.159358 0.0879549 
44343 0.159595 0.252684 
44344 0.159846 0.417604 
44345 0.322827 -0.240271 
44346 0.32322 -0.0763344 
44347 0.323617 0.0880046 
44348 0.323914 0.25253 
44349 0.324227 0.417342 
44350 -0.33489 -0.236368 
44351 -0.33515 -0.0727458 
44352 -0.335476 0.0909514 
44353 -0.335733 0.255109 
44354 -0.335984 0.419972 
44355 -0.171151 -0.236159 
44356 -0.171098 -0.0728748 
44357 -0.171332 0.0906793 
44358 -0.17147 0.254727 
44359 -0.17151 0.41932 
44360 -0.00775065 -0.23588 
44361 -0.00773553 -0.0727877 
44362 -0.00757551 0.0903653 
44363 -0.00745189 0.254335 
44364 -0.00730762 0.418722 
44365 0.155134 -0.235811 
44366 0.155617 -0.0727823 
44367 0.155897 0.0903451 
44368 0.156208 0.254023 
44369 0.156445 0.418156 
44370 0.317693 -0.235532 
44371 0.318278 -0.07284 
44372 0.318883 0.0900683 
44373 0.319401 0.253697 
44374 0.319785 0.417399 
44375 -0.335436 -0.23177 
44376 -0.335854 -0.0694563 
44377 -0.336142 0.0934743 
44378 -0.336528 0.256976 
44379 -0.337017 0.421106 
44380 -0.172581 -0.231614 
44381 -0.17273 -0.0695597 
44382 -0.172764 0.0932046 
44383 -0.172887 0.256466 
44384 -0.172943 0.420213 
44385 -0.0104147 -0.231402 
44386 -0.0101507 -0.0697259 
44387 -0.00994748 0.0928641 
44388 -0.00977054 0.25591 
44389 -0.00957379 0.419387 
44390 0.151341 -0.231209 
44391 0.151924 -0.0696874 
44392 0.152247 0.0925009 
44393 0.152759 0.255096 
44394 0.153245 0.418481 
44395 0.312718 -0.231009 
44396 0.313376 -0.0696742 
44397 0.314002 0.0923007 
44398 0.314618 0.254583 
44399 0.315531 0.417606 
44400 -0.336157 -0.2274 
44401 -0.336449 -0.0660335 
44402 -0.336838 0.0961064 
44403 -0.337211 0.258754 
44404 -0.337622 0.422214 
44405 -0.174253 -0.227264 
44406 -0.174292 -0.0661547 
44407 -0.174307 0.0955666 
44408 -0.174432 0.257793 
44409 -0.174414 0.420991 
44410 -0.0129301 -0.227098 
44411 -0.0125472 -0.0663025 
44412 -0.012298 0.0949761 
44413 -0.0120709 0.257303 
44414 -0.0116878 0.419849 
44415 0.147531 -0.22682 
44416 0.14822 -0.0664987 
44417 0.148842 0.0945906 
44418 0.149469 0.256309 
44419 0.150114 0.418751 
44420 0.307547 -0.226828 
44421 0.308536 -0.0666605 
44422 0.309454 0.0940982 
44423 0.310378 0.255601 
44424 0.311275 0.4177 
44425 -0.336689 -0.222971 
44426 -0.337066 -0.0625868 
44427 -0.33762 0.0984488 
44428 -0.338042 0.260466 
44429 -0.33836 0.423363 
44430 -0.175858 -0.222832 
44431 -0.175681 -0.0628405 
44432 -0.175748 0.0978893 
44433 -0.17573 0.259394 
44434 -0.175758 0.421732 
44435 -0.0155379 -0.222718 
44436 -0.0152136 -0.063016 
44437 -0.0148183 0.0972092 
44438 -0.014473 0.258426 
44439 -0.0140012 0.420492 
44440 0.143831 -0.222551 
44441 0.144666 -0.0631966 
44442 0.145355 0.0967027 
44443 0.146157 0.257464 
44444 0.146999 0.419055 
44445 0.302533 -0.222368 
44446 0.30368 -0.0635323 
44447 0.304987 0.0961256 
44448 0.305989 0.256451 
44449 0.307165 0.417629 
44450 -0.337546 -0.218614 
44451 -0.337817 -0.0593402 
44452 -0.338249 0.101076 
44453 -0.338762 0.262332 
44454 -0.338994 0.424424 
44455 -0.177335 -0.218663 
44456 -0.177327 -0.0596839 
44457 -0.177131 0.100176 
44458 -0.177211 0.261104 
44459 -0.177079 0.42272 
44460 -0.0182681 -0.218469 
44461 -0.0177656 -0.0601256 
44462 -0.017118 0.099578 
44463 -0.0165947 0.259688 
44464 -0.016105 0.421056 
44465 0.140062 -0.218377 
44466 0.140987 -0.0602854 
44467 0.142056 0.0986505 
44468 0.14302 0.258477 
44469 0.143973 0.4194 
44470 0.297403 -0.218309 
44471 0.298972 -0.0607419 
44472 0.30031 0.0978013 
44473 0.301775 0.257213 
44474 0.303267 0.417595 
44475 -0.338284 -0.214279 
44476 -0.338495 -0.0560342 
44477 -0.338824 0.103544 
44478 -0.339235 0.263963 
44479 -0.339644 0.425488 
44480 -0.178996 -0.21441 
44481 -0.178816 -0.056529 
44482 -0.178665 0.102466 
44483 -0.178645 0.262379 
44484 -0.178426 0.423432 
44485 -0.0207675 -0.214449 
44486 -0.020241 -0.0569783 
44487 -0.0194167 0.101411 
44488 -0.0188622 0.260854 
44489 -0.018199 0.421467 
44490 0.136211 -0.214291 
44491 0.137532 -0.057405 
44492 0.138634 0.100532 
44493 0.139805 0.259511 
44494 0.141059 0.419386 
44495 0.292509 -0.214386 
44496 0.294074 -0.0579899 
44497 0.295925 0.0993637 
44498 0.297597 0.257921 
44499 0.299217 0.41734 
44500 -0.339016 -0.210079 
44501 -0.339288 -0.0527599 
44502 -0.339599 0.105935 
44503 -0.339838 0.265643 
44504 -0.340163 0.426576 
44505 -0.180681 -0.210338 
44506 -0.180447 -0.0533123 
44507 -0.180111 0.1047 
44508 -0.179926 0.263991 
44509 -0.179605 0.424308 
44510 -0.0237085 -0.210221 
44511 -0.0226761 -0.0539552 
44512 -0.0217566 0.103462 
44513 -0.0208694 0.262016 
44514 -0.0202634 0.421822 
44515 0.13258 -0.210424 
44516 0.133983 -0.0547013 
44517 0.135383 0.102373 
44518 0.13672 0.260265 
44519 0.138341 0.419384 
44520 0.287486 -0.210506 
44521 0.289549 -0.0553728 
44522 0.291494 0.101172 
44523 0.293317 0.258572 
44524 0.295264 0.41722 
44525 -0.339934 -0.206061 
44526 -0.340034 -0.0494261 
44527 -0.34022 0.108171 
44528 -0.340439 0.267256 
44529 -0.340636 0.427592 
44530 -0.182409 -0.20621 
44531 -0.181966 -0.0503991 
44532 -0.181564 0.106796 
44533 -0.181191 0.265127 
44534 -0.180769 0.424868 
44535 -0.0260901 -0.206434 
44536 -0.0251419 -0.0512167 
44537 -0.0240975 0.105361 
44538 -0.0231127 0.263094 
44539 -0.0220362 0.42225 
44540 0.128889 -0.206657 
44541 0.130552 -0.0518852 
44542 0.132008 0.103782 
44543 0.133797 0.260988 
44544 0.135393 0.419542 
44545 0.282632 -0.206925 
44546 0.284885 -0.0528228 
44547 0.286982 0.102343 
44548 0.289237 0.259002 
44549 0.291438 0.416796 
44550 -0.340843 -0.202006 
44551 -0.34077 -0.0464499 
44552 -0.340853 0.110655 
44553 -0.341048 0.268887 
44554 -0.34115 0.428694 
44555 -0.184087 -0.202388 
44556 -0.183638 -0.0472661 
44557 -0.182881 0.108913 
44558 -0.182437 0.266557 
44559 -0.181913 0.425476 
44560 -0.0288299 -0.202636 
44561 -0.0275533 -0.0484405 
44562 -0.0264538 0.107187 
44563 -0.025193 0.264225 
44564 -0.0239113 0.42242 
44565 0.12506 -0.203176 
44566 0.127149 -0.0494598 
44567 0.128993 0.105463 
44568 0.130653 0.261735 
44569 0.132675 0.419335 
44570 0.277846 -0.2033 
44571 0.28031 -0.0503522 
44572 0.28267 0.103874 
44573 0.285276 0.259525 
44574 0.287809 0.416397 
44575 -0.341527 -0.198186 
44576 -0.341515 -0.0433165 
44577 -0.341591 0.112817 
44578 -0.341684 0.27048 
44579 -0.341529 0.429492 
44580 -0.185932 -0.198409 
44581 -0.185163 -0.0445211 
44582 -0.184427 0.111018 
44583 -0.183675 0.26773 
44584 -0.182991 0.425959 
44585 -0.0313989 -0.199065 
44586 -0.0301031 -0.045746 
44587 -0.0286564 0.108954 
44588 -0.027207 0.264894 
44589 -0.0256417 0.42249 
44590 0.121431 -0.199536 
44591 0.123434 -0.0469201 
44592 0.125544 0.106999 
44593 0.127842 0.262387 
44594 0.129929 0.419063 
44595 0.272923 -0.200004 
44596 0.275661 -0.0482383 
44597 0.27841 0.105144 
44598 0.281239 0.259714 
44599 0.284135 0.415694 
44600 -0.342526 -0.194162 
44601 -0.342405 -0.0402009 
44602 -0.34231 0.114991 
44603 -0.342158 0.271931 
44604 -0.341952 0.430339 
44605 -0.187433 -0.194827 
44606 -0.186727 -0.0416613 
44607 -0.185845 0.112824 
44608 -0.184801 0.268862 
44609 -0.183909 0.426395 
44610 -0.034147 -0.195457 
44611 -0.0325859 -0.0432173 
44612 -0.0308249 0.110607 
44613 -0.029202 0.265757 
44614 -0.0275785 0.422738 
44615 0.117782 -0.196125 
44616 0.119978 -0.0444971 
44617 0.12246 0.108272 
44618 0.124817 0.262775 
44619 0.127397 0.418862 
44620 0.268161 -0.196811 
44621 0.271175 -0.046026 
44622 0.274124 0.106308 
44623 0.277398 0.259919 
44624 0.280468 0.415115 
44625 -0.343648 -0.190311 
44626 -0.343234 -0.0373431 
44627 -0.342936 0.117116 
44628 -0.342649 0.273329 
44629 -0.342339 0.431044 
44630 -0.18936 -0.191182 
44631 -0.18828 -0.0391059 
44632 -0.187257 0.114553 
44633 -0.186098 0.269948 
44634 -0.185082 0.426796 
44635 -0.0369165 -0.191981 
44636 -0.0349471 -0.0408019 
44637 -0.0330176 0.112194 
44638 -0.0311792 0.266562 
44639 -0.0293269 0.422704 
44640 0.114071 -0.192772 
44641 0.116618 -0.0423822 
44642 0.119386 0.109697 
44643 0.121963 0.263305 
44644 0.124645 0.418486 
44645 0.263435 -0.193619 
44646 0.266739 -0.0440238 
44647 0.27004 0.107196 
44648 0.273491 0.259969 
44649 0.276975 0.414251 
44650 -0.344559 -0.186711 
44651 -0.344177 -0.0343747 
44652 -0.343623 0.119066 
44653 -0.343071 0.27466 
44654 -0.342638 0.432037 
44655 -0.191182 -0.18772 
44656 -0.189904 -0.036408 
44657 -0.188489 0.116361 
44658 -0.187233 0.271018 
44659 -0.185945 0.427098 
44660 -0.0395632 -0.188656 
44661 -0.0374119 -0.038292 
44662 -0.0352399 0.113648 
44663 -0.0331489 0.267151 
44664 -0.0309312 0.422456 
44665 0.110422 -0.189772 
44666 0.113255 -0.0403037 
44667 0.116208 0.110931 
44668 0.119149 0.26364 
44669 0.122155 0.417891 
44670 0.258563 -0.190736 
44671 0.262309 -0.0420499 
44672 0.265857 0.108194 
44673 0.269663 0.259988 
44674 0.273488 0.413435 
44675 -0.345612 -0.183121 
44676 -0.344978 -0.0318889 
44677 -0.344248 0.121269 
44678 -0.343589 0.276055 
44679 -0.342773 0.43241 
44680 -0.192908 -0.184194 
44681 -0.191448 -0.0340381 
44682 -0.189821 0.118047 
44683 -0.188373 0.27181 
44684 -0.186779 0.427469 
44685 -0.042088 -0.185585 
44686 -0.0399699 -0.0361604 
44687 -0.0374773 0.114935 
44688 -0.0350606 0.267644 
44689 -0.0325942 0.422304 
44690 0.106746 -0.186766 
44691 0.109944 -0.0381889 
44692 0.113118 0.11193 
44693 0.116227 0.263668 
44694 0.119682 0.41741 
44695 0.253965 -0.187872 
44696 0.257986 -0.0403235 
44697 0.261959 0.108981 
44698 0.265953 0.259745 
44699 0.269959 0.412396 
44700 -0.346712 -0.179608 
44701 -0.345832 -0.0291289 
44702 -0.344991 0.123167 
44703 -0.344056 0.277214 
44704 -0.343055 0.432925 
44705 -0.194978 -0.180967 
44706 -0.193143 -0.0315671 
44707 -0.191297 0.119606 
44708 -0.189434 0.272632 
44709 -0.187624 0.427518 
44710 -0.0449088 -0.182504 
44711 -0.0423776 -0.0339205 
44712 -0.0395917 0.116296 
44713 -0.0370026 0.268234 
44714 -0.0343829 0.421953 
44715 0.102933 -0.183917 
44716 0.106535 -0.0365298 
44717 0.109929 0.112756 
44718 0.113638 0.263841 
44719 0.117053 0.416654 
44720 0.249242 -0.185354 
44721 0.253536 -0.0387388 
44722 0.257863 0.109519 
44723 0.262282 0.259514 
44724 0.266508 0.41122 
44725 -0.347864 -0.176235 
44726 -0.346842 -0.026432 
44727 -0.345699 0.125043 
44728 -0.344481 0.27826 
44729 -0.343286 0.433596 
44730 -0.1967 -0.177879 
44731 -0.194623 -0.0292882 
44732 -0.192652 0.12109 
44733 -0.190563 0.273288 
44734 -0.188425 0.42755 
44735 -0.0475515 -0.179506 
44736 -0.044705 -0.0319648 
44737 -0.0418907 0.117517 
44738 -0.0388084 0.268561 
44739 -0.035769 0.421649 
44740 0.0994769 -0.181125 
44741 0.103192 -0.0345906 
44742 0.107074 0.113603 
44743 0.110784 0.263963 
44744 0.114703 0.415719 
44745 0.244437 -0.182821 
44746 0.249139 -0.0373193 
44747 0.253745 0.109943 
44748 0.258515 0.25918 
44749 0.26326 0.40995 
44750 -0.34895 -0.172986 
44751 -0.347778 -0.0239518 
44752 -0.346162 0.126741 
44753 -0.344847 0.279298 
44754 -0.343521 0.433986 
44755 -0.198608 -0.174907 
44756 -0.196395 -0.0271069 
44757 -0.194037 0.122494 
44758 -0.191702 0.273986 
44759 -0.189202 0.427419 
44760 -0.0503153 -0.176877 
44761 -0.0471901 -0.0300382 
44762 -0.044036 0.118561 
44763 -0.0406898 0.268948 
44764 -0.0374337 0.42102 
44765 0.0959067 -0.178639 
44766 0.0997775 -0.0330053 
44767 0.104056 0.1145 
44768 0.108171 0.263618 
44769 0.112413 0.414857 
44770 0.239976 -0.180514 
44771 0.244894 -0.0359375 
44772 0.249703 0.110355 
44773 0.254893 0.258559 
44774 0.259864 0.408563 
