44450 -0.333231 -0.249922 
44451 -0.333373 -0.0833246 
44452 -0.333455 0.083299 
44453 -0.333343 0.25002 
44454 -0.333315 0.416606 
44455 -0.16664 -0.24998 
44456 -0.166813 -0.0833206 
44457 -0.16654 0.083313 
44458 -0.166677 0.250031 
44459 -0.166656 0.416653 
44460 -0.000329457 -0.25002 
44461 -6.46451e-06 -0.0834328 
44462 -3.37667e-05 0.0834146 
44463 -8.70029e-05 0.24996 
44464 -0.000126015 0.416662 
44465 0.166722 -0.250056 
44466 0.166405 -0.0833807 
44467 0.166652 0.0833718 
44468 0.16667 0.250052 
44469 0.166693 0.416588 
44470 0.333333 -0.249998 
44471 0.333355 -0.0834421 
44472 0.333284 0.0835192 
44473 0.333461 0.250049 
44474 0.333295 0.416601 
44475 -0.333988 -0.245352 
44476 -0.334049 -0.0798486 
44477 -0.333897 0.0857354 
44478 -0.33385 0.251737 
44479 -0.33384 0.417723 
44480 -0.168318 -0.245513 
44481 -0.168275 -0.0800077 
44482 -0.168228 0.0855494 
44483 -0.168085 0.251428 
44484 -0.168058 0.417344 
44485 -0.00272597 -0.245609 
44486 -0.00259187 -0.0802944 
44487 -0.00255178 0.0855853 
44488 -0.00238016 0.251159 
44489 -0.00207346 0.416922 
44490 0.162617 -0.245589 
44491 0.162877 -0.0803458 
44492 0.163175 0.0852606 
44493 0.163329 0.250834 
44494 0.163637 0.416584 
44495 0.327907 -0.245684 
44496 0.328194 -0.0802319 
44497 0.328545 0.0850626 
44498 0.328808 0.250659 
44499 0.329046 0.416222 
44500 -0.334693 -0.240965 
44501 -0.33467 -0.0765438 
44502 -0.334574 0.0883649 
44503 -0.334508 0.253318 
44504 -0.334475 0.418655 
44505 -0.170059 -0.241204 
44506 -0.169746 -0.0766773 
44507 -0.169463 0.0878689 
44508 -0.169273 0.252787 
44509 -0.169188 0.417973 
44510 -0.00573113 -0.24121 
44511 -0.00515543 -0.0770403 
44512 -0.00487029 0.0874734 
44513 -0.00439994 0.252237 
44514 -0.00427466 0.417384 
44515 0.158552 -0.241474 
44516 0.159171 -0.077284 
44517 0.159591 0.0870675 
44518 0.159986 0.251627 
44519 0.160521 0.416605 
44520 0.322554 -0.241558 
44521 0.323063 -0.0775577 
44522 0.323729 0.0866337 
44523 0.324396 0.251198 
44524 0.324947 0.415962 
44525 -0.335508 -0.236552 
44526 -0.335439 -0.0730588 
44527 -0.335158 0.0907508 
44528 -0.334886 0.254936 
44529 -0.334857 0.419694 
44530 -0.171915 -0.236847 
44531 -0.171453 -0.0735011 
44532 -0.171067 0.0901273 
44533 -0.17064 0.25407 
44534 -0.170452 0.418561 
44535 -0.00827245 -0.237179 
44536 -0.00783825 -0.0740879 
44537 -0.00723431 0.0895499 
44538 -0.00683043 0.253186 
44539 -0.0060607 0.417402 
44540 0.154661 -0.23729 
44541 0.155458 -0.0743919 
44542 0.156071 0.0886879 
44543 0.156936 0.252437 
44544 0.157455 0.416554 
44545 0.317152 -0.237595 
44546 0.317985 -0.074867 
44547 0.318941 0.0880845 
44548 0.319967 0.251599 
44549 0.320832 0.415481 
44550 -0.33627 -0.23215 
44551 -0.335996 -0.0697763 
44552 -0.335667 0.093137 
44553 -0.335425 0.256667 
44554 -0.335302 0.420435 
44555 -0.173515 -0.232558 
44556 -0.172967 -0.070458 
44557 -0.17246 0.0922972 
44558 -0.172007 0.25549 
44559 -0.171554 0.419125 
44560 -0.0111345 -0.233021 
44561 -0.0104175 -0.0711714 
44562 -0.00969841 0.0913336 
44563 -0.00887307 0.254095 
44564 -0.00813483 0.417631 
44565 0.150614 -0.233252 
44566 0.151625 -0.0716895 
44567 0.152663 0.0904036 
44568 0.153553 0.253188 
44569 0.154565 0.41616 
44570 0.311838 -0.233711 
44571 0.313091 -0.0723856 
44572 0.314459 0.0894435 
44573 0.315579 0.251827 
44574 0.316918 0.414797 
44575 -0.337199 -0.228016 
44576 -0.336873 -0.0666554 
44577 -0.336435 0.0953942 
44578 -0.336077 0.25819 
44579 -0.335648 0.421499 
44580 -0.175258 -0.228448 
44581 -0.174508 -0.0674457 
44582 -0.173859 0.0942524 
44583 -0.173209 0.256684 
44584 -0.172543 0.419427 
44585 -0.0140657 -0.229092 
44586 -0.0131688 -0.0682749 
44587 -0.0119654 0.093084 
44588 -0.0109564 0.255069 
44589 -0.0100246 0.417866 
44590 0.146624 -0.229582 
44591 0.147851 -0.0691946 
44592 0.149268 0.0919172 
44593 0.150601 0.253573 
44594 0.151827 0.415908 
44595 0.306658 -0.230048 
44596 0.308157 -0.0699188 
44597 0.309637 0.0908075 
44598 0.311332 0.252116 
44599 0.312943 0.414027 
44600 -0.3379 -0.223851 
44601 -0.337491 -0.0633417 
44602 -0.337054 0.0978187 
44603 -0.336476 0.259556 
44604 -0.336079 0.422136 
44605 -0.176938 -0.224532 
44606 -0.176238 -0.0645862 
44607 -0.175452 0.096303 
44608 -0.174416 0.257623 
44609 -0.173472 0.420028 
44610 -0.0167845 -0.225298 
44611 -0.0155327 -0.0655784 
44612 -0.0143715 0.0948987 
44613 -0.0130398 0.25585 
44614 -0.0119235 0.417637 
44615 0.142762 -0.22583 
44616 0.144328 -0.0666579 
44617 0.145912 0.0934378 
44618 0.147362 0.254034 
44619 0.148988 0.415416 
44620 0.301387 -0.226727 
44621 0.303355 -0.0677978 
44622 0.305199 0.091992 
44623 0.307121 0.252126 
44624 0.309176 0.413258 
44625 -0.338886 -0.219759 
44626 -0.338429 -0.0602836 
44627 -0.337677 0.100017 
44628 -0.336895 0.260971 
44629 -0.336266 0.422931 
44630 -0.178836 -0.220922 
44631 -0.177763 -0.0616454 
44632 -0.176783 0.0981218 
44633 -0.175642 0.258813 
44634 -0.174555 0.420271 
44635 -0.0196847 -0.221487 
44636 -0.0181576 -0.0628759 
44637 -0.0165681 0.0963926 
44638 -0.0151287 0.256517 
44639 -0.013764 0.417619 
44640 0.138692 -0.222322 
44641 0.140557 -0.0643112 
44642 0.142583 0.0945978 
44643 0.144344 0.254346 
44644 0.146315 0.414901 
44645 0.296313 -0.223219 
44646 0.298569 -0.0654621 
44647 0.300726 0.0929109 
44648 0.302841 0.252209 
44649 0.305241 0.412352 
44650 -0.339932 -0.216039 
44651 -0.339164 -0.057325 
44652 -0.338269 0.10202 
44653 -0.337347 0.262336 
44654 -0.336511 0.423634 
44655 -0.180712 -0.217029 
44656 -0.179392 -0.0589103 
44657 -0.178078 0.0999749 
44658 -0.17676 0.259903 
44659 -0.17545 0.420308 
44660 -0.0223691 -0.218018 
44661 -0.0206029 -0.0604519 
44662 -0.0189878 0.0979063 
44663 -0.017267 0.25723 
44664 -0.0154707 0.41737 
44665 0.134857 -0.219098 
44666 0.136912 -0.0619785 
44667 0.13915 0.0959337 
44668 0.141346 0.25472 
44669 0.143496 0.414252 
44670 0.290923 -0.220258 
44671 0.293596 -0.0635829 
44672 0.296193 0.0939028 
44673 0.298849 0.251895 
44674 0.30147 0.411175 
44675 -0.341053 -0.212115 
44676 -0.339862 -0.0544187 
44677 -0.338839 0.104156 
44678 -0.337761 0.263629 
44679 -0.336624 0.424197 
44680 -0.182549 -0.213356 
44681 -0.181036 -0.0563448 
44682 -0.179517 0.101759 
44683 -0.177926 0.260719 
44684 -0.176313 0.420644 
44685 -0.0252805 -0.214561 
44686 -0.0231363 -0.058073 
44687 -0.0210685 0.0991323 
44688 -0.0191297 0.257678 
44689 -0.0170554 0.417072 
44690 0.130857 -0.215865 
44691 0.133355 -0.0600247 
44692 0.135816 0.0969182 
44693 0.138438 0.254746 
44694 0.140876 0.413495 
44695 0.28605 -0.217084 
44696 0.288897 -0.0616747 
44697 0.291827 0.0945461 
44698 0.294967 0.251903 
44699 0.297908 0.409901 
44700 -0.341888 -0.208503 
44701 -0.340702 -0.0516055 
44702 -0.33941 0.10611 
44703 -0.338214 0.264791 
44704 -0.336822 0.424779 
44705 -0.184401 -0.209899 
44706 -0.182478 -0.0538008 
44707 -0.180822 0.103369 
44708 -0.179 0.261403 
44709 -0.177208 0.420626 
44710 -0.0280676 -0.211348 
44711 -0.0257896 -0.0557848 
44712 -0.0235032 0.100499 
44713 -0.0211179 0.258102 
44714 -0.0187992 0.416619 
44715 0.12702 -0.212784 
44716 0.129781 -0.0579442 
44717 0.132659 0.09783 
44718 0.135469 0.254757 
44719 0.138351 0.412659 
44720 0.281057 -0.214256 
44721 0.284284 -0.0600489 
44722 0.287605 0.0951706 
44723 0.290851 0.251354 
44724 0.294268 0.408763 
44725 -0.343062 -0.204798 
44726 -0.341531 -0.0490445 
44727 -0.340075 0.107898 
44728 -0.338504 0.265878 
44729 -0.337019 0.425072 
44730 -0.186226 -0.206497 
44731 -0.184289 -0.051411 
44732 -0.182099 0.10477 
44733 -0.180063 0.262108 
44734 -0.178078 0.420602 
44735 -0.0308312 -0.208124 
44736 -0.028291 -0.0537982 
44737 -0.0256726 0.101738 
44738 -0.0230786 0.258438 
44739 -0.0204646 0.416209 
44740 0.123215 -0.209776 
44741 0.126259 -0.0560505 
44742 0.129482 0.0986857 
44743 0.13251 0.254718 
44744 0.135838 0.411673 
44745 0.275874 -0.211495 
44746 0.279595 -0.0583777 
44747 0.283084 0.095761 
44748 0.286889 0.250974 
44749 0.290524 0.407329 
44750 -0.344089 -0.201282 
44751 -0.342567 -0.0464305 
44752 -0.340725 0.10971 
44753 -0.338842 0.266941 
44754 -0.337098 0.4254 
44755 -0.188312 -0.203348 
44756 -0.185838 -0.0490735 
44757 -0.183568 0.106164 
44758 -0.18117 0.262824 
44759 -0.178848 0.42045 
44760 -0.0336717 -0.205325 
44761 -0.0308101 -0.0517364 
44762 -0.0279287 0.102833 
44763 -0.0249605 0.258547 
44764 -0.0219543 0.415531 
44765 0.119233 -0.207227 
44766 0.122789 -0.0544168 
44767 0.126265 0.0994655 
44768 0.129757 0.254365 
44769 0.13323 0.410628 
44770 0.271028 -0.208958 
44771 0.274933 -0.0570797 
44772 0.279025 0.0960431 
44773 0.283051 0.250358 
44774 0.287063 0.405708 
44775 -0.345331 -0.197972 
44776 -0.343254 -0.0438887 
44777 -0.341343 0.111335 
44778 -0.339215 0.267856 
44779 -0.337124 0.425618 
44780 -0.190026 -0.200133 
44781 -0.187443 -0.0469337 
44782 -0.184878 0.107461 
44783 -0.182267 0.263265 
44784 -0.179535 0.420205 
44785 -0.0366222 -0.202411 
44786 -0.0332604 -0.0498954 
44787 -0.030126 0.103828 
44788 -0.0268248 0.258678 
44789 -0.0236064 0.414752 
44790 0.11554 -0.204545 
44791 0.119241 -0.0528729 
44792 0.123121 0.0999337 
44793 0.126929 0.25414 
44794 0.130798 0.409479 
44795 0.266134 -0.206659 
44796 0.270363 -0.0557498 
44797 0.274819 0.0963041 
44798 0.279134 0.249642 
44799 0.283612 0.404033 
44800 -0.346408 -0.194744 
44801 -0.344071 -0.0415302 
44802 -0.341782 0.112993 
44803 -0.339602 0.268669 
44804 -0.337284 0.425727 
44805 -0.192005 -0.197241 
44806 -0.189123 -0.0448868 
44807 -0.186113 0.108789 
44808 -0.183154 0.263649 
44809 -0.180358 0.419798 
44810 -0.0393968 -0.199688 
44811 -0.0356641 -0.0481092 
44812 -0.0322784 0.104651 
44813 -0.0286549 0.258748 
44814 -0.0250773 0.413811 
44815 0.111718 -0.202064 
44816 0.115833 -0.0513939 
44817 0.120043 0.100502 
44818 0.124186 0.253868 
44819 0.128469 0.408165 
44820 0.26123 -0.204468 
44821 0.265841 -0.0545357 
44822 0.270615 0.096448 
44823 0.275364 0.248731 
44824 0.280174 0.402517 
44825 -0.347619 -0.191901 
44826 -0.344966 -0.0392459 
44827 -0.342483 0.114482 
44828 -0.340053 0.269382 
44829 -0.337234 0.425783 
44830 -0.194059 -0.194451 
44831 -0.190811 -0.0429766 
44832 -0.187559 0.109842 
44833 -0.184344 0.263909 
44834 -0.181037 0.419234 
44835 -0.0421799 -0.197021 
44836 -0.0383014 -0.0464469 
44837 -0.0344289 0.105291 
44838 -0.0306032 0.258471 
44839 -0.0266206 0.413139 
44840 0.107862 -0.199743 
44841 0.112332 -0.0500496 
44842 0.116822 0.100908 
44843 0.121363 0.253 
44844 0.125945 0.4067 
44845 0.256328 -0.202485 
44846 0.261379 -0.0535079 
44847 0.26639 0.0964613 
44848 0.271526 0.247786 
44849 0.276622 0.400434 
44850 -0.348749 -0.188593 
44851 -0.345897 -0.0371082 
44852 -0.343087 0.115801 
44853 -0.34017 0.270056 
44854 -0.337309 0.425812 
44855 -0.195929 -0.191659 
44856 -0.19232 -0.0410664 
44857 -0.188871 0.110788 
44858 -0.185259 0.264173 
44859 -0.181606 0.418818 
44860 -0.0448976 -0.194754 
44861 -0.0407768 -0.0450646 
44862 -0.0364007 0.106093 
44863 -0.0324844 0.258225 
44864 -0.0281374 0.41194 
44865 0.104264 -0.197532 
44866 0.109012 -0.0489705 
44867 0.113734 0.101176 
44868 0.118605 0.252463 
44869 0.123542 0.405188 
44870 0.251449 -0.200449 
44871 0.256899 -0.0526585 
44872 0.262267 0.09632 
44873 0.267811 0.246762 
44874 0.273266 0.398259 
44875 -0.350166 -0.18597 
44876 -0.346829 -0.0350826 
44877 -0.343698 0.116963 
44878 -0.340427 0.27043 
44879 -0.337277 0.425574 
44880 -0.198014 -0.189138 
44881 -0.194098 -0.0392967 
44882 -0.190168 0.111734 
44883 -0.186198 0.264252 
44884 -0.182383 0.417926 
44885 -0.0476941 -0.192373 
44886 -0.0431514 -0.0435498 
44887 -0.0386622 0.106483 
44888 -0.034134 0.257922 
44889 -0.0295823 0.410697 
44890 0.100448 -0.195594 
44891 0.105508 -0.0477424 
44892 0.110701 0.101118 
44893 0.11603 0.251687 
44894 0.121291 0.403414 
44895 0.246819 -0.198731 
44896 0.252473 -0.0519034 
44897 0.258229 0.0962606 
44898 0.264093 0.245506 
44899 0.269982 0.396261 
44900 -0.351338 -0.183122 
44901 -0.347849 -0.0330901 
44902 -0.34427 0.118303 
44903 -0.340674 0.271072 
44904 -0.337193 0.425161 
44905 -0.199893 -0.186732 
44906 -0.195726 -0.0378038 
44907 -0.191449 0.112409 
44908 -0.187114 0.264237 
44909 -0.183063 0.417101 
44910 -0.0505067 -0.190209 
44911 -0.0455548 -0.042371 
44912 -0.0408231 0.106787 
44913 -0.03591 0.257282 
44914 -0.0309935 0.409256 
44915 0.0967054 -0.193697 
44916 0.102256 -0.046904 
44917 0.107768 0.101254 
44918 0.113323 0.25088 
44919 0.118756 0.401568 
44920 0.242143 -0.197034 
44921 0.248036 -0.0513026 
44922 0.254238 0.0957566 
44923 0.260431 0.244391 
44924 0.266527 0.39403 
44925 -0.352533 -0.18045 
44926 -0.348683 -0.0313393 
44927 -0.345018 0.119234 
44928 -0.341039 0.271321 
44929 -0.337018 0.424737 
44930 -0.201892 -0.184407 
44931 -0.197418 -0.0362654 
44932 -0.192808 0.113079 
44933 -0.188233 0.263867 
44934 -0.183656 0.41637 
44935 -0.0534279 -0.188247 
44936 -0.0482363 -0.0411653 
44937 -0.0428824 0.107146 
44938 -0.0377934 0.25678 
44939 -0.0326215 0.40794 
44940 0.0931252 -0.192013 
44941 0.0990218 -0.0460343 
44942 0.104658 0.101214 
44943 0.110671 0.249733 
44944 0.116564 0.399784 
44945 0.237329 -0.195708 
44946 0.243756 -0.0507218 
44947 0.250229 0.0953754 
44948 0.256788 0.242872 
44949 0.263325 0.39169 
