44625 -0.333227 -0.250021 
44626 -0.333346 -0.0832477 
44627 -0.333462 0.0833065 
44628 -0.33326 0.249954 
44629 -0.333395 0.416704 
44630 -0.166648 -0.249996 
44631 -0.166682 -0.0832868 
44632 -0.166641 0.0833336 
44633 -0.166716 0.249988 
44634 -0.166598 0.416661 
44635 4.00845e-05 -0.250015 
44636 7.03674e-05 -0.0832752 
44637 1.38141e-05 0.0832267 
44638 0.000167902 0.250052 
44639 4.87206e-06 0.416596 
44640 0.166652 -0.249899 
44641 0.166494 -0.0833678 
44642 0.166725 0.0832124 
44643 0.166682 0.250039 
44644 0.166703 0.416583 
44645 0.333318 -0.250041 
44646 0.333312 -0.0832533 
44647 0.33331 0.0834089 
44648 0.33328 0.250145 
44649 0.333368 0.416653 
44650 -0.334267 -0.245862 
44651 -0.334044 -0.080066 
44652 -0.333944 0.0855453 
44653 -0.333692 0.251176 
44654 -0.333584 0.417201 
44655 -0.168602 -0.245968 
44656 -0.168337 -0.0805138 
44657 -0.168104 0.0851422 
44658 -0.167823 0.250893 
44659 -0.167555 0.416742 
44660 -0.00297285 -0.246254 
44661 -0.00272514 -0.0807436 
44662 -0.00240333 0.0848825 
44663 -0.00194499 0.250495 
44664 -0.00180173 0.416296 
44665 0.162393 -0.24636 
44666 0.162835 -0.0809946 
44667 0.163062 0.084484 
44668 0.163457 0.250146 
44669 0.16384 0.415774 
44670 0.32771 -0.246695 
44671 0.32796 -0.0813475 
44672 0.328493 0.0841699 
44673 0.329055 0.249747 
44674 0.329418 0.415247 
44675 -0.33521 -0.241704 
44676 -0.334896 -0.0770336 
44677 -0.334507 0.0876017 
44678 -0.334114 0.252568 
44679 -0.333617 0.417841 
44680 -0.17043 -0.242043 
44681 -0.169946 -0.0776264 
44682 -0.169452 0.0869668 
44683 -0.16896 0.251757 
44684 -0.168508 0.416835 
44685 -0.00601735 -0.242653 
44686 -0.00546409 -0.0782685 
44687 -0.00474575 0.0861898 
44688 -0.00412613 0.250863 
44689 -0.00360009 0.415916 
44690 0.158262 -0.242997 
44691 0.158896 -0.0787199 
44692 0.159736 0.0856372 
44693 0.160277 0.250162 
44694 0.160858 0.415019 
44695 0.322151 -0.243368 
44696 0.323043 -0.0792087 
44697 0.323864 0.084747 
44698 0.324431 0.24934 
44699 0.325394 0.414047 
44700 -0.3362 -0.237801 
44701 -0.335482 -0.0742055 
44702 -0.334904 0.0897061 
44703 -0.334265 0.253714 
44704 -0.333664 0.418149 
44705 -0.172372 -0.2384 
44706 -0.17152 -0.0750083 
44707 -0.170849 0.0884801 
44708 -0.170128 0.252613 
44709 -0.169307 0.416728 
44710 -0.00891594 -0.238979 
44711 -0.00804263 -0.0758512 
44712 -0.00720226 0.0874743 
44713 -0.00629771 0.25124 
44714 -0.00541539 0.415269 
44715 0.154141 -0.239705 
44716 0.155162 -0.0767017 
44717 0.156111 0.0865883 
44718 0.157146 0.250105 
44719 0.158326 0.413879 
44720 0.316607 -0.240256 
44721 0.317786 -0.0775592 
44722 0.319043 0.0855393 
44723 0.320256 0.248817 
44724 0.321478 0.41254 
44725 -0.33722 -0.234111 
44726 -0.336443 -0.0714072 
44727 -0.335509 0.0914936 
44728 -0.334598 0.254795 
44729 -0.333932 0.418559 
44730 -0.174329 -0.234876 
44731 -0.173335 -0.0725809 
44732 -0.172221 0.0900823 
44733 -0.171145 0.253116 
44734 -0.170078 0.416639 
44735 -0.0118458 -0.235594 
44736 -0.0107776 -0.0737246 
44737 -0.00946254 0.0887266 
44738 -0.00823464 0.251462 
44739 -0.00699786 0.414549 
44740 0.149936 -0.236472 
44741 0.151393 -0.0748063 
44742 0.152741 0.0871554 
44743 0.154069 0.249926 
44744 0.155551 0.412811 
44745 0.311219 -0.237319 
44746 0.312677 -0.0760427 
44747 0.314448 0.0860547 
44748 0.316049 0.248288 
44749 0.317639 0.410793 
44750 -0.338297 -0.230281 
44751 -0.33725 -0.0687326 
44752 -0.336157 0.0933104 
44753 -0.334991 0.25591 
44754 -0.333795 0.418782 
44755 -0.176191 -0.231451 
44756 -0.174863 -0.0701767 
44757 -0.173478 0.091473 
44758 -0.172171 0.253738 
44759 -0.170916 0.416367 
44760 -0.0148933 -0.232613 
44761 -0.0132584 -0.071577 
44762 -0.0118562 0.0897949 
44763 -0.010419 0.251616 
44764 -0.00858906 0.414032 
44765 0.145862 -0.233615 
44766 0.147465 -0.0729243 
44767 0.149366 0.0880511 
44768 0.151168 0.24948 
44769 0.152946 0.411312 
44770 0.3058 -0.234813 
44771 0.307797 -0.0745709 
44772 0.309866 0.0863438 
44773 0.311912 0.247522 
44774 0.313896 0.409074 
44775 -0.3394 -0.226723 
44776 -0.338114 -0.0660958 
44777 -0.336657 0.0949748 
44778 -0.335189 0.256696 
44779 -0.333803 0.41894 
44780 -0.178345 -0.228107 
44781 -0.176668 -0.0679513 
44782 -0.175018 0.092859 
44783 -0.173333 0.254129 
44784 -0.171671 0.415978 
44785 -0.0178646 -0.229396 
44786 -0.0160423 -0.0696658 
44787 -0.0141125 0.0906847 
44788 -0.0121803 0.251668 
44789 -0.0102023 0.413046 
44790 0.141658 -0.230723 
44791 0.143818 -0.0712509 
44792 0.14602 0.0886212 
44793 0.148215 0.249132 
44794 0.15033 0.410036 
44795 0.300584 -0.232148 
44796 0.303015 -0.0730325 
44797 0.305445 0.0865655 
44798 0.307659 0.246502 
44799 0.310104 0.407161 
44800 -0.340614 -0.223331 
44801 -0.338806 -0.0636918 
44802 -0.337184 0.0967604 
44803 -0.335511 0.257433 
44804 -0.333899 0.418905 
44805 -0.180164 -0.224957 
44806 -0.178433 -0.0657698 
44807 -0.176308 0.094071 
44808 -0.174388 0.254424 
44809 -0.172368 0.415569 
44810 -0.0208009 -0.226552 
44811 -0.0186692 -0.0676821 
44812 -0.0163124 0.0914875 
44813 -0.0140985 0.251512 
44814 -0.0117574 0.411959 
44815 0.137685 -0.228121 
44816 0.140105 -0.0697598 
44817 0.142656 0.0890536 
44818 0.145284 0.248576 
44819 0.147718 0.408615 
44820 0.295228 -0.229723 
44821 0.29805 -0.0718976 
44822 0.300803 0.0864891 
44823 0.303538 0.245584 
44824 0.306485 0.405151 
44825 -0.341811 -0.219967 
44826 -0.339779 -0.061248 
44827 -0.337728 0.0981757 
44828 -0.335875 0.258194 
44829 -0.333795 0.418955 
44830 -0.182246 -0.221934 
44831 -0.179991 -0.0637516 
44832 -0.177707 0.0952213 
44833 -0.175341 0.254719 
44834 -0.173054 0.41496 
44835 -0.0238499 -0.223834 
44836 -0.0213845 -0.066146 
44837 -0.018597 0.0922885 
44838 -0.0161585 0.25125 
44839 -0.0133432 0.410855 
44840 0.133617 -0.225768 
44841 0.136524 -0.0685364 
44842 0.139512 0.0892998 
44843 0.142274 0.247813 
44844 0.145371 0.407003 
44845 0.290057 -0.227473 
44846 0.293123 -0.0708839 
44847 0.296384 0.0865702 
44848 0.299668 0.244593 
44849 0.302803 0.402989 
44850 -0.342945 -0.21687 
44851 -0.340619 -0.0590951 
44852 -0.338271 0.0995235 
44853 -0.33596 0.258696 
44854 -0.333707 0.418672 
44855 -0.184272 -0.218961 
44856 -0.181614 -0.0618831 
44857 -0.178909 0.0961456 
44858 -0.176386 0.254798 
44859 -0.173585 0.414126 
44860 -0.0268664 -0.221226 
44861 -0.0237849 -0.0645178 
44862 -0.0207118 0.0928333 
44863 -0.0179631 0.250903 
44864 -0.014947 0.409733 
44865 0.12954 -0.223388 
44866 0.132886 -0.0671845 
44867 0.136016 0.0896596 
44868 0.13952 0.247051 
44869 0.142729 0.405227 
44870 0.28483 -0.225527 
44871 0.28841 -0.06988 
44872 0.291902 0.0863985 
44873 0.295543 0.243148 
44874 0.299219 0.400739 
44875 -0.344121 -0.213924 
44876 -0.341484 -0.0569553 
44877 -0.338907 0.100769 
44878 -0.336181 0.259304 
44879 -0.333555 0.418366 
44880 -0.186313 -0.216314 
44881 -0.183296 -0.060043 
44882 -0.18037 0.0971016 
44883 -0.177291 0.254796 
44884 -0.174337 0.413239 
44885 -0.0296736 -0.218722 
44886 -0.0263975 -0.0631271 
44887 -0.0231493 0.0933688 
44888 -0.0196989 0.250323 
44889 -0.0164494 0.40832 
44890 0.125617 -0.221035 
44891 0.1292 -0.0661735 
44892 0.132989 0.0897859 
44893 0.136714 0.246039 
44894 0.140243 0.403411 
44895 0.279661 -0.223518 
44896 0.283706 -0.0691939 
44897 0.287551 0.0860476 
44898 0.291559 0.241883 
44899 0.295632 0.398343 
44900 -0.345365 -0.211007 
44901 -0.342456 -0.0548829 
44902 -0.339448 0.102033 
44903 -0.336436 0.259493 
44904 -0.333485 0.417982 
44905 -0.18836 -0.213824 
44906 -0.184894 -0.0583257 
44907 -0.181791 0.0978229 
44908 -0.178417 0.254796 
44909 -0.175008 0.412357 
44910 -0.0325732 -0.216445 
44911 -0.0288768 -0.0616795 
44912 -0.0251753 0.0936983 
44913 -0.021555 0.25001 
44914 -0.0179317 0.406957 
44915 0.121736 -0.219017 
44916 0.125721 -0.0650548 
44917 0.129676 0.089502 
44918 0.133762 0.245156 
44919 0.137834 0.401348 
44920 0.274593 -0.221803 
44921 0.278969 -0.0684678 
44922 0.28326 0.085587 
44923 0.28768 0.240406 
44924 0.292091 0.395935 
44925 -0.346578 -0.208287 
44926 -0.343324 -0.0530034 
44927 -0.340067 0.103126 
44928 -0.336706 0.259878 
44929 -0.3333 0.417395 
44930 -0.19032 -0.211395 
44931 -0.186711 -0.0568235 
44932 -0.182911 0.0984569 
44933 -0.179294 0.254475 
44934 -0.17567 0.411378 
44935 -0.0355079 -0.214266 
44936 -0.0316243 -0.0605309 
44937 -0.0274622 0.0938634 
44938 -0.0234132 0.249144 
44939 -0.0193881 0.405179 
44940 0.117787 -0.217282 
44941 0.12213 -0.0643223 
44942 0.126412 0.0894341 
44943 0.130965 0.244158 
44944 0.13543 0.399153 
44945 0.269484 -0.220379 
44946 0.274344 -0.0679244 
44947 0.279056 0.0850551 
44948 0.283822 0.23877 
44949 0.28859 0.393345 
44950 -0.347819 -0.205683 
44951 -0.344279 -0.0512577 
44952 -0.340521 0.1039 
44953 -0.336825 0.259901 
44954 -0.333256 0.416814 
44955 -0.1924 -0.209152 
44956 -0.188285 -0.0553264 
44957 -0.18437 0.0989379 
44958 -0.180304 0.254128 
44959 -0.176236 0.410063 
44960 -0.0384229 -0.212358 
44961 -0.0340561 -0.0594944 
44962 -0.0297688 0.0940465 
44963 -0.0253962 0.248406 
44964 -0.0207223 0.403541 
44965 0.113847 -0.215651 
44966 0.118428 -0.0636502 
44967 0.12339 0.0891014 
44968 0.128103 0.242573 
44969 0.132977 0.397 
44970 0.264453 -0.218817 
44971 0.269698 -0.0675779 
44972 0.274862 0.0842586 
44973 0.279931 0.237011 
44974 0.285049 0.39065 
44975 -0.349026 -0.20329 
44976 -0.345101 -0.049769 
44977 -0.341109 0.104738 
44978 -0.337027 0.259934 
44979 -0.333049 0.415987 
44980 -0.194432 -0.206882 
44981 -0.19006 -0.0540644 
44982 -0.18559 0.0994063 
44983 -0.181271 0.253584 
44984 -0.176753 0.408855 
44985 -0.0414164 -0.210537 
44986 -0.0365672 -0.0585797 
44987 -0.031849 0.0940086 
44988 -0.0271434 0.24747 
44989 -0.0222569 0.401767 
44990 0.110037 -0.214157 
44991 0.115177 -0.062893 
44992 0.120243 0.0887289 
44993 0.125469 0.24131 
44994 0.130599 0.394832 
44995 0.259631 -0.21752 
44996 0.265156 -0.0674825 
44997 0.270701 0.0835221 
44998 0.275998 0.235342 
44999 0.281581 0.38783 
45000 -0.350404 -0.200947 
45001 -0.346051 -0.0483055 
45002 -0.34162 0.105398 
45003 -0.337211 0.259924 
45004 -0.332965 0.415043 
45005 -0.196434 -0.20495 
45006 -0.191678 -0.0530025 
45007 -0.186963 0.0996027 
45008 -0.182036 0.252995 
45009 -0.17736 0.407385 
45010 -0.0442265 -0.208783 
45011 -0.039222 -0.0576802 
45012 -0.0340147 0.0939774 
45013 -0.0288409 0.246481 
45014 -0.0235984 0.399837 
45015 0.106264 -0.212615 
45016 0.111575 -0.0625141 
45017 0.117107 0.0881552 
45018 0.122639 0.239933 
45019 0.128179 0.392362 
45020 0.254794 -0.216458 
45021 0.260659 -0.0672393 
45022 0.266422 0.0826144 
45023 0.272234 0.233341 
45024 0.278104 0.384874 
45025 -0.351678 -0.198864 
45026 -0.346987 -0.0468738 
45027 -0.342323 0.105873 
45028 -0.337458 0.259598 
45029 -0.332739 0.414116 
45030 -0.198522 -0.203103 
45031 -0.193231 -0.0521076 
45032 -0.188245 0.0997508 
45033 -0.183069 0.252372 
45034 -0.177983 0.405796 
45035 -0.0472202 -0.207158 
45036 -0.041707 -0.0572591 
45037 -0.0361999 0.0935841 
45038 -0.0305861 0.245225 
45039 -0.0251904 0.397781 
45040 0.102299 -0.211389 
45041 0.108077 -0.0622933 
45042 0.113995 0.0875013 
45043 0.119871 0.238304 
45044 0.125759 0.389744 
45045 0.250013 -0.215512 
45046 0.256114 -0.0671934 
45047 0.262226 0.0814957 
45048 0.26857 0.231374 
45049 0.274797 0.381796 
45050 -0.353197 -0.196773 
45051 -0.347982 -0.0455929 
45052 -0.342833 0.106466 
45053 -0.33776 0.25915 
45054 -0.332562 0.412894 
45055 -0.200527 -0.201366 
45056 -0.195007 -0.0510722 
45057 -0.189497 0.0997713 
45058 -0.183972 0.25152 
45059 -0.178542 0.404139 
45060 -0.0499443 -0.205723 
45061 -0.0440555 -0.0567252 
45062 -0.0382045 0.093204 
45063 -0.0323983 0.244025 
45064 -0.0265626 0.395567 
45065 0.0985486 -0.210241 
45066 0.104924 -0.0620227 
45067 0.110974 0.0868643 
45068 0.117107 0.236534 
45069 0.12336 0.387042 
45070 0.245248 -0.214625 
45071 0.251607 -0.067466 
45072 0.258129 0.0806216 
45073 0.264801 0.229334 
45074 0.271464 0.378668 
45075 -0.354405 -0.194976 
45076 -0.348799 -0.0444969 
45077 -0.343416 0.106695 
45078 -0.337811 0.258654 
45079 -0.332383 0.411527 
45080 -0.202402 -0.199896 
45081 -0.196652 -0.0504266 
45082 -0.190889 0.0997603 
45083 -0.185023 0.250653 
45084 -0.179101 0.402389 
45085 -0.0527453 -0.204671 
45086 -0.0466183 -0.0562411 
45087 -0.0402992 0.0927511 
45088 -0.0342401 0.242699 
45089 -0.0279422 0.393132 
45090 0.094824 -0.209239 
45091 0.101429 -0.0619664 
45092 0.107936 0.0860141 
45093 0.11432 0.234696 
45094 0.121028 0.384324 
45095 0.240457 -0.21377 
45096 0.247259 -0.0676453 
45097 0.254131 0.0793372 
45098 0.260964 0.227123 
45099 0.267982 0.375282 
45100 -0.355699 -0.193285 
45101 -0.34992 -0.0436878 
45102 -0.344011 0.106979 
45103 -0.338096 0.258041 
45104 -0.332217 0.409951 
45105 -0.204637 -0.198391 
45106 -0.198425 -0.0498146 
45107 -0.192174 0.0995605 
45108 -0.185857 0.249604 
45109 -0.179663 0.400422 
45110 -0.0557094 -0.20353 
45111 -0.0492096 -0.0559145 
45112 -0.0424746 0.0922916 
45113 -0.0359303 0.24127 
45114 -0.0293094 0.390848 
45115 0.0909531 -0.208358 
45116 0.0979967 -0.0619601 
45117 0.104971 0.0851561 
45118 0.111781 0.23289 
45119 0.118578 0.381417 
45120 0.235864 -0.213265 
45121 0.242929 -0.0680389 
45122 0.25014 0.0779576 
45123 0.25734 0.224653 
45124 0.264595 0.372075 
