44875 -0.333443 -0.250057 
44876 -0.333425 -0.0833512 
44877 -0.333362 0.0832161 
44878 -0.333209 0.250129 
44879 -0.333416 0.416567 
44880 -0.166769 -0.249987 
44881 -0.166581 -0.0833481 
44882 -0.166719 0.0833203 
44883 -0.166803 0.250002 
44884 -0.166623 0.416763 
44885 -4.37215e-05 -0.249954 
44886 2.20222e-05 -0.0834688 
44887 2.93108e-05 0.0833229 
44888 2.39336e-05 0.249985 
44889 -7.53155e-05 0.416714 
44890 0.16663 -0.249937 
44891 0.16663 -0.0832974 
44892 0.166711 0.0834145 
44893 0.166715 0.249929 
44894 0.166692 0.416692 
44895 0.333323 -0.250058 
44896 0.33333 -0.0834148 
44897 0.333264 0.083278 
44898 0.333303 0.250081 
44899 0.333216 0.416695 
44900 -0.334568 -0.246749 
44901 -0.334164 -0.0812321 
44902 -0.333762 0.0844285 
44903 -0.333505 0.250216 
44904 -0.333082 0.416186 
44905 -0.168788 -0.247131 
44906 -0.168435 -0.0815134 
44907 -0.168022 0.0840059 
44908 -0.167709 0.249768 
44909 -0.167163 0.415435 
44910 -0.00322143 -0.247506 
44911 -0.00285688 -0.0819228 
44912 -0.00240176 0.0836043 
44913 -0.00187141 0.249199 
44914 -0.00149129 0.415015 
44915 0.162242 -0.247689 
44916 0.162781 -0.0822888 
44917 0.163082 0.0831358 
44918 0.163625 0.248624 
44919 0.163872 0.414302 
44920 0.327566 -0.248063 
44921 0.328097 -0.0826671 
44922 0.328551 0.0827705 
44923 0.328927 0.248258 
44924 0.329475 0.413838 
44925 -0.335811 -0.243934 
44926 -0.335119 -0.0791745 
44927 -0.334211 0.0855867 
44928 -0.333603 0.250251 
44929 -0.332826 0.415308 
44930 -0.170958 -0.244404 
44931 -0.170124 -0.0799754 
44932 -0.169321 0.0846309 
44933 -0.168561 0.249484 
44934 -0.167766 0.414083 
44935 -0.0062357 -0.245102 
44936 -0.00538001 -0.080705 
44937 -0.00460518 0.0837105 
44938 -0.00381665 0.248327 
44939 -0.00306256 0.413015 
44940 0.158 -0.245785 
44941 0.158813 -0.0816393 
44942 0.159666 0.0828896 
44943 0.160514 0.247386 
44944 0.161298 0.411841 
44945 0.321976 -0.246437 
44946 0.3229 -0.0822074 
44947 0.323871 0.0820125 
44948 0.324644 0.2463 
44949 0.325718 0.410605 
44950 -0.336887 -0.241111 
44951 -0.335965 -0.0774342 
44952 -0.334756 0.0864312 
44953 -0.333742 0.250485 
44954 -0.332515 0.414582 
44955 -0.173067 -0.242093 
44956 -0.171819 -0.0784496 
44957 -0.170714 0.0851365 
44958 -0.169422 0.248835 
44959 -0.168313 0.41276 
44960 -0.00935658 -0.242989 
44961 -0.00835576 -0.0797203 
44962 -0.00689114 0.0837723 
44963 -0.00579044 0.24739 
44964 -0.00448347 0.41107 
44965 0.153702 -0.243781 
44966 0.155 -0.0806262 
44967 0.156301 0.0825695 
44968 0.157405 0.245901 
44969 0.158836 0.409149 
44970 0.316544 -0.244772 
44971 0.317733 -0.0818952 
44972 0.319094 0.0811762 
44973 0.320449 0.244275 
44974 0.321805 0.407489 
44975 -0.338387 -0.238487 
44976 -0.336731 -0.0756886 
44977 -0.335321 0.0872946 
44978 -0.333721 0.250401 
44979 -0.332226 0.41368 
44980 -0.175225 -0.239714 
44981 -0.173643 -0.0771571 
44982 -0.172019 0.0855787 
44983 -0.170389 0.248319 
44984 -0.168862 0.41114 
44985 -0.0125663 -0.240893 
44986 -0.0109278 -0.0787478 
44987 -0.0092951 0.0837703 
44988 -0.00761904 0.246288 
44989 -0.00603592 0.40894 
44990 0.149477 -0.242185 
44991 0.151096 -0.0802126 
44992 0.152848 0.0819098 
44993 0.154604 0.244115 
44994 0.156303 0.406445 
44995 0.310937 -0.243446 
44996 0.312686 -0.0817612 
44997 0.314431 0.0800724 
44998 0.316346 0.242091 
44999 0.318061 0.404136 
45000 -0.33944 -0.235993 
45001 -0.337832 -0.0740782 
45002 -0.33574 0.0879476 
45003 -0.333824 0.250115 
45004 -0.331825 0.412492 
45005 -0.177278 -0.237685 
45006 -0.175246 -0.0759586 
45007 -0.173267 0.0858481 
45008 -0.171321 0.247592 
45009 -0.169415 0.409409 
45010 -0.0156932 -0.239113 
45011 -0.0136536 -0.0778095 
45012 -0.0115144 0.0833492 
45013 -0.00943499 0.245032 
45014 -0.00761555 0.406581 
45015 0.145231 -0.240629 
45016 0.147403 -0.0797252 
45017 0.149407 0.0812239 
45018 0.151494 0.242393 
45019 0.153711 0.403808 
45020 0.305444 -0.242132 
45021 0.30774 -0.0816837 
45022 0.309992 0.0790377 
45023 0.312225 0.239938 
45024 0.314226 0.400818 
45025 -0.340915 -0.233598 
45026 -0.338468 -0.0725344 
45027 -0.336293 0.0886425 
45028 -0.334092 0.24987 
45029 -0.331599 0.4112 
45030 -0.179311 -0.235435 
45031 -0.177163 -0.0749413 
45032 -0.174609 0.0857058 
45033 -0.172334 0.246723 
45034 -0.169785 0.407785 
45035 -0.0187435 -0.237408 
45036 -0.0162703 -0.0771732 
45037 -0.0138684 0.0830505 
45038 -0.0114071 0.243764 
45039 -0.00881244 0.404353 
45040 0.141047 -0.239311 
45041 0.143498 -0.0794744 
45042 0.14616 0.0804718 
45043 0.148681 0.240504 
45044 0.151221 0.400786 
45045 0.300073 -0.241057 
45046 0.30275 -0.0816512 
45047 0.305345 0.077886 
45048 0.30807 0.237469 
45049 0.310634 0.397431 
45050 -0.342116 -0.231493 
45051 -0.339502 -0.0713667 
45052 -0.336756 0.0889216 
45053 -0.33386 0.249242 
45054 -0.331416 0.409907 
45055 -0.181466 -0.233692 
45056 -0.178874 -0.0739869 
45057 -0.175946 0.0857402 
45058 -0.173095 0.245804 
45059 -0.170553 0.405861 
45060 -0.0218336 -0.235813 
45061 -0.0188301 -0.0766538 
45062 -0.016142 0.0826558 
45063 -0.0132912 0.242075 
45064 -0.0103197 0.401764 
45065 0.136785 -0.237887 
45066 0.139783 -0.0792135 
45067 0.142842 0.0795672 
45068 0.145812 0.238605 
45069 0.148553 0.397671 
45070 0.294804 -0.240139 
45071 0.297892 -0.0820449 
45072 0.300803 0.0765624 
45073 0.303783 0.235066 
45074 0.306917 0.393803 
45075 -0.343504 -0.229493 
45076 -0.340388 -0.0702439 
45077 -0.33732 0.0891888 
45078 -0.334206 0.248652 
45079 -0.330926 0.408308 
45080 -0.183642 -0.23199 
45081 -0.180443 -0.0731618 
45082 -0.177279 0.0856254 
45083 -0.173953 0.244639 
45084 -0.17084 0.403802 
45085 -0.0248342 -0.234485 
45086 -0.0215586 -0.0761308 
45087 -0.018318 0.0820247 
45088 -0.0150746 0.24061 
45089 -0.0117276 0.399319 
45090 0.132925 -0.236814 
45091 0.135975 -0.0791634 
45092 0.139487 0.0785957 
45093 0.142839 0.236375 
45094 0.146249 0.394587 
45095 0.289654 -0.239461 
45096 0.292907 -0.0822112 
45097 0.296376 0.0751694 
45098 0.299778 0.232415 
45099 0.303103 0.390023 
45100 -0.344822 -0.227596 
45101 -0.341252 -0.0692608 
45102 -0.337771 0.0894616 
45103 -0.334165 0.248092 
45104 -0.330602 0.406861 
45105 -0.185915 -0.230276 
45106 -0.182136 -0.0725228 
45107 -0.178667 0.0852898 
45108 -0.174942 0.24347 
45109 -0.171337 0.401499 
45110 -0.0279548 -0.233139 
45111 -0.0241953 -0.075918 
45112 -0.020609 0.0813579 
45113 -0.0169652 0.238838 
45114 -0.0133392 0.396504 
45115 0.128919 -0.236003 
45116 0.132456 -0.0793062 
45117 0.136263 0.0774111 
45118 0.139987 0.234314 
45119 0.143697 0.391276 
45120 0.284438 -0.238718 
45121 0.288174 -0.082571 
45122 0.291949 0.0735839 
45123 0.295688 0.229878 
45124 0.299555 0.386203 
45125 -0.346126 -0.225889 
45126 -0.342236 -0.068238 
45127 -0.338271 0.0893793 
45128 -0.334277 0.247141 
45129 -0.330393 0.404999 
45130 -0.187968 -0.229014 
45131 -0.183731 -0.0720227 
45132 -0.179976 0.0849151 
45133 -0.175883 0.242063 
45134 -0.171713 0.399406 
45135 -0.0308538 -0.232162 
45136 -0.0267824 -0.0757067 
45137 -0.0226885 0.0805926 
45138 -0.018656 0.237134 
45139 -0.0146576 0.393616 
45140 0.124853 -0.235272 
45141 0.128851 -0.0795329 
45142 0.132946 0.0763349 
45143 0.137112 0.232028 
45144 0.141235 0.388065 
45145 0.279262 -0.238171 
45146 0.283547 -0.0831789 
45147 0.28759 0.0718043 
45148 0.291675 0.227166 
45149 0.295704 0.382474 
45150 -0.347475 -0.224246 
45151 -0.34329 -0.0675332 
45152 -0.338717 0.0892426 
45153 -0.33434 0.246253 
45154 -0.330007 0.403136 
45155 -0.189946 -0.227751 
45156 -0.185505 -0.0717844 
45157 -0.181098 0.0845229 
45158 -0.176763 0.240557 
45159 -0.17236 0.39695 
45160 -0.0337417 -0.231156 
45161 -0.0292779 -0.0757275 
45162 -0.024971 0.0796624 
45163 -0.0205334 0.235123 
45164 -0.0161201 0.390839 
45165 0.120914 -0.234477 
45166 0.125402 -0.0798909 
45167 0.129782 0.0749973 
45168 0.134152 0.229626 
45169 0.138663 0.384594 
45170 0.274326 -0.237862 
45171 0.278745 -0.083692 
45172 0.283123 0.0701674 
45173 0.287656 0.224372 
45174 0.292223 0.37864 
45175 -0.34889 -0.222911 
45176 -0.343942 -0.0669704 
45177 -0.339306 0.088907 
45178 -0.334548 0.24513 
45179 -0.329657 0.401124 
45180 -0.192002 -0.226657 
45181 -0.187269 -0.0714592 
45182 -0.182459 0.0837302 
45183 -0.177649 0.239049 
45184 -0.172927 0.394433 
45185 -0.0367918 -0.230204 
45186 -0.0319349 -0.0759197 
45187 -0.0272413 0.0784233 
45188 -0.0224524 0.23309 
45189 -0.0177044 0.387696 
45190 0.116925 -0.233811 
45191 0.121835 -0.0802009 
45192 0.126456 0.0735396 
45193 0.13139 0.22721 
45194 0.136248 0.381151 
45195 0.269354 -0.237596 
45196 0.274024 -0.0847031 
45197 0.278921 0.068362 
45198 0.283699 0.22139 
45199 0.288464 0.374562 
45200 -0.350154 -0.221637 
45201 -0.345042 -0.0664968 
45202 -0.33993 0.0886146 
45203 -0.334687 0.243873 
45204 -0.329372 0.399114 
45205 -0.194068 -0.225586 
45206 -0.188931 -0.0713045 
45207 -0.183774 0.083187 
45208 -0.178605 0.237446 
45209 -0.173407 0.391752 
45210 -0.0397287 -0.229605 
45211 -0.0345275 -0.0760922 
45212 -0.029399 0.077514 
45213 -0.024163 0.230965 
45214 -0.0192057 0.384504 
45215 0.113268 -0.233554 
45216 0.118384 -0.0807064 
45217 0.123468 0.0719336 
45218 0.128618 0.224744 
45219 0.133723 0.377444 
45220 0.264441 -0.237393 
45221 0.269461 -0.0855219 
45222 0.274571 0.0665265 
45223 0.279753 0.218402 
45224 0.284905 0.370344 
45225 -0.351373 -0.220504 
45226 -0.345947 -0.0661123 
45227 -0.340308 0.0882422 
45228 -0.334747 0.242498 
45229 -0.329139 0.396807 
45230 -0.196151 -0.224826 
45231 -0.190592 -0.0712614 
45232 -0.185064 0.0820837 
45233 -0.179506 0.235633 
45234 -0.174115 0.389099 
45235 -0.0426081 -0.228942 
45236 -0.0370597 -0.0763233 
45237 -0.0315336 0.0761058 
45238 -0.0259879 0.228787 
45239 -0.0204083 0.381228 
45240 0.109388 -0.232994 
45241 0.114881 -0.0814389 
45242 0.120354 0.0703668 
45243 0.125764 0.222006 
45244 0.131199 0.373764 
45245 0.25948 -0.237438 
45246 0.264986 -0.0864262 
45247 0.270287 0.0645393 
45248 0.275917 0.215351 
45249 0.281256 0.366182 
45250 -0.352744 -0.219516 
45251 -0.346882 -0.0659654 
45252 -0.340942 0.0875419 
45253 -0.334925 0.241053 
45254 -0.328892 0.394305 
45255 -0.198259 -0.224001 
45256 -0.192278 -0.071297 
45257 -0.186176 0.0811626 
45258 -0.180476 0.233667 
45259 -0.174537 0.386145 
45260 -0.0453628 -0.228693 
45261 -0.0394434 -0.0766549 
45262 -0.033641 0.0748625 
45263 -0.0277572 0.226445 
45264 -0.0221356 0.377977 
45265 0.105699 -0.233031 
45266 0.111276 -0.0822107 
45267 0.117163 0.0686144 
45268 0.122995 0.219363 
45269 0.128657 0.370009 
45270 0.254842 -0.237454 
45271 0.260556 -0.0874694 
45272 0.266243 0.062514 
45273 0.271832 0.212352 
45274 0.277562 0.361912 
45275 -0.354216 -0.218636 
45276 -0.34783 -0.0658365 
45277 -0.341429 0.0867864 
45278 -0.335057 0.239398 
45279 -0.328659 0.392017 
45280 -0.200215 -0.223549 
45281 -0.193804 -0.0716095 
45282 -0.187595 0.0800615 
45283 -0.181408 0.231837 
45284 -0.175128 0.383082 
45285 -0.0481755 -0.228375 
45286 -0.0420343 -0.0773559 
45287 -0.0358398 0.0734617 
45288 -0.0294949 0.223999 
45289 -0.0235365 0.374527 
45290 0.10201 -0.233051 
45291 0.107982 -0.082986 
45292 0.114026 0.0668714 
45293 0.120062 0.216507 
45294 0.126105 0.366132 
45295 0.250149 -0.237619 
45296 0.256142 -0.0885572 
45297 0.2621 0.060364 
45298 0.268163 0.209047 
45299 0.273998 0.357717 
45300 -0.355436 -0.218063 
45301 -0.3487 -0.065968 
45302 -0.341956 0.0859996 
45303 -0.335238 0.237655 
45304 -0.328432 0.389257 
45305 -0.201983 -0.223079 
45306 -0.19548 -0.0721247 
45307 -0.189011 0.0787701 
45308 -0.182464 0.229555 
45309 -0.175858 0.38013 
45310 -0.0507377 -0.22811 
45311 -0.0446313 -0.0778536 
45312 -0.0378976 0.0717828 
45313 -0.0315472 0.221586 
45314 -0.0249482 0.371057 
45315 0.0983825 -0.233041 
45316 0.104585 -0.0839628 
45317 0.110875 0.0649654 
45318 0.117272 0.213602 
45319 0.123695 0.362188 
45320 0.245528 -0.23785 
45321 0.251799 -0.0896911 
45322 0.257909 0.0582289 
45323 0.264226 0.20595 
45324 0.270471 0.353428 
45325 -0.356708 -0.217458 
45326 -0.349563 -0.0662238 
45327 -0.342679 0.0850589 
45328 -0.335424 0.235906 
45329 -0.328173 0.386525 
45330 -0.204229 -0.222807 
45331 -0.197177 -0.0723138 
45332 -0.190357 0.0775681 
45333 -0.183344 0.227497 
45334 -0.176326 0.377073 
45335 -0.0537356 -0.227964 
45336 -0.0468409 -0.0788355 
45337 -0.0400855 0.0701662 
45338 -0.0332986 0.218982 
45339 -0.0267135 0.367395 
45340 0.0946073 -0.23314 
45341 0.101172 -0.084873 
45342 0.107897 0.0630019 
45343 0.114409 0.210701 
45344 0.121195 0.358334 
45345 0.240938 -0.2382 
45346 0.247429 -0.0910455 
45347 0.253969 0.0559933 
45348 0.260402 0.202669 
45349 0.266703 0.349204 
45350 -0.35815 -0.21707 
45351 -0.350485 -0.066495 
45352 -0.343087 0.0839552 
45353 -0.335608 0.23394 
45354 -0.328188 0.383722 
45355 -0.206149 -0.222796 
45356 -0.198822 -0.0730554 
45357 -0.191665 0.0762856 
45358 -0.184471 0.225078 
45359 -0.177027 0.373764 
45360 -0.0564879 -0.227994 
45361 -0.0494426 -0.0794496 
45362 -0.0422698 0.0684255 
45363 -0.0352973 0.216403 
45364 -0.0281622 0.363986 
45365 0.0910876 -0.233392 
45366 0.0979668 -0.0860634 
45367 0.104792 0.0609923 
45368 0.11162 0.207706 
45369 0.118649 0.354367 
45370 0.236433 -0.238713 
45371 0.243084 -0.0924967 
45372 0.24991 0.053576 
45373 0.256443 0.199393 
45374 0.263114 0.344833 
