45025 -0.333224 -0.250073 
45026 -0.333322 -0.083205 
45027 -0.333286 0.0832982 
45028 -0.333247 0.250116 
45029 -0.333247 0.416688 
45030 -0.166659 -0.249877 
45031 -0.166693 -0.0832539 
45032 -0.166766 0.083297 
45033 -0.166714 0.249982 
45034 -0.166617 0.416642 
45035 6.67772e-06 -0.250045 
45036 2.57714e-05 -0.083347 
45037 -0.000118258 0.0834813 
45038 0.000158736 0.250088 
45039 8.67682e-05 0.416686 
45040 0.166706 -0.250061 
45041 0.166598 -0.0832843 
45042 0.166698 0.083395 
45043 0.166713 0.249946 
45044 0.166651 0.416776 
45045 0.333248 -0.250009 
45046 0.33351 -0.0832566 
45047 0.333315 0.0833014 
45048 0.333461 0.250109 
45049 0.333343 0.416644 
45050 -0.334599 -0.247742 
45051 -0.334211 -0.0819487 
45052 -0.333797 0.0837721 
45053 -0.333425 0.249384 
45054 -0.332994 0.415176 
45055 -0.168792 -0.24811 
45056 -0.168412 -0.0824243 
45057 -0.168061 0.0832483 
45058 -0.167661 0.248902 
45059 -0.167066 0.414716 
45060 -0.00329964 -0.248397 
45061 -0.00266633 -0.0828733 
45062 -0.00235522 0.0827208 
45063 -0.00191705 0.248528 
45064 -0.00144084 0.413969 
45065 0.162228 -0.248638 
45066 0.162755 -0.083228 
45067 0.163223 0.0822869 
45068 0.163604 0.247838 
45069 0.164049 0.413399 
45070 0.327768 -0.248967 
45071 0.328111 -0.0835473 
45072 0.328579 0.08191 
45073 0.32896 0.247252 
45074 0.329287 0.412663 
45075 -0.335961 -0.245587 
45076 -0.334952 -0.0807439 
45077 -0.334291 0.0841411 
45078 -0.3333 0.24872 
45079 -0.33229 0.413505 
45080 -0.170886 -0.246254 
45081 -0.170133 -0.081523 
45082 -0.169366 0.0830756 
45083 -0.168357 0.247633 
45084 -0.167738 0.412379 
45085 -0.00629489 -0.246975 
45086 -0.00547931 -0.0823825 
45087 -0.00456127 0.0820329 
45088 -0.00379574 0.246629 
45089 -0.00281282 0.411105 
45090 0.158007 -0.247533 
45091 0.158889 -0.0831736 
45092 0.159704 0.0810986 
45093 0.160759 0.245597 
45094 0.161477 0.409892 
45095 0.322041 -0.248163 
45096 0.323016 -0.0840044 
45097 0.324021 0.0803085 
45098 0.324703 0.244449 
45099 0.32551 0.408755 
45100 -0.337327 -0.2436 
45101 -0.335779 -0.0797916 
45102 -0.334635 0.0839957 
45103 -0.333419 0.248107 
45104 -0.332087 0.41183 
45105 -0.173247 -0.244564 
45106 -0.171825 -0.0809521 
45107 -0.170652 0.0827799 
45108 -0.1694 0.246304 
45109 -0.167917 0.409907 
45110 -0.00951467 -0.245602 
45111 -0.00810454 -0.0820837 
45112 -0.00686403 0.0813286 
45113 -0.00559073 0.244803 
45114 -0.00432336 0.408175 
45115 0.153715 -0.246542 
45116 0.155034 -0.0833857 
45117 0.156429 0.0798165 
45118 0.157417 0.24316 
45119 0.158843 0.406303 
45120 0.316568 -0.247466 
45121 0.31795 -0.0844609 
45122 0.319072 0.0785504 
45123 0.320461 0.241434 
45124 0.32169 0.404565 
45125 -0.338454 -0.24186 
45126 -0.336766 -0.0789174 
45127 -0.33503 0.0840541 
45128 -0.333388 0.246894 
45129 -0.331769 0.409832 
45130 -0.175293 -0.243027 
45131 -0.173623 -0.0804118 
45132 -0.171861 0.0824083 
45133 -0.170051 0.244839 
45134 -0.168515 0.407702 
45135 -0.0126543 -0.244407 
45136 -0.0109455 -0.0819928 
45137 -0.00916563 0.0804895 
45138 -0.00749538 0.242899 
45139 -0.00587184 0.40507 
45140 0.149477 -0.245643 
45141 0.151254 -0.0835155 
45142 0.152982 0.078647 
45143 0.154651 0.240621 
45144 0.156132 0.40273 
45145 0.311032 -0.247017 
45146 0.312789 -0.0850483 
45147 0.314459 0.0767966 
45148 0.316152 0.23857 
45149 0.317911 0.400426 
45150 -0.339827 -0.240208 
45151 -0.337659 -0.0780512 
45152 -0.335606 0.0839461 
45153 -0.333301 0.245936 
45154 -0.331189 0.407897 
45155 -0.177381 -0.241731 
45156 -0.175417 -0.0799377 
45157 -0.173175 0.0816882 
45158 -0.170935 0.243346 
45159 -0.168789 0.40488 
45160 -0.0156684 -0.243248 
45161 -0.0136119 -0.0820425 
45162 -0.0115468 0.0794495 
45163 -0.0093003 0.24073 
45164 -0.00717124 0.401942 
45165 0.14527 -0.244971 
45166 0.147454 -0.0839828 
45167 0.149697 0.077139 
45168 0.151779 0.238186 
45169 0.153852 0.399074 
45170 0.305788 -0.246547 
45171 0.307844 -0.085832 
45172 0.309832 0.0748537 
45173 0.311846 0.23546 
45174 0.313974 0.396162 
45175 -0.341118 -0.23871 
45176 -0.338644 -0.077499 
45177 -0.336049 0.0836528 
45178 -0.333326 0.244798 
45179 -0.33077 0.405684 
45180 -0.179601 -0.240586 
45181 -0.176913 -0.0798629 
45182 -0.174491 0.0810018 
45183 -0.171897 0.24173 
45184 -0.169337 0.402152 
45185 -0.0187808 -0.242542 
45186 -0.0161767 -0.0820582 
45187 -0.0137792 0.0781986 
45188 -0.0112247 0.238573 
45189 -0.00867838 0.398745 
45190 0.14117 -0.244394 
45191 0.143667 -0.0844368 
45192 0.146184 0.0757491 
45193 0.148702 0.235386 
45194 0.151121 0.395125 
45195 0.300541 -0.246435 
45196 0.302877 -0.0866578 
45197 0.305399 0.0728294 
45198 0.307796 0.232316 
45199 0.310196 0.39182 
45200 -0.342489 -0.237263 
45201 -0.339526 -0.0768986 
45202 -0.336442 0.0832868 
45203 -0.333494 0.243485 
45204 -0.330224 0.403519 
45205 -0.181612 -0.23962 
45206 -0.178681 -0.0796381 
45207 -0.175865 0.0801135 
45208 -0.172773 0.23978 
45209 -0.169831 0.3993 
45210 -0.0216127 -0.241728 
45211 -0.0188503 -0.0822354 
45212 -0.0158797 0.0771287 
45213 -0.0129644 0.236238 
45214 -0.0102432 0.395336 
45215 0.137346 -0.24398 
45216 0.139976 -0.0849436 
45217 0.142847 0.0738255 
45218 0.145774 0.232874 
45219 0.148569 0.39141 
45220 0.295215 -0.246042 
45221 0.298107 -0.0876598 
45222 0.300695 0.0708882 
45223 0.303664 0.229098 
45224 0.306347 0.387185 
45225 -0.343766 -0.23607 
45226 -0.340278 -0.0766086 
45227 -0.336984 0.0827288 
45228 -0.333417 0.241966 
45229 -0.33001 0.401014 
45230 -0.183652 -0.238584 
45231 -0.180395 -0.0796818 
45232 -0.17691 0.0792611 
45233 -0.173663 0.237825 
45234 -0.170339 0.396434 
45235 -0.0248993 -0.241098 
45236 -0.0214706 -0.0825943 
45237 -0.0181559 0.0755378 
45238 -0.0148615 0.233878 
45239 -0.0116528 0.391778 
45240 0.133217 -0.243734 
45241 0.136469 -0.0856839 
45242 0.139591 0.0721478 
45243 0.142777 0.22987 
45244 0.146018 0.387293 
45245 0.290032 -0.246134 
45246 0.293247 -0.0886028 
45247 0.296466 0.068614 
45248 0.299524 0.225811 
45249 0.302488 0.382828 
45250 -0.345132 -0.235056 
45251 -0.341282 -0.076446 
45252 -0.33745 0.0820713 
45253 -0.333649 0.240414 
45254 -0.329643 0.398509 
45255 -0.185876 -0.238065 
45256 -0.182057 -0.0798732 
45257 -0.178297 0.0780605 
45258 -0.174573 0.235911 
45259 -0.17082 0.393433 
45260 -0.027781 -0.240665 
45261 -0.023921 -0.0831959 
45262 -0.0203881 0.0742646 
45263 -0.0166454 0.231482 
45264 -0.0130191 0.388234 
45265 0.129381 -0.243473 
45266 0.132783 -0.0865431 
45267 0.136389 0.0703222 
45268 0.139834 0.226758 
45269 0.143405 0.383149 
45270 0.285083 -0.24615 
45271 0.28864 -0.0898046 
45272 0.291981 0.0664739 
45273 0.295435 0.22246 
45274 0.298752 0.378163 
45275 -0.346565 -0.234278 
45276 -0.342101 -0.076302 
45277 -0.337834 0.0811802 
45278 -0.333665 0.238661 
45279 -0.32919 0.396024 
45280 -0.187895 -0.237248 
45281 -0.183848 -0.080047 
45282 -0.179504 0.0770038 
45283 -0.175539 0.23367 
45284 -0.171326 0.390154 
45285 -0.0306102 -0.240332 
45286 -0.0265274 -0.083757 
45287 -0.0225957 0.0726544 
45288 -0.0187118 0.228775 
45289 -0.0144902 0.384625 
45290 0.125348 -0.243294 
45291 0.129213 -0.0873933 
45292 0.133105 0.0683808 
45293 0.137071 0.223986 
45294 0.140734 0.379092 
45295 0.280139 -0.246371 
45296 0.283979 -0.0909709 
45297 0.287616 0.0640671 
45298 0.291255 0.218917 
45299 0.294901 0.373633 
45300 -0.3478 -0.233586 
45301 -0.343026 -0.0763975 
45302 -0.338439 0.0804354 
45303 -0.333693 0.236919 
45304 -0.328897 0.392977 
45305 -0.189975 -0.236793 
45306 -0.185432 -0.0803624 
45307 -0.180887 0.0756747 
45308 -0.176222 0.231374 
45309 -0.171745 0.386896 
45310 -0.0335768 -0.240184 
45311 -0.0290581 -0.0843862 
45312 -0.0248372 0.0709715 
45313 -0.0205029 0.226085 
45314 -0.0160956 0.38096 
45315 0.121462 -0.243341 
45316 0.125816 -0.0882351 
45317 0.129847 0.0663429 
45318 0.134093 0.220801 
45319 0.138248 0.374897 
45320 0.275207 -0.246583 
45321 0.279301 -0.0923352 
45322 0.283375 0.0618411 
45323 0.287129 0.215644 
45324 0.291245 0.369006 
45325 -0.349101 -0.232854 
45326 -0.343884 -0.0765452 
45327 -0.33892 0.0793456 
45328 -0.333867 0.23496 
45329 -0.328741 0.390234 
45330 -0.191787 -0.23653 
45331 -0.18712 -0.0809507 
45332 -0.182254 0.0742758 
45333 -0.17727 0.229186 
45334 -0.172356 0.38361 
45335 -0.0362714 -0.240108 
45336 -0.0316383 -0.0851654 
45337 -0.0268375 0.0693016 
45338 -0.0222013 0.223406 
45339 -0.0175953 0.377074 
45340 0.117682 -0.243534 
45341 0.122226 -0.0894774 
45342 0.126725 0.0642763 
45343 0.131135 0.217658 
45344 0.135495 0.370606 
45345 0.27046 -0.247114 
45346 0.274591 -0.0936973 
45347 0.278981 0.0593058 
45348 0.283114 0.212071 
45349 0.287376 0.364166 
45350 -0.350441 -0.232536 
45351 -0.344954 -0.076819 
45352 -0.339463 0.0783328 
45353 -0.333919 0.232901 
45354 -0.328501 0.387214 
45355 -0.193992 -0.236329 
45356 -0.188691 -0.0814733 
45357 -0.183525 0.0727494 
45358 -0.178229 0.226727 
45359 -0.172977 0.380231 
45360 -0.039153 -0.240074 
45361 -0.034128 -0.0861383 
45362 -0.0291519 0.0675534 
45363 -0.0243358 0.220723 
45364 -0.0193251 0.373214 
45365 0.113972 -0.243856 
45366 0.118726 -0.0905899 
45367 0.123552 0.0621869 
45368 0.128324 0.214452 
45369 0.133065 0.366401 
45370 0.265667 -0.247432 
45371 0.270208 -0.0951643 
45372 0.274735 0.0568652 
45373 0.279347 0.208321 
45374 0.283696 0.359603 
45375 -0.351608 -0.232205 
45376 -0.345703 -0.0772832 
45377 -0.339748 0.0770512 
45378 -0.333864 0.230905 
45379 -0.328153 0.384099 
45380 -0.196049 -0.236194 
45381 -0.190321 -0.0822375 
45382 -0.184764 0.0713155 
45383 -0.179124 0.224115 
45384 -0.173557 0.376601 
45385 -0.0420136 -0.240195 
45386 -0.0366199 -0.0871011 
45387 -0.0311704 0.0654477 
45388 -0.0260846 0.217643 
45389 -0.0208811 0.369345 
45390 0.110404 -0.244312 
45391 0.115308 -0.0918831 
45392 0.120401 0.0600028 
45393 0.12533 0.211339 
45394 0.130438 0.36201 
45395 0.261083 -0.248061 
45396 0.265698 -0.0965784 
45397 0.270464 0.0545347 
45398 0.275367 0.204793 
45399 0.279826 0.354936 
45400 -0.352848 -0.231994 
45401 -0.346631 -0.0778311 
45402 -0.340308 0.0756966 
45403 -0.334216 0.22852 
45404 -0.327945 0.380888 
45405 -0.197884 -0.236288 
45406 -0.191917 -0.0831157 
45407 -0.186089 0.0695873 
45408 -0.180085 0.221565 
45409 -0.174271 0.373001 
45410 -0.0446033 -0.240551 
45411 -0.0391025 -0.0882343 
45412 -0.0333458 0.0635958 
45413 -0.0279072 0.214771 
45414 -0.0222483 0.365321 
45415 0.106716 -0.244657 
45416 0.11211 -0.0931393 
45417 0.11736 0.0576579 
45418 0.122373 0.207851 
45419 0.127876 0.357558 
45420 0.256417 -0.248722 
45421 0.26132 -0.0981386 
45422 0.266278 0.0518421 
45423 0.271145 0.201228 
45424 0.276136 0.350169 
45425 -0.354322 -0.231953 
45426 -0.347359 -0.0785943 
45427 -0.340879 0.0740414 
45428 -0.334403 0.226263 
45429 -0.327725 0.377518 
45430 -0.199699 -0.236369 
45431 -0.193694 -0.0838519 
45432 -0.187275 0.0677617 
45433 -0.181071 0.219011 
45434 -0.175011 0.369324 
45435 -0.0473489 -0.24089 
45436 -0.0414285 -0.0891888 
45437 -0.0356084 0.0615055 
45438 -0.0298478 0.211742 
45439 -0.0239821 0.361306 
45440 0.103409 -0.245059 
45441 0.10862 -0.0944585 
45442 0.114404 0.0552748 
45443 0.119626 0.204667 
45444 0.125025 0.35327 
45445 0.251946 -0.249381 
45446 0.257004 -0.0996967 
45447 0.262166 0.0493817 
45448 0.267203 0.197529 
45449 0.272278 0.345387 
45450 -0.355386 -0.232127 
45451 -0.348402 -0.0792698 
45452 -0.34124 0.0725908 
45453 -0.334595 0.223696 
45454 -0.327775 0.374171 
45455 -0.201656 -0.236513 
45456 -0.195031 -0.0848478 
45457 -0.188637 0.0660353 
45458 -0.182053 0.216225 
45459 -0.175803 0.365673 
45460 -0.0500035 -0.241175 
45461 -0.0438815 -0.0905841 
45462 -0.037766 0.0593875 
45463 -0.0317229 0.208544 
45464 -0.025721 0.357343 
45465 0.09969 -0.24558 
45466 0.105452 -0.0959884 
45467 0.111166 0.0530634 
45468 0.116871 0.201279 
45469 0.122409 0.348722 
45470 0.247444 -0.250207 
45471 0.252809 -0.101317 
45472 0.258025 0.0465557 
45473 0.263304 0.193891 
45474 0.268509 0.340608 
45475 -0.35663 -0.232198 
45476 -0.349274 -0.0800438 
45477 -0.341966 0.0710093 
45478 -0.334796 0.221234 
45479 -0.327549 0.37085 
45480 -0.203636 -0.236935 
45481 -0.196646 -0.086024 
45482 -0.189771 0.0639438 
45483 -0.183179 0.21331 
45484 -0.17638 0.361837 
45485 -0.0525393 -0.24167 
45486 -0.0461996 -0.0918317 
45487 -0.0398192 0.0572916 
45488 -0.0336572 0.205617 
45489 -0.0273639 0.352972 
45490 0.0962281 -0.246443 
45491 0.102119 -0.0974829 
45492 0.107941 0.0505528 
45493 0.113922 0.197792 
45494 0.11969 0.34434 
45495 0.243023 -0.250858 
45496 0.248552 -0.10304 
45497 0.253898 0.0440204 
45498 0.259378 0.190348 
45499 0.264729 0.335634 
45500 -0.357816 -0.232537 
45501 -0.350151 -0.0811451 
45502 -0.342585 0.0691265 
45503 -0.335111 0.218548 
45504 -0.327501 0.367128 
45505 -0.205453 -0.237365 
45506 -0.198268 -0.0873192 
45507 -0.19115 0.0620451 
45508 -0.184146 0.210515 
45509 -0.177248 0.357998 
45510 -0.0551094 -0.242242 
45511 -0.0485998 -0.0932302 
45512 -0.0420095 0.0550076 
45513 -0.0355744 0.20244 
45514 -0.0289755 0.34882 
45515 0.0928297 -0.24707 
45516 0.0989383 -0.098946 
45517 0.104995 0.048211 
45518 0.111138 0.194586 
45519 0.11707 0.339986 
45520 0.238713 -0.251723 
45521 0.244356 -0.104891 
45522 0.249862 0.0414008 
45523 0.255489 0.186601 
45524 0.261079 0.330998 
