45075 -0.333324 -0.25004 
45076 -0.333349 -0.0833072 
45077 -0.333353 0.0833504 
45078 -0.333317 0.249995 
45079 -0.333344 0.416743 
45080 -0.166577 -0.249997 
45081 -0.166598 -0.0832346 
45082 -0.166723 0.083259 
45083 -0.16662 0.249916 
45084 -0.166629 0.416716 
45085 -1.54318e-05 -0.25006 
45086 -3.0611e-06 -0.0834218 
45087 7.03551e-05 0.0832542 
45088 1.95954e-05 0.25005 
45089 7.23415e-05 0.416584 
45090 0.166581 -0.25007 
45091 0.166634 -0.0833259 
45092 0.166622 0.0834347 
45093 0.166589 0.250073 
45094 0.166686 0.416604 
45095 0.333191 -0.25 
45096 0.33344 -0.0833394 
45097 0.333345 0.083343 
45098 0.333377 0.249975 
45099 0.333329 0.41665 
45100 -0.334642 -0.248111 
45101 -0.334131 -0.0823996 
45102 -0.333674 0.0833804 
45103 -0.333335 0.249155 
45104 -0.332875 0.414846 
45105 -0.168814 -0.24827 
45106 -0.168462 -0.0826768 
45107 -0.168118 0.0830471 
45108 -0.167653 0.248739 
45109 -0.167085 0.414235 
45110 -0.00312248 -0.248678 
45111 -0.00279222 -0.0830164 
45112 -0.00220831 0.0824442 
45113 -0.0018997 0.247953 
45114 -0.00145737 0.413713 
45115 0.162424 -0.248922 
45116 0.162802 -0.0835265 
45117 0.163208 0.0821893 
45118 0.163556 0.24756 
45119 0.16409 0.412971 
45120 0.327874 -0.249406 
45121 0.327997 -0.0839284 
45122 0.328482 0.0816797 
45123 0.328934 0.246987 
45124 0.32955 0.412361 
45125 -0.336061 -0.246091 
45126 -0.334999 -0.081352 
45127 -0.334114 0.0834458 
45128 -0.33337 0.248203 
45129 -0.332492 0.412906 
45130 -0.170896 -0.246758 
45131 -0.170135 -0.0820941 
45132 -0.169248 0.0825592 
45133 -0.16832 0.247162 
45134 -0.167528 0.411703 
45135 -0.00635546 -0.247446 
45136 -0.00551482 -0.082902 
45137 -0.00482059 0.081661 
45138 -0.00387976 0.246048 
45139 -0.00289249 0.410514 
45140 0.158066 -0.248099 
45141 0.158884 -0.0837082 
45142 0.15981 0.0807269 
45143 0.160696 0.244966 
45144 0.161462 0.409295 
45145 0.322063 -0.248824 
45146 0.32303 -0.0845518 
45147 0.323795 0.0797452 
45148 0.324588 0.243953 
45149 0.325531 0.407928 
45150 -0.33737 -0.244544 
45151 -0.335968 -0.0805547 
45152 -0.33453 0.0833962 
45153 -0.333127 0.247086 
45154 -0.331885 0.410844 
45155 -0.173229 -0.245449 
45156 -0.17177 -0.0818253 
45157 -0.170482 0.0818826 
45158 -0.169187 0.245581 
45159 -0.167945 0.409033 
45160 -0.00951127 -0.24641 
45161 -0.00822785 -0.0828694 
45162 -0.0067747 0.080441 
45163 -0.00573966 0.243831 
45164 -0.0043332 0.407176 
45165 0.153766 -0.247394 
45166 0.155117 -0.0840822 
45167 0.156409 0.0790672 
45168 0.157536 0.242234 
45169 0.158792 0.405491 
45170 0.316672 -0.248462 
45171 0.317959 -0.0853139 
45172 0.319112 0.0777652 
45173 0.320434 0.240641 
45174 0.321625 0.403678 
45175 -0.338578 -0.243034 
45176 -0.336773 -0.0799441 
45177 -0.335038 0.0830079 
45178 -0.33333 0.245861 
45179 -0.331534 0.408544 
45180 -0.175341 -0.244223 
45181 -0.173589 -0.0815093 
45182 -0.171796 0.0812796 
45183 -0.170074 0.243742 
45184 -0.168381 0.406293 
45185 -0.0126011 -0.245507 
45186 -0.0108847 -0.0831261 
45187 -0.00902921 0.0793253 
45188 -0.00755153 0.241747 
45189 -0.00576171 0.403937 
45190 0.149535 -0.246851 
45191 0.151375 -0.0846925 
45192 0.152746 0.0774777 
45193 0.154523 0.239661 
45194 0.15627 0.401572 
45195 0.311424 -0.248066 
45196 0.31284 -0.0861336 
45197 0.314481 0.0756517 
45198 0.316055 0.237524 
45199 0.317615 0.399127 
45200 -0.339882 -0.241576 
45201 -0.337672 -0.0794779 
45202 -0.335426 0.0826813 
45203 -0.333156 0.244523 
45204 -0.331002 0.406236 
45205 -0.177457 -0.243245 
45206 -0.175289 -0.0813356 
45207 -0.173116 0.0803412 
45208 -0.171071 0.241884 
45209 -0.16875 0.403377 
45210 -0.0155959 -0.244973 
45211 -0.0134866 -0.0832954 
45212 -0.0113753 0.0779139 
45213 -0.00940664 0.239276 
45214 -0.00730381 0.400455 
45215 0.145482 -0.246296 
45216 0.147454 -0.0852164 
45217 0.14956 0.0757201 
45218 0.151585 0.236707 
45219 0.153622 0.39745 
45220 0.305833 -0.247946 
45221 0.307989 -0.087043 
45222 0.310002 0.0734876 
45223 0.311838 0.234201 
45224 0.313832 0.394438 
45225 -0.341158 -0.240406 
45226 -0.338513 -0.079142 
45227 -0.335859 0.0820174 
45228 -0.333308 0.243075 
45229 -0.330571 0.403873 
45230 -0.179474 -0.242126 
45231 -0.176959 -0.0812665 
45232 -0.174414 0.0794392 
45233 -0.171778 0.239999 
45234 -0.169153 0.400458 
45235 -0.0186557 -0.244208 
45236 -0.0161442 -0.0835598 
45237 -0.0136855 0.0765869 
45238 -0.0112535 0.237023 
45239 -0.00876076 0.396963 
45240 0.141405 -0.245988 
45241 0.143878 -0.0859653 
45242 0.146352 0.0740627 
45243 0.148527 0.233739 
45244 0.151069 0.393384 
45245 0.300763 -0.247871 
45246 0.303028 -0.0882306 
45247 0.305437 0.0713533 
45248 0.307761 0.230764 
45249 0.309895 0.390036 
45250 -0.342496 -0.239334 
45251 -0.339382 -0.0789052 
45252 -0.336492 0.081236 
45253 -0.333338 0.241397 
45254 -0.33028 0.401265 
45255 -0.181648 -0.241428 
45256 -0.17862 -0.0815403 
45257 -0.175679 0.0782298 
45258 -0.172731 0.237775 
45259 -0.169654 0.397217 
45260 -0.0216811 -0.243675 
45261 -0.0186917 -0.0843409 
45262 -0.01592 0.0751065 
45263 -0.0129728 0.234234 
45264 -0.0100978 0.393199 
45265 0.137546 -0.245859 
45266 0.14023 -0.0868025 
45267 0.142979 0.0720589 
45268 0.145733 0.230816 
45269 0.148378 0.389154 
45270 0.295621 -0.247905 
45271 0.298396 -0.089347 
45272 0.300913 0.0689624 
45273 0.303457 0.227316 
45274 0.306205 0.385295 
45275 -0.343781 -0.238529 
45276 -0.340351 -0.0790018 
45277 -0.336693 0.0804839 
45278 -0.333272 0.239774 
45279 -0.329782 0.398587 
45280 -0.18371 -0.240925 
45281 -0.180469 -0.0817265 
45282 -0.176811 0.0771735 
45283 -0.173578 0.235654 
45284 -0.170293 0.394083 
45285 -0.0245722 -0.243289 
45286 -0.0212642 -0.0847795 
45287 -0.0180867 0.073589 
45288 -0.0148729 0.231571 
45289 -0.0116642 0.389525 
45290 0.133439 -0.245735 
45291 0.136578 -0.0876495 
45292 0.13974 0.0700405 
45293 0.142785 0.227663 
45294 0.145817 0.384976 
45295 0.290568 -0.248174 
45296 0.293461 -0.090555 
45297 0.296448 0.0667771 
45298 0.299374 0.223636 
45299 0.302209 0.380684 
45300 -0.345107 -0.237765 
45301 -0.34126 -0.0788912 
45302 -0.33723 0.0796417 
45303 -0.333319 0.237877 
45304 -0.329494 0.395607 
45305 -0.185716 -0.2405 
45306 -0.181982 -0.0821502 
45307 -0.178216 0.0756312 
45308 -0.174424 0.233409 
45309 -0.170851 0.390671 
45310 -0.0275239 -0.243238 
45311 -0.0239097 -0.0854556 
45312 -0.0203121 0.0719529 
45313 -0.0168265 0.22877 
45314 -0.0132847 0.385665 
45315 0.129522 -0.245827 
45316 0.13302 -0.0886442 
45317 0.136379 0.0680118 
45318 0.139957 0.224528 
45319 0.143387 0.380794 
45320 0.285635 -0.248318 
45321 0.288794 -0.0918682 
45322 0.291933 0.0644865 
45323 0.295171 0.220144 
45324 0.298424 0.37581 
45325 -0.346442 -0.237063 
45326 -0.342082 -0.079024 
45327 -0.337764 0.0785951 
45328 -0.333272 0.235878 
45329 -0.329053 0.392761 
45330 -0.187602 -0.240174 
45331 -0.183593 -0.0826925 
45332 -0.179427 0.07437 
45333 -0.175363 0.230965 
45334 -0.171253 0.387247 
45335 -0.0302933 -0.243089 
45336 -0.0264171 -0.0861789 
45337 -0.0224681 0.070259 
45338 -0.0186485 0.226168 
45339 -0.0147625 0.381771 
45340 0.125636 -0.245858 
45341 0.129474 -0.0898983 
45342 0.133142 0.06602 
45343 0.13685 0.221327 
45344 0.140632 0.376354 
45345 0.280566 -0.248767 
45346 0.284022 -0.0933257 
45347 0.287576 0.0617581 
45348 0.290995 0.216518 
45349 0.294587 0.37095 
45350 -0.347685 -0.236677 
45351 -0.343026 -0.0794208 
45352 -0.338224 0.0775237 
45353 -0.333489 0.233742 
45354 -0.328838 0.389688 
45355 -0.189722 -0.239862 
45356 -0.185299 -0.0833596 
45357 -0.180695 0.0727459 
45358 -0.176158 0.228417 
45359 -0.171765 0.38367 
45360 -0.0331917 -0.242989 
45361 -0.028966 -0.0871192 
45362 -0.0247282 0.0682435 
45363 -0.0205036 0.223285 
45364 -0.016295 0.377827 
45365 0.121992 -0.246271 
45366 0.12594 -0.0910434 
45367 0.130008 0.0636582 
45368 0.133875 0.217978 
45369 0.138025 0.371891 
45370 0.275756 -0.249319 
45371 0.279565 -0.0947373 
45372 0.283258 0.059189 
45373 0.28712 0.212866 
45374 0.290804 0.366157 
45375 -0.349014 -0.236397 
45376 -0.343928 -0.0798092 
45377 -0.338698 0.0760449 
45378 -0.333518 0.231635 
45379 -0.328497 0.386627 
45380 -0.191712 -0.239835 
45381 -0.18695 -0.0840507 
45382 -0.181931 0.0712213 
45383 -0.177285 0.226005 
45384 -0.172417 0.380219 
45385 -0.0360574 -0.243185 
45386 -0.0313689 -0.0882581 
45387 -0.0268402 0.0663921 
45388 -0.0223694 0.220202 
45389 -0.0178497 0.373849 
45390 0.118218 -0.246366 
45391 0.122543 -0.0922927 
45392 0.126709 0.0615761 
45393 0.131089 0.214811 
45394 0.135357 0.367583 
45395 0.270999 -0.249762 
45396 0.274964 -0.0964465 
45397 0.279008 0.0567097 
45398 0.282903 0.209302 
45399 0.286892 0.361173 
45400 -0.350258 -0.236085 
45401 -0.344708 -0.0805459 
45402 -0.339188 0.0745418 
45403 -0.333702 0.229289 
45404 -0.32814 0.38322 
45405 -0.193745 -0.239748 
45406 -0.188517 -0.0847588 
45407 -0.183314 0.0695543 
45408 -0.178168 0.223321 
45409 -0.173089 0.376378 
45410 -0.0387351 -0.243507 
45411 -0.0339431 -0.0892771 
45412 -0.0291156 0.06426 
45413 -0.024138 0.217185 
45414 -0.0193711 0.36971 
45415 0.114581 -0.247012 
45416 0.119122 -0.0935215 
45417 0.123697 0.0591592 
45418 0.128189 0.21138 
45419 0.132618 0.363036 
45420 0.266399 -0.250467 
45421 0.270453 -0.0979174 
45422 0.274753 0.0541414 
45423 0.279016 0.205652 
45424 0.283143 0.356443 
45425 -0.351422 -0.236095 
45426 -0.345658 -0.0811439 
45427 -0.339648 0.0733687 
45428 -0.33384 0.226986 
45429 -0.328099 0.379859 
45430 -0.195533 -0.239963 
45431 -0.189977 -0.0856974 
45432 -0.184662 0.0676474 
45433 -0.179089 0.220554 
45434 -0.173798 0.372633 
45435 -0.0413616 -0.243643 
45436 -0.03642 -0.0904305 
45437 -0.0313125 0.0622186 
45438 -0.0259873 0.214191 
45439 -0.0210185 0.365578 
45440 0.11086 -0.247464 
45441 0.115666 -0.095016 
45442 0.12041 0.0567911 
45443 0.125132 0.20792 
45444 0.129913 0.358666 
45445 0.261785 -0.251361 
45446 0.26614 -0.0994975 
45447 0.270479 0.0515019 
45448 0.274961 0.201917 
45449 0.279331 0.351484 
45450 -0.352703 -0.236121 
45451 -0.346505 -0.081826 
45452 -0.340331 0.0716137 
45453 -0.33412 0.224519 
45454 -0.327955 0.376427 
45455 -0.197455 -0.240112 
45456 -0.191629 -0.0866918 
45457 -0.18595 0.0659119 
45458 -0.180076 0.217796 
45459 -0.174404 0.368835 
45460 -0.0441538 -0.244244 
45461 -0.0387332 -0.091669 
45462 -0.0332379 0.0601907 
45463 -0.0280421 0.211073 
45464 -0.0228109 0.361343 
45465 0.107439 -0.248098 
45466 0.112358 -0.0964317 
45467 0.117355 0.0544212 
45468 0.122328 0.204558 
45469 0.127081 0.353962 
45470 0.257299 -0.251979 
45471 0.261808 -0.101124 
45472 0.266298 0.0487588 
45473 0.270934 0.198105 
45474 0.275425 0.346679 
45475 -0.353971 -0.236323 
45476 -0.347341 -0.082792 
45477 -0.340802 0.0700196 
45478 -0.334292 0.221844 
45479 -0.327638 0.372912 
45480 -0.199343 -0.240492 
45481 -0.193279 -0.0878856 
45482 -0.187167 0.0639241 
45483 -0.181284 0.214853 
45484 -0.175154 0.365106 
45485 -0.0467893 -0.244629 
45486 -0.0411367 -0.0929293 
45487 -0.035495 0.0578481 
45488 -0.0298802 0.20791 
45489 -0.0244874 0.357242 
45490 0.104103 -0.2487 
45491 0.109052 -0.0980948 
45492 0.114198 0.0519221 
45493 0.1195 0.201172 
45494 0.124684 0.349477 
45495 0.252745 -0.252761 
45496 0.257446 -0.102886 
45497 0.262236 0.0460877 
45498 0.266753 0.194349 
45499 0.271817 0.341794 
45500 -0.355146 -0.236664 
45501 -0.348255 -0.0838044 
45502 -0.341322 0.0682772 
45503 -0.334577 0.219308 
45504 -0.327702 0.36929 
45505 -0.201327 -0.240935 
45506 -0.194912 -0.0890165 
45507 -0.1885 0.0617829 
45508 -0.182213 0.211894 
45509 -0.176008 0.361033 
45510 -0.0493497 -0.245263 
45511 -0.0434818 -0.0943713 
45512 -0.0377225 0.0556748 
45513 -0.0317954 0.204664 
45514 -0.0260171 0.352996 
45515 0.100362 -0.249467 
45516 0.105848 -0.0995619 
45517 0.111204 0.0495918 
45518 0.11643 0.197576 
45519 0.121901 0.344862 
45520 0.248324 -0.253565 
45521 0.253242 -0.10465 
45522 0.258175 0.0434035 
45523 0.262898 0.190487 
45524 0.267726 0.336926 
45525 -0.356257 -0.237011 
45526 -0.349126 -0.0846894 
45527 -0.341846 0.0663892 
45528 -0.334763 0.216641 
45529 -0.327745 0.36564 
45530 -0.20301 -0.241492 
45531 -0.196288 -0.0903545 
45532 -0.189842 0.0598541 
45533 -0.183249 0.209039 
45534 -0.176625 0.357081 
45535 -0.0519726 -0.245834 
45536 -0.04574 -0.0957233 
45537 -0.0398715 0.0533442 
45538 -0.0339314 0.201554 
45539 -0.0278579 0.348473 
45540 0.0969876 -0.250249 
45541 0.102505 -0.101197 
45542 0.108083 0.0468892 
45543 0.113483 0.194015 
45544 0.119007 0.340455 
45545 0.243932 -0.254603 
45546 0.249063 -0.106467 
45547 0.25408 0.0407123 
45548 0.25906 0.186983 
45549 0.264031 0.332089 
45550 -0.357515 -0.237516 
45551 -0.349837 -0.0859292 
45552 -0.342374 0.0643215 
45553 -0.335012 0.213676 
45554 -0.327604 0.361925 
45555 -0.204871 -0.242055 
45556 -0.197884 -0.0917527 
45557 -0.191132 0.0576991 
45558 -0.184318 0.205838 
45559 -0.177536 0.352995 
45560 -0.0545195 -0.246664 
45561 -0.0483593 -0.0972722 
45562 -0.0418203 0.0509668 
45563 -0.0357278 0.198207 
45564 -0.0295654 0.344344 
45565 0.0936736 -0.251104 
45566 0.0994945 -0.102784 
45567 0.105031 0.0443902 
45568 0.110753 0.190629 
45569 0.116334 0.335668 
45570 0.239819 -0.255447 
45571 0.244923 -0.108239 
45572 0.249938 0.0378732 
45573 0.255138 0.183097 
45574 0.260222 0.327211 
