45300 -0.333284 -0.250015 
45301 -0.333277 -0.0834464 
45302 -0.33332 0.0833929 
45303 -0.333456 0.250071 
45304 -0.333237 0.416596 
45305 -0.166571 -0.249904 
45306 -0.166625 -0.0832742 
45307 -0.166769 0.0832895 
45308 -0.166738 0.249995 
45309 -0.166633 0.416613 
45310 -4.4216e-05 -0.25008 
45311 8.85184e-05 -0.0833545 
45312 1.06296e-05 0.0833115 
45313 3.14605e-05 0.249984 
45314 -8.35231e-05 0.416721 
45315 0.166635 -0.249895 
45316 0.166611 -0.0834216 
45317 0.166726 0.083298 
45318 0.166722 0.249947 
45319 0.16664 0.416706 
45320 0.333217 -0.250041 
45321 0.33333 -0.083279 
45322 0.333352 0.0832584 
45323 0.333349 0.249913 
45324 0.333357 0.416726 
45325 -0.334591 -0.249247 
45326 -0.33414 -0.0835606 
45327 -0.333801 0.0822713 
45328 -0.333192 0.247936 
45329 -0.332841 0.41341 
45330 -0.168804 -0.249649 
45331 -0.168268 -0.0839844 
45332 -0.167895 0.0817548 
45333 -0.167505 0.247326 
45334 -0.167008 0.412842 
45335 -0.00299142 -0.249906 
45336 -0.00273112 -0.0842329 
45337 -0.0022986 0.0812999 
45338 -0.00191326 0.246828 
45339 -0.00146101 0.412249 
45340 0.162619 -0.250172 
45341 0.162941 -0.084644 
45342 0.163005 0.0810396 
45343 0.163677 0.246281 
45344 0.164014 0.411704 
45345 0.327933 -0.250382 
45346 0.328271 -0.0848913 
45347 0.328551 0.0806204 
45348 0.328811 0.245918 
45349 0.329097 0.411224 
45350 -0.335855 -0.248751 
45351 -0.334939 -0.0838394 
45352 -0.334102 0.0810119 
45353 -0.333091 0.245493 
45354 -0.332205 0.409987 
45355 -0.170756 -0.249331 
45356 -0.16992 -0.0845148 
45357 -0.169133 0.0800789 
45358 -0.168395 0.244607 
45359 -0.167382 0.408906 
45360 -0.00601617 -0.249774 
45361 -0.0052735 -0.0852221 
45362 -0.00452956 0.0792741 
45363 -0.00390787 0.243708 
45364 -0.00307386 0.407814 
45365 0.158545 -0.25031 
45366 0.159228 -0.0859027 
45367 0.159681 0.0785069 
45368 0.160478 0.24264 
45369 0.161086 0.406744 
45370 0.322704 -0.250937 
45371 0.323185 -0.0865394 
45372 0.323884 0.0777655 
45373 0.324467 0.241808 
45374 0.325113 0.405776 
45375 -0.336977 -0.24833 
45376 -0.335753 -0.0843899 
45377 -0.334414 0.0794995 
45378 -0.333119 0.243018 
45379 -0.331782 0.406597 
45380 -0.172729 -0.24926 
45381 -0.171565 -0.0851757 
45382 -0.17038 0.0783478 
45383 -0.169351 0.241727 
45384 -0.167943 0.404892 
45385 -0.00888614 -0.24993 
45386 -0.00783841 -0.0863719 
45387 -0.00683716 0.077227 
45388 -0.00570269 0.240339 
45389 -0.00456257 0.403299 
45390 0.154501 -0.25068 
45391 0.155373 -0.08731 
45392 0.15639 0.0759829 
45393 0.157221 0.238904 
45394 0.158329 0.401784 
45395 0.317447 -0.251491 
45396 0.318292 -0.0882845 
45397 0.319141 0.0748898 
45398 0.320105 0.237725 
45399 0.320983 0.400231 
45400 -0.338234 -0.248191 
45401 -0.336532 -0.0849446 
45402 -0.334902 0.0779383 
45403 -0.333025 0.240641 
45404 -0.331347 0.403037 
45405 -0.174707 -0.249306 
45406 -0.17317 -0.086255 
45407 -0.171705 0.0765553 
45408 -0.169939 0.238766 
45409 -0.168442 0.400772 
45410 -0.0117977 -0.250188 
45411 -0.0102375 -0.0875343 
45412 -0.00895936 0.0749536 
45413 -0.00766886 0.236833 
45414 -0.00629375 0.398862 
45415 0.150522 -0.251151 
45416 0.151809 -0.0887948 
45417 0.153027 0.0733451 
45418 0.154279 0.235141 
45419 0.155511 0.396671 
45420 0.312362 -0.252314 
45421 0.313496 -0.0899314 
45422 0.314664 0.0718498 
45423 0.315586 0.233456 
45424 0.316812 0.394658 
45425 -0.339423 -0.248073 
45426 -0.337328 -0.0856368 
45427 -0.335175 0.0763164 
45428 -0.333009 0.238184 
45429 -0.330871 0.399373 
45430 -0.176689 -0.249317 
45431 -0.174743 -0.0871485 
45432 -0.172789 0.0744661 
45433 -0.170925 0.23581 
45434 -0.169172 0.39686 
45435 -0.0146616 -0.250512 
45436 -0.0130387 -0.0886216 
45437 -0.0113146 0.0726065 
45438 -0.00947195 0.233668 
45439 -0.0076999 0.394341 
45440 0.146653 -0.251826 
45441 0.148132 -0.0902094 
45442 0.14965 0.0707814 
45443 0.151318 0.231348 
45444 0.15266 0.391684 
45445 0.307342 -0.252783 
45446 0.308667 -0.0917635 
45447 0.30992 0.0689919 
45448 0.311306 0.229211 
45449 0.312556 0.389147 
45450 -0.340605 -0.248059 
45451 -0.338 -0.086414 
45452 -0.335484 0.0748256 
45453 -0.332981 0.235244 
45454 -0.330466 0.39561 
45455 -0.178617 -0.249507 
45456 -0.176372 -0.0883511 
45457 -0.174235 0.0725498 
45458 -0.171736 0.232766 
45459 -0.169434 0.392521 
45460 -0.0175645 -0.25093 
45461 -0.0154405 -0.0900796 
45462 -0.0134117 0.0703708 
45463 -0.0114435 0.23007 
45464 -0.00947851 0.389455 
45465 0.142861 -0.252334 
45466 0.144601 -0.0919083 
45467 0.146436 0.0679792 
45468 0.148295 0.227662 
45469 0.149903 0.386634 
45470 0.302547 -0.253697 
45471 0.303994 -0.0937107 
45472 0.305476 0.0660069 
45473 0.306991 0.225102 
45474 0.308638 0.383637 
45475 -0.341771 -0.248176 
45476 -0.338909 -0.0872916 
45477 -0.335846 0.072919 
45478 -0.332959 0.232583 
45479 -0.330141 0.391773 
45480 -0.180654 -0.249902 
45481 -0.177867 -0.0893751 
45482 -0.175335 0.0703417 
45483 -0.17283 0.229751 
45484 -0.170179 0.388406 
45485 -0.0204112 -0.251468 
45486 -0.017947 -0.0914624 
45487 -0.0157917 0.0679329 
45488 -0.0132287 0.226845 
45489 -0.0110953 0.384776 
45490 0.139089 -0.252997 
45491 0.141109 -0.0935896 
45492 0.143222 0.0653492 
45493 0.14513 0.223749 
45494 0.147147 0.381459 
45495 0.297626 -0.254596 
45496 0.29928 -0.0955566 
45497 0.301085 0.0629921 
45498 0.302706 0.22097 
45499 0.304498 0.378206 
45500 -0.342917 -0.248474 
45501 -0.339559 -0.0883181 
45502 -0.336337 0.0710696 
45503 -0.333118 0.229984 
45504 -0.329848 0.387784 
45505 -0.182458 -0.250275 
45506 -0.179573 -0.0905916 
45507 -0.176755 0.0682703 
45508 -0.17365 0.226409 
45509 -0.17082 0.383945 
45510 -0.022998 -0.251975 
45511 -0.0204138 -0.0930753 
45512 -0.0178787 0.0653338 
45513 -0.0153135 0.223118 
45514 -0.0127052 0.38019 
45515 0.135384 -0.253746 
45516 0.137741 -0.0949896 
45517 0.139873 0.0625929 
45518 0.141962 0.21993 
45519 0.144299 0.376395 
45520 0.292797 -0.255517 
45521 0.294736 -0.0974998 
45522 0.296634 0.0600146 
45523 0.298533 0.216565 
45524 0.300252 0.372647 
45525 -0.344153 -0.248924 
45526 -0.340446 -0.0895491 
45527 -0.336684 0.0689688 
45528 -0.33324 0.226804 
45529 -0.32971 0.383868 
45530 -0.184294 -0.250763 
45531 -0.180967 -0.0921098 
45532 -0.177818 0.0660153 
45533 -0.17468 0.223176 
45534 -0.171441 0.379592 
45535 -0.0257189 -0.252677 
45536 -0.0229216 -0.0944763 
45537 -0.0201763 0.0628657 
45538 -0.0172817 0.219475 
45539 -0.0145174 0.375517 
45540 0.131812 -0.254668 
45541 0.134257 -0.0970288 
45542 0.136626 0.0599556 
45543 0.139042 0.216004 
45544 0.141297 0.371261 
45545 0.288147 -0.256635 
45546 0.290114 -0.0994572 
45547 0.292222 0.0568671 
45548 0.294093 0.212387 
45549 0.296221 0.367178 
45550 -0.345092 -0.249352 
45551 -0.341129 -0.0908402 
45552 -0.337185 0.0669105 
45553 -0.333352 0.223739 
45554 -0.329341 0.379679 
45555 -0.186105 -0.251303 
45556 -0.182538 -0.0934601 
45557 -0.179039 0.0635098 
45558 -0.175651 0.219874 
45559 -0.172244 0.375125 
45560 -0.0283027 -0.253413 
45561 -0.0251118 -0.0961557 
45562 -0.0221658 0.060467 
45563 -0.0191447 0.216011 
45564 -0.0162016 0.370671 
45565 0.128164 -0.255536 
45566 0.130819 -0.0987387 
45567 0.13347 0.0571208 
45568 0.136002 0.212072 
45569 0.138591 0.366203 
45570 0.283489 -0.257486 
45571 0.285905 -0.101424 
45572 0.287826 0.0537564 
45573 0.289976 0.208281 
45574 0.292195 0.361828 
45575 -0.346106 -0.249972 
45576 -0.341944 -0.0921158 
45577 -0.337706 0.0648534 
45578 -0.333457 0.220626 
45579 -0.329241 0.375606 
45580 -0.187749 -0.252132 
45581 -0.184082 -0.0948903 
45582 -0.180284 0.0612846 
45583 -0.176616 0.216339 
45584 -0.172869 0.370744 
45585 -0.030816 -0.254156 
45586 -0.027581 -0.0978047 
45587 -0.0243593 0.0576408 
45588 -0.0211785 0.212234 
45589 -0.0179472 0.365888 
45590 0.124909 -0.256374 
45591 0.127511 -0.100604 
45592 0.130153 0.0543147 
45593 0.132947 0.20827 
45594 0.135645 0.361157 
45595 0.279113 -0.258572 
45596 0.28129 -0.103252 
45597 0.283494 0.0508028 
45598 0.285855 0.20419 
45599 0.288085 0.35652 
45600 -0.34723 -0.250593 
45601 -0.342743 -0.093565 
45602 -0.338136 0.0625539 
45603 -0.333649 0.217454 
45604 -0.329105 0.371294 
45605 -0.189554 -0.252923 
45606 -0.185509 -0.0964592 
45607 -0.181592 0.0588185 
45608 -0.177718 0.213089 
45609 -0.173859 0.366107 
45610 -0.0334273 -0.255199 
45611 -0.0300114 -0.0995987 
45612 -0.0265469 0.0551347 
45613 -0.023017 0.208669 
45614 -0.0196959 0.361152 
45615 0.121295 -0.257369 
45616 0.124295 -0.102368 
45617 0.126991 0.0515142 
45618 0.129876 0.204319 
45619 0.132833 0.356016 
45620 0.274701 -0.259644 
45621 0.276977 -0.105316 
45622 0.279343 0.0480138 
45623 0.281647 0.199857 
45624 0.284013 0.351128 
45625 -0.34828 -0.251364 
45626 -0.343494 -0.0950318 
45627 -0.338578 0.0601415 
45628 -0.333852 0.214213 
45629 -0.328998 0.367205 
45630 -0.191282 -0.253807 
45631 -0.186994 -0.0980962 
45632 -0.182892 0.0563736 
45633 -0.178671 0.209455 
45634 -0.174525 0.36166 
45635 -0.0358007 -0.256007 
45636 -0.0323482 -0.101246 
45637 -0.0287422 0.0525362 
45638 -0.0249543 0.205007 
45639 -0.021626 0.356336 
45640 0.118212 -0.258302 
45641 0.121029 -0.104225 
45642 0.123943 0.0486491 
45643 0.126802 0.200366 
45644 0.12975 0.351036 
45645 0.270252 -0.260682 
45646 0.272709 -0.107444 
45647 0.275118 0.0448237 
45648 0.277391 0.196035 
45649 0.279755 0.345863 
45650 -0.349318 -0.252454 
45651 -0.344278 -0.0966044 
45652 -0.339202 0.0578297 
45653 -0.334004 0.211152 
45654 -0.329187 0.362849 
45655 -0.192917 -0.254802 
45656 -0.188414 -0.0998608 
45657 -0.184185 0.0537369 
45658 -0.179766 0.206095 
45659 -0.175529 0.357218 
45660 -0.0383616 -0.257075 
45661 -0.0345263 -0.102927 
45662 -0.0307791 0.0498746 
45663 -0.0271055 0.201265 
45664 -0.0233606 0.351538 
45665 0.11478 -0.25931 
45666 0.117766 -0.106084 
45667 0.12078 0.0457639 
45668 0.123856 0.196564 
45669 0.126954 0.346052 
45670 0.266014 -0.261744 
45671 0.268596 -0.109276 
45672 0.270939 0.0418297 
45673 0.273306 0.191833 
45674 0.275653 0.340624 
45675 -0.350259 -0.253283 
45676 -0.344904 -0.0981821 
45677 -0.339569 0.0554099 
45678 -0.334406 0.207582 
45679 -0.329342 0.358487 
45680 -0.194439 -0.255644 
45681 -0.189738 -0.101558 
45682 -0.185288 0.0512855 
45683 -0.180882 0.202589 
45684 -0.17655 0.352651 
45685 -0.0406014 -0.258021 
45686 -0.036878 -0.104976 
45687 -0.032925 0.0472095 
45688 -0.0292234 0.19759 
45689 -0.0253791 0.346716 
45690 0.111502 -0.260492 
45691 0.114539 -0.108063 
45692 0.117724 0.0428817 
45693 0.120859 0.192854 
45694 0.123938 0.341051 
45695 0.261807 -0.262722 
45696 0.264325 -0.111305 
45697 0.266882 0.038836 
45698 0.269122 0.187838 
45699 0.271544 0.335285 
45700 -0.351232 -0.254294 
45701 -0.345832 -0.0999147 
45702 -0.340087 0.0528661 
45703 -0.334658 0.204191 
45704 -0.329289 0.354148 
45705 -0.196042 -0.256796 
45706 -0.191418 -0.10328 
45707 -0.186762 0.0486305 
45708 -0.182042 0.199163 
45709 -0.177303 0.348079 
45710 -0.0429772 -0.259182 
45711 -0.0391226 -0.106663 
45712 -0.0351686 0.0443657 
45713 -0.0310639 0.193935 
45714 -0.0273688 0.342045 
45715 0.108221 -0.261488 
45716 0.111527 -0.110074 
45717 0.114702 0.0403403 
45718 0.117845 0.188931 
45719 0.120951 0.336107 
45720 0.257589 -0.2638 
45721 0.260125 -0.113376 
45722 0.262636 0.0359912 
45723 0.265118 0.18393 
45724 0.267543 0.330329 
45725 -0.35213 -0.255484 
45726 -0.346453 -0.101641 
45727 -0.340723 0.050398 
45728 -0.335083 0.200848 
45729 -0.329583 0.349744 
45730 -0.197764 -0.257918 
45731 -0.192812 -0.105128 
45732 -0.188093 0.0460075 
45733 -0.183208 0.195597 
45734 -0.17844 0.343519 
45735 -0.0453445 -0.260205 
45736 -0.0413419 -0.108534 
45737 -0.0371591 0.0417894 
45738 -0.0332659 0.190343 
45739 -0.0293189 0.337397 
45740 0.105223 -0.262754 
45741 0.108333 -0.111869 
45742 0.111665 0.0374236 
45743 0.114817 0.185076 
45744 0.117987 0.331254 
45745 0.253597 -0.265108 
45746 0.256164 -0.115058 
45747 0.258684 0.0331315 
45748 0.261017 0.179929 
45749 0.263503 0.325361 
45750 -0.353079 -0.256649 
45751 -0.347092 -0.103496 
45752 -0.341361 0.0477891 
45753 -0.335456 0.197454 
45754 -0.329846 0.345448 
45755 -0.199307 -0.259128 
45756 -0.19436 -0.107045 
45757 -0.189276 0.043419 
45758 -0.184294 0.191978 
45759 -0.179483 0.339059 
45760 -0.0476244 -0.261398 
45761 -0.0436581 -0.110375 
45762 -0.0394429 0.0389835 
45763 -0.0354498 0.186719 
45764 -0.0313181 0.332651 
45765 0.102078 -0.263833 
45766 0.105447 -0.113809 
45767 0.108593 0.034554 
45768 0.111742 0.181252 
45769 0.115035 0.326485 
45770 0.249662 -0.266048 
45771 0.252122 -0.117208 
45772 0.254454 0.0302123 
45773 0.256911 0.176112 
45774 0.259368 0.320356 
45775 -0.353946 -0.257769 
45776 -0.347854 -0.10551 
45777 -0.341804 0.0450403 
45778 -0.335866 0.193982 
45779 -0.330071 0.340977 
45780 -0.200806 -0.260192 
45781 -0.195737 -0.10901 
45782 -0.190619 0.0407433 
45783 -0.185596 0.188375 
45784 -0.180612 0.334382 
45785 -0.0498462 -0.262431 
45786 -0.0454944 -0.112241 
45787 -0.0415194 0.0362522 
45788 -0.0373337 0.18297 
45789 -0.0333727 0.32798 
45790 0.0991135 -0.26474 
45791 0.102331 -0.115579 
45792 0.105717 0.0318611 
45793 0.108764 0.177478 
45794 0.111915 0.321633 
45795 0.245774 -0.267064 
45796 0.24825 -0.119047 
45797 0.25057 0.0274503 
45798 0.252921 0.172329 
45799 0.255153 0.315375 
