45475 -0.333335 -0.250173 
45476 -0.333337 -0.0831987 
45477 -0.33339 0.0833946 
45478 -0.333453 0.250024 
45479 -0.333324 0.416616 
45480 -0.166634 -0.250035 
45481 -0.166642 -0.083227 
45482 -0.166687 0.0833333 
45483 -0.166626 0.249985 
45484 -0.166678 0.416547 
45485 4.30371e-05 -0.250057 
45486 -1.07488e-05 -0.083148 
45487 -0.000120649 0.0832724 
45488 6.65521e-05 0.250021 
45489 0.000105347 0.416689 
45490 0.16672 -0.249901 
45491 0.166574 -0.0833988 
45492 0.166635 0.0833126 
45493 0.16669 0.250043 
45494 0.16668 0.416635 
45495 0.33331 -0.250078 
45496 0.333173 -0.0833403 
45497 0.333329 0.0833679 
45498 0.333262 0.24996 
45499 0.333208 0.416733 
45500 -0.334319 -0.25039 
45501 -0.334103 -0.0843814 
45502 -0.333724 0.0813781 
45503 -0.333167 0.246882 
45504 -0.332864 0.412348 
45505 -0.16858 -0.250409 
45506 -0.168032 -0.0846372 
45507 -0.167836 0.0808944 
45508 -0.167489 0.246521 
45509 -0.167101 0.411808 
45510 -0.00291564 -0.25053 
45511 -0.00262089 -0.085081 
45512 -0.00222259 0.0806391 
45513 -0.00200838 0.246113 
45514 -0.00172223 0.411552 
45515 0.162704 -0.250711 
45516 0.16305 -0.0851881 
45517 0.163246 0.0802136 
45518 0.163464 0.245951 
45519 0.163707 0.411166 
45520 0.328312 -0.251019 
45521 0.328474 -0.0852953 
45522 0.328549 0.0800833 
45523 0.328848 0.245427 
45524 0.328903 0.410681 
45525 -0.335431 -0.250557 
45526 -0.334624 -0.0855829 
45527 -0.333895 0.0791719 
45528 -0.333271 0.243826 
45529 -0.332443 0.408116 
45530 -0.170345 -0.250962 
45531 -0.169722 -0.085988 
45532 -0.169186 0.0785414 
45533 -0.168295 0.243129 
45534 -0.167809 0.407273 
45535 -0.00556471 -0.251287 
45536 -0.00495035 -0.0865064 
45537 -0.00454979 0.0780545 
45538 -0.0039836 0.242275 
45539 -0.00337196 0.406284 
45540 0.159155 -0.251644 
45541 0.159547 -0.0871369 
45542 0.159767 0.0773126 
45543 0.160221 0.24154 
45544 0.160738 0.405479 
45545 0.323228 -0.251846 
45546 0.323562 -0.0875021 
45547 0.323912 0.0766204 
45548 0.324247 0.240799 
45549 0.324569 0.404536 
45550 -0.336468 -0.250969 
45551 -0.335384 -0.0868697 
45552 -0.334256 0.0770391 
45553 -0.333096 0.240577 
45554 -0.332121 0.403749 
45555 -0.172153 -0.251533 
45556 -0.171266 -0.0874364 
45557 -0.170235 0.0761684 
45558 -0.169249 0.239433 
45559 -0.168298 0.402468 
45560 -0.00830802 -0.252053 
45561 -0.00746954 -0.0881173 
45562 -0.006749 0.0752135 
45563 -0.0058633 0.238249 
45564 -0.00526588 0.401155 
45565 0.155237 -0.252501 
45566 0.155929 -0.0888659 
45567 0.156412 0.0743398 
45568 0.157024 0.237354 
45569 0.157726 0.39982 
45570 0.318443 -0.253031 
45571 0.318837 -0.0895 
45572 0.319179 0.0734291 
45573 0.319776 0.236275 
45574 0.32008 0.398594 
45575 -0.337481 -0.251579 
45576 -0.335979 -0.0882826 
45577 -0.334641 0.074694 
45578 -0.333262 0.237277 
45579 -0.331677 0.399146 
45580 -0.173914 -0.252176 
45581 -0.172682 -0.0890514 
45582 -0.171478 0.0736119 
45583 -0.170256 0.235847 
45584 -0.169053 0.397617 
45585 -0.0110307 -0.252787 
45586 -0.00996514 -0.0899587 
45587 -0.00892564 0.0725185 
45588 -0.00787851 0.234355 
45589 -0.00677314 0.395983 
45590 0.151538 -0.253322 
45591 0.152336 -0.0907404 
45592 0.153167 0.0713124 
45593 0.153931 0.233099 
45594 0.154735 0.394179 
45595 0.313497 -0.254148 
45596 0.314153 -0.091737 
45597 0.314662 0.0701905 
45598 0.315173 0.231682 
45599 0.315751 0.392685 
45600 -0.338607 -0.252299 
45601 -0.336675 -0.089646 
45602 -0.334862 0.0723549 
45603 -0.333152 0.233948 
45604 -0.331467 0.39483 
45605 -0.17577 -0.252989 
45606 -0.174287 -0.090588 
45607 -0.172759 0.0710863 
45608 -0.171274 0.232191 
45609 -0.169641 0.392669 
45610 -0.0135783 -0.253599 
45611 -0.0124313 -0.091664 
45612 -0.0110968 0.0695727 
45613 -0.00982927 0.230451 
45614 -0.00880025 0.390752 
45615 0.147827 -0.254442 
45616 0.148798 -0.0928341 
45617 0.149835 0.0683899 
45618 0.15073 0.228873 
45619 0.151596 0.388707 
45620 0.308964 -0.255089 
45621 0.30949 -0.0938202 
45622 0.310024 0.0669023 
45623 0.310839 0.227141 
45624 0.311375 0.386703 
45625 -0.339466 -0.253054 
45626 -0.337398 -0.0912262 
45627 -0.335325 0.0700511 
45628 -0.333313 0.230419 
45629 -0.331081 0.390143 
45630 -0.177429 -0.253851 
45631 -0.175731 -0.0924298 
45632 -0.17403 0.0682958 
45633 -0.172231 0.228513 
45634 -0.17054 0.387853 
45635 -0.0161655 -0.254617 
45636 -0.0147706 -0.0936528 
45637 -0.0133534 0.066815 
45638 -0.0119946 0.226577 
45639 -0.0105044 0.385493 
45640 0.144483 -0.255413 
45641 0.145712 -0.0948007 
45642 0.146513 0.065309 
45643 0.147498 0.224604 
45644 0.148628 0.383193 
45645 0.304258 -0.256263 
45646 0.304967 -0.0958344 
45647 0.305582 0.0636983 
45648 0.306288 0.222667 
45649 0.306949 0.380894 
45650 -0.340477 -0.253885 
45651 -0.338061 -0.0928028 
45652 -0.335791 0.067424 
45653 -0.333425 0.226914 
45654 -0.331001 0.385769 
45655 -0.179214 -0.254804 
45656 -0.177127 -0.0941979 
45657 -0.175123 0.0658215 
45658 -0.17321 0.224797 
45659 -0.171201 0.383033 
45660 -0.0185688 -0.255783 
45661 -0.0170629 -0.0954972 
45662 -0.0154845 0.0639586 
45663 -0.013888 0.22258 
45664 -0.0124313 0.380364 
45665 0.140905 -0.256538 
45666 0.142035 -0.0968189 
45667 0.143258 0.0623971 
45668 0.14446 0.220436 
45669 0.145425 0.377668 
45670 0.299618 -0.257293 
45671 0.30053 -0.0980883 
45672 0.300981 0.0603284 
45673 0.301903 0.218256 
45674 0.30251 0.375184 
45675 -0.341447 -0.254962 
45676 -0.338781 -0.0945868 
45677 -0.336076 0.0648155 
45678 -0.333568 0.223313 
45679 -0.330963 0.381067 
45680 -0.180688 -0.25589 
45681 -0.178514 -0.0958947 
45682 -0.176478 0.0630237 
45683 -0.174298 0.22087 
45684 -0.172184 0.3782 
45685 -0.0210395 -0.256633 
45686 -0.0193612 -0.0973187 
45687 -0.0178093 0.0610592 
45688 -0.0159682 0.218678 
45689 -0.0143978 0.375313 
45690 0.137664 -0.257526 
45691 0.138677 -0.0987634 
45692 0.139968 0.0592618 
45693 0.141278 0.216155 
45694 0.142405 0.372471 
45695 0.295117 -0.258414 
45696 0.295873 -0.100123 
45697 0.296761 0.0572697 
45698 0.297543 0.213894 
45699 0.298235 0.369528 
45700 -0.342236 -0.255976 
45701 -0.33928 -0.0962577 
45702 -0.336521 0.0622959 
45703 -0.333703 0.219865 
45704 -0.33082 0.37637 
45705 -0.182301 -0.257028 
45706 -0.180017 -0.097843 
45707 -0.177646 0.0602391 
45708 -0.175347 0.217139 
45709 -0.173011 0.373272 
45710 -0.0235979 -0.257776 
45711 -0.0217481 -0.0993222 
45712 -0.019856 0.0582371 
45713 -0.018123 0.214778 
45714 -0.0162922 0.370122 
45715 0.13421 -0.258641 
45716 0.135636 -0.100765 
45717 0.136762 0.0561991 
45718 0.138121 0.212098 
45719 0.139389 0.367011 
45720 0.290756 -0.259585 
45721 0.291532 -0.102156 
45722 0.292328 0.0542167 
45723 0.293035 0.209675 
45724 0.293956 0.364005 
45725 -0.343131 -0.257103 
45726 -0.340015 -0.0981151 
45727 -0.336987 0.0594715 
45728 -0.333978 0.216127 
45729 -0.330949 0.371677 
45730 -0.183897 -0.257807 
45731 -0.181419 -0.0996877 
45732 -0.17894 0.0575702 
45733 -0.176385 0.213411 
45734 -0.1739 0.368291 
45735 -0.0259067 -0.258873 
45736 -0.0240518 -0.101171 
45737 -0.0220508 0.0554161 
45738 -0.0201854 0.210728 
45739 -0.0183251 0.364982 
45740 0.131003 -0.259905 
45741 0.132197 -0.102841 
45742 0.133513 0.0532032 
45743 0.13498 0.207947 
45744 0.136122 0.361706 
45745 0.286397 -0.260632 
45746 0.287318 -0.104292 
45747 0.287974 0.0510313 
45748 0.288913 0.205378 
45749 0.289669 0.358373 
45750 -0.343998 -0.258164 
45751 -0.340596 -0.100076 
45752 -0.337502 0.056831 
45753 -0.334198 0.212693 
45754 -0.330879 0.367005 
45755 -0.185438 -0.259102 
45756 -0.182872 -0.101554 
45757 -0.180063 0.054673 
45758 -0.177604 0.209669 
45759 -0.174986 0.363429 
45760 -0.0281536 -0.259947 
45761 -0.0261731 -0.103252 
45762 -0.024197 0.052475 
45763 -0.0222264 0.206837 
45764 -0.0203236 0.359952 
45765 0.127767 -0.260885 
45766 0.129104 -0.104536 
45767 0.130534 0.0501598 
45768 0.131688 0.203978 
45769 0.133098 0.356522 
45770 0.282183 -0.261672 
45771 0.282988 -0.106236 
45772 0.28362 0.0480655 
45773 0.284382 0.201146 
45774 0.285232 0.353012 
45775 -0.34489 -0.259407 
45776 -0.341325 -0.101769 
45777 -0.337834 0.0541201 
45778 -0.334409 0.208999 
45779 -0.331124 0.362259 
45780 -0.186868 -0.260275 
45781 -0.18409 -0.103559 
45782 -0.181366 0.0518753 
45783 -0.178704 0.205861 
45784 -0.176131 0.358632 
45785 -0.0303867 -0.261177 
45786 -0.0284429 -0.105169 
45787 -0.0263229 0.0494829 
45788 -0.0244588 0.202974 
45789 -0.0224148 0.354855 
45790 0.124629 -0.262087 
45791 0.125875 -0.106674 
45792 0.127337 0.0472813 
45793 0.128678 0.199906 
45794 0.130003 0.351341 
45795 0.278114 -0.262774 
45796 0.27873 -0.108245 
45797 0.27943 0.0451425 
45798 0.280087 0.1971 
45799 0.280843 0.34775 
45800 -0.345671 -0.260735 
45801 -0.342027 -0.103822 
45802 -0.338431 0.0513949 
45803 -0.334816 0.205275 
45804 -0.331363 0.357597 
45805 -0.188478 -0.261415 
45806 -0.185629 -0.105488 
45807 -0.182598 0.0490889 
45808 -0.179982 0.202208 
45809 -0.17721 0.353792 
45810 -0.032603 -0.26229 
45811 -0.0305226 -0.107105 
45812 -0.0285039 0.0466292 
45813 -0.026379 0.198985 
45814 -0.0243118 0.349859 
45815 0.121394 -0.263072 
45816 0.122852 -0.108582 
45817 0.124207 0.0443551 
45818 0.125518 0.196002 
45819 0.126855 0.346096 
45820 0.274135 -0.263885 
45821 0.274648 -0.110225 
45822 0.275337 0.0421587 
45823 0.275829 0.192877 
45824 0.276581 0.34231 
45825 -0.346465 -0.261949 
45826 -0.342629 -0.105815 
45827 -0.338853 0.0485931 
45828 -0.33504 0.201591 
45829 -0.331501 0.352933 
45830 -0.189708 -0.262611 
45831 -0.186848 -0.107498 
45832 -0.1839 0.0462636 
45833 -0.181191 0.198323 
45834 -0.178279 0.348924 
45835 -0.0348798 -0.263475 
45836 -0.0327587 -0.108983 
45837 -0.0306126 0.043886 
45838 -0.0286858 0.195233 
45839 -0.0264211 0.345051 
45840 0.11851 -0.26422 
45841 0.119831 -0.1104 
45842 0.121131 0.0416556 
45843 0.122452 0.192027 
45844 0.123628 0.341156 
45845 0.269979 -0.264929 
45846 0.270619 -0.112152 
45847 0.271007 0.0391781 
45848 0.271582 0.189013 
45849 0.27206 0.33725 
45850 -0.347116 -0.263342 
45851 -0.343288 -0.107935 
45852 -0.339309 0.0456465 
45853 -0.335582 0.19797 
45854 -0.331776 0.348243 
45855 -0.191179 -0.264046 
45856 -0.18826 -0.109384 
45857 -0.185177 0.0433989 
45858 -0.182345 0.19456 
45859 -0.179458 0.344156 
45860 -0.0369983 -0.264656 
45861 -0.0349244 -0.110865 
45862 -0.0328177 0.0411745 
45863 -0.03076 0.191427 
45864 -0.0286944 0.33998 
45865 0.115455 -0.265195 
45866 0.116706 -0.112491 
45867 0.117911 0.0387786 
45868 0.119117 0.188243 
45869 0.120391 0.336109 
45870 0.266145 -0.265848 
45871 0.266546 -0.113876 
45872 0.266912 0.0364183 
45873 0.26746 0.185098 
45874 0.267842 0.332235 
45875 -0.347967 -0.264917 
45876 -0.343891 -0.109963 
45877 -0.339938 0.0430293 
45878 -0.335979 0.194096 
45879 -0.332246 0.343497 
45880 -0.192491 -0.265253 
45881 -0.189477 -0.111381 
45882 -0.186488 0.0406478 
45883 -0.183564 0.190949 
45884 -0.180689 0.339498 
45885 -0.0392406 -0.265703 
45886 -0.036927 -0.112893 
45887 -0.0349217 0.0383544 
45888 -0.0328546 0.187663 
45889 -0.0307978 0.335262 
45890 0.112517 -0.266268 
45891 0.113735 -0.114276 
45892 0.114866 0.0358913 
45893 0.11606 0.184406 
45894 0.117173 0.331185 
45895 0.262118 -0.266642 
45896 0.262507 -0.115659 
45897 0.262886 0.0337502 
45898 0.263252 0.181316 
45899 0.263581 0.327219 
45900 -0.348614 -0.26618 
45901 -0.344386 -0.112032 
45902 -0.340599 0.0401427 
45903 -0.336613 0.19064 
45904 -0.332795 0.338942 
45905 -0.19381 -0.266538 
45906 -0.190844 -0.113412 
45907 -0.187821 0.0378834 
45908 -0.18486 0.187134 
45909 -0.181959 0.334905 
45910 -0.0411645 -0.266963 
45911 -0.0391072 -0.114804 
45912 -0.0370159 0.0356073 
45913 -0.0350188 0.183895 
45914 -0.0330518 0.330618 
45915 0.109561 -0.267355 
45916 0.110741 -0.115974 
45917 0.111749 0.0332265 
45918 0.11293 0.180776 
45919 0.114018 0.326555 
45920 0.258514 -0.267712 
45921 0.258638 -0.117432 
45922 0.258796 0.0310382 
45923 0.258935 0.177655 
45924 0.259122 0.322484 
45925 -0.349261 -0.267772 
45926 -0.345103 -0.114138 
45927 -0.341174 0.0373436 
45928 -0.337246 0.186916 
45929 -0.333316 0.334291 
45930 -0.195232 -0.267876 
45931 -0.191999 -0.11537 
45932 -0.189247 0.0349013 
45933 -0.186188 0.183663 
45934 -0.183365 0.330145 
45935 -0.0431441 -0.267984 
45936 -0.0411262 -0.116593 
45937 -0.0392735 0.0328316 
45938 -0.0372233 0.180356 
45939 -0.0354582 0.325832 
45940 0.106696 -0.268311 
45941 0.107741 -0.117811 
45942 0.108778 0.0306913 
45943 0.109794 0.177168 
45944 0.110744 0.321693 
45945 0.254609 -0.268418 
45946 0.254842 -0.118953 
45947 0.254936 0.0284422 
45948 0.254902 0.174119 
45949 0.25487 0.317855 
45950 -0.349951 -0.269079 
45951 -0.345727 -0.11622 
45952 -0.341769 0.0343502 
45953 -0.33784 0.18309 
45954 -0.333869 0.329837 
45955 -0.196525 -0.269171 
45956 -0.193585 -0.117309 
45957 -0.190566 0.0322499 
45958 -0.187584 0.17995 
45959 -0.184615 0.325581 
45960 -0.0452334 -0.269179 
45961 -0.0432158 -0.118449 
45962 -0.0413278 0.030299 
45963 -0.0395284 0.176826 
45964 -0.0375775 0.321415 
45965 0.104013 -0.269174 
45966 0.104946 -0.119506 
45967 0.105624 0.0280543 
45968 0.106657 0.173678 
45969 0.107458 0.31732 
45970 0.251132 -0.269316 
45971 0.251026 -0.12061 
45972 0.250798 0.0259747 
45973 0.250726 0.170618 
45974 0.250519 0.313237 
