45775 -0.333335 -0.249891 
45776 -0.333293 -0.0834356 
45777 -0.333324 0.0833537 
45778 -0.333307 0.250046 
45779 -0.333225 0.416549 
45780 -0.166658 -0.249936 
45781 -0.16652 -0.08328 
45782 -0.166584 0.0833237 
45783 -0.166604 0.249896 
45784 -0.16671 0.416667 
45785 -8.86105e-05 -0.250034 
45786 -6.48187e-05 -0.0832977 
45787 -5.60268e-05 0.0833002 
45788 -8.18646e-05 0.250047 
45789 -2.16776e-05 0.416656 
45790 0.16663 -0.250078 
45791 0.166688 -0.0832882 
45792 0.166654 0.0832937 
45793 0.166616 0.25024 
45794 0.166662 0.416685 
45795 0.333431 -0.250038 
45796 0.333238 -0.0832412 
45797 0.333283 0.0833908 
45798 0.333291 0.250076 
45799 0.333406 0.416675 
45800 -0.334175 -0.251247 
45801 -0.33395 -0.0853952 
45802 -0.333664 0.0804922 
45803 -0.333303 0.245953 
45804 -0.33313 0.411303 
45805 -0.168259 -0.251207 
45806 -0.168022 -0.0853732 
45807 -0.167836 0.0802681 
45808 -0.167774 0.245733 
45809 -0.167611 0.411122 
45810 -0.00234304 -0.251114 
45811 -0.0023442 -0.0853659 
45812 -0.00244201 0.0801794 
45813 -0.00225991 0.245523 
45814 -0.002203 0.410982 
45815 0.163335 -0.251004 
45816 0.163175 -0.0853816 
45817 0.163234 0.0800559 
45818 0.16315 0.245518 
45819 0.163135 0.410736 
45820 0.328822 -0.250934 
45821 0.328598 -0.0854647 
45822 0.328509 0.0800135 
45823 0.328456 0.245147 
45824 0.328372 0.41037 
45825 -0.33472 -0.252531 
45826 -0.334177 -0.0875386 
45827 -0.333897 0.077282 
45828 -0.333636 0.241776 
45829 -0.333226 0.406031 
45830 -0.16954 -0.252403 
45831 -0.169358 -0.0874366 
45832 -0.169182 0.0770435 
45833 -0.168921 0.24157 
45834 -0.168691 0.405596 
45835 -0.00466404 -0.252344 
45836 -0.00463968 -0.0875064 
45837 -0.00447266 0.0770304 
45838 -0.00446149 0.241318 
45839 -0.00429773 0.405208 
45840 0.15989 -0.252183 
45841 0.159845 -0.0874829 
45842 0.15976 0.0768793 
45843 0.15961 0.241111 
45844 0.159669 0.40487 
45845 0.324375 -0.251858 
45846 0.324111 -0.0874601 
45847 0.323837 0.0769262 
45848 0.323683 0.240812 
45849 0.323299 0.404347 
45850 -0.335286 -0.253852 
45851 -0.334812 -0.0896192 
45852 -0.334374 0.0741999 
45853 -0.333882 0.237765 
45854 -0.333376 0.400853 
45855 -0.1708 -0.253627 
45856 -0.170585 -0.0895199 
45857 -0.170342 0.0741225 
45858 -0.170086 0.23746 
45859 -0.169738 0.40012 
45860 -0.00688701 -0.253527 
45861 -0.00682008 -0.0896797 
45862 -0.00668201 0.0739637 
45863 -0.00662894 0.236984 
45864 -0.00658396 0.399627 
45865 0.156772 -0.253282 
45866 0.156561 -0.089586 
45867 0.156402 0.0738079 
45868 0.156241 0.236666 
45869 0.15602 0.398967 
45870 0.319834 -0.252913 
45871 0.319535 -0.0894175 
45872 0.319273 0.0735636 
45873 0.318926 0.23631 
45874 0.318438 0.398574 
45875 -0.335882 -0.255239 
45876 -0.335287 -0.0916904 
45877 -0.334536 0.0711865 
45878 -0.333844 0.233656 
45879 -0.333443 0.395554 
45880 -0.172348 -0.255 
45881 -0.171961 -0.0915663 
45882 -0.171642 0.0710635 
45883 -0.1712 0.233161 
45884 -0.170993 0.394728 
45885 -0.00924676 -0.254655 
45886 -0.00907257 -0.0915347 
45887 -0.00902589 0.0708647 
45888 -0.00892525 0.232693 
45889 -0.00889366 0.394111 
45890 0.153453 -0.254212 
45891 0.153289 -0.0914229 
45892 0.153031 0.0706977 
45893 0.152939 0.232374 
45894 0.152543 0.393449 
45895 0.315515 -0.253907 
45896 0.315162 -0.0914547 
45897 0.314551 0.0705171 
45898 0.313989 0.231839 
45899 0.313517 0.392651 
45900 -0.336538 -0.256645 
45901 -0.335829 -0.0939841 
45902 -0.335024 0.0683116 
45903 -0.334254 0.229513 
45904 -0.333637 0.390271 
45905 -0.173642 -0.256145 
45906 -0.17323 -0.0936665 
45907 -0.172784 0.0680174 
45908 -0.172368 0.229185 
45909 -0.172232 0.389476 
45910 -0.0113697 -0.255764 
45911 -0.0112564 -0.0935901 
45912 -0.011294 0.0676918 
45913 -0.0112054 0.228617 
45914 -0.0112751 0.3886 
45915 0.150206 -0.255281 
45916 0.150042 -0.0932955 
45917 0.149769 0.0676175 
45918 0.149418 0.228119 
45919 0.148984 0.387878 
45920 0.311338 -0.254575 
45921 0.310598 -0.0931412 
45922 0.309968 0.0676351 
45923 0.309392 0.227617 
45924 0.308624 0.387159 
45925 -0.336909 -0.258282 
45926 -0.336105 -0.0960999 
45927 -0.335562 0.0649861 
45928 -0.33464 0.225552 
45929 -0.333834 0.38503 
45930 -0.174804 -0.25742 
45931 -0.174569 -0.0957365 
45932 -0.174092 0.0650626 
45933 -0.173655 0.225001 
45934 -0.173203 0.384081 
45935 -0.0133619 -0.256789 
45936 -0.0135588 -0.0954856 
45937 -0.013412 0.0648649 
45938 -0.0135448 0.224453 
45939 -0.013724 0.383342 
45940 0.147211 -0.256087 
45941 0.146746 -0.0952107 
45942 0.146376 0.0647285 
45943 0.145845 0.223994 
45944 0.145442 0.38248 
45945 0.307227 -0.255498 
45946 0.306309 -0.094929 
45947 0.305394 0.06469 
45948 0.304572 0.223571 
45949 0.303952 0.381552 
45950 -0.33759 -0.259561 
45951 -0.3367 -0.0982547 
45952 -0.335804 0.0619035 
45953 -0.335018 0.221525 
45954 -0.334152 0.379886 
45955 -0.176014 -0.258538 
45956 -0.17563 -0.0977875 
45957 -0.175191 0.0619782 
45958 -0.174928 0.220961 
45959 -0.174766 0.379104 
45960 -0.015422 -0.257704 
45961 -0.0155828 -0.097396 
45962 -0.0155623 0.0619785 
45963 -0.0157471 0.220427 
45964 -0.0158874 0.378053 
45965 0.144224 -0.257017 
45966 0.143617 -0.0971529 
45967 0.143071 0.061949 
45968 0.142475 0.219928 
45969 0.142021 0.377179 
45970 0.303061 -0.256157 
45971 0.301913 -0.0966576 
45972 0.301032 0.0618425 
45973 0.29988 0.219538 
45974 0.298898 0.37615 
45975 -0.33786 -0.260917 
45976 -0.337207 -0.100462 
45977 -0.336238 0.0590342 
45978 -0.335461 0.217447 
45979 -0.334594 0.374914 
45980 -0.177222 -0.259915 
45981 -0.176945 -0.0999589 
45982 -0.17659 0.0590939 
45983 -0.176197 0.217007 
45984 -0.176072 0.373894 
45985 -0.017435 -0.258969 
45986 -0.0177404 -0.0993703 
45987 -0.0178592 0.0588971 
45988 -0.018138 0.216519 
45989 -0.0183743 0.372926 
45990 0.141327 -0.257816 
45991 0.140438 -0.098902 
45992 0.139756 0.0592362 
45993 0.138993 0.216019 
45994 0.138287 0.371904 
45995 0.299005 -0.256824 
45996 0.297792 -0.0982786 
45997 0.296401 0.059107 
45998 0.295185 0.215604 
45999 0.293983 0.371036 
46000 -0.338485 -0.26234 
46001 -0.337503 -0.102579 
46002 -0.336701 0.0560071 
46003 -0.336121 0.213433 
46004 -0.335159 0.369812 
46005 -0.178276 -0.261063 
46006 -0.178068 -0.101739 
46007 -0.177782 0.056184 
46008 -0.177766 0.213015 
46009 -0.177379 0.368955 
46010 -0.0194084 -0.259963 
46011 -0.0197956 -0.101311 
46012 -0.0200864 0.0563378 
46013 -0.0204288 0.212579 
46014 -0.0208506 0.367733 
46015 0.138291 -0.258645 
46016 0.137434 -0.100661 
46017 0.136438 0.0563887 
46018 0.135708 0.212238 
46019 0.13469 0.366894 
46020 0.295082 -0.257414 
46021 0.293515 -0.0998984 
46022 0.292185 0.0565735 
46023 0.290686 0.211705 
46024 0.289249 0.366027 
46025 -0.33911 -0.263844 
46026 -0.338093 -0.104729 
46027 -0.337281 0.0530822 
46028 -0.336333 0.2096 
46029 -0.335686 0.364824 
46030 -0.17954 -0.262374 
46031 -0.179301 -0.103938 
46032 -0.179178 0.0534049 
46033 -0.179096 0.209222 
46034 -0.178801 0.36389 
46035 -0.0215309 -0.260865 
46036 -0.0218039 -0.103075 
46037 -0.0222675 0.0536896 
46038 -0.0228671 0.208713 
46039 -0.0232097 0.363031 
46040 0.135566 -0.259409 
46041 0.134352 -0.102168 
46042 0.133279 0.0537039 
46043 0.132166 0.208484 
46044 0.131064 0.361936 
46045 0.291135 -0.257957 
46046 0.28938 -0.101325 
46047 0.287881 0.0538233 
46048 0.286058 0.208157 
46049 0.284345 0.361063 
46050 -0.33939 -0.26523 
46051 -0.338628 -0.106899 
46052 -0.337801 0.0501808 
46053 -0.336998 0.205733 
46054 -0.336402 0.360019 
46055 -0.180529 -0.26353 
46056 -0.18057 -0.105886 
46057 -0.180481 0.0504951 
46058 -0.180405 0.205367 
46059 -0.180284 0.358978 
46060 -0.0234132 -0.261743 
46061 -0.023839 -0.10472 
46062 -0.0245197 0.0509498 
46063 -0.0251481 0.205155 
46064 -0.0256657 0.358194 
46065 0.13266 -0.260103 
46066 0.13141 -0.103793 
46067 0.129999 0.0513403 
46068 0.128858 0.204757 
46069 0.127547 0.357081 
46070 0.287323 -0.258366 
46071 0.28529 -0.102649 
46072 0.283347 0.0515734 
46073 0.281427 0.204563 
46074 0.279712 0.356232 
46075 -0.339699 -0.266584 
46076 -0.339103 -0.108899 
46077 -0.338411 0.0472516 
46078 -0.33767 0.20196 
46079 -0.336966 0.355124 
46080 -0.181791 -0.264689 
46081 -0.181828 -0.107661 
46082 -0.181834 0.047755 
46083 -0.181977 0.201623 
46084 -0.181885 0.354109 
46085 -0.025218 -0.262638 
46086 -0.0259627 -0.106403 
46087 -0.0267058 0.0482887 
46088 -0.0274398 0.201617 
46089 -0.028313 0.35343 
46090 0.129744 -0.260546 
46091 0.128375 -0.10529 
46092 0.126921 0.048852 
46093 0.125396 0.201394 
46094 0.123982 0.352555 
46095 0.283602 -0.258732 
46096 0.281209 -0.103903 
46097 0.279019 0.0492373 
46098 0.276898 0.20116 
46099 0.274773 0.351635 
46100 -0.340083 -0.268053 
46101 -0.339372 -0.110929 
46102 -0.338787 0.0444153 
46103 -0.338226 0.198176 
46104 -0.337743 0.350449 
46105 -0.18271 -0.265714 
46106 -0.183003 -0.109597 
46107 -0.183263 0.0449861 
46108 -0.183386 0.198095 
46109 -0.183435 0.3497 
46110 -0.0270856 -0.263568 
46111 -0.0279784 -0.108039 
46112 -0.0289273 0.0457018 
46113 -0.0297562 0.198015 
46114 -0.0309162 0.348768 
46115 0.127275 -0.261242 
46116 0.125369 -0.106678 
46117 0.12356 0.046494 
46118 0.122032 0.197983 
46119 0.120373 0.347951 
46120 0.279911 -0.258917 
46121 0.277397 -0.105149 
46122 0.274839 0.0472543 
46123 0.272435 0.197887 
46124 0.270077 0.34725 
46125 -0.340503 -0.269429 
46126 -0.339965 -0.112985 
46127 -0.339594 0.0415825 
46128 -0.338937 0.194451 
46129 -0.338537 0.345764 
46130 -0.183867 -0.266651 
46131 -0.184036 -0.111225 
46132 -0.184511 0.0425622 
46133 -0.184805 0.194667 
46134 -0.185057 0.345088 
46135 -0.0289443 -0.264105 
46136 -0.0298504 -0.109606 
46137 -0.0311534 0.0432833 
46138 -0.0322892 0.19461 
46139 -0.0333376 0.344242 
46140 0.124481 -0.261507 
46141 0.122563 -0.107916 
46142 0.120781 0.0442288 
46143 0.118695 0.194652 
46144 0.116835 0.343588 
46145 0.276283 -0.259078 
46146 0.273365 -0.106216 
46147 0.270676 0.0450534 
46148 0.26788 0.19468 
46149 0.265284 0.34291 
46150 -0.340885 -0.27086 
46151 -0.34043 -0.115139 
46152 -0.340074 0.0387166 
46153 -0.339841 0.190947 
46154 -0.339383 0.341174 
46155 -0.184702 -0.267767 
46156 -0.18533 -0.113051 
46157 -0.185908 0.0397442 
46158 -0.186394 0.190964 
46159 -0.186688 0.34056 
46160 -0.0306504 -0.264888 
46161 -0.0320192 -0.110991 
46162 -0.0332041 0.0408807 
46163 -0.034552 0.191403 
46164 -0.0359243 0.340078 
46165 0.121822 -0.261941 
46166 0.119663 -0.109073 
46167 0.117506 0.0421272 
46168 0.115279 0.191591 
46169 0.113158 0.339416 
46170 0.272538 -0.259176 
46171 0.269434 -0.107211 
46172 0.266548 0.0430304 
46173 0.263507 0.191746 
46174 0.260422 0.338824 
46175 -0.341116 -0.272008 
46176 -0.340932 -0.117075 
46177 -0.340826 0.0361284 
46178 -0.340422 0.187319 
46179 -0.340079 0.336802 
46180 -0.185849 -0.268571 
46181 -0.186418 -0.114756 
46182 -0.18722 0.0374933 
46183 -0.18772 0.187814 
46184 -0.188548 0.336344 
46185 -0.0323935 -0.265318 
46186 -0.0340141 -0.112444 
46187 -0.0354824 0.0387193 
46188 -0.0369999 0.188278 
46189 -0.0386594 0.335986 
46190 0.119121 -0.262284 
46191 0.11682 -0.11015 
46192 0.114267 0.0400748 
46193 0.111925 0.188588 
46194 0.109419 0.335363 
46195 0.269006 -0.25908 
46196 0.265667 -0.108108 
46197 0.262383 0.0413331 
46198 0.259144 0.188826 
46199 0.255889 0.334873 
46200 -0.34144 -0.273133 
46201 -0.341264 -0.118914 
46202 -0.341346 0.0335622 
46203 -0.341189 0.183851 
46204 -0.341189 0.332583 
46205 -0.18673 -0.269572 
46206 -0.187619 -0.116335 
46207 -0.188547 0.0350721 
46208 -0.18948 0.184466 
46209 -0.190383 0.332067 
46210 -0.0339952 -0.265917 
46211 -0.035775 -0.113649 
46212 -0.0376559 0.0365518 
46213 -0.0395063 0.185062 
46214 -0.041214 0.331672 
46215 0.116722 -0.262588 
46216 0.113842 -0.11124 
46217 0.111174 0.0380891 
46218 0.108576 0.185545 
46219 0.105951 0.331405 
46220 0.265414 -0.259019 
46221 0.261763 -0.108865 
46222 0.258114 0.039488 
46223 0.254601 0.186144 
46224 0.251119 0.331161 
46225 -0.341659 -0.274341 
46226 -0.341947 -0.120703 
46227 -0.342013 0.0309407 
46228 -0.34214 0.180541 
46229 -0.342363 0.328267 
46230 -0.187634 -0.270344 
46231 -0.188664 -0.11778 
46232 -0.189944 0.0327698 
46233 -0.190983 0.181248 
46234 -0.191975 0.32812 
46235 -0.0358335 -0.266456 
46236 -0.0377845 -0.115077 
46237 -0.0398904 0.0343984 
46238 -0.0419524 0.18215 
46239 -0.0439466 0.327811 
46240 0.114156 -0.262567 
46241 0.111034 -0.112131 
46242 0.108137 0.0362852 
46243 0.105039 0.182772 
46244 0.102238 0.327588 
46245 0.261974 -0.25874 
46246 0.258088 -0.109457 
46247 0.254156 0.0380032 
46248 0.250285 0.183625 
46249 0.246435 0.3274 
46250 -0.341966 -0.275337 
46251 -0.342387 -0.122422 
46252 -0.342623 0.0283949 
46253 -0.342925 0.177314 
46254 -0.343252 0.324027 
46255 -0.188643 -0.271014 
46256 -0.189933 -0.119269 
46257 -0.191304 0.0304391 
46258 -0.192575 0.178172 
46259 -0.19383 0.324056 
46260 -0.0373822 -0.266759 
46261 -0.0397662 -0.115991 
46262 -0.0420995 0.0324908 
46263 -0.0444192 0.179275 
46264 -0.0467305 0.323942 
46265 0.111671 -0.262524 
46266 0.108438 -0.112969 
46267 0.104917 0.0345025 
46268 0.101977 0.180059 
46269 0.0986996 0.323834 
46270 0.258545 -0.258553 
46271 0.254318 -0.110059 
46272 0.250053 0.0364565 
46273 0.245966 0.181168 
46274 0.241886 0.323911 
