46075 -0.333316 -0.249913 
46076 -0.333387 -0.0833614 
46077 -0.333393 0.083288 
46078 -0.333208 0.250055 
46079 -0.333417 0.416643 
46080 -0.166638 -0.249925 
46081 -0.166634 -0.0833042 
46082 -0.166646 0.0832626 
46083 -0.166631 0.250019 
46084 -0.166628 0.416774 
46085 0.000126914 -0.250027 
46086 -2.43628e-05 -0.083285 
46087 -7.9738e-05 0.0834492 
46088 7.86188e-06 0.250083 
46089 -6.88032e-05 0.416764 
46090 0.166643 -0.249989 
46091 0.166639 -0.0834072 
46092 0.166647 0.0833038 
46093 0.166514 0.25 
46094 0.166708 0.416733 
46095 0.333233 -0.250013 
46096 0.3333 -0.083355 
46097 0.333311 0.083362 
46098 0.333298 0.249975 
46099 0.333418 0.416626 
46100 -0.333633 -0.251269 
46101 -0.333695 -0.0855554 
46102 -0.333829 0.0802928 
46103 -0.333795 0.245847 
46104 -0.333924 0.411273 
46105 -0.167683 -0.251045 
46106 -0.16785 -0.0851799 
46107 -0.168037 0.0804571 
46108 -0.16817 0.24585 
46109 -0.168272 0.411364 
46110 -0.00186714 -0.25073 
46111 -0.00228601 -0.0850016 
46112 -0.00232484 0.0806348 
46113 -0.00251127 0.246143 
46114 -0.00274289 0.411383 
46115 0.163713 -0.250448 
46116 0.163488 -0.0848738 
46117 0.163174 0.0807804 
46118 0.162809 0.246175 
46119 0.162505 0.411453 
46120 0.32911 -0.250119 
46121 0.328753 -0.0845652 
46122 0.32844 0.0808732 
46123 0.328194 0.246362 
46124 0.327755 0.411439 
46125 -0.333838 -0.252544 
46126 -0.334031 -0.0876912 
46127 -0.334219 0.0772321 
46128 -0.334404 0.24175 
46129 -0.334568 0.406054 
46130 -0.16864 -0.252006 
46131 -0.169066 -0.0870894 
46132 -0.169198 0.0775811 
46133 -0.169564 0.2421 
46134 -0.169935 0.406218 
46135 -0.00380643 -0.251381 
46136 -0.00427909 -0.0866998 
46137 -0.00466159 0.0779816 
46138 -0.00503926 0.242187 
46139 -0.00555815 0.406228 
46140 0.160712 -0.250636 
46141 0.160224 -0.0860629 
46142 0.15961 0.0782312 
46143 0.159037 0.242512 
46144 0.158501 0.406352 
46145 0.325112 -0.250157 
46146 0.324285 -0.0856899 
46147 0.323662 0.0786223 
46148 0.323076 0.242758 
46149 0.322239 0.406442 
46150 -0.334152 -0.253984 
46151 -0.334437 -0.0896545 
46152 -0.334672 0.0742479 
46153 -0.334918 0.237822 
46154 -0.335274 0.400843 
46155 -0.169527 -0.252935 
46156 -0.170121 -0.088824 
46157 -0.170662 0.0749074 
46158 -0.171094 0.238242 
46159 -0.17175 0.401092 
46160 -0.00580787 -0.251914 
46161 -0.00645187 -0.0880259 
46162 -0.0070148 0.0753232 
46163 -0.00770539 0.238595 
46164 -0.00843656 0.401217 
46165 0.157743 -0.250918 
46166 0.156879 -0.0874607 
46167 0.156157 0.0759887 
46168 0.155267 0.238885 
46169 0.154413 0.40143 
46170 0.320847 -0.249934 
46171 0.319824 -0.086663 
46172 0.318879 0.0765092 
46173 0.317954 0.23935 
46174 0.316835 0.401519 
46175 -0.334183 -0.255137 
46176 -0.334677 -0.0916308 
46177 -0.335153 0.0713936 
46178 -0.335618 0.233781 
46179 -0.336114 0.395841 
46180 -0.170543 -0.253896 
46181 -0.171303 -0.0907111 
46182 -0.171929 0.0721476 
46183 -0.172632 0.234453 
46184 -0.173429 0.396204 
46185 -0.00755606 -0.252386 
46186 -0.00837854 -0.0894741 
46187 -0.00943831 0.0728605 
46188 -0.0103101 0.234945 
46189 -0.0112924 0.396502 
46190 0.154914 -0.251059 
46191 0.153861 -0.0884938 
46192 0.152612 0.0736627 
46193 0.151412 0.23553 
46194 0.150417 0.396749 
46195 0.31691 -0.249729 
46196 0.315596 -0.0873858 
46197 0.314244 0.0745566 
46198 0.312902 0.236006 
46199 0.311592 0.397012 
46200 -0.334338 -0.256209 
46201 -0.334961 -0.0935009 
46202 -0.335636 0.0685045 
46203 -0.336219 0.230003 
46204 -0.336811 0.391076 
46205 -0.171515 -0.25456 
46206 -0.172536 -0.0922594 
46207 -0.17349 0.0696108 
46208 -0.174331 0.230787 
46209 -0.175268 0.391317 
46210 -0.00936103 -0.252685 
46211 -0.0105396 -0.0907899 
46212 -0.0117295 0.0705686 
46213 -0.0130764 0.231474 
46214 -0.0140185 0.391665 
46215 0.152117 -0.250968 
46216 0.150613 -0.0895101 
46217 0.149205 0.0716013 
46218 0.147611 0.232142 
46219 0.146295 0.392265 
46220 0.313135 -0.249392 
46221 0.311264 -0.0880209 
46222 0.30961 0.0725644 
46223 0.307722 0.232693 
46224 0.306101 0.392595 
46225 -0.334491 -0.257432 
46226 -0.335214 -0.0954687 
46227 -0.336227 0.0657257 
46228 -0.337064 0.226397 
46229 -0.337888 0.386101 
46230 -0.172492 -0.255206 
46231 -0.173595 -0.093804 
46232 -0.174737 0.0670894 
46233 -0.175746 0.227194 
46234 -0.177021 0.386737 
46235 -0.0111641 -0.25313 
46236 -0.0126543 -0.092019 
46237 -0.0140294 0.0683901 
46238 -0.0155432 0.228109 
46239 -0.0169317 0.387299 
46240 0.149462 -0.251183 
46241 0.147653 -0.0904518 
46242 0.145692 0.0695881 
46243 0.143975 0.229011 
46244 0.142192 0.38774 
46245 0.308968 -0.248962 
46246 0.307097 -0.0886752 
46247 0.304933 0.0708804 
46248 0.302802 0.229852 
46249 0.300826 0.388332 
46250 -0.334671 -0.258372 
46251 -0.335672 -0.0973336 
46252 -0.336702 0.0630957 
46253 -0.337702 0.222705 
46254 -0.338624 0.381642 
46255 -0.173256 -0.255922 
46256 -0.174746 -0.0950922 
46257 -0.176034 0.06453 
46258 -0.177534 0.223707 
46259 -0.178808 0.382239 
46260 -0.0129452 -0.253335 
46261 -0.0146504 -0.0932157 
46262 -0.0165023 0.0661625 
46263 -0.0181547 0.224849 
46264 -0.0196933 0.382836 
46265 0.146477 -0.251022 
46266 0.144504 -0.09122 
46267 0.142362 0.0677781 
46268 0.14034 0.225922 
46269 0.138254 0.383419 
46270 0.30526 -0.248476 
46271 0.302662 -0.0893101 
46272 0.300342 0.0693902 
46273 0.297791 0.226987 
46274 0.29541 0.38413 
46275 -0.334834 -0.259375 
46276 -0.336122 -0.0989419 
46277 -0.337152 0.0604165 
46278 -0.338632 0.219288 
46279 -0.339755 0.377078 
46280 -0.174077 -0.25647 
46281 -0.175789 -0.0966616 
46282 -0.177481 0.062356 
46283 -0.179125 0.22046 
46284 -0.180831 0.377724 
46285 -0.0145106 -0.253574 
46286 -0.0167625 -0.0943034 
46287 -0.0187176 0.0641339 
46288 -0.0206707 0.221865 
46289 -0.0229685 0.378564 
46290 0.143921 -0.250631 
46291 0.141525 -0.0919961 
46292 0.139103 0.0660887 
46293 0.136557 0.222924 
46294 0.134132 0.379483 
46295 0.301514 -0.247825 
46296 0.298575 -0.0895853 
46297 0.295684 0.067905 
46298 0.292971 0.224361 
46299 0.29019 0.380166 
46300 -0.334958 -0.260299 
46301 -0.33639 -0.100668 
46302 -0.337951 0.0579469 
46303 -0.339338 0.215722 
46304 -0.340761 0.372542 
46305 -0.175034 -0.256795 
46306 -0.176997 -0.0979604 
46307 -0.178913 0.0602193 
46308 -0.180763 0.2174 
46309 -0.182636 0.373599 
46310 -0.0163139 -0.25364 
46311 -0.0185535 -0.0954007 
46312 -0.0211017 0.0622526 
46313 -0.0233575 0.218821 
46314 -0.0257533 0.374589 
46315 0.141149 -0.250459 
46316 0.138447 -0.0925503 
46317 0.13569 0.0643231 
46318 0.132942 0.220336 
46319 0.130092 0.375557 
46320 0.297639 -0.247089 
46321 0.294523 -0.089904 
46322 0.291332 0.0665137 
46323 0.288158 0.221888 
46324 0.284801 0.376434 
46325 -0.335016 -0.261068 
46326 -0.336604 -0.102337 
46327 -0.338427 0.0555717 
46328 -0.340274 0.212366 
46329 -0.341966 0.368325 
46330 -0.175775 -0.257278 
46331 -0.178142 -0.0992141 
46332 -0.180385 0.0579639 
46333 -0.182468 0.214244 
46334 -0.184596 0.369408 
46335 -0.0180223 -0.253584 
46336 -0.0206838 -0.0960883 
46337 -0.0233403 0.0603418 
46338 -0.0259532 0.216027 
46339 -0.0287038 0.370807 
46340 0.138722 -0.249884 
46341 0.135502 -0.0931043 
46342 0.132364 0.0628881 
46343 0.129223 0.217703 
46344 0.126205 0.371796 
46345 0.294088 -0.24633 
46346 0.290458 -0.0900236 
46347 0.286785 0.0651396 
46348 0.28332 0.219568 
46349 0.2798 0.372949 
46350 -0.335128 -0.261758 
46351 -0.33711 -0.103713 
46352 -0.339044 0.0532762 
46353 -0.341014 0.209173 
46354 -0.343005 0.364065 
46355 -0.176732 -0.257694 
46356 -0.179215 -0.100316 
46357 -0.181686 0.056088 
46358 -0.184181 0.211272 
46359 -0.186451 0.365559 
46360 -0.0196385 -0.253319 
46361 -0.0225849 -0.0968127 
46362 -0.0255256 0.0586481 
46363 -0.0285914 0.213203 
46364 -0.0315174 0.366865 
46365 0.136093 -0.249436 
46366 0.132427 -0.0934069 
46367 0.129125 0.0614747 
46368 0.125691 0.215346 
46369 0.122172 0.368202 
46370 0.290106 -0.245334 
46371 0.286188 -0.0900529 
46372 0.282395 0.0640958 
46373 0.278477 0.217423 
46374 0.274515 0.369745 
46375 -0.335116 -0.262367 
46376 -0.337534 -0.10499 
46377 -0.339656 0.0509043 
46378 -0.34203 0.20612 
46379 -0.344187 0.360283 
46380 -0.177576 -0.257692 
46381 -0.180185 -0.101262 
46382 -0.183056 0.0540207 
46383 -0.185793 0.208528 
46384 -0.188661 0.361708 
46385 -0.0211619 -0.253148 
46386 -0.0245296 -0.0975595 
46387 -0.0279369 0.0570511 
46388 -0.0312026 0.210728 
46389 -0.0344257 0.363358 
46390 0.133462 -0.248669 
46391 0.12966 -0.0936399 
46392 0.125745 0.0602187 
46393 0.12212 0.212955 
46394 0.118204 0.364934 
46395 0.286661 -0.24417 
46396 0.282325 -0.0901049 
46397 0.277954 0.0631356 
46398 0.273703 0.215303 
46399 0.269461 0.366557 
46400 -0.3351 -0.262833 
46401 -0.337784 -0.106367 
46402 -0.340406 0.0489592 
46403 -0.342982 0.203274 
46404 -0.345584 0.3563 
46405 -0.178199 -0.25783 
46406 -0.181417 -0.102306 
46407 -0.184467 0.0522615 
46408 -0.187586 0.205756 
46409 -0.190702 0.358189 
46410 -0.0229394 -0.253079 
46411 -0.0265828 -0.0979853 
46412 -0.0302785 0.0557034 
46413 -0.0337916 0.208384 
46414 -0.0376096 0.359886 
46415 0.130755 -0.247866 
46416 0.126567 -0.094001 
46417 0.122578 0.0590222 
46418 0.118451 0.210892 
46419 0.114093 0.361708 
46420 0.283106 -0.243084 
46421 0.278428 -0.0897619 
46422 0.273704 0.0623278 
46423 0.269022 0.213334 
46424 0.264572 0.36345 
46425 -0.335154 -0.263351 
46426 -0.338235 -0.107659 
46427 -0.341073 0.0468354 
46428 -0.343858 0.200384 
46429 -0.346768 0.352576 
46430 -0.179062 -0.25792 
46431 -0.182549 -0.10306 
46432 -0.185914 0.0506977 
46433 -0.189297 0.203164 
46434 -0.192803 0.354727 
46435 -0.0244165 -0.252364 
46436 -0.0284041 -0.0986226 
46437 -0.0323318 0.0542883 
46438 -0.0364133 0.206134 
46439 -0.0403175 0.356615 
46440 0.128353 -0.247016 
46441 0.123757 -0.0940312 
46442 0.119288 0.0577962 
46443 0.114893 0.208879 
46444 0.110335 0.358593 
46445 0.279562 -0.241668 
46446 0.274406 -0.0895936 
46447 0.269391 0.0615001 
46448 0.264462 0.211489 
46449 0.259508 0.360678 
46450 -0.335288 -0.263704 
46451 -0.338574 -0.108638 
46452 -0.341785 0.0450086 
46453 -0.344979 0.197612 
46454 -0.348174 0.348957 
46455 -0.179618 -0.257721 
46456 -0.183501 -0.103821 
46457 -0.187269 0.0491013 
46458 -0.191261 0.200845 
46459 -0.194867 0.35131 
46460 -0.0261531 -0.252057 
46461 -0.0304342 -0.0988347 
46462 -0.0347069 0.0529758 
46463 -0.0391147 0.203879 
46464 -0.0431972 0.353423 
46465 0.125766 -0.246163 
46466 0.121032 -0.0941008 
46467 0.115997 0.0571989 
46468 0.111338 0.206901 
46469 0.106428 0.355679 
46470 0.275973 -0.24054 
46471 0.270599 -0.0891532 
46472 0.265171 0.061029 
46473 0.259746 0.209943 
46474 0.254495 0.357933 
46475 -0.335336 -0.263951 
46476 -0.338954 -0.109793 
46477 -0.342361 0.0432166 
46478 -0.345992 0.194996 
46479 -0.34933 0.34574 
46480 -0.180395 -0.257665 
46481 -0.184649 -0.104486 
46482 -0.188798 0.0475674 
46483 -0.192796 0.198562 
46484 -0.196812 0.34815 
46485 -0.0274884 -0.251282 
46486 -0.0322909 -0.0992068 
46487 -0.0369549 0.0520389 
46488 -0.0416347 0.201819 
46489 -0.0462008 0.350541 
46490 0.123381 -0.245218 
46491 0.118113 -0.0938939 
46492 0.112805 0.0563893 
46493 0.107611 0.205158 
46494 0.102482 0.352908 
46495 0.272475 -0.238899 
46496 0.266631 -0.0886221 
46497 0.260962 0.0605312 
46498 0.255203 0.208467 
46499 0.249636 0.355299 
46500 -0.335333 -0.264127 
46501 -0.339245 -0.110694 
46502 -0.343102 0.0416106 
46503 -0.347026 0.192543 
46504 -0.350892 0.342299 
46505 -0.18121 -0.257278 
46506 -0.185704 -0.104925 
46507 -0.190214 0.0463404 
46508 -0.194533 0.196377 
46509 -0.199046 0.345136 
46510 -0.0291884 -0.250541 
46511 -0.0342384 -0.0992515 
46512 -0.039295 0.0510442 
46513 -0.044259 0.19985 
46514 -0.0492458 0.347692 
46515 0.120931 -0.243763 
46516 0.115244 -0.0935974 
46517 0.109667 0.0555817 
46518 0.104238 0.203546 
46519 0.0987409 0.350458 
46520 0.269067 -0.237386 
46521 0.262736 -0.0879762 
46522 0.256662 0.0600669 
46523 0.250733 0.207038 
46524 0.244582 0.352961 
46525 -0.335456 -0.264176 
46526 -0.339546 -0.111486 
46527 -0.343833 0.0400446 
46528 -0.348117 0.19023 
46529 -0.352243 0.33928 
46530 -0.181995 -0.256859 
46531 -0.18687 -0.105384 
46532 -0.191545 0.0450238 
46533 -0.196395 0.194217 
46534 -0.201104 0.342189 
46535 -0.0306072 -0.249854 
46536 -0.0361772 -0.0992878 
46537 -0.0415004 0.0500072 
46538 -0.0467681 0.198116 
46539 -0.0521377 0.345231 
46540 0.118415 -0.242544 
46541 0.112455 -0.0931715 
46542 0.106479 0.0550606 
46543 0.100693 0.201993 
46544 0.0948107 0.348024 
46545 0.265572 -0.235605 
46546 0.259115 -0.0872795 
46547 0.252488 0.0599534 
46548 0.246233 0.205958 
46549 0.239855 0.350775 
46550 -0.335426 -0.264082 
46551 -0.340093 -0.112252 
46552 -0.344498 0.0385623 
46553 -0.349168 0.188073 
46554 -0.353758 0.336332 
46555 -0.182878 -0.256391 
46556 -0.187887 -0.105683 
46557 -0.192921 0.0439342 
46558 -0.198074 0.192294 
46559 -0.203182 0.339489 
46560 -0.0322271 -0.248855 
46561 -0.0379549 -0.0991596 
46562 -0.0437009 0.0492584 
46563 -0.049552 0.196488 
46564 -0.0551627 0.342618 
46565 0.116008 -0.241256 
46566 0.10967 -0.0928231 
46567 0.103452 0.0545288 
46568 0.0971425 0.200697 
46569 0.0910659 0.345794 
46570 0.262054 -0.233868 
46571 0.255314 -0.08651 
46572 0.248364 0.0597752 
46573 0.241536 0.20485 
46574 0.234933 0.34885 
