46200 -0.333324 -0.249919 
46201 -0.333398 -0.0833268 
46202 -0.333387 0.0832526 
46203 -0.333414 0.249906 
46204 -0.333413 0.416665 
46205 -0.166623 -0.250011 
46206 -0.166689 -0.0833606 
46207 -0.166647 0.083382 
46208 -0.166723 0.250098 
46209 -0.166579 0.41678 
46210 4.28196e-05 -0.249996 
46211 2.40397e-05 -0.0834352 
46212 1.97318e-05 0.0834303 
46213 -0.000133918 0.249957 
46214 -3.37296e-05 0.416647 
46215 0.166568 -0.250025 
46216 0.166695 -0.0833625 
46217 0.166594 0.0833711 
46218 0.166626 0.250026 
46219 0.166756 0.416683 
46220 0.333226 -0.24978 
46221 0.333332 -0.0832904 
46222 0.333304 0.0832776 
46223 0.333315 0.250022 
46224 0.33335 0.416587 
46225 -0.333281 -0.251072 
46226 -0.333613 -0.0852449 
46227 -0.333876 0.0805417 
46228 -0.33403 0.246089 
46229 -0.334176 0.411537 
46230 -0.167637 -0.250606 
46231 -0.167873 -0.0848302 
46232 -0.168053 0.0808037 
46233 -0.168242 0.246308 
46234 -0.168586 0.411661 
46235 -0.00177728 -0.250215 
46236 -0.00205803 -0.0845396 
46237 -0.00227649 0.0809841 
46238 -0.00273573 0.246388 
46239 -0.00291009 0.411892 
46240 0.163816 -0.249869 
46241 0.16359 -0.0840254 
46242 0.163097 0.0812675 
46243 0.162746 0.246632 
46244 0.162477 0.412049 
46245 0.329214 -0.24946 
46246 0.328772 -0.0839566 
46247 0.328437 0.0815854 
46248 0.328029 0.246784 
46249 0.327659 0.412151 
46250 -0.333495 -0.25223 
46251 -0.333821 -0.0869681 
46252 -0.334312 0.0777431 
46253 -0.334805 0.242268 
46254 -0.335052 0.406651 
46255 -0.168503 -0.251196 
46256 -0.168814 -0.0864162 
46257 -0.169339 0.0783324 
46258 -0.16986 0.242805 
46259 -0.170483 0.406987 
46260 -0.00377327 -0.250487 
46261 -0.0043185 -0.0856357 
46262 -0.0046848 0.0786846 
46263 -0.00541184 0.243063 
46264 -0.0060231 0.407289 
46265 0.161033 -0.249766 
46266 0.160126 -0.0850691 
46267 0.159458 0.0793949 
46268 0.158742 0.243541 
46269 0.158123 0.407455 
46270 0.325068 -0.248846 
46271 0.324325 -0.0843725 
46272 0.323536 0.0798163 
46273 0.32276 0.243947 
46274 0.321933 0.407731 
46275 -0.333534 -0.25295 
46276 -0.334231 -0.0887496 
46277 -0.334821 0.0750811 
46278 -0.335532 0.23866 
46279 -0.336074 0.402006 
46280 -0.16925 -0.251829 
46281 -0.169999 -0.0878107 
46282 -0.170857 0.0759442 
46283 -0.171674 0.239306 
46284 -0.172352 0.40248 
46285 -0.00525473 -0.250541 
46286 -0.00616191 -0.0868272 
46287 -0.00722341 0.0767295 
46288 -0.00814031 0.239883 
46289 -0.00886445 0.402727 
46290 0.158078 -0.249461 
46291 0.157098 -0.0858118 
46292 0.155927 0.0775052 
46293 0.154901 0.240459 
46294 0.153872 0.403209 
46295 0.321232 -0.248006 
46296 0.319981 -0.0847043 
46297 0.318793 0.0783048 
46298 0.317524 0.241158 
46299 0.316358 0.403641 
46300 -0.333669 -0.25393 
46301 -0.334405 -0.0905189 
46302 -0.335305 0.0723953 
46303 -0.336209 0.23503 
46304 -0.337142 0.397423 
46305 -0.170039 -0.252098 
46306 -0.171342 -0.0891906 
46307 -0.172323 0.073594 
46308 -0.173309 0.235944 
46309 -0.174296 0.397996 
46310 -0.00700899 -0.250407 
46311 -0.00833021 -0.087785 
46312 -0.009608 0.0746051 
46313 -0.0108232 0.236962 
46314 -0.0121295 0.398362 
46315 0.155357 -0.248918 
46316 0.153816 -0.0862892 
46317 0.152519 0.0758591 
46318 0.151058 0.237703 
46319 0.149662 0.399075 
46320 0.317217 -0.247354 
46321 0.315588 -0.0848749 
46322 0.313987 0.0770468 
46323 0.312477 0.23851 
46324 0.31076 0.399639 
46325 -0.333688 -0.254568 
46326 -0.334763 -0.0921212 
46327 -0.335977 0.0699357 
46328 -0.337228 0.231678 
46329 -0.338197 0.392794 
46330 -0.170915 -0.252564 
46331 -0.172262 -0.0902423 
46332 -0.173644 0.0714733 
46333 -0.175035 0.232803 
46334 -0.176268 0.393508 
46335 -0.00886554 -0.250413 
46336 -0.0104361 -0.0885563 
46337 -0.0118208 0.0729148 
46338 -0.0136129 0.233722 
46339 -0.0151309 0.39438 
46340 0.152535 -0.248238 
46341 0.150862 -0.0867674 
46342 0.149084 0.0742388 
46343 0.147206 0.234985 
46344 0.145362 0.395032 
46345 0.313323 -0.246219 
46346 0.311354 -0.0851219 
46347 0.309322 0.0756852 
46348 0.307204 0.235971 
46349 0.305243 0.395785 
46350 -0.333779 -0.255348 
46351 -0.335035 -0.0936187 
46352 -0.33656 0.0676004 
46353 -0.33798 0.228305 
46354 -0.339483 0.388511 
46355 -0.171617 -0.252711 
46356 -0.173251 -0.0914625 
46357 -0.17494 0.0694478 
46358 -0.176705 0.229637 
46359 -0.178457 0.38955 
46360 -0.0105317 -0.250322 
46361 -0.0123812 -0.0892647 
46362 -0.0142267 0.071233 
46363 -0.0162888 0.23103 
46364 -0.018139 0.390442 
46365 0.150074 -0.247712 
46366 0.14778 -0.0871962 
46367 0.145624 0.0728388 
46368 0.143403 0.232346 
46369 0.141128 0.391377 
46370 0.309641 -0.245157 
46371 0.307162 -0.0850436 
46372 0.304516 0.0745835 
46373 0.302146 0.233883 
46374 0.299901 0.392382 
46375 -0.333795 -0.255908 
46376 -0.335446 -0.0949697 
46377 -0.337281 0.065321 
46378 -0.338805 0.225029 
46379 -0.34051 0.384365 
46380 -0.172368 -0.253019 
46381 -0.174464 -0.0924879 
46382 -0.176573 0.0675036 
46383 -0.178343 0.226645 
46384 -0.18042 0.385432 
46385 -0.0120991 -0.249842 
46386 -0.0145179 -0.089863 
46387 -0.0167357 0.0694566 
46388 -0.0188547 0.22844 
46389 -0.0212436 0.386585 
46390 0.147107 -0.246972 
46391 0.14461 -0.0874332 
46392 0.142081 0.071635 
46393 0.139465 0.229847 
46394 0.137089 0.387747 
46395 0.305749 -0.243875 
46396 0.302828 -0.0849141 
46397 0.300093 0.0735774 
46398 0.297213 0.231489 
46399 0.294367 0.38886 
46400 -0.333726 -0.256454 
46401 -0.33578 -0.0961935 
46402 -0.337631 0.0631631 
46403 -0.339846 0.221962 
46404 -0.341737 0.380273 
46405 -0.173229 -0.252956 
46406 -0.175433 -0.0935646 
46407 -0.177908 0.0655728 
46408 -0.1803 0.223806 
46409 -0.182513 0.381587 
46410 -0.013766 -0.249571 
46411 -0.0164137 -0.0904296 
46412 -0.0191306 0.0679281 
46413 -0.0218485 0.22583 
46414 -0.0243311 0.383017 
46415 0.144477 -0.246031 
46416 0.141621 -0.0875104 
46417 0.138717 0.0703111 
46418 0.135833 0.227551 
46419 0.133049 0.384318 
46420 0.301911 -0.242699 
46421 0.298672 -0.0846462 
46422 0.295457 0.0728172 
46423 0.292161 0.229599 
46424 0.289095 0.385663 
46425 -0.333722 -0.25702 
46426 -0.335971 -0.0974529 
46427 -0.338364 0.0610757 
46428 -0.340817 0.219032 
46429 -0.343018 0.376392 
46430 -0.174039 -0.252931 
46431 -0.176739 -0.0940367 
46432 -0.179253 0.0638192 
46433 -0.182135 0.221176 
46434 -0.184594 0.377947 
46435 -0.0153719 -0.249119 
46436 -0.0185456 -0.0908453 
46437 -0.0214992 0.0665196 
46438 -0.0245661 0.223284 
46439 -0.0273852 0.37944 
46440 0.141906 -0.245252 
46441 0.138591 -0.087592 
46442 0.135283 0.0693326 
46443 0.132184 0.22555 
46444 0.128798 0.381101 
46445 0.298212 -0.241232 
46446 0.294693 -0.0843611 
46447 0.290898 0.0719279 
46448 0.287357 0.2277 
46449 0.283754 0.382726 
46450 -0.333674 -0.257203 
46451 -0.336394 -0.0987076 
46452 -0.339082 0.0591123 
46453 -0.341784 0.216226 
46454 -0.344266 0.372501 
46455 -0.174705 -0.25277 
46456 -0.17772 -0.0948453 
46457 -0.180824 0.0622282 
46458 -0.183789 0.218689 
46459 -0.186723 0.374451 
46460 -0.0171257 -0.248395 
46461 -0.0203735 -0.0911887 
46462 -0.0235779 0.0653485 
46463 -0.0270713 0.221028 
46464 -0.0303641 0.376331 
46465 0.139373 -0.243982 
46466 0.135539 -0.0874398 
46467 0.131928 0.0684423 
46468 0.128375 0.22342 
46469 0.124734 0.378077 
46470 0.29462 -0.239709 
46471 0.290521 -0.0837254 
46472 0.28645 0.0714403 
46473 0.28241 0.225961 
46474 0.27858 0.379847 
46475 -0.333806 -0.25741 
46476 -0.336732 -0.0996335 
46477 -0.339714 0.0574308 
46478 -0.342673 0.213517 
46479 -0.345636 0.36916 
46480 -0.175374 -0.252562 
46481 -0.178813 -0.0954517 
46482 -0.182144 0.0607289 
46483 -0.185524 0.216294 
46484 -0.18884 0.371023 
46485 -0.0185232 -0.247787 
46486 -0.0223737 -0.0914134 
46487 -0.0261745 0.0642974 
46488 -0.0298484 0.219021 
46489 -0.0335067 0.373116 
46490 0.13683 -0.242826 
46491 0.132619 -0.0873664 
46492 0.128655 0.0675508 
46493 0.124721 0.221723 
46494 0.120607 0.375179 
46495 0.29079 -0.238247 
46496 0.286438 -0.0833283 
46497 0.282024 0.0709601 
46498 0.277631 0.224318 
46499 0.273224 0.37715 
46500 -0.333585 -0.257427 
46501 -0.336915 -0.100579 
46502 -0.340492 0.05547 
46503 -0.343725 0.21093 
46504 -0.34694 0.365402 
46505 -0.176189 -0.252067 
46506 -0.179818 -0.0959737 
46507 -0.183739 0.0594086 
46508 -0.187352 0.213894 
46509 -0.191022 0.367833 
46510 -0.0202192 -0.246901 
46511 -0.0243255 -0.0915512 
46512 -0.0283623 0.0631442 
46513 -0.0326024 0.216959 
46514 -0.0363737 0.370181 
46515 0.134148 -0.241661 
46516 0.129835 -0.0870704 
46517 0.125349 0.0668197 
46518 0.120935 0.219961 
46519 0.116564 0.372402 
46520 0.287265 -0.236387 
46521 0.282276 -0.0825187 
46522 0.277645 0.070647 
46523 0.272905 0.223053 
46524 0.268177 0.374523 
46525 -0.333679 -0.257481 
46526 -0.337326 -0.101476 
46527 -0.340971 0.0539613 
46528 -0.344787 0.20857 
46529 -0.348384 0.36237 
46530 -0.176852 -0.251855 
46531 -0.181129 -0.0962649 
46532 -0.185246 0.0582052 
46533 -0.189102 0.211849 
46534 -0.193183 0.364851 
46535 -0.0218636 -0.245966 
46536 -0.0260939 -0.0914628 
46537 -0.0306301 0.0623283 
46538 -0.0351555 0.215267 
46539 -0.0395515 0.367372 
46540 0.131726 -0.240162 
46541 0.126792 -0.0867116 
46542 0.122031 0.0662926 
46543 0.117324 0.218436 
46544 0.112588 0.369842 
46545 0.283579 -0.234608 
46546 0.278369 -0.0817047 
46547 0.273296 0.0702931 
46548 0.268173 0.221679 
46549 0.263012 0.372318 
46550 -0.33366 -0.257373 
46551 -0.337828 -0.102081 
46552 -0.341857 0.0525072 
46553 -0.345744 0.206256 
46554 -0.349848 0.359152 
46555 -0.1777 -0.251271 
46556 -0.182169 -0.09665 
46557 -0.186657 0.0569409 
46558 -0.19105 0.209736 
46559 -0.195333 0.361833 
46560 -0.0234048 -0.244917 
46561 -0.0282298 -0.091297 
46562 -0.0329268 0.0613705 
46563 -0.0377862 0.213368 
46564 -0.0425156 0.36465 
46565 0.129159 -0.238682 
46566 0.124032 -0.0860326 
46567 0.118789 0.0657588 
46568 0.113701 0.217089 
46569 0.108693 0.367318 
46570 0.27999 -0.232774 
46571 0.274485 -0.0807643 
46572 0.268885 0.0701277 
46573 0.263504 0.220542 
46574 0.258033 0.370052 
46575 -0.333521 -0.257152 
46576 -0.33804 -0.102558 
46577 -0.342458 0.0511214 
46578 -0.346888 0.204091 
46579 -0.351368 0.356168 
46580 -0.178325 -0.250447 
46581 -0.183199 -0.0968159 
46582 -0.187942 0.0559168 
46583 -0.192812 0.208059 
46584 -0.197395 0.359114 
46585 -0.024861 -0.243666 
46586 -0.0301729 -0.0910467 
46587 -0.0353261 0.0607045 
46588 -0.0404374 0.211831 
46589 -0.0454976 0.362331 
46590 0.126721 -0.237137 
46591 0.121025 -0.0853981 
46592 0.115536 0.0655851 
46593 0.110017 0.215688 
46594 0.104741 0.36504 
46595 0.276251 -0.230656 
46596 0.270584 -0.0798226 
46597 0.264705 0.0702837 
46598 0.258821 0.219439 
46599 0.253019 0.368039 
46600 -0.33356 -0.257037 
46601 -0.338376 -0.103101 
46602 -0.343173 0.0498741 
46603 -0.347891 0.202022 
46604 -0.352812 0.353438 
46605 -0.178992 -0.249689 
46606 -0.184171 -0.0969548 
46607 -0.189445 0.0550493 
46608 -0.194535 0.206122 
46609 -0.19972 0.35658 
46610 -0.0264667 -0.242651 
46611 -0.0320666 -0.0908146 
46612 -0.0375584 0.0601547 
46613 -0.0430628 0.210448 
46614 -0.0484734 0.359845 
46615 0.12407 -0.235446 
46616 0.118327 -0.0847674 
46617 0.112392 0.0654039 
46618 0.106654 0.214508 
46619 0.10071 0.36297 
46620 0.27294 -0.228455 
46621 0.266617 -0.0787675 
46622 0.260433 0.0702184 
46623 0.254228 0.218589 
46624 0.248234 0.366232 
46625 -0.333581 -0.256401 
46626 -0.338623 -0.103598 
46627 -0.343854 0.0487768 
46628 -0.349053 0.200033 
46629 -0.354299 0.350703 
46630 -0.179711 -0.248665 
46631 -0.185489 -0.0968736 
46632 -0.190858 0.0542363 
46633 -0.196442 0.204565 
46634 -0.201897 0.354328 
46635 -0.028177 -0.241192 
46636 -0.033963 -0.0903307 
46637 -0.0398203 0.0598487 
46638 -0.0457372 0.209143 
46639 -0.0514789 0.357611 
46640 0.121724 -0.233799 
46641 0.11538 -0.0837918 
46642 0.10923 0.0652363 
46643 0.10306 0.213412 
46644 0.0968869 0.361112 
46645 0.269348 -0.226325 
46646 0.262701 -0.0775615 
46647 0.256285 0.0705307 
46648 0.249738 0.217987 
46649 0.243156 0.364454 
46650 -0.333538 -0.255974 
46651 -0.339075 -0.103695 
46652 -0.344603 0.0478248 
46653 -0.350179 0.198273 
46654 -0.355727 0.348193 
46655 -0.180453 -0.247816 
46656 -0.186478 -0.0966466 
46657 -0.192321 0.0535395 
46658 -0.198199 0.203153 
46659 -0.204062 0.351909 
46660 -0.0295733 -0.239574 
46661 -0.0358818 -0.08987 
46662 -0.0421067 0.05938 
46663 -0.048294 0.207936 
46664 -0.0545895 0.355674 
46665 0.119183 -0.231918 
46666 0.112545 -0.0829831 
46667 0.106018 0.0652587 
46668 0.099631 0.212571 
46669 0.092978 0.35923 
46670 0.265839 -0.224089 
46671 0.258997 -0.0762587 
46672 0.252128 0.0708158 
46673 0.245165 0.217237 
46674 0.238433 0.362987 
46675 -0.333438 -0.255187 
46676 -0.339538 -0.103812 
46677 -0.345425 0.0467304 
46678 -0.351261 0.196581 
46679 -0.357241 0.345808 
46680 -0.181326 -0.246682 
46681 -0.187557 -0.0965603 
46682 -0.193833 0.0530663 
46683 -0.200095 0.201757 
46684 -0.206185 0.34976 
46685 -0.0311609 -0.23827 
46686 -0.0377156 -0.0891646 
46687 -0.0442579 0.0591656 
46688 -0.050865 0.206814 
46689 -0.0574382 0.353786 
46690 0.116733 -0.229951 
46691 0.109714 -0.0819304 
46692 0.102817 0.0652967 
46693 0.0959988 0.211881 
46694 0.0892018 0.357635 
46695 0.262321 -0.221776 
46696 0.25507 -0.0749369 
46697 0.248106 0.0712659 
46698 0.240819 0.216623 
46699 0.233707 0.361466 
