46625 -0.333205 -0.25006 
46626 -0.333201 -0.0833844 
46627 -0.333299 0.0833025 
46628 -0.333262 0.250047 
46629 -0.333303 0.416634 
46630 -0.16663 -0.249888 
46631 -0.166532 -0.083339 
46632 -0.166698 0.0832904 
46633 -0.166622 0.250057 
46634 -0.166703 0.416684 
46635 -1.08879e-05 -0.249926 
46636 4.24584e-05 -0.0833179 
46637 -2.1286e-06 0.0833538 
46638 4.17209e-06 0.249966 
46639 -0.000102352 0.416579 
46640 0.166752 -0.249919 
46641 0.166787 -0.0833698 
46642 0.16653 0.0833719 
46643 0.166681 0.25 
46644 0.166656 0.416601 
46645 0.333394 -0.250027 
46646 0.333377 -0.0834064 
46647 0.333397 0.0833053 
46648 0.333224 0.250043 
46649 0.333445 0.416678 
46650 -0.333026 -0.24909 
46651 -0.333472 -0.0836211 
46652 -0.333952 0.0822503 
46653 -0.334548 0.247901 
46654 -0.334806 0.413616 
46655 -0.167183 -0.248652 
46656 -0.167633 -0.0830643 
46657 -0.168148 0.0826423 
46658 -0.168592 0.248301 
46659 -0.168893 0.413996 
46660 -0.00155892 -0.248251 
46661 -0.00196159 -0.0826164 
46662 -0.0025858 0.0830737 
46663 -0.00290077 0.248604 
46664 -0.00319716 0.414169 
46665 0.163808 -0.247611 
46666 0.163493 -0.0820987 
46667 0.163052 0.0833685 
46668 0.162682 0.249047 
46669 0.162163 0.414453 
46670 0.329229 -0.246947 
46671 0.328768 -0.0816952 
46672 0.328353 0.0839094 
46673 0.327964 0.249183 
46674 0.327517 0.41472 
46675 -0.332811 -0.248367 
46676 -0.333715 -0.0835775 
46677 -0.334509 0.0813095 
46678 -0.335402 0.245905 
46679 -0.33629 0.410949 
46680 -0.167897 -0.247165 
46681 -0.168625 -0.0825693 
46682 -0.169603 0.082104 
46683 -0.170613 0.246835 
46684 -0.171181 0.411408 
46685 -0.003236 -0.246171 
46686 -0.00404166 -0.0816051 
46687 -0.00497186 0.082703 
46688 -0.0056756 0.247377 
46689 -0.00669681 0.411914 
46690 0.161287 -0.245301 
46691 0.160343 -0.0806573 
46692 0.1595 0.0835598 
46693 0.158621 0.247965 
46694 0.157748 0.412445 
46695 0.325379 -0.244151 
46696 0.32446 -0.0798042 
46697 0.323512 0.0846719 
46698 0.322652 0.248674 
46699 0.321897 0.412897 
46700 -0.332443 -0.24742 
46701 -0.333748 -0.0834451 
46702 -0.335156 0.0805258 
46703 -0.336425 0.244381 
46704 -0.337924 0.408327 
46705 -0.168492 -0.245773 
46706 -0.169734 -0.0821589 
46707 -0.171017 0.0815442 
46708 -0.172314 0.24523 
46709 -0.173811 0.409114 
46710 -0.00473293 -0.244244 
46711 -0.00607974 -0.0806434 
46712 -0.00730965 0.0827529 
46713 -0.00867819 0.246402 
46714 -0.00984036 0.409841 
46715 0.158448 -0.242597 
46716 0.157155 -0.0793615 
46717 0.155869 0.0839433 
46718 0.15466 0.247248 
46719 0.153439 0.410481 
46720 0.32129 -0.24104 
46721 0.32 -0.077877 
46722 0.318797 0.0851383 
46723 0.317549 0.248325 
46724 0.316133 0.411305 
46725 -0.332343 -0.246279 
46726 -0.33411 -0.0833849 
46727 -0.335932 0.0796699 
46728 -0.337685 0.242803 
46729 -0.339335 0.405969 
46730 -0.169106 -0.243985 
46731 -0.170642 -0.0814374 
46732 -0.172472 0.0811878 
46733 -0.174216 0.244049 
46734 -0.175986 0.406828 
46735 -0.00644264 -0.241996 
46736 -0.00812692 -0.0795759 
46737 -0.00977568 0.0829208 
46738 -0.0117048 0.245299 
46739 -0.0130839 0.407969 
46740 0.155568 -0.239932 
46741 0.154218 -0.0778368 
46742 0.152318 0.0843371 
46743 0.150837 0.246715 
46744 0.14905 0.409035 
46745 0.317377 -0.237854 
46746 0.315634 -0.0760152 
46747 0.314008 0.0859846 
46748 0.31232 0.247694 
46749 0.31074 0.410007 
46750 -0.332036 -0.244981 
46751 -0.334333 -0.0830719 
46752 -0.336566 0.0791502 
46753 -0.338668 0.241323 
46754 -0.340859 0.403655 
46755 -0.169634 -0.242435 
46756 -0.171802 -0.0806726 
46757 -0.173855 0.0810048 
46758 -0.1761 0.242882 
46759 -0.178283 0.40473 
46760 -0.00795 -0.2398 
46761 -0.00999322 -0.078481 
46762 -0.0121489 0.0829025 
46763 -0.0141862 0.244468 
46764 -0.0164324 0.406079 
46765 0.153181 -0.237313 
46766 0.150924 -0.0762013 
46767 0.149022 0.0848822 
46768 0.146963 0.246075 
46769 0.144861 0.40757 
46770 0.31339 -0.234569 
46771 0.311417 -0.0738842 
46772 0.309394 0.0867882 
46773 0.307428 0.247612 
46774 0.305461 0.408622 
46775 -0.331729 -0.243779 
46776 -0.334396 -0.0824827 
46777 -0.337065 0.0786756 
46778 -0.339636 0.239967 
46779 -0.342393 0.401659 
46780 -0.170326 -0.240534 
46781 -0.172881 -0.0799979 
46782 -0.175461 0.081007 
46783 -0.177933 0.241949 
46784 -0.180536 0.403031 
46785 -0.00973101 -0.237433 
46786 -0.0120873 -0.0772478 
46787 -0.0146035 0.0832659 
46788 -0.0171203 0.243791 
46789 -0.0195324 0.40447 
46790 0.150242 -0.234457 
46791 0.147885 -0.0744386 
46792 0.145448 0.0854788 
46793 0.143148 0.245643 
46794 0.140771 0.406027 
46795 0.309496 -0.231331 
46796 0.307032 -0.0718377 
46797 0.304941 0.087847 
46798 0.302438 0.247569 
46799 0.299963 0.40747 
46800 -0.33174 -0.242241 
46801 -0.334725 -0.0819659 
46802 -0.337819 0.0783066 
46803 -0.340824 0.238825 
46804 -0.343879 0.399533 
46805 -0.170808 -0.238536 
46806 -0.174014 -0.0790207 
46807 -0.176842 0.0811245 
46808 -0.179837 0.241033 
46809 -0.182719 0.401274 
46810 -0.0110855 -0.235084 
46811 -0.0141077 -0.0757244 
46812 -0.0169235 0.0836384 
46813 -0.0197204 0.243301 
46814 -0.022477 0.403003 
46815 0.1477 -0.231435 
46816 0.144917 -0.0727021 
46817 0.142068 0.0863136 
46818 0.139352 0.245376 
46819 0.136454 0.404741 
46820 0.305624 -0.227975 
46821 0.302916 -0.0696856 
46822 0.300346 0.0888874 
46823 0.297722 0.247459 
46824 0.294833 0.406304 
46825 -0.331341 -0.240568 
46826 -0.334938 -0.0813124 
46827 -0.338334 0.0781263 
46828 -0.341894 0.237755 
46829 -0.345335 0.39778 
46830 -0.171455 -0.236623 
46831 -0.174893 -0.077843 
46832 -0.178267 0.0811859 
46833 -0.181619 0.240346 
46834 -0.184978 0.3997 
46835 -0.012798 -0.23246 
46836 -0.0160418 -0.0742821 
46837 -0.0191905 0.0841691 
46838 -0.0225529 0.242762 
46839 -0.0257742 0.401643 
46840 0.14506 -0.228515 
46841 0.141854 -0.0707028 
46842 0.138787 0.0871084 
46843 0.135738 0.245225 
46844 0.132489 0.403544 
46845 0.301636 -0.224623 
46846 0.298903 -0.0674225 
46847 0.295712 0.090073 
46848 0.292747 0.24758 
46849 0.289735 0.405481 
46850 -0.331187 -0.238827 
46851 -0.33523 -0.0805222 
46852 -0.338988 0.0780228 
46853 -0.342947 0.236997 
46854 -0.346819 0.396227 
46855 -0.172108 -0.234431 
46856 -0.175916 -0.0766489 
46857 -0.179613 0.0814848 
46858 -0.183445 0.239631 
46859 -0.187078 0.398393 
46860 -0.0144724 -0.229809 
46861 -0.0179222 -0.0728088 
46862 -0.0216113 0.0847252 
46863 -0.0250362 0.242434 
46864 -0.0288435 0.400472 
46865 0.142458 -0.225478 
46866 0.138808 -0.068949 
46867 0.135415 0.0880111 
46868 0.131986 0.245152 
46869 0.128523 0.402613 
46870 0.297964 -0.22112 
46871 0.294729 -0.0649691 
46872 0.291293 0.0912849 
46873 0.287996 0.24784 
46874 0.284652 0.404748 
46875 -0.33099 -0.237113 
46876 -0.335361 -0.079701 
46877 -0.339569 0.0780447 
46878 -0.343959 0.236236 
46879 -0.348335 0.394776 
46880 -0.172968 -0.23222 
46881 -0.177069 -0.0754633 
46882 -0.181052 0.0818725 
46883 -0.185401 0.239198 
46884 -0.189438 0.397105 
46885 -0.0160245 -0.227253 
46886 -0.0199591 -0.0710905 
46887 -0.0238657 0.0853375 
46888 -0.0278363 0.242066 
46889 -0.0318803 0.399448 
46890 0.139726 -0.222393 
46891 0.135996 -0.0668626 
46892 0.132228 0.0890204 
46893 0.128292 0.24503 
46894 0.124542 0.40175 
46895 0.294133 -0.217711 
46896 0.290468 -0.0626262 
46897 0.286852 0.0926128 
46898 0.283294 0.248225 
46899 0.27972 0.404069 
46900 -0.330918 -0.235272 
46901 -0.335555 -0.0786811 
46902 -0.340273 0.0781763 
46903 -0.345083 0.235669 
46904 -0.349762 0.39342 
46905 -0.173466 -0.229749 
46906 -0.177929 -0.073981 
46907 -0.182439 0.0822741 
46908 -0.187031 0.238938 
46909 -0.191574 0.395936 
46910 -0.0176213 -0.224601 
46911 -0.0219567 -0.0693656 
46912 -0.026013 0.0861929 
46913 -0.030342 0.242094 
46914 -0.034683 0.398452 
46915 0.137007 -0.219332 
46916 0.13299 -0.0649029 
46917 0.128884 0.0901231 
46918 0.124884 0.245466 
46919 0.120841 0.40107 
46920 0.290337 -0.214081 
46921 0.286529 -0.0603209 
46922 0.282568 0.0938872 
46923 0.278805 0.248597 
46924 0.274782 0.40344 
46925 -0.330697 -0.233289 
46926 -0.335889 -0.0776392 
46927 -0.340988 0.0786374 
46928 -0.346086 0.235135 
46929 -0.35139 0.392223 
46930 -0.174289 -0.227478 
46931 -0.179196 -0.0726057 
46932 -0.18402 0.0829249 
46933 -0.18873 0.238677 
46934 -0.19371 0.394939 
46935 -0.0191177 -0.221785 
46936 -0.0237131 -0.0676127 
46937 -0.0283534 0.0870856 
46938 -0.0331767 0.242033 
46939 -0.0376283 0.397562 
46940 0.134284 -0.216179 
46941 0.130014 -0.0626503 
46942 0.125715 0.0912985 
46943 0.121349 0.245498 
46944 0.116934 0.40048 
46945 0.286578 -0.210639 
46946 0.282333 -0.0578487 
46947 0.27823 0.0953321 
46948 0.27411 0.249008 
46949 0.270105 0.403047 
46950 -0.330688 -0.231121 
46951 -0.336233 -0.0764189 
46952 -0.341625 0.0789184 
46953 -0.347181 0.234796 
46954 -0.352807 0.391181 
46955 -0.174905 -0.22516 
46956 -0.180267 -0.0710903 
46957 -0.185254 0.083411 
46958 -0.190537 0.238503 
46959 -0.195786 0.394183 
46960 -0.0207861 -0.218906 
46961 -0.0256032 -0.0658105 
46962 -0.0307537 0.0879294 
46963 -0.0355293 0.242338 
46964 -0.0404658 0.39711 
46965 0.131676 -0.213002 
46966 0.127112 -0.0606569 
46967 0.122539 0.0922649 
46968 0.117868 0.245906 
46969 0.113216 0.399818 
46970 0.282568 -0.206907 
46971 0.278372 -0.055372 
46972 0.274177 0.09691 
46973 0.269763 0.249421 
46974 0.2653 0.40266 
46975 -0.330693 -0.228993 
46976 -0.336636 -0.0751225 
46977 -0.342349 0.0792837 
46978 -0.348448 0.234651 
46979 -0.354113 0.390369 
46980 -0.175808 -0.222432 
46981 -0.181258 -0.0694428 
46982 -0.186786 0.0842007 
46983 -0.192249 0.238542 
46984 -0.197815 0.393497 
46985 -0.0225095 -0.216091 
46986 -0.0275889 -0.0639337 
46987 -0.0328581 0.0889924 
46988 -0.0380784 0.242524 
46989 -0.0432277 0.396376 
46990 0.12912 -0.209772 
46991 0.124303 -0.0583894 
46992 0.119387 0.0937259 
46993 0.11446 0.246196 
46994 0.109561 0.399411 
46995 0.278954 -0.203327 
46996 0.274386 -0.0528559 
46997 0.269823 0.0983064 
46998 0.265422 0.25014 
46999 0.260741 0.402405 
47000 -0.330624 -0.226708 
47001 -0.336662 -0.0737625 
47002 -0.342953 0.0799848 
47003 -0.349268 0.234599 
47004 -0.355509 0.389597 
47005 -0.176333 -0.219833 
47006 -0.182114 -0.0677074 
47007 -0.188135 0.084948 
47008 -0.193947 0.238582 
47009 -0.199915 0.392684 
47010 -0.024051 -0.213169 
47011 -0.0296389 -0.0618725 
47012 -0.0349706 0.0901096 
47013 -0.0404468 0.242701 
47014 -0.0460093 0.396008 
47015 0.126355 -0.206511 
47016 0.121293 -0.0561239 
47017 0.116251 0.0949741 
47018 0.111105 0.246723 
47019 0.105988 0.399244 
47020 0.275227 -0.199906 
47021 0.270447 -0.050447 
47022 0.265781 0.0998046 
47023 0.261095 0.250558 
47024 0.256325 0.402207 
47025 -0.330516 -0.224392 
47026 -0.33706 -0.0720075 
47027 -0.343697 0.080841 
47028 -0.350222 0.234314 
47029 -0.356769 0.388961 
47030 -0.177267 -0.217133 
47031 -0.183408 -0.0658417 
47032 -0.189505 0.0860412 
47033 -0.195546 0.238757 
47034 -0.201839 0.392418 
47035 -0.0258278 -0.210139 
47036 -0.0315723 -0.0597222 
47037 -0.0371181 0.0912694 
47038 -0.0429166 0.243012 
47039 -0.0485507 0.395672 
47040 0.12372 -0.203094 
47041 0.11846 -0.0538309 
47042 0.11322 0.0964331 
47043 0.107771 0.247288 
47044 0.102482 0.398852 
47045 0.271465 -0.196186 
47046 0.266479 -0.0476621 
47047 0.261748 0.101343 
47048 0.256797 0.251372 
47049 0.251917 0.402111 
47050 -0.330626 -0.221891 
47051 -0.337374 -0.0706193 
47052 -0.344333 0.0815716 
47053 -0.351324 0.234555 
47054 -0.358222 0.388423 
47055 -0.177993 -0.214508 
47056 -0.184306 -0.0640651 
47057 -0.190814 0.0870065 
47058 -0.197236 0.239188 
47059 -0.203826 0.392024 
47060 -0.0274275 -0.207117 
47061 -0.0333545 -0.0576236 
47062 -0.0393762 0.0924307 
47063 -0.0452955 0.243472 
47064 -0.0512884 0.395476 
47065 0.1211 -0.199858 
47066 0.115595 -0.0513753 
47067 0.110108 0.097846 
47068 0.10475 0.247856 
47069 0.0990646 0.398795 
47070 0.267834 -0.192576 
47071 0.262736 -0.0452164 
47072 0.25758 0.103066 
47073 0.2527 0.252147 
47074 0.247501 0.402043 
47075 -0.330546 -0.219395 
47076 -0.337709 -0.0688726 
47077 -0.34499 0.082463 
47078 -0.352095 0.234795 
47079 -0.359595 0.388198 
47080 -0.1788 -0.211682 
47081 -0.185408 -0.0620942 
47082 -0.192086 0.0881533 
47083 -0.198998 0.239467 
47084 -0.205763 0.391682 
47085 -0.0292532 -0.204042 
47086 -0.0352553 -0.0556651 
47087 -0.0414964 0.093644 
47088 -0.0477134 0.243991 
47089 -0.0539595 0.395163 
47090 0.11852 -0.196429 
47091 0.112717 -0.0491019 
47092 0.107187 0.099232 
47093 0.10129 0.248422 
47094 0.0956444 0.398581 
47095 0.263963 -0.189137 
47096 0.258939 -0.0425942 
47097 0.253921 0.104799 
47098 0.248518 0.252873 
47099 0.243175 0.402032 
47100 -0.33067 -0.216774 
47101 -0.338122 -0.0672245 
47102 -0.345675 0.0835328 
47103 -0.353235 0.234989 
47104 -0.360746 0.387825 
47105 -0.179826 -0.208798 
47106 -0.186552 -0.0603407 
47107 -0.193566 0.0892227 
47108 -0.200476 0.239826 
47109 -0.207613 0.391562 
47110 -0.0309698 -0.200801 
47111 -0.0371873 -0.0533854 
47112 -0.0435722 0.09506 
47113 -0.0501343 0.244713 
47114 -0.0565261 0.395043 
47115 0.115817 -0.193169 
47116 0.110059 -0.0467054 
47117 0.104127 0.100734 
47118 0.0981824 0.249133 
47119 0.0924848 0.398708 
47120 0.260411 -0.185457 
47121 0.255259 -0.0401246 
47122 0.249835 0.106375 
47123 0.244406 0.253612 
47124 0.239302 0.402069 
