46775 -0.333287 -0.250017 
46776 -0.333419 -0.0833958 
46777 -0.333276 0.083422 
46778 -0.333281 0.249866 
46779 -0.333289 0.416524 
46780 -0.166616 -0.249944 
46781 -0.166666 -0.0833074 
46782 -0.16664 0.0832661 
46783 -0.166704 0.250017 
46784 -0.166695 0.416652 
46785 -8.70198e-05 -0.24996 
46786 4.74934e-05 -0.083247 
46787 -9.10277e-05 0.0832197 
46788 -3.72701e-06 0.249982 
46789 -4.72685e-05 0.41675 
46790 0.166488 -0.250028 
46791 0.16677 -0.0833637 
46792 0.166746 0.0832992 
46793 0.166636 0.249981 
46794 0.166669 0.416781 
46795 0.333312 -0.250088 
46796 0.333494 -0.0834228 
46797 0.333318 0.0833142 
46798 0.333205 0.25007 
46799 0.333282 0.416712 
46800 -0.33301 -0.248388 
46801 -0.333351 -0.0828368 
46802 -0.333841 0.0829039 
46803 -0.334409 0.248806 
46804 -0.334893 0.414738 
46805 -0.167158 -0.247902 
46806 -0.167608 -0.0824128 
46807 -0.168121 0.0833772 
46808 -0.168508 0.24906 
46809 -0.168975 0.414796 
46810 -0.0016898 -0.247475 
46811 -0.00197836 -0.0818087 
46812 -0.00257676 0.0838189 
46813 -0.00278541 0.249389 
46814 -0.00323034 0.415139 
46815 0.163897 -0.246918 
46816 0.163569 -0.0814311 
46817 0.163119 0.0841571 
46818 0.162701 0.249751 
46819 0.162318 0.415245 
46820 0.329199 -0.246515 
46821 0.328785 -0.0809385 
46822 0.328464 0.0844976 
46823 0.328191 0.250072 
46824 0.327777 0.415567 
46825 -0.332722 -0.246795 
46826 -0.333672 -0.0821131 
46827 -0.334506 0.0828266 
46828 -0.335369 0.247731 
46829 -0.336381 0.412705 
46830 -0.16784 -0.245604 
46831 -0.168761 -0.0809559 
46832 -0.169535 0.083508 
46833 -0.170408 0.248272 
46834 -0.171205 0.413191 
46835 -0.00320855 -0.244697 
46836 -0.00408606 -0.080253 
46837 -0.00478823 0.084287 
46838 -0.00562795 0.248925 
46839 -0.00641906 0.413695 
46840 0.161216 -0.243606 
46841 0.160357 -0.0793283 
46842 0.159488 0.0850189 
46843 0.158867 0.249574 
46844 0.158053 0.414037 
46845 0.325229 -0.242509 
46846 0.324449 -0.0785428 
46847 0.32374 0.085725 
46848 0.322963 0.250115 
46849 0.322307 0.414521 
46850 -0.332336 -0.244883 
46851 -0.333864 -0.0810974 
46852 -0.335058 0.0826865 
46853 -0.336523 0.246823 
46854 -0.337848 0.410941 
46855 -0.168509 -0.243483 
46856 -0.169588 -0.079838 
46857 -0.170976 0.0838247 
46858 -0.172227 0.247581 
46859 -0.17344 0.411682 
46860 -0.00474454 -0.241917 
46861 -0.00594818 -0.0785378 
46862 -0.00733065 0.0849371 
46863 -0.00836759 0.248452 
46864 -0.00962507 0.412379 
46865 0.15832 -0.240316 
46866 0.157241 -0.0773621 
46867 0.156103 0.0859189 
46868 0.154988 0.249489 
46869 0.153721 0.413133 
46870 0.321033 -0.238812 
46871 0.320112 -0.0760216 
46872 0.319006 0.087064 
46873 0.317988 0.250292 
46874 0.31695 0.413719 
46875 -0.332132 -0.243002 
46876 -0.333949 -0.0801403 
46877 -0.335654 0.0827137 
46878 -0.337502 0.245958 
46879 -0.339369 0.409499 
46880 -0.169016 -0.241028 
46881 -0.170775 -0.0785512 
46882 -0.172453 0.0841416 
46883 -0.173992 0.247053 
46884 -0.175656 0.410091 
46885 -0.00645827 -0.239114 
46886 -0.00796825 -0.0767503 
46887 -0.00962089 0.0857734 
46888 -0.0111239 0.248249 
46889 -0.012751 0.411184 
46890 0.155618 -0.237064 
46891 0.154136 -0.075122 
46892 0.152607 0.0869994 
46893 0.151207 0.249422 
46894 0.149826 0.411954 
46895 0.317063 -0.235102 
46896 0.315716 -0.0733457 
46897 0.314365 0.0884694 
46898 0.312994 0.250542 
46899 0.311731 0.412878 
46900 -0.331718 -0.24103 
46901 -0.334032 -0.0791575 
46902 -0.336225 0.0829316 
46903 -0.33848 0.24528 
46904 -0.340768 0.407924 
46905 -0.169552 -0.238573 
46906 -0.171595 -0.0769096 
46907 -0.173711 0.0848178 
46908 -0.175881 0.246757 
46909 -0.177896 0.408985 
46910 -0.00789974 -0.236234 
46911 -0.0098921 -0.0751102 
46912 -0.0119251 0.0865154 
46913 -0.0137807 0.24811 
46914 -0.0156946 0.41028 
46915 0.152834 -0.233762 
46916 0.15118 -0.0728781 
46917 0.149363 0.0882594 
46918 0.147515 0.249501 
46919 0.145695 0.411178 
46920 0.313145 -0.231222 
46921 0.31152 -0.0708016 
46922 0.309822 0.0899519 
46923 0.308192 0.250879 
46924 0.306498 0.412371 
46925 -0.331556 -0.23885 
46926 -0.334238 -0.0781335 
46927 -0.336857 0.0831752 
46928 -0.339536 0.244815 
46929 -0.342147 0.406593 
46930 -0.170328 -0.236071 
46931 -0.172653 -0.0755079 
46932 -0.175084 0.0852784 
46933 -0.177574 0.246479 
46934 -0.180084 0.408088 
46935 -0.00979369 -0.233115 
46936 -0.0119752 -0.0731128 
46937 -0.0143695 0.0873778 
46938 -0.0163794 0.24815 
46939 -0.0186897 0.409331 
46940 0.150144 -0.230311 
46941 0.147957 -0.0707345 
46942 0.145907 0.0892302 
46943 0.143909 0.249703 
46944 0.141687 0.410442 
46945 0.309139 -0.227558 
46946 0.307143 -0.0682082 
46947 0.305296 0.0913492 
46948 0.303455 0.251335 
46949 0.301445 0.411735 
46950 -0.331381 -0.236678 
46951 -0.334321 -0.0768114 
46952 -0.337456 0.0836159 
46953 -0.340648 0.244443 
46954 -0.343706 0.405712 
46955 -0.170785 -0.233514 
46956 -0.173717 -0.0740393 
46957 -0.176379 0.0859861 
46958 -0.179344 0.246477 
46959 -0.182099 0.407072 
46960 -0.0113357 -0.230216 
46961 -0.0138877 -0.0710803 
46962 -0.0164898 0.0883324 
46963 -0.0190834 0.248251 
46964 -0.0216198 0.408647 
46965 0.147311 -0.226817 
46966 0.14499 -0.068288 
46967 0.142679 0.0907339 
46968 0.140149 0.250177 
46969 0.137733 0.409917 
46970 0.30515 -0.223681 
46971 0.303052 -0.0655772 
46972 0.300953 0.0929962 
46973 0.298736 0.252061 
46974 0.29658 0.4113 
46975 -0.331015 -0.234377 
46976 -0.334646 -0.0753339 
46977 -0.338035 0.08406 
46978 -0.341557 0.244105 
46979 -0.345001 0.404765 
46980 -0.171528 -0.230763 
46981 -0.174709 -0.0721497 
46982 -0.178012 0.0867102 
46983 -0.181038 0.246295 
46984 -0.184312 0.406334 
46985 -0.0129485 -0.22703 
46986 -0.0158708 -0.0691528 
46987 -0.0187495 0.0894319 
46988 -0.0215893 0.248551 
46989 -0.024645 0.407991 
46990 0.144637 -0.223498 
46991 0.141978 -0.0659113 
46992 0.139406 0.0920191 
46993 0.136574 0.250494 
46994 0.133985 0.409591 
46995 0.301258 -0.219883 
46996 0.298935 -0.062797 
46997 0.29642 0.0946388 
46998 0.293972 0.252735 
46999 0.291691 0.41111 
47000 -0.331005 -0.231936 
47001 -0.334842 -0.0738127 
47002 -0.338642 0.0847574 
47003 -0.342558 0.24409 
47004 -0.346367 0.403881 
47005 -0.172139 -0.227852 
47006 -0.175664 -0.0704353 
47007 -0.179288 0.0876747 
47008 -0.182735 0.246377 
47009 -0.186272 0.405634 
47010 -0.0146237 -0.223855 
47011 -0.0178786 -0.0669194 
47012 -0.0208192 0.0905261 
47013 -0.0240239 0.24864 
47014 -0.0274901 0.407325 
47015 0.141897 -0.219788 
47016 0.139024 -0.0634076 
47017 0.136072 0.0934188 
47018 0.133172 0.250984 
47019 0.130202 0.40917 
47020 0.297237 -0.215856 
47021 0.294886 -0.0600437 
47022 0.292137 0.096242 
47023 0.289501 0.253339 
47024 0.286776 0.410916 
47025 -0.330903 -0.229422 
47026 -0.334967 -0.0722446 
47027 -0.33924 0.0854704 
47028 -0.34347 0.244069 
47029 -0.347737 0.403258 
47030 -0.173011 -0.225078 
47031 -0.176705 -0.068625 
47032 -0.180579 0.0885189 
47033 -0.18437 0.246537 
47034 -0.188335 0.405144 
47035 -0.0160864 -0.220738 
47036 -0.0197778 -0.0648497 
47037 -0.0231374 0.0917277 
47038 -0.0267984 0.248909 
47039 -0.030262 0.406848 
47040 0.139147 -0.216219 
47041 0.135975 -0.0612073 
47042 0.132848 0.0949975 
47043 0.129727 0.251611 
47044 0.126681 0.408904 
47045 0.293466 -0.211992 
47046 0.290696 -0.0574827 
47047 0.287826 0.0979708 
47048 0.284993 0.253908 
47049 0.282203 0.410715 
47050 -0.330797 -0.226819 
47051 -0.33531 -0.0706571 
47052 -0.339982 0.0863402 
47053 -0.344463 0.244114 
47054 -0.349067 0.402592 
47055 -0.173672 -0.222168 
47056 -0.177809 -0.0665934 
47057 -0.181931 0.0897549 
47058 -0.186019 0.246812 
47059 -0.190228 0.404635 
47060 -0.0179816 -0.217402 
47061 -0.0216049 -0.0625283 
47062 -0.0252612 0.0929566 
47063 -0.029127 0.249562 
47064 -0.0328346 0.406664 
47065 0.13652 -0.212756 
47066 0.133179 -0.0586031 
47067 0.129793 0.0962104 
47068 0.126536 0.252016 
47069 0.123009 0.408748 
47070 0.289608 -0.208131 
47071 0.286521 -0.0545792 
47072 0.283606 0.0996641 
47073 0.280567 0.254809 
47074 0.27766 0.410402 
47075 -0.330584 -0.22428 
47076 -0.335632 -0.0690165 
47077 -0.340446 0.0872574 
47078 -0.345322 0.244243 
47079 -0.350367 0.40222 
47080 -0.174331 -0.219203 
47081 -0.178789 -0.0644964 
47082 -0.183289 0.0908095 
47083 -0.187707 0.247134 
47084 -0.192132 0.404276 
47085 -0.0196648 -0.214189 
47086 -0.0235661 -0.0602986 
47087 -0.0276702 0.0943513 
47088 -0.0315473 0.249891 
47089 -0.0355791 0.406474 
47090 0.133751 -0.209355 
47091 0.130215 -0.0559133 
47092 0.126752 0.0980404 
47093 0.123197 0.252856 
47094 0.119666 0.408541 
47095 0.285611 -0.204181 
47096 0.282498 -0.0519126 
47097 0.279417 0.101422 
47098 0.276454 0.255596 
47099 0.273137 0.410626 
47100 -0.330622 -0.221582 
47101 -0.335704 -0.0671327 
47102 -0.341064 0.088219 
47103 -0.346389 0.244611 
47104 -0.351624 0.40196 
47105 -0.175159 -0.216338 
47106 -0.179815 -0.0624595 
47107 -0.184462 0.0919566 
47108 -0.189405 0.247431 
47109 -0.194042 0.404187 
47110 -0.0213086 -0.210852 
47111 -0.02541 -0.0581383 
47112 -0.0297248 0.0958595 
47113 -0.0339784 0.250613 
47114 -0.0381887 0.40615 
47115 0.130966 -0.205699 
47116 0.127225 -0.0534216 
47117 0.123597 0.0995276 
47118 0.119799 0.253561 
47119 0.11603 0.408521 
47120 0.281737 -0.200411 
47121 0.278544 -0.0491003 
47122 0.275385 0.103348 
47123 0.272087 0.256431 
47124 0.268857 0.410624 
47125 -0.330714 -0.218712 
47126 -0.336025 -0.0653184 
47127 -0.341681 0.0894213 
47128 -0.347237 0.244934 
47129 -0.352837 0.401651 
47130 -0.176056 -0.213035 
47131 -0.180949 -0.0604432 
47132 -0.185886 0.0933082 
47133 -0.190918 0.248064 
47134 -0.195972 0.40393 
47135 -0.0229788 -0.207483 
47136 -0.0272883 -0.0557442 
47137 -0.0317797 0.0972712 
47138 -0.0363965 0.251221 
47139 -0.0407674 0.406118 
47140 0.12832 -0.202026 
47141 0.124418 -0.0510571 
47142 0.120534 0.101041 
47143 0.116596 0.254214 
47144 0.112687 0.408403 
47145 0.278015 -0.196594 
47146 0.274635 -0.0463651 
47147 0.271266 0.104988 
47148 0.267948 0.257248 
47149 0.264566 0.410669 
47150 -0.330725 -0.21591 
47151 -0.336416 -0.0631598 
47152 -0.342345 0.0906666 
47153 -0.348059 0.245421 
47154 -0.354 0.401507 
47155 -0.176883 -0.209981 
47156 -0.182031 -0.0582172 
47157 -0.187099 0.0946054 
47158 -0.192337 0.248798 
47159 -0.197729 0.403935 
47160 -0.024651 -0.204299 
47161 -0.0292671 -0.0533982 
47162 -0.0338505 0.0989021 
47163 -0.0386275 0.251899 
47164 -0.0433021 0.40636 
47165 0.125511 -0.198458 
47166 0.121644 -0.0483307 
47167 0.117653 0.102706 
47168 0.113452 0.255069 
47169 0.109399 0.40856 
47170 0.274045 -0.192835 
47171 0.270681 -0.0434975 
47172 0.26737 0.106642 
47173 0.263693 0.258207 
47174 0.260265 0.410696 
47175 -0.330638 -0.212953 
47176 -0.33669 -0.0611611 
47177 -0.342848 0.091748 
47178 -0.348978 0.245908 
47179 -0.35513 0.401619 
47180 -0.177873 -0.206924 
47181 -0.183056 -0.0561972 
47182 -0.188449 0.0960486 
47183 -0.193989 0.2494 
47184 -0.199533 0.403908 
47185 -0.0265323 -0.200887 
47186 -0.0313259 -0.0509203 
47187 -0.0360676 0.100195 
47188 -0.0409979 0.252677 
47189 -0.0456983 0.406382 
47190 0.122722 -0.194876 
47191 0.118711 -0.045669 
47192 0.114507 0.104387 
47193 0.110478 0.255936 
47194 0.106343 0.408605 
47195 0.270274 -0.188982 
47196 0.266856 -0.0408825 
47197 0.263396 0.108455 
47198 0.259883 0.259072 
47199 0.256218 0.410857 
47200 -0.330853 -0.209977 
47201 -0.337063 -0.0591637 
47202 -0.34336 0.0931748 
47203 -0.349848 0.246751 
47204 -0.356273 0.40162 
47205 -0.178622 -0.203612 
47206 -0.184009 -0.053786 
47207 -0.189772 0.0973611 
47208 -0.195395 0.250005 
47209 -0.201304 0.404047 
47210 -0.0283924 -0.197524 
47211 -0.0331629 -0.0484898 
47212 -0.0380161 0.101849 
47213 -0.0430049 0.253462 
47214 -0.0479973 0.406437 
47215 0.120078 -0.19137 
47216 0.115923 -0.0433101 
47217 0.111587 0.106038 
47218 0.107328 0.25679 
47219 0.103065 0.408695 
47220 0.266627 -0.185386 
47221 0.262931 -0.0380425 
47222 0.259414 0.110268 
47223 0.25587 0.260102 
47224 0.252305 0.411111 
47225 -0.330862 -0.207069 
47226 -0.337532 -0.0570046 
47227 -0.343953 0.0943811 
47228 -0.350768 0.2475 
47229 -0.357389 0.401905 
47230 -0.179466 -0.200584 
47231 -0.185256 -0.0514306 
47232 -0.190987 0.0989164 
47233 -0.196928 0.250839 
47234 -0.202779 0.404288 
47235 -0.0300502 -0.194088 
47236 -0.035066 -0.0460346 
47237 -0.0401149 0.103373 
47238 -0.0452194 0.254293 
47239 -0.0503538 0.406634 
47240 0.117432 -0.187906 
47241 0.113034 -0.0407819 
47242 0.108836 0.107713 
47243 0.104395 0.257472 
47244 0.0999024 0.40893 
47245 0.262696 -0.181558 
47246 0.259246 -0.035451 
47247 0.255579 0.112011 
47248 0.251966 0.260909 
47249 0.248424 0.411307 
47250 -0.331074 -0.203903 
47251 -0.337827 -0.0549476 
47252 -0.34461 0.0959712 
47253 -0.351399 0.248259 
47254 -0.35834 0.402182 
47255 -0.180339 -0.197322 
47256 -0.18624 -0.0491671 
47257 -0.192347 0.100374 
47258 -0.198288 0.251685 
47259 -0.204335 0.404607 
47260 -0.0319667 -0.190797 
47261 -0.0368888 -0.0436849 
47262 -0.0421927 0.104966 
47263 -0.0474288 0.255124 
47264 -0.052791 0.406811 
47265 0.114621 -0.184282 
47266 0.110154 -0.0382446 
47267 0.105882 0.109441 
47268 0.101363 0.258571 
47269 0.0971208 0.409126 
47270 0.259007 -0.178025 
47271 0.255338 -0.0328091 
47272 0.251729 0.113686 
47273 0.248123 0.261892 
47274 0.244447 0.411479 
