3760 -0.333474 -0.216703 
3761 -0.33365 -0.017042 
3762 -0.333561 0.1833 
3763 -0.332945 0.38337 
3764 -0.166743 -0.216555 
3765 -0.166905 -0.0169291 
3766 -0.166288 0.183363 
3767 -0.166739 0.383833 
3768 0.000418074 -0.216413 
3769 0.000253465 -0.0166962 
3770 -0.000141813 0.183317 
3771 -0.000215619 0.383028 
3772 0.166816 -0.216459 
3773 0.166599 -0.0169487 
3774 0.166649 0.183197 
3775 0.167017 0.383406 
3776 0.333458 -0.21711 
3777 0.333185 -0.0168459 
3778 0.333561 0.183538 
3779 0.332927 0.383063 
3780 -0.320275 -0.201812 
3781 -0.319756 -0.0198607 
3782 -0.319706 0.162695 
3783 -0.319795 0.345134 
3784 -0.168305 -0.20152 
3785 -0.167931 -0.0199854 
3786 -0.168013 0.162469 
3787 -0.167907 0.344697 
3788 -0.0163254 -0.201826 
3789 -0.016338 -0.0201576 
3790 -0.0157207 0.161597 
3791 -0.015336 0.343665 
3792 0.134725 -0.20178 
3793 0.13538 -0.0204474 
3794 0.135248 0.161788 
3795 0.135658 0.342885 
3796 0.286471 -0.20244 
3797 0.286774 -0.0201694 
3798 0.286601 0.161177 
3799 0.286674 0.342864 
3800 -0.310415 -0.190313 
3801 -0.309971 -0.0223542 
3802 -0.309232 0.14499 
3803 -0.308063 0.311547 
3804 -0.170528 -0.189859 
3805 -0.170156 -0.0232125 
3806 -0.16961 0.144549 
3807 -0.168488 0.31069 
3808 -0.0312661 -0.190732 
3809 -0.0307155 -0.0234398 
3810 -0.0297455 0.143894 
3811 -0.0298144 0.310412 
3812 0.108421 -0.189996 
3813 0.108591 -0.0240461 
3814 0.108728 0.142914 
3815 0.10947 0.309014 
3816 0.246505 -0.190476 
3817 0.247038 -0.0238829 
3818 0.24747 0.142749 
3819 0.247558 0.308384 
3820 -0.301244 -0.180411 
3821 -0.300504 -0.0253342 
3822 -0.300193 0.12955 
3823 -0.299085 0.283212 
3824 -0.17184 -0.180647 
3825 -0.171225 -0.0262535 
3826 -0.1703 0.128413 
3827 -0.170005 0.282215 
3828 -0.0435255 -0.180798 
3829 -0.0424771 -0.0259257 
3830 -0.0414377 0.127332 
3831 -0.0407837 0.281742 
3832 0.085589 -0.181216 
3833 0.0861086 -0.026618 
3834 0.0862571 0.126843 
3835 0.0863894 0.280376 
3836 0.213202 -0.180805 
3837 0.2137 -0.0269088 
3838 0.214061 0.126421 
3839 0.213901 0.278947 
3840 -0.294688 -0.172537 
3841 -0.293023 -0.0289817 
3842 -0.292003 0.115306 
3843 -0.290981 0.25869 
3844 -0.173646 -0.173099 
3845 -0.172696 -0.0287697 
3846 -0.172243 0.114195 
3847 -0.171444 0.257931 
3848 -0.0538345 -0.173566 
3849 -0.0528843 -0.0291935 
3850 -0.0529799 0.113247 
3851 -0.0514577 0.25571 
3852 0.065508 -0.17373 
3853 0.0661081 -0.0304701 
3854 0.0666294 0.112787 
3855 0.0669331 0.254477 
3856 0.183894 -0.173948 
3857 0.184966 -0.030375 
3858 0.185326 0.112146 
3859 0.185867 0.254025 
3860 -0.288851 -0.166862 
3861 -0.287818 -0.031317 
3862 -0.285869 0.102832 
3863 -0.285221 0.236741 
3864 -0.175928 -0.166196 
3865 -0.175176 -0.0325401 
3866 -0.173403 0.101459 
3867 -0.172481 0.235513 
3868 -0.0639436 -0.166411 
3869 -0.0627879 -0.0332509 
3870 -0.0620267 0.100502 
3871 -0.0614322 0.234176 
3872 0.0475066 -0.167202 
3873 0.0486451 -0.0335271 
3874 0.048883 0.0995314 
3875 0.050106 0.232519 
3876 0.158483 -0.167234 
3877 0.158695 -0.0341525 
3878 0.159838 0.0990659 
3879 0.160227 0.231187 
3880 -0.284104 -0.160765 
3881 -0.2822 -0.0341844 
3882 -0.281392 0.0910528 
3883 -0.280016 0.217427 
3884 -0.177758 -0.161731 
3885 -0.17687 -0.0348842 
3886 -0.175896 0.0902645 
3887 -0.174107 0.215242 
3888 -0.0725282 -0.161904 
3889 -0.071307 -0.0358252 
3890 -0.070612 0.0892272 
3891 -0.0690955 0.214197 
3892 0.0325564 -0.161717 
3893 0.0326779 -0.0369921 
3894 0.0337062 0.0886612 
3895 0.034827 0.21226 
3896 0.136306 -0.162325 
3897 0.136584 -0.0373145 
3898 0.136747 0.0867344 
3899 0.13823 0.211647 
3900 -0.279941 -0.15722 
3901 -0.277645 -0.0382034 
3902 -0.277045 0.0809327 
3903 -0.275366 0.199304 
3904 -0.179353 -0.156847 
3905 -0.17836 -0.0381732 
3906 -0.177121 0.0801874 
3907 -0.175593 0.197606 
3908 -0.0805471 -0.157087 
3909 -0.0794052 -0.0393232 
3910 -0.0787858 0.0792585 
3911 -0.0775601 0.196064 
3912 0.0181589 -0.15749 
3913 0.0190702 -0.040033 
3914 0.0197506 0.0777453 
3915 0.0203065 0.194395 
3916 0.115927 -0.157776 
3917 0.116575 -0.0408335 
3918 0.11709 0.0770592 
3919 0.118194 0.193284 
3920 -0.276378 -0.15338 
3921 -0.274804 -0.0408203 
3922 -0.27258 0.0716196 
3923 -0.271526 0.182664 
3924 -0.18121 -0.154082 
3925 -0.179976 -0.0410697 
3926 -0.17898 0.0706106 
3927 -0.177685 0.181417 
3928 -0.087424 -0.154121 
3929 -0.0863428 -0.0427059 
3930 -0.0859767 0.0694926 
3931 -0.0842493 0.180356 
3932 0.005798 -0.154907 
3933 0.00638747 -0.0427666 
3934 0.00763146 0.0680484 
3935 0.00798201 0.17824 
3936 0.097371 -0.154171 
3937 0.0985761 -0.0439632 
3938 0.0987012 0.0675138 
3939 0.0994867 0.176693 
3940 -0.272693 -0.150556 
3941 -0.271838 -0.0444931 
3942 -0.270075 0.0621918 
3943 -0.268794 0.168467 
3944 -0.183208 -0.151315 
3945 -0.182038 -0.0448995 
3946 -0.180783 0.061756 
3947 -0.179872 0.166944 
3948 -0.093974 -0.151356 
3949 -0.0935622 -0.0449005 
3950 -0.0922087 0.0605797 
3951 -0.0906867 0.165162 
3952 -0.00570242 -0.151605 
3953 -0.00489344 -0.0455121 
3954 -0.00452383 0.0594194 
3955 -0.00395345 0.163471 
3956 0.0810579 -0.151764 
3957 0.0818198 -0.0470104 
3958 0.0824663 0.0585614 
3959 0.0836486 0.16206 
3960 -0.27071 -0.148517 
3961 -0.268712 -0.0470473 
3962 -0.2678 0.0537214 
3963 -0.266143 0.154502 
3964 -0.184874 -0.148859 
3965 -0.183926 -0.047388 
3966 -0.182637 0.0534026 
3967 -0.181015 0.153746 
3968 -0.10029 -0.149137 
3969 -0.0999779 -0.0479324 
3970 -0.0983277 0.0517437 
3971 -0.0970925 0.152106 
3972 -0.0169434 -0.149549 
3973 -0.0155238 -0.0493302 
3974 -0.0145252 0.0508457 
3975 -0.0145022 0.150742 
3976 0.0667334 -0.149704 
3977 0.0667634 -0.0493974 
3978 0.0679709 0.0502904 
3979 0.0684545 0.148877 
3980 -0.268432 -0.147585 
3981 -0.267354 -0.0503635 
3982 -0.265143 0.0460753 
3983 -0.264366 0.14222 
3984 -0.187654 -0.147226 
3985 -0.185926 -0.0508664 
3986 -0.184455 0.0450779 
3987 -0.183449 0.141148 
3988 -0.106108 -0.147222 
3989 -0.105646 -0.0511761 
3990 -0.104216 0.0441987 
3991 -0.102664 0.138982 
3992 -0.0264163 -0.147573 
3993 -0.0259276 -0.0514944 
3994 -0.0247158 0.0433272 
3995 -0.0241827 0.138257 
3996 0.0530496 -0.147433 
3997 0.0531196 -0.0524897 
3998 0.0541498 0.0427288 
3999 0.0549025 0.135977 
4000 -0.267103 -0.145618 
4001 -0.265085 -0.0537053 
4002 -0.263558 0.0387374 
4003 -0.262365 0.130511 
4004 -0.188701 -0.145522 
4005 -0.188142 -0.0535101 
4006 -0.186412 0.0378385 
4007 -0.18466 0.128942 
4008 -0.112258 -0.146174 
4009 -0.110713 -0.0541772 
4010 -0.11011 0.0368626 
4011 -0.108196 0.128092 
4012 -0.0354565 -0.145945 
4013 -0.03415 -0.0551683 
4014 -0.0341763 0.0360071 
4015 -0.0326645 0.126374 
4016 0.0406857 -0.14606 
4017 0.0413358 -0.0551108 
4018 0.0414775 0.035236 
4019 0.0423689 0.124797 
4020 -0.265396 -0.145343 
4021 -0.264197 -0.0557361 
4022 -0.262838 0.031698 
4023 -0.260755 0.119566 
4024 -0.19056 -0.144809 
4025 -0.189541 -0.0566977 
4026 -0.188166 0.0308032 
4027 -0.187183 0.118033 
4028 -0.116788 -0.145358 
4029 -0.116017 -0.0572799 
4030 -0.115403 0.0298785 
4031 -0.113652 0.117337 
4032 -0.0442734 -0.144659 
4033 -0.0426944 -0.0580267 
4034 -0.042283 0.0294611 
4035 -0.0413087 0.115301 
4036 0.0287601 -0.14488 
4037 0.0286918 -0.057987 
4038 0.0302437 0.0283428 
4039 0.0302877 0.113845 
4040 -0.264778 -0.14396 
4041 -0.26256 -0.0587647 
4042 -0.261421 0.0254771 
4043 -0.259627 0.109602 
4044 -0.192759 -0.143885 
4045 -0.191462 -0.0597152 
4046 -0.190248 0.0240739 
4047 -0.188695 0.108228 
4048 -0.122332 -0.144459 
4049 -0.120517 -0.0599102 
4050 -0.1203 0.0236266 
4051 -0.118882 0.106775 
4052 -0.0522862 -0.144715 
4053 -0.0508529 -0.06094 
4054 -0.0497771 0.0232544 
4055 -0.0489296 0.105418 
4056 0.0181068 -0.144185 
4057 0.0184721 -0.0606829 
4058 0.0183931 0.0218161 
4059 0.0194141 0.104604 
4060 -0.263476 -0.143629 
4061 -0.262321 -0.0620097 
4062 -0.260598 0.0193618 
4063 -0.259234 0.0992939 
4064 -0.194264 -0.144049 
4065 -0.193387 -0.0629407 
4066 -0.192735 0.0182431 
4067 -0.190978 0.0986394 
4068 -0.126812 -0.143328 
4069 -0.125529 -0.0630148 
4070 -0.124365 0.0171469 
4071 -0.123578 0.0969413 
4072 -0.0590045 -0.143942 
4073 -0.0585157 -0.0634973 
4074 -0.0575027 0.016375 
4075 -0.0573517 0.0961966 
4076 0.00713825 -0.14322 
4077 0.00853127 -0.063294 
4078 0.00837092 0.0161178 
4079 0.00918342 0.095479 
4080 -0.262947 -0.143948 
4081 -0.261719 -0.0647287 
4082 -0.259691 0.0134702 
4083 -0.258959 0.0903012 
4084 -0.196804 -0.143149 
4085 -0.195769 -0.0649401 
4086 -0.193925 0.0128464 
4087 -0.193286 0.090037 
4088 -0.130598 -0.143099 
4089 -0.130458 -0.0657199 
4090 -0.129549 0.0114108 
4091 -0.12795 0.0883817 
4092 -0.0664835 -0.143735 
4093 -0.0650836 -0.0654354 
4094 -0.0647803 0.010973 
4095 -0.0639812 0.0875843 
4096 -0.00215398 -0.143316 
4097 -0.00112818 -0.0665596 
4098 -0.000643859 0.0102766 
4099 -0.000661459 0.0859553 
4100 -0.262165 -0.14371 
4101 -0.261492 -0.0683064 
4102 -0.259632 0.00735183 
4103 -0.258441 0.0824525 
4104 -0.198141 -0.143458 
4105 -0.197373 -0.0681956 
4106 -0.196455 0.00678363 
4107 -0.195327 0.081266 
4108 -0.134834 -0.14368 
4109 -0.134479 -0.0685715 
4110 -0.13387 0.00637862 
4111 -0.132268 0.0797774 
4112 -0.0726148 -0.143157 
4113 -0.0725742 -0.0690187 
4114 -0.0711336 0.00569252 
4115 -0.0708771 0.0787849 
4116 -0.0113052 -0.143063 
4117 -0.0104502 -0.068648 
4118 -0.010008 0.0046458 
4119 -0.00993525 0.0777164 
4120 -0.262105 -0.143869 
4121 -0.261291 -0.0707659 
4122 -0.259247 0.00237648 
4123 -0.258808 0.0738723 
4124 -0.200388 -0.143414 
4125 -0.198943 -0.0708438 
4126 -0.198812 0.00102772 
4127 -0.196905 0.0729977 
4128 -0.139573 -0.142929 
4129 -0.138845 -0.0708885 
4130 -0.13785 0.00103309 
4131 -0.137181 0.0723746 
4132 -0.079298 -0.143348 
4133 -0.0784513 -0.0713009 
4134 -0.0774127 0.000712564 
4135 -0.0768883 0.0717429 
4136 -0.0191058 -0.142663 
4137 -0.019281 -0.0715146 
4138 -0.018666 5.31059e-05 
4139 -0.0179061 0.0703076 
4140 -0.26189 -0.144166 
4141 -0.260309 -0.0731115 
4142 -0.26008 -0.00296122 
4143 -0.258423 0.0662682 
4144 -0.202703 -0.143445 
4145 -0.20169 -0.073607 
4146 -0.200241 -0.00388103 
4147 -0.199349 0.0655461 
4148 -0.143325 -0.143352 
4149 -0.142344 -0.0731299 
4150 -0.141869 -0.00367444 
4151 -0.141181 0.0646532 
4152 -0.0855072 -0.142861 
4153 -0.0841315 -0.0738458 
4154 -0.0837181 -0.00414063 
4155 -0.0837966 0.0641627 
4156 -0.0276286 -0.143165 
4157 -0.0273852 -0.0741016 
4158 -0.0270185 -0.00476976 
4159 -0.0268565 0.0629773 
