47000 -0.333269 -0.250046 
47001 -0.333422 -0.0833876 
47002 -0.333317 0.0834124 
47003 -0.333302 0.250056 
47004 -0.333368 0.416558 
47005 -0.166608 -0.249962 
47006 -0.166676 -0.0832991 
47007 -0.166874 0.0834786 
47008 -0.166617 0.250044 
47009 -0.166632 0.416629 
47010 1.52944e-05 -0.250047 
47011 0.00011102 -0.0834881 
47012 0.000126957 0.0832638 
47013 -4.68767e-05 0.250043 
47014 6.04273e-05 0.416641 
47015 0.166651 -0.249975 
47016 0.166739 -0.0832683 
47017 0.166785 0.0833469 
47018 0.16669 0.250044 
47019 0.166557 0.416709 
47020 0.333425 -0.250046 
47021 0.333368 -0.0832317 
47022 0.333359 0.0833649 
47023 0.333235 0.250043 
47024 0.33326 0.416757 
47025 -0.332931 -0.24729 
47026 -0.3334 -0.081656 
47027 -0.333784 0.0839378 
47028 -0.334307 0.249875 
47029 -0.334574 0.415967 
47030 -0.167225 -0.24695 
47031 -0.167719 -0.0812846 
47032 -0.168056 0.0843255 
47033 -0.168354 0.25013 
47034 -0.168666 0.416029 
47035 -0.00162723 -0.246439 
47036 -0.0019599 -0.0809076 
47037 -0.00221293 0.0846319 
47038 -0.00248552 0.250357 
47039 -0.00293078 0.41612 
47040 0.163806 -0.245981 
47041 0.163658 -0.0805859 
47042 0.163065 0.0848379 
47043 0.162972 0.250599 
47044 0.162721 0.416313 
47045 0.329109 -0.245646 
47046 0.32888 -0.0802234 
47047 0.328628 0.0851301 
47048 0.328606 0.250791 
47049 0.328183 0.416465 
47050 -0.33278 -0.244424 
47051 -0.333289 -0.0799496 
47052 -0.334296 0.084875 
47053 -0.335084 0.249866 
47054 -0.335925 0.415178 
47055 -0.167818 -0.243727 
47056 -0.168526 -0.0791796 
47057 -0.169271 0.0853897 
47058 -0.169986 0.250489 
47059 -0.170699 0.415496 
47060 -0.00349714 -0.242925 
47061 -0.00396091 -0.078579 
47062 -0.00443955 0.0859945 
47063 -0.00516471 0.250792 
47064 -0.00571254 0.415691 
47065 0.16083 -0.241948 
47066 0.160425 -0.0777929 
47067 0.159744 0.0864327 
47068 0.159308 0.251125 
47069 0.158976 0.415965 
47070 0.324885 -0.241231 
47071 0.324427 -0.0771664 
47072 0.324041 0.0869402 
47073 0.323641 0.251592 
47074 0.323259 0.416296 
47075 -0.332246 -0.241679 
47076 -0.333603 -0.0780556 
47077 -0.334887 0.0858599 
47078 -0.335985 0.250208 
47079 -0.337182 0.414654 
47080 -0.168659 -0.240482 
47081 -0.169506 -0.0770676 
47082 -0.170645 0.0866118 
47083 -0.171593 0.250734 
47084 -0.172636 0.414918 
47085 -0.00502326 -0.239263 
47086 -0.00597409 -0.0760773 
47087 -0.0068056 0.0874147 
47088 -0.00760045 0.251347 
47089 -0.00860173 0.415463 
47090 0.157966 -0.238068 
47091 0.157338 -0.0751122 
47092 0.156523 0.0882997 
47093 0.155878 0.251879 
47094 0.155197 0.415658 
47095 0.320773 -0.236996 
47096 0.31999 -0.0742174 
47097 0.31956 0.0889569 
47098 0.31907 0.25237 
47099 0.318408 0.416013 
47100 -0.332249 -0.238573 
47101 -0.333639 -0.0760641 
47102 -0.335226 0.0869124 
47103 -0.336777 0.250308 
47104 -0.338403 0.414084 
47105 -0.169122 -0.237238 
47106 -0.170539 -0.0748828 
47107 -0.171895 0.087909 
47108 -0.173183 0.2511 
47109 -0.174548 0.414606 
47110 -0.00681816 -0.235555 
47111 -0.00783877 -0.0735493 
47112 -0.00908745 0.0889195 
47113 -0.0100983 0.251744 
47114 -0.0113317 0.41517 
47115 0.155227 -0.234128 
47116 0.154119 -0.0724812 
47117 0.153381 0.0898456 
47118 0.152456 0.252567 
47119 0.151477 0.415681 
47120 0.31644 -0.232551 
47121 0.31582 -0.0709745 
47122 0.315192 0.0908963 
47123 0.314366 0.253316 
47124 0.313627 0.415989 
47125 -0.331995 -0.235559 
47126 -0.333708 -0.0740103 
47127 -0.335657 0.0879383 
47128 -0.337537 0.250581 
47129 -0.33955 0.413893 
47130 -0.169812 -0.23378 
47131 -0.171428 -0.0726336 
47132 -0.173051 0.0893739 
47133 -0.174649 0.251639 
47134 -0.176435 0.414494 
47135 -0.00851222 -0.23198 
47136 -0.00979642 -0.0709359 
47137 -0.0112395 0.0904762 
47138 -0.012578 0.252541 
47139 -0.0138575 0.414921 
47140 0.152173 -0.230185 
47141 0.151148 -0.0695157 
47142 0.150102 0.0917084 
47143 0.149006 0.253261 
47144 0.147831 0.41549 
47145 0.312426 -0.228428 
47146 0.31166 -0.0680271 
47147 0.310636 0.0928666 
47148 0.309857 0.254233 
47149 0.30906 0.416106 
47150 -0.3318 -0.232583 
47151 -0.333999 -0.0718554 
47152 -0.33615 0.0893681 
47153 -0.338439 0.251206 
47154 -0.34069 0.413659 
47155 -0.170641 -0.230484 
47156 -0.172383 -0.070178 
47157 -0.17446 0.0906248 
47158 -0.17631 0.252221 
47159 -0.178186 0.414473 
47160 -0.0101492 -0.228333 
47161 -0.0118097 -0.0684198 
47162 -0.0134018 0.091955 
47163 -0.014853 0.253081 
47164 -0.0164964 0.41494 
47165 0.149415 -0.226175 
47166 0.148149 -0.066784 
47167 0.146896 0.0933353 
47168 0.145532 0.254188 
47169 0.144345 0.415597 
47170 0.30826 -0.224195 
47171 0.30728 -0.0649738 
47172 0.306405 0.0947991 
47173 0.305491 0.254988 
47174 0.304496 0.415967 
47175 -0.331611 -0.229526 
47176 -0.334167 -0.0699479 
47177 -0.336649 0.0906884 
47178 -0.339324 0.251657 
47179 -0.341882 0.413562 
47180 -0.17124 -0.22705 
47181 -0.173479 -0.0677882 
47182 -0.175637 0.0921675 
47183 -0.177913 0.252848 
47184 -0.179998 0.414273 
47185 -0.0119309 -0.224732 
47186 -0.0137713 -0.0658492 
47187 -0.0155761 0.0937026 
47188 -0.0172533 0.253927 
47189 -0.0189481 0.41486 
47190 0.146405 -0.2222 
47191 0.144999 -0.0639285 
47192 0.143736 0.095108 
47193 0.142366 0.254963 
47194 0.140928 0.415429 
47195 0.304174 -0.219799 
47196 0.303132 -0.0618512 
47197 0.302186 0.0965316 
47198 0.301149 0.255997 
47199 0.300146 0.416015 
47200 -0.331492 -0.226095 
47201 -0.334335 -0.0676807 
47202 -0.337161 0.0919288 
47203 -0.339996 0.25235 
47204 -0.342924 0.413643 
47205 -0.171998 -0.223673 
47206 -0.174446 -0.0653425 
47207 -0.176847 0.093707 
47208 -0.179334 0.253478 
47209 -0.18147 0.414319 
47210 -0.013777 -0.220946 
47211 -0.0156698 -0.0632149 
47212 -0.0174522 0.0954141 
47213 -0.0196308 0.25478 
47214 -0.0215407 0.414948 
47215 0.143584 -0.218338 
47216 0.142055 -0.061112 
47217 0.140585 0.0969201 
47218 0.139152 0.255935 
47219 0.137532 0.415509 
47220 0.299988 -0.215587 
47221 0.298929 -0.0590697 
47222 0.297898 0.0984877 
47223 0.296785 0.256918 
47224 0.29563 0.416034 
47225 -0.33151 -0.222999 
47226 -0.334567 -0.0652603 
47227 -0.337603 0.0934368 
47228 -0.340757 0.253119 
47229 -0.343887 0.413803 
47230 -0.172893 -0.220136 
47231 -0.175489 -0.0629702 
47232 -0.178152 0.0953102 
47233 -0.180733 0.254276 
47234 -0.183392 0.414386 
47235 -0.0154218 -0.217195 
47236 -0.0176175 -0.0606416 
47237 -0.0196404 0.096856 
47238 -0.021648 0.255422 
47239 -0.0238816 0.415175 
47240 0.140842 -0.214502 
47241 0.139422 -0.0582256 
47242 0.137554 0.0987188 
47243 0.135954 0.256705 
47244 0.134395 0.415707 
47245 0.295901 -0.211475 
47246 0.294935 -0.0559267 
47247 0.293916 0.100446 
47248 0.292551 0.257864 
47249 0.291581 0.416238 
47250 -0.331432 -0.219766 
47251 -0.334928 -0.0630329 
47252 -0.338038 0.0949049 
47253 -0.341514 0.253909 
47254 -0.344813 0.414111 
47255 -0.173819 -0.216553 
47256 -0.176531 -0.0604911 
47257 -0.179275 0.0967096 
47258 -0.182087 0.254936 
47259 -0.184965 0.414546 
47260 -0.0173603 -0.213574 
47261 -0.0195135 -0.0579739 
47262 -0.0218592 0.0986186 
47263 -0.0240185 0.256297 
47264 -0.0262757 0.415241 
47265 0.13782 -0.210692 
47266 0.136291 -0.0555061 
47267 0.134656 0.10041 
47268 0.132903 0.257622 
47269 0.131245 0.415926 
47270 0.291894 -0.207563 
47271 0.290735 -0.0531379 
47272 0.289636 0.102413 
47273 0.288633 0.258924 
47274 0.287508 0.416578 
47275 -0.331497 -0.216488 
47276 -0.335073 -0.0606127 
47277 -0.338441 0.0964979 
47278 -0.342075 0.254692 
47279 -0.345749 0.414226 
47280 -0.174673 -0.213191 
47281 -0.177564 -0.0579711 
47282 -0.180544 0.0985011 
47283 -0.183421 0.255935 
47284 -0.186329 0.414952 
47285 -0.0191339 -0.210018 
47286 -0.0214655 -0.055425 
47287 -0.0237292 0.100438 
47288 -0.025952 0.257211 
47289 -0.0285474 0.415367 
47290 0.135124 -0.206765 
47291 0.133383 -0.05284 
47292 0.131514 0.102329 
47293 0.129889 0.258614 
47294 0.128121 0.415949 
47295 0.287737 -0.203473 
47296 0.286683 -0.0502701 
47297 0.285507 0.104146 
47298 0.28445 0.259769 
47299 0.283358 0.41667 
47300 -0.331616 -0.21309 
47301 -0.335197 -0.058214 
47302 -0.339089 0.098078 
47303 -0.342758 0.25564 
47304 -0.346584 0.414558 
47305 -0.175568 -0.209743 
47306 -0.178608 -0.0554617 
47307 -0.181712 0.100152 
47308 -0.184777 0.256964 
47309 -0.187926 0.415227 
47310 -0.0208514 -0.20623 
47311 -0.0233595 -0.052781 
47312 -0.0257262 0.101982 
47313 -0.0282095 0.25819 
47314 -0.0306896 0.4158 
47315 0.132101 -0.202996 
47316 0.130361 -0.0501032 
47317 0.128706 0.104083 
47318 0.126827 0.259425 
47319 0.125018 0.416129 
47320 0.283916 -0.199581 
47321 0.282751 -0.0474605 
47322 0.2816 0.105978 
47323 0.280587 0.260638 
47324 0.279506 0.416786 
47325 -0.331604 -0.209758 
47326 -0.335446 -0.0557117 
47327 -0.339495 0.099775 
47328 -0.343589 0.256785 
47329 -0.347503 0.415101 
47330 -0.17646 -0.206228 
47331 -0.179819 -0.0529361 
47332 -0.182847 0.101791 
47333 -0.186022 0.257924 
47334 -0.189322 0.415458 
47335 -0.0228468 -0.202716 
47336 -0.0255165 -0.0502095 
47337 -0.0278024 0.103786 
47338 -0.0302233 0.259104 
47339 -0.0328429 0.415876 
47340 0.129336 -0.199135 
47341 0.127563 -0.0475035 
47342 0.125774 0.105837 
47343 0.123984 0.260337 
47344 0.122046 0.416519 
47345 0.279879 -0.195696 
47346 0.278767 -0.0446305 
47347 0.277791 0.107754 
47348 0.276663 0.261629 
47349 0.275544 0.416844 
47350 -0.331739 -0.206419 
47351 -0.336052 -0.0532338 
47352 -0.340034 0.101521 
47353 -0.344123 0.257606 
47354 -0.34846 0.415567 
47355 -0.177496 -0.202691 
47356 -0.180783 -0.0504113 
47357 -0.183984 0.103566 
47358 -0.187312 0.258871 
47359 -0.190849 0.415859 
47360 -0.0248622 -0.199167 
47361 -0.0271348 -0.0475133 
47362 -0.0297702 0.105401 
47363 -0.032372 0.260031 
47364 -0.035005 0.416348 
47365 0.126399 -0.19551 
47366 0.124609 -0.0447755 
47367 0.122893 0.10748 
47368 0.121106 0.261225 
47369 0.119067 0.416516 
47370 0.27593 -0.191851 
47371 0.274915 -0.0418991 
47372 0.273785 0.109579 
47373 0.272821 0.262526 
47374 0.271868 0.416949 
47375 -0.332079 -0.20296 
47376 -0.336174 -0.0507635 
47377 -0.340442 0.103211 
47378 -0.344805 0.258759 
47379 -0.349165 0.416122 
47380 -0.178377 -0.199195 
47381 -0.181701 -0.0476926 
47382 -0.185316 0.105338 
47383 -0.188673 0.259923 
47384 -0.192152 0.416201 
47385 -0.026596 -0.195447 
47386 -0.0292008 -0.044969 
47387 -0.0317328 0.10729 
47388 -0.0343381 0.261081 
47389 -0.0369087 0.416483 
47390 0.123612 -0.19199 
47391 0.121779 -0.0421548 
47392 0.120008 0.109267 
47393 0.118153 0.262125 
47394 0.116437 0.416837 
47395 0.271944 -0.188097 
47396 0.271014 -0.0394181 
47397 0.269913 0.11109 
47398 0.269105 0.263165 
47399 0.268028 0.417023 
47400 -0.332225 -0.199693 
47401 -0.336526 -0.0481739 
47402 -0.340987 0.104936 
47403 -0.345371 0.259832 
47404 -0.349871 0.416788 
47405 -0.179513 -0.195794 
47406 -0.182851 -0.0452083 
47407 -0.186422 0.106806 
47408 -0.189813 0.260966 
47409 -0.193372 0.416696 
47410 -0.0285026 -0.191914 
47411 -0.0310905 -0.0423677 
47412 -0.033687 0.108979 
47413 -0.0362828 0.262091 
47414 -0.03892 0.41686 
47415 0.120561 -0.18841 
47416 0.118834 -0.0395484 
47417 0.117318 0.110903 
47418 0.115454 0.262996 
47419 0.113723 0.41693 
47420 0.267956 -0.18461 
47421 0.267074 -0.0368016 
47422 0.266363 0.112829 
47423 0.265342 0.264167 
47424 0.26446 0.417024 
47425 -0.332459 -0.196264 
47426 -0.336949 -0.0457225 
47427 -0.341273 0.10674 
47428 -0.345935 0.260914 
47429 -0.350524 0.417225 
47430 -0.180517 -0.192375 
47431 -0.184047 -0.0428203 
47432 -0.187543 0.108682 
47433 -0.191099 0.261817 
47434 -0.194686 0.417332 
47435 -0.0304437 -0.188548 
47436 -0.0329964 -0.039927 
47437 -0.0355128 0.110675 
47438 -0.038146 0.26298 
47439 -0.0408046 0.417259 
47440 0.117755 -0.184886 
47441 0.116104 -0.0370911 
47442 0.114388 0.112567 
47443 0.112707 0.26387 
47444 0.111005 0.417218 
47445 0.264023 -0.180984 
47446 0.263153 -0.0341704 
47447 0.262376 0.114416 
47448 0.261638 0.26479 
47449 0.260936 0.417068 
47450 -0.332897 -0.192836 
47451 -0.33736 -0.0431759 
47452 -0.341786 0.108532 
47453 -0.346477 0.262203 
47454 -0.351177 0.417917 
47455 -0.181618 -0.188926 
47456 -0.185059 -0.0402551 
47457 -0.188575 0.110454 
47458 -0.192169 0.263149 
47459 -0.195916 0.417689 
47460 -0.0324688 -0.185138 
47461 -0.0349339 -0.0375063 
47462 -0.0374826 0.112237 
47463 -0.0400577 0.263869 
47464 -0.0427633 0.417524 
47465 0.114853 -0.181412 
47466 0.113279 -0.0345416 
47467 0.111656 0.114093 
47468 0.110006 0.264814 
47469 0.108479 0.417278 
47470 0.260264 -0.177592 
47471 0.259482 -0.0318662 
47472 0.258877 0.115973 
47473 0.258211 0.265637 
47474 0.257417 0.417087 
47475 -0.333119 -0.189476 
47476 -0.33772 -0.040615 
47477 -0.342352 0.110441 
47478 -0.346927 0.263474 
47479 -0.351757 0.418524 
47480 -0.182747 -0.185728 
47481 -0.186307 -0.0377956 
47482 -0.189699 0.11214 
47483 -0.193414 0.264213 
47484 -0.196969 0.418243 
47485 -0.0342793 -0.181744 
47486 -0.0368381 -0.0349116 
47487 -0.0393267 0.113964 
47488 -0.0417786 0.264858 
47489 -0.0443424 0.417809 
47490 0.111878 -0.177984 
47491 0.110575 -0.0320882 
47492 0.108782 0.115671 
47493 0.107376 0.2655 
47494 0.105965 0.417373 
47495 0.256142 -0.174303 
47496 0.255601 -0.0294399 
47497 0.255344 0.117344 
47498 0.254736 0.266208 
47499 0.254262 0.417025 
