47275 -0.333425 -0.249993 
47276 -0.333292 -0.0832925 
47277 -0.333415 0.0834447 
47278 -0.333339 0.250012 
47279 -0.333334 0.416658 
47280 -0.166659 -0.249893 
47281 -0.166587 -0.0833676 
47282 -0.166717 0.0833964 
47283 -0.16665 0.250071 
47284 -0.16661 0.416825 
47285 -4.05096e-05 -0.250063 
47286 -0.000107264 -0.0832955 
47287 -6.7649e-05 0.0832234 
47288 9.91269e-05 0.249943 
47289 4.91086e-06 0.416624 
47290 0.166653 -0.249905 
47291 0.16668 -0.0833287 
47292 0.166693 0.0833435 
47293 0.166585 0.249981 
47294 0.166711 0.416594 
47295 0.333337 -0.249941 
47296 0.333351 -0.0833764 
47297 0.333377 0.0832669 
47298 0.333253 0.249995 
47299 0.333427 0.416728 
47300 -0.333101 -0.246408 
47301 -0.333455 -0.080661 
47302 -0.333665 0.0849638 
47303 -0.333901 0.25095 
47304 -0.334058 0.416887 
47305 -0.167423 -0.246143 
47306 -0.1676 -0.0805856 
47307 -0.167737 0.0849906 
47308 -0.16811 0.250852 
47309 -0.168167 0.416862 
47310 -0.00190609 -0.245913 
47311 -0.00204859 -0.0805396 
47312 -0.0021349 0.0850977 
47313 -0.00222438 0.250863 
47314 -0.0022458 0.416697 
47315 0.16351 -0.24561 
47316 0.163577 -0.0804168 
47317 0.163454 0.0851243 
47318 0.16335 0.250932 
47319 0.163311 0.416881 
47320 0.328842 -0.245476 
47321 0.328784 -0.0801413 
47322 0.328868 0.0851463 
47323 0.328893 0.250994 
47324 0.329182 0.416675 
47325 -0.333001 -0.242698 
47326 -0.333434 -0.0782073 
47327 -0.334036 0.0866201 
47328 -0.33444 0.25182 
47329 -0.334881 0.417226 
47330 -0.168339 -0.242202 
47331 -0.168668 -0.0778027 
47332 -0.168949 0.0868054 
47333 -0.169228 0.251691 
47334 -0.169645 0.416988 
47335 -0.00371218 -0.241895 
47336 -0.00394694 -0.0776482 
47337 -0.00407747 0.0869945 
47338 -0.00434029 0.251759 
47339 -0.00454406 0.416924 
47340 0.160364 -0.241446 
47341 0.160447 -0.0772976 
47342 0.160325 0.0870701 
47343 0.160188 0.251775 
47344 0.160267 0.416805 
47345 0.32435 -0.241058 
47346 0.32454 -0.0770476 
47347 0.324617 0.0871517 
47348 0.324584 0.251746 
47349 0.32471 0.416576 
47350 -0.332782 -0.239036 
47351 -0.333579 -0.0754818 
47352 -0.334392 0.0885007 
47353 -0.335032 0.252742 
47354 -0.335616 0.41755 
47355 -0.169113 -0.238443 
47356 -0.169462 -0.0750038 
47357 -0.170029 0.0886793 
47358 -0.170439 0.25287 
47359 -0.170972 0.417382 
47360 -0.00565511 -0.237905 
47361 -0.00595022 -0.0748249 
47362 -0.00617872 0.0887344 
47363 -0.00652243 0.252594 
47364 -0.00679276 0.416999 
47365 0.157279 -0.237405 
47366 0.157191 -0.0744474 
47367 0.157359 0.088918 
47368 0.157159 0.252777 
47369 0.157102 0.416858 
47370 0.319941 -0.236702 
47371 0.320053 -0.0739717 
47372 0.32035 0.088992 
47373 0.320352 0.252621 
47374 0.320566 0.4166 
47375 -0.332861 -0.235312 
47376 -0.333695 -0.0727194 
47377 -0.334568 0.0902196 
47378 -0.335529 0.253756 
47379 -0.336148 0.418016 
47380 -0.170045 -0.23462 
47381 -0.170688 -0.0723397 
47382 -0.171209 0.0904216 
47383 -0.171777 0.253812 
47384 -0.172289 0.417715 
47385 -0.0078737 -0.233913 
47386 -0.00810153 -0.0718425 
47387 -0.00819486 0.0906144 
47388 -0.00841844 0.253559 
47389 -0.00896066 0.417298 
47390 0.154236 -0.233363 
47391 0.15433 -0.0715161 
47392 0.15414 0.090748 
47393 0.154185 0.253508 
47394 0.154089 0.416765 
47395 0.315557 -0.232516 
47396 0.315768 -0.0710839 
47397 0.315933 0.0908794 
47398 0.316474 0.253306 
47399 0.316564 0.416327 
47400 -0.332899 -0.231465 
47401 -0.333809 -0.0700543 
47402 -0.33483 0.0922749 
47403 -0.335926 0.255011 
47404 -0.336941 0.41846 
47405 -0.170974 -0.230754 
47406 -0.171567 -0.0697624 
47407 -0.172143 0.092198 
47408 -0.172906 0.254714 
47409 -0.173568 0.417986 
47410 -0.00960974 -0.230008 
47411 -0.0098907 -0.0690591 
47412 -0.0102054 0.092368 
47413 -0.0105456 0.254551 
47414 -0.0109017 0.417344 
47415 0.15109 -0.229266 
47416 0.15112 -0.0687248 
47417 0.151146 0.0925438 
47418 0.15119 0.254303 
47419 0.151241 0.416878 
47420 0.311073 -0.228463 
47421 0.311513 -0.0682707 
47422 0.311756 0.0926414 
47423 0.312255 0.25432 
47424 0.312659 0.416402 
47425 -0.332929 -0.227805 
47426 -0.334106 -0.0672581 
47427 -0.335241 0.0939131 
47428 -0.336296 0.256106 
47429 -0.337487 0.41895 
47430 -0.171884 -0.226963 
47431 -0.172628 -0.0669146 
47432 -0.173291 0.0940104 
47433 -0.174013 0.255775 
47434 -0.174743 0.418253 
47435 -0.0115907 -0.226178 
47436 -0.0119983 -0.0664611 
47437 -0.012138 0.0941215 
47438 -0.0126338 0.255481 
47439 -0.012961 0.417559 
47440 0.147907 -0.225221 
47441 0.148006 -0.0660882 
47442 0.148244 0.0943524 
47443 0.148222 0.255175 
47444 0.148197 0.417019 
47445 0.306812 -0.224354 
47446 0.307351 -0.0653803 
47447 0.30776 0.0942917 
47448 0.308195 0.254963 
47449 0.30866 0.416211 
47450 -0.333187 -0.224073 
47451 -0.334319 -0.0646675 
47452 -0.33549 0.0958565 
47453 -0.336734 0.257147 
47454 -0.337973 0.41956 
47455 -0.17289 -0.223224 
47456 -0.173751 -0.0643277 
47457 -0.174297 0.0959281 
47458 -0.175084 0.256769 
47459 -0.176015 0.418623 
47460 -0.0136494 -0.222311 
47461 -0.0138148 -0.0636794 
47462 -0.014208 0.0957309 
47463 -0.0144509 0.256416 
47464 -0.0147318 0.417791 
47465 0.144864 -0.221346 
47466 0.145024 -0.0633077 
47467 0.145212 0.0959389 
47468 0.145369 0.255994 
47469 0.145436 0.416816 
47470 0.302311 -0.220486 
47471 0.303074 -0.0627921 
47472 0.303679 0.0959243 
47473 0.304298 0.255536 
47474 0.304938 0.416005 
47475 -0.333096 -0.220518 
47476 -0.334524 -0.0620356 
47477 -0.335818 0.0975971 
47478 -0.337191 0.258343 
47479 -0.338504 0.420203 
47480 -0.17386 -0.219648 
47481 -0.174661 -0.0614753 
47482 -0.175492 0.0977277 
47483 -0.176279 0.25783 
47484 -0.176964 0.419046 
47485 -0.0156022 -0.218514 
47486 -0.0157928 -0.0611087 
47487 -0.0162395 0.0975919 
47488 -0.0163663 0.257248 
47489 -0.0166356 0.417955 
47490 0.141839 -0.217704 
47491 0.142045 -0.0605447 
47492 0.142195 0.0975117 
47493 0.142664 0.256689 
47494 0.142814 0.416959 
47495 0.297975 -0.216657 
47496 0.298847 -0.0600857 
47497 0.299618 0.0974939 
47498 0.300451 0.25606 
47499 0.301274 0.415939 
47500 -0.333509 -0.21681 
47501 -0.334711 -0.0590908 
47502 -0.336086 0.0996067 
47503 -0.337518 0.259513 
47504 -0.339048 0.420739 
47505 -0.175001 -0.215846 
47506 -0.175805 -0.0588821 
47507 -0.176449 0.0993699 
47508 -0.177383 0.258873 
47509 -0.178248 0.419517 
47510 -0.0176633 -0.214957 
47511 -0.0177827 -0.058271 
47512 -0.0178552 0.0993455 
47513 -0.0181572 0.258207 
47514 -0.0184886 0.418084 
47515 0.138634 -0.214052 
47516 0.139018 -0.0580719 
47517 0.139362 0.0991078 
47518 0.139824 0.257381 
47519 0.140137 0.416887 
47520 0.293773 -0.213046 
47521 0.294675 -0.0576092 
47522 0.295747 0.098888 
47523 0.296554 0.256689 
47524 0.297576 0.415438 
47525 -0.333611 -0.213243 
47526 -0.334957 -0.0565615 
47527 -0.336455 0.101564 
47528 -0.337808 0.260674 
47529 -0.339251 0.421386 
47530 -0.176144 -0.21224 
47531 -0.17695 -0.0561475 
47532 -0.177503 0.101102 
47533 -0.178305 0.259836 
47534 -0.17906 0.419747 
47535 -0.0197526 -0.211386 
47536 -0.0199224 -0.0557916 
47537 -0.0198947 0.10079 
47538 -0.0200277 0.258902 
47539 -0.0200285 0.418256 
47540 0.135443 -0.210382 
47541 0.136008 -0.0555667 
47542 0.13652 0.100618 
47543 0.137157 0.257941 
47544 0.137536 0.416592 
47545 0.289522 -0.209453 
47546 0.290665 -0.0551728 
47547 0.291843 0.100342 
47548 0.29305 0.257226 
47549 0.294081 0.415457 
47550 -0.333993 -0.209657 
47551 -0.335407 -0.0539374 
47552 -0.336722 0.103304 
47553 -0.338165 0.261952 
47554 -0.339542 0.421772 
47555 -0.177196 -0.20879 
47556 -0.177772 -0.053501 
47557 -0.178604 0.102848 
47558 -0.179254 0.260766 
47559 -0.179954 0.420131 
47560 -0.0216792 -0.207788 
47561 -0.0217092 -0.0533919 
47562 -0.0217998 0.102544 
47563 -0.0218648 0.259815 
47564 -0.021753 0.418288 
47565 0.13231 -0.206986 
47566 0.132961 -0.0530442 
47567 0.133694 0.102116 
47568 0.134407 0.258685 
47569 0.135131 0.416646 
47570 0.285143 -0.205963 
47571 0.286623 -0.0527459 
47572 0.287903 0.101691 
47573 0.289381 0.257558 
47574 0.2907 0.414934 
47575 -0.334313 -0.206092 
47576 -0.335718 -0.0512228 
47577 -0.337099 0.105152 
47578 -0.338562 0.263139 
47579 -0.340056 0.422551 
47580 -0.178248 -0.205154 
47581 -0.178926 -0.0511323 
47582 -0.179599 0.104563 
47583 -0.18022 0.261871 
47584 -0.180908 0.420468 
47585 -0.0237434 -0.204427 
47586 -0.0237957 -0.050871 
47587 -0.0235608 0.104003 
47588 -0.0234697 0.26048 
47589 -0.0233156 0.418391 
47590 0.129403 -0.203479 
47591 0.130094 -0.0506365 
47592 0.131046 0.103286 
47593 0.131802 0.259136 
47594 0.132727 0.416379 
47595 0.280938 -0.202492 
47596 0.282448 -0.0507048 
47597 0.284088 0.102943 
47598 0.285623 0.257929 
47599 0.287301 0.414283 
47600 -0.334694 -0.202514 
47601 -0.335928 -0.0486246 
47602 -0.337403 0.107009 
47603 -0.338803 0.264375 
47604 -0.340273 0.423052 
47605 -0.179502 -0.201748 
47606 -0.180134 -0.0485479 
47607 -0.180628 0.1063 
47608 -0.181308 0.262665 
47609 -0.181647 0.420695 
47610 -0.0259565 -0.200997 
47611 -0.0257146 -0.0484775 
47612 -0.0255263 0.105542 
47613 -0.025119 0.261089 
47614 -0.0249907 0.418384 
47615 0.126199 -0.200176 
47616 0.127216 -0.0484985 
47617 0.128154 0.104664 
47618 0.129308 0.259557 
47619 0.130224 0.41615 
47620 0.276799 -0.199498 
47621 0.278534 -0.0483721 
47622 0.280417 0.103955 
47623 0.282215 0.25812 
47624 0.283877 0.413737 
47625 -0.335134 -0.199013 
47626 -0.336392 -0.0460101 
47627 -0.337735 0.108643 
47628 -0.339066 0.265376 
47629 -0.340378 0.423553 
47630 -0.180892 -0.198477 
47631 -0.18126 -0.046185 
47632 -0.18174 0.107951 
47633 -0.182019 0.263387 
47634 -0.182629 0.420994 
47635 -0.0280822 -0.197652 
47636 -0.0276119 -0.0462945 
47637 -0.0273666 0.106991 
47638 -0.0266463 0.261733 
47639 -0.0265091 0.418437 
47640 0.12305 -0.196921 
47641 0.124172 -0.046376 
47642 0.125518 0.106 
47643 0.126706 0.260047 
47644 0.127975 0.415814 
47645 0.272661 -0.196316 
47646 0.274422 -0.0465127 
47647 0.276691 0.105016 
47648 0.278676 0.258274 
47649 0.280704 0.413058 
47650 -0.335587 -0.195766 
47651 -0.33684 -0.0435235 
47652 -0.337961 0.110596 
47653 -0.33923 0.266425 
47654 -0.340638 0.424325 
47655 -0.182057 -0.195225 
47656 -0.18232 -0.0437673 
47657 -0.182703 0.109436 
47658 -0.183109 0.264383 
47659 -0.183437 0.421127 
47660 -0.0301428 -0.194539 
47661 -0.0295613 -0.0439279 
47662 -0.0290413 0.108244 
47663 -0.0285375 0.262352 
47664 -0.0280023 0.418172 
47665 0.119941 -0.194128 
47666 0.121374 -0.0442715 
47667 0.122867 0.10714 
47668 0.12419 0.260261 
47669 0.125598 0.415329 
47670 0.26846 -0.193405 
47671 0.270597 -0.0446842 
47672 0.27288 0.106047 
47673 0.275317 0.25828 
47674 0.277686 0.412427 
47675 -0.336223 -0.192437 
47676 -0.337388 -0.0409413 
47677 -0.338383 0.112413 
47678 -0.339588 0.267639 
47679 -0.340777 0.424812 
47680 -0.183278 -0.191894 
47681 -0.183606 -0.0415291 
47682 -0.18372 0.110952 
47683 -0.183859 0.265085 
47684 -0.184132 0.421312 
47685 -0.0323936 -0.191581 
47686 -0.0316559 -0.0419241 
47687 -0.0307961 0.109425 
47688 -0.0301085 0.262814 
47689 -0.029366 0.418158 
47690 0.116879 -0.191069 
47691 0.118369 -0.0422456 
47692 0.120056 0.108295 
47693 0.12181 0.260678 
47694 0.123542 0.414776 
47695 0.264259 -0.190504 
47696 0.266725 -0.0426308 
47697 0.269259 0.106849 
47698 0.271908 0.25831 
47699 0.274393 0.41161 
47700 -0.336598 -0.189183 
47701 -0.337673 -0.0385527 
47702 -0.338771 0.113993 
47703 -0.339689 0.268756 
47704 -0.340757 0.425202 
47705 -0.184518 -0.188938 
47706 -0.184572 -0.0391817 
47707 -0.184594 0.112377 
47708 -0.184665 0.265854 
47709 -0.184789 0.421481 
47710 -0.0344313 -0.18854 
47711 -0.0334926 -0.0398652 
47712 -0.032636 0.110774 
47713 -0.0316524 0.263319 
47714 -0.0307187 0.417892 
47715 0.113787 -0.188263 
47716 0.115685 -0.0405124 
47717 0.117543 0.109171 
47718 0.119352 0.2608 
47719 0.121358 0.414308 
47720 0.260115 -0.187782 
47721 0.262834 -0.0409885 
47722 0.265701 0.107569 
47723 0.268472 0.258171 
47724 0.271242 0.410663 
47725 -0.337417 -0.185942 
47726 -0.338226 -0.0361797 
47727 -0.339089 0.115698 
47728 -0.339955 0.269672 
47729 -0.340983 0.425535 
47730 -0.186029 -0.185862 
47731 -0.185817 -0.0369819 
47732 -0.185618 0.113657 
47733 -0.185422 0.266559 
47734 -0.185349 0.421548 
47735 -0.0367251 -0.185658 
47736 -0.0356312 -0.0377891 
47737 -0.0344073 0.111859 
47738 -0.0332537 0.263719 
47739 -0.0321453 0.417537 
47740 0.110642 -0.185497 
47741 0.112774 -0.0386472 
47742 0.114806 0.110205 
47743 0.117005 0.260843 
47744 0.119151 0.413577 
47745 0.255972 -0.185384 
47746 0.259017 -0.0394708 
47747 0.262074 0.10827 
47748 0.265168 0.25802 
47749 0.268312 0.409678 
47750 -0.337853 -0.182891 
47751 -0.338601 -0.0337903 
47752 -0.339429 0.117301 
47753 -0.340187 0.270553 
47754 -0.3408 0.42593 
47755 -0.187423 -0.182831 
47756 -0.186997 -0.0349294 
47757 -0.186672 0.115086 
47758 -0.186395 0.267311 
47759 -0.186067 0.421522 
47760 -0.0388946 -0.182856 
47761 -0.0374398 -0.0359319 
47762 -0.0360904 0.112999 
47763 -0.0348037 0.263965 
47764 -0.033206 0.417148 
47765 0.107526 -0.182877 
47766 0.109806 -0.0369845 
47767 0.112282 0.110872 
47768 0.114703 0.260932 
47769 0.117115 0.412858 
47770 0.251938 -0.182748 
47771 0.255103 -0.0380709 
47772 0.258563 0.108862 
47773 0.261958 0.257683 
47774 0.265332 0.408541 
