47550 -0.333308 -0.249942 
47551 -0.333348 -0.0832926 
47552 -0.333309 0.0833665 
47553 -0.333257 0.25 
47554 -0.333324 0.416618 
47555 -0.166604 -0.249985 
47556 -0.166643 -0.08335 
47557 -0.166779 0.0833082 
47558 -0.166709 0.249995 
47559 -0.166509 0.416691 
47560 -7.062e-06 -0.249971 
47561 -5.57554e-05 -0.083228 
47562 -2.78601e-05 0.0834231 
47563 -9.43934e-05 0.250003 
47564 3.02712e-05 0.416552 
47565 0.166698 -0.249953 
47566 0.166595 -0.0833915 
47567 0.166691 0.0833524 
47568 0.166746 0.250047 
47569 0.166612 0.416683 
47570 0.333241 -0.249973 
47571 0.333365 -0.083204 
47572 0.33334 0.0832598 
47573 0.333376 0.250052 
47574 0.333262 0.416648 
47575 -0.33345 -0.246139 
47576 -0.333626 -0.080529 
47577 -0.333476 0.0852217 
47578 -0.333478 0.251079 
47579 -0.333499 0.417233 
47580 -0.167779 -0.246155 
47581 -0.167672 -0.0805777 
47582 -0.167672 0.0851907 
47583 -0.167612 0.250792 
47584 -0.167539 0.416896 
47585 -0.00227984 -0.246228 
47586 -0.00203876 -0.0807094 
47587 -0.00190988 0.0847943 
47588 -0.00174713 0.250622 
47589 -0.0016251 0.416588 
47590 0.163325 -0.246253 
47591 0.16348 -0.080822 
47592 0.163597 0.0848762 
47593 0.163781 0.250395 
47594 0.163967 0.416205 
47595 0.32844 -0.246337 
47596 0.328963 -0.0808993 
47597 0.329219 0.0844213 
47598 0.329241 0.250099 
47599 0.329632 0.415978 
47600 -0.333826 -0.242368 
47601 -0.333657 -0.0777947 
47602 -0.333652 0.0870021 
47603 -0.333592 0.252146 
47604 -0.333606 0.417564 
47605 -0.16902 -0.242339 
47606 -0.168786 -0.0779723 
47607 -0.168667 0.0869112 
47608 -0.168394 0.251755 
47609 -0.168368 0.417129 
47610 -0.00440338 -0.242448 
47611 -0.00423648 -0.0780171 
47612 -0.00382135 0.0863562 
47613 -0.0034564 0.251184 
47614 -0.00327614 0.416266 
47615 0.159823 -0.242461 
47616 0.160297 -0.078206 
47617 0.160606 0.0860611 
47618 0.1611 0.250739 
47619 0.161539 0.415755 
47620 0.32377 -0.242626 
47621 0.32425 -0.0785657 
47622 0.324898 0.0856989 
47623 0.325351 0.250293 
47624 0.326041 0.415103 
47625 -0.333959 -0.238649 
47626 -0.333993 -0.0749452 
47627 -0.333942 0.0889297 
47628 -0.33381 0.253268 
47629 -0.333793 0.41807 
47630 -0.170102 -0.238656 
47631 -0.169827 -0.0752928 
47632 -0.169546 0.0884551 
47633 -0.169399 0.252634 
47634 -0.169041 0.417008 
47635 -0.00670561 -0.238774 
47636 -0.00612336 -0.0756525 
47637 -0.00566916 0.0878713 
47638 -0.00532197 0.251987 
47639 -0.00487607 0.416207 
47640 0.156374 -0.239026 
47641 0.156962 -0.0760972 
47642 0.157695 0.0873694 
47643 0.158308 0.250982 
47644 0.158934 0.415247 
47645 0.319204 -0.239106 
47646 0.320021 -0.0764486 
47647 0.320645 0.0866698 
47648 0.321623 0.250195 
47649 0.322576 0.41422 
47650 -0.33423 -0.23478 
47651 -0.33409 -0.0723569 
47652 -0.334056 0.0907783 
47653 -0.334091 0.254431 
47654 -0.333726 0.418499 
47655 -0.171305 -0.235123 
47656 -0.170897 -0.072732 
47657 -0.170572 0.089915 
47658 -0.170156 0.253311 
47659 -0.169931 0.417066 
47660 -0.00903138 -0.235339 
47661 -0.00840423 -0.0733332 
47662 -0.00766305 0.0891848 
47663 -0.00692484 0.25232 
47664 -0.00635368 0.415851 
47665 0.152977 -0.235494 
47666 0.153906 -0.0738508 
47667 0.154934 0.0884781 
47668 0.155545 0.251133 
47669 0.156523 0.414532 
47670 0.314299 -0.235809 
47671 0.315545 -0.0743524 
47672 0.3166 0.0877082 
47673 0.317724 0.250155 
47674 0.318937 0.413173 
47675 -0.3347 -0.231168 
47676 -0.334373 -0.0695823 
47677 -0.334096 0.092628 
47678 -0.334057 0.255436 
47679 -0.333974 0.418937 
47680 -0.172503 -0.231459 
47681 -0.172034 -0.0703935 
47682 -0.171328 0.0915505 
47683 -0.171053 0.254053 
47684 -0.170511 0.417111 
47685 -0.011189 -0.231918 
47686 -0.0103734 -0.0711242 
47687 -0.0095357 0.0905725 
47688 -0.00873918 0.252692 
47689 -0.00789245 0.415609 
47690 0.149506 -0.232293 
47691 0.150625 -0.0716328 
47692 0.151828 0.0896023 
47693 0.153009 0.251459 
47694 0.15411 0.413912 
47695 0.309667 -0.232594 
47696 0.31108 -0.0722969 
47697 0.312519 0.088644 
47698 0.314013 0.250004 
47699 0.31542 0.412054 
47700 -0.335126 -0.227608 
47701 -0.334707 -0.0670829 
47702 -0.334411 0.0942626 
47703 -0.334169 0.256423 
47704 -0.333788 0.41923 
47705 -0.173834 -0.228157 
47706 -0.173089 -0.0679189 
47707 -0.172363 0.0929715 
47708 -0.171856 0.254716 
47709 -0.171096 0.41721 
47710 -0.0134755 -0.22851 
47711 -0.0122435 -0.068807 
47712 -0.011226 0.0917886 
47713 -0.0103889 0.252923 
47714 -0.009302 0.415054 
47715 0.146248 -0.229129 
47716 0.147579 -0.0696886 
47717 0.148983 0.090427 
47718 0.150384 0.251438 
47719 0.151722 0.41301 
47720 0.305001 -0.229541 
47721 0.306668 -0.0705113 
47722 0.308639 0.0891975 
47723 0.310304 0.249691 
47724 0.312042 0.410806 
47725 -0.335441 -0.22424 
47726 -0.335065 -0.0645199 
47727 -0.334707 0.0960038 
47728 -0.334336 0.257281 
47729 -0.333666 0.419542 
47730 -0.175157 -0.224832 
47731 -0.174212 -0.0655613 
47732 -0.173247 0.0944811 
47733 -0.172653 0.255347 
47734 -0.171694 0.417078 
47735 -0.0157395 -0.22535 
47736 -0.0144486 -0.0666965 
47737 -0.013154 0.0929025 
47738 -0.0118748 0.253327 
47739 -0.0105722 0.41464 
47740 0.142732 -0.225992 
47741 0.14445 -0.0676671 
47742 0.146176 0.0912305 
47743 0.147879 0.251323 
47744 0.149558 0.41202 
47745 0.300443 -0.226723 
47746 0.302534 -0.0687865 
47747 0.304559 0.0899317 
47748 0.306657 0.249459 
47749 0.308821 0.409744 
47750 -0.335943 -0.220774 
47751 -0.335362 -0.0619585 
47752 -0.334757 0.0974857 
47753 -0.334299 0.258287 
47754 -0.33354 0.419815 
47755 -0.176545 -0.22148 
47756 -0.175477 -0.0634278 
47757 -0.17451 0.0957706 
47758 -0.173387 0.255911 
47759 -0.172295 0.41691 
47760 -0.0179828 -0.222354 
47761 -0.0166075 -0.0644298 
47762 -0.015054 0.0939163 
47763 -0.013519 0.253485 
47764 -0.0118275 0.414036 
47765 0.139392 -0.223114 
47766 0.141438 -0.0659233 
47767 0.143322 0.0921854 
47768 0.145319 0.251208 
47769 0.147405 0.411088 
47770 0.295774 -0.223909 
47771 0.298248 -0.0672767 
47772 0.300593 0.0903923 
47773 0.303027 0.248986 
47774 0.305647 0.408318 
47775 -0.336572 -0.217513 
47776 -0.335793 -0.0596396 
47777 -0.335115 0.099221 
47778 -0.334254 0.258993 
47779 -0.333443 0.419945 
47780 -0.177956 -0.218465 
47781 -0.176637 -0.0611993 
47782 -0.175281 0.0970613 
47783 -0.174024 0.256335 
47784 -0.172811 0.416643 
47785 -0.0203775 -0.219549 
47786 -0.0186607 -0.0626875 
47787 -0.0168248 0.095069 
47788 -0.015022 0.253531 
47789 -0.0131924 0.413373 
47790 0.136002 -0.220342 
47791 0.138378 -0.0642792 
47792 0.140549 0.0930114 
47793 0.142933 0.251036 
47794 0.14509 0.410204 
47795 0.291187 -0.221302 
47796 0.293949 -0.0657542 
47797 0.296926 0.090883 
47798 0.299587 0.24832 
47799 0.302434 0.406907 
47800 -0.337036 -0.214228 
47801 -0.33609 -0.0573328 
47802 -0.335231 0.100664 
47803 -0.334309 0.259828 
47804 -0.333308 0.420155 
47805 -0.179241 -0.215459 
47806 -0.177788 -0.0591282 
47807 -0.176269 0.0981231 
47808 -0.174822 0.256703 
47809 -0.173366 0.416345 
47810 -0.0226816 -0.216568 
47811 -0.0206628 -0.0608838 
47812 -0.0185905 0.095935 
47813 -0.0165261 0.253697 
47814 -0.0146569 0.412618 
47815 0.132568 -0.217916 
47816 0.135229 -0.0627047 
47817 0.13773 0.0934646 
47818 0.140308 0.250679 
47819 0.14303 0.408877 
47820 0.28674 -0.218869 
47821 0.289732 -0.064341 
47822 0.293145 0.0910557 
47823 0.296057 0.247613 
47824 0.299369 0.405314 
47825 -0.337746 -0.211185 
47826 -0.336508 -0.0550566 
47827 -0.335402 0.102023 
47828 -0.33431 0.260472 
47829 -0.333015 0.420204 
47830 -0.180702 -0.212432 
47831 -0.178952 -0.0571247 
47832 -0.177162 0.0993974 
47833 -0.175512 0.257043 
47834 -0.173664 0.41601 
47835 -0.0250841 -0.213736 
47836 -0.0228012 -0.0591518 
47837 -0.020341 0.0966953 
47838 -0.0180889 0.253574 
47839 -0.0156928 0.411864 
47840 0.129318 -0.215327 
47841 0.132144 -0.061219 
47842 0.134985 0.0939271 
47843 0.137849 0.250326 
47844 0.140856 0.407747 
47845 0.282291 -0.216501 
47846 0.285709 -0.0632665 
47847 0.289166 0.0912329 
47848 0.292627 0.246892 
47849 0.296135 0.403703 
47850 -0.338369 -0.208153 
47851 -0.337142 -0.0529764 
47852 -0.335621 0.103549 
47853 -0.334218 0.261058 
47854 -0.33281 0.420046 
47855 -0.182178 -0.209756 
47856 -0.180202 -0.0552803 
47857 -0.178116 0.100296 
47858 -0.17611 0.257313 
47859 -0.174174 0.415507 
47860 -0.0272474 -0.211227 
47861 -0.024714 -0.0577474 
47862 -0.022091 0.0972941 
47863 -0.0195473 0.253464 
47864 -0.0170296 0.41089 
47865 0.12602 -0.212842 
47866 0.129147 -0.0598357 
47867 0.132252 0.0942487 
47868 0.135577 0.249755 
47869 0.13869 0.406553 
47870 0.277809 -0.214414 
47871 0.281474 -0.0622116 
47872 0.285442 0.0913645 
47873 0.289146 0.246066 
47874 0.293196 0.401877 
47875 -0.339078 -0.205278 
47876 -0.337398 -0.0509468 
47877 -0.335872 0.104824 
47878 -0.334219 0.261627 
47879 -0.332537 0.420022 
47880 -0.183666 -0.207022 
47881 -0.181268 -0.0534407 
47882 -0.179129 0.10141 
47883 -0.176773 0.257575 
47884 -0.17447 0.414946 
47885 -0.0298109 -0.208865 
47886 -0.0268845 -0.0560611 
47887 -0.024009 0.0980186 
47888 -0.020929 0.253256 
47889 -0.0179762 0.409959 
47890 0.122633 -0.210659 
47891 0.126204 -0.0586741 
47892 0.129744 0.094569 
47893 0.133192 0.249149 
47894 0.136706 0.404891 
47895 0.273353 -0.212374 
47896 0.277415 -0.0611909 
47897 0.281775 0.0912879 
47898 0.28589 0.244891 
47899 0.290211 0.399802 
47900 -0.339757 -0.202392 
47901 -0.337953 -0.0490111 
47902 -0.336081 0.106025 
47903 -0.3342 0.262163 
47904 -0.332278 0.419936 
47905 -0.185144 -0.204458 
47906 -0.182493 -0.0518404 
47907 -0.180014 0.102105 
47908 -0.177448 0.25754 
47909 -0.17482 0.414459 
47910 -0.0320734 -0.206506 
47911 -0.0288674 -0.0548048 
47912 -0.0256318 0.0984348 
47913 -0.0223183 0.2529 
47914 -0.0191953 0.408649 
47915 0.11915 -0.208537 
47916 0.12316 -0.0575881 
47917 0.127002 0.0946834 
47918 0.130815 0.248256 
47919 0.134831 0.403473 
47920 0.269048 -0.210495 
47921 0.273543 -0.0604137 
47922 0.277914 0.0910575 
47923 0.282442 0.243759 
47924 0.286947 0.397883 
47925 -0.3406 -0.199612 
47926 -0.338298 -0.047044 
47927 -0.336375 0.107049 
47928 -0.33429 0.262637 
47929 -0.331905 0.419769 
47930 -0.186605 -0.202045 
47931 -0.18384 -0.0501101 
47932 -0.181105 0.102958 
47933 -0.178046 0.257494 
47934 -0.175189 0.413567 
47935 -0.0345008 -0.204195 
47936 -0.0309579 -0.0534643 
47937 -0.0274185 0.0988916 
47938 -0.0237778 0.25242 
47939 -0.0202382 0.407458 
47940 0.116136 -0.206509 
47941 0.12018 -0.0565199 
47942 0.124444 0.0947767 
47943 0.128475 0.247559 
47944 0.132837 0.401591 
47945 0.264595 -0.208684 
47946 0.269348 -0.0598044 
47947 0.274195 0.0908357 
47948 0.27908 0.242663 
47949 0.284182 0.395965 
47950 -0.341317 -0.197136 
47951 -0.338825 -0.0451719 
47952 -0.336405 0.108112 
47953 -0.334043 0.262986 
47954 -0.331694 0.419264 
47955 -0.188149 -0.199644 
47956 -0.184941 -0.0487285 
47957 -0.181899 0.103624 
47958 -0.178751 0.257492 
47959 -0.175645 0.412619 
47960 -0.0368989 -0.20218 
47961 -0.033024 -0.052222 
47962 -0.0291656 0.0993044 
47963 -0.025256 0.252009 
47964 -0.0214642 0.406208 
47965 0.112714 -0.204744 
47966 0.117139 -0.0556893 
47967 0.121783 0.0947055 
47968 0.126127 0.246685 
47969 0.13088 0.399948 
47970 0.260346 -0.2072 
47971 0.265463 -0.0590783 
47972 0.270626 0.0904393 
47973 0.275865 0.241342 
47974 0.281162 0.393558 
47975 -0.342299 -0.19463 
47976 -0.339533 -0.0436178 
47977 -0.336769 0.10903 
47978 -0.3341 0.263071 
47979 -0.331226 0.418775 
47980 -0.189674 -0.197435 
47981 -0.186284 -0.0474364 
47982 -0.182763 0.10411 
47983 -0.179401 0.257331 
47984 -0.175806 0.411882 
47985 -0.0392648 -0.200292 
47986 -0.0351797 -0.0512986 
47987 -0.0307411 0.0993704 
47988 -0.0266795 0.251399 
47989 -0.0225153 0.40491 
47990 0.109287 -0.202968 
47991 0.1142 -0.0549955 
47992 0.119084 0.0945933 
47993 0.124026 0.24559 
47994 0.128911 0.398022 
47995 0.256073 -0.205778 
47996 0.261539 -0.0586738 
47997 0.267033 0.0898567 
47998 0.272704 0.239828 
47999 0.278361 0.39124 
48000 -0.343021 -0.192245 
48001 -0.339849 -0.0419542 
48002 -0.337109 0.109859 
48003 -0.334016 0.263155 
48004 -0.330899 0.418316 
48005 -0.191227 -0.195506 
48006 -0.187515 -0.0461178 
48007 -0.183685 0.104615 
48008 -0.180016 0.256707 
48009 -0.176059 0.410794 
48010 -0.041589 -0.198487 
48011 -0.0370721 -0.0501439 
48012 -0.0324946 0.0994767 
48013 -0.0280941 0.250751 
48014 -0.0234459 0.403268 
48015 0.106126 -0.201503 
48016 0.111278 -0.0543792 
48017 0.116433 0.0943644 
48018 0.121599 0.244474 
48019 0.127004 0.396008 
48020 0.251687 -0.204455 
48021 0.257525 -0.058372 
48022 0.263409 0.0892741 
48023 0.269429 0.238362 
48024 0.27531 0.388881 
48025 -0.344091 -0.189988 
48026 -0.340624 -0.0405493 
48027 -0.337215 0.110714 
48028 -0.333808 0.263241 
48029 -0.330499 0.417726 
48030 -0.192884 -0.193366 
48031 -0.188824 -0.0448964 
48032 -0.184629 0.105091 
48033 -0.18054 0.25654 
48034 -0.176348 0.409647 
48035 -0.0439375 -0.196797 
48036 -0.0391399 -0.0493322 
48037 -0.0343785 0.0994944 
48038 -0.029379 0.249843 
48039 -0.0245825 0.401709 
48040 0.102825 -0.199979 
48041 0.108491 -0.0538269 
48042 0.113908 0.0939767 
48043 0.119483 0.243314 
48044 0.125251 0.394052 
48045 0.247438 -0.203265 
48046 0.253679 -0.0580242 
48047 0.259951 0.0885799 
48048 0.266379 0.236618 
48049 0.272466 0.386302 
