47575 -0.333329 -0.250114 
47576 -0.333407 -0.0832969 
47577 -0.333285 0.0833686 
47578 -0.333367 0.249924 
47579 -0.333328 0.416718 
47580 -0.166702 -0.249835 
47581 -0.16665 -0.0833231 
47582 -0.166752 0.0833564 
47583 -0.166718 0.250144 
47584 -0.166534 0.416633 
47585 -5.69757e-07 -0.250031 
47586 4.14646e-05 -0.0833509 
47587 7.60679e-06 0.0833503 
47588 4.38855e-05 0.249979 
47589 -6.48732e-05 0.416661 
47590 0.16677 -0.250193 
47591 0.166664 -0.0834161 
47592 0.166713 0.0832492 
47593 0.166613 0.249963 
47594 0.166667 0.416675 
47595 0.333289 -0.249961 
47596 0.333258 -0.0832655 
47597 0.333365 0.0833048 
47598 0.333355 0.249932 
47599 0.333406 0.416762 
47600 -0.33359 -0.246094 
47601 -0.333585 -0.0804978 
47602 -0.333437 0.0853038 
47603 -0.333534 0.25116 
47604 -0.333342 0.417109 
47605 -0.167876 -0.246208 
47606 -0.167776 -0.0806259 
47607 -0.167772 0.0850096 
47608 -0.167622 0.25092 
47609 -0.16755 0.416874 
47610 -0.00222869 -0.246246 
47611 -0.00211149 -0.0809109 
47612 -0.00201661 0.084809 
47613 -0.00171501 0.250604 
47614 -0.00157366 0.416414 
47615 0.163054 -0.24633 
47616 0.163506 -0.0807948 
47617 0.163564 0.0845865 
47618 0.164005 0.250243 
47619 0.164051 0.416114 
47620 0.328493 -0.246424 
47621 0.328829 -0.0810294 
47622 0.328977 0.0844949 
47623 0.329257 0.25011 
47624 0.329619 0.41584 
47625 -0.333831 -0.242298 
47626 -0.333742 -0.0777436 
47627 -0.33366 0.0869859 
47628 -0.333631 0.252235 
47629 -0.333481 0.417652 
47630 -0.168932 -0.242455 
47631 -0.168722 -0.0780778 
47632 -0.168635 0.0866325 
47633 -0.16841 0.251548 
47634 -0.168257 0.416938 
47635 -0.00449004 -0.242704 
47636 -0.00415426 -0.0784037 
47637 -0.00390015 0.0862454 
47638 -0.00353139 0.251184 
47639 -0.0031067 0.41631 
47640 0.159873 -0.242805 
47641 0.160277 -0.078659 
47642 0.160564 0.0858582 
47643 0.161146 0.250745 
47644 0.161546 0.415563 
47645 0.32364 -0.242779 
47646 0.324432 -0.0788619 
47647 0.324893 0.0855551 
47648 0.325404 0.250359 
47649 0.32602 0.414864 
47650 -0.333934 -0.238704 
47651 -0.334009 -0.075019 
47652 -0.333831 0.0889811 
47653 -0.333614 0.253183 
47654 -0.333607 0.417948 
47655 -0.170179 -0.23891 
47656 -0.169899 -0.0755639 
47657 -0.16955 0.0883406 
47658 -0.169294 0.252373 
47659 -0.168996 0.416818 
47660 -0.00680544 -0.238946 
47661 -0.00614275 -0.0759697 
47662 -0.00570151 0.0877012 
47663 -0.00513459 0.251565 
47664 -0.00462463 0.415812 
47665 0.156337 -0.239272 
47666 0.156944 -0.0762476 
47667 0.157673 0.0870123 
47668 0.158305 0.250806 
47669 0.159031 0.414965 
47670 0.318876 -0.239454 
47671 0.319934 -0.0765958 
47672 0.320773 0.0865057 
47673 0.321704 0.250005 
47674 0.322471 0.413884 
47675 -0.334407 -0.234924 
47676 -0.334205 -0.0724506 
47677 -0.33391 0.0907565 
47678 -0.333821 0.254259 
47679 -0.333621 0.418418 
47680 -0.171372 -0.235239 
47681 -0.170997 -0.0729706 
47682 -0.170498 0.0898119 
47683 -0.170021 0.253069 
47684 -0.169659 0.417087 
47685 -0.00893069 -0.235601 
47686 -0.00835452 -0.0736176 
47687 -0.00757367 0.0889072 
47688 -0.00682029 0.251901 
47689 -0.00615574 0.4155 
47690 0.152681 -0.235957 
47691 0.153857 -0.0742041 
47692 0.154835 0.0881267 
47693 0.155622 0.250903 
47694 0.156631 0.414125 
47695 0.314316 -0.236256 
47696 0.315402 -0.0746515 
47697 0.316617 0.0872932 
47698 0.317801 0.249762 
47699 0.319004 0.41277 
47700 -0.334809 -0.231226 
47701 -0.334539 -0.0697424 
47702 -0.334149 0.0925064 
47703 -0.333849 0.255389 
47704 -0.333467 0.41859 
47705 -0.172644 -0.231886 
47706 -0.172034 -0.0706286 
47707 -0.171554 0.0912762 
47708 -0.17078 0.253731 
47709 -0.170264 0.416868 
47710 -0.0113855 -0.232291 
47711 -0.0103979 -0.0713132 
47712 -0.00943853 0.0902541 
47713 -0.0086576 0.252287 
47714 -0.00769729 0.415083 
47715 0.149439 -0.232728 
47716 0.150596 -0.0720295 
47717 0.151868 0.0892471 
47718 0.153175 0.25088 
47719 0.154411 0.41335 
47720 0.309479 -0.233141 
47721 0.311058 -0.0728906 
47722 0.312543 0.0879978 
47723 0.314192 0.249419 
47724 0.315603 0.411566 
47725 -0.335145 -0.227976 
47726 -0.334793 -0.0672188 
47727 -0.334328 0.0940712 
47728 -0.333818 0.256165 
47729 -0.333557 0.418997 
47730 -0.174056 -0.228422 
47731 -0.173316 -0.0683137 
47732 -0.172375 0.0925402 
47733 -0.171634 0.254465 
47734 -0.17088 0.416716 
47735 -0.0136793 -0.228983 
47736 -0.0125932 -0.069204 
47737 -0.01149 0.0914159 
47738 -0.0101679 0.252718 
47739 -0.00897384 0.414546 
47740 0.146067 -0.229655 
47741 0.147574 -0.0700797 
47742 0.148978 0.0900523 
47743 0.150498 0.250801 
47744 0.152091 0.412497 
47745 0.304854 -0.230291 
47746 0.306782 -0.0711955 
47747 0.308537 0.08855 
47748 0.310534 0.249139 
47749 0.312365 0.410212 
47750 -0.335835 -0.224482 
47751 -0.335163 -0.0648743 
47752 -0.334613 0.095702 
47753 -0.333925 0.257024 
47754 -0.333346 0.419258 
47755 -0.175518 -0.225281 
47756 -0.174245 -0.0659953 
47757 -0.17341 0.0940839 
47758 -0.172362 0.254953 
47759 -0.171329 0.416574 
47760 -0.0159557 -0.225986 
47761 -0.0146363 -0.0671646 
47762 -0.0132315 0.0924343 
47763 -0.0117451 0.252839 
47764 -0.0102898 0.414069 
47765 0.142548 -0.226754 
47766 0.144554 -0.068493 
47767 0.146065 0.0907785 
47768 0.148045 0.250616 
47769 0.149855 0.411542 
47770 0.300288 -0.227465 
47771 0.302384 -0.0695338 
47772 0.304572 0.0889882 
47773 0.306832 0.248522 
47774 0.308986 0.40895 
47775 -0.336368 -0.220987 
47776 -0.335461 -0.0624645 
47777 -0.33482 0.0973474 
47778 -0.334041 0.257841 
47779 -0.333188 0.419289 
47780 -0.176831 -0.222078 
47781 -0.175629 -0.0636811 
47782 -0.174236 0.0954196 
47783 -0.17317 0.255514 
47784 -0.171923 0.416241 
47785 -0.018215 -0.222885 
47786 -0.0165303 -0.065282 
47787 -0.0148832 0.0935234 
47788 -0.0131142 0.252913 
47789 -0.0116159 0.413327 
47790 0.139183 -0.223995 
47791 0.141322 -0.0667162 
47792 0.143386 0.091381 
47793 0.145495 0.250337 
47794 0.147671 0.410447 
47795 0.295608 -0.224686 
47796 0.298185 -0.0680954 
47797 0.300702 0.0893949 
47798 0.303275 0.248085 
47799 0.305866 0.407318 
47800 -0.336773 -0.217939 
47801 -0.335895 -0.060054 
47802 -0.334959 0.0987789 
47803 -0.333924 0.258682 
47804 -0.333056 0.419458 
47805 -0.178162 -0.219182 
47806 -0.176607 -0.0616696 
47807 -0.175336 0.0964414 
47808 -0.173895 0.255796 
47809 -0.172382 0.415988 
47810 -0.0206219 -0.220123 
47811 -0.0186613 -0.0633288 
47812 -0.0168699 0.0943477 
47813 -0.0148072 0.252794 
47814 -0.0128186 0.412535 
47815 0.13571 -0.221249 
47816 0.138172 -0.0651395 
47817 0.140635 0.0919205 
47818 0.143041 0.250122 
47819 0.145402 0.409267 
47820 0.291002 -0.222374 
47821 0.293962 -0.066819 
47822 0.296842 0.0896925 
47823 0.299683 0.247177 
47824 0.302705 0.405786 
47825 -0.337447 -0.214738 
47826 -0.336137 -0.0578567 
47827 -0.335098 0.10033 
47828 -0.334019 0.259226 
47829 -0.332797 0.419491 
47830 -0.179577 -0.216017 
47831 -0.177784 -0.0597198 
47832 -0.176212 0.0976801 
47833 -0.174509 0.256118 
47834 -0.172825 0.415617 
47835 -0.0229997 -0.217322 
47836 -0.0209146 -0.0618005 
47837 -0.0185752 0.0951743 
47838 -0.0163657 0.25289 
47839 -0.0140805 0.411841 
47840 0.132381 -0.218742 
47841 0.13511 -0.0636485 
47842 0.137836 0.0925175 
47843 0.140537 0.249631 
47844 0.143324 0.408027 
47845 0.286558 -0.220021 
47846 0.289851 -0.0655982 
47847 0.293156 0.0899381 
47848 0.296271 0.246472 
47849 0.299389 0.403982 
47850 -0.338075 -0.211668 
47851 -0.336748 -0.0556134 
47852 -0.335268 0.101654 
47853 -0.333902 0.259985 
47854 -0.332425 0.419418 
47855 -0.180849 -0.213315 
47856 -0.17896 -0.057899 
47857 -0.177084 0.0986086 
47858 -0.175298 0.256345 
47859 -0.173197 0.415133 
47860 -0.0253028 -0.214765 
47861 -0.0228193 -0.0600658 
47862 -0.0203708 0.0958118 
47863 -0.0177553 0.252642 
47864 -0.0153501 0.410943 
47865 0.129031 -0.216204 
47866 0.13215 -0.0621948 
47867 0.135094 0.0928319 
47868 0.138178 0.249171 
47869 0.141388 0.406626 
47870 0.282109 -0.217863 
47871 0.285634 -0.0644298 
47872 0.289277 0.0899623 
47873 0.292818 0.245607 
47874 0.296436 0.402239 
47875 -0.338901 -0.208865 
47876 -0.337224 -0.0536061 
47877 -0.335483 0.102863 
47878 -0.333894 0.260517 
47879 -0.332256 0.419382 
47880 -0.182506 -0.21065 
47881 -0.180351 -0.0561215 
47882 -0.178075 0.0995601 
47883 -0.175855 0.25653 
47884 -0.173578 0.414556 
47885 -0.0276037 -0.212291 
47886 -0.0249379 -0.0586126 
47887 -0.0219824 0.0964628 
47888 -0.0191829 0.252422 
47889 -0.0164626 0.409895 
47890 0.125671 -0.214083 
47891 0.129069 -0.0611494 
47892 0.132469 0.0931839 
47893 0.135898 0.248409 
47894 0.139281 0.405 
47895 0.277634 -0.215826 
47896 0.281358 -0.0635105 
47897 0.285482 0.089876 
47898 0.289382 0.244554 
47899 0.293568 0.40027 
47900 -0.339571 -0.205884 
47901 -0.337611 -0.0513375 
47902 -0.335659 0.104067 
47903 -0.333903 0.261033 
47904 -0.331957 0.41928 
47905 -0.184091 -0.208015 
47906 -0.181471 -0.0542882 
47907 -0.179016 0.100536 
47908 -0.176531 0.256582 
47909 -0.173842 0.41388 
47910 -0.0300222 -0.209986 
47911 -0.0269028 -0.057148 
47912 -0.0238723 0.0968656 
47913 -0.0206759 0.25214 
47914 -0.0175268 0.408686 
47915 0.1223 -0.211891 
47916 0.125967 -0.0598838 
47917 0.129723 0.0933677 
47918 0.133405 0.247794 
47919 0.1373 0.403514 
47920 0.273207 -0.214052 
47921 0.277357 -0.0626368 
47922 0.281759 0.0898451 
47923 0.286038 0.243346 
47924 0.290533 0.398383 
47925 -0.340223 -0.203335 
47926 -0.33817 -0.0496166 
47927 -0.335993 0.105328 
47928 -0.333844 0.261387 
47929 -0.331598 0.418993 
47930 -0.185457 -0.205456 
47931 -0.182736 -0.0527601 
47932 -0.179878 0.101223 
47933 -0.177134 0.256493 
47934 -0.174136 0.413227 
47935 -0.0324635 -0.207744 
47936 -0.0289505 -0.055917 
47937 -0.0256378 0.0972596 
47938 -0.0222255 0.251634 
47939 -0.0186442 0.407416 
47940 0.118898 -0.210018 
47941 0.122995 -0.0589088 
47942 0.12717 0.0932209 
47943 0.131144 0.246772 
47944 0.135376 0.401814 
47945 0.268775 -0.212224 
47946 0.27322 -0.0619963 
47947 0.278022 0.089505 
47948 0.282696 0.242309 
47949 0.287336 0.396118 
47950 -0.34111 -0.200663 
47951 -0.338601 -0.0478711 
47952 -0.336127 0.106231 
47953 -0.333744 0.261624 
47954 -0.331111 0.418608 
47955 -0.186958 -0.203211 
47956 -0.184063 -0.0513763 
47957 -0.180922 0.101779 
47958 -0.177733 0.256267 
47959 -0.174519 0.412296 
47960 -0.0347961 -0.205708 
47961 -0.0310884 -0.054568 
47962 -0.0273431 0.097607 
47963 -0.0234784 0.251107 
47964 -0.0198126 0.405963 
47965 0.115666 -0.20802 
47966 0.119997 -0.0580274 
47967 0.124461 0.0933361 
47968 0.128847 0.245889 
47969 0.133331 0.399848 
47970 0.264379 -0.210609 
47971 0.269321 -0.0613326 
47972 0.274358 0.0891593 
47973 0.279331 0.240853 
47974 0.284399 0.393996 
47975 -0.341785 -0.198089 
47976 -0.339118 -0.046158 
47977 -0.336438 0.107181 
47978 -0.333619 0.262012 
47979 -0.33086 0.418166 
47980 -0.188561 -0.200896 
47981 -0.18508 -0.0498515 
47982 -0.18184 0.102442 
47983 -0.178318 0.256177 
47984 -0.1748 0.411376 
47985 -0.0372404 -0.203655 
47986 -0.0332792 -0.0535574 
47987 -0.0290162 0.0977196 
47988 -0.025012 0.250645 
47989 -0.0206842 0.40464 
47990 0.112472 -0.206412 
47991 0.117068 -0.0573158 
47992 0.121652 0.0932118 
47993 0.126519 0.244911 
47994 0.131345 0.398098 
47995 0.260111 -0.209134 
47996 0.265374 -0.0610236 
47997 0.270722 0.0884664 
47998 0.275973 0.239427 
47999 0.281559 0.391576 
48000 -0.342704 -0.195666 
48001 -0.339736 -0.044429 
48002 -0.336567 0.108023 
48003 -0.333623 0.262149 
48004 -0.330461 0.417432 
48005 -0.190224 -0.198858 
48006 -0.186421 -0.048678 
48007 -0.182627 0.103066 
48008 -0.17899 0.255916 
48009 -0.175128 0.410255 
48010 -0.0394946 -0.201819 
48011 -0.035278 -0.0527422 
48012 -0.0307529 0.0977892 
48013 -0.026359 0.249776 
48014 -0.0218244 0.403168 
48015 0.108951 -0.204967 
48016 0.114005 -0.0565345 
48017 0.118966 0.0927688 
48018 0.124264 0.243734 
48019 0.129429 0.396044 
48020 0.255711 -0.207701 
48021 0.261424 -0.0605925 
48022 0.267097 0.0878728 
48023 0.272816 0.237808 
48024 0.278752 0.389103 
48025 -0.34352 -0.19343 
48026 -0.340116 -0.0430454 
48027 -0.336914 0.108863 
48028 -0.333411 0.262052 
48029 -0.330023 0.416821 
48030 -0.191835 -0.196819 
48031 -0.187642 -0.047464 
48032 -0.183519 0.10342 
48033 -0.179546 0.255407 
48034 -0.175442 0.409089 
48035 -0.0419119 -0.200181 
48036 -0.0371511 -0.051898 
48037 -0.0325159 0.097774 
48038 -0.0276054 0.248843 
48039 -0.0227759 0.401464 
48040 0.105781 -0.203392 
48041 0.111087 -0.0561582 
48042 0.116617 0.0924106 
48043 0.12198 0.242433 
48044 0.127431 0.393907 
48045 0.251523 -0.206576 
48046 0.257357 -0.0604198 
48047 0.26355 0.087155 
48048 0.269528 0.236154 
48049 0.275819 0.386453 
48050 -0.344481 -0.191363 
48051 -0.340783 -0.0417074 
48052 -0.337147 0.109425 
48053 -0.333329 0.262009 
48054 -0.329674 0.41611 
48055 -0.19336 -0.195016 
48056 -0.188938 -0.0465206 
48057 -0.184539 0.103588 
48058 -0.180036 0.254921 
48059 -0.175551 0.407811 
48060 -0.0443619 -0.198474 
48061 -0.0393679 -0.0511298 
48062 -0.034383 0.0976496 
48063 -0.0289492 0.247987 
48064 -0.0238793 0.399776 
48065 0.102336 -0.202039 
48066 0.10807 -0.0556233 
48067 0.113917 0.0919885 
48068 0.11979 0.241101 
48069 0.125543 0.391696 
48070 0.247106 -0.205517 
48071 0.253447 -0.0601264 
48072 0.259906 0.0864473 
48073 0.266456 0.234374 
48074 0.272962 0.383895 
