47900 -0.333295 -0.249907 
47901 -0.333271 -0.083248 
47902 -0.333354 0.0834224 
47903 -0.333367 0.25007 
47904 -0.333278 0.416607 
47905 -0.166642 -0.250086 
47906 -0.166691 -0.0832925 
47907 -0.16658 0.0833337 
47908 -0.166483 0.250038 
47909 -0.166758 0.416653 
47910 -2.4024e-05 -0.249981 
47911 2.3188e-05 -0.0834227 
47912 -1.84349e-05 0.0834177 
47913 -8.73945e-05 0.249907 
47914 -6.66691e-06 0.416653 
47915 0.166782 -0.24993 
47916 0.166657 -0.0833216 
47917 0.166641 0.0832903 
47918 0.166614 0.250018 
47919 0.166549 0.41649 
47920 0.333391 -0.249957 
47921 0.333442 -0.0834419 
47922 0.333284 0.0834192 
47923 0.333328 0.249966 
47924 0.333331 0.416613 
47925 -0.334028 -0.247049 
47926 -0.333654 -0.0813038 
47927 -0.33336 0.0844787 
47928 -0.333093 0.250261 
47929 -0.33281 0.416214 
47930 -0.168228 -0.247267 
47931 -0.167904 -0.0815565 
47932 -0.167527 0.0840429 
47933 -0.167093 0.249711 
47934 -0.166853 0.415585 
47935 -0.00253724 -0.247543 
47936 -0.00225792 -0.0820358 
47937 -0.0018307 0.0835521 
47938 -0.00147519 0.249248 
47939 -0.00105771 0.415096 
47940 0.1628 -0.247666 
47941 0.163337 -0.0823334 
47942 0.163812 0.0832847 
47943 0.164072 0.24871 
47944 0.164587 0.414564 
47945 0.328322 -0.248023 
47946 0.328704 -0.0826826 
47947 0.329155 0.0828294 
47948 0.32955 0.248359 
47949 0.329802 0.414246 
47950 -0.334589 -0.244008 
47951 -0.334102 -0.0793661 
47952 -0.333368 0.0855012 
47953 -0.333007 0.25055 
47954 -0.332351 0.415711 
47955 -0.169825 -0.244586 
47956 -0.16916 -0.0801662 
47957 -0.168531 0.0846549 
47958 -0.16769 0.249429 
47959 -0.167114 0.414435 
47960 -0.00501412 -0.245085 
47961 -0.00425167 -0.0807111 
47962 -0.00365258 0.0837747 
47963 -0.00284593 0.24854 
47964 -0.00221631 0.413417 
47965 0.159137 -0.245822 
47966 0.160081 -0.0814527 
47967 0.160754 0.0829444 
47968 0.161572 0.247531 
47969 0.162529 0.412318 
47970 0.323202 -0.246282 
47971 0.324129 -0.0820482 
47972 0.324934 0.082142 
47973 0.326006 0.246444 
47974 0.326763 0.411106 
47975 -0.335411 -0.241355 
47976 -0.33444 -0.0775841 
47977 -0.333587 0.0863557 
47978 -0.332461 0.25054 
47979 -0.331738 0.41495 
47980 -0.171488 -0.242163 
47981 -0.170316 -0.0786122 
47982 -0.169371 0.0851371 
47983 -0.168307 0.249191 
47984 -0.167317 0.413362 
47985 -0.00777047 -0.243008 
47986 -0.00667687 -0.0794679 
47987 -0.00558342 0.0839142 
47988 -0.00439698 0.24766 
47989 -0.0032805 0.411659 
47990 0.155444 -0.243806 
47991 0.156617 -0.0806774 
47992 0.15798 0.0825642 
47993 0.15918 0.246272 
47994 0.160306 0.410122 
47995 0.318301 -0.244626 
47996 0.319545 -0.0815952 
47997 0.320952 0.0813954 
47998 0.3223 0.244767 
47999 0.323549 0.408296 
48000 -0.336131 -0.238896 
48001 -0.334884 -0.075895 
48002 -0.333617 0.0872337 
48003 -0.332418 0.250479 
48004 -0.331145 0.414077 
48005 -0.17293 -0.239786 
48006 -0.171673 -0.0772687 
48007 -0.170194 0.0856695 
48008 -0.168783 0.248745 
48009 -0.167379 0.411976 
48010 -0.010354 -0.24106 
48011 -0.00877814 -0.0786972 
48012 -0.00728073 0.0839559 
48013 -0.0057139 0.246788 
48014 -0.00424741 0.409866 
48015 0.151734 -0.242006 
48016 0.153433 -0.0800274 
48017 0.15499 0.0822312 
48018 0.156808 0.244772 
48019 0.158302 0.407636 
48020 0.313386 -0.243151 
48021 0.315106 -0.0813901 
48022 0.316849 0.0805694 
48023 0.318687 0.242965 
48024 0.320326 0.405379 
48025 -0.336897 -0.236256 
48026 -0.335262 -0.0743854 
48027 -0.333709 0.0878503 
48028 -0.332081 0.250372 
48029 -0.330588 0.413334 
48030 -0.174649 -0.237702 
48031 -0.172729 -0.0760493 
48032 -0.17112 0.0858232 
48033 -0.169242 0.248 
48034 -0.167538 0.410592 
48035 -0.0130264 -0.239038 
48036 -0.0109483 -0.0777821 
48037 -0.00903045 0.0836744 
48038 -0.00715859 0.245659 
48039 -0.00530972 0.407872 
48040 0.148206 -0.240462 
48041 0.150223 -0.0797365 
48042 0.152218 0.0816876 
48043 0.15411 0.243063 
48044 0.156335 0.405118 
48045 0.308614 -0.241751 
48046 0.310508 -0.0812598 
48047 0.312919 0.0796067 
48048 0.315039 0.240813 
48049 0.317106 0.402351 
48050 -0.337739 -0.233956 
48051 -0.335693 -0.0727642 
48052 -0.333753 0.0885183 
48053 -0.331826 0.250238 
48054 -0.329923 0.412279 
48055 -0.176213 -0.23556 
48056 -0.173982 -0.0748964 
48057 -0.171964 0.0859523 
48058 -0.169772 0.247485 
48059 -0.167774 0.40915 
48060 -0.015446 -0.237178 
48061 -0.0131404 -0.077059 
48062 -0.0107975 0.0835052 
48063 -0.00853539 0.244222 
48064 -0.00632189 0.405569 
48065 0.144473 -0.238933 
48066 0.146925 -0.0791352 
48067 0.14945 0.0809553 
48068 0.151823 0.241646 
48069 0.154301 0.4024 
48070 0.303549 -0.240639 
48071 0.306235 -0.0810797 
48072 0.308878 0.0785039 
48073 0.311488 0.238641 
48074 0.313966 0.399212 
48075 -0.338643 -0.23167 
48076 -0.336199 -0.0714953 
48077 -0.333946 0.0890253 
48078 -0.331617 0.249926 
48079 -0.329249 0.411156 
48080 -0.177755 -0.233614 
48081 -0.175367 -0.0740273 
48082 -0.172934 0.0860177 
48083 -0.170389 0.246422 
48084 -0.167845 0.407254 
48085 -0.0179532 -0.235645 
48086 -0.0153254 -0.0764965 
48087 -0.012669 0.0830724 
48088 -0.00999339 0.243162 
48089 -0.00734383 0.403539 
48090 0.140834 -0.237655 
48091 0.143624 -0.0789398 
48092 0.146571 0.0802543 
48093 0.149406 0.239738 
48094 0.15223 0.399545 
48095 0.298786 -0.239553 
48096 0.30175 -0.0812745 
48097 0.304781 0.0774828 
48098 0.307925 0.236351 
48099 0.310925 0.395869 
48100 -0.339288 -0.229624 
48101 -0.33677 -0.0702181 
48102 -0.334095 0.0893383 
48103 -0.331367 0.249497 
48104 -0.328698 0.409948 
48105 -0.179445 -0.231868 
48106 -0.17664 -0.0732014 
48107 -0.173728 0.0859297 
48108 -0.170694 0.245504 
48109 -0.168052 0.405572 
48110 -0.0204977 -0.234089 
48111 -0.0174885 -0.0759657 
48112 -0.0144248 0.082672 
48113 -0.0113387 0.241753 
48114 -0.00827184 0.401188 
48115 0.137352 -0.236447 
48116 0.140482 -0.0787521 
48117 0.143765 0.0793299 
48118 0.146979 0.237854 
48119 0.150166 0.396839 
48120 0.29421 -0.238742 
48121 0.297459 -0.081504 
48122 0.300916 0.0760279 
48123 0.304292 0.23406 
48124 0.307831 0.392498 
48125 -0.340215 -0.227697 
48126 -0.337161 -0.0691604 
48127 -0.334147 0.0896938 
48128 -0.331064 0.248793 
48129 -0.328 0.408561 
48130 -0.181101 -0.230125 
48131 -0.177906 -0.0724026 
48132 -0.174539 0.0858181 
48133 -0.171337 0.244496 
48134 -0.168169 0.403532 
48135 -0.023074 -0.232695 
48136 -0.0196803 -0.0757384 
48137 -0.0162438 0.082224 
48138 -0.0126691 0.240184 
48139 -0.00929381 0.398806 
48140 0.133703 -0.235494 
48141 0.137338 -0.078835 
48142 0.141065 0.0783688 
48143 0.144653 0.235849 
48144 0.148336 0.393754 
48145 0.289348 -0.237927 
48146 0.293169 -0.0818965 
48147 0.297255 0.074797 
48148 0.30097 0.231589 
48149 0.304741 0.388902 
48150 -0.341236 -0.225874 
48151 -0.337802 -0.0681441 
48152 -0.334326 0.0898331 
48153 -0.330749 0.248284 
48154 -0.327553 0.407173 
48155 -0.182889 -0.228743 
48156 -0.179069 -0.0717259 
48157 -0.175629 0.0855868 
48158 -0.171765 0.243495 
48159 -0.168222 0.401623 
48160 -0.0255395 -0.231609 
48161 -0.0217476 -0.0752606 
48162 -0.0180614 0.0814094 
48163 -0.0140159 0.238527 
48164 -0.0101848 0.396153 
48165 0.130238 -0.23455 
48166 0.134305 -0.0788705 
48167 0.138256 0.0773572 
48168 0.142265 0.233725 
48169 0.146409 0.390805 
48170 0.284734 -0.23741 
48171 0.288843 -0.0822888 
48172 0.293215 0.0731732 
48173 0.297399 0.229011 
48174 0.30168 0.385383 
48175 -0.342165 -0.224071 
48176 -0.338187 -0.067374 
48177 -0.334443 0.0899329 
48178 -0.330674 0.247525 
48179 -0.326692 0.405589 
48180 -0.184359 -0.227251 
48181 -0.180423 -0.0712382 
48182 -0.176352 0.0853403 
48183 -0.17235 0.242189 
48184 -0.168334 0.399582 
48185 -0.0280549 -0.230486 
48186 -0.0238262 -0.0751762 
48187 -0.019741 0.0806638 
48188 -0.0155735 0.236859 
48189 -0.011242 0.393494 
48190 0.126708 -0.233617 
48191 0.131249 -0.0790359 
48192 0.135455 0.0761405 
48193 0.139891 0.231704 
48194 0.144448 0.387563 
48195 0.280136 -0.23685 
48196 0.284854 -0.0829063 
48197 0.289487 0.071596 
48198 0.293924 0.226548 
48199 0.298577 0.381631 
48200 -0.343049 -0.222672 
48201 -0.338798 -0.0665572 
48202 -0.334693 0.089862 
48203 -0.330154 0.246632 
48204 -0.326081 0.403893 
48205 -0.186128 -0.22616 
48206 -0.181615 -0.0708464 
48207 -0.177232 0.0847333 
48208 -0.172875 0.240842 
48209 -0.168417 0.397323 
48210 -0.0306376 -0.229689 
48211 -0.026104 -0.0751506 
48212 -0.0215016 0.0797673 
48213 -0.0167446 0.235075 
48214 -0.0121479 0.390768 
48215 0.123244 -0.233083 
48216 0.128078 -0.0792946 
48217 0.132808 0.0749424 
48218 0.137581 0.229337 
48219 0.142386 0.384282 
48220 0.275749 -0.236597 
48221 0.280625 -0.0834152 
48222 0.285518 0.0699212 
48223 0.290596 0.223792 
48224 0.295539 0.377857 
48225 -0.343907 -0.221169 
48226 -0.339433 -0.0660499 
48227 -0.334824 0.0897094 
48228 -0.330043 0.245649 
48229 -0.325419 0.402201 
48230 -0.187679 -0.2252 
48231 -0.182921 -0.0706137 
48232 -0.178243 0.0841263 
48233 -0.173243 0.239301 
48234 -0.168503 0.394945 
48235 -0.0331312 -0.2288 
48236 -0.0281677 -0.0753133 
48237 -0.0231992 0.0787342 
48238 -0.0183524 0.233083 
48239 -0.0132554 0.388006 
48240 0.119855 -0.232629 
48241 0.125091 -0.0798233 
48242 0.13018 0.0732936 
48243 0.135283 0.226893 
48244 0.140329 0.380954 
48245 0.271332 -0.23621 
48246 0.276556 -0.0842303 
48247 0.281954 0.0680631 
48248 0.287099 0.220901 
48249 0.292411 0.374071 
48250 -0.344957 -0.21996 
48251 -0.339944 -0.065538 
48252 -0.335029 0.089279 
48253 -0.329847 0.244498 
48254 -0.324823 0.400339 
48255 -0.189368 -0.224049 
48256 -0.184238 -0.0704828 
48257 -0.179146 0.0835179 
48258 -0.173793 0.237904 
48259 -0.168663 0.392689 
48260 -0.0356225 -0.228143 
48261 -0.0303203 -0.0753095 
48262 -0.024973 0.0775818 
48263 -0.0195296 0.231113 
48264 -0.0141945 0.384917 
48265 0.116453 -0.232239 
48266 0.122 -0.080399 
48267 0.127388 0.0718473 
48268 0.132912 0.224663 
48269 0.138492 0.377605 
48270 0.26685 -0.236067 
48271 0.272425 -0.0850684 
48272 0.27817 0.0663724 
48273 0.283787 0.218065 
48274 0.289377 0.370076 
48275 -0.345868 -0.218846 
48276 -0.340352 -0.0651246 
48277 -0.335062 0.0889391 
48278 -0.329658 0.243507 
48279 -0.32418 0.398178 
48280 -0.19111 -0.223311 
48281 -0.185638 -0.0704106 
48282 -0.180014 0.0827542 
48283 -0.174251 0.236219 
48284 -0.168772 0.389961 
48285 -0.0380584 -0.227456 
48286 -0.0324516 -0.0757718 
48287 -0.0267142 0.0764419 
48288 -0.0209714 0.229092 
48289 -0.0152438 0.382055 
48290 0.113083 -0.23188 
48291 0.118972 -0.0809622 
48292 0.124738 0.0703109 
48293 0.130591 0.222062 
48294 0.136575 0.374043 
48295 0.262523 -0.236069 
48296 0.268348 -0.0860328 
48297 0.274522 0.0643219 
48298 0.280396 0.215148 
48299 0.286352 0.366163 
48300 -0.346777 -0.21784 
48301 -0.341102 -0.0647746 
48302 -0.335229 0.0885405 
48303 -0.329419 0.241897 
48304 -0.323605 0.395931 
48305 -0.19279 -0.222423 
48306 -0.186811 -0.0704408 
48307 -0.180779 0.0818459 
48308 -0.175057 0.234482 
48309 -0.168937 0.387461 
48310 -0.0405137 -0.227185 
48311 -0.0345079 -0.0761612 
48312 -0.0283651 0.0751451 
48313 -0.0222953 0.22678 
48314 -0.0162118 0.378876 
48315 0.10977 -0.231793 
48316 0.115991 -0.0816302 
48317 0.12214 0.068837 
48318 0.1282 0.219461 
48319 0.134493 0.37037 
48320 0.25822 -0.236257 
48321 0.264446 -0.0871668 
48322 0.270747 0.0624902 
48323 0.276976 0.211967 
48324 0.283224 0.3621 
48325 -0.348034 -0.216957 
48326 -0.341723 -0.0646503 
48327 -0.335478 0.0878018 
48328 -0.329424 0.240632 
48329 -0.322984 0.393715 
48330 -0.194395 -0.221835 
48331 -0.188274 -0.0707013 
48332 -0.181758 0.0808449 
48333 -0.175493 0.232663 
48334 -0.168965 0.38463 
48335 -0.0428775 -0.2269 
48336 -0.0365738 -0.0766251 
48337 -0.030111 0.0738749 
48338 -0.0236647 0.224606 
48339 -0.0173152 0.375694 
48340 0.106417 -0.231692 
48341 0.112853 -0.0823256 
48342 0.11948 0.0670783 
48343 0.125967 0.216754 
48344 0.132601 0.366784 
48345 0.2538 -0.236542 
48346 0.260511 -0.088259 
48347 0.267114 0.060293 
48348 0.273529 0.20907 
48349 0.280265 0.357802 
48350 -0.348946 -0.216174 
48351 -0.342257 -0.0645978 
48352 -0.335611 0.0871184 
48353 -0.328929 0.239163 
48354 -0.322234 0.391346 
48355 -0.196107 -0.221406 
48356 -0.189393 -0.0709285 
48357 -0.18271 0.079809 
48358 -0.175903 0.230722 
48359 -0.169326 0.381724 
48360 -0.0453918 -0.226652 
48361 -0.0386286 -0.0772355 
48362 -0.0318553 0.0723897 
48363 -0.025059 0.222237 
48364 -0.0183293 0.372464 
48365 0.103183 -0.231608 
48366 0.110006 -0.0831916 
48367 0.116815 0.0651628 
48368 0.12366 0.214016 
48369 0.130624 0.36298 
48370 0.249682 -0.236698 
48371 0.256539 -0.0894536 
48372 0.263529 0.0580726 
48373 0.270431 0.205838 
48374 0.277279 0.353844 
48375 -0.349888 -0.215617 
48376 -0.342796 -0.0646527 
48377 -0.335903 0.0863813 
48378 -0.328851 0.237516 
48379 -0.32184 0.389032 
48380 -0.197639 -0.221124 
48381 -0.190727 -0.0714186 
48382 -0.183623 0.0784459 
48383 -0.176625 0.228674 
48384 -0.169426 0.378977 
48385 -0.0477991 -0.226507 
48386 -0.0405457 -0.0779796 
48387 -0.0335989 0.0708403 
48388 -0.0265172 0.219842 
48389 -0.0192906 0.368905 
48390 0.10003 -0.231839 
48391 0.107107 -0.0844017 
48392 0.114065 0.0632965 
48393 0.121326 0.211141 
48394 0.128475 0.359315 
48395 0.245595 -0.237114 
48396 0.252709 -0.0907046 
48397 0.259754 0.0558186 
48398 0.267085 0.202792 
48399 0.274145 0.349708 
