48100 -0.333176 -0.24994 
48101 -0.333355 -0.0833469 
48102 -0.333217 0.0832796 
48103 -0.333381 0.249964 
48104 -0.333358 0.416655 
48105 -0.166659 -0.249915 
48106 -0.166602 -0.0833767 
48107 -0.166671 0.0833587 
48108 -0.166691 0.250057 
48109 -0.166691 0.416628 
48110 -0.000112043 -0.24999 
48111 -3.98906e-05 -0.0833466 
48112 5.38738e-05 0.0832504 
48113 -4.67906e-05 0.249976 
48114 -7.40082e-06 0.416747 
48115 0.166554 -0.249918 
48116 0.166655 -0.0832566 
48117 0.166723 0.0832505 
48118 0.166649 0.250128 
48119 0.166579 0.416733 
48120 0.333355 -0.250068 
48121 0.333403 -0.0832798 
48122 0.333325 0.0832712 
48123 0.333263 0.24998 
48124 0.333377 0.416568 
48125 -0.33408 -0.247994 
48126 -0.333775 -0.082125 
48127 -0.333333 0.08362 
48128 -0.332949 0.249398 
48129 -0.332562 0.415173 
48130 -0.168341 -0.248221 
48131 -0.167993 -0.0825939 
48132 -0.167609 0.083022 
48133 -0.167036 0.248831 
48134 -0.166688 0.414581 
48135 -0.00276021 -0.24858 
48136 -0.00233326 -0.0829817 
48137 -0.00170351 0.0826322 
48138 -0.00136217 0.248307 
48139 -0.000918565 0.413978 
48140 0.162857 -0.248823 
48141 0.163264 -0.0834816 
48142 0.163693 0.0820426 
48143 0.164032 0.247763 
48144 0.164549 0.413274 
48145 0.32825 -0.249104 
48146 0.328711 -0.0837905 
48147 0.328994 0.0816736 
48148 0.329572 0.247293 
48149 0.330029 0.412704 
48150 -0.335089 -0.245996 
48151 -0.334184 -0.0813539 
48152 -0.333437 0.0837229 
48153 -0.332605 0.248668 
48154 -0.331759 0.413644 
48155 -0.170078 -0.246645 
48156 -0.169191 -0.0818573 
48157 -0.168354 0.082832 
48158 -0.167465 0.247389 
48159 -0.166699 0.412411 
48160 -0.00540455 -0.247393 
48161 -0.00445613 -0.0827549 
48162 -0.00359198 0.0819159 
48163 -0.00274849 0.246537 
48164 -0.00191496 0.411121 
48165 0.159141 -0.248018 
48166 0.160059 -0.0836018 
48167 0.160844 0.0807813 
48168 0.161692 0.245395 
48169 0.162698 0.409838 
48170 0.323182 -0.248515 
48171 0.324293 -0.0842885 
48172 0.325014 0.0799679 
48173 0.325816 0.24428 
48174 0.326768 0.408732 
48175 -0.335839 -0.244216 
48176 -0.334662 -0.0803802 
48177 -0.333331 0.0838274 
48178 -0.332129 0.247826 
48179 -0.330905 0.411806 
48180 -0.171725 -0.245207 
48181 -0.170445 -0.0814517 
48182 -0.169187 0.0822131 
48183 -0.167902 0.246259 
48184 -0.16674 0.410049 
48185 -0.0078707 -0.246149 
48186 -0.00675171 -0.0825931 
48187 -0.0053749 0.0808179 
48188 -0.0041491 0.244457 
48189 -0.00284827 0.408162 
48190 0.155441 -0.247103 
48191 0.156564 -0.0836361 
48192 0.157961 0.0795849 
48193 0.159281 0.242846 
48194 0.160592 0.406409 
48195 0.318372 -0.248128 
48196 0.31966 -0.085025 
48197 0.320879 0.0781804 
48198 0.322288 0.241456 
48199 0.323612 0.404645 
48200 -0.336865 -0.242654 
48201 -0.334988 -0.0795425 
48202 -0.333447 0.0836435 
48203 -0.33172 0.246639 
48204 -0.330087 0.409985 
48205 -0.173388 -0.243965 
48206 -0.171604 -0.0810196 
48207 -0.170111 0.0816813 
48208 -0.168517 0.244723 
48209 -0.16667 0.407634 
48210 -0.0106675 -0.245234 
48211 -0.00896581 -0.0826751 
48212 -0.00728199 0.0798543 
48213 -0.00542751 0.242624 
48214 -0.0038483 0.405236 
48215 0.151657 -0.246411 
48216 0.153385 -0.0841466 
48217 0.15512 0.0781652 
48218 0.156694 0.240399 
48219 0.158721 0.402714 
48220 0.313389 -0.247775 
48221 0.315102 -0.0857652 
48222 0.316864 0.0762677 
48223 0.318591 0.238287 
48224 0.320325 0.400544 
48225 -0.337588 -0.241153 
48226 -0.335593 -0.0789394 
48227 -0.33348 0.0834558 
48228 -0.331434 0.245593 
48229 -0.329175 0.40796 
48230 -0.175111 -0.242704 
48231 -0.173061 -0.0808579 
48232 -0.170865 0.0811193 
48233 -0.168707 0.242927 
48234 -0.166647 0.40487 
48235 -0.0132394 -0.244402 
48236 -0.0111371 -0.0827238 
48237 -0.00895642 0.0788744 
48238 -0.00684028 0.240335 
48239 -0.00471613 0.402049 
48240 0.147971 -0.245889 
48241 0.150076 -0.0846764 
48242 0.152357 0.0765107 
48243 0.154385 0.237754 
48244 0.156658 0.399039 
48245 0.308639 -0.247578 
48246 0.310655 -0.08671 
48247 0.31291 0.0742869 
48248 0.31495 0.235355 
48249 0.317001 0.396204 
48250 -0.338547 -0.239787 
48251 -0.335981 -0.0784354 
48252 -0.333658 0.0829006 
48253 -0.331029 0.244435 
48254 -0.328436 0.405858 
48255 -0.176737 -0.241633 
48256 -0.174196 -0.080811 
48257 -0.171694 0.0801645 
48258 -0.169305 0.241453 
48259 -0.166604 0.402278 
48260 -0.0157407 -0.243752 
48261 -0.0133234 -0.0830491 
48262 -0.0106572 0.0775304 
48263 -0.00818753 0.238331 
48264 -0.00560092 0.398775 
48265 0.144505 -0.245487 
48266 0.146997 -0.0853119 
48267 0.149506 0.0746682 
48268 0.151976 0.234935 
48269 0.15461 0.395251 
48270 0.303915 -0.247406 
48271 0.306365 -0.0876516 
48272 0.30878 0.0721094 
48273 0.311404 0.231913 
48274 0.313996 0.391759 
48275 -0.339507 -0.238629 
48276 -0.336679 -0.0779247 
48277 -0.333582 0.0824353 
48278 -0.330618 0.243144 
48279 -0.327666 0.403656 
48280 -0.17847 -0.240767 
48281 -0.175413 -0.0806883 
48282 -0.17273 0.0793003 
48283 -0.16973 0.239471 
48284 -0.166638 0.399459 
48285 -0.01826 -0.243074 
48286 -0.0155483 -0.0834351 
48287 -0.0124293 0.0761132 
48288 -0.00959418 0.235877 
48289 -0.00662122 0.395345 
48290 0.140808 -0.245312 
48291 0.14377 -0.0861861 
48292 0.146572 0.0730089 
48293 0.149648 0.232371 
48294 0.152571 0.391357 
48295 0.299068 -0.24735 
48296 0.3019 -0.0887567 
48297 0.304965 0.0700196 
48298 0.30779 0.228682 
48299 0.310581 0.387276 
48300 -0.340475 -0.237487 
48301 -0.337055 -0.0778083 
48302 -0.333603 0.0819759 
48303 -0.330188 0.241743 
48304 -0.327069 0.40133 
48305 -0.18016 -0.240072 
48306 -0.176895 -0.0808739 
48307 -0.173455 0.078276 
48308 -0.170084 0.237396 
48309 -0.166628 0.396753 
48310 -0.0209219 -0.242597 
48311 -0.017562 -0.0838283 
48312 -0.0142241 0.0747836 
48313 -0.0109968 0.233331 
48314 -0.00756773 0.391982 
48315 0.137416 -0.244913 
48316 0.140606 -0.0869282 
48317 0.143921 0.0713086 
48318 0.147141 0.229445 
48319 0.150464 0.387487 
48320 0.294537 -0.247604 
48321 0.29777 -0.0900144 
48322 0.300978 0.0678282 
48323 0.304214 0.225311 
48324 0.307551 0.382812 
48325 -0.341339 -0.236592 
48326 -0.337527 -0.0776893 
48327 -0.333907 0.0813335 
48328 -0.329946 0.239982 
48329 -0.326237 0.398906 
48330 -0.181681 -0.23941 
48331 -0.178019 -0.0810993 
48332 -0.174265 0.0770956 
48333 -0.170516 0.235745 
48334 -0.166758 0.393639 
48335 -0.0233579 -0.242157 
48336 -0.0197623 -0.0844735 
48337 -0.0160349 0.0732748 
48338 -0.0122542 0.230771 
48339 -0.00859019 0.38852 
48340 0.133815 -0.244936 
48341 0.137456 -0.0878906 
48342 0.141103 0.0693384 
48343 0.144773 0.226413 
48344 0.148545 0.383424 
48345 0.28995 -0.247745 
48346 0.29356 -0.0912287 
48347 0.297171 0.0653279 
48348 0.300843 0.221849 
48349 0.304408 0.378264 
48350 -0.342208 -0.235739 
48351 -0.338057 -0.0776251 
48352 -0.334108 0.0804167 
48353 -0.329733 0.238455 
48354 -0.325367 0.396443 
48355 -0.183416 -0.238907 
48356 -0.179289 -0.0812993 
48357 -0.175114 0.0759767 
48358 -0.171036 0.233222 
48359 -0.166835 0.390661 
48360 -0.0257803 -0.241965 
48361 -0.0217795 -0.0849539 
48362 -0.0177617 0.0716023 
48363 -0.0137921 0.228333 
48364 -0.00965313 0.384957 
48365 0.130423 -0.245077 
48366 0.134303 -0.0887068 
48367 0.138372 0.0673163 
48368 0.142333 0.223463 
48369 0.146534 0.379306 
48370 0.285329 -0.248143 
48371 0.28943 -0.0926586 
48372 0.293423 0.0628944 
48373 0.297097 0.21837 
48374 0.301084 0.37385 
48375 -0.343245 -0.235042 
48376 -0.33852 -0.0777005 
48377 -0.333918 0.0794312 
48378 -0.32934 0.236572 
48379 -0.324835 0.39361 
48380 -0.185092 -0.238565 
48381 -0.18058 -0.0818258 
48382 -0.175948 0.0746987 
48383 -0.171496 0.231286 
48384 -0.166976 0.387415 
48385 -0.0283609 -0.241887 
48386 -0.023963 -0.0857998 
48387 -0.0194798 0.0699401 
48388 -0.015093 0.225735 
48389 -0.0105355 0.381225 
48390 0.126905 -0.245368 
48391 0.131291 -0.089795 
48392 0.135643 0.0653544 
48393 0.14002 0.220255 
48394 0.144265 0.375152 
48395 0.280964 -0.248491 
48396 0.285079 -0.0939835 
48397 0.289384 0.0604432 
48398 0.293753 0.214727 
48399 0.298055 0.369149 
48400 -0.344162 -0.234671 
48401 -0.339124 -0.0780362 
48402 -0.334121 0.0785154 
48403 -0.329095 0.2348 
48404 -0.324076 0.390907 
48405 -0.186714 -0.238192 
48406 -0.181816 -0.0824239 
48407 -0.176789 0.0733122 
48408 -0.171932 0.228845 
48409 -0.16722 0.384257 
48410 -0.0308497 -0.241957 
48411 -0.026037 -0.08678 
48412 -0.0211829 0.0682508 
48413 -0.0164554 0.222972 
48414 -0.0115803 0.377587 
48415 0.123456 -0.245357 
48416 0.128218 -0.0912219 
48417 0.132908 0.0631467 
48418 0.13758 0.217013 
48419 0.142112 0.370939 
48420 0.276492 -0.249016 
48421 0.280994 -0.095484 
48422 0.28554 0.0580157 
48423 0.290285 0.21134 
48424 0.294859 0.364369 
48425 -0.345183 -0.234239 
48426 -0.339664 -0.0782027 
48427 -0.334286 0.077292 
48428 -0.328879 0.232827 
48429 -0.32358 0.388042 
48430 -0.188373 -0.238081 
48431 -0.183098 -0.0832044 
48432 -0.177736 0.071815 
48433 -0.172524 0.226446 
48434 -0.167234 0.380932 
48435 -0.0332252 -0.242046 
48436 -0.0278341 -0.0876362 
48437 -0.0230957 0.0662552 
48438 -0.0178171 0.220068 
48439 -0.0126619 0.373606 
48440 0.120263 -0.245824 
48441 0.125289 -0.0923514 
48442 0.130238 0.0609311 
48443 0.135093 0.213969 
48444 0.14013 0.366608 
48445 0.27219 -0.24965 
48446 0.277058 -0.0968958 
48447 0.281916 0.0555521 
48448 0.286847 0.207732 
48449 0.291436 0.359624 
48450 -0.346076 -0.233943 
48451 -0.340306 -0.0787857 
48452 -0.334374 0.0761354 
48453 -0.328639 0.230675 
48454 -0.322814 0.384906 
48455 -0.189988 -0.238154 
48456 -0.184256 -0.0836878 
48457 -0.178751 0.0702353 
48458 -0.173118 0.223935 
48459 -0.167372 0.377407 
48460 -0.0356299 -0.242168 
48461 -0.0303654 -0.0887999 
48462 -0.0247146 0.0643201 
48463 -0.0192986 0.217292 
48464 -0.0138732 0.369845 
48465 0.117005 -0.246361 
48466 0.122288 -0.0938216 
48467 0.127536 0.0585935 
48468 0.132865 0.210713 
48469 0.138 0.362349 
48470 0.267937 -0.250384 
48471 0.273029 -0.0986513 
48472 0.278141 0.0528798 
48473 0.283292 0.204086 
48474 0.288377 0.354903 
48475 -0.346951 -0.233888 
48476 -0.340702 -0.0793306 
48477 -0.334545 0.0748308 
48478 -0.328438 0.228481 
48479 -0.322132 0.381853 
48480 -0.191556 -0.238071 
48481 -0.185463 -0.0847131 
48482 -0.179671 0.06853 
48483 -0.173529 0.22137 
48484 -0.167528 0.373918 
48485 -0.0381312 -0.242656 
48486 -0.032258 -0.0898939 
48487 -0.0263881 0.0624185 
48488 -0.0206184 0.214362 
48489 -0.0148974 0.365745 
48490 0.113798 -0.246969 
48491 0.119321 -0.0951078 
48492 0.124812 0.0562468 
48493 0.130445 0.20726 
48494 0.13589 0.357925 
48495 0.263701 -0.251013 
48496 0.26907 -0.100253 
48497 0.274332 0.0501251 
48498 0.279816 0.200379 
48499 0.284978 0.350138 
48500 -0.347807 -0.233759 
48501 -0.341259 -0.0798696 
48502 -0.3348 0.0733368 
48503 -0.328012 0.226143 
48504 -0.321668 0.37866 
48505 -0.193103 -0.238358 
48506 -0.186913 -0.0855532 
48507 -0.180535 0.0668602 
48508 -0.174275 0.218695 
48509 -0.167952 0.370251 
48510 -0.0402723 -0.242964 
48511 -0.0342242 -0.0910986 
48512 -0.0282277 0.0603344 
48513 -0.0221075 0.2113 
48514 -0.0160766 0.361858 
48515 0.110605 -0.247495 
48516 0.116374 -0.0965661 
48517 0.122267 0.0538266 
48518 0.127972 0.203916 
48519 0.133833 0.353381 
48520 0.259478 -0.252004 
48521 0.265248 -0.102099 
48522 0.270767 0.0474565 
48523 0.276424 0.196772 
48524 0.281978 0.345491 
48525 -0.348824 -0.233836 
48526 -0.341912 -0.0807701 
48527 -0.334957 0.0718196 
48528 -0.327851 0.224036 
48529 -0.321049 0.375502 
48530 -0.194614 -0.238728 
48531 -0.188077 -0.086614 
48532 -0.181421 0.064996 
48533 -0.174628 0.216021 
48534 -0.168153 0.366555 
48535 -0.0426072 -0.243515 
48536 -0.0362587 -0.0924589 
48537 -0.0299424 0.0580971 
48538 -0.0236754 0.208293 
48539 -0.0172816 0.357898 
48540 0.107437 -0.248177 
48541 0.113334 -0.0981314 
48542 0.119507 0.0514768 
48543 0.125605 0.200605 
48544 0.131745 0.349152 
48545 0.255587 -0.252876 
48546 0.261316 -0.103694 
48547 0.267086 0.044862 
48548 0.272854 0.192986 
48549 0.278744 0.340686 
48550 -0.349754 -0.234163 
48551 -0.342404 -0.0816088 
48552 -0.335134 0.070239 
48553 -0.327816 0.221442 
48554 -0.320644 0.372072 
48555 -0.196271 -0.239066 
48556 -0.189397 -0.0876657 
48557 -0.18239 0.0629865 
48558 -0.17535 0.213261 
48559 -0.168464 0.362914 
48560 -0.0449287 -0.243975 
48561 -0.0383181 -0.0936362 
48562 -0.0317821 0.0559495 
48563 -0.0250888 0.205017 
48564 -0.0184807 0.353824 
48565 0.104362 -0.248896 
48566 0.11068 -0.0997128 
48567 0.11711 0.0490255 
48568 0.123192 0.197022 
48569 0.129516 0.344722 
48570 0.251533 -0.253822 
48571 0.257574 -0.105469 
48572 0.263385 0.0419711 
48573 0.269377 0.189199 
48574 0.275332 0.335863 
48575 -0.350568 -0.234386 
48576 -0.342945 -0.0825884 
48577 -0.335345 0.0683899 
48578 -0.327766 0.218833 
48579 -0.320229 0.368695 
48580 -0.197793 -0.239547 
48581 -0.190471 -0.0888597 
48582 -0.183294 0.0609738 
48583 -0.176039 0.210367 
48584 -0.168826 0.359139 
48585 -0.0472381 -0.244812 
48586 -0.0401509 -0.0951084 
48587 -0.0334154 0.0536777 
48588 -0.0266274 0.201871 
48589 -0.0196842 0.349502 
48590 0.101284 -0.249905 
48591 0.107838 -0.101393 
48592 0.114353 0.0466089 
48593 0.120839 0.193699 
48594 0.127265 0.340281 
48595 0.247579 -0.254819 
48596 0.253724 -0.107411 
48597 0.259918 0.0393704 
48598 0.266108 0.185499 
48599 0.27191 0.330996 
