48125 -0.333283 -0.249976 
48126 -0.333333 -0.0833614 
48127 -0.333287 0.083331 
48128 -0.333307 0.250048 
48129 -0.333234 0.416701 
48130 -0.166512 -0.250001 
48131 -0.166541 -0.0834128 
48132 -0.166717 0.0833287 
48133 -0.166543 0.250167 
48134 -0.166868 0.41668 
48135 -2.08003e-05 -0.249924 
48136 -0.00012643 -0.0832336 
48137 1.17576e-06 0.0833093 
48138 -6.03713e-05 0.249878 
48139 2.47546e-05 0.416623 
48140 0.16667 -0.24995 
48141 0.166749 -0.0834153 
48142 0.166762 0.0833369 
48143 0.166557 0.250031 
48144 0.166472 0.416746 
48145 0.33333 -0.25004 
48146 0.333396 -0.0833391 
48147 0.333334 0.0832095 
48148 0.333305 0.250168 
48149 0.333283 0.416682 
48150 -0.334017 -0.24797 
48151 -0.333922 -0.0823088 
48152 -0.33333 0.0834602 
48153 -0.332933 0.249254 
48154 -0.332538 0.415091 
48155 -0.16833 -0.248433 
48156 -0.167903 -0.0827907 
48157 -0.16744 0.0831054 
48158 -0.167132 0.248744 
48159 -0.166665 0.414372 
48160 -0.00271561 -0.248654 
48161 -0.00221221 -0.0830669 
48162 -0.00189794 0.082494 
48163 -0.0013927 0.248124 
48164 -0.00105188 0.413891 
48165 0.162838 -0.248878 
48166 0.163403 -0.0834549 
48167 0.163735 0.0820826 
48168 0.164227 0.247655 
48169 0.164718 0.413327 
48170 0.328093 -0.249348 
48171 0.3287 -0.0839591 
48172 0.329175 0.0815835 
48173 0.329616 0.246991 
48174 0.330089 0.412675 
48175 -0.335034 -0.24617 
48176 -0.334265 -0.0815228 
48177 -0.333407 0.0834793 
48178 -0.332523 0.248308 
48179 -0.331582 0.413264 
48180 -0.170068 -0.246828 
48181 -0.169308 -0.0822303 
48182 -0.168253 0.0825037 
48183 -0.167417 0.247169 
48184 -0.166651 0.412034 
48185 -0.00531445 -0.247474 
48186 -0.00448227 -0.08304 
48187 -0.00352457 0.081643 
48188 -0.00279644 0.246172 
48189 -0.00191797 0.410846 
48190 0.159078 -0.248171 
48191 0.160077 -0.0838339 
48192 0.160804 0.0805688 
48193 0.161586 0.245075 
48194 0.162575 0.409693 
48195 0.323263 -0.248874 
48196 0.324091 -0.0845781 
48197 0.324986 0.0796859 
48198 0.325978 0.244113 
48199 0.326859 0.40832 
48200 -0.335928 -0.244667 
48201 -0.334603 -0.0806348 
48202 -0.333346 0.0833024 
48203 -0.332078 0.247365 
48204 -0.330811 0.411403 
48205 -0.171705 -0.245585 
48206 -0.170477 -0.0819551 
48207 -0.169141 0.0819381 
48208 -0.167907 0.245867 
48209 -0.166595 0.409599 
48210 -0.00795253 -0.246551 
48211 -0.00672039 -0.0831689 
48212 -0.00534184 0.0805094 
48213 -0.00419132 0.24412 
48214 -0.00276621 0.407723 
48215 0.155455 -0.247382 
48216 0.156756 -0.084284 
48217 0.15797 0.0791163 
48218 0.159191 0.242529 
48219 0.16065 0.405921 
48220 0.318332 -0.248569 
48221 0.319556 -0.0854379 
48222 0.320899 0.0777757 
48223 0.322111 0.240972 
48224 0.323521 0.404101 
48225 -0.336846 -0.243062 
48226 -0.335198 -0.0801078 
48227 -0.333488 0.0831385 
48228 -0.331628 0.246132 
48229 -0.329947 0.409419 
48230 -0.173433 -0.244367 
48231 -0.17171 -0.0816521 
48232 -0.170001 0.0813112 
48233 -0.168305 0.243955 
48234 -0.166577 0.407006 
48235 -0.0105591 -0.245775 
48236 -0.00892291 -0.0832379 
48237 -0.00731904 0.0794532 
48238 -0.00541921 0.241998 
48239 -0.00373926 0.404633 
48240 0.151631 -0.247105 
48241 0.153291 -0.0847622 
48242 0.155187 0.0774865 
48243 0.156876 0.239834 
48244 0.15866 0.402293 
48245 0.313458 -0.24819 
48246 0.315142 -0.0862787 
48247 0.316736 0.0757225 
48248 0.318577 0.237831 
48249 0.320355 0.399904 
48250 -0.33772 -0.241777 
48251 -0.335555 -0.0794308 
48252 -0.333486 0.0828208 
48253 -0.331309 0.244913 
48254 -0.329158 0.407233 
48255 -0.175149 -0.243329 
48256 -0.172938 -0.0815232 
48257 -0.170973 0.080382 
48258 -0.168762 0.242436 
48259 -0.166584 0.404314 
48260 -0.0131505 -0.244944 
48261 -0.0111043 -0.0835394 
48262 -0.00886948 0.07803 
48263 -0.00690968 0.239779 
48264 -0.0047063 0.401422 
48265 0.148031 -0.246581 
48266 0.150196 -0.0853232 
48267 0.152311 0.0759009 
48268 0.154324 0.237163 
48269 0.156564 0.398291 
48270 0.30867 -0.248085 
48271 0.310738 -0.0871163 
48272 0.312946 0.0736002 
48273 0.314963 0.234564 
48274 0.317072 0.395359 
48275 -0.33858 -0.240545 
48276 -0.336015 -0.0791055 
48277 -0.333526 0.0822284 
48278 -0.331066 0.243651 
48279 -0.328344 0.404922 
48280 -0.176713 -0.242391 
48281 -0.174245 -0.0814082 
48282 -0.171731 0.0794787 
48283 -0.169188 0.240548 
48284 -0.16665 0.401447 
48285 -0.0157067 -0.244291 
48286 -0.0132941 -0.0837651 
48287 -0.0106405 0.076808 
48288 -0.00826873 0.237336 
48289 -0.00562253 0.398038 
48290 0.144497 -0.246338 
48291 0.146995 -0.0860868 
48292 0.14956 0.0741218 
48293 0.151967 0.234353 
48294 0.154505 0.394389 
48295 0.303871 -0.248172 
48296 0.306512 -0.0883701 
48297 0.309032 0.0714328 
48298 0.311317 0.231247 
48299 0.313856 0.390937 
48300 -0.339577 -0.239427 
48301 -0.336645 -0.0789185 
48302 -0.333551 0.0815438 
48303 -0.330693 0.242169 
48304 -0.327661 0.402611 
48305 -0.178434 -0.241725 
48306 -0.175434 -0.0815462 
48307 -0.17255 0.0784913 
48308 -0.169618 0.238649 
48309 -0.166707 0.398559 
48310 -0.0183646 -0.243879 
48311 -0.0154713 -0.084206 
48312 -0.0123758 0.0753353 
48313 -0.00944844 0.234899 
48314 -0.00670833 0.39449 
48315 0.140904 -0.246071 
48316 0.14382 -0.0869302 
48317 0.146747 0.0722427 
48318 0.149537 0.231262 
48319 0.152373 0.39043 
48320 0.299248 -0.248371 
48321 0.302012 -0.0894818 
48322 0.30495 0.0691783 
48323 0.307808 0.227703 
48324 0.310631 0.386405 
48325 -0.34049 -0.23847 
48326 -0.337054 -0.0787927 
48327 -0.333569 0.081009 
48328 -0.330171 0.240612 
48329 -0.326881 0.400246 
48330 -0.180144 -0.240921 
48331 -0.17669 -0.0818082 
48332 -0.173547 0.0772755 
48333 -0.170072 0.236345 
48334 -0.166702 0.395624 
48335 -0.0207441 -0.243568 
48336 -0.0174695 -0.0848181 
48337 -0.0142387 0.0737105 
48338 -0.010987 0.232459 
48339 -0.00766614 0.391029 
48340 0.137497 -0.246054 
48341 0.140594 -0.0879218 
48342 0.143896 0.0703934 
48343 0.14717 0.228316 
48344 0.15036 0.386145 
48345 0.294659 -0.248622 
48346 0.297885 -0.0907921 
48347 0.301037 0.0667532 
48348 0.30421 0.224265 
48349 0.3074 0.381792 
48350 -0.341319 -0.23764 
48351 -0.33756 -0.0787438 
48352 -0.333798 0.0800793 
48353 -0.329792 0.238975 
48354 -0.326031 0.397551 
48355 -0.18181 -0.240628 
48356 -0.178005 -0.0820903 
48357 -0.174124 0.0762649 
48358 -0.170536 0.234329 
48359 -0.166565 0.39245 
48360 -0.023367 -0.243424 
48361 -0.019553 -0.0854722 
48362 -0.0159235 0.0721797 
48363 -0.0122313 0.229769 
48364 -0.00854572 0.387153 
48365 0.13392 -0.246076 
48366 0.137503 -0.0888716 
48367 0.141318 0.0682595 
48368 0.144935 0.225216 
48369 0.148465 0.382206 
48370 0.290065 -0.249054 
48371 0.293492 -0.0922974 
48372 0.297176 0.0642065 
48373 0.300722 0.220765 
48374 0.304147 0.377082 
48375 -0.342292 -0.237083 
48376 -0.338157 -0.0789597 
48377 -0.333794 0.0791547 
48378 -0.329586 0.237147 
48379 -0.325307 0.394939 
48380 -0.183354 -0.240262 
48381 -0.179385 -0.0825982 
48382 -0.175117 0.0748277 
48383 -0.170952 0.232165 
48384 -0.166677 0.389236 
48385 -0.025956 -0.243386 
48386 -0.0216264 -0.0863458 
48387 -0.0176331 0.0704701 
48388 -0.013624 0.227011 
48389 -0.00961897 0.383593 
48390 0.130505 -0.246385 
48391 0.13451 -0.0900743 
48392 0.138423 0.0661267 
48393 0.142327 0.22228 
48394 0.146291 0.378002 
48395 0.285468 -0.249467 
48396 0.289309 -0.0936891 
48397 0.293256 0.0618655 
48398 0.297189 0.217241 
48399 0.301008 0.372432 
48400 -0.34329 -0.236521 
48401 -0.338707 -0.0790856 
48402 -0.333932 0.0782521 
48403 -0.329215 0.235228 
48404 -0.324631 0.392137 
48405 -0.185166 -0.2399 
48406 -0.180489 -0.0831651 
48407 -0.175936 0.07338 
48408 -0.171525 0.229706 
48409 -0.166913 0.385838 
48410 -0.028197 -0.243284 
48411 -0.0237962 -0.0871623 
48412 -0.0194589 0.068705 
48413 -0.0150844 0.224318 
48414 -0.0105997 0.379736 
48415 0.127134 -0.246583 
48416 0.131258 -0.0912372 
48417 0.135714 0.0639188 
48418 0.140119 0.219022 
48419 0.14418 0.373717 
48420 0.281172 -0.250028 
48421 0.285341 -0.0952489 
48422 0.289445 0.0593383 
48423 0.293519 0.213593 
48424 0.297812 0.367646 
48425 -0.34423 -0.236267 
48426 -0.339105 -0.0793417 
48427 -0.333989 0.0770493 
48428 -0.329051 0.233311 
48429 -0.323919 0.389006 
48430 -0.186815 -0.239825 
48431 -0.181886 -0.083854 
48432 -0.176891 0.0719375 
48433 -0.171811 0.227262 
48434 -0.167015 0.382558 
48435 -0.0307299 -0.24348 
48436 -0.0259838 -0.0883214 
48437 -0.0211259 0.066773 
48438 -0.0165462 0.221559 
48439 -0.0117079 0.375839 
48440 0.123765 -0.246945 
48441 0.128413 -0.0924116 
48442 0.133053 0.0617569 
48443 0.137466 0.215713 
48444 0.142198 0.369388 
48445 0.276822 -0.25053 
48446 0.281187 -0.0967552 
48447 0.285603 0.0566735 
48448 0.290181 0.209947 
48449 0.294477 0.362985 
48450 -0.345007 -0.235846 
48451 -0.339561 -0.0799218 
48452 -0.334146 0.0758369 
48453 -0.32864 0.231173 
48454 -0.323228 0.386093 
48455 -0.188305 -0.239679 
48456 -0.182973 -0.0844749 
48457 -0.17773 0.070226 
48458 -0.172525 0.22483 
48459 -0.167077 0.379076 
48460 -0.0330764 -0.243698 
48461 -0.0279623 -0.0892212 
48462 -0.0229917 0.0647519 
48463 -0.0178116 0.218593 
48464 -0.0127458 0.371942 
48465 0.120606 -0.247403 
48466 0.125354 -0.0938322 
48467 0.130276 0.0594579 
48468 0.135122 0.212324 
48469 0.140142 0.365148 
48470 0.272494 -0.251267 
48471 0.277226 -0.0985108 
48472 0.28182 0.0540442 
48473 0.286743 0.206274 
48474 0.291168 0.358121 
48475 -0.346149 -0.235736 
48476 -0.340098 -0.0804884 
48477 -0.334251 0.0744714 
48478 -0.328545 0.228986 
48479 -0.322608 0.382984 
48480 -0.189968 -0.239891 
48481 -0.184165 -0.0853027 
48482 -0.178588 0.0685571 
48483 -0.173078 0.222188 
48484 -0.167477 0.375486 
48485 -0.0355651 -0.243917 
48486 -0.030071 -0.0904226 
48487 -0.0246941 0.0627604 
48488 -0.0192697 0.215634 
48489 -0.0138924 0.368163 
48490 0.117218 -0.248045 
48491 0.122374 -0.0951474 
48492 0.127628 0.0569582 
48493 0.132664 0.209099 
48494 0.137947 0.360557 
48495 0.268123 -0.252012 
48496 0.273172 -0.100113 
48497 0.278237 0.0514144 
48498 0.283213 0.202517 
48499 0.288039 0.353275 
48500 -0.346939 -0.235674 
48501 -0.340717 -0.0811037 
48502 -0.334396 0.0730051 
48503 -0.328263 0.226559 
48504 -0.321926 0.379873 
48505 -0.191526 -0.239981 
48506 -0.185439 -0.0863808 
48507 -0.179414 0.0666947 
48508 -0.173536 0.219476 
48509 -0.167629 0.371942 
48510 -0.0378306 -0.244461 
48511 -0.0320798 -0.0915925 
48512 -0.026491 0.0607582 
48513 -0.0207562 0.212517 
48514 -0.0149483 0.363829 
48515 0.113954 -0.248586 
48516 0.119411 -0.0966914 
48517 0.124921 0.0546088 
48518 0.130293 0.205593 
48519 0.135812 0.356011 
48520 0.263998 -0.252902 
48521 0.269364 -0.101861 
48522 0.274539 0.0486776 
48523 0.279784 0.198767 
48524 0.284759 0.348453 
48525 -0.347972 -0.235764 
48526 -0.341217 -0.081832 
48527 -0.334735 0.0713408 
48528 -0.328007 0.224269 
48529 -0.321539 0.376601 
48530 -0.193062 -0.240342 
48531 -0.186677 -0.0872314 
48532 -0.180449 0.0649601 
48533 -0.17424 0.216722 
48534 -0.167964 0.368143 
48535 -0.0401161 -0.244875 
48536 -0.0341865 -0.0928342 
48537 -0.0281606 0.0586438 
48538 -0.0221167 0.209407 
48539 -0.0161521 0.359808 
48540 0.110796 -0.249217 
48541 0.116568 -0.0983446 
48542 0.122161 0.0521633 
48543 0.128008 0.202046 
48544 0.13372 0.351526 
48545 0.259972 -0.253702 
48546 0.265369 -0.103801 
48547 0.270746 0.0460022 
48548 0.276182 0.194963 
48549 0.281507 0.343508 
48550 -0.348776 -0.235978 
48551 -0.341698 -0.0828153 
48552 -0.334896 0.0698914 
48553 -0.327946 0.221794 
48554 -0.321049 0.373249 
48555 -0.194533 -0.240694 
48556 -0.187857 -0.0884952 
48557 -0.181309 0.0629214 
48558 -0.1748 0.214019 
48559 -0.168065 0.364387 
48560 -0.042542 -0.245584 
48561 -0.0361848 -0.0943004 
48562 -0.0298597 0.0562217 
48563 -0.0237652 0.206309 
48564 -0.0174086 0.355656 
48565 0.107658 -0.250111 
48566 0.113672 -0.0999397 
48567 0.119672 0.0496352 
48568 0.125561 0.19864 
48569 0.131425 0.347101 
48570 0.255862 -0.254685 
48571 0.26151 -0.105474 
48572 0.267158 0.0431267 
48573 0.272724 0.19119 
48574 0.278205 0.338834 
48575 -0.349691 -0.236252 
48576 -0.342396 -0.0837369 
48577 -0.335045 0.0680055 
48578 -0.32776 0.219229 
48579 -0.320613 0.369771 
48580 -0.196135 -0.241337 
48581 -0.189199 -0.0898459 
48582 -0.182234 0.0610625 
48583 -0.175382 0.211089 
48584 -0.168468 0.360583 
48585 -0.0447688 -0.246286 
48586 -0.0381764 -0.0955953 
48587 -0.031626 0.0538816 
48588 -0.0251768 0.203151 
48589 -0.0186629 0.351648 
48590 0.104652 -0.250993 
48591 0.11083 -0.101602 
48592 0.116885 0.0471035 
48593 0.12327 0.195221 
48594 0.129125 0.342559 
48595 0.251823 -0.255751 
48596 0.257708 -0.107464 
48597 0.263608 0.0403218 
48598 0.269297 0.187418 
48599 0.275124 0.333888 
48600 -0.350725 -0.236804 
48601 -0.342909 -0.0847551 
48602 -0.335201 0.0663251 
48603 -0.327684 0.2166 
48604 -0.320204 0.366182 
48605 -0.19758 -0.241834 
48606 -0.190218 -0.0910447 
48607 -0.183207 0.0590103 
48608 -0.176017 0.208227 
48609 -0.168826 0.35655 
48610 -0.0468375 -0.247004 
48611 -0.0399178 -0.097114 
48612 -0.0332459 0.0516555 
48613 -0.0265904 0.199916 
48614 -0.0198541 0.347237 
48615 0.101613 -0.251849 
48616 0.107912 -0.10323 
48617 0.11449 0.0445789 
48618 0.120749 0.191729 
48619 0.126985 0.338075 
48620 0.248068 -0.25677 
48621 0.25395 -0.109282 
48622 0.259916 0.0374121 
48623 0.265836 0.183682 
48624 0.271731 0.329098 
