48150 -0.333172 -0.250038 
48151 -0.333284 -0.0832545 
48152 -0.333261 0.0834058 
48153 -0.333469 0.250022 
48154 -0.333249 0.416693 
48155 -0.166479 -0.249994 
48156 -0.166666 -0.0833827 
48157 -0.166736 0.0832787 
48158 -0.166752 0.250035 
48159 -0.166792 0.416571 
48160 4.34951e-05 -0.250049 
48161 6.10256e-06 -0.0834 
48162 -0.000175443 0.0833536 
48163 -1.81904e-05 0.25004 
48164 4.85628e-05 0.41677 
48165 0.16652 -0.249938 
48166 0.166749 -0.083331 
48167 0.166503 0.0833528 
48168 0.166638 0.250052 
48169 0.166717 0.416726 
48170 0.333268 -0.250001 
48171 0.333395 -0.0832858 
48172 0.333365 0.0833102 
48173 0.333285 0.250125 
48174 0.333368 0.416647 
48175 -0.334221 -0.248336 
48176 -0.333903 -0.0823687 
48177 -0.333193 0.0832796 
48178 -0.332816 0.249042 
48179 -0.33243 0.414838 
48180 -0.168369 -0.248556 
48181 -0.167877 -0.082875 
48182 -0.16751 0.0828654 
48183 -0.167162 0.248492 
48184 -0.166743 0.414276 
48185 -0.00269264 -0.248893 
48186 -0.00226046 -0.0831385 
48187 -0.00172196 0.0823274 
48188 -0.00126936 0.24806 
48189 -0.000903234 0.413668 
48190 0.162858 -0.249243 
48191 0.163453 -0.0837655 
48192 0.16373 0.0820075 
48193 0.164133 0.247459 
48194 0.164479 0.412971 
48195 0.328269 -0.249502 
48196 0.32871 -0.0838907 
48197 0.329151 0.0813791 
48198 0.32961 0.246831 
48199 0.329976 0.412417 
48200 -0.335019 -0.246495 
48201 -0.334185 -0.0815747 
48202 -0.333323 0.0831594 
48203 -0.332511 0.248092 
48204 -0.331608 0.413104 
48205 -0.169926 -0.247202 
48206 -0.169137 -0.0824796 
48207 -0.168344 0.0822575 
48208 -0.167485 0.24698 
48209 -0.166581 0.41186 
48210 -0.0053725 -0.247801 
48211 -0.00451882 -0.0832032 
48212 -0.00355769 0.0812547 
48213 -0.00271497 0.245905 
48214 -0.0018376 0.410489 
48215 0.159152 -0.248546 
48216 0.160048 -0.0841414 
48217 0.160806 0.0802821 
48218 0.16174 0.244858 
48219 0.162585 0.409376 
48220 0.3233 -0.249189 
48221 0.32413 -0.0847887 
48222 0.324988 0.079398 
48223 0.32595 0.243915 
48224 0.326769 0.408208 
48225 -0.336039 -0.245068 
48226 -0.33479 -0.0809485 
48227 -0.333472 0.0829381 
48228 -0.332074 0.247001 
48229 -0.330824 0.410977 
48230 -0.171679 -0.246072 
48231 -0.170419 -0.0821748 
48232 -0.169204 0.0815506 
48233 -0.167951 0.2453 
48234 -0.166693 0.409217 
48235 -0.00792205 -0.247061 
48236 -0.006591 -0.0834333 
48237 -0.00533716 0.080089 
48238 -0.00415407 0.243692 
48239 -0.00282065 0.407325 
48240 0.155452 -0.24793 
48241 0.15664 -0.0845618 
48242 0.157939 0.0788161 
48243 0.159306 0.242103 
48244 0.160438 0.405481 
48245 0.318366 -0.248807 
48246 0.319688 -0.0857284 
48247 0.320888 0.077381 
48248 0.322173 0.240606 
48249 0.323552 0.4037 
48250 -0.336912 -0.243784 
48251 -0.335164 -0.0803625 
48252 -0.333394 0.0826273 
48253 -0.331616 0.245644 
48254 -0.329881 0.408822 
48255 -0.17341 -0.244993 
48256 -0.171728 -0.0820338 
48257 -0.169957 0.080788 
48258 -0.168308 0.243542 
48259 -0.166607 0.406342 
48260 -0.0104368 -0.246302 
48261 -0.00883598 -0.0837451 
48262 -0.00712875 0.0789469 
48263 -0.00543806 0.241421 
48264 -0.00361943 0.404036 
48265 0.151763 -0.247614 
48266 0.153492 -0.085177 
48267 0.155089 0.0772055 
48268 0.156972 0.239522 
48269 0.158478 0.401696 
48270 0.313551 -0.248807 
48271 0.315211 -0.0868353 
48272 0.316799 0.0751726 
48273 0.318526 0.237189 
48274 0.320236 0.399196 
48275 -0.337751 -0.242356 
48276 -0.3356 -0.0802035 
48277 -0.333471 0.0821314 
48278 -0.331333 0.244444 
48279 -0.329077 0.406565 
48280 -0.175101 -0.244086 
48281 -0.173024 -0.0820511 
48282 -0.170852 0.0797732 
48283 -0.168644 0.241754 
48284 -0.166497 0.403519 
48285 -0.0131367 -0.245653 
48286 -0.0111617 -0.0839992 
48287 -0.00897989 0.0776186 
48288 -0.00666369 0.239064 
48289 -0.00467827 0.40065 
48290 0.148142 -0.247169 
48291 0.150219 -0.0859907 
48292 0.15236 0.0752556 
48293 0.154575 0.236497 
48294 0.15658 0.39753 
48295 0.308607 -0.24878 
48296 0.310764 -0.0878902 
48297 0.313047 0.0730298 
48298 0.315074 0.233987 
48299 0.316953 0.394703 
48300 -0.338559 -0.241256 
48301 -0.336122 -0.0799613 
48302 -0.333391 0.0815151 
48303 -0.3309 0.242921 
48304 -0.328251 0.404206 
48305 -0.176682 -0.243291 
48306 -0.174198 -0.082226 
48307 -0.171699 0.0788654 
48308 -0.169199 0.239678 
48309 -0.166557 0.400451 
48310 -0.0157425 -0.245138 
48311 -0.0130601 -0.0845762 
48312 -0.0107065 0.0759403 
48313 -0.0081375 0.236588 
48314 -0.00577672 0.397067 
48315 0.144491 -0.24697 
48316 0.146965 -0.0868258 
48317 0.14952 0.0733042 
48318 0.152007 0.233508 
48319 0.154351 0.393675 
48320 0.304109 -0.248979 
48321 0.306552 -0.0891791 
48322 0.308881 0.070521 
48323 0.311318 0.230398 
48324 0.313805 0.390064 
48325 -0.339615 -0.240496 
48326 -0.336581 -0.0797057 
48327 -0.333648 0.080936 
48328 -0.330479 0.241313 
48329 -0.327405 0.401573 
48330 -0.178489 -0.242574 
48331 -0.17546 -0.0824402 
48332 -0.172473 0.0776384 
48333 -0.16945 0.237588 
48334 -0.166515 0.397584 
48335 -0.0183259 -0.244899 
48336 -0.0153845 -0.0850888 
48337 -0.0125279 0.0744552 
48338 -0.00949534 0.234118 
48339 -0.00647568 0.393427 
48340 0.141043 -0.246932 
48341 0.143836 -0.0877763 
48342 0.146665 0.0712903 
48343 0.149485 0.230504 
48344 0.152428 0.389599 
48345 0.299279 -0.249248 
48346 0.302135 -0.090393 
48347 0.304954 0.0683533 
48348 0.307637 0.226819 
48349 0.31063 0.385339 
48350 -0.340472 -0.239574 
48351 -0.336953 -0.0797321 
48352 -0.333577 0.0799001 
48353 -0.330191 0.239455 
48354 -0.326614 0.39903 
48355 -0.18017 -0.242126 
48356 -0.176727 -0.0828247 
48357 -0.173309 0.0763287 
48358 -0.170032 0.235488 
48359 -0.166549 0.394579 
48360 -0.020817 -0.244576 
48361 -0.017513 -0.0857774 
48362 -0.0142457 0.072765 
48363 -0.0109265 0.231399 
48364 -0.00767371 0.389855 
48365 0.137417 -0.247068 
48366 0.140802 -0.0888559 
48367 0.14385 0.0692631 
48368 0.147108 0.227403 
48369 0.150243 0.385247 
48370 0.294687 -0.249661 
48371 0.297902 -0.0917243 
48372 0.300971 0.0658657 
48373 0.304168 0.223325 
48374 0.307424 0.380587 
48375 -0.341459 -0.238938 
48376 -0.337635 -0.0798678 
48377 -0.333653 0.0789692 
48378 -0.329869 0.237839 
48379 -0.325899 0.396377 
48380 -0.181626 -0.241713 
48381 -0.177956 -0.0831857 
48382 -0.174242 0.0751565 
48383 -0.170563 0.233219 
48384 -0.166637 0.391179 
48385 -0.0232925 -0.244565 
48386 -0.0197786 -0.0866188 
48387 -0.0158223 0.0711711 
48388 -0.0122292 0.228598 
48389 -0.00852663 0.386016 
48390 0.134089 -0.247166 
48391 0.137727 -0.0899438 
48392 0.141245 0.0671737 
48393 0.14475 0.224119 
48394 0.148313 0.380957 
48395 0.290109 -0.249966 
48396 0.293664 -0.0932121 
48397 0.297113 0.0632653 
48398 0.300637 0.219754 
48399 0.303947 0.375956 
48400 -0.342351 -0.238442 
48401 -0.338112 -0.0801423 
48402 -0.333761 0.0780526 
48403 -0.329428 0.235867 
48404 -0.325228 0.393451 
48405 -0.1834 -0.241452 
48406 -0.179342 -0.0839801 
48407 -0.175162 0.0735848 
48408 -0.171007 0.230802 
48409 -0.166795 0.38773 
48410 -0.0257197 -0.244598 
48411 -0.021724 -0.0875789 
48412 -0.0177492 0.0691745 
48413 -0.0136012 0.225884 
48414 -0.00959571 0.382288 
48415 0.130722 -0.247538 
48416 0.134501 -0.0911864 
48417 0.138454 0.0649712 
48418 0.14235 0.220839 
48419 0.146159 0.376622 
48420 0.285816 -0.250599 
48421 0.289479 -0.0947741 
48422 0.293234 0.0606604 
48423 0.297072 0.216022 
48424 0.300802 0.37112 
48425 -0.343185 -0.238001 
48426 -0.338554 -0.0804163 
48427 -0.333883 0.0768985 
48428 -0.329049 0.23378 
48429 -0.324414 0.390584 
48430 -0.184918 -0.241301 
48431 -0.180501 -0.0846156 
48432 -0.175953 0.0720367 
48433 -0.171386 0.228348 
48434 -0.166823 0.38434 
48435 -0.0282712 -0.244729 
48436 -0.0238215 -0.0886029 
48437 -0.0194489 0.0673406 
48438 -0.0150301 0.222856 
48439 -0.0106684 0.378302 
48440 0.127289 -0.247934 
48441 0.131537 -0.0925219 
48442 0.135579 0.0627249 
48443 0.140039 0.217643 
48444 0.144171 0.372267 
48445 0.281255 -0.251174 
48446 0.285403 -0.0963019 
48447 0.289475 0.0580649 
48448 0.293429 0.21231 
48449 0.297655 0.366262 
48450 -0.344183 -0.237739 
48451 -0.339019 -0.0809596 
48452 -0.333947 0.0755395 
48453 -0.328941 0.231668 
48454 -0.323817 0.387375 
48455 -0.186602 -0.241256 
48456 -0.181733 -0.0853466 
48457 -0.176849 0.0704895 
48458 -0.171915 0.225775 
48459 -0.167142 0.380825 
48460 -0.030607 -0.244911 
48461 -0.0258869 -0.0894584 
48462 -0.0211589 0.0654323 
48463 -0.0164363 0.220042 
48464 -0.0117373 0.374258 
48465 0.123864 -0.248424 
48466 0.128671 -0.0938563 
48467 0.132997 0.0605066 
48468 0.137366 0.214243 
48469 0.142017 0.367804 
48470 0.27697 -0.251985 
48471 0.281342 -0.0980055 
48472 0.285702 0.0553519 
48473 0.289896 0.20868 
48474 0.29426 0.361411 
48475 -0.345055 -0.237578 
48476 -0.339558 -0.081377 
48477 -0.334108 0.0742659 
48478 -0.32872 0.229439 
48479 -0.323235 0.384326 
48480 -0.188207 -0.241404 
48481 -0.182895 -0.0862273 
48482 -0.177754 0.0687538 
48483 -0.172468 0.223188 
48484 -0.167183 0.377341 
48485 -0.0330506 -0.245173 
48486 -0.0280533 -0.0907638 
48487 -0.0229219 0.0632922 
48488 -0.0178322 0.217011 
48489 -0.0129896 0.370234 
48490 0.120737 -0.249076 
48491 0.125458 -0.0952362 
48492 0.13026 0.0579826 
48493 0.135215 0.211014 
48494 0.139966 0.363429 
48495 0.2727 -0.252724 
48496 0.277308 -0.0997525 
48497 0.281966 0.0526959 
48498 0.286582 0.204819 
48499 0.291094 0.356487 
48500 -0.346044 -0.237557 
48501 -0.340187 -0.0821941 
48502 -0.33431 0.0727995 
48503 -0.328403 0.227083 
48504 -0.322696 0.381114 
48505 -0.189815 -0.24158 
48506 -0.184228 -0.0870775 
48507 -0.17857 0.0669366 
48508 -0.172942 0.220565 
48509 -0.167302 0.373679 
48510 -0.0351962 -0.245643 
48511 -0.0299576 -0.0918988 
48512 -0.024651 0.0612655 
48513 -0.0192915 0.213887 
48514 -0.0140339 0.366144 
48515 0.117456 -0.249685 
48516 0.122594 -0.0967673 
48517 0.127658 0.0555434 
48518 0.132729 0.207538 
48519 0.137838 0.358902 
48520 0.268466 -0.253517 
48521 0.27339 -0.101532 
48522 0.278211 0.0498669 
48523 0.282997 0.201059 
48524 0.287815 0.351672 
48525 -0.347022 -0.237639 
48526 -0.34066 -0.0827981 
48527 -0.334372 0.0711822 
48528 -0.328245 0.224738 
48529 -0.322016 0.377725 
48530 -0.191408 -0.241784 
48531 -0.185406 -0.0881904 
48532 -0.179508 0.0650276 
48533 -0.173494 0.217873 
48534 -0.167683 0.369894 
48535 -0.0375662 -0.246191 
48536 -0.0319361 -0.0933192 
48537 -0.026374 0.0589863 
48538 -0.0207298 0.210928 
48539 -0.0151856 0.362055 
48540 0.114225 -0.25027 
48541 0.119585 -0.0982146 
48542 0.125007 0.0530504 
48543 0.13031 0.203983 
48544 0.135552 0.35431 
48545 0.264293 -0.254411 
48546 0.269498 -0.103334 
48547 0.274359 0.0471758 
48548 0.279619 0.197217 
48549 0.284629 0.346677 
48550 -0.347916 -0.237876 
48551 -0.341216 -0.0838144 
48552 -0.334575 0.0695153 
48553 -0.32807 0.222384 
48554 -0.321409 0.374284 
48555 -0.192964 -0.242273 
48556 -0.186584 -0.0892876 
48557 -0.180445 0.0631263 
48558 -0.1742 0.214944 
48559 -0.168046 0.366153 
48560 -0.0399626 -0.246687 
48561 -0.0340835 -0.094634 
48562 -0.0281453 0.056772 
48563 -0.022251 0.207609 
48564 -0.0163632 0.357845 
48565 0.111137 -0.251155 
48566 0.116727 -0.100016 
48567 0.122271 0.0504807 
48568 0.127714 0.200565 
48569 0.133342 0.349928 
48570 0.260336 -0.255398 
48571 0.265516 -0.10525 
48572 0.270771 0.044434 
48573 0.276048 0.193457 
48574 0.281239 0.34178 
48575 -0.348703 -0.238128 
48576 -0.341816 -0.0847776 
48577 -0.334839 0.0678229 
48578 -0.3278 0.219719 
48579 -0.320993 0.370831 
48580 -0.194456 -0.242886 
48581 -0.187788 -0.0905328 
48582 -0.181293 0.0610955 
48583 -0.1748 0.212112 
48584 -0.168202 0.362117 
48585 -0.0421436 -0.247567 
48586 -0.0360499 -0.0961621 
48587 -0.0297051 0.0544645 
48588 -0.0237266 0.204344 
48589 -0.0175461 0.353561 
48590 0.108016 -0.252 
48591 0.113845 -0.101648 
48592 0.119722 0.0480722 
48593 0.125491 0.196916 
48594 0.131152 0.345213 
48595 0.256323 -0.256506 
48596 0.261693 -0.107024 
48597 0.267174 0.0414836 
48598 0.27245 0.189628 
48599 0.277897 0.336869 
48600 -0.349787 -0.238549 
48601 -0.342284 -0.0857879 
48602 -0.334962 0.0660196 
48603 -0.327737 0.217017 
48604 -0.320537 0.367317 
48605 -0.195905 -0.243377 
48606 -0.189017 -0.0918091 
48607 -0.182228 0.0589669 
48608 -0.17544 0.20901 
48609 -0.168621 0.358316 
48610 -0.0445026 -0.248214 
48611 -0.0379052 -0.0975382 
48612 -0.0315553 0.0522463 
48613 -0.0252403 0.201177 
48614 -0.0187875 0.34948 
48615 0.104887 -0.252872 
48616 0.111104 -0.103265 
48617 0.117012 0.0455636 
48618 0.122898 0.193367 
48619 0.128953 0.340676 
48620 0.252279 -0.257443 
48621 0.257875 -0.10911 
48622 0.263594 0.0388465 
48623 0.269026 0.185801 
48624 0.274559 0.332046 
48625 -0.350416 -0.239016 
48626 -0.342847 -0.0870976 
48627 -0.335079 0.0640992 
48628 -0.327552 0.214274 
48629 -0.320183 0.363612 
48630 -0.197422 -0.244175 
48631 -0.190367 -0.0932144 
48632 -0.183265 0.0568342 
48633 -0.176109 0.206116 
48634 -0.168844 0.354483 
48635 -0.0466118 -0.249062 
48636 -0.0398528 -0.0991584 
48637 -0.0334432 0.0498028 
48638 -0.0266952 0.197948 
48639 -0.0202124 0.345137 
48640 0.102016 -0.253746 
48641 0.108269 -0.105077 
48642 0.114516 0.0427377 
48643 0.120518 0.189931 
48644 0.126669 0.335936 
48645 0.248434 -0.25868 
48646 0.254168 -0.110906 
48647 0.26006 0.0359257 
48648 0.265659 0.181855 
48649 0.27129 0.32713 
