48275 -0.33335 -0.250045 
48276 -0.333412 -0.0832829 
48277 -0.333318 0.0833814 
48278 -0.333277 0.25006 
48279 -0.333389 0.416601 
48280 -0.166687 -0.250093 
48281 -0.166725 -0.0834218 
48282 -0.166703 0.08336 
48283 -0.16672 0.250036 
48284 -0.166598 0.4168 
48285 4.94087e-05 -0.249923 
48286 6.0676e-06 -0.0832727 
48287 -1.46196e-05 0.0832549 
48288 8.6831e-05 0.250009 
48289 -4.54889e-05 0.416571 
48290 0.16674 -0.25008 
48291 0.166545 -0.0832545 
48292 0.166675 0.0833249 
48293 0.1666 0.249911 
48294 0.166738 0.416594 
48295 0.333348 -0.249957 
48296 0.333243 -0.0834248 
48297 0.333173 0.0834142 
48298 0.3333 0.250071 
48299 0.333287 0.416691 
48300 -0.334162 -0.248845 
48301 -0.333668 -0.0830621 
48302 -0.333398 0.0826605 
48303 -0.332843 0.248445 
48304 -0.332282 0.414095 
48305 -0.168301 -0.249265 
48306 -0.167791 -0.0833939 
48307 -0.167383 0.0821934 
48308 -0.166891 0.248017 
48309 -0.166537 0.413596 
48310 -0.00261414 -0.249528 
48311 -0.00225363 -0.0838571 
48312 -0.00186357 0.0818228 
48313 -0.00134368 0.247228 
48314 -0.000875991 0.412957 
48315 0.162865 -0.249804 
48316 0.163315 -0.0841789 
48317 0.163733 0.0811612 
48318 0.164312 0.246771 
48319 0.164558 0.412237 
48320 0.328408 -0.250102 
48321 0.328911 -0.0845617 
48322 0.329154 0.080751 
48323 0.329589 0.246444 
48324 0.329985 0.411591 
48325 -0.335096 -0.247917 
48326 -0.334114 -0.0829454 
48327 -0.333279 0.0818327 
48328 -0.332447 0.24659 
48329 -0.331343 0.411511 
48330 -0.170016 -0.248453 
48331 -0.16917 -0.0836958 
48332 -0.168182 0.0810197 
48333 -0.167473 0.245699 
48334 -0.166445 0.41021 
48335 -0.00530856 -0.249165 
48336 -0.00439478 -0.084442 
48337 -0.00358727 0.0799583 
48338 -0.00271701 0.244757 
48339 -0.00188181 0.409184 
48340 0.159349 -0.249777 
48341 0.160141 -0.0852602 
48342 0.160933 0.0791456 
48343 0.161712 0.243622 
48344 0.162435 0.407985 
48345 0.323519 -0.250517 
48346 0.32434 -0.0860034 
48347 0.325002 0.0782606 
48348 0.325807 0.242538 
48349 0.326644 0.406721 
48350 -0.335934 -0.24695 
48351 -0.334587 -0.0829567 
48352 -0.333235 0.0810449 
48353 -0.331998 0.244977 
48354 -0.330709 0.408622 
48355 -0.171893 -0.247964 
48356 -0.170435 -0.0841633 
48357 -0.169011 0.0797656 
48358 -0.167847 0.243379 
48359 -0.166402 0.406986 
48360 -0.00776515 -0.248936 
48361 -0.00659734 -0.0853598 
48362 -0.00540044 0.078387 
48363 -0.00394298 0.241727 
48364 -0.00288321 0.405199 
48365 0.15569 -0.249803 
48366 0.156872 -0.0862974 
48367 0.158008 0.0770234 
48368 0.159254 0.240328 
48369 0.160514 0.403333 
48370 0.318646 -0.250807 
48371 0.319786 -0.087518 
48372 0.320916 0.0757499 
48373 0.32226 0.238604 
48374 0.323375 0.401539 
48375 -0.336985 -0.246452 
48376 -0.334986 -0.0831507 
48377 -0.333349 0.0799865 
48378 -0.331449 0.242997 
48379 -0.329705 0.405944 
48380 -0.173308 -0.247607 
48381 -0.171626 -0.0844887 
48382 -0.169785 0.0781188 
48383 -0.168168 0.240943 
48384 -0.166413 0.403525 
48385 -0.0103279 -0.248893 
48386 -0.0086301 -0.086197 
48387 -0.00708719 0.0765467 
48388 -0.00539357 0.239 
48389 -0.00382837 0.401192 
48390 0.151992 -0.250057 
48391 0.153632 -0.087664 
48392 0.155186 0.0746523 
48393 0.156745 0.236833 
48394 0.158347 0.398911 
48395 0.313844 -0.251098 
48396 0.315392 -0.0890717 
48397 0.317062 0.0728907 
48398 0.318419 0.234828 
48399 0.319974 0.396688 
48400 -0.337804 -0.245627 
48401 -0.335587 -0.0832914 
48402 -0.333283 0.0788839 
48403 -0.331081 0.241146 
48404 -0.328668 0.402872 
48405 -0.174945 -0.247361 
48406 -0.172679 -0.0851754 
48407 -0.170714 0.0767271 
48408 -0.168507 0.238452 
48409 -0.166313 0.400004 
48410 -0.012984 -0.248824 
48411 -0.010822 -0.08707 
48412 -0.00879534 0.0745093 
48413 -0.00674118 0.235959 
48414 -0.00475935 0.397134 
48415 0.148417 -0.250387 
48416 0.150484 -0.0889937 
48417 0.152383 0.0724317 
48418 0.154234 0.233362 
48419 0.15626 0.394412 
48420 0.309254 -0.251975 
48421 0.311095 -0.0909111 
48422 0.312941 0.0700943 
48423 0.314698 0.230883 
48424 0.316445 0.391458 
48425 -0.338615 -0.245441 
48426 -0.335989 -0.0837035 
48427 -0.333331 0.0777222 
48428 -0.330704 0.238888 
48429 -0.328028 0.399827 
48430 -0.176725 -0.247204 
48431 -0.174034 -0.0858681 
48432 -0.171547 0.0751972 
48433 -0.169014 0.235823 
48434 -0.166427 0.396448 
48435 -0.0153291 -0.248901 
48436 -0.0129216 -0.0881233 
48437 -0.0105653 0.0726214 
48438 -0.00821747 0.232932 
48439 -0.00576436 0.39295 
48440 0.14493 -0.250729 
48441 0.14734 -0.0902389 
48442 0.149572 0.0699875 
48443 0.15196 0.229936 
48444 0.15421 0.389735 
48445 0.304646 -0.252496 
48446 0.306817 -0.0924091 
48447 0.308992 0.0673594 
48448 0.311065 0.226837 
48449 0.313151 0.386219 
48450 -0.33956 -0.244965 
48451 -0.336436 -0.0842577 
48452 -0.333407 0.0764665 
48453 -0.330204 0.236727 
48454 -0.327051 0.396673 
48455 -0.178273 -0.247068 
48456 -0.175351 -0.0867415 
48457 -0.172275 0.0734396 
48458 -0.169447 0.23328 
48459 -0.16641 0.392594 
48460 -0.0178791 -0.249169 
48461 -0.0149785 -0.0890893 
48462 -0.0122536 0.0704097 
48463 -0.00953146 0.229741 
48464 -0.00682505 0.388673 
48465 0.141701 -0.251273 
48466 0.144207 -0.0916971 
48467 0.146787 0.0674816 
48468 0.149452 0.226223 
48469 0.152027 0.384814 
48470 0.300226 -0.253327 
48471 0.302587 -0.0942138 
48472 0.305036 0.0645031 
48473 0.307433 0.223004 
48474 0.309827 0.381122 
48475 -0.340237 -0.245046 
48476 -0.336886 -0.0848538 
48477 -0.33351 0.0748946 
48478 -0.32983 0.23434 
48479 -0.326455 0.3933 
48480 -0.17987 -0.247186 
48481 -0.176581 -0.0877056 
48482 -0.17305 0.0716436 
48483 -0.169797 0.230416 
48484 -0.16659 0.388927 
48485 -0.0202992 -0.249507 
48486 -0.0171591 -0.0903569 
48487 -0.0140188 0.0681863 
48488 -0.0108228 0.226649 
48489 -0.00789994 0.384576 
48490 0.138156 -0.25177 
48491 0.141267 -0.0931983 
48492 0.144083 0.0649024 
48493 0.146932 0.222738 
48494 0.149914 0.380203 
48495 0.295632 -0.253987 
48496 0.298362 -0.096072 
48497 0.301128 0.0616525 
48498 0.303805 0.218981 
48499 0.306598 0.375883 
48500 -0.341237 -0.244834 
48501 -0.337247 -0.0854561 
48502 -0.33347 0.0734965 
48503 -0.329596 0.232058 
48504 -0.325666 0.389918 
48505 -0.181392 -0.247494 
48506 -0.177666 -0.0886581 
48507 -0.17396 0.0696715 
48508 -0.17039 0.227535 
48509 -0.166867 0.385184 
48510 -0.0226704 -0.250022 
48511 -0.0191971 -0.0917508 
48512 -0.015817 0.066025 
48513 -0.0124244 0.22331 
48514 -0.00888423 0.380267 
48515 0.134898 -0.252516 
48516 0.138127 -0.0948211 
48517 0.141324 0.0622519 
48518 0.144528 0.21905 
48519 0.147555 0.375466 
48520 0.291388 -0.254953 
48521 0.29415 -0.0979822 
48522 0.297176 0.0587347 
48523 0.300151 0.214848 
48524 0.303053 0.370634 
48525 -0.342186 -0.244869 
48526 -0.337847 -0.0863155 
48527 -0.333591 0.0719399 
48528 -0.329248 0.229471 
48529 -0.324816 0.386504 
48530 -0.182964 -0.247687 
48531 -0.178936 -0.0896946 
48532 -0.174858 0.0678057 
48533 -0.17088 0.224777 
48534 -0.166851 0.381021 
48535 -0.0249789 -0.250398 
48536 -0.0211483 -0.0932608 
48537 -0.0175742 0.0638167 
48538 -0.0137411 0.220121 
48539 -0.0100494 0.375729 
48540 0.131633 -0.253174 
48541 0.135103 -0.0965273 
48542 0.138569 0.059696 
48543 0.142033 0.215559 
48544 0.145519 0.37067 
48545 0.287105 -0.255895 
48546 0.290258 -0.0998256 
48547 0.293452 0.055825 
48548 0.296508 0.210815 
48549 0.299801 0.365449 
48550 -0.343028 -0.245137 
48551 -0.338327 -0.0871651 
48552 -0.333632 0.0703095 
48553 -0.328942 0.226702 
48554 -0.324245 0.382869 
48555 -0.184499 -0.248038 
48556 -0.18006 -0.090943 
48557 -0.175818 0.0657516 
48558 -0.171379 0.221624 
48559 -0.166925 0.37719 
48560 -0.0274041 -0.251086 
48561 -0.0234057 -0.0945549 
48562 -0.0192835 0.0613768 
48563 -0.0152893 0.216803 
48564 -0.0111785 0.371272 
48565 0.128298 -0.254 
48566 0.131996 -0.0982767 
48567 0.135886 0.0569764 
48568 0.139625 0.211618 
48569 0.143159 0.365784 
48570 0.28271 -0.256952 
48571 0.286183 -0.101839 
48572 0.289505 0.0527195 
48573 0.292947 0.206756 
48574 0.296412 0.360219 
48575 -0.34386 -0.245347 
48576 -0.338631 -0.0881609 
48577 -0.333751 0.0682993 
48578 -0.328683 0.224025 
48579 -0.323666 0.379237 
48580 -0.185931 -0.248644 
48581 -0.18124 -0.0920778 
48582 -0.176563 0.0635711 
48583 -0.171875 0.218793 
48584 -0.167374 0.373148 
48585 -0.0296772 -0.251667 
48586 -0.0253906 -0.0962151 
48587 -0.0209981 0.0589254 
48588 -0.0165899 0.213355 
48589 -0.0124638 0.366973 
48590 0.12528 -0.254905 
48591 0.129196 -0.0999413 
48592 0.133142 0.0543344 
48593 0.137077 0.208045 
48594 0.141067 0.361001 
48595 0.278568 -0.258102 
48596 0.282098 -0.103761 
48597 0.285787 0.0496445 
48598 0.289465 0.202708 
48599 0.293033 0.354868 
48600 -0.34474 -0.245887 
48601 -0.339191 -0.08934 
48602 -0.333857 0.0664086 
48603 -0.328387 0.221314 
48604 -0.323125 0.375559 
48605 -0.187534 -0.249206 
48606 -0.182469 -0.0935809 
48607 -0.177598 0.0613291 
48608 -0.172581 0.215579 
48609 -0.167701 0.369108 
48610 -0.0317501 -0.252543 
48611 -0.0272288 -0.0976732 
48612 -0.0228417 0.0564703 
48613 -0.0181403 0.209959 
48614 -0.0135168 0.362553 
48615 0.121978 -0.255813 
48616 0.126361 -0.101564 
48617 0.130415 0.0517052 
48618 0.134583 0.204227 
48619 0.138725 0.356154 
48620 0.274321 -0.259066 
48621 0.278233 -0.105872 
48622 0.282099 0.0468233 
48623 0.285839 0.198721 
48624 0.289593 0.349806 
48625 -0.345507 -0.246491 
48626 -0.339732 -0.090534 
48627 -0.333926 0.0644669 
48628 -0.328305 0.218454 
48629 -0.322534 0.371696 
48630 -0.188928 -0.249884 
48631 -0.183657 -0.0947747 
48632 -0.178319 0.0591461 
48633 -0.173196 0.212446 
48634 -0.167796 0.364788 
48635 -0.0341492 -0.253435 
48636 -0.0293531 -0.0993228 
48637 -0.024394 0.0539929 
48638 -0.019676 0.206356 
48639 -0.0148994 0.357922 
48640 0.118979 -0.256802 
48641 0.123362 -0.10364 
48642 0.127859 0.0488773 
48643 0.132059 0.200571 
48644 0.136404 0.351268 
48645 0.270437 -0.26025 
48646 0.274457 -0.107897 
48647 0.278324 0.0438216 
48648 0.28224 0.194645 
48649 0.286298 0.344522 
48650 -0.346293 -0.247061 
48651 -0.340245 -0.0918094 
48652 -0.334107 0.0623468 
48653 -0.328075 0.21555 
48654 -0.321993 0.36785 
48655 -0.190408 -0.250635 
48656 -0.184892 -0.0964323 
48657 -0.179302 0.0569364 
48658 -0.173619 0.209215 
48659 -0.168249 0.360678 
48660 -0.036421 -0.254287 
48661 -0.0314195 -0.101091 
48662 -0.026109 0.0515308 
48663 -0.0210738 0.202939 
48664 -0.0161083 0.353448 
48665 0.115884 -0.257866 
48666 0.120563 -0.105339 
48667 0.125005 0.0461591 
48668 0.129776 0.196716 
48669 0.134268 0.346322 
48670 0.266403 -0.261386 
48671 0.270647 -0.109858 
48672 0.274552 0.0408692 
48673 0.278723 0.190442 
48674 0.282698 0.339389 
48675 -0.347114 -0.24771 
48676 -0.340802 -0.0932602 
48677 -0.334305 0.060251 
48678 -0.327967 0.212534 
48679 -0.32159 0.363929 
48680 -0.191712 -0.251445 
48681 -0.185991 -0.0979554 
48682 -0.180084 0.0546341 
48683 -0.174323 0.205977 
48684 -0.16857 0.356431 
48685 -0.0385833 -0.255246 
48686 -0.0332043 -0.102742 
48687 -0.02795 0.0489941 
48688 -0.022648 0.199279 
48689 -0.0173703 0.349059 
48690 0.112887 -0.258988 
48691 0.117633 -0.107186 
48692 0.122469 0.0432195 
48693 0.127101 0.192904 
48694 0.131841 0.341565 
48695 0.262569 -0.262624 
48696 0.266768 -0.111883 
48697 0.270989 0.0376381 
48698 0.275237 0.186477 
48699 0.27939 0.334381 
48700 -0.347962 -0.248503 
48701 -0.3411 -0.094699 
48702 -0.334417 0.0579727 
48703 -0.327823 0.209596 
48704 -0.321251 0.359996 
48705 -0.193295 -0.252395 
48706 -0.187203 -0.0995833 
48707 -0.181079 0.0519744 
48708 -0.175096 0.202703 
48709 -0.169101 0.352099 
48710 -0.04064 -0.256343 
48711 -0.035113 -0.104572 
48712 -0.0296082 0.0462995 
48713 -0.0242412 0.196021 
48714 -0.0188263 0.344401 
48715 0.109923 -0.260158 
48716 0.114838 -0.109205 
48717 0.11978 0.0405803 
48718 0.124693 0.189165 
48719 0.129534 0.336836 
48720 0.258663 -0.26392 
48721 0.263082 -0.113981 
48722 0.267395 0.0348381 
48723 0.271693 0.182581 
48724 0.275854 0.329276 
48725 -0.348774 -0.249424 
48726 -0.341682 -0.0961682 
48727 -0.334695 0.055675 
48728 -0.327611 0.206556 
48729 -0.32106 0.355931 
48730 -0.19441 -0.25353 
48731 -0.188279 -0.101213 
48732 -0.182056 0.0495213 
48733 -0.175631 0.199326 
48734 -0.169571 0.347859 
48735 -0.0427915 -0.257442 
48736 -0.0370125 -0.106251 
48737 -0.0313943 0.0436946 
48738 -0.0259036 0.192356 
48739 -0.0203037 0.339977 
48740 0.107191 -0.261284 
48741 0.112088 -0.111163 
48742 0.117164 0.0378566 
48743 0.122124 0.185442 
48744 0.127053 0.332057 
48745 0.254961 -0.265115 
48746 0.259316 -0.116017 
48747 0.263825 0.031896 
48748 0.268098 0.178716 
48749 0.272464 0.324114 
48750 -0.349472 -0.250444 
48751 -0.342271 -0.0978196 
48752 -0.335071 0.053439 
48753 -0.327979 0.203361 
48754 -0.320591 0.351912 
48755 -0.195801 -0.254439 
48756 -0.18939 -0.102789 
48757 -0.182924 0.0471916 
48758 -0.176365 0.195964 
48759 -0.170084 0.343521 
48760 -0.0447245 -0.258435 
48761 -0.0389196 -0.108031 
48762 -0.0331821 0.0409299 
48763 -0.0273809 0.188788 
48764 -0.0215705 0.335331 
48765 0.104367 -0.262407 
48766 0.109479 -0.113151 
48767 0.114576 0.0349644 
48768 0.11966 0.181748 
48769 0.124597 0.327265 
48770 0.251286 -0.266487 
48771 0.255805 -0.118107 
48772 0.260096 0.0289706 
48773 0.264509 0.174608 
48774 0.268893 0.319127 
