48325 -0.333472 -0.250008 
48326 -0.333182 -0.0833888 
48327 -0.333423 0.0833129 
48328 -0.33332 0.250143 
48329 -0.33337 0.416665 
48330 -0.166672 -0.24999 
48331 -0.166577 -0.0833408 
48332 -0.166658 0.0833556 
48333 -0.166589 0.250062 
48334 -0.166621 0.416752 
48335 3.59865e-05 -0.249934 
48336 5.06398e-05 -0.0833253 
48337 2.42483e-05 0.0832723 
48338 -8.92657e-07 0.249941 
48339 -0.000113861 0.416579 
48340 0.166787 -0.250069 
48341 0.166578 -0.0833865 
48342 0.166642 0.0834394 
48343 0.166464 0.249884 
48344 0.166761 0.416608 
48345 0.333246 -0.250029 
48346 0.333423 -0.0833613 
48347 0.333292 0.0832774 
48348 0.333426 0.250019 
48349 0.333335 0.416777 
48350 -0.334119 -0.249018 
48351 -0.33386 -0.0832624 
48352 -0.333436 0.0824254 
48353 -0.332857 0.248165 
48354 -0.332379 0.41392 
48355 -0.168333 -0.249456 
48356 -0.167864 -0.0838178 
48357 -0.167424 0.0820347 
48358 -0.167091 0.247599 
48359 -0.166739 0.413196 
48360 -0.0026037 -0.249801 
48361 -0.00221775 -0.0842104 
48362 -0.00177015 0.0815743 
48363 -0.0013866 0.247104 
48364 -0.00091253 0.412575 
48365 0.163043 -0.250201 
48366 0.163275 -0.0846559 
48367 0.163769 0.0811083 
48368 0.164202 0.246653 
48369 0.164603 0.41197 
48370 0.328468 -0.250439 
48371 0.32877 -0.0848438 
48372 0.329177 0.0806785 
48373 0.329602 0.246077 
48374 0.329838 0.411494 
48375 -0.335084 -0.248437 
48376 -0.334104 -0.0833704 
48377 -0.333174 0.081416 
48378 -0.332342 0.246185 
48379 -0.331409 0.410968 
48380 -0.170052 -0.249048 
48381 -0.169045 -0.0842123 
48382 -0.168212 0.0805438 
48383 -0.167292 0.24518 
48384 -0.166576 0.409665 
48385 -0.0051812 -0.249749 
48386 -0.00438913 -0.0849515 
48387 -0.00357493 0.0796833 
48388 -0.0026347 0.244166 
48389 -0.00189682 0.408534 
48390 0.159354 -0.250259 
48391 0.160136 -0.0857785 
48392 0.160941 0.0787205 
48393 0.161627 0.243066 
48394 0.162478 0.407372 
48395 0.323556 -0.250967 
48396 0.324333 -0.0864915 
48397 0.325145 0.0777437 
48398 0.325642 0.242145 
48399 0.326581 0.406262 
48400 -0.335882 -0.247778 
48401 -0.334611 -0.0836408 
48402 -0.333208 0.0802717 
48403 -0.331844 0.244122 
48404 -0.330431 0.407881 
48405 -0.17166 -0.248806 
48406 -0.17052 -0.0848342 
48407 -0.169023 0.079071 
48408 -0.167795 0.242582 
48409 -0.166476 0.406231 
48410 -0.00771935 -0.249557 
48411 -0.00644308 -0.0859582 
48412 -0.00536026 0.0776145 
48413 -0.00400572 0.241061 
48414 -0.00290759 0.40442 
48415 0.155679 -0.250554 
48416 0.156834 -0.0870486 
48417 0.158014 0.0764259 
48418 0.159331 0.239666 
48419 0.160231 0.40258 
48420 0.318922 -0.251484 
48421 0.319891 -0.0881147 
48422 0.32091 0.0750223 
48423 0.322032 0.238046 
48424 0.323155 0.400915 
48425 -0.336854 -0.247362 
48426 -0.334946 -0.0840192 
48427 -0.333185 0.079046 
48428 -0.33151 0.242003 
48429 -0.329529 0.404808 
48430 -0.173263 -0.248752 
48431 -0.17162 -0.0855194 
48432 -0.169806 0.0773005 
48433 -0.168085 0.240025 
48434 -0.166446 0.402395 
48435 -0.0102307 -0.249808 
48436 -0.00860023 -0.087091 
48437 -0.00710363 0.0756171 
48438 -0.00541866 0.238033 
48439 -0.00380606 0.400172 
48440 0.152173 -0.250939 
48441 0.153575 -0.0883501 
48442 0.155241 0.0739184 
48443 0.156661 0.235924 
48444 0.158215 0.397985 
48445 0.314132 -0.25214 
48446 0.315556 -0.0899882 
48447 0.316996 0.0721639 
48448 0.318287 0.233975 
48449 0.319731 0.395615 
48450 -0.337568 -0.247134 
48451 -0.335477 -0.0845933 
48452 -0.333158 0.0776404 
48453 -0.330862 0.239677 
48454 -0.328875 0.401438 
48455 -0.174867 -0.248497 
48456 -0.172783 -0.0864251 
48457 -0.170784 0.0755216 
48458 -0.168484 0.237179 
48459 -0.16663 0.398589 
48460 -0.0126479 -0.249958 
48461 -0.0107285 -0.0883135 
48462 -0.00868361 0.0733934 
48463 -0.0068007 0.234546 
48464 -0.00477685 0.395796 
48465 0.148738 -0.251447 
48466 0.15065 -0.0899382 
48467 0.15245 0.0712791 
48468 0.154239 0.232229 
48469 0.156159 0.393204 
48470 0.309507 -0.252786 
48471 0.311178 -0.0917313 
48472 0.312867 0.0690996 
48473 0.31461 0.229862 
48474 0.316336 0.390206 
48475 -0.338521 -0.24694 
48476 -0.33586 -0.0852358 
48477 -0.333175 0.0762726 
48478 -0.330528 0.237225 
48479 -0.327947 0.398077 
48480 -0.176568 -0.248662 
48481 -0.173852 -0.0873437 
48482 -0.171574 0.0736981 
48483 -0.169006 0.234358 
48484 -0.166487 0.3948 
48485 -0.0152737 -0.250374 
48486 -0.0127165 -0.0894263 
48487 -0.0106438 0.0710689 
48488 -0.00817636 0.231505 
48489 -0.00603521 0.391411 
48490 0.145318 -0.251998 
48491 0.147569 -0.0914678 
48492 0.149699 0.0686602 
48493 0.151745 0.228568 
48494 0.153981 0.388218 
48495 0.305115 -0.253606 
48496 0.306894 -0.0937549 
48497 0.308929 0.0662224 
48498 0.310863 0.225807 
48499 0.313032 0.384974 
48500 -0.339356 -0.246802 
48501 -0.336278 -0.0858212 
48502 -0.333151 0.07479 
48503 -0.330262 0.234785 
48504 -0.327185 0.394614 
48505 -0.178075 -0.248821 
48506 -0.175141 -0.0882921 
48507 -0.172261 0.0718266 
48508 -0.169442 0.231558 
48509 -0.166491 0.390803 
48510 -0.0175525 -0.250745 
48511 -0.0148762 -0.0907173 
48512 -0.0122971 0.0689786 
48513 -0.00960376 0.228375 
48514 -0.00697676 0.387002 
48515 0.141987 -0.252688 
48516 0.144328 -0.0932226 
48517 0.146935 0.0661505 
48518 0.149273 0.224818 
48519 0.151697 0.383382 
48520 0.300602 -0.254648 
48521 0.302756 -0.0955633 
48522 0.30498 0.0632518 
48523 0.307336 0.2216 
48524 0.309607 0.379615 
48525 -0.340153 -0.246974 
48526 -0.336838 -0.0867552 
48527 -0.333254 0.0732004 
48528 -0.329912 0.23229 
48529 -0.326423 0.391137 
48530 -0.179635 -0.249177 
48531 -0.176357 -0.0894567 
48532 -0.173166 0.0698377 
48533 -0.169776 0.2286 
48534 -0.166711 0.386765 
48535 -0.0198956 -0.251217 
48536 -0.0170331 -0.0920958 
48537 -0.0139677 0.0665616 
48538 -0.0111427 0.224811 
48539 -0.00807714 0.382502 
48540 0.138609 -0.253467 
48541 0.14145 -0.094944 
48542 0.144136 0.063398 
48543 0.146832 0.2214 
48544 0.149425 0.378467 
48545 0.29607 -0.255621 
48546 0.29864 -0.0974001 
48547 0.301206 0.0602359 
48548 0.303582 0.217403 
48549 0.306172 0.374218 
48550 -0.341111 -0.247217 
48551 -0.337151 -0.0876607 
48552 -0.333232 0.0713295 
48553 -0.329504 0.229741 
48554 -0.325615 0.387451 
48555 -0.181185 -0.24963 
48556 -0.177485 -0.0906305 
48557 -0.173943 0.0676948 
48558 -0.170386 0.225419 
48559 -0.167005 0.382813 
48560 -0.0222094 -0.251942 
48561 -0.0189754 -0.0937512 
48562 -0.0156519 0.0642106 
48563 -0.0124568 0.22136 
48564 -0.00917846 0.37806 
48565 0.135343 -0.254257 
48566 0.138302 -0.0966577 
48567 0.141283 0.0605563 
48568 0.144254 0.217318 
48569 0.147211 0.373373 
48570 0.291824 -0.256696 
48571 0.29468 -0.0994228 
48572 0.297393 0.0571307 
48573 0.299941 0.213185 
48574 0.302707 0.368869 
48575 -0.341959 -0.247409 
48576 -0.337663 -0.0887894 
48577 -0.333309 0.0693828 
48578 -0.329298 0.226981 
48579 -0.324964 0.383682 
48580 -0.182741 -0.250063 
48581 -0.178587 -0.0919025 
48582 -0.174801 0.0655778 
48583 -0.170914 0.222368 
48584 -0.167096 0.378642 
48585 -0.0245455 -0.252646 
48586 -0.0209953 -0.0951129 
48587 -0.0174225 0.0616382 
48588 -0.0139089 0.21795 
48589 -0.0104335 0.373437 
48590 0.132156 -0.255137 
48591 0.135427 -0.098309 
48592 0.138503 0.0579432 
48593 0.141792 0.213496 
48594 0.145005 0.368396 
48595 0.28756 -0.257853 
48596 0.290572 -0.101461 
48597 0.293448 0.054075 
48598 0.296355 0.209117 
48599 0.299214 0.363567 
48600 -0.342802 -0.247905 
48601 -0.338104 -0.0897988 
48602 -0.33346 0.0674748 
48603 -0.328935 0.224 
48604 -0.324283 0.379937 
48605 -0.184172 -0.250731 
48606 -0.17989 -0.0933044 
48607 -0.175584 0.0631578 
48608 -0.171585 0.21915 
48609 -0.167283 0.374487 
48610 -0.0269587 -0.253456 
48611 -0.0230288 -0.0968141 
48612 -0.0192704 0.0592708 
48613 -0.0153337 0.214512 
48614 -0.01141 0.368875 
48615 0.128902 -0.25611 
48616 0.132489 -0.100196 
48617 0.135865 0.0551598 
48618 0.139468 0.209749 
48619 0.142747 0.36358 
48620 0.283377 -0.258948 
48621 0.286617 -0.103645 
48622 0.289611 0.0511726 
48623 0.292656 0.204819 
48624 0.295814 0.358198 
48625 -0.343641 -0.248339 
48626 -0.338447 -0.0909843 
48627 -0.333544 0.0656173 
48628 -0.328574 0.221268 
48629 -0.323715 0.37609 
48630 -0.185631 -0.251296 
48631 -0.181051 -0.0946918 
48632 -0.176432 0.061135 
48633 -0.17209 0.215974 
48634 -0.167457 0.370237 
48635 -0.029175 -0.254246 
48636 -0.0249687 -0.0983075 
48637 -0.0209204 0.0566764 
48638 -0.0167904 0.210946 
48639 -0.0127926 0.364283 
48640 0.125701 -0.257189 
48641 0.129562 -0.102052 
48642 0.133147 0.052276 
48643 0.136815 0.205854 
48644 0.140592 0.35862 
48645 0.279335 -0.26005 
48646 0.282595 -0.105658 
48647 0.285858 0.0480002 
48648 0.289028 0.200777 
48649 0.292206 0.352783 
48650 -0.344302 -0.249026 
48651 -0.339038 -0.0924364 
48652 -0.333727 0.0634166 
48653 -0.328384 0.218208 
48654 -0.323259 0.372272 
48655 -0.186915 -0.252129 
48656 -0.182103 -0.0963544 
48657 -0.177505 0.058793 
48658 -0.172745 0.212754 
48659 -0.167987 0.36595 
48660 -0.031373 -0.255181 
48661 -0.027022 -0.100086 
48662 -0.0226539 0.0540953 
48663 -0.0183747 0.207265 
48664 -0.0141024 0.359817 
48665 0.12263 -0.258161 
48666 0.126626 -0.104008 
48667 0.130524 0.049613 
48668 0.1344 0.201976 
48669 0.138084 0.353588 
48670 0.275421 -0.261301 
48671 0.278819 -0.107723 
48672 0.282116 0.0448421 
48673 0.285489 0.196664 
48674 0.288804 0.34754 
48675 -0.34501 -0.249803 
48676 -0.339489 -0.0936864 
48677 -0.333862 0.0612141 
48678 -0.328209 0.215351 
48679 -0.322693 0.36838 
48680 -0.18851 -0.252912 
48681 -0.183269 -0.0978516 
48682 -0.178234 0.0562889 
48683 -0.173195 0.209512 
48684 -0.168095 0.361617 
48685 -0.0335291 -0.256155 
48686 -0.028894 -0.101687 
48687 -0.0243713 0.0513953 
48688 -0.0198436 0.203771 
48689 -0.0154885 0.355099 
48690 0.119765 -0.259453 
48691 0.12378 -0.105941 
48692 0.12781 0.0466061 
48693 0.131799 0.198148 
48694 0.135861 0.348673 
48695 0.271277 -0.262472 
48696 0.274851 -0.109932 
48697 0.278352 0.0418973 
48698 0.281846 0.192531 
48699 0.285407 0.342212 
48700 -0.345977 -0.250448 
48701 -0.339891 -0.0952385 
48702 -0.334054 0.0589491 
48703 -0.328155 0.212122 
48704 -0.322354 0.364125 
48705 -0.189824 -0.253901 
48706 -0.184468 -0.099456 
48707 -0.179218 0.0539441 
48708 -0.173963 0.206075 
48709 -0.16857 0.357455 
48710 -0.0355401 -0.257146 
48711 -0.0308863 -0.103652 
48712 -0.0260831 0.0489048 
48713 -0.0213965 0.200279 
48714 -0.0167992 0.350524 
48715 0.116841 -0.260483 
48716 0.121077 -0.107814 
48717 0.125164 0.0439214 
48718 0.129233 0.194294 
48719 0.133542 0.343785 
48720 0.267436 -0.263789 
48721 0.271066 -0.11194 
48722 0.274693 0.0387993 
48723 0.278381 0.188642 
48724 0.28188 0.337085 
48725 -0.346728 -0.25156 
48726 -0.340356 -0.0968126 
48727 -0.334122 0.0565962 
48728 -0.328029 0.208947 
48729 -0.322102 0.360127 
48730 -0.191156 -0.254842 
48731 -0.185649 -0.10115 
48732 -0.180103 0.0512778 
48733 -0.174558 0.202612 
48734 -0.169026 0.352996 
48735 -0.0376698 -0.258282 
48736 -0.0327137 -0.105339 
48737 -0.0279316 0.046133 
48738 -0.0230175 0.196702 
48739 -0.0180751 0.345882 
48740 0.114004 -0.261815 
48741 0.118201 -0.109717 
48742 0.122447 0.0408706 
48743 0.126853 0.190411 
48744 0.13098 0.338757 
48745 0.263584 -0.265062 
48746 0.267409 -0.113966 
48747 0.271106 0.0356932 
48748 0.274749 0.184435 
48749 0.278454 0.331949 
48750 -0.347423 -0.252425 
48751 -0.340928 -0.0983466 
48752 -0.334449 0.0543626 
48753 -0.327994 0.205827 
48754 -0.321612 0.356021 
48755 -0.192515 -0.256003 
48756 -0.186902 -0.102829 
48757 -0.180958 0.0489255 
48758 -0.175224 0.199395 
48759 -0.169666 0.348617 
48760 -0.0397208 -0.25951 
48761 -0.0346371 -0.107301 
48762 -0.0294586 0.043307 
48763 -0.0244485 0.192952 
48764 -0.0194786 0.341186 
48765 0.11102 -0.262864 
48766 0.115401 -0.11175 
48767 0.119942 0.0380267 
48768 0.124328 0.186658 
48769 0.12859 0.333989 
48770 0.25977 -0.266392 
48771 0.263839 -0.115986 
48772 0.267368 0.0327504 
48773 0.271223 0.180384 
48774 0.275054 0.326834 
48775 -0.348139 -0.253437 
48776 -0.341432 -0.0999494 
48777 -0.334679 0.0519836 
48778 -0.327993 0.202624 
48779 -0.321391 0.351874 
48780 -0.193794 -0.256971 
48781 -0.187801 -0.10463 
48782 -0.181891 0.0463279 
48783 -0.175957 0.195935 
48784 -0.170113 0.344132 
48785 -0.0418718 -0.260556 
48786 -0.0364647 -0.109315 
48787 -0.0313011 0.0407816 
48788 -0.0261693 0.189363 
48789 -0.0210208 0.33651 
48790 0.10817 -0.26414 
48791 0.112738 -0.113717 
48792 0.117291 0.0351673 
48793 0.1218 0.182931 
48794 0.126268 0.32912 
48795 0.256206 -0.267504 
48796 0.259977 -0.118203 
48797 0.263818 0.0297575 
48798 0.267629 0.176373 
48799 0.271456 0.32189 
48800 -0.348844 -0.254473 
48801 -0.341817 -0.101708 
48802 -0.334835 0.0494892 
48803 -0.328056 0.199403 
48804 -0.321121 0.347597 
48805 -0.19529 -0.258226 
48806 -0.188988 -0.106392 
48807 -0.18273 0.0437023 
48808 -0.176841 0.19247 
48809 -0.170726 0.339738 
48810 -0.0437889 -0.261791 
48811 -0.0383661 -0.111122 
48812 -0.0330696 0.0380678 
48813 -0.0277911 0.185759 
48814 -0.0224189 0.332026 
48815 0.105393 -0.265376 
48816 0.110049 -0.115603 
48817 0.114819 0.0323793 
48818 0.119143 0.179134 
48819 0.123686 0.3244 
48820 0.252524 -0.26885 
48821 0.256511 -0.120264 
48822 0.260332 0.0268958 
48823 0.264073 0.172537 
48824 0.267868 0.316904 
