48750 -0.333287 -0.25009 
48751 -0.333312 -0.0833956 
48752 -0.333366 0.0832869 
48753 -0.33345 0.249986 
48754 -0.333459 0.416628 
48755 -0.166612 -0.249928 
48756 -0.166753 -0.0831689 
48757 -0.166601 0.0833284 
48758 -0.166586 0.25007 
48759 -0.16652 0.416588 
48760 1.72717e-05 -0.249952 
48761 -1.34429e-05 -0.0833079 
48762 -2.19464e-06 0.0834564 
48763 -6.92657e-06 0.249989 
48764 -6.62581e-05 0.416602 
48765 0.166682 -0.250061 
48766 0.166703 -0.0834301 
48767 0.166614 0.0834723 
48768 0.166734 0.249999 
48769 0.166633 0.416698 
48770 0.333341 -0.250012 
48771 0.333277 -0.0833084 
48772 0.333348 0.0833764 
48773 0.333298 0.24988 
48774 0.333262 0.416574 
48775 -0.333927 -0.251012 
48776 -0.333507 -0.0852597 
48777 -0.333305 0.0804042 
48778 -0.332927 0.24631 
48779 -0.332621 0.411641 
48780 -0.167923 -0.251232 
48781 -0.167749 -0.0853128 
48782 -0.167362 0.0804247 
48783 -0.167195 0.245932 
48784 -0.166983 0.411511 
48785 -0.00221044 -0.25113 
48786 -0.00188188 -0.0853796 
48787 -0.00167535 0.0800883 
48788 -0.00159536 0.245719 
48789 -0.00139475 0.411034 
48790 0.163603 -0.251318 
48791 0.163746 -0.0856484 
48792 0.163776 0.080017 
48793 0.163947 0.245427 
48794 0.164084 0.410729 
48795 0.329 -0.251377 
48796 0.329142 -0.0857151 
48797 0.329219 0.0797377 
48798 0.32906 0.245201 
48799 0.329267 0.410368 
48800 -0.334427 -0.252208 
48801 -0.333839 -0.086954 
48802 -0.333084 0.0778635 
48803 -0.332586 0.242483 
48804 -0.331911 0.406955 
48805 -0.169152 -0.252325 
48806 -0.168673 -0.0871665 
48807 -0.168162 0.0774138 
48808 -0.167725 0.241932 
48809 -0.167252 0.40611 
48810 -0.00415814 -0.252565 
48811 -0.00381629 -0.0876119 
48812 -0.00349719 0.0770549 
48813 -0.00311607 0.241352 
48814 -0.0028241 0.405484 
48815 0.160487 -0.252718 
48816 0.160751 -0.0878019 
48817 0.160927 0.0766125 
48818 0.161063 0.240838 
48819 0.16147 0.40483 
48820 0.324789 -0.252774 
48821 0.325055 -0.0880266 
48822 0.325132 0.0763319 
48823 0.325092 0.240282 
48824 0.325295 0.404216 
48825 -0.334881 -0.253356 
48826 -0.333835 -0.0889498 
48827 -0.332859 0.075133 
48828 -0.332197 0.238688 
48829 -0.331396 0.401957 
48830 -0.17032 -0.253628 
48831 -0.169561 -0.0894621 
48832 -0.168954 0.0744998 
48833 -0.168271 0.237953 
48834 -0.167563 0.401059 
48835 -0.0062147 -0.25365 
48836 -0.00565765 -0.0897461 
48837 -0.00511381 0.0739545 
48838 -0.00463574 0.237137 
48839 -0.0041794 0.399899 
48840 0.157448 -0.253868 
48841 0.157823 -0.0901102 
48842 0.158157 0.0734071 
48843 0.15844 0.236315 
48844 0.158626 0.398952 
48845 0.320902 -0.254036 
48846 0.320951 -0.0904787 
48847 0.321024 0.0728566 
48848 0.321139 0.235609 
48849 0.321282 0.398061 
48850 -0.335209 -0.254597 
48851 -0.33405 -0.0909052 
48852 -0.332795 0.0723209 
48853 -0.331849 0.234944 
48854 -0.330722 0.397133 
48855 -0.17137 -0.25479 
48856 -0.170571 -0.0913312 
48857 -0.16958 0.0714913 
48858 -0.168851 0.23388 
48859 -0.167968 0.395782 
48860 -0.00820857 -0.254943 
48861 -0.00749122 -0.0919164 
48862 -0.00702173 0.0707529 
48863 -0.00638076 0.232934 
48864 -0.00578645 0.394575 
48865 0.15459 -0.255162 
48866 0.154997 -0.0923165 
48867 0.155334 0.0700881 
48868 0.155743 0.231909 
48869 0.155953 0.393339 
48870 0.316739 -0.255415 
48871 0.316819 -0.0927362 
48872 0.316911 0.0692497 
48873 0.317124 0.230917 
48874 0.317163 0.392005 
48875 -0.335693 -0.25594 
48876 -0.334361 -0.0928211 
48877 -0.332871 0.0693111 
48878 -0.331715 0.231142 
48879 -0.330293 0.39215 
48880 -0.172539 -0.256033 
48881 -0.171587 -0.0934285 
48882 -0.170507 0.0684768 
48883 -0.169497 0.229937 
48884 -0.168523 0.390626 
48885 -0.0100885 -0.256208 
48886 -0.00931332 -0.0939719 
48887 -0.00859615 0.0676882 
48888 -0.00810621 0.228594 
48889 -0.00729291 0.389073 
48890 0.151674 -0.256361 
48891 0.152172 -0.0945583 
48892 0.152321 0.0668003 
48893 0.152874 0.227611 
48894 0.153189 0.387642 
48895 0.312948 -0.256679 
48896 0.312904 -0.0949904 
48897 0.313021 0.0659213 
48898 0.313083 0.226317 
48899 0.313019 0.386126 
48900 -0.33598 -0.257159 
48901 -0.334495 -0.0950621 
48902 -0.333046 0.0665798 
48903 -0.331275 0.227316 
48904 -0.329925 0.387122 
48905 -0.173599 -0.257447 
48906 -0.172351 -0.0954865 
48907 -0.171319 0.0654721 
48908 -0.170045 0.225879 
48909 -0.169094 0.38549 
48910 -0.012071 -0.257553 
48911 -0.0112092 -0.0961886 
48912 -0.0104146 0.064726 
48913 -0.0095349 0.224496 
48914 -0.00900747 0.383789 
48915 0.148829 -0.257786 
48916 0.149261 -0.096634 
48917 0.1496 0.0635595 
48918 0.150111 0.223107 
48919 0.150487 0.382054 
48920 0.309069 -0.257892 
48921 0.30905 -0.097022 
48922 0.308924 0.0626883 
48923 0.30904 0.221888 
48924 0.308892 0.380342 
48925 -0.336597 -0.258627 
48926 -0.33467 -0.0970312 
48927 -0.332938 0.0635422 
48928 -0.331278 0.223309 
48929 -0.329595 0.382243 
48930 -0.174767 -0.258836 
48931 -0.173313 -0.0977023 
48932 -0.172073 0.0626833 
48933 -0.170876 0.221783 
48934 -0.169686 0.380302 
48935 -0.0137622 -0.25892 
48936 -0.012959 -0.0981682 
48937 -0.012197 0.0615762 
48938 -0.0112618 0.220354 
48939 -0.0104721 0.378291 
48940 0.146113 -0.259064 
48941 0.146501 -0.0988892 
48942 0.146939 0.0605629 
48943 0.147299 0.218923 
48944 0.147702 0.376402 
48945 0.305237 -0.259147 
48946 0.305114 -0.099447 
48947 0.305092 0.0595001 
48948 0.305084 0.217423 
48949 0.305015 0.374641 
48950 -0.336918 -0.259957 
48951 -0.335072 -0.0991707 
48952 -0.333051 0.060673 
48953 -0.331155 0.219477 
48954 -0.329323 0.377273 
48955 -0.175718 -0.260023 
48956 -0.174367 -0.09977 
48957 -0.173001 0.0595193 
48958 -0.171533 0.217799 
48959 -0.170294 0.375445 
48960 -0.0155684 -0.26021 
48961 -0.0146087 -0.100206 
48962 -0.0139156 0.0584874 
48963 -0.013034 0.216283 
48964 -0.0122058 0.373095 
48965 0.143321 -0.2602 
48966 0.143743 -0.100965 
48967 0.144211 0.0574988 
48968 0.144435 0.214892 
48969 0.144838 0.371198 
48970 0.301596 -0.26033 
48971 0.301412 -0.101389 
48972 0.30109 0.0563867 
48973 0.30092 0.213285 
48974 0.300925 0.369132 
48975 -0.337251 -0.261484 
48976 -0.335163 -0.101298 
48977 -0.333183 0.0577634 
48978 -0.331198 0.215552 
48979 -0.328983 0.372474 
48980 -0.176706 -0.261467 
48981 -0.175266 -0.101896 
48982 -0.173794 0.0566299 
48983 -0.172467 0.214022 
48984 -0.170922 0.370289 
48985 -0.0174549 -0.261468 
48986 -0.0164623 -0.102436 
48987 -0.0156699 0.0554471 
48988 -0.0148387 0.212338 
48989 -0.0137618 0.368093 
48990 0.140698 -0.261455 
48991 0.141118 -0.102886 
48992 0.141296 0.0544401 
48993 0.141689 0.21075 
48994 0.142122 0.365839 
48995 0.297887 -0.261618 
48996 0.297598 -0.103381 
48997 0.297419 0.0533179 
48998 0.297261 0.209116 
48999 0.296906 0.363661 
49000 -0.337681 -0.263067 
49001 -0.3354 -0.103391 
49002 -0.333449 0.0548993 
49003 -0.331167 0.211958 
49004 -0.329017 0.367614 
49005 -0.177799 -0.262841 
49006 -0.176202 -0.103957 
49007 -0.174768 0.053689 
49008 -0.173272 0.210075 
49009 -0.171643 0.365356 
49010 -0.019269 -0.262724 
49011 -0.0183497 -0.104411 
49012 -0.0173862 0.0525521 
49013 -0.0165577 0.208442 
49014 -0.0157734 0.362959 
49015 0.138172 -0.262571 
49016 0.138567 -0.104951 
49017 0.13849 0.0514124 
49018 0.138889 0.206772 
49019 0.139025 0.360707 
49020 0.294332 -0.262475 
49021 0.293917 -0.105361 
49022 0.293461 0.0504155 
49023 0.293224 0.204972 
49024 0.292779 0.358432 
49025 -0.33785 -0.264517 
49026 -0.335669 -0.105594 
49027 -0.33332 0.0520031 
49028 -0.331136 0.207995 
49029 -0.328946 0.36274 
49030 -0.178666 -0.264219 
49031 -0.177251 -0.106036 
49032 -0.175616 0.0509871 
49033 -0.174265 0.206348 
49034 -0.172698 0.360348 
49035 -0.0208741 -0.26399 
49036 -0.0200509 -0.106511 
49037 -0.0191184 0.0497194 
49038 -0.0183756 0.204505 
49039 -0.017504 0.357887 
49040 0.135608 -0.263759 
49041 0.135721 -0.106889 
49042 0.135989 0.0486109 
49043 0.136157 0.202759 
49044 0.136325 0.355562 
49045 0.290707 -0.263455 
49046 0.290156 -0.107321 
49047 0.289703 0.0475609 
49048 0.289387 0.201162 
49049 0.288604 0.353215 
49050 -0.338121 -0.265863 
49051 -0.335923 -0.107754 
49052 -0.333545 0.0489626 
49053 -0.331307 0.204231 
49054 -0.329009 0.358012 
49055 -0.179601 -0.265598 
49056 -0.178005 -0.108125 
49057 -0.176417 0.0478748 
49058 -0.175024 0.202565 
49059 -0.173384 0.35565 
49060 -0.0226837 -0.265176 
49061 -0.0216565 -0.108411 
49062 -0.0209569 0.0468965 
49063 -0.0202125 0.200739 
49064 -0.01937 0.353144 
49065 0.13313 -0.264796 
49066 0.133112 -0.108785 
49067 0.133187 0.0458596 
49068 0.13329 0.198984 
49069 0.133358 0.350536 
49070 0.287332 -0.264361 
49071 0.286664 -0.108966 
49072 0.285927 0.0449164 
49073 0.285246 0.197211 
49074 0.284701 0.348257 
49075 -0.33853 -0.267547 
49076 -0.336081 -0.109805 
49077 -0.333721 0.0461894 
49078 -0.331566 0.200555 
49079 -0.329071 0.353278 
49080 -0.180442 -0.266893 
49081 -0.178954 -0.110092 
49082 -0.177439 0.0451223 
49083 -0.175791 0.198818 
49084 -0.174431 0.350735 
49085 -0.0241029 -0.266256 
49086 -0.0233389 -0.110371 
49087 -0.0226421 0.0440532 
49088 -0.0219161 0.196862 
49089 -0.0211813 0.348376 
49090 0.130708 -0.265778 
49091 0.130575 -0.110472 
49092 0.130504 0.0430598 
49093 0.130452 0.195179 
49094 0.130394 0.345863 
49095 0.283894 -0.265292 
49096 0.283066 -0.110821 
49097 0.282175 0.0422683 
49098 0.281376 0.193726 
49099 0.280599 0.343413 
49100 -0.338752 -0.268927 
49101 -0.33624 -0.112098 
49102 -0.33404 0.0431548 
49103 -0.331685 0.196791 
49104 -0.329292 0.348622 
49105 -0.181372 -0.268153 
49106 -0.179845 -0.112013 
49107 -0.178413 0.0423433 
49108 -0.176981 0.195175 
49109 -0.175325 0.346071 
49110 -0.0256734 -0.267489 
49111 -0.0251067 -0.112283 
49112 -0.024339 0.0413893 
49113 -0.0237371 0.193341 
49114 -0.0231734 0.343526 
49115 0.128088 -0.26673 
49116 0.128059 -0.112254 
49117 0.127836 0.0404943 
49118 0.127618 0.191497 
49119 0.127507 0.340961 
49120 0.280486 -0.265943 
49121 0.279496 -0.112331 
49122 0.278411 0.039536 
49123 0.277451 0.18986 
49124 0.276597 0.338647 
49125 -0.338944 -0.270455 
49126 -0.336589 -0.114118 
49127 -0.334275 0.0405072 
49128 -0.331881 0.193163 
49129 -0.32961 0.344048 
49130 -0.182297 -0.26953 
49131 -0.180836 -0.114061 
49132 -0.179267 0.039702 
49133 -0.177894 0.191443 
49134 -0.176423 0.341485 
49135 -0.0273265 -0.268514 
49136 -0.0268706 -0.113899 
49137 -0.0262442 0.0387207 
49138 -0.0257382 0.189735 
49139 -0.0252294 0.338843 
49140 0.125645 -0.267477 
49141 0.125487 -0.113921 
49142 0.125105 0.0379709 
49143 0.124885 0.188144 
49144 0.124578 0.336473 
49145 0.27727 -0.266608 
49146 0.276111 -0.113882 
49147 0.274766 0.0371883 
49148 0.273524 0.186483 
49149 0.27251 0.334004 
49150 -0.339217 -0.271903 
49151 -0.336898 -0.116081 
49152 -0.334546 0.0376386 
49153 -0.332199 0.189356 
49154 -0.329899 0.339612 
49155 -0.183094 -0.270689 
49156 -0.181801 -0.115918 
49157 -0.180179 0.0368688 
49158 -0.178875 0.188042 
49159 -0.177682 0.336941 
49160 -0.0287949 -0.26962 
49161 -0.0283136 -0.115793 
49162 -0.0279715 0.0362628 
49163 -0.0274849 0.186216 
49164 -0.0271572 0.334474 
49165 0.123479 -0.268473 
49166 0.122996 -0.115471 
49167 0.122432 0.0353748 
49168 0.121955 0.184621 
49169 0.121575 0.332065 
49170 0.274165 -0.26719 
49171 0.272668 -0.115267 
49172 0.27126 0.0348181 
49173 0.269657 0.182974 
49174 0.268319 0.329474 
49175 -0.339414 -0.273154 
49176 -0.337137 -0.117944 
49177 -0.334637 0.034811 
49178 -0.332424 0.185836 
49179 -0.330255 0.335107 
49180 -0.183974 -0.271894 
49181 -0.182659 -0.117856 
49182 -0.181307 0.0341885 
49183 -0.179977 0.18432 
49184 -0.178746 0.332598 
49185 -0.0303221 -0.270533 
49186 -0.0301253 -0.117338 
49187 -0.0298547 0.0335375 
49188 -0.0294625 0.182859 
49189 -0.0290353 0.329957 
49190 0.121173 -0.269019 
49191 0.12064 -0.117107 
49192 0.119833 0.0330757 
49193 0.119123 0.181253 
49194 0.118461 0.327705 
49195 0.270833 -0.267862 
49196 0.269124 -0.116753 
49197 0.267519 0.0326075 
49198 0.26594 0.179791 
49199 0.264336 0.325244 
49200 -0.339467 -0.274667 
49201 -0.337222 -0.120224 
49202 -0.334956 0.03225 
49203 -0.332737 0.182397 
49204 -0.330655 0.330753 
49205 -0.184778 -0.273075 
49206 -0.183356 -0.119492 
49207 -0.182345 0.0317959 
49208 -0.181077 0.18095 
49209 -0.180032 0.328297 
49210 -0.0317882 -0.27135 
49211 -0.031726 -0.118931 
49212 -0.0316689 0.0312495 
49213 -0.0313478 0.179525 
49214 -0.031199 0.325848 
49215 0.119022 -0.269678 
49216 0.118189 -0.118375 
49217 0.117194 0.0307681 
49218 0.116296 0.178223 
49219 0.115408 0.323388 
49220 0.26762 -0.268155 
49221 0.265726 -0.117963 
49222 0.263904 0.0304232 
49223 0.261944 0.176716 
49224 0.260311 0.320965 
49225 -0.33966 -0.276249 
49226 -0.337521 -0.122279 
49227 -0.335206 0.0295282 
49228 -0.333268 0.178884 
49229 -0.331308 0.326436 
49230 -0.185328 -0.274286 
49231 -0.184476 -0.121477 
49232 -0.183235 0.0291193 
49233 -0.182185 0.177594 
49234 -0.181334 0.324018 
49235 -0.0332916 -0.272337 
49236 -0.0332825 -0.120564 
49237 -0.0332872 0.0288184 
49238 -0.0333214 0.176395 
49239 -0.0332504 0.321629 
49240 0.116778 -0.270415 
49241 0.11566 -0.119803 
49242 0.114584 0.0285973 
49243 0.11348 0.174946 
49244 0.112385 0.319455 
49245 0.264574 -0.268437 
49246 0.262438 -0.119084 
49247 0.260251 0.0283402 
49248 0.258405 0.173837 
49249 0.256205 0.317 
