48825 -0.333437 -0.25004 
48826 -0.33335 -0.0832316 
48827 -0.333309 0.0832882 
48828 -0.333371 0.249975 
48829 -0.33314 0.416549 
48830 -0.166761 -0.250074 
48831 -0.166814 -0.0833033 
48832 -0.166653 0.0832725 
48833 -0.166623 0.24988 
48834 -0.166724 0.416697 
48835 -7.92751e-05 -0.250034 
48836 -6.69843e-06 -0.0832936 
48837 -4.21766e-05 0.0832717 
48838 9.18405e-05 0.249931 
48839 -5.00309e-05 0.416706 
48840 0.166708 -0.249994 
48841 0.166626 -0.0833483 
48842 0.166676 0.0833009 
48843 0.166674 0.249971 
48844 0.166562 0.416721 
48845 0.333363 -0.250081 
48846 0.333293 -0.0834434 
48847 0.333311 0.0832653 
48848 0.333281 0.24991 
48849 0.333339 0.416629 
48850 -0.33376 -0.25121 
48851 -0.333447 -0.0853156 
48852 -0.333311 0.0804376 
48853 -0.33294 0.246133 
48854 -0.332624 0.411575 
48855 -0.167846 -0.251262 
48856 -0.167588 -0.0854203 
48857 -0.167448 0.0803459 
48858 -0.167217 0.245855 
48859 -0.166995 0.411248 
48860 -0.00204985 -0.251368 
48861 -0.00183473 -0.0856161 
48862 -0.00173535 0.0801972 
48863 -0.00176347 0.245802 
48864 -0.00160603 0.410946 
48865 0.163613 -0.251349 
48866 0.163827 -0.0855819 
48867 0.163808 0.0799787 
48868 0.163835 0.245482 
48869 0.163812 0.410747 
48870 0.329105 -0.251297 
48871 0.329163 -0.0857451 
48872 0.329165 0.0797058 
48873 0.329098 0.245206 
48874 0.329129 0.410398 
48875 -0.334071 -0.252567 
48876 -0.333644 -0.0872778 
48877 -0.333174 0.0775099 
48878 -0.332742 0.242116 
48879 -0.332234 0.406498 
48880 -0.168915 -0.252498 
48881 -0.168527 -0.0875008 
48882 -0.168182 0.077365 
48883 -0.167803 0.241664 
48884 -0.167492 0.40602 
48885 -0.00401282 -0.252689 
48886 -0.00357883 -0.0876447 
48887 -0.00346643 0.0770607 
48888 -0.00316131 0.241212 
48889 -0.0031772 0.405366 
48890 0.160536 -0.252629 
48891 0.160903 -0.0878644 
48892 0.16087 0.0765956 
48893 0.160907 0.240771 
48894 0.161141 0.404809 
48895 0.325071 -0.252617 
48896 0.325168 -0.0879544 
48897 0.3251 0.0763364 
48898 0.325011 0.240456 
48899 0.324931 0.404256 
48900 -0.3345 -0.253776 
48901 -0.33386 -0.0893972 
48902 -0.333147 0.0744796 
48903 -0.332261 0.238046 
48904 -0.331681 0.401336 
48905 -0.170021 -0.253944 
48906 -0.169469 -0.0895966 
48907 -0.169053 0.0742141 
48908 -0.168396 0.237751 
48909 -0.1679 0.400593 
48910 -0.00597003 -0.253823 
48911 -0.00548195 -0.0897453 
48912 -0.00520656 0.0738037 
48913 -0.00489994 0.237045 
48914 -0.0046568 0.39984 
48915 0.1579 -0.253871 
48916 0.157894 -0.090008 
48917 0.158046 0.0734209 
48918 0.158033 0.236509 
48919 0.158185 0.399043 
48920 0.321192 -0.253762 
48921 0.321139 -0.0901605 
48922 0.320979 0.0729961 
48923 0.321015 0.23578 
48924 0.32074 0.398201 
48925 -0.334959 -0.255194 
48926 -0.33396 -0.0914623 
48927 -0.333064 0.0716952 
48928 -0.332177 0.234186 
48929 -0.331272 0.396393 
48930 -0.170913 -0.255318 
48931 -0.170433 -0.091855 
48932 -0.169755 0.071162 
48933 -0.16905 0.233459 
48934 -0.16846 0.395326 
48935 -0.007646 -0.255212 
48936 -0.00739032 -0.0920602 
48937 -0.0070898 0.0706519 
48938 -0.00657649 0.232799 
48939 -0.00614356 0.394303 
48940 0.15513 -0.255074 
48941 0.155166 -0.0922343 
48942 0.155299 0.0701257 
48943 0.155295 0.232057 
48944 0.155248 0.393374 
48945 0.317203 -0.255092 
48946 0.317194 -0.0924232 
48947 0.316923 0.0698009 
48948 0.316817 0.231313 
48949 0.316631 0.3923 
48950 -0.335168 -0.256729 
48951 -0.334047 -0.0937462 
48952 -0.332964 0.0687262 
48953 -0.332029 0.23023 
48954 -0.330959 0.391139 
48955 -0.172065 -0.256655 
48956 -0.171335 -0.0939816 
48957 -0.170633 0.0681068 
48958 -0.169689 0.2295 
48959 -0.16912 0.390056 
48960 -0.00951683 -0.256432 
48961 -0.00910065 -0.0940442 
48962 -0.00875213 0.0675323 
48963 -0.00832868 0.228471 
48964 -0.00782213 0.388892 
48965 0.152166 -0.256389 
48966 0.152272 -0.0943402 
48967 0.152442 0.0670491 
48968 0.152464 0.227743 
48969 0.152644 0.387668 
48970 0.31344 -0.256235 
48971 0.313287 -0.0946059 
48972 0.312798 0.0666017 
48973 0.312583 0.226803 
48974 0.312275 0.3866 
48975 -0.335475 -0.258265 
48976 -0.334244 -0.0958071 
48977 -0.333106 0.0656917 
48978 -0.33185 0.226298 
48979 -0.330625 0.386321 
48980 -0.173 -0.257947 
48981 -0.172207 -0.0961078 
48982 -0.171441 0.0650374 
48983 -0.170585 0.225313 
48984 -0.169813 0.384872 
48985 -0.0113005 -0.257803 
48986 -0.0109801 -0.0961509 
48987 -0.0104262 0.0643805 
48988 -0.0100896 0.224393 
48989 -0.00967482 0.383578 
48990 0.149687 -0.257555 
48991 0.149512 -0.0963714 
48992 0.149668 0.0638551 
48993 0.149666 0.22357 
48994 0.149767 0.382224 
48995 0.309624 -0.257268 
48996 0.309252 -0.0965354 
48997 0.308908 0.0633263 
48998 0.308508 0.222494 
48999 0.308234 0.380929 
49000 -0.335791 -0.259758 
49001 -0.334443 -0.0979528 
49002 -0.333122 0.0626778 
49003 -0.331793 0.222455 
49004 -0.330494 0.381195 
49005 -0.173987 -0.259286 
49006 -0.173108 -0.098185 
49007 -0.172325 0.0621484 
49008 -0.17134 0.221334 
49009 -0.170531 0.379675 
49010 -0.0131438 -0.259007 
49011 -0.0126183 -0.0983871 
49012 -0.0121726 0.0614855 
49013 -0.0118388 0.220367 
49014 -0.0113751 0.378346 
49015 0.146968 -0.258729 
49016 0.146863 -0.0983985 
49017 0.146829 0.0609547 
49018 0.146922 0.219302 
49019 0.146733 0.376922 
49020 0.306029 -0.258434 
49021 0.305615 -0.0985334 
49022 0.305104 0.0603539 
49023 0.304474 0.218395 
49024 0.303994 0.375452 
49025 -0.336098 -0.261093 
49026 -0.334709 -0.100111 
49027 -0.333131 0.0596122 
49028 -0.33185 0.218585 
49029 -0.330337 0.37629 
49030 -0.174858 -0.260859 
49031 -0.174044 -0.100217 
49032 -0.173152 0.0591038 
49033 -0.172256 0.217385 
49034 -0.171308 0.37468 
49035 -0.0147367 -0.260169 
49036 -0.0144476 -0.100423 
49037 -0.014062 0.0584654 
49038 -0.0136282 0.216326 
49039 -0.0133511 0.373218 
49040 0.144367 -0.259836 
49041 0.14429 -0.100333 
49042 0.144073 0.0579705 
49043 0.143879 0.215226 
49044 0.143633 0.371545 
49045 0.302399 -0.259292 
49046 0.301795 -0.1005 
49047 0.301254 0.0573414 
49048 0.300505 0.214067 
49049 0.299891 0.370099 
49050 -0.336394 -0.26258 
49051 -0.33486 -0.102374 
49052 -0.333334 0.0567228 
49053 -0.331759 0.214746 
49054 -0.330361 0.371433 
49055 -0.175823 -0.261959 
49056 -0.174917 -0.102345 
49057 -0.173854 0.0562421 
49058 -0.173199 0.213591 
49059 -0.172234 0.36961 
49060 -0.0164905 -0.261461 
49061 -0.0162365 -0.102365 
49062 -0.0157391 0.0554856 
49063 -0.0156032 0.21241 
49064 -0.0150894 0.368129 
49065 0.141742 -0.260953 
49066 0.141466 -0.102314 
49067 0.141366 0.05492 
49068 0.141019 0.211294 
49069 0.140787 0.366556 
49070 0.298983 -0.260219 
49071 0.298026 -0.10227 
49072 0.297203 0.0544015 
49073 0.296607 0.210258 
49074 0.295706 0.364874 
49075 -0.336563 -0.264156 
49076 -0.334961 -0.104528 
49077 -0.333532 0.0537068 
49078 -0.33186 0.21074 
49079 -0.330316 0.366377 
49080 -0.17671 -0.263326 
49081 -0.175727 -0.104306 
49082 -0.174798 0.0533501 
49083 -0.174019 0.209649 
49084 -0.173093 0.364715 
49085 -0.0180514 -0.262629 
49086 -0.0178803 -0.104296 
49087 -0.0175188 0.0527896 
49088 -0.017282 0.208541 
49089 -0.0170125 0.362981 
49090 0.13936 -0.262002 
49091 0.138888 -0.1041 
49092 0.138463 0.0523274 
49093 0.138079 0.207437 
49094 0.137794 0.361358 
49095 0.295412 -0.261132 
49096 0.294513 -0.104097 
49097 0.293345 0.0517532 
49098 0.292343 0.206374 
49099 0.291532 0.359654 
49100 -0.336658 -0.265584 
49101 -0.335349 -0.106808 
49102 -0.333386 0.0508295 
49103 -0.332055 0.207057 
49104 -0.33043 0.361701 
49105 -0.177485 -0.264608 
49106 -0.176695 -0.106329 
49107 -0.175626 0.0505274 
49108 -0.174911 0.205889 
49109 -0.174072 0.359963 
49110 -0.0197806 -0.26371 
49111 -0.0194964 -0.106136 
49112 -0.0193804 0.0499564 
49113 -0.0192085 0.20471 
49114 -0.0189442 0.358267 
49115 0.136749 -0.26279 
49116 0.136324 -0.10585 
49117 0.135793 0.0496838 
49118 0.135256 0.203767 
49119 0.13476 0.356524 
49120 0.291978 -0.261881 
49121 0.290725 -0.105741 
49122 0.289575 0.0491973 
49123 0.288339 0.202637 
49124 0.287114 0.354713 
49125 -0.337019 -0.267086 
49126 -0.335529 -0.108782 
49127 -0.333837 0.0479862 
49128 -0.332164 0.203117 
49129 -0.330672 0.356925 
49130 -0.178311 -0.266002 
49131 -0.177625 -0.108362 
49132 -0.176586 0.0476988 
49133 -0.17588 0.202129 
49134 -0.175084 0.355264 
49135 -0.0213616 -0.264815 
49136 -0.0212299 -0.108185 
49137 -0.0211718 0.0473548 
49138 -0.0210232 0.20116 
49139 -0.0209352 0.353501 
49140 0.134526 -0.263756 
49141 0.133763 -0.107525 
49142 0.133022 0.0470675 
49143 0.132494 0.200021 
49144 0.1318 0.351819 
49145 0.288553 -0.262656 
49146 0.287188 -0.107241 
49147 0.285775 0.0466509 
49148 0.284503 0.199053 
49149 0.283046 0.350035 
49150 -0.337244 -0.268454 
49151 -0.335633 -0.110858 
49152 -0.334008 0.0451267 
49153 -0.332446 0.199633 
49154 -0.330859 0.352412 
49155 -0.179361 -0.267174 
49156 -0.178372 -0.110396 
49157 -0.177532 0.0449731 
49158 -0.176844 0.198554 
49159 -0.176211 0.350563 
49160 -0.0227692 -0.265772 
49161 -0.0228591 -0.109707 
49162 -0.0229183 0.0446533 
49163 -0.0230089 0.197544 
49164 -0.0230206 0.348819 
49165 0.132059 -0.264502 
49166 0.131064 -0.109393 
49167 0.130323 0.0443525 
49168 0.129457 0.196614 
49169 0.128586 0.347079 
49170 0.285223 -0.26317 
49171 0.283688 -0.108774 
49172 0.281962 0.0441972 
49173 0.280437 0.195624 
49174 0.27893 0.345421 
49175 -0.337374 -0.26995 
49176 -0.335717 -0.112906 
49177 -0.334208 0.0424586 
49178 -0.332741 0.195883 
49179 -0.331166 0.347765 
49180 -0.179959 -0.268371 
49181 -0.179356 -0.112241 
49182 -0.178548 0.0424227 
49183 -0.177955 0.194965 
49184 -0.177357 0.345977 
49185 -0.0243273 -0.266793 
49186 -0.0245058 -0.111453 
49187 -0.0247367 0.0420429 
49188 -0.0248938 0.194076 
49189 -0.0250548 0.344239 
49190 0.129493 -0.265199 
49191 0.128727 -0.110733 
49192 0.127589 0.0422236 
49193 0.126617 0.193105 
49194 0.125639 0.342494 
49195 0.282062 -0.263626 
49196 0.280168 -0.110073 
49197 0.278274 0.0419254 
49198 0.276479 0.192146 
49199 0.274703 0.340928 
49200 -0.337385 -0.271266 
49201 -0.336011 -0.114882 
49202 -0.334612 0.0397058 
49203 -0.333023 0.192265 
49204 -0.331662 0.343296 
49205 -0.180812 -0.269549 
49206 -0.180037 -0.11411 
49207 -0.179667 0.0397015 
49208 -0.179058 0.191375 
49209 -0.178411 0.341446 
49210 -0.0259121 -0.267601 
49211 -0.0261008 -0.113115 
49212 -0.026501 0.0396873 
49213 -0.0269514 0.190658 
49214 -0.0270667 0.339974 
49215 0.127253 -0.265834 
49216 0.126115 -0.112122 
49217 0.124899 0.0397361 
49218 0.123749 0.18994 
49219 0.122609 0.338304 
49220 0.278795 -0.26413 
49221 0.276695 -0.111261 
49222 0.274565 0.0396159 
49223 0.272424 0.188942 
49224 0.27058 0.336631 
49225 -0.337602 -0.272912 
49226 -0.336162 -0.117011 
49227 -0.334741 0.0368208 
49228 -0.333445 0.188821 
49229 -0.332067 0.338883 
49230 -0.181429 -0.270665 
49231 -0.18111 -0.115732 
49232 -0.180713 0.0370698 
49233 -0.180235 0.188138 
49234 -0.179805 0.33718 
49235 -0.0270766 -0.26843 
49236 -0.0277229 -0.114581 
49237 -0.0282491 0.0371633 
49238 -0.0288187 0.187243 
49239 -0.0291856 0.335779 
49240 0.125107 -0.266466 
49241 0.123669 -0.113544 
49242 0.122105 0.0373805 
49243 0.1209 0.186636 
49244 0.119498 0.33393 
49245 0.27566 -0.264497 
49246 0.273149 -0.112389 
49247 0.270888 0.0376238 
49248 0.268679 0.186033 
49249 0.266345 0.332496 
49250 -0.337792 -0.274095 
49251 -0.336408 -0.119069 
49252 -0.335059 0.0341722 
49253 -0.333732 0.185392 
49254 -0.332589 0.334472 
49255 -0.182129 -0.271561 
49256 -0.181815 -0.117688 
49257 -0.181559 0.0346125 
49258 -0.181211 0.184803 
49259 -0.18098 0.332871 
49260 -0.0286761 -0.269149 
49261 -0.0293905 -0.116226 
49262 -0.0301462 0.0348613 
49263 -0.0306869 0.184277 
49264 -0.0315595 0.331417 
49265 0.122972 -0.266887 
49266 0.121331 -0.114811 
49267 0.119543 0.0353469 
49268 0.117919 0.183656 
49269 0.116316 0.329931 
49270 0.272513 -0.264575 
49271 0.269813 -0.11358 
49272 0.267193 0.0357218 
49273 0.26467 0.183028 
49274 0.26217 0.328442 
49275 -0.337931 -0.275274 
49276 -0.336694 -0.120865 
49277 -0.335299 0.0315956 
49278 -0.334237 0.181983 
49279 -0.333265 0.330237 
49280 -0.182824 -0.27255 
49281 -0.182778 -0.119288 
49282 -0.182692 0.0321956 
49283 -0.18257 0.181649 
49284 -0.182421 0.32879 
49285 -0.0300372 -0.269896 
49286 -0.0308416 -0.117629 
49287 -0.03195 0.0327367 
49288 -0.0326843 0.181046 
49289 -0.0336719 0.327425 
49290 0.120655 -0.267281 
49291 0.118873 -0.115832 
49292 0.116907 0.0333176 
49293 0.115094 0.180822 
49294 0.113293 0.32613 
49295 0.269496 -0.264613 
49296 0.266573 -0.114543 
49297 0.263629 0.0338706 
49298 0.260743 0.180267 
49299 0.258009 0.324706 
49300 -0.337887 -0.276566 
49301 -0.336849 -0.122724 
49302 -0.335864 0.0290021 
49303 -0.334771 0.178658 
49304 -0.333816 0.326078 
49305 -0.183478 -0.273484 
49306 -0.183526 -0.120734 
49307 -0.183564 0.0298473 
49308 -0.183609 0.17821 
49309 -0.183752 0.324814 
49310 -0.0313594 -0.270491 
49311 -0.0324529 -0.118934 
49312 -0.0335813 0.0306304 
49313 -0.0347699 0.178022 
49314 -0.0359014 0.323567 
49315 0.11843 -0.267573 
49316 0.11633 -0.117068 
49317 0.114262 0.0313804 
49318 0.112121 0.177825 
49319 0.109982 0.322178 
49320 0.266276 -0.264681 
49321 0.2631 -0.115254 
49322 0.259974 0.032193 
49323 0.256849 0.17765 
49324 0.253986 0.32091 
