48850 -0.333371 -0.250054 
48851 -0.33324 -0.0831703 
48852 -0.333363 0.083237 
48853 -0.333345 0.25008 
48854 -0.333383 0.41667 
48855 -0.166618 -0.249892 
48856 -0.166674 -0.0833135 
48857 -0.166557 0.0833313 
48858 -0.16676 0.249958 
48859 -0.166716 0.416582 
48860 6.59476e-05 -0.25004 
48861 3.2977e-05 -0.083315 
48862 8.32172e-05 0.0833172 
48863 -5.90639e-05 0.249931 
48864 4.3516e-05 0.416725 
48865 0.16668 -0.250113 
48866 0.16662 -0.0833253 
48867 0.166733 0.0833325 
48868 0.166717 0.249972 
48869 0.166641 0.416696 
48870 0.333237 -0.24996 
48871 0.333404 -0.083386 
48872 0.333229 0.0834175 
48873 0.333372 0.249933 
48874 0.333349 0.416701 
48875 -0.333631 -0.251319 
48876 -0.333481 -0.0853247 
48877 -0.33328 0.0803879 
48878 -0.333045 0.245987 
48879 -0.33285 0.411483 
48880 -0.16786 -0.251256 
48881 -0.167788 -0.0854799 
48882 -0.167484 0.080286 
48883 -0.167269 0.245813 
48884 -0.167102 0.411271 
48885 -0.00201722 -0.25143 
48886 -0.00197684 -0.0855517 
48887 -0.00172267 0.0802257 
48888 -0.00170795 0.245724 
48889 -0.00154186 0.410995 
48890 0.163715 -0.25138 
48891 0.163771 -0.0856117 
48892 0.163842 0.0798709 
48893 0.163763 0.24552 
48894 0.163938 0.410721 
48895 0.329234 -0.251418 
48896 0.329094 -0.0857824 
48897 0.32915 0.0799421 
48898 0.329127 0.245372 
48899 0.329026 0.41053 
48900 -0.334137 -0.252751 
48901 -0.333544 -0.0874384 
48902 -0.332967 0.0774081 
48903 -0.332812 0.241998 
48904 -0.332215 0.406501 
48905 -0.168824 -0.252566 
48906 -0.168498 -0.0875649 
48907 -0.168219 0.0771708 
48908 -0.167945 0.24159 
48909 -0.167547 0.40583 
48910 -0.00388621 -0.252609 
48911 -0.00377404 -0.0877106 
48912 -0.00340985 0.0769185 
48913 -0.0034128 0.241228 
48914 -0.00305474 0.405363 
48915 0.160824 -0.252597 
48916 0.160952 -0.0878023 
48917 0.160982 0.0767007 
48918 0.160991 0.240972 
48919 0.160969 0.404849 
48920 0.325119 -0.252566 
48921 0.325115 -0.0879202 
48922 0.324944 0.076449 
48923 0.324909 0.240595 
48924 0.324949 0.404345 
48925 -0.334401 -0.254133 
48926 -0.333806 -0.0896662 
48927 -0.333352 0.0743976 
48928 -0.332437 0.237939 
48929 -0.331706 0.401371 
48930 -0.169735 -0.253992 
48931 -0.169504 -0.0896064 
48932 -0.16896 0.07411 
48933 -0.168577 0.237572 
48934 -0.168164 0.400552 
48935 -0.00570062 -0.25377 
48936 -0.00547688 -0.0898699 
48937 -0.0052103 0.0737632 
48938 -0.00509462 0.236881 
48939 -0.00484954 0.399907 
48940 0.157927 -0.253862 
48941 0.157979 -0.0898783 
48942 0.15814 0.0735392 
48943 0.158083 0.236538 
48944 0.158061 0.39905 
48945 0.321403 -0.253729 
48946 0.321148 -0.0900967 
48947 0.32101 0.0730205 
48948 0.320819 0.235867 
48949 0.320536 0.398439 
48950 -0.334703 -0.255398 
48951 -0.333874 -0.0917923 
48952 -0.333095 0.0714516 
48953 -0.332361 0.233949 
48954 -0.331313 0.3962 
48955 -0.170798 -0.255274 
48956 -0.170365 -0.0918798 
48957 -0.169893 0.0710425 
48958 -0.169262 0.233356 
48959 -0.168658 0.395203 
48960 -0.0076936 -0.255194 
48961 -0.00721972 -0.0919255 
48962 -0.00701421 0.0705712 
48963 -0.00673497 0.232733 
48964 -0.00638056 0.394267 
48965 0.155192 -0.255094 
48966 0.155295 -0.0920931 
48967 0.155251 0.0703054 
48968 0.155214 0.23207 
48969 0.155175 0.393431 
48970 0.317561 -0.254806 
48971 0.317249 -0.0922841 
48972 0.316749 0.0698587 
48973 0.316629 0.23142 
48974 0.31646 0.392503 
48975 -0.334995 -0.256933 
48976 -0.333988 -0.0938899 
48977 -0.333063 0.0684426 
48978 -0.332112 0.230115 
48979 -0.331191 0.391075 
48980 -0.171775 -0.256806 
48981 -0.171117 -0.0939505 
48982 -0.17074 0.0679755 
48983 -0.169959 0.229356 
48984 -0.169419 0.390038 
48985 -0.0093509 -0.256541 
48986 -0.00911404 -0.0940203 
48987 -0.00887196 0.0675926 
48988 -0.00852961 0.228592 
48989 -0.00814809 0.388806 
48990 0.152471 -0.256268 
48991 0.152419 -0.0942702 
48992 0.152412 0.06716 
48993 0.152397 0.227905 
48994 0.15226 0.387791 
48995 0.313595 -0.255885 
48996 0.313265 -0.0941716 
48997 0.312925 0.0667906 
48998 0.312537 0.227088 
48999 0.312113 0.386768 
49000 -0.335329 -0.258398 
49001 -0.334138 -0.0960265 
49002 -0.333144 0.0654807 
49003 -0.331999 0.226077 
49004 -0.330908 0.386124 
49005 -0.172908 -0.258022 
49006 -0.172002 -0.0961382 
49007 -0.171457 0.0649412 
49008 -0.170689 0.225302 
49009 -0.170051 0.384793 
49010 -0.011131 -0.257655 
49011 -0.0109407 -0.0962449 
49012 -0.0105105 0.0645808 
49013 -0.0102038 0.224492 
49014 -0.00995422 0.383509 
49015 0.149923 -0.257455 
49016 0.149729 -0.0962147 
49017 0.149633 0.0640889 
49018 0.149404 0.22375 
49019 0.1493 0.382396 
49020 0.309986 -0.257142 
49021 0.309523 -0.0963728 
49022 0.308978 0.0636182 
49023 0.308444 0.222804 
49024 0.307912 0.38119 
49025 -0.335559 -0.259893 
49026 -0.334297 -0.09835 
49027 -0.333231 0.0623473 
49028 -0.331867 0.222193 
49029 -0.33084 0.381043 
49030 -0.173761 -0.259416 
49031 -0.173121 -0.0981455 
49032 -0.172293 0.0619765 
49033 -0.171512 0.221287 
49034 -0.170903 0.379648 
49035 -0.0128554 -0.259016 
49036 -0.0126245 -0.0981694 
49037 -0.0122321 0.0616806 
49038 -0.0120069 0.220334 
49039 -0.0117911 0.378224 
49040 0.147268 -0.258566 
49041 0.14703 -0.0981183 
49042 0.146813 0.0610968 
49043 0.146567 0.219588 
49044 0.146331 0.376958 
49045 0.30628 -0.258163 
49046 0.305572 -0.0982203 
49047 0.305061 0.0606523 
49048 0.304379 0.218567 
49049 0.303769 0.375767 
49050 -0.335779 -0.261436 
49051 -0.334604 -0.100371 
49052 -0.333382 0.0593885 
49053 -0.331767 0.218223 
49054 -0.330766 0.375967 
49055 -0.174607 -0.260659 
49056 -0.17395 -0.100232 
49057 -0.173147 0.059043 
49058 -0.17255 0.217318 
49059 -0.171738 0.374702 
49060 -0.0145589 -0.260138 
49061 -0.0143101 -0.100265 
49062 -0.0140215 0.0585746 
49063 -0.013804 0.216376 
49064 -0.0137167 0.373178 
49065 0.144616 -0.259522 
49066 0.144219 -0.100155 
49067 0.144036 0.0582622 
49068 0.143759 0.215541 
49069 0.143281 0.371835 
49070 0.302703 -0.259018 
49071 0.301842 -0.100158 
49072 0.301138 0.0578739 
49073 0.300383 0.214603 
49074 0.299572 0.370621 
49075 -0.336203 -0.262804 
49076 -0.334733 -0.102633 
49077 -0.333336 0.0564658 
49078 -0.332052 0.214475 
49079 -0.330769 0.371126 
49080 -0.175553 -0.262059 
49081 -0.174761 -0.102313 
49082 -0.174107 0.0561123 
49083 -0.173316 0.21346 
49084 -0.172662 0.369675 
49085 -0.0161273 -0.261331 
49086 -0.015995 -0.102253 
49087 -0.0158021 0.0557576 
49088 -0.0156611 0.212543 
49089 -0.0155829 0.368103 
49090 0.142103 -0.260623 
49091 0.141587 -0.102013 
49092 0.141243 0.055428 
49093 0.140837 0.211639 
49094 0.140328 0.366868 
49095 0.299199 -0.259825 
49096 0.298205 -0.10176 
49097 0.297173 0.0551746 
49098 0.296157 0.210689 
49099 0.295301 0.365381 
49100 -0.336223 -0.264327 
49101 -0.334873 -0.104664 
49102 -0.33353 0.0535271 
49103 -0.33215 0.210446 
49104 -0.33069 0.366334 
49105 -0.176378 -0.263328 
49106 -0.175782 -0.104537 
49107 -0.175007 0.0533824 
49108 -0.174221 0.209684 
49109 -0.173586 0.364793 
49110 -0.0178532 -0.262494 
49111 -0.0178463 -0.104136 
49112 -0.0176572 0.0528851 
49113 -0.0175559 0.208773 
49114 -0.0174167 0.363204 
49115 0.139572 -0.261572 
49116 0.139068 -0.103731 
49117 0.138338 0.0527244 
49118 0.137958 0.207888 
49119 0.137415 0.361821 
49120 0.295867 -0.260643 
49121 0.29461 -0.103518 
49122 0.293392 0.0523889 
49123 0.292131 0.206886 
49124 0.290981 0.360187 
49125 -0.336491 -0.2658 
49126 -0.335175 -0.106944 
49127 -0.333684 0.0506657 
49128 -0.332344 0.206792 
49129 -0.33093 0.3615 
49130 -0.177191 -0.264584 
49131 -0.176562 -0.106387 
49132 -0.175866 0.0504385 
49133 -0.175081 0.205852 
49134 -0.174643 0.359945 
49135 -0.0193365 -0.263565 
49136 -0.0195038 -0.105821 
49137 -0.0193433 0.0502701 
49138 -0.0195068 0.205059 
49139 -0.0194371 0.35851 
49140 0.137182 -0.262266 
49141 0.13639 -0.105458 
49142 0.135698 0.0501043 
49143 0.13495 0.204155 
49144 0.134198 0.357037 
49145 0.292392 -0.261264 
49146 0.290895 -0.105081 
49147 0.289502 0.0497664 
49148 0.28807 0.203361 
49149 0.286866 0.355478 
49150 -0.336626 -0.267287 
49151 -0.335294 -0.109038 
49152 -0.333985 0.0477367 
49153 -0.33251 0.203092 
49154 -0.33116 0.356948 
49155 -0.177977 -0.265798 
49156 -0.177399 -0.108378 
49157 -0.176867 0.0477067 
49158 -0.176283 0.20219 
49159 -0.175596 0.355307 
49160 -0.0209815 -0.264583 
49161 -0.0209983 -0.107763 
49162 -0.0210863 0.0477372 
49163 -0.0213036 0.201518 
49164 -0.0215697 0.353784 
49165 0.134913 -0.263139 
49166 0.133954 -0.107103 
49167 0.133011 0.0474115 
49168 0.132161 0.200564 
49169 0.131099 0.352348 
49170 0.289055 -0.261819 
49171 0.287369 -0.106375 
49172 0.28567 0.0473319 
49173 0.28417 0.199811 
49174 0.282533 0.350718 
49175 -0.336706 -0.268703 
49176 -0.335376 -0.111033 
49177 -0.33413 0.0450245 
49178 -0.332706 0.199425 
49179 -0.331506 0.352179 
49180 -0.178669 -0.26709 
49181 -0.178237 -0.110251 
49182 -0.177782 0.0450608 
49183 -0.177227 0.198722 
49184 -0.176928 0.350593 
49185 -0.0223533 -0.265332 
49186 -0.0226466 -0.109392 
49187 -0.0229889 0.0449681 
49188 -0.0234259 0.197968 
49189 -0.0236493 0.349154 
49190 0.132428 -0.2639 
49191 0.131316 -0.108714 
49192 0.130321 0.0449109 
49193 0.129361 0.197207 
49194 0.128261 0.347712 
49195 0.285719 -0.262349 
49196 0.28375 -0.107836 
49197 0.281933 0.0450579 
49198 0.280078 0.196467 
49199 0.278369 0.34621 
49200 -0.336789 -0.27009 
49201 -0.33567 -0.113043 
49202 -0.334388 0.0421589 
49203 -0.333042 0.195646 
49204 -0.331871 0.347632 
49205 -0.179587 -0.268197 
49206 -0.179065 -0.112003 
49207 -0.178815 0.0424105 
49208 -0.178387 0.19516 
49209 -0.178015 0.346204 
49210 -0.0238909 -0.266326 
49211 -0.0243761 -0.110911 
49212 -0.0247418 0.0425526 
49213 -0.0252391 0.194452 
49214 -0.0257391 0.344848 
49215 0.13012 -0.264478 
49216 0.128638 -0.110008 
49217 0.127605 0.0425791 
49218 0.126335 0.193838 
49219 0.12493 0.343263 
49220 0.282378 -0.262627 
49221 0.280296 -0.109015 
49222 0.278288 0.0429213 
49223 0.276159 0.193231 
49224 0.274112 0.341851 
49225 -0.337082 -0.271598 
49226 -0.335761 -0.115046 
49227 -0.334615 0.0394275 
49228 -0.333512 0.192208 
49229 -0.332408 0.343112 
49230 -0.180285 -0.269266 
49231 -0.179906 -0.113883 
49232 -0.179616 0.0396791 
49233 -0.179319 0.191677 
49234 -0.179219 0.341825 
49235 -0.0251841 -0.267071 
49236 -0.0260382 -0.112501 
49237 -0.0265891 0.0399902 
49238 -0.0271613 0.191091 
49239 -0.0278741 0.340454 
49240 0.127841 -0.264991 
49241 0.126384 -0.111472 
49242 0.124759 0.0404175 
49243 0.123405 0.190608 
49244 0.122006 0.338979 
49245 0.279219 -0.263064 
49246 0.276788 -0.11034 
49247 0.274555 0.0407847 
49248 0.272223 0.190054 
49249 0.269952 0.337711 
49250 -0.337113 -0.272766 
49251 -0.336048 -0.116981 
49252 -0.334888 0.0367883 
49253 -0.333826 0.188636 
49254 -0.332758 0.33862 
49255 -0.180994 -0.270341 
49256 -0.180914 -0.115582 
49257 -0.180743 0.0371664 
49258 -0.180566 0.188361 
49259 -0.180453 0.337394 
49260 -0.026745 -0.267846 
49261 -0.0276274 -0.114074 
49262 -0.0284906 0.0377993 
49263 -0.0290841 0.188026 
49264 -0.0301513 0.336068 
49265 0.125521 -0.265589 
49266 0.123899 -0.112567 
49267 0.12215 0.0383693 
49268 0.1203 0.187595 
49269 0.11873 0.334718 
49270 0.276178 -0.263162 
49271 0.273351 -0.111291 
49272 0.270803 0.0388142 
49273 0.268245 0.187131 
49274 0.265699 0.333647 
49275 -0.3371 -0.274016 
49276 -0.336101 -0.118809 
49277 -0.335218 0.034192 
49278 -0.33418 0.185401 
49279 -0.333348 0.334398 
49280 -0.181613 -0.271302 
49281 -0.181682 -0.117277 
49282 -0.181843 0.0349437 
49283 -0.181711 0.185042 
49284 -0.181864 0.333408 
49285 -0.0282454 -0.268588 
49286 -0.0290265 -0.115454 
49287 -0.030243 0.0355641 
49288 -0.0311444 0.184774 
49289 -0.0320126 0.332056 
49290 0.123394 -0.265869 
49291 0.121339 -0.113835 
49292 0.119495 0.0362854 
49293 0.117559 0.184592 
49294 0.115603 0.330973 
49295 0.273061 -0.263401 
49296 0.270055 -0.112201 
49297 0.267294 0.0370369 
49298 0.264361 0.184321 
49299 0.261476 0.329714 
49300 -0.337269 -0.275211 
49301 -0.336194 -0.120747 
49302 -0.335609 0.0316304 
49303 -0.334783 0.182027 
49304 -0.334012 0.330257 
49305 -0.182203 -0.272039 
49306 -0.182554 -0.118821 
49307 -0.18269 0.0326119 
49308 -0.182961 0.181933 
49309 -0.183252 0.329358 
49310 -0.0296526 -0.269084 
49311 -0.0308047 -0.116744 
49312 -0.0320669 0.0334963 
49313 -0.0331658 0.181795 
49314 -0.0342728 0.328106 
49315 0.121312 -0.26624 
49316 0.118985 -0.11497 
49317 0.116788 0.034452 
49318 0.114555 0.181804 
49319 0.112428 0.327166 
49320 0.269891 -0.263352 
49321 0.266738 -0.112912 
49322 0.26353 0.0352622 
49323 0.260377 0.181589 
49324 0.257285 0.326172 
49325 -0.33729 -0.276436 
49326 -0.336698 -0.122579 
49327 -0.335895 0.0293197 
49328 -0.335276 0.178742 
49329 -0.334754 0.326437 
49330 -0.18301 -0.27296 
49331 -0.183387 -0.120291 
49332 -0.183833 0.0303423 
49333 -0.184194 0.178894 
49334 -0.184619 0.325275 
49335 -0.030872 -0.269696 
49336 -0.0324325 -0.118053 
49337 -0.0336327 0.0315665 
49338 -0.0351778 0.178914 
49339 -0.0366078 0.324515 
49340 0.119073 -0.266339 
49341 0.116601 -0.115889 
49342 0.114118 0.032503 
49343 0.111794 0.178851 
49344 0.109224 0.32333 
49345 0.266943 -0.26315 
49346 0.263358 -0.113736 
49347 0.259849 0.0337688 
49348 0.256617 0.179009 
49349 0.253098 0.322518 
