3940 -0.332903 -0.216214 
3941 -0.333338 -0.0162359 
3942 -0.333261 0.183637 
3943 -0.333055 0.38368 
3944 -0.166853 -0.216821 
3945 -0.166473 -0.0169542 
3946 -0.166487 0.183585 
3947 -0.16675 0.382963 
3948 -0.000437611 -0.216785 
3949 9.70426e-06 -0.0165066 
3950 -1.85238e-05 0.18377 
3951 0.00010733 0.38334 
3952 0.166189 -0.217147 
3953 0.166417 -0.0164175 
3954 0.166452 0.183562 
3955 0.166351 0.383482 
3956 0.333239 -0.21643 
3957 0.333763 -0.0162333 
3958 0.333399 0.183111 
3959 0.333618 0.383722 
3960 -0.318997 -0.204557 
3961 -0.318618 -0.022674 
3962 -0.318808 0.159639 
3963 -0.318121 0.341063 
3964 -0.166941 -0.205095 
3965 -0.166913 -0.0228792 
3966 -0.166861 0.159133 
3967 -0.166763 0.340631 
3968 -0.015707 -0.204693 
3969 -0.0158878 -0.0226575 
3970 -0.0153752 0.159166 
3971 -0.0156063 0.340657 
3972 0.136323 -0.204271 
3973 0.135764 -0.0224353 
3974 0.135985 0.159095 
3975 0.135634 0.340007 
3976 0.287122 -0.204688 
3977 0.287329 -0.0225624 
3978 0.28666 0.158216 
3979 0.286582 0.340241 
3980 -0.307446 -0.195706 
3981 -0.30731 -0.0283347 
3982 -0.307081 0.138589 
3983 -0.306698 0.305294 
3984 -0.167509 -0.195634 
3985 -0.167663 -0.028544 
3986 -0.167122 0.138311 
3987 -0.167594 0.305291 
3988 -0.0289647 -0.1948 
3989 -0.0284006 -0.0288531 
3990 -0.0284957 0.137813 
3991 -0.028531 0.304533 
3992 0.110217 -0.194775 
3993 0.110404 -0.0284049 
3994 0.11052 0.137766 
3995 0.110444 0.30364 
3996 0.248299 -0.194529 
3997 0.248156 -0.0283745 
3998 0.248023 0.137733 
3999 0.248171 0.302925 
4000 -0.297837 -0.187732 
4001 -0.297472 -0.0337654 
4002 -0.296673 0.12104 
4003 -0.296749 0.274928 
4004 -0.168936 -0.187831 
4005 -0.168212 -0.0329221 
4006 -0.168448 0.120569 
4007 -0.167747 0.274122 
4008 -0.040436 -0.187344 
4009 -0.0403645 -0.0331772 
4010 -0.0395763 0.120185 
4011 -0.0398188 0.273885 
4012 0.0876714 -0.187391 
4013 0.0883514 -0.0332297 
4014 0.0877355 0.119557 
4015 0.0875042 0.273365 
4016 0.215364 -0.187209 
4017 0.215387 -0.0329893 
4018 0.215476 0.119211 
4019 0.214744 0.272077 
4020 -0.290224 -0.181983 
4021 -0.289902 -0.0381263 
4022 -0.289175 0.104779 
4023 -0.288274 0.248122 
4024 -0.169893 -0.181766 
4025 -0.169314 -0.0385942 
4026 -0.168956 0.105314 
4027 -0.169136 0.247805 
4028 -0.0505819 -0.181365 
4029 -0.0501543 -0.0385791 
4030 -0.05013 0.104943 
4031 -0.0494011 0.247003 
4032 0.0685367 -0.180404 
4033 0.0685314 -0.0381877 
4034 0.068672 0.103715 
4035 0.06874 0.245904 
4036 0.186835 -0.180056 
4037 0.187403 -0.0376908 
4038 0.186798 0.103644 
4039 0.186747 0.244964 
4040 -0.283334 -0.177227 
4041 -0.282413 -0.0429049 
4042 -0.282491 0.0909491 
4043 -0.281953 0.224723 
4044 -0.170669 -0.176385 
4045 -0.170589 -0.042887 
4046 -0.170675 0.0911044 
4047 -0.170324 0.223652 
4048 -0.058818 -0.175691 
4049 -0.0587089 -0.0429518 
4050 -0.0591775 0.0907242 
4051 -0.0587574 0.223301 
4052 0.0519868 -0.175799 
4053 0.0517947 -0.0425819 
4054 0.0517068 0.0906622 
4055 0.0518873 0.222326 
4056 0.162715 -0.174929 
4057 0.162202 -0.0425518 
4058 0.161436 0.0897665 
4059 0.161889 0.221452 
4060 -0.27817 -0.172869 
4061 -0.27728 -0.0467108 
4062 -0.276137 0.0787241 
4063 -0.276394 0.203395 
4064 -0.172605 -0.17235 
4065 -0.171767 -0.0466454 
4066 -0.171239 0.0787843 
4067 -0.17129 0.203556 
4068 -0.067693 -0.172218 
4069 -0.0675057 -0.0469716 
4070 -0.0672663 0.0781128 
4071 -0.0670675 0.202935 
4072 0.0371033 -0.171812 
4073 0.0367128 -0.0467707 
4074 0.0370112 0.0784086 
4075 0.0361046 0.201595 
4076 0.14033 -0.170385 
4077 0.140409 -0.0461969 
4078 0.139983 0.0775482 
4079 0.138913 0.200705 
4080 -0.27338 -0.169857 
4081 -0.27264 -0.0510818 
4082 -0.271467 0.0670845 
4083 -0.271189 0.184676 
4084 -0.173939 -0.169174 
4085 -0.173602 -0.050327 
4086 -0.172674 0.0672472 
4087 -0.172428 0.184903 
4088 -0.074205 -0.168634 
4089 -0.0750494 -0.0507508 
4090 -0.0743988 0.0669822 
4091 -0.0745301 0.183922 
4092 0.0235927 -0.168228 
4093 0.0228033 -0.0504563 
4094 0.0235518 0.0670141 
4095 0.023229 0.183 
4096 0.120394 -0.16729 
4097 0.120694 -0.0502919 
4098 0.120476 0.066612 
4099 0.12014 0.183097 
4100 -0.268401 -0.167072 
4101 -0.268612 -0.0551096 
4102 -0.268088 0.0570756 
4103 -0.267886 0.168423 
4104 -0.174716 -0.166291 
4105 -0.174558 -0.054474 
4106 -0.17419 0.0570655 
4107 -0.17447 0.167776 
4108 -0.081396 -0.165977 
4109 -0.0814288 -0.053682 
4110 -0.081798 0.0566255 
4111 -0.0816856 0.167237 
4112 0.0110723 -0.165188 
4113 0.0111701 -0.0540021 
4114 0.0103741 0.0565882 
4115 0.0108539 0.166428 
4116 0.103012 -0.164327 
4117 0.10268 -0.0531338 
4118 0.102235 0.0568507 
4119 0.101583 0.16593 
4120 -0.265385 -0.164855 
4121 -0.264616 -0.0579484 
4122 -0.264927 0.0478239 
4123 -0.264084 0.152656 
4124 -0.176647 -0.164029 
4125 -0.176379 -0.0578593 
4126 -0.176322 0.0480409 
4127 -0.175902 0.152784 
4128 -0.0873607 -0.162797 
4129 -0.087488 -0.0579329 
4130 -0.0874259 0.0472192 
4131 -0.0878498 0.152246 
4132 -0.000256598 -0.162673 
4133 8.47247e-05 -0.0572096 
4134 -0.000722322 0.0479422 
4135 -0.000239645 0.15127 
4136 0.0867967 -0.161819 
4137 0.0864924 -0.0571307 
4138 0.0861303 0.0470362 
4139 0.0857794 0.151058 
4140 -0.262618 -0.16322 
4141 -0.262191 -0.062009 
4142 -0.262159 0.0394042 
4143 -0.261431 0.139034 
4144 -0.177419 -0.16193 
4145 -0.17792 -0.0607578 
4146 -0.177155 0.0393287 
4147 -0.177555 0.138393 
4148 -0.0939247 -0.160777 
4149 -0.09336 -0.0608899 
4150 -0.0937892 0.0387369 
4151 -0.0933707 0.138754 
4152 -0.00990219 -0.160289 
4153 -0.0103329 -0.0608277 
4154 -0.0106713 0.0385407 
4155 -0.0107123 0.137863 
4156 0.0725205 -0.159467 
4157 0.0721197 -0.0596173 
4158 0.0717075 0.0390921 
4159 0.071184 0.13745 
4160 -0.259835 -0.161332 
4161 -0.259635 -0.0645972 
4162 -0.259913 0.03079 
4163 -0.259574 0.126041 
4164 -0.179045 -0.16013 
4165 -0.17915 -0.0645517 
4166 -0.178948 0.0309457 
4167 -0.179338 0.125756 
4168 -0.0988931 -0.159972 
4169 -0.0992425 -0.0635912 
4170 -0.0991157 0.0310454 
4171 -0.0992865 0.125947 
4172 -0.0198655 -0.158503 
4173 -0.0196382 -0.0638577 
4174 -0.020103 0.0317248 
4175 -0.0203538 0.125267 
4176 0.0593538 -0.157389 
4177 0.0588098 -0.0624288 
4178 0.0579461 0.0313838 
4179 0.0580408 0.125216 
4180 -0.258287 -0.160625 
4181 -0.258322 -0.0682627 
4182 -0.257328 0.0238046 
4183 -0.257791 0.11459 
4184 -0.181082 -0.159621 
4185 -0.181112 -0.0678476 
4186 -0.180674 0.0240844 
4187 -0.180496 0.114369 
4188 -0.103551 -0.158524 
4189 -0.104018 -0.0669988 
4190 -0.104189 0.0238139 
4191 -0.104296 0.113858 
4192 -0.0276941 -0.156853 
4193 -0.0289719 -0.0664928 
4194 -0.0288809 0.0238185 
4195 -0.0296148 0.113717 
4196 0.0475182 -0.155657 
4197 0.0467258 -0.0659598 
4198 0.0459051 0.0242079 
4199 0.0449181 0.113909 
4200 -0.255825 -0.159325 
4201 -0.256115 -0.0714108 
4202 -0.25653 0.0167485 
4203 -0.256325 0.103259 
4204 -0.181865 -0.158009 
4205 -0.182718 -0.0705254 
4206 -0.18277 0.0168187 
4207 -0.182394 0.103105 
4208 -0.109094 -0.157318 
4209 -0.109472 -0.0698993 
4210 -0.109825 0.0172643 
4211 -0.109835 0.10381 
4212 -0.0363406 -0.155612 
4213 -0.0366998 -0.0693517 
4214 -0.0370519 0.0175227 
4215 -0.0374864 0.10366 
4216 0.0360144 -0.154951 
4217 0.0349646 -0.0682547 
4218 0.034629 0.0177608 
4219 0.0332415 0.103255 
4220 -0.255073 -0.158055 
4221 -0.255238 -0.0739226 
4222 -0.254808 0.0103294 
4223 -0.254448 0.0932153 
4224 -0.18342 -0.157202 
4225 -0.183777 -0.0731788 
4226 -0.184578 0.0102864 
4227 -0.1844 0.0931649 
4228 -0.113014 -0.155533 
4229 -0.113698 -0.0720264 
4230 -0.114694 0.0106602 
4231 -0.114998 0.0940945 
4232 -0.0437047 -0.155038 
4233 -0.0447172 -0.0715568 
4234 -0.0451747 0.0115936 
4235 -0.0459419 0.0938653 
4236 0.0250929 -0.153195 
4237 0.0240718 -0.0703565 
4238 0.023241 0.0120277 
4239 0.0226064 0.0936708 
4240 -0.254197 -0.157881 
4241 -0.254111 -0.0761788 
4242 -0.25357 0.00423849 
4243 -0.253567 0.084593 
4244 -0.185633 -0.156219 
4245 -0.185361 -0.0758406 
4246 -0.186455 0.00444166 
4247 -0.186375 0.0841332 
4248 -0.118203 -0.155142 
4249 -0.118717 -0.0746491 
4250 -0.119136 0.00518207 
4251 -0.119345 0.0845135 
4252 -0.0506693 -0.154318 
4253 -0.0514544 -0.0737895 
4254 -0.0523483 0.00588854 
4255 -0.0529123 0.0844293 
4256 0.0148037 -0.153043 
4257 0.0149009 -0.0732446 
4258 0.0137888 0.00568837 
4259 0.0126882 0.0844468 
4260 -0.253064 -0.156973 
4261 -0.252809 -0.0796392 
4262 -0.253598 -0.00118389 
4263 -0.253442 0.0758021 
4264 -0.187524 -0.15607 
4265 -0.187167 -0.0786409 
4266 -0.187641 -0.00131676 
4267 -0.188423 0.0762762 
4268 -0.121884 -0.15481 
4269 -0.122636 -0.0769818 
4270 -0.123642 6.88766e-05 
4271 -0.12369 0.075765 
4272 -0.0572478 -0.153383 
4273 -0.0587222 -0.075947 
4274 -0.0592372 -0.000175377 
4275 -0.0595627 0.0762791 
4276 0.0055969 -0.151669 
4277 0.00501306 -0.0754856 
4278 0.00374462 0.00065695 
4279 0.00271118 0.0758829 
4280 -0.25251 -0.157311 
4281 -0.252062 -0.08115 
4282 -0.252603 -0.00637968 
4283 -0.252772 0.0678016 
4284 -0.188559 -0.155436 
4285 -0.188988 -0.0808597 
4286 -0.189326 -0.00646837 
4287 -0.189783 0.0675844 
4288 -0.126332 -0.153453 
4289 -0.126944 -0.079209 
4290 -0.127815 -0.00497316 
4291 -0.128372 0.0685046 
4292 -0.0638419 -0.152405 
4293 -0.0644676 -0.0781463 
4294 -0.0657066 -0.00470711 
4295 -0.066505 0.0681902 
4296 -0.00231995 -0.151325 
4297 -0.00376996 -0.0769483 
4298 -0.0047918 -0.00405429 
4299 -0.00623731 0.0685392 
4300 -0.251289 -0.15669 
4301 -0.251719 -0.0834856 
4302 -0.252511 -0.0118458 
4303 -0.252247 0.0602703 
4304 -0.190828 -0.154647 
4305 -0.190461 -0.0827684 
4306 -0.191601 -0.0110502 
4307 -0.192346 0.0606821 
4308 -0.12953 -0.153468 
4309 -0.130553 -0.0814913 
4310 -0.131567 -0.0097752 
4311 -0.131845 0.0606883 
4312 -0.0700969 -0.151559 
4313 -0.0713581 -0.080804 
4314 -0.0716397 -0.00983481 
4315 -0.0730991 0.0607812 
4316 -0.0106177 -0.150489 
4317 -0.0117123 -0.0789729 
4318 -0.0127506 -0.00876025 
4319 -0.0146509 0.0611879 
4320 -0.251199 -0.155905 
4321 -0.25171 -0.0864663 
4322 -0.251905 -0.0165784 
4323 -0.252272 0.0523444 
4324 -0.192554 -0.154619 
4325 -0.193046 -0.0843478 
4326 -0.193256 -0.0151638 
4327 -0.193969 0.0538273 
4328 -0.133799 -0.152967 
4329 -0.134401 -0.0839042 
4330 -0.135712 -0.0150336 
4331 -0.135929 0.0535202 
4332 -0.07579 -0.150838 
4333 -0.0773279 -0.0824202 
4334 -0.078047 -0.0135778 
4335 -0.0792481 0.0542334 
4336 -0.0191477 -0.1493 
4337 -0.0200056 -0.0809025 
4338 -0.0210106 -0.012522 
4339 -0.0225997 0.0552959 
