49325 -0.333291 -0.249901 
49326 -0.333348 -0.0833981 
49327 -0.333442 0.0833636 
49328 -0.333195 0.250005 
49329 -0.333284 0.416659 
49330 -0.166545 -0.250026 
49331 -0.166679 -0.0833249 
49332 -0.166577 0.0833412 
49333 -0.166638 0.249951 
49334 -0.166641 0.41672 
49335 -0.000144335 -0.250109 
49336 -5.6592e-05 -0.0833429 
49337 -5.72262e-05 0.0833977 
49338 1.4773e-05 0.249975 
49339 7.41417e-05 0.416656 
49340 0.166605 -0.25013 
49341 0.166575 -0.0833223 
49342 0.166621 0.0832736 
49343 0.166682 0.250062 
49344 0.166654 0.416607 
49345 0.33336 -0.249967 
49346 0.333362 -0.0833484 
49347 0.33337 0.0833356 
49348 0.333383 0.250108 
49349 0.333336 0.416615 
49350 -0.333187 -0.250899 
49351 -0.333313 -0.0851069 
49352 -0.333524 0.0805994 
49353 -0.333644 0.246127 
49354 -0.333867 0.411813 
49355 -0.16713 -0.250693 
49356 -0.167508 -0.0847986 
49357 -0.167696 0.0809427 
49358 -0.167773 0.246462 
49359 -0.168174 0.412045 
49360 -0.00127563 -0.250188 
49361 -0.00164288 -0.0843733 
49362 -0.00181215 0.0812092 
49363 -0.00218736 0.2467 
49364 -0.00246731 0.412065 
49365 0.164204 -0.249853 
49366 0.164021 -0.0841944 
49367 0.163621 0.0815052 
49368 0.163243 0.246836 
49369 0.162952 0.412276 
49370 0.329842 -0.249372 
49371 0.329421 -0.0837972 
49372 0.329021 0.0817064 
49373 0.328651 0.247101 
49374 0.32822 0.412311 
49375 -0.332843 -0.252063 
49376 -0.333236 -0.0869878 
49377 -0.333533 0.0780728 
49378 -0.333945 0.242786 
49379 -0.334363 0.407222 
49380 -0.16783 -0.25112 
49381 -0.168064 -0.0863534 
49382 -0.168605 0.0785837 
49383 -0.169019 0.243267 
49384 -0.169526 0.407589 
49385 -0.00275574 -0.25043 
49386 -0.00332319 -0.0854992 
49387 -0.00390104 0.0790973 
49388 -0.00455982 0.243467 
49389 -0.00510994 0.407829 
49390 0.16188 -0.249552 
49391 0.161174 -0.0848182 
49392 0.160588 0.0797455 
49393 0.15988 0.243892 
49394 0.159108 0.408111 
49395 0.326223 -0.24876 
49396 0.325466 -0.0842429 
49397 0.32474 0.0801595 
49398 0.323854 0.244329 
49399 0.323079 0.408074 
49400 -0.33267 -0.252847 
49401 -0.333251 -0.0886658 
49402 -0.333745 0.0756221 
49403 -0.334475 0.239307 
49404 -0.335098 0.402812 
49405 -0.168241 -0.251599 
49406 -0.168929 -0.0875203 
49407 -0.16955 0.0764224 
49408 -0.170508 0.239935 
49409 -0.171115 0.403183 
49410 -0.00403505 -0.250406 
49411 -0.00496309 -0.0865198 
49412 -0.00587166 0.0771665 
49413 -0.00679877 0.240606 
49414 -0.00758844 0.403567 
49415 0.159635 -0.249236 
49416 0.158643 -0.0855431 
49417 0.157443 0.077943 
49418 0.156503 0.241068 
49419 0.155404 0.403819 
49420 0.322912 -0.248142 
49421 0.321597 -0.0845561 
49422 0.320451 0.0787223 
49423 0.319245 0.241834 
49424 0.318114 0.404317 
49425 -0.33247 -0.253614 
49426 -0.333238 -0.089902 
49427 -0.334102 0.0730781 
49428 -0.334906 0.236136 
49429 -0.335714 0.398535 
49430 -0.168633 -0.251918 
49431 -0.169592 -0.0887083 
49432 -0.170635 0.0743063 
49433 -0.171768 0.236947 
49434 -0.172676 0.398994 
49435 -0.00547541 -0.250395 
49436 -0.00662369 -0.0872859 
49437 -0.00774956 0.0753382 
49438 -0.00898718 0.237756 
49439 -0.0102328 0.399517 
49440 0.157255 -0.24874 
49441 0.155843 -0.0859594 
49442 0.154337 0.0764403 
49443 0.153163 0.238579 
49444 0.15158 0.400154 
49445 0.31943 -0.247124 
49446 0.31777 -0.0845436 
49447 0.316216 0.0775773 
49448 0.314699 0.239412 
49449 0.313029 0.400619 
49450 -0.332269 -0.254327 
49451 -0.333359 -0.0915116 
49452 -0.334307 0.070932 
49453 -0.335412 0.233012 
49454 -0.336475 0.394348 
49455 -0.16915 -0.25222 
49456 -0.170365 -0.0897802 
49457 -0.171845 0.0725377 
49458 -0.173061 0.233829 
49459 -0.174219 0.39504 
49460 -0.00661258 -0.250164 
49461 -0.00829378 -0.0878724 
49462 -0.00976518 0.0736543 
49463 -0.0113499 0.235005 
49464 -0.0128964 0.39576 
49465 0.15494 -0.248053 
49466 0.153246 -0.086255 
49467 0.151569 0.0751294 
49468 0.149609 0.236056 
49469 0.148 0.396393 
49470 0.316067 -0.246096 
49471 0.314124 -0.0845687 
49472 0.312094 0.0765171 
49473 0.310261 0.237118 
49474 0.308014 0.397175 
49475 -0.331898 -0.25493 
49476 -0.333336 -0.0929069 
49477 -0.334559 0.0688122 
49478 -0.335988 0.229708 
49479 -0.33735 0.390225 
49480 -0.169597 -0.252435 
49481 -0.171188 -0.0907081 
49482 -0.172845 0.0705854 
49483 -0.174523 0.231199 
49484 -0.175938 0.391173 
49485 -0.00790206 -0.24998 
49486 -0.009778 -0.0884579 
49487 -0.011696 0.0722086 
49488 -0.01362 0.23244 
49489 -0.015465 0.391968 
49490 0.152771 -0.247395 
49491 0.150567 -0.0865254 
49492 0.148454 0.0738439 
49493 0.146396 0.233774 
49494 0.144163 0.393014 
49495 0.312886 -0.244995 
49496 0.310339 -0.0843709 
49497 0.307884 0.0754635 
49498 0.305478 0.234907 
49499 0.303207 0.393889 
49500 -0.331713 -0.255411 
49501 -0.3333 -0.0940688 
49502 -0.335011 0.0666791 
49503 -0.336564 0.226843 
49504 -0.33817 0.386356 
49505 -0.170031 -0.252401 
49506 -0.171832 -0.0916597 
49507 -0.173869 0.0686698 
49508 -0.175766 0.228435 
49509 -0.177581 0.387522 
49510 -0.00915081 -0.249583 
49511 -0.011406 -0.0890468 
49512 -0.0136521 0.0708442 
49513 -0.0159788 0.229963 
49514 -0.0181187 0.388483 
49515 0.150557 -0.246626 
49516 0.14804 -0.0865659 
49517 0.145543 0.072795 
49518 0.142962 0.231559 
49519 0.140601 0.389659 
49520 0.309548 -0.243577 
49521 0.306693 -0.0842015 
49522 0.303737 0.0747483 
49523 0.301128 0.233012 
49524 0.298265 0.390846 
49525 -0.331442 -0.255899 
49526 -0.333316 -0.0951493 
49527 -0.335329 0.0647128 
49528 -0.337134 0.224046 
49529 -0.3392 0.382707 
49530 -0.170319 -0.252483 
49531 -0.172677 -0.092377 
49532 -0.17482 0.0670915 
49533 -0.177203 0.225906 
49534 -0.179384 0.384043 
49535 -0.0104531 -0.249167 
49536 -0.0131811 -0.0894228 
49537 -0.0155776 0.069457 
49538 -0.0182195 0.227743 
49539 -0.0206785 0.385331 
49540 0.148324 -0.245597 
49541 0.145603 -0.0865195 
49542 0.14258 0.0717613 
49543 0.139793 0.229585 
49544 0.136718 0.386619 
49545 0.306181 -0.242358 
49546 0.302905 -0.0837186 
49547 0.299876 0.0741707 
49548 0.296567 0.231146 
49549 0.293314 0.387853 
49550 -0.331169 -0.256149 
49551 -0.333419 -0.0962365 
49552 -0.335617 0.0629039 
49553 -0.337825 0.221372 
49554 -0.340035 0.379193 
49555 -0.170837 -0.252159 
49556 -0.173478 -0.0928328 
49557 -0.175959 0.0655311 
49558 -0.178588 0.223488 
49559 -0.181158 0.380651 
49560 -0.0117713 -0.248464 
49561 -0.0146942 -0.0897408 
49562 -0.0176069 0.0683171 
49563 -0.0206226 0.225535 
49564 -0.0234612 0.382157 
49565 0.146152 -0.24452 
49566 0.142876 -0.0865371 
49567 0.139612 0.0709859 
49568 0.136272 0.227616 
49569 0.133185 0.383602 
49570 0.302855 -0.240781 
49571 0.29942 -0.0832002 
49572 0.295639 0.0736284 
49573 0.292071 0.229731 
49574 0.288425 0.385209 
49575 -0.330957 -0.256262 
49576 -0.333434 -0.0971825 
49577 -0.336008 0.0611212 
49578 -0.338501 0.218806 
49579 -0.340969 0.375667 
49580 -0.171243 -0.252064 
49581 -0.174187 -0.0934121 
49582 -0.177148 0.0642808 
49583 -0.180077 0.221183 
49584 -0.182913 0.377473 
49585 -0.0129354 -0.247666 
49586 -0.0162655 -0.0896543 
49587 -0.0196648 0.0672738 
49588 -0.0227824 0.223501 
49589 -0.0260498 0.379255 
49590 0.144043 -0.243547 
49591 0.140396 -0.0861824 
49592 0.136672 0.0702589 
49593 0.133109 0.225979 
49594 0.129396 0.380814 
49595 0.299769 -0.239074 
49596 0.295656 -0.0825906 
49597 0.291675 0.0732111 
49598 0.287774 0.228244 
49599 0.283745 0.382622 
49600 -0.3306 -0.256347 
49601 -0.333385 -0.0979708 
49602 -0.336348 0.0597139 
49603 -0.339266 0.216403 
49604 -0.342097 0.372511 
49605 -0.17158 -0.25156 
49606 -0.174941 -0.0938552 
49607 -0.178228 0.0631404 
49608 -0.181563 0.219121 
49609 -0.184731 0.374422 
49610 -0.0142147 -0.246892 
49611 -0.0178441 -0.0898092 
49612 -0.0215551 0.0664606 
49613 -0.0251581 0.221739 
49614 -0.028808 0.376356 
49615 0.141801 -0.242201 
49616 0.137801 -0.0857399 
49617 0.133772 0.0696618 
49618 0.129804 0.224318 
49619 0.125797 0.378437 
49620 0.29637 -0.237419 
49621 0.292131 -0.0817679 
49622 0.287696 0.0729239 
49623 0.283398 0.22696 
49624 0.279024 0.380227 
49625 -0.330269 -0.25639 
49626 -0.333477 -0.0985565 
49627 -0.336665 0.0581485 
49628 -0.340019 0.214191 
49629 -0.34324 0.369471 
49630 -0.172092 -0.251039 
49631 -0.175816 -0.0941611 
49632 -0.179301 0.0619416 
49633 -0.18294 0.217223 
49634 -0.186528 0.371715 
49635 -0.0154249 -0.24585 
49636 -0.0195028 -0.0896769 
49637 -0.0234786 0.0655656 
49638 -0.0274115 0.220118 
49639 -0.0315399 0.373776 
49640 0.13969 -0.240579 
49641 0.135147 -0.0853471 
49642 0.130906 0.0692876 
49643 0.126379 0.222859 
49644 0.12218 0.375904 
49645 0.293235 -0.235563 
49646 0.28852 -0.0808495 
49647 0.283746 0.0728192 
49648 0.278974 0.225846 
49649 0.274241 0.378096 
49650 -0.330078 -0.256222 
49651 -0.333674 -0.0992484 
49652 -0.337094 0.05685 
49653 -0.340637 0.212023 
49654 -0.344336 0.366482 
49655 -0.172399 -0.250394 
49656 -0.176473 -0.0943455 
49657 -0.180476 0.0608535 
49658 -0.184469 0.215319 
49659 -0.188577 0.368843 
49660 -0.0166777 -0.244687 
49661 -0.0211754 -0.0894203 
49662 -0.0253785 0.0648815 
49663 -0.0297582 0.218682 
49664 -0.0341123 0.371256 
49665 0.137481 -0.239028 
49666 0.132635 -0.0846177 
49667 0.127975 0.068914 
49668 0.123258 0.221581 
49669 0.118509 0.373684 
49670 0.290046 -0.233479 
49671 0.285055 -0.0799081 
49672 0.279957 0.0729361 
49673 0.274795 0.224909 
49674 0.269589 0.376064 
49675 -0.329618 -0.255884 
49676 -0.333535 -0.0996305 
49677 -0.337412 0.0557065 
49678 -0.341593 0.210167 
49679 -0.345536 0.363705 
49680 -0.172862 -0.249694 
49681 -0.177326 -0.094273 
49682 -0.181738 0.0599661 
49683 -0.185966 0.213697 
49684 -0.190319 0.3664 
49685 -0.0179132 -0.24352 
49686 -0.0225667 -0.0891469 
49687 -0.0273788 0.0645538 
49688 -0.0321769 0.217098 
49689 -0.0368469 0.369117 
49690 0.135378 -0.237459 
49691 0.13029 -0.0838115 
49692 0.125137 0.0686412 
49693 0.119939 0.220558 
49694 0.114853 0.37176 
49695 0.287003 -0.231343 
49696 0.281572 -0.0787739 
49697 0.27589 0.0730107 
49698 0.270471 0.223949 
49699 0.26498 0.374322 
49700 -0.329454 -0.255429 
49701 -0.333755 -0.0999745 
49702 -0.338057 0.0544176 
49703 -0.342441 0.208237 
49704 -0.346655 0.361194 
49705 -0.173254 -0.248759 
49706 -0.178056 -0.0944404 
49707 -0.182903 0.0593855 
49708 -0.187593 0.212073 
49709 -0.192076 0.364016 
49710 -0.0190309 -0.242292 
49711 -0.0242901 -0.0886665 
49712 -0.0293184 0.0639784 
49713 -0.0343566 0.215895 
49714 -0.0395318 0.366822 
49715 0.133368 -0.235604 
49716 0.127862 -0.0831857 
49717 0.122354 0.0688552 
49718 0.116834 0.219589 
49719 0.111317 0.369652 
49720 0.283882 -0.229191 
49721 0.278047 -0.0776053 
49722 0.272134 0.0734384 
49723 0.266304 0.223393 
49724 0.260498 0.372464 
49725 -0.329284 -0.254879 
49726 -0.333914 -0.100242 
49727 -0.338528 0.0535064 
49728 -0.343362 0.206556 
49729 -0.347814 0.358669 
49730 -0.17376 -0.24785 
49731 -0.178879 -0.094325 
49732 -0.18396 0.0586773 
49733 -0.188947 0.210737 
49734 -0.194085 0.361758 
49735 -0.0203527 -0.240773 
49736 -0.0258609 -0.0880468 
49737 -0.0312991 0.0636373 
49738 -0.0368827 0.214845 
49739 -0.0421736 0.365013 
49740 0.131261 -0.2338 
49741 0.125332 -0.0820321 
49742 0.119407 0.0687393 
49743 0.113579 0.218866 
49744 0.10791 0.368153 
49745 0.280853 -0.226897 
49746 0.27444 -0.0762269 
49747 0.268394 0.0737387 
49748 0.262141 0.222656 
49749 0.255815 0.371122 
49750 -0.328831 -0.254231 
49751 -0.333989 -0.100321 
49752 -0.339051 0.0526893 
49753 -0.344065 0.204848 
49754 -0.349137 0.35634 
49755 -0.174128 -0.246737 
49756 -0.179711 -0.0937135 
49757 -0.185041 0.0580865 
49758 -0.190517 0.209443 
49759 -0.195934 0.359874 
49760 -0.0215335 -0.239293 
49761 -0.0273092 -0.0873151 
49762 -0.0333237 0.0636463 
49763 -0.038966 0.21381 
49764 -0.0447853 0.363119 
49765 0.129074 -0.231844 
49766 0.122877 -0.0809703 
49767 0.11666 0.0688743 
49768 0.110411 0.218149 
49769 0.104412 0.366444 
49770 0.277775 -0.224481 
49771 0.270978 -0.0747538 
49772 0.264552 0.0741891 
49773 0.257969 0.222414 
49774 0.251447 0.369678 
49775 -0.328633 -0.253519 
49776 -0.334196 -0.100311 
49777 -0.339584 0.0520609 
49778 -0.344965 0.203587 
49779 -0.350465 0.354327 
49780 -0.17473 -0.245586 
49781 -0.180395 -0.0933254 
49782 -0.186286 0.0578766 
49783 -0.192096 0.208216 
49784 -0.197917 0.357928 
49785 -0.0226935 -0.237588 
49786 -0.0290018 -0.0864866 
49787 -0.0351695 0.0635521 
49788 -0.0414462 0.213015 
49789 -0.0475426 0.361614 
49790 0.126934 -0.229718 
49791 0.1203 -0.079899 
49792 0.113908 0.0690656 
49793 0.107241 0.217518 
49794 0.100762 0.36502 
49795 0.274489 -0.222096 
49796 0.267791 -0.0732695 
49797 0.260716 0.0749371 
49798 0.253841 0.222063 
49799 0.247016 0.368472 
49800 -0.328428 -0.252595 
49801 -0.334296 -0.100114 
49802 -0.340081 0.0514419 
49803 -0.345911 0.202399 
49804 -0.351676 0.352337 
49805 -0.175016 -0.244123 
49806 -0.181151 -0.0929513 
49807 -0.187568 0.0576594 
49808 -0.193667 0.207249 
49809 -0.199879 0.356127 
49810 -0.0239115 -0.235716 
49811 -0.0305252 -0.0856832 
49812 -0.0370855 0.0636569 
49813 -0.0436379 0.212214 
49814 -0.0501079 0.359979 
49815 0.124792 -0.227554 
49816 0.118078 -0.0785546 
49817 0.111068 0.0697629 
49818 0.104139 0.217119 
49819 0.097336 0.363828 
49820 0.271478 -0.219391 
49821 0.264185 -0.0714587 
49822 0.256965 0.0755271 
49823 0.249642 0.22188 
49824 0.242552 0.367496 
