49425 -0.333319 -0.250048 
49426 -0.333214 -0.0831444 
49427 -0.333404 0.0832863 
49428 -0.333302 0.250024 
49429 -0.3334 0.416701 
49430 -0.166637 -0.250019 
49431 -0.166697 -0.0833522 
49432 -0.166674 0.0832714 
49433 -0.166741 0.249976 
49434 -0.166712 0.416674 
49435 -7.21579e-05 -0.249991 
49436 -6.49543e-05 -0.083288 
49437 2.64331e-06 0.0834455 
49438 -8.51871e-05 0.249989 
49439 -1.97652e-05 0.416568 
49440 0.166715 -0.250017 
49441 0.166556 -0.0833319 
49442 0.166754 0.0833258 
49443 0.166847 0.250127 
49444 0.166572 0.416735 
49445 0.333339 -0.249898 
49446 0.3333 -0.0833458 
49447 0.333312 0.0833027 
49448 0.333239 0.250022 
49449 0.333274 0.416722 
49450 -0.33311 -0.250849 
49451 -0.333311 -0.0849408 
49452 -0.333605 0.0810817 
49453 -0.333721 0.246657 
49454 -0.334009 0.412293 
49455 -0.167206 -0.250217 
49456 -0.16735 -0.0844446 
49457 -0.167718 0.0813921 
49458 -0.168036 0.246833 
49459 -0.168271 0.41255 
49460 -0.00123427 -0.24972 
49461 -0.00156894 -0.0839486 
49462 -0.00199248 0.0816477 
49463 -0.00228219 0.247185 
49464 -0.00268246 0.412756 
49465 0.164234 -0.249341 
49466 0.163828 -0.0836025 
49467 0.163497 0.0819191 
49468 0.163087 0.247382 
49469 0.162739 0.412991 
49470 0.329764 -0.248868 
49471 0.329301 -0.0833298 
49472 0.328942 0.0822549 
49473 0.328626 0.247642 
49474 0.328047 0.412804 
49475 -0.332752 -0.251184 
49476 -0.333234 -0.0861291 
49477 -0.333924 0.0788051 
49478 -0.33434 0.243591 
49479 -0.334969 0.408273 
49480 -0.167544 -0.250374 
49481 -0.168125 -0.0854623 
49482 -0.168787 0.0793796 
49483 -0.169435 0.244015 
49484 -0.169999 0.408596 
49485 -0.00270266 -0.24942 
49486 -0.00319269 -0.0846158 
49487 -0.00387219 0.0800851 
49488 -0.00474597 0.244596 
49489 -0.00535475 0.408811 
49490 0.162134 -0.248548 
49491 0.16114 -0.0838315 
49492 0.160488 0.0806527 
49493 0.159629 0.244988 
49494 0.158997 0.409229 
49495 0.326379 -0.247615 
49496 0.325461 -0.0830539 
49497 0.324634 0.0813884 
49498 0.323716 0.24554 
49499 0.323007 0.409495 
49500 -0.332452 -0.251674 
49501 -0.333232 -0.0874247 
49502 -0.333944 0.0765649 
49503 -0.334874 0.240614 
49504 -0.335712 0.404073 
49505 -0.168038 -0.25029 
49506 -0.168779 -0.0861885 
49507 -0.169905 0.0776366 
49508 -0.170747 0.241338 
49509 -0.17174 0.404686 
49510 -0.00376715 -0.248905 
49511 -0.00497716 -0.0851275 
49512 -0.00597704 0.0785851 
49513 -0.0072108 0.242075 
49514 -0.00803618 0.405243 
49515 0.159853 -0.247542 
49516 0.158595 -0.083774 
49517 0.157325 0.0794024 
49518 0.156158 0.242852 
49519 0.154992 0.405848 
49520 0.32277 -0.246168 
49521 0.321619 -0.0827065 
49522 0.320375 0.080389 
49523 0.319035 0.243592 
49524 0.317874 0.406384 
49525 -0.332086 -0.252278 
49526 -0.333182 -0.088596 
49527 -0.334305 0.0748835 
49528 -0.335622 0.237399 
49529 -0.336666 0.400269 
49530 -0.168294 -0.250129 
49531 -0.169658 -0.0869055 
49532 -0.170856 0.0760063 
49533 -0.172088 0.238708 
49534 -0.173459 0.401108 
49535 -0.00512986 -0.248287 
49536 -0.00646312 -0.0855687 
49537 -0.00799256 0.0773542 
49538 -0.00942271 0.23951 
49539 -0.0107968 0.40172 
49540 0.157563 -0.246573 
49541 0.155931 -0.0838335 
49542 0.154225 0.0786138 
49543 0.152832 0.24082 
49544 0.151197 0.402513 
49545 0.319521 -0.244709 
49546 0.317885 -0.0822199 
49547 0.31603 0.0798713 
49548 0.314438 0.241817 
49549 0.312686 0.403277 
49550 -0.331815 -0.252296 
49551 -0.333181 -0.0895047 
49552 -0.334707 0.072819 
49553 -0.336066 0.234892 
49554 -0.337448 0.396658 
49555 -0.168615 -0.249926 
49556 -0.170282 -0.0876385 
49557 -0.171894 0.0744955 
49558 -0.173623 0.236064 
49559 -0.175242 0.397513 
49560 -0.00642005 -0.247808 
49561 -0.00807566 -0.0854745 
49562 -0.00998147 0.0759774 
49563 -0.0117523 0.237469 
49564 -0.0136873 0.398475 
49565 0.155342 -0.245467 
49566 0.153303 -0.0835979 
49567 0.151285 0.0777122 
49568 0.149456 0.23881 
49569 0.147421 0.399482 
49570 0.316394 -0.243018 
49571 0.314109 -0.081693 
49572 0.311942 0.0794593 
49573 0.309808 0.240103 
49574 0.307572 0.400375 
49575 -0.331436 -0.25242 
49576 -0.333214 -0.0906267 
49577 -0.334886 0.0712222 
49578 -0.33668 0.2322 
49579 -0.338588 0.393116 
49580 -0.169107 -0.2498 
49581 -0.171019 -0.0879894 
49582 -0.173031 0.0730029 
49583 -0.17506 0.233862 
49584 -0.176942 0.394167 
49585 -0.00766122 -0.246887 
49586 -0.0098106 -0.0857035 
49587 -0.0120141 0.0750298 
49588 -0.0141848 0.235437 
49589 -0.0163608 0.395305 
49590 0.153089 -0.2442 
49591 0.15074 -0.0831794 
49592 0.148288 0.07706 
49593 0.145908 0.236974 
49594 0.143574 0.396621 
49595 0.312898 -0.241314 
49596 0.310404 -0.0810415 
49597 0.307776 0.0789065 
49598 0.305232 0.238536 
49599 0.302707 0.397782 
49600 -0.330983 -0.25259 
49601 -0.333181 -0.0913606 
49602 -0.335271 0.0693976 
49603 -0.337426 0.229705 
49604 -0.339593 0.389631 
49605 -0.169677 -0.24918 
49606 -0.171853 -0.088392 
49607 -0.174129 0.071813 
49608 -0.17649 0.231681 
49609 -0.178824 0.391083 
49610 -0.00882398 -0.245909 
49611 -0.0114432 -0.0855547 
49612 -0.0139945 0.0741699 
49613 -0.0165509 0.233594 
49614 -0.0190502 0.392533 
49615 0.150693 -0.242753 
49616 0.147996 -0.0828723 
49617 0.14527 0.0765853 
49618 0.142547 0.235414 
49619 0.139744 0.394045 
49620 0.30971 -0.239514 
49621 0.306583 -0.0800476 
49622 0.303632 0.078792 
49623 0.300593 0.23738 
49624 0.297677 0.395191 
49625 -0.330821 -0.252497 
49626 -0.333241 -0.0920928 
49627 -0.335701 0.0680551 
49628 -0.338265 0.227515 
49629 -0.340466 0.386647 
49630 -0.170022 -0.24872 
49631 -0.17251 -0.0887932 
49632 -0.175216 0.0707398 
49633 -0.17806 0.229559 
49634 -0.180762 0.388031 
49635 -0.0100657 -0.244927 
49636 -0.0129437 -0.0854506 
49637 -0.0161782 0.0734019 
49638 -0.0188832 0.231819 
49639 -0.0218994 0.389784 
49640 0.148676 -0.241194 
49641 0.14554 -0.0823097 
49642 0.142282 0.0760813 
49643 0.139123 0.233931 
49644 0.136102 0.391396 
49645 0.306287 -0.237399 
49646 0.302964 -0.0790689 
49647 0.29962 0.0787569 
49648 0.296087 0.236117 
49649 0.292754 0.393015 
49650 -0.33042 -0.252274 
49651 -0.333259 -0.0924742 
49652 -0.336061 0.0666227 
49653 -0.33871 0.225331 
49654 -0.341753 0.383448 
49655 -0.170198 -0.248005 
49656 -0.173241 -0.0889206 
49657 -0.176317 0.0696033 
49658 -0.179493 0.227694 
49659 -0.182509 0.385325 
49660 -0.0113258 -0.243751 
49661 -0.0146813 -0.0852439 
49662 -0.0179068 0.0727218 
49663 -0.0213217 0.230283 
49664 -0.0245308 0.387117 
49665 0.146511 -0.239571 
49666 0.142879 -0.0817403 
49667 0.139357 0.0758297 
49668 0.135816 0.232634 
49669 0.132165 0.38905 
49670 0.302986 -0.235366 
49671 0.299273 -0.0780998 
49672 0.295509 0.0787942 
49673 0.291742 0.235058 
49674 0.288013 0.391025 
49675 -0.330001 -0.251899 
49676 -0.333228 -0.092991 
49677 -0.33657 0.065295 
49678 -0.339749 0.223162 
49679 -0.342748 0.380522 
49680 -0.170592 -0.247219 
49681 -0.174188 -0.088879 
49682 -0.177545 0.0688825 
49683 -0.180993 0.225947 
49684 -0.184423 0.382741 
49685 -0.0125684 -0.242405 
49686 -0.0162436 -0.0849266 
49687 -0.0199863 0.0721812 
49688 -0.0236873 0.228722 
49689 -0.027238 0.384838 
49690 0.144281 -0.237849 
49691 0.140346 -0.0807222 
49692 0.136358 0.0756487 
49693 0.132421 0.231571 
49694 0.128511 0.386943 
49695 0.299927 -0.233087 
49696 0.295614 -0.0767596 
49697 0.291566 0.0788801 
49698 0.287273 0.23424 
49699 0.283066 0.389037 
49700 -0.329777 -0.251416 
49701 -0.333329 -0.0932358 
49702 -0.336785 0.0642714 
49703 -0.34061 0.221339 
49704 -0.344156 0.377924 
49705 -0.171014 -0.24629 
49706 -0.174943 -0.0889195 
49707 -0.178776 0.067978 
49708 -0.182507 0.224458 
49709 -0.186322 0.380265 
49710 -0.0138063 -0.24115 
49711 -0.0178233 -0.0843598 
49712 -0.0219305 0.071755 
49713 -0.0259889 0.227306 
49714 -0.0300328 0.382584 
49715 0.142182 -0.235818 
49716 0.137912 -0.0800065 
49717 0.133407 0.0755625 
49718 0.129144 0.230478 
49719 0.124891 0.384911 
49720 0.296733 -0.23096 
49721 0.292122 -0.075552 
49722 0.28761 0.0793531 
49723 0.282867 0.233594 
49724 0.278356 0.387147 
49725 -0.329228 -0.251005 
49726 -0.333422 -0.0935624 
49727 -0.337255 0.0633004 
49728 -0.341277 0.219618 
49729 -0.345224 0.375401 
49730 -0.171378 -0.245205 
49731 -0.1757 -0.0886681 
49732 -0.17986 0.0674611 
49733 -0.184045 0.223055 
49734 -0.188264 0.377994 
49735 -0.0148593 -0.239553 
49736 -0.0192478 -0.0836806 
49737 -0.0238219 0.0715631 
49738 -0.0283624 0.226319 
49739 -0.0328131 0.38058 
49740 0.139987 -0.233941 
49741 0.135248 -0.0788282 
49742 0.13058 0.0756417 
49743 0.125916 0.229477 
49744 0.121296 0.38297 
49745 0.293458 -0.228405 
49746 0.288596 -0.0740986 
49747 0.283443 0.0796914 
49748 0.278595 0.232792 
49749 0.273624 0.385732 
49750 -0.329122 -0.250186 
49751 -0.333403 -0.0936497 
49752 -0.337754 0.0624405 
49753 -0.342117 0.217888 
49754 -0.346444 0.372982 
49755 -0.171652 -0.244056 
49756 -0.176401 -0.0883073 
49757 -0.180966 0.0670168 
49758 -0.185532 0.221692 
49759 -0.190058 0.375822 
49760 -0.0160997 -0.237838 
49761 -0.0210023 -0.0830329 
49762 -0.0258809 0.0714138 
49763 -0.0307145 0.225343 
49764 -0.0355108 0.378666 
49765 0.137821 -0.232017 
49766 0.132728 -0.0776665 
49767 0.127708 0.0758773 
49768 0.12253 0.22895 
49769 0.117534 0.381357 
49770 0.290155 -0.225835 
49771 0.284922 -0.0725351 
49772 0.279496 0.0802524 
49773 0.274195 0.232349 
49774 0.268953 0.38433 
49775 -0.328766 -0.249385 
49776 -0.333496 -0.0935308 
49777 -0.338201 0.0618392 
49778 -0.342987 0.216545 
49779 -0.34787 0.370729 
49780 -0.172232 -0.242848 
49781 -0.177201 -0.0877774 
49782 -0.182134 0.0664967 
49783 -0.187197 0.220597 
49784 -0.192061 0.37408 
49785 -0.0173425 -0.23623 
49786 -0.0227416 -0.0821049 
49787 -0.0278083 0.0714776 
49788 -0.0329133 0.224456 
49789 -0.0382779 0.376997 
49790 0.135672 -0.22973 
49791 0.130201 -0.0765252 
49792 0.12481 0.0762516 
49793 0.119556 0.228508 
49794 0.113889 0.380005 
49795 0.287105 -0.223356 
49796 0.281357 -0.0709362 
49797 0.27562 0.0808877 
49798 0.270085 0.232314 
49799 0.264429 0.383089 
49800 -0.328525 -0.248435 
49801 -0.333757 -0.0935057 
49802 -0.338721 0.0611664 
49803 -0.343921 0.215216 
49804 -0.3489 0.368837 
49805 -0.172511 -0.241543 
49806 -0.178016 -0.087196 
49807 -0.183295 0.0664719 
49808 -0.188723 0.219504 
49809 -0.194034 0.372036 
49810 -0.0186702 -0.234204 
49811 -0.0242664 -0.0812573 
49812 -0.0297793 0.071458 
49813 -0.0355163 0.223678 
49814 -0.0408807 0.375264 
49815 0.133513 -0.227486 
49816 0.12773 -0.0750342 
49817 0.121812 0.0765874 
49818 0.116061 0.227843 
49819 0.110483 0.378649 
49820 0.283874 -0.220622 
49821 0.277759 -0.0691104 
49822 0.271886 0.0817635 
49823 0.265696 0.232029 
49824 0.259862 0.381949 
49825 -0.328165 -0.247511 
49826 -0.333585 -0.0930845 
49827 -0.33924 0.0606829 
49828 -0.344798 0.21404 
49829 -0.350172 0.366846 
49830 -0.173068 -0.239981 
49831 -0.178752 -0.0867469 
49832 -0.184538 0.0661449 
49833 -0.190241 0.21863 
49834 -0.196011 0.370452 
49835 -0.0198126 -0.232426 
49836 -0.0257847 -0.0799736 
49837 -0.0316945 0.0716673 
49838 -0.0378125 0.223124 
49839 -0.0436526 0.373964 
49840 0.131348 -0.225077 
49841 0.125168 -0.0736905 
49842 0.119261 0.077146 
49843 0.113048 0.227492 
49844 0.106813 0.377483 
49845 0.280877 -0.217683 
49846 0.274515 -0.0673736 
49847 0.268022 0.0824524 
49848 0.261772 0.232013 
49849 0.255326 0.380937 
49850 -0.32777 -0.246228 
49851 -0.333642 -0.0927808 
49852 -0.339861 0.0604686 
49853 -0.345614 0.21297 
49854 -0.35156 0.365066 
49855 -0.17348 -0.238198 
49856 -0.179446 -0.0858755 
49857 -0.185708 0.0664454 
49858 -0.191773 0.217893 
49859 -0.197763 0.368929 
49860 -0.0209539 -0.230319 
49861 -0.0274007 -0.0789028 
49862 -0.0337412 0.0720785 
49863 -0.0399906 0.222535 
49864 -0.0461996 0.37273 
49865 0.129269 -0.22252 
49866 0.122752 -0.0720867 
49867 0.116277 0.0779074 
49868 0.109713 0.227384 
49869 0.103355 0.376531 
49870 0.277468 -0.214863 
49871 0.270952 -0.0655111 
49872 0.264219 0.0835373 
49873 0.257641 0.23201 
49874 0.250917 0.380098 
49875 -0.327576 -0.244794 
49876 -0.333925 -0.0921778 
49877 -0.340265 0.0601364 
49878 -0.346659 0.212037 
49879 -0.352812 0.363738 
49880 -0.173853 -0.236513 
49881 -0.180458 -0.0847608 
49882 -0.186851 0.0664776 
49883 -0.193256 0.217269 
49884 -0.199702 0.367641 
49885 -0.0221683 -0.228129 
49886 -0.0290157 -0.0777045 
49887 -0.0356935 0.0724626 
49888 -0.042175 0.222359 
49889 -0.0488051 0.371555 
49890 0.12721 -0.219943 
49891 0.120406 -0.070473 
49892 0.113373 0.0786671 
49893 0.106619 0.227258 
49894 0.0999802 0.375399 
49895 0.274632 -0.212009 
49896 0.26745 -0.0634645 
49897 0.260512 0.0846171 
49898 0.253513 0.232195 
49899 0.246617 0.379498 
49900 -0.32739 -0.243608 
49901 -0.333963 -0.0915119 
49902 -0.340799 0.0600828 
49903 -0.347417 0.211459 
49904 -0.354106 0.362214 
49905 -0.174319 -0.234696 
49906 -0.181091 -0.0838396 
49907 -0.187984 0.0666682 
49908 -0.19493 0.216713 
49909 -0.201748 0.366549 
49910 -0.0235182 -0.225981 
49911 -0.0305639 -0.0762944 
49912 -0.0375726 0.0732028 
49913 -0.0445303 0.222091 
49914 -0.0515127 0.370773 
49915 0.125002 -0.217414 
49916 0.117888 -0.0687241 
49917 0.110649 0.0795501 
49918 0.103616 0.227428 
49919 0.0964535 0.374927 
49920 0.27136 -0.208825 
49921 0.264063 -0.0612774 
49922 0.256758 0.0857896 
49923 0.249638 0.232609 
49924 0.242261 0.378999 
