49525 -0.33333 -0.250124 
49526 -0.333349 -0.0833118 
49527 -0.333314 0.08336 
49528 -0.333381 0.249916 
49529 -0.333288 0.41676 
49530 -0.166715 -0.249924 
49531 -0.166593 -0.08335 
49532 -0.166509 0.0832985 
49533 -0.166484 0.250073 
49534 -0.166716 0.416745 
49535 -9.60092e-05 -0.249983 
49536 0.000115154 -0.0833539 
49537 -0.000148488 0.0833478 
49538 1.68566e-06 0.25001 
49539 -0.000109038 0.416622 
49540 0.166666 -0.249955 
49541 0.166779 -0.0832787 
49542 0.166662 0.0833905 
49543 0.166622 0.249945 
49544 0.166616 0.416678 
49545 0.333381 -0.249992 
49546 0.33321 -0.0833945 
49547 0.333311 0.0832714 
49548 0.333333 0.25003 
49549 0.333313 0.416727 
49550 -0.332909 -0.250098 
49551 -0.3333 -0.0843823 
49552 -0.33368 0.0814335 
49553 -0.333864 0.247093 
49554 -0.334215 0.412695 
49555 -0.167023 -0.249784 
49556 -0.167339 -0.0839989 
49557 -0.167664 0.081736 
49558 -0.168155 0.247546 
49559 -0.168522 0.412991 
49560 -0.00134347 -0.249171 
49561 -0.00162751 -0.0835319 
49562 -0.00198741 0.0821469 
49563 -0.00236877 0.247709 
49564 -0.00266202 0.413326 
49565 0.164436 -0.248773 
49566 0.163889 -0.0829607 
49567 0.163595 0.0824721 
49568 0.163101 0.248037 
49569 0.162608 0.413591 
49570 0.329872 -0.248111 
49571 0.329387 -0.082606 
49572 0.328925 0.0828199 
49573 0.328481 0.248351 
49574 0.328077 0.41362 
49575 -0.33254 -0.250526 
49576 -0.333339 -0.085331 
49577 -0.333748 0.0795378 
49578 -0.334574 0.244484 
49579 -0.335145 0.409111 
49580 -0.167317 -0.24928 
49581 -0.167974 -0.0843543 
49582 -0.168789 0.0803148 
49583 -0.16961 0.245072 
49584 -0.170424 0.409668 
49585 -0.0024706 -0.248261 
49586 -0.00320201 -0.0834849 
49587 -0.00414605 0.0811092 
49588 -0.00484574 0.245628 
49589 -0.00561403 0.410028 
49590 0.162065 -0.247386 
49591 0.161264 -0.0827011 
49592 0.160418 0.0818846 
49593 0.159596 0.246129 
49594 0.158685 0.410539 
49595 0.326406 -0.246491 
49596 0.325556 -0.0819295 
49597 0.324599 0.0825138 
49598 0.32367 0.246859 
49599 0.322832 0.410889 
49600 -0.332245 -0.250296 
49601 -0.333208 -0.0861026 
49602 -0.334196 0.0780749 
49603 -0.33535 0.241907 
49604 -0.336238 0.405661 
49605 -0.167725 -0.248797 
49606 -0.168736 -0.0848619 
49607 -0.16982 0.078995 
49608 -0.171061 0.242771 
49609 -0.172201 0.406378 
49610 -0.00381065 -0.247458 
49611 -0.00486425 -0.0836215 
49612 -0.00614408 0.0800964 
49613 -0.00729483 0.243578 
49614 -0.00854101 0.40695 
49615 0.159893 -0.245822 
49616 0.158517 -0.082149 
49617 0.157371 0.0812879 
49618 0.155998 0.244541 
49619 0.154789 0.407732 
49620 0.323012 -0.244438 
49621 0.321702 -0.081024 
49622 0.320334 0.0822718 
49623 0.319098 0.245299 
49624 0.317699 0.408308 
49625 -0.331773 -0.250216 
49626 -0.333189 -0.0866625 
49627 -0.334456 0.0765315 
49628 -0.335824 0.239491 
49629 -0.337433 0.402372 
49630 -0.168045 -0.248211 
49631 -0.169443 -0.0852081 
49632 -0.171102 0.0778078 
49633 -0.172575 0.240803 
49634 -0.174056 0.403258 
49635 -0.00493565 -0.246173 
49636 -0.00653014 -0.0832691 
49637 -0.00811569 0.0791341 
49638 -0.00980649 0.24183 
49639 -0.011389 0.404081 
49640 0.157524 -0.244167 
49641 0.155911 -0.0815901 
49642 0.154294 0.0808938 
49643 0.152689 0.24313 
49644 0.150936 0.40503 
49645 0.31966 -0.242301 
49646 0.317835 -0.0799093 
49647 0.316156 0.0823047 
49648 0.314267 0.244314 
49649 0.31252 0.406005 
49650 -0.331438 -0.249852 
49651 -0.333194 -0.0873222 
49652 -0.33479 0.0749851 
49653 -0.336654 0.237297 
49654 -0.33845 0.399094 
49655 -0.168385 -0.24749 
49656 -0.170308 -0.0851525 
49657 -0.172208 0.076964 
49658 -0.174074 0.238669 
49659 -0.175915 0.4004 
49660 -0.00608568 -0.244925 
49661 -0.00820872 -0.082946 
49662 -0.0100928 0.0787273 
49663 -0.0120291 0.240253 
49664 -0.0141174 0.401548 
49665 0.15543 -0.242584 
49666 0.153405 -0.0808484 
49667 0.151207 0.0804957 
49668 0.149145 0.241689 
49669 0.147061 0.402468 
49670 0.316348 -0.239939 
49671 0.314067 -0.0787168 
49672 0.311823 0.0823986 
49673 0.309708 0.243132 
49674 0.307361 0.403668 
49675 -0.33087 -0.249612 
49676 -0.333154 -0.0877043 
49677 -0.335203 0.0738179 
49678 -0.337383 0.235171 
49679 -0.339596 0.396034 
49680 -0.168734 -0.246575 
49681 -0.171018 -0.084998 
49682 -0.173321 0.0760872 
49683 -0.175602 0.236942 
49684 -0.177776 0.397627 
49685 -0.00732604 -0.243553 
49686 -0.00978254 -0.0824909 
49687 -0.0121956 0.0782822 
49688 -0.0146369 0.238801 
49689 -0.0169588 0.398972 
49690 0.15313 -0.240597 
49691 0.150698 -0.0801256 
49692 0.148235 0.0803124 
49693 0.14568 0.240659 
49694 0.143118 0.400254 
49695 0.312936 -0.237677 
49696 0.310373 -0.0772769 
49697 0.307801 0.0825092 
49698 0.305054 0.2423 
49699 0.302595 0.401813 
49700 -0.330628 -0.249267 
49701 -0.333007 -0.088071 
49702 -0.335623 0.072777 
49703 -0.33817 0.23327 
49704 -0.340666 0.393443 
49705 -0.169092 -0.245712 
49706 -0.171715 -0.0850285 
49707 -0.174496 0.07521 
49708 -0.177113 0.235186 
49709 -0.179836 0.395241 
49710 -0.00862827 -0.242178 
49711 -0.0114558 -0.0820249 
49712 -0.0142137 0.0779393 
49713 -0.0168992 0.237304 
49714 -0.0197712 0.396685 
49715 0.150936 -0.23873 
49716 0.14801 -0.0790333 
49717 0.145163 0.0803833 
49718 0.1422 0.239486 
49719 0.139308 0.398191 
49720 0.309629 -0.234998 
49721 0.306617 -0.0761232 
49722 0.303575 0.0829311 
49723 0.300434 0.241546 
49724 0.297426 0.399876 
49725 -0.330237 -0.248543 
49726 -0.333077 -0.0883469 
49727 -0.33607 0.0716698 
49728 -0.338901 0.231499 
49729 -0.341934 0.390922 
49730 -0.169402 -0.244529 
49731 -0.172623 -0.0846866 
49732 -0.175408 0.0745574 
49733 -0.178597 0.233763 
49734 -0.181655 0.392754 
49735 -0.00991492 -0.240471 
49736 -0.0129922 -0.0813852 
49737 -0.0160077 0.0775167 
49738 -0.0193151 0.236187 
49739 -0.0225991 0.394636 
49740 0.148841 -0.236519 
49741 0.145495 -0.077814 
49742 0.142114 0.0804357 
49743 0.138774 0.238568 
49744 0.135607 0.396381 
49745 0.30643 -0.232587 
49746 0.303 -0.0744122 
49747 0.299589 0.0835006 
49748 0.296001 0.240982 
49749 0.292714 0.398292 
49750 -0.329705 -0.247836 
49751 -0.333158 -0.0884158 
49752 -0.336461 0.070618 
49753 -0.339664 0.229827 
49754 -0.343106 0.388428 
49755 -0.169647 -0.243328 
49756 -0.173192 -0.0844874 
49757 -0.176682 0.0742273 
49758 -0.180128 0.232541 
49759 -0.183612 0.390484 
49760 -0.0109758 -0.238909 
49761 -0.0145276 -0.0804861 
49762 -0.0180863 0.0774703 
49763 -0.0217016 0.235249 
49764 -0.0252398 0.392589 
49765 0.146612 -0.234406 
49766 0.143008 -0.0766782 
49767 0.139164 0.0807909 
49768 0.135626 0.237907 
49769 0.13184 0.394715 
49770 0.303093 -0.229957 
49771 0.299367 -0.0727829 
49772 0.295498 0.0838802 
49773 0.291618 0.240471 
49774 0.287812 0.396973 
49775 -0.329356 -0.246887 
49776 -0.333161 -0.0882584 
49777 -0.336838 0.070109 
49778 -0.340459 0.22825 
49779 -0.344288 0.386036 
49780 -0.170175 -0.241948 
49781 -0.174016 -0.084099 
49782 -0.177926 0.0737859 
49783 -0.181773 0.231201 
49784 -0.185505 0.388432 
49785 -0.0122035 -0.23693 
49786 -0.0161964 -0.0796872 
49787 -0.0202409 0.0775131 
49788 -0.0241084 0.234279 
49789 -0.0282355 0.390798 
49790 0.144466 -0.232105 
49791 0.140281 -0.0753463 
49792 0.136322 0.0811487 
49793 0.132175 0.237204 
49794 0.128068 0.393126 
49795 0.299853 -0.227139 
49796 0.295517 -0.070962 
49797 0.29147 0.0846109 
49798 0.28714 0.240249 
49799 0.282941 0.395465 
49800 -0.329229 -0.246084 
49801 -0.333248 -0.0881793 
49802 -0.337212 0.0696656 
49803 -0.341336 0.226837 
49804 -0.34566 0.384091 
49805 -0.170669 -0.240521 
49806 -0.174882 -0.0834627 
49807 -0.179038 0.0735045 
49808 -0.183323 0.230188 
49809 -0.187603 0.386679 
49810 -0.0134642 -0.234864 
49811 -0.0179385 -0.078623 
49812 -0.0220715 0.0776561 
49813 -0.0264637 0.233486 
49814 -0.0309026 0.389264 
49815 0.142272 -0.229766 
49816 0.137775 -0.073911 
49817 0.133475 0.0815792 
49818 0.128929 0.236733 
49819 0.124319 0.391827 
49820 0.2966 -0.224312 
49821 0.292007 -0.0692084 
49822 0.287371 0.0854424 
49823 0.282819 0.240045 
49824 0.278182 0.39434 
49825 -0.328789 -0.244893 
49826 -0.333313 -0.0876785 
49827 -0.337778 0.069038 
49828 -0.342363 0.225654 
49829 -0.346886 0.382034 
49830 -0.170905 -0.238962 
49831 -0.175595 -0.0824923 
49832 -0.180164 0.0734832 
49833 -0.184785 0.22941 
49834 -0.189441 0.384917 
49835 -0.0146413 -0.232955 
49836 -0.0193775 -0.0774969 
49837 -0.0241987 0.0778081 
49838 -0.0288295 0.232927 
49839 -0.0335795 0.387561 
49840 0.14017 -0.227171 
49841 0.135257 -0.0723309 
49842 0.130312 0.0822703 
49843 0.125572 0.236503 
49844 0.120766 0.390621 
49845 0.293285 -0.221468 
49846 0.288382 -0.0673036 
49847 0.283502 0.0864195 
49848 0.278446 0.240132 
49849 0.273609 0.393315 
49850 -0.328387 -0.24369 
49851 -0.333181 -0.0872975 
49852 -0.338277 0.0687889 
49853 -0.343146 0.224502 
49854 -0.348146 0.380186 
49855 -0.171192 -0.23737 
49856 -0.176422 -0.0817281 
49857 -0.181296 0.0734981 
49858 -0.186286 0.228605 
49859 -0.191437 0.383435 
49860 -0.0158863 -0.230888 
49861 -0.0210681 -0.0762283 
49862 -0.0260896 0.0782276 
49863 -0.0313228 0.232507 
49864 -0.0363604 0.386383 
49865 0.137891 -0.224639 
49866 0.132749 -0.0707569 
49867 0.127433 0.0829466 
49868 0.122386 0.236249 
49869 0.11706 0.389337 
49870 0.290216 -0.218315 
49871 0.284898 -0.0652511 
49872 0.279639 0.0874631 
49873 0.274188 0.240074 
49874 0.268955 0.392561 
49875 -0.328077 -0.242268 
49876 -0.333401 -0.0868172 
49877 -0.338572 0.0685938 
49878 -0.344095 0.223574 
49879 -0.349225 0.378677 
49880 -0.171721 -0.235408 
49881 -0.177081 -0.0807849 
49882 -0.182539 0.0736304 
49883 -0.187903 0.227904 
49884 -0.193355 0.38198 
49885 -0.0170989 -0.228552 
49886 -0.0225805 -0.0749101 
49887 -0.0280858 0.078687 
49888 -0.0335615 0.232066 
49889 -0.038947 0.38527 
49890 0.135842 -0.221883 
49891 0.130305 -0.0691714 
49892 0.124726 0.0837404 
49893 0.119117 0.236159 
49894 0.11357 0.388634 
49895 0.286984 -0.215222 
49896 0.281337 -0.0632897 
49897 0.275596 0.0887663 
49898 0.27001 0.24035 
49899 0.264361 0.391744 
49900 -0.327653 -0.240895 
49901 -0.333448 -0.0860957 
49902 -0.339152 0.06851 
49903 -0.344887 0.222856 
49904 -0.350759 0.377168 
49905 -0.17214 -0.233646 
49906 -0.177851 -0.0796891 
49907 -0.183624 0.0739316 
49908 -0.189515 0.227432 
49909 -0.195302 0.380774 
49910 -0.0182612 -0.226313 
49911 -0.0242423 -0.073357 
49912 -0.0299296 0.0794049 
49913 -0.0357183 0.231825 
49914 -0.0416677 0.384285 
49915 0.133635 -0.219069 
49916 0.127621 -0.0671616 
49917 0.121783 0.0847749 
49918 0.115948 0.236395 
49919 0.110082 0.387815 
49920 0.283674 -0.211994 
49921 0.277761 -0.0610456 
49922 0.27185 0.0898022 
49923 0.265933 0.240596 
49924 0.260124 0.391182 
49925 -0.327384 -0.239279 
49926 -0.333483 -0.0854001 
49927 -0.339712 0.0685377 
49928 -0.345756 0.222166 
49929 -0.351918 0.37592 
49930 -0.172525 -0.231524 
49931 -0.178719 -0.0784144 
49932 -0.184792 0.0742131 
49933 -0.191037 0.227073 
49934 -0.197195 0.379643 
49935 -0.0194309 -0.223842 
49936 -0.025748 -0.0718174 
49937 -0.0319608 0.0800616 
49938 -0.0381929 0.231688 
49939 -0.0441935 0.383405 
49940 0.131449 -0.216312 
49941 0.125179 -0.0652136 
49942 0.119051 0.0857799 
49943 0.112944 0.236406 
49944 0.106636 0.387167 
49945 0.280424 -0.208871 
49946 0.274319 -0.0586785 
49947 0.267926 0.0912214 
49948 0.261981 0.24104 
49949 0.255576 0.390779 
49950 -0.327159 -0.237486 
49951 -0.333773 -0.0843838 
49952 -0.340212 0.0688021 
49953 -0.346759 0.22173 
49954 -0.353279 0.374704 
49955 -0.172874 -0.229255 
49956 -0.179606 -0.0771666 
49957 -0.185951 0.074821 
49958 -0.19263 0.226889 
49959 -0.199141 0.378757 
49960 -0.0208389 -0.221324 
49961 -0.0272147 -0.0702052 
49962 -0.0340232 0.0809073 
49963 -0.0403599 0.231899 
49964 -0.0470603 0.382724 
49965 0.129205 -0.213403 
49966 0.122816 -0.0632868 
49967 0.116115 0.0867132 
49968 0.10973 0.236798 
49969 0.10318 0.38665 
49970 0.277372 -0.205512 
49971 0.270753 -0.0564153 
49972 0.264365 0.0927315 
49973 0.257839 0.241541 
49974 0.251306 0.390449 
49975 -0.326918 -0.235675 
49976 -0.333882 -0.0832556 
49977 -0.340763 0.0691117 
49978 -0.347682 0.221385 
49979 -0.354608 0.373648 
49980 -0.173456 -0.227083 
49981 -0.180352 -0.0757469 
49982 -0.187187 0.0755346 
49983 -0.194208 0.226592 
49984 -0.201046 0.377975 
49985 -0.0222252 -0.218681 
49986 -0.0289708 -0.0683848 
49987 -0.0359159 0.0816647 
49988 -0.0426531 0.231871 
49989 -0.0496578 0.382167 
49990 0.127104 -0.210405 
49991 0.120309 -0.0611221 
49992 0.113418 0.0879586 
49993 0.1067 0.23707 
49994 0.0997883 0.386234 
49995 0.274133 -0.201924 
49996 0.26727 -0.0540337 
49997 0.260599 0.0941134 
49998 0.253875 0.242149 
49999 0.247118 0.390283 
50000 -0.326599 -0.233741 
50001 -0.333835 -0.0821544 
50002 -0.341213 0.0695795 
50003 -0.348525 0.221164 
50004 -0.35593 0.372863 
50005 -0.173828 -0.22482 
50006 -0.181118 -0.0742368 
50007 -0.188456 0.0760656 
50008 -0.19578 0.22675 
50009 -0.202919 0.377268 
50010 -0.0233823 -0.215973 
50011 -0.0305604 -0.0666699 
50012 -0.0377149 0.0827342 
50013 -0.0448428 0.232203 
50014 -0.0519497 0.381798 
50015 0.124877 -0.207266 
50016 0.117677 -0.0589935 
50017 0.11073 0.0892781 
50018 0.103497 0.237587 
50019 0.0964452 0.385907 
50020 0.270907 -0.198842 
50021 0.263853 -0.051655 
50022 0.256922 0.0957404 
50023 0.249835 0.242908 
50024 0.242967 0.390389 
