49925 -0.333262 -0.249996 
49926 -0.333311 -0.0833559 
49927 -0.333266 0.0833127 
49928 -0.333256 0.249947 
49929 -0.333179 0.416717 
49930 -0.166553 -0.250014 
49931 -0.166598 -0.083243 
49932 -0.166602 0.0832713 
49933 -0.166712 0.249975 
49934 -0.166552 0.4168 
49935 -2.83425e-05 -0.249968 
49936 1.51848e-05 -0.0834102 
49937 -5.2661e-05 0.083447 
49938 -1.89462e-05 0.249945 
49939 6.95146e-05 0.416812 
49940 0.166767 -0.249946 
49941 0.166617 -0.0832833 
49942 0.166615 0.0834516 
49943 0.166631 0.249944 
49944 0.166663 0.416793 
49945 0.333284 -0.250077 
49946 0.333395 -0.0833376 
49947 0.333357 0.0833656 
49948 0.333322 0.250122 
49949 0.33334 0.416731 
49950 -0.332839 -0.247894 
49951 -0.333245 -0.0822105 
49952 -0.33359 0.0836802 
49953 -0.334137 0.249383 
49954 -0.334646 0.415304 
49955 -0.166888 -0.247523 
49956 -0.167398 -0.0817706 
49957 -0.167706 0.0839435 
49958 -0.168114 0.249871 
49959 -0.168693 0.415553 
49960 -0.00122937 -0.246971 
49961 -0.00148654 -0.0813636 
49962 -0.0020364 0.0843492 
49963 -0.00238411 0.249984 
49964 -0.00272587 0.415829 
49965 0.164391 -0.246441 
49966 0.16402 -0.0810265 
49967 0.16352 0.0847324 
49968 0.163256 0.25039 
49969 0.162852 0.416098 
49970 0.329892 -0.24582 
49971 0.329455 -0.0805304 
49972 0.329122 0.0849942 
49973 0.328677 0.250647 
49974 0.328333 0.416326 
49975 -0.332168 -0.245871 
49976 -0.333083 -0.0810881 
49977 -0.333941 0.0839458 
49978 -0.334791 0.248956 
49979 -0.335822 0.414244 
49980 -0.167132 -0.24484 
49981 -0.167973 -0.0801308 
49982 -0.168836 0.0847218 
49983 -0.169722 0.249617 
49984 -0.170533 0.414556 
49985 -0.00221215 -0.243755 
49986 -0.00315646 -0.0793123 
49987 -0.00395873 0.0853697 
49988 -0.00481159 0.250098 
49989 -0.00563997 0.414995 
49990 0.161923 -0.242925 
49991 0.161362 -0.078462 
49992 0.160619 0.0860191 
49993 0.159886 0.250703 
49994 0.159071 0.41555 
49995 0.326288 -0.241904 
49996 0.325556 -0.0775299 
49997 0.324856 0.0868506 
49998 0.324221 0.251438 
49999 0.323463 0.416023 
50000 -0.331599 -0.243644 
50001 -0.332977 -0.079696 
50002 -0.334283 0.0844731 
50003 -0.335622 0.24869 
50004 -0.337031 0.413249 
50005 -0.167377 -0.242238 
50006 -0.168665 -0.078484 
50007 -0.169932 0.0854787 
50008 -0.171247 0.249582 
50009 -0.172482 0.413749 
50010 -0.00363637 -0.24056 
50011 -0.00475149 -0.0771615 
50012 -0.00595753 0.086542 
50013 -0.007063 0.25045 
50014 -0.00843293 0.414477 
50015 0.1598 -0.239238 
50016 0.158697 -0.075843 
50017 0.157465 0.0876705 
50018 0.156294 0.251418 
50019 0.155371 0.415221 
50020 0.322728 -0.23766 
50021 0.321753 -0.0745817 
50022 0.320831 0.0887534 
50023 0.31955 0.252289 
50024 0.318589 0.415875 
50025 -0.331031 -0.241278 
50026 -0.332863 -0.0782004 
50027 -0.334689 0.085051 
50028 -0.336463 0.248523 
50029 -0.338313 0.412272 
50030 -0.167658 -0.239392 
50031 -0.16929 -0.0764119 
50032 -0.171074 0.0865623 
50033 -0.172667 0.249682 
50034 -0.174375 0.413157 
50035 -0.00470219 -0.23745 
50036 -0.00627876 -0.0748778 
50037 -0.00797604 0.0878494 
50038 -0.00942139 0.250809 
50039 -0.0109972 0.414062 
50040 0.157469 -0.23533 
50041 0.156083 -0.0731938 
50042 0.154598 0.0891346 
50043 0.153051 0.252045 
50044 0.151751 0.414939 
50045 0.319156 -0.233502 
50046 0.31788 -0.0714772 
50047 0.316653 0.0908528 
50048 0.315324 0.25314 
50049 0.313762 0.415855 
50050 -0.330585 -0.238938 
50051 -0.332873 -0.0766349 
50052 -0.335187 0.0857466 
50053 -0.337246 0.248597 
50054 -0.339404 0.411796 
50055 -0.167899 -0.236429 
50056 -0.170023 -0.0745361 
50057 -0.172098 0.0875165 
50058 -0.174187 0.250038 
50059 -0.176214 0.412813 
50060 -0.00599856 -0.234084 
50061 -0.00790572 -0.0725994 
50062 -0.00993009 0.0893121 
50063 -0.0118339 0.251518 
50064 -0.0136802 0.413746 
50065 0.155121 -0.231661 
50066 0.153391 -0.0704852 
50067 0.151791 0.0910034 
50068 0.149918 0.252756 
50069 0.148248 0.414847 
50070 0.315752 -0.229267 
50071 0.314113 -0.068469 
50072 0.31253 0.0926821 
50073 0.31092 0.254146 
50074 0.309261 0.4159 
50075 -0.329929 -0.236236 
50076 -0.33269 -0.0751122 
50077 -0.335419 0.0865795 
50078 -0.338061 0.24868 
50079 -0.340727 0.411106 
50080 -0.168346 -0.233509 
50081 -0.170637 -0.0725694 
50082 -0.173265 0.0886394 
50083 -0.17553 0.250248 
50084 -0.178105 0.412302 
50085 -0.00736651 -0.230503 
50086 -0.00971796 -0.070112 
50087 -0.0118402 0.0908609 
50088 -0.0141596 0.252087 
50089 -0.0163748 0.413539 
50090 0.152814 -0.227902 
50091 0.150852 -0.0677399 
50092 0.148734 0.0927619 
50093 0.146663 0.253707 
50094 0.144647 0.41485 
50095 0.312277 -0.225074 
50096 0.31034 -0.065209 
50097 0.3086 0.0947953 
50098 0.306708 0.255338 
50099 0.304749 0.416016 
50100 -0.329527 -0.233645 
50101 -0.332584 -0.0732987 
50102 -0.335685 0.0876712 
50103 -0.338798 0.248897 
50104 -0.341768 0.410705 
50105 -0.168606 -0.230285 
50106 -0.171517 -0.0704242 
50107 -0.174255 0.0900175 
50108 -0.177022 0.250938 
50109 -0.179917 0.412099 
50110 -0.00856875 -0.227142 
50111 -0.0111289 -0.0675881 
50112 -0.0136998 0.0923683 
50113 -0.016216 0.252691 
50114 -0.0188889 0.413666 
50115 0.150558 -0.223849 
50116 0.148191 -0.064942 
50117 0.145892 0.0945629 
50118 0.143493 0.254549 
50119 0.141218 0.414983 
50120 0.308846 -0.220781 
50121 0.30665 -0.0620878 
50122 0.304555 0.0969624 
50123 0.302303 0.25643 
50124 0.300248 0.416365 
50125 -0.329039 -0.230868 
50126 -0.332583 -0.0714708 
50127 -0.33609 0.0887457 
50128 -0.339506 0.249371 
50129 -0.343098 0.410486 
50130 -0.168961 -0.227091 
50131 -0.171942 -0.0681227 
50132 -0.175317 0.0912675 
50133 -0.178464 0.251398 
50134 -0.1818 0.412085 
50135 -0.00980915 -0.223476 
50136 -0.0127309 -0.0649825 
50137 -0.0156108 0.0938558 
50138 -0.0186082 0.25361 
50139 -0.02132 0.413662 
50140 0.148202 -0.219997 
50141 0.145585 -0.0620814 
50142 0.143077 0.0965204 
50143 0.140518 0.255698 
50144 0.137781 0.415142 
50145 0.305395 -0.21618 
50146 0.303027 -0.0588098 
50147 0.300688 0.0991352 
50148 0.298368 0.257677 
50149 0.295953 0.416718 
50150 -0.328698 -0.228222 
50151 -0.332502 -0.0693005 
50152 -0.336462 0.0899166 
50153 -0.340318 0.249868 
50154 -0.344101 0.410404 
50155 -0.169413 -0.223873 
50156 -0.172832 -0.0659096 
50157 -0.176295 0.0927567 
50158 -0.179986 0.252127 
50159 -0.183323 0.412195 
50160 -0.0111923 -0.219944 
50161 -0.0142072 -0.0624685 
50162 -0.0175257 0.0957888 
50163 -0.020807 0.254334 
50164 -0.0239059 0.413929 
50165 0.14612 -0.21598 
50166 0.143192 -0.0590244 
50167 0.140258 0.0984598 
50168 0.137338 0.256663 
50169 0.13453 0.415603 
50170 0.301853 -0.211981 
50171 0.299484 -0.0556876 
50172 0.296707 0.101324 
50173 0.294298 0.258969 
50174 0.291694 0.417147 
50175 -0.328381 -0.225101 
50176 -0.332556 -0.0672704 
50177 -0.336757 0.0912726 
50178 -0.340877 0.25067 
50179 -0.345245 0.410415 
50180 -0.169739 -0.22069 
50181 -0.173582 -0.0634923 
50182 -0.17742 0.0944091 
50183 -0.18122 0.253105 
50184 -0.185192 0.412327 
50185 -0.0124878 -0.216331 
50186 -0.0159176 -0.0597785 
50187 -0.0193931 0.0975077 
50188 -0.0228827 0.255512 
50189 -0.0262379 0.414222 
50190 0.143716 -0.212176 
50191 0.140475 -0.0559779 
50192 0.137443 0.100517 
50193 0.134327 0.257994 
50194 0.131254 0.415984 
50195 0.298497 -0.207756 
50196 0.295678 -0.0524203 
50197 0.293061 0.10361 
50198 0.290235 0.260297 
50199 0.287425 0.417691 
50200 -0.328057 -0.222087 
50201 -0.332528 -0.0649039 
50202 -0.336855 0.09257 
50203 -0.341708 0.251243 
50204 -0.346418 0.410711 
50205 -0.170293 -0.217372 
50206 -0.174323 -0.0610493 
50207 -0.178364 0.0961087 
50208 -0.182634 0.25394 
50209 -0.186747 0.412628 
50210 -0.0137406 -0.212652 
50211 -0.0174045 -0.0571984 
50212 -0.0211645 0.0992956 
50213 -0.024872 0.256582 
50214 -0.0286469 0.41444 
50215 0.141183 -0.207949 
50216 0.137878 -0.0530591 
50217 0.134654 0.102709 
50218 0.131451 0.259123 
50219 0.128037 0.416559 
50220 0.295033 -0.203418 
50221 0.292075 -0.0490723 
50222 0.289362 0.105861 
50223 0.28628 0.261754 
50224 0.283494 0.418262 
50225 -0.327739 -0.218837 
50226 -0.332696 -0.0628134 
50227 -0.33746 0.0941529 
50228 -0.342479 0.252161 
50229 -0.347366 0.410929 
50230 -0.170743 -0.213947 
50231 -0.175192 -0.0585472 
50232 -0.179546 0.0978001 
50233 -0.183936 0.254901 
50234 -0.188416 0.412945 
50235 -0.0151999 -0.209027 
50236 -0.0191497 -0.0543034 
50237 -0.0230447 0.101242 
50238 -0.0269504 0.257613 
50239 -0.0309631 0.415057 
50240 0.13895 -0.203953 
50241 0.13526 -0.0499896 
50242 0.131951 0.104815 
50243 0.128378 0.260444 
50244 0.124922 0.417043 
50245 0.291616 -0.199088 
50246 0.288652 -0.0458698 
50247 0.285435 0.108124 
50248 0.282338 0.26313 
50249 0.279418 0.419065 
50250 -0.327551 -0.215742 
50251 -0.332765 -0.0604638 
50252 -0.337858 0.095777 
50253 -0.343188 0.253069 
50254 -0.348509 0.411419 
50255 -0.171161 -0.210465 
50256 -0.175862 -0.0559344 
50257 -0.18064 0.0995155 
50258 -0.18531 0.256058 
50259 -0.190091 0.413568 
50260 -0.0164603 -0.205047 
50261 -0.0206491 -0.0514877 
50262 -0.0248856 0.103293 
50263 -0.0289984 0.258938 
50264 -0.0332404 0.415524 
50265 0.136687 -0.199914 
50266 0.132953 -0.046951 
50267 0.129334 0.10701 
50268 0.125599 0.261732 
50269 0.121905 0.417716 
50270 0.288292 -0.194871 
50271 0.285102 -0.0425891 
50272 0.281889 0.110557 
50273 0.278739 0.264529 
50274 0.275468 0.419705 
50275 -0.327247 -0.212401 
50276 -0.332875 -0.0579537 
50277 -0.338479 0.0975181 
50278 -0.34391 0.254095 
50279 -0.349434 0.412063 
50280 -0.171923 -0.206935 
50281 -0.176702 -0.0532743 
50282 -0.181566 0.101438 
50283 -0.186574 0.257101 
50284 -0.191628 0.414003 
50285 -0.018016 -0.201333 
50286 -0.0223325 -0.048576 
50287 -0.0265627 0.105279 
50288 -0.0310387 0.260118 
50289 -0.0353667 0.416346 
50290 0.134155 -0.195939 
50291 0.130403 -0.0440086 
50292 0.12666 0.108968 
50293 0.12292 0.263185 
50294 0.118946 0.418483 
50295 0.28482 -0.190485 
50296 0.281533 -0.0394336 
50297 0.278223 0.112882 
50298 0.274909 0.266109 
50299 0.271545 0.420414 
50300 -0.327164 -0.209184 
50301 -0.33287 -0.0555812 
50302 -0.338585 0.099464 
50303 -0.34449 0.255308 
50304 -0.350408 0.412496 
50305 -0.17239 -0.203328 
50306 -0.177477 -0.0505288 
50307 -0.182587 0.103408 
50308 -0.187865 0.258427 
50309 -0.193098 0.414723 
50310 -0.0193848 -0.197656 
50311 -0.0238349 -0.0456104 
50312 -0.0283372 0.107374 
50313 -0.0331374 0.261549 
50314 -0.0374775 0.41695 
50315 0.131783 -0.191911 
50316 0.127948 -0.0408098 
50317 0.124039 0.111239 
50318 0.120022 0.2646 
50319 0.115949 0.419128 
50320 0.281256 -0.186281 
50321 0.277983 -0.0360835 
50322 0.274692 0.115092 
50323 0.271313 0.267688 
50324 0.267949 0.421306 
50325 -0.326977 -0.205795 
50326 -0.333119 -0.052995 
50327 -0.338883 0.10112 
50328 -0.345151 0.256595 
50329 -0.351316 0.413333 
50330 -0.172888 -0.199736 
50331 -0.178359 -0.0478726 
50332 -0.183558 0.105286 
50333 -0.189096 0.259634 
50334 -0.194664 0.415477 
50335 -0.0209738 -0.193714 
50336 -0.0254466 -0.0428969 
50337 -0.0302183 0.109435 
50338 -0.0349344 0.26298 
50339 -0.0397335 0.417721 
50340 0.12948 -0.18791 
50341 0.125388 -0.0377709 
50342 0.121447 0.113463 
50343 0.11752 0.266024 
50344 0.113103 0.419965 
50345 0.277853 -0.182022 
50346 0.274632 -0.0329614 
50347 0.271073 0.11755 
50348 0.267686 0.269133 
50349 0.264051 0.422036 
50350 -0.326883 -0.202362 
50351 -0.333178 -0.0503042 
50352 -0.339414 0.103116 
50353 -0.345934 0.257997 
50354 -0.352394 0.414081 
50355 -0.173704 -0.196191 
50356 -0.179156 -0.0451409 
50357 -0.184534 0.107352 
50358 -0.190415 0.261116 
50359 -0.196027 0.416327 
50360 -0.0222369 -0.18992 
50361 -0.0271452 -0.0397892 
50362 -0.0319136 0.111582 
50363 -0.0369811 0.264415 
50364 -0.0418269 0.418533 
50365 0.127019 -0.183679 
50366 0.122857 -0.0346723 
50367 0.118867 0.11579 
50368 0.114687 0.26752 
50369 0.110364 0.420697 
50370 0.274469 -0.178008 
50371 0.271091 -0.0297256 
50372 0.267642 0.119773 
50373 0.264167 0.270799 
50374 0.260597 0.42288 
50375 -0.326689 -0.198704 
50376 -0.333408 -0.0476442 
50377 -0.339907 0.104998 
50378 -0.346468 0.259306 
50379 -0.353138 0.415122 
50380 -0.174381 -0.192488 
50381 -0.179941 -0.0423905 
50382 -0.185704 0.10938 
50383 -0.191576 0.262602 
50384 -0.197401 0.417295 
50385 -0.0236854 -0.186209 
50386 -0.0286378 -0.0368999 
50387 -0.0338302 0.113694 
50388 -0.0386748 0.265879 
50389 -0.0438699 0.419291 
50390 0.124631 -0.179963 
50391 0.120406 -0.0318179 
50392 0.116397 0.117913 
50393 0.1119 0.269078 
50394 0.107657 0.421672 
50395 0.271135 -0.173659 
50396 0.267576 -0.0265261 
50397 0.264125 0.122059 
50398 0.260722 0.272244 
50399 0.257143 0.423762 
50400 -0.326696 -0.195432 
50401 -0.333515 -0.0449521 
50402 -0.340238 0.106986 
50403 -0.34696 0.260681 
50404 -0.353965 0.415981 
50405 -0.174903 -0.188749 
50406 -0.180708 -0.0393969 
50407 -0.186673 0.111514 
50408 -0.192663 0.264158 
50409 -0.198747 0.418136 
50410 -0.0253631 -0.182415 
50411 -0.030398 -0.0339917 
50412 -0.0354576 0.115884 
50413 -0.0404067 0.267407 
50414 -0.0457432 0.420373 
50415 0.122205 -0.175958 
50416 0.118064 -0.0286134 
50417 0.113734 0.120253 
50418 0.109272 0.270536 
50419 0.105105 0.42268 
50420 0.26762 -0.169742 
50421 0.264186 -0.023284 
50422 0.260712 0.124426 
50423 0.257428 0.273771 
50424 0.253709 0.424714 
