50025 -0.333448 -0.249904 
50026 -0.333312 -0.08334 
50027 -0.333393 0.0833325 
50028 -0.33343 0.249945 
50029 -0.333369 0.416586 
50030 -0.166724 -0.250054 
50031 -0.166689 -0.0833366 
50032 -0.166765 0.0833729 
50033 -0.166614 0.249964 
50034 -0.166667 0.416711 
50035 -1.15352e-06 -0.250026 
50036 -9.0819e-05 -0.0833781 
50037 2.47704e-05 0.0833988 
50038 5.77287e-07 0.249997 
50039 6.84177e-05 0.416763 
50040 0.166684 -0.249944 
50041 0.166701 -0.083468 
50042 0.166819 0.0833964 
50043 0.166655 0.249984 
50044 0.166603 0.416685 
50045 0.333355 -0.250052 
50046 0.333253 -0.083384 
50047 0.333237 0.0833661 
50048 0.333321 0.249921 
50049 0.333261 0.416713 
50050 -0.33279 -0.247358 
50051 -0.333081 -0.0817245 
50052 -0.333619 0.0841832 
50053 -0.33406 0.250022 
50054 -0.334438 0.416049 
50055 -0.166848 -0.247054 
50056 -0.167311 -0.0812773 
50057 -0.167663 0.0844638 
50058 -0.168124 0.250217 
50059 -0.168437 0.416134 
50060 -0.00128668 -0.246439 
50061 -0.00144134 -0.0808576 
50062 -0.00199934 0.0846808 
50063 -0.00233854 0.250439 
50064 -0.00280448 0.4163 
50065 0.164429 -0.246065 
50066 0.163996 -0.0804824 
50067 0.163701 0.0851633 
50068 0.163362 0.250811 
50069 0.163028 0.416569 
50070 0.329686 -0.24554 
50071 0.329509 -0.0801259 
50072 0.329187 0.0855094 
50073 0.328773 0.251036 
50074 0.328518 0.416684 
50075 -0.332146 -0.244755 
50076 -0.333028 -0.0797839 
50077 -0.333994 0.0850914 
50078 -0.334782 0.25013 
50079 -0.335706 0.41554 
50080 -0.167082 -0.243803 
50081 -0.167848 -0.0792288 
50082 -0.168885 0.0857025 
50083 -0.169631 0.25065 
50084 -0.170337 0.415829 
50085 -0.00243966 -0.242965 
50086 -0.00314526 -0.0783368 
50087 -0.00391697 0.0863554 
50088 -0.00452167 0.251125 
50089 -0.00538955 0.416146 
50090 0.162058 -0.24191 
50091 0.161347 -0.0774893 
50092 0.160579 0.0868914 
50093 0.16005 0.251649 
50094 0.15945 0.416518 
50095 0.326088 -0.240999 
50096 0.325558 -0.076858 
50097 0.32499 0.0876934 
50098 0.324306 0.252276 
50099 0.323928 0.416853 
50100 -0.331579 -0.241949 
50101 -0.332894 -0.0781275 
50102 -0.334197 0.0861008 
50103 -0.335514 0.250224 
50104 -0.336791 0.414962 
50105 -0.167518 -0.240594 
50106 -0.16869 -0.0768879 
50107 -0.16979 0.0869494 
50108 -0.170902 0.251166 
50109 -0.172274 0.41553 
50110 -0.00373138 -0.239301 
50111 -0.00474554 -0.0758811 
50112 -0.00580667 0.0879609 
50113 -0.00675536 0.25181 
50114 -0.00794664 0.415985 
50115 0.159763 -0.237902 
50116 0.15861 -0.0745348 
50117 0.157857 0.088897 
50118 0.156868 0.252608 
50119 0.155787 0.416784 
50120 0.32255 -0.236556 
50121 0.321707 -0.0734028 
50122 0.320944 0.0898838 
50123 0.320067 0.253443 
50124 0.31921 0.417233 
50125 -0.331048 -0.239128 
50126 -0.332807 -0.0761814 
50127 -0.334534 0.0871503 
50128 -0.336212 0.250767 
50129 -0.33794 0.414768 
50130 -0.167641 -0.237317 
50131 -0.169365 -0.0746622 
50132 -0.170831 0.0882403 
50133 -0.172369 0.25181 
50134 -0.173965 0.415588 
50135 -0.00488498 -0.235524 
50136 -0.00621178 -0.0730009 
50137 -0.0079208 0.0897021 
50138 -0.009133 0.252751 
50139 -0.0104116 0.416169 
50140 0.157452 -0.233833 
50141 0.15606 -0.0716677 
50142 0.154996 0.0908565 
50143 0.153579 0.253886 
50144 0.152281 0.416879 
50145 0.31891 -0.232074 
50146 0.317964 -0.069979 
50147 0.317039 0.0920218 
50148 0.315881 0.254687 
50149 0.314837 0.417594 
50150 -0.330563 -0.236222 
50151 -0.332651 -0.074139 
50152 -0.334745 0.0884456 
50153 -0.33698 0.251417 
50154 -0.339061 0.414516 
50155 -0.167927 -0.23396 
50156 -0.169954 -0.0723193 
50157 -0.171783 0.089816 
50158 -0.17391 0.252514 
50159 -0.1757 0.415598 
50160 -0.0063398 -0.23181 
50161 -0.00783898 -0.0705813 
50162 -0.00953543 0.0914876 
50163 -0.0113357 0.253653 
50164 -0.0130399 0.416248 
50165 0.154926 -0.229604 
50166 0.153542 -0.0686708 
50167 0.152014 0.0929045 
50168 0.15061 0.254816 
50169 0.14894 0.417123 
50170 0.315477 -0.227412 
50171 0.314276 -0.0666988 
50172 0.312823 0.0944614 
50173 0.311569 0.255898 
50174 0.310372 0.417925 
50175 -0.330064 -0.233157 
50176 -0.332636 -0.0720552 
50177 -0.33516 0.0896719 
50178 -0.337635 0.25199 
50179 -0.34015 0.414577 
50180 -0.168381 -0.230668 
50181 -0.170701 -0.0698509 
50182 -0.172716 0.091581 
50183 -0.175132 0.253311 
50184 -0.17728 0.41561 
50185 -0.00756524 -0.228128 
50186 -0.00945598 -0.0676157 
50187 -0.0115308 0.093251 
50188 -0.013507 0.25481 
50189 -0.0154695 0.4167 
50190 0.152533 -0.225574 
50191 0.150784 -0.0654735 
50192 0.149188 0.0950199 
50193 0.14739 0.256061 
50194 0.145594 0.417673 
50195 0.311961 -0.223027 
50196 0.310617 -0.0633773 
50197 0.308981 0.0967443 
50198 0.307595 0.257456 
50199 0.306066 0.418452 
50200 -0.329602 -0.230039 
50201 -0.33256 -0.0696837 
50202 -0.335319 0.0912288 
50203 -0.338186 0.25274 
50204 -0.341223 0.414885 
50205 -0.168768 -0.22704 
50206 -0.171393 -0.0671814 
50207 -0.174038 0.0931944 
50208 -0.176442 0.254344 
50209 -0.179076 0.415858 
50210 -0.0088229 -0.224161 
50211 -0.0111704 -0.0649028 
50212 -0.0133215 0.0952333 
50213 -0.0156409 0.255673 
50214 -0.0179466 0.417109 
50215 0.150253 -0.221238 
50216 0.148232 -0.0622886 
50217 0.14637 0.0972173 
50218 0.14437 0.257317 
50219 0.142443 0.417967 
50220 0.308492 -0.218381 
50221 0.306725 -0.060004 
50222 0.305128 0.0992296 
50223 0.303424 0.258796 
50224 0.301699 0.419257 
50225 -0.329222 -0.226877 
50226 -0.332613 -0.0674635 
50227 -0.335725 0.0927495 
50228 -0.339079 0.253586 
50229 -0.342136 0.415178 
50230 -0.169228 -0.223547 
50231 -0.171976 -0.0646264 
50232 -0.174859 0.0949789 
50233 -0.17785 0.255268 
50234 -0.180673 0.416284 
50235 -0.0101536 -0.220316 
50236 -0.0125573 -0.0620405 
50237 -0.0151025 0.097321 
50238 -0.017611 0.256805 
50239 -0.0201335 0.41748 
50240 0.147736 -0.217064 
50241 0.145751 -0.0592147 
50242 0.143546 0.099431 
50243 0.141396 0.258659 
50244 0.139258 0.418554 
50245 0.304938 -0.213775 
50246 0.303011 -0.0565376 
50247 0.301273 0.101572 
50248 0.299577 0.260384 
50249 0.297647 0.419852 
50250 -0.328874 -0.223557 
50251 -0.332381 -0.0650481 
50252 -0.336124 0.0942506 
50253 -0.339661 0.254509 
50254 -0.343246 0.415617 
50255 -0.169642 -0.219778 
50256 -0.17279 -0.0619602 
50257 -0.17603 0.0967504 
50258 -0.179197 0.256461 
50259 -0.182385 0.416734 
50260 -0.0115995 -0.216424 
50261 -0.0141216 -0.0590385 
50262 -0.0169887 0.0992335 
50263 -0.0197126 0.258142 
50264 -0.0225727 0.418058 
50265 0.145489 -0.21293 
50266 0.143075 -0.0561834 
50267 0.140808 0.101611 
50268 0.138407 0.260012 
50269 0.136098 0.419246 
50270 0.301345 -0.209417 
50271 0.299369 -0.0530592 
50272 0.29765 0.103992 
50273 0.29543 0.261836 
50274 0.293724 0.420471 
50275 -0.328505 -0.220155 
50276 -0.332477 -0.0624611 
50277 -0.336384 0.0962322 
50278 -0.340214 0.255698 
50279 -0.344292 0.416048 
50280 -0.170055 -0.216232 
50281 -0.173592 -0.0591557 
50282 -0.176738 0.0986763 
50283 -0.180404 0.257636 
50284 -0.183749 0.417263 
50285 -0.0128511 -0.212399 
50286 -0.0158773 -0.0560427 
50287 -0.0186888 0.10129 
50288 -0.0217877 0.259467 
50289 -0.0247776 0.418667 
50290 0.143068 -0.208615 
50291 0.140667 -0.0528857 
50292 0.138019 0.103906 
50293 0.135695 0.261298 
50294 0.133113 0.419925 
50295 0.297866 -0.204851 
50296 0.295937 -0.0497851 
50297 0.293671 0.106415 
50298 0.291717 0.263233 
50299 0.289799 0.421376 
50300 -0.328254 -0.216702 
50301 -0.332476 -0.0598812 
50302 -0.336705 0.0979776 
50303 -0.340972 0.25682 
50304 -0.345164 0.416579 
50305 -0.170717 -0.212556 
50306 -0.174408 -0.0563661 
50307 -0.177963 0.100648 
50308 -0.181675 0.258829 
50309 -0.185479 0.417895 
50310 -0.0143142 -0.20846 
50311 -0.0174446 -0.0529883 
50312 -0.0205373 0.10339 
50313 -0.0236994 0.260845 
50314 -0.0268706 0.419455 
50315 0.140747 -0.204469 
50316 0.137984 -0.0496412 
50317 0.135569 0.106067 
50318 0.132813 0.262864 
50319 0.130112 0.420586 
50320 0.294334 -0.200434 
50321 0.29222 -0.0463507 
50322 0.290191 0.108814 
50323 0.288072 0.264947 
50324 0.285807 0.422146 
50325 -0.327996 -0.213335 
50326 -0.332469 -0.0573028 
50327 -0.337033 0.0997629 
50328 -0.341635 0.258009 
50329 -0.346062 0.417214 
50330 -0.171145 -0.208741 
50331 -0.175111 -0.0537463 
50332 -0.178823 0.102697 
50333 -0.183014 0.260099 
50334 -0.186882 0.418619 
50335 -0.0157265 -0.204503 
50336 -0.0189979 -0.0501015 
50337 -0.0222905 0.105652 
50338 -0.0257315 0.262218 
50339 -0.0289646 0.42009 
50340 0.138316 -0.200214 
50341 0.135572 -0.0464324 
50342 0.132782 0.108305 
50343 0.130103 0.264391 
50344 0.12724 0.421378 
50345 0.290708 -0.196146 
50346 0.288616 -0.0428964 
50347 0.286453 0.111299 
50348 0.284191 0.266571 
50349 0.281958 0.422982 
50350 -0.327978 -0.209575 
50351 -0.332605 -0.0545589 
50352 -0.337473 0.101813 
50353 -0.342197 0.25935 
50354 -0.346881 0.418137 
50355 -0.171715 -0.205288 
50356 -0.175814 -0.0507435 
50357 -0.179913 0.104918 
50358 -0.183973 0.261607 
50359 -0.188178 0.419579 
50360 -0.0172162 -0.200549 
50361 -0.0206087 -0.0470368 
50362 -0.024051 0.107749 
50363 -0.0276113 0.263689 
50364 -0.0310844 0.421046 
50365 0.135908 -0.196128 
50366 0.132994 -0.0433485 
50367 0.130122 0.110685 
50368 0.127363 0.265867 
50369 0.124413 0.422342 
50370 0.287409 -0.191631 
50371 0.285105 -0.0396254 
50372 0.282881 0.113553 
50373 0.280602 0.267906 
50374 0.278361 0.423714 
50375 -0.327799 -0.206116 
50376 -0.332594 -0.0517088 
50377 -0.337669 0.103819 
50378 -0.342666 0.260677 
50379 -0.347644 0.419195 
50380 -0.17233 -0.201349 
50381 -0.176496 -0.0478496 
50382 -0.180933 0.106903 
50383 -0.185212 0.263011 
50384 -0.189536 0.420652 
50385 -0.0184893 -0.19659 
50386 -0.0222274 -0.0439165 
50387 -0.0258668 0.109874 
50388 -0.0294937 0.265227 
50389 -0.0331124 0.421864 
50390 0.133436 -0.192012 
50391 0.130559 -0.0402375 
50392 0.127763 0.113066 
50393 0.12467 0.267419 
50394 0.121686 0.42316 
50395 0.283911 -0.187361 
50396 0.281657 -0.0364944 
50397 0.279442 0.115933 
50398 0.276983 0.269591 
50399 0.274635 0.42448 
50400 -0.327502 -0.202446 
50401 -0.332738 -0.0490104 
50402 -0.338034 0.105864 
50403 -0.343275 0.262234 
50404 -0.348507 0.420031 
50405 -0.173012 -0.197472 
50406 -0.177424 -0.0449445 
50407 -0.181768 0.109065 
50408 -0.186374 0.264419 
50409 -0.190797 0.42142 
50410 -0.0201556 -0.192618 
50411 -0.023826 -0.0409688 
50412 -0.0276265 0.112236 
50413 -0.03128 0.266694 
50414 -0.0350473 0.42285 
50415 0.131036 -0.187899 
50416 0.127863 -0.0369154 
50417 0.125032 0.115306 
50418 0.121977 0.26901 
50419 0.119024 0.424139 
50420 0.280324 -0.183092 
50421 0.278199 -0.0330228 
50422 0.275783 0.118353 
50423 0.273481 0.271266 
50424 0.271297 0.425404 
50425 -0.327577 -0.19885 
50426 -0.333001 -0.0461765 
50427 -0.338293 0.107963 
50428 -0.343793 0.263654 
50429 -0.349341 0.421157 
50430 -0.173603 -0.193825 
50431 -0.178333 -0.0419264 
50432 -0.182731 0.111375 
50433 -0.187527 0.26606 
50434 -0.192201 0.42243 
50435 -0.0215769 -0.188802 
50436 -0.0254031 -0.0377681 
50437 -0.0292118 0.114444 
50438 -0.0329957 0.268349 
50439 -0.0370172 0.423797 
50440 0.12858 -0.183754 
50441 0.125502 -0.0338865 
50442 0.122462 0.117537 
50443 0.119516 0.270457 
50444 0.116358 0.425037 
50445 0.276902 -0.178908 
50446 0.274604 -0.0297559 
50447 0.272402 0.120749 
50448 0.270055 0.272759 
50449 0.267789 0.426277 
50450 -0.327541 -0.195221 
50451 -0.333097 -0.0432957 
50452 -0.338617 0.110149 
50453 -0.344425 0.265322 
50454 -0.350203 0.422198 
50455 -0.174434 -0.18999 
50456 -0.178974 -0.0390048 
50457 -0.183801 0.113445 
50458 -0.188649 0.267478 
50459 -0.193461 0.423513 
50460 -0.0232479 -0.184707 
50461 -0.0269487 -0.0348117 
50462 -0.0309597 0.116788 
50463 -0.0348585 0.269915 
50464 -0.0388238 0.424746 
50465 0.126139 -0.179729 
50466 0.123017 -0.0307935 
50467 0.120054 0.119958 
50468 0.116959 0.272104 
50469 0.113867 0.426002 
50470 0.273527 -0.174692 
50471 0.271281 -0.0266336 
50472 0.269125 0.123056 
50473 0.26664 0.274272 
50474 0.264457 0.427254 
50475 -0.327565 -0.191445 
50476 -0.333213 -0.0404855 
50477 -0.339059 0.112323 
50478 -0.344991 0.266995 
50479 -0.350745 0.423462 
50480 -0.175135 -0.186044 
50481 -0.179908 -0.0361707 
50482 -0.184741 0.1157 
50483 -0.189589 0.269259 
50484 -0.194541 0.424683 
50485 -0.0248134 -0.180936 
50486 -0.0286914 -0.0319969 
50487 -0.0326749 0.118789 
50488 -0.0365725 0.271517 
50489 -0.0406203 0.425704 
50490 0.12369 -0.175764 
50491 0.120628 -0.0277056 
50492 0.117566 0.122146 
50493 0.114408 0.273562 
50494 0.111311 0.426897 
50495 0.269898 -0.170546 
50496 0.267666 -0.0235489 
50497 0.265634 0.125206 
50498 0.263369 0.275775 
50499 0.261175 0.42797 
50500 -0.327738 -0.187734 
50501 -0.33356 -0.0374054 
50502 -0.339348 0.114695 
50503 -0.345372 0.26875 
50504 -0.351429 0.424793 
50505 -0.175877 -0.18234 
50506 -0.180687 -0.033087 
50507 -0.185737 0.117921 
50508 -0.190669 0.270959 
50509 -0.195726 0.425725 
50510 -0.0264083 -0.176951 
50511 -0.0302647 -0.0288857 
50512 -0.0341899 0.12123 
50513 -0.038305 0.273028 
50514 -0.0423307 0.426739 
50515 0.121059 -0.171829 
50516 0.118199 -0.0246559 
50517 0.115151 0.124414 
50518 0.111988 0.275058 
50519 0.108979 0.427768 
50520 0.266625 -0.166557 
50521 0.264517 -0.0203741 
50522 0.26233 0.127427 
50523 0.260101 0.277342 
50524 0.257913 0.428784 
