50175 -0.333262 -0.250164 
50176 -0.333374 -0.0833383 
50177 -0.333319 0.0832723 
50178 -0.333407 0.249968 
50179 -0.333251 0.416608 
50180 -0.166641 -0.250029 
50181 -0.166698 -0.0834756 
50182 -0.166711 0.0833256 
50183 -0.16675 0.250043 
50184 -0.166571 0.416724 
50185 -0.000128705 -0.250027 
50186 -0.000109429 -0.0833504 
50187 -0.000173073 0.0834369 
50188 6.3357e-05 0.250035 
50189 -0.000116115 0.416588 
50190 0.166734 -0.249919 
50191 0.166677 -0.0832609 
50192 0.166641 0.0834747 
50193 0.166517 0.249983 
50194 0.166599 0.416692 
50195 0.333304 -0.249941 
50196 0.333352 -0.0833641 
50197 0.3333 0.0833457 
50198 0.33332 0.250035 
50199 0.333324 0.416607 
50200 -0.332805 -0.246666 
50201 -0.33316 -0.0809002 
50202 -0.333479 0.0847195 
50203 -0.333968 0.250699 
50204 -0.33448 0.41673 
50205 -0.166979 -0.246335 
50206 -0.16719 -0.0805247 
50207 -0.167575 0.0850595 
50208 -0.168019 0.251065 
50209 -0.168334 0.416866 
50210 -0.00115672 -0.245726 
50211 -0.00152049 -0.0803226 
50212 -0.00195686 0.0854521 
50213 -0.00206442 0.251278 
50214 -0.00237519 0.41703 
50215 0.164335 -0.245642 
50216 0.164095 -0.0801213 
50217 0.163733 0.0855754 
50218 0.163491 0.251305 
50219 0.163328 0.41719 
50220 0.329635 -0.245223 
50221 0.329573 -0.0796324 
50222 0.329412 0.0858273 
50223 0.32899 0.251623 
50224 0.328884 0.417237 
50225 -0.332246 -0.243423 
50226 -0.332865 -0.0785433 
50227 -0.333661 0.0864523 
50228 -0.334548 0.251617 
50229 -0.335345 0.416927 
50230 -0.167297 -0.242657 
50231 -0.16798 -0.0778063 
50232 -0.168657 0.0868687 
50233 -0.169173 0.251913 
50234 -0.169982 0.417294 
50235 -0.00257619 -0.241736 
50236 -0.00319082 -0.0774289 
50237 -0.00375308 0.0874796 
50238 -0.00425977 0.252236 
50239 -0.00478423 0.417539 
50240 0.161859 -0.241058 
50241 0.161398 -0.0766992 
50242 0.160916 0.0878149 
50243 0.160522 0.252667 
50244 0.160058 0.417562 
50245 0.325946 -0.240318 
50246 0.325605 -0.0759871 
50247 0.325164 0.0884821 
50248 0.324851 0.25304 
50249 0.32451 0.417724 
50250 -0.331635 -0.239881 
50251 -0.332782 -0.0759765 
50252 -0.333818 0.0881435 
50253 -0.335012 0.252608 
50254 -0.33634 0.417435 
50255 -0.167648 -0.238793 
50256 -0.168582 -0.0751262 
50257 -0.169543 0.088959 
50258 -0.170562 0.253238 
50259 -0.171518 0.417678 
50260 -0.00393966 -0.237446 
50261 -0.00475859 -0.0741425 
50262 -0.00554936 0.0894915 
50263 -0.00625734 0.253517 
50264 -0.00712463 0.418154 
50265 0.159464 -0.23655 
50266 0.158746 -0.0733895 
50267 0.158069 0.0901752 
50268 0.157422 0.254047 
50269 0.156798 0.418277 
50270 0.322239 -0.235523 
50271 0.321838 -0.0724161 
50272 0.321232 0.090927 
50273 0.320894 0.254532 
50274 0.320444 0.418576 
50275 -0.331232 -0.236261 
50276 -0.332711 -0.0733619 
50277 -0.33412 0.0898496 
50278 -0.335776 0.253574 
50279 -0.337212 0.417854 
50280 -0.167928 -0.234994 
50281 -0.169302 -0.0722948 
50282 -0.17064 0.0907519 
50283 -0.171869 0.254233 
50284 -0.173051 0.418194 
50285 -0.005304 -0.233427 
50286 -0.00628488 -0.0711122 
50287 -0.00728002 0.0916667 
50288 -0.00834221 0.254861 
50289 -0.00929847 0.418649 
50290 0.156933 -0.232006 
50291 0.156106 -0.0700567 
50292 0.15525 0.0925493 
50293 0.15436 0.255445 
50294 0.153583 0.418939 
50295 0.318421 -0.230587 
50296 0.318126 -0.0687554 
50297 0.317507 0.0933707 
50298 0.316778 0.256075 
50299 0.316108 0.419297 
50300 -0.330853 -0.23277 
50301 -0.332723 -0.0707338 
50302 -0.334426 0.091803 
50303 -0.336282 0.25473 
50304 -0.337985 0.418511 
50305 -0.168236 -0.230912 
50306 -0.169809 -0.0692949 
50307 -0.171479 0.0928838 
50308 -0.172954 0.255537 
50309 -0.174559 0.41881 
50310 -0.00665071 -0.229217 
50311 -0.00791851 -0.0680005 
50312 -0.00908071 0.0938984 
50313 -0.0102348 0.256327 
50314 -0.011728 0.419276 
50315 0.154452 -0.227601 
50316 0.153419 -0.0665446 
50317 0.15253 0.0949853 
50318 0.151647 0.256991 
50319 0.150603 0.419786 
50320 0.314976 -0.225886 
50321 0.314264 -0.0651818 
50322 0.313551 0.0960349 
50323 0.31283 0.257693 
50324 0.312081 0.420066 
50325 -0.330424 -0.229162 
50326 -0.332526 -0.0681068 
50327 -0.334681 0.0938081 
50328 -0.33672 0.256022 
50329 -0.338901 0.419093 
50330 -0.168857 -0.226985 
50331 -0.170583 -0.0664653 
50332 -0.17229 0.0949485 
50333 -0.174082 0.256831 
50334 -0.175908 0.419592 
50335 -0.00803008 -0.22518 
50336 -0.00932271 -0.0645922 
50337 -0.0108344 0.0961662 
50338 -0.0123806 0.257854 
50339 -0.0137257 0.420026 
50340 0.152007 -0.223012 
50341 0.150904 -0.0631778 
50342 0.149773 0.0973757 
50343 0.148791 0.258604 
50344 0.147704 0.420527 
50345 0.311172 -0.221145 
50346 0.310587 -0.0614945 
50347 0.309805 0.0986081 
50348 0.308936 0.259369 
50349 0.308087 0.42081 
50350 -0.33005 -0.225281 
50351 -0.332447 -0.065256 
50352 -0.334829 0.0956044 
50353 -0.337386 0.257442 
50354 -0.339723 0.420077 
50355 -0.169234 -0.223242 
50356 -0.171201 -0.0634847 
50357 -0.173252 0.0970346 
50358 -0.175405 0.25835 
50359 -0.177265 0.420512 
50360 -0.00947699 -0.220958 
50361 -0.0110459 -0.0616512 
50362 -0.0127333 0.0983685 
50363 -0.0142557 0.259228 
50364 -0.015927 0.42078 
50365 0.149581 -0.218556 
50366 0.148342 -0.059792 
50367 0.14716 0.0996676 
50368 0.145946 0.260127 
50369 0.14483 0.421345 
50370 0.307682 -0.216453 
50371 0.306868 -0.0581 
50372 0.306035 0.10111 
50373 0.30523 0.261107 
50374 0.304426 0.421726 
50375 -0.329765 -0.221638 
50376 -0.33241 -0.0624591 
50377 -0.33503 0.0978385 
50378 -0.33787 0.258812 
50379 -0.340439 0.420803 
50380 -0.169842 -0.219068 
50381 -0.171955 -0.060306 
50382 -0.174229 0.0992085 
50383 -0.176523 0.259687 
50384 -0.178719 0.421427 
50385 -0.0109004 -0.216684 
50386 -0.0126857 -0.058422 
50387 -0.0143682 0.10081 
50388 -0.0161 0.260894 
50389 -0.0179519 0.421639 
50390 0.14688 -0.214191 
50391 0.145788 -0.0563627 
50392 0.144416 0.102085 
50393 0.143159 0.261791 
50394 0.141753 0.42212 
50395 0.303918 -0.21173 
50396 0.303153 -0.0546299 
50397 0.302201 0.103707 
50398 0.301445 0.262616 
50399 0.300538 0.422497 
50400 -0.32953 -0.217645 
50401 -0.332414 -0.0594372 
50402 -0.335363 0.0998918 
50403 -0.338296 0.260353 
50404 -0.341254 0.421854 
50405 -0.17033 -0.215172 
50406 -0.17272 -0.05746 
50407 -0.175248 0.101447 
50408 -0.177602 0.261312 
50409 -0.179997 0.422233 
50410 -0.012259 -0.212437 
50411 -0.0140961 -0.0553464 
50412 -0.0161132 0.103074 
50413 -0.0179505 0.262299 
50414 -0.0198464 0.422683 
50415 0.144472 -0.209784 
50416 0.143179 -0.0531102 
50417 0.141761 0.104428 
50418 0.140386 0.263332 
50419 0.139016 0.423203 
50420 0.300281 -0.207292 
50421 0.299525 -0.0511007 
50422 0.298528 0.106134 
50423 0.297743 0.264281 
50424 0.296807 0.423395 
50425 -0.329229 -0.213872 
50426 -0.332343 -0.0565178 
50427 -0.335628 0.102142 
50428 -0.338875 0.261883 
50429 -0.341983 0.422846 
50430 -0.170905 -0.211126 
50431 -0.173399 -0.0542946 
50432 -0.176025 0.103772 
50433 -0.178599 0.262852 
50434 -0.181356 0.42327 
50435 -0.0139147 -0.208306 
50436 -0.0158388 -0.0519564 
50437 -0.0177512 0.105505 
50438 -0.0197279 0.263873 
50439 -0.0218685 0.423659 
50440 0.142125 -0.205418 
50441 0.140605 -0.0498722 
50442 0.13917 0.107 
50443 0.137742 0.264921 
50444 0.136353 0.423966 
50445 0.296655 -0.202558 
50446 0.295821 -0.0476216 
50447 0.295026 0.108492 
50448 0.294152 0.26585 
50449 0.293292 0.424287 
50450 -0.329158 -0.210158 
50451 -0.332487 -0.0534424 
50452 -0.335903 0.104353 
50453 -0.339179 0.263511 
50454 -0.342565 0.424101 
50455 -0.171529 -0.207098 
50456 -0.174323 -0.0511803 
50457 -0.176871 0.106142 
50458 -0.179625 0.264516 
50459 -0.182534 0.424276 
50460 -0.0153955 -0.204057 
50461 -0.0173615 -0.048759 
50462 -0.0194469 0.107656 
50463 -0.0215172 0.265489 
50464 -0.0236509 0.424633 
50465 0.139619 -0.201163 
50466 0.137924 -0.0464745 
50467 0.136665 0.109319 
50468 0.135102 0.266395 
50469 0.133779 0.424828 
50470 0.293073 -0.198191 
50471 0.292335 -0.0441766 
50472 0.29155 0.111007 
50473 0.2906 0.26745 
50474 0.289831 0.425095 
50475 -0.329096 -0.206336 
50476 -0.332616 -0.0504825 
50477 -0.336087 0.106629 
50478 -0.339767 0.26532 
50479 -0.343262 0.425291 
50480 -0.17212 -0.203119 
50481 -0.175065 -0.0480475 
50482 -0.177876 0.10839 
50483 -0.18063 0.266105 
50484 -0.183593 0.425342 
50485 -0.0168945 -0.199962 
50486 -0.0189774 -0.0456942 
50487 -0.0210741 0.110027 
50488 -0.0232495 0.267029 
50489 -0.0253475 0.425578 
50490 0.13701 -0.196961 
50491 0.13552 -0.0432904 
50492 0.134232 0.111719 
50493 0.132668 0.268022 
50494 0.13128 0.425775 
50495 0.289408 -0.193846 
50496 0.288774 -0.0408425 
50497 0.287984 0.113319 
50498 0.287267 0.269061 
50499 0.286433 0.425907 
50500 -0.329023 -0.202381 
50501 -0.332591 -0.0474601 
50502 -0.336277 0.109003 
50503 -0.340086 0.266923 
50504 -0.343857 0.426554 
50505 -0.17297 -0.199053 
50506 -0.175856 -0.044814 
50507 -0.178804 0.110765 
50508 -0.181731 0.267913 
50509 -0.184693 0.426552 
50510 -0.0184803 -0.195786 
50511 -0.0204588 -0.0424593 
50512 -0.0228382 0.112382 
50513 -0.0249639 0.268829 
50514 -0.0273303 0.426561 
50515 0.134639 -0.19272 
50516 0.133013 -0.040302 
50517 0.131611 0.114093 
50518 0.130259 0.269739 
50519 0.12878 0.426598 
50520 0.285921 -0.189587 
50521 0.285134 -0.0377575 
50522 0.284517 0.115688 
50523 0.283619 0.270589 
50524 0.283036 0.426735 
50525 -0.328904 -0.198545 
50526 -0.332735 -0.0444328 
50527 -0.336631 0.111384 
50528 -0.340487 0.268765 
50529 -0.344397 0.427677 
50530 -0.173672 -0.195131 
50531 -0.176642 -0.0418388 
50532 -0.17953 0.113 
50533 -0.18267 0.26954 
50534 -0.18571 0.42769 
50535 -0.0200776 -0.191931 
50536 -0.0222436 -0.0393357 
50537 -0.0244024 0.114689 
50538 -0.0267124 0.270507 
50539 -0.0289027 0.42762 
50540 0.132091 -0.188648 
50541 0.130538 -0.0369278 
50542 0.129163 0.116364 
50543 0.127645 0.271104 
50544 0.12629 0.427541 
50545 0.282352 -0.18544 
50546 0.281621 -0.0345425 
50547 0.281051 0.117942 
50548 0.280378 0.271968 
50549 0.279765 0.42752 
50550 -0.328953 -0.194528 
50551 -0.332989 -0.0414349 
50552 -0.336902 0.113787 
50553 -0.340853 0.270549 
50554 -0.344854 0.429006 
50555 -0.174455 -0.191206 
50556 -0.177483 -0.038635 
50557 -0.1805 0.115308 
50558 -0.183615 0.271143 
50559 -0.186809 0.428928 
50560 -0.0217317 -0.187802 
50561 -0.0238423 -0.0361731 
50562 -0.0260084 0.117016 
50563 -0.0283383 0.271941 
50564 -0.0305333 0.428637 
50565 0.129408 -0.184468 
50566 0.128082 -0.0337557 
50567 0.126666 0.118519 
50568 0.125266 0.272771 
50569 0.123925 0.428418 
50570 0.2787 -0.181267 
50571 0.278213 -0.0314254 
50572 0.277717 0.120162 
50573 0.276921 0.273192 
50574 0.276653 0.428406 
50575 -0.329029 -0.190763 
50576 -0.333079 -0.0382676 
50577 -0.337161 0.116093 
50578 -0.341119 0.272325 
50579 -0.345343 0.430486 
50580 -0.175298 -0.187195 
50581 -0.178322 -0.0355927 
50582 -0.181351 0.117715 
50583 -0.184538 0.272915 
50584 -0.187724 0.430095 
50585 -0.0233027 -0.183709 
50586 -0.025487 -0.0331633 
50587 -0.0276915 0.119239 
50588 -0.0297565 0.273534 
50589 -0.0321471 0.429667 
50590 0.126744 -0.180573 
50591 0.125636 -0.0308163 
50592 0.124142 0.120762 
50593 0.122897 0.274057 
50594 0.121632 0.429307 
50595 0.275147 -0.177279 
50596 0.274795 -0.0283928 
50597 0.274323 0.122297 
50598 0.273933 0.27477 
50599 0.273479 0.42903 
50600 -0.329327 -0.186787 
50601 -0.333337 -0.0350605 
50602 -0.337389 0.118499 
50603 -0.341592 0.274212 
50604 -0.345724 0.431711 
50605 -0.17624 -0.183429 
50606 -0.179355 -0.0327062 
50607 -0.182173 0.119923 
50608 -0.185507 0.274664 
50609 -0.188616 0.431257 
50610 -0.0249689 -0.18011 
50611 -0.0271119 -0.0302023 
50612 -0.0293281 0.121452 
50613 -0.0313541 0.275105 
50614 -0.0336061 0.430701 
50615 0.124136 -0.17679 
50616 0.123151 -0.0278633 
50617 0.121817 0.122961 
50618 0.120582 0.275653 
50619 0.119401 0.430065 
50620 0.271591 -0.17345 
50621 0.271267 -0.0254773 
50622 0.271027 0.124361 
50623 0.270711 0.27595 
50624 0.270413 0.429495 
50625 -0.329405 -0.182893 
50626 -0.333539 -0.0319958 
50627 -0.337667 0.120829 
50628 -0.341937 0.275957 
50629 -0.346044 0.433119 
50630 -0.176973 -0.179592 
50631 -0.180083 -0.029723 
50632 -0.182996 0.122276 
50633 -0.186371 0.27642 
50634 -0.189414 0.432366 
50635 -0.0266899 -0.176141 
50636 -0.028768 -0.0272333 
50637 -0.0307501 0.123694 
50638 -0.0329468 0.276745 
50639 -0.0351492 0.431722 
50640 0.121815 -0.172908 
50641 0.120575 -0.0249385 
50642 0.119485 0.125164 
50643 0.118329 0.276929 
50644 0.117283 0.430844 
50645 0.267987 -0.169563 
50646 0.26787 -0.0226267 
50647 0.267637 0.126376 
50648 0.267615 0.277286 
50649 0.267466 0.430049 
50650 -0.32953 -0.179192 
50651 -0.333828 -0.0290573 
50652 -0.337848 0.123265 
50653 -0.342048 0.277895 
50654 -0.346422 0.434558 
50655 -0.177947 -0.175595 
50656 -0.180957 -0.0266934 
50657 -0.184056 0.124525 
50658 -0.187239 0.278045 
50659 -0.190292 0.433532 
50660 -0.0285326 -0.172502 
50661 -0.0303613 -0.0243121 
50662 -0.0324297 0.125868 
50663 -0.0344579 0.278182 
50664 -0.0365582 0.432635 
50665 0.118919 -0.16908 
50666 0.118108 -0.0219973 
50667 0.117005 0.127106 
50668 0.116063 0.278249 
50669 0.115049 0.431684 
50670 0.264346 -0.165887 
50671 0.264439 -0.0198484 
50672 0.264566 0.128296 
50673 0.264462 0.278448 
50674 0.264454 0.430756 
