50325 -0.333319 -0.250068 
50326 -0.33324 -0.0833303 
50327 -0.333201 0.0833117 
50328 -0.333443 0.249991 
50329 -0.333423 0.416706 
50330 -0.166623 -0.250014 
50331 -0.166661 -0.0833809 
50332 -0.166568 0.083277 
50333 -0.166587 0.249995 
50334 -0.166698 0.416676 
50335 7.00673e-05 -0.249975 
50336 -4.24636e-06 -0.0832486 
50337 0.000197699 0.0831952 
50338 0.000112816 0.25007 
50339 -0.000137287 0.416666 
50340 0.166645 -0.250017 
50341 0.166829 -0.0834046 
50342 0.166688 0.0832649 
50343 0.166704 0.250072 
50344 0.166657 0.416649 
50345 0.333266 -0.250157 
50346 0.333253 -0.0832884 
50347 0.333377 0.0832963 
50348 0.333431 0.249938 
50349 0.333333 0.416582 
50350 -0.33293 -0.246089 
50351 -0.333183 -0.0804465 
50352 -0.33339 0.0854191 
50353 -0.333791 0.251288 
50354 -0.33407 0.417492 
50355 -0.16714 -0.245753 
50356 -0.167462 -0.0802653 
50357 -0.167577 0.0855887 
50358 -0.167959 0.251467 
50359 -0.16802 0.417488 
50360 -0.0013467 -0.245542 
50361 -0.00155753 -0.080064 
50362 -0.00174273 0.0857395 
50363 -0.00197188 0.25146 
50364 -0.00213637 0.417502 
50365 0.164194 -0.245173 
50366 0.164032 -0.0796039 
50367 0.163854 0.0857917 
50368 0.163725 0.251631 
50369 0.163638 0.417478 
50370 0.329363 -0.245028 
50371 0.329384 -0.0795949 
50372 0.329341 0.086053 
50373 0.329409 0.251579 
50374 0.329252 0.417564 
50375 -0.332308 -0.242231 
50376 -0.332916 -0.0773734 
50377 -0.333552 0.0875355 
50378 -0.334292 0.252731 
50379 -0.334843 0.418251 
50380 -0.16736 -0.241602 
50381 -0.167987 -0.0770102 
50382 -0.168495 0.0877456 
50383 -0.168773 0.25299 
50384 -0.169285 0.418347 
50385 -0.00279769 -0.24113 
50386 -0.00316566 -0.0766126 
50387 -0.00353457 0.0880729 
50388 -0.00382135 0.253032 
50389 -0.00413886 0.418307 
50390 0.161479 -0.240539 
50391 0.16131 -0.0761713 
50392 0.161138 0.0884034 
50393 0.160959 0.253225 
50394 0.160662 0.418307 
50395 0.325679 -0.239992 
50396 0.325566 -0.0758548 
50397 0.32539 0.0885265 
50398 0.325363 0.253137 
50399 0.325267 0.418274 
50400 -0.332023 -0.238156 
50401 -0.3328 -0.0743744 
50402 -0.333639 0.0897256 
50403 -0.334759 0.254296 
50404 -0.335497 0.419258 
50405 -0.167904 -0.23745 
50406 -0.16857 -0.0738118 
50407 -0.169284 0.0901378 
50408 -0.169971 0.254601 
50409 -0.170613 0.419142 
50410 -0.00425208 -0.23659 
50411 -0.00479347 -0.0733247 
50412 -0.00521312 0.0905405 
50413 -0.00581476 0.254627 
50414 -0.00607886 0.419168 
50415 0.159014 -0.235839 
50416 0.158586 -0.0727083 
50417 0.158494 0.0908609 
50418 0.158027 0.254839 
50419 0.157928 0.419102 
50420 0.321819 -0.234988 
50421 0.32168 -0.0720697 
50422 0.321675 0.0910916 
50423 0.321569 0.255034 
50424 0.321503 0.419162 
50425 -0.331599 -0.234068 
50426 -0.332798 -0.0713425 
50427 -0.333965 0.0919912 
50428 -0.334957 0.25592 
50429 -0.336083 0.420364 
50430 -0.168372 -0.233054 
50431 -0.169295 -0.0704588 
50432 -0.170101 0.0924476 
50433 -0.170835 0.25598 
50434 -0.171807 0.420146 
50435 -0.00574546 -0.232108 
50436 -0.00634168 -0.06985 
50437 -0.00683817 0.0928964 
50438 -0.00748211 0.256247 
50439 -0.00810693 0.420047 
50440 0.156516 -0.231182 
50441 0.156074 -0.0691826 
50442 0.155775 0.0933453 
50443 0.155359 0.256413 
50444 0.155085 0.419924 
50445 0.31807 -0.230181 
50446 0.317879 -0.0684173 
50447 0.317852 0.0937042 
50448 0.317636 0.256545 
50449 0.317759 0.419951 
50450 -0.331206 -0.230069 
50451 -0.332606 -0.0683202 
50452 -0.333986 0.09435 
50453 -0.335362 0.257522 
50454 -0.336578 0.421404 
50455 -0.169025 -0.22902 
50456 -0.169965 -0.0673505 
50457 -0.171077 0.0948041 
50458 -0.17205 0.257663 
50459 -0.173082 0.421252 
50460 -0.007249 -0.227805 
50461 -0.00793613 -0.0665281 
50462 -0.0087489 0.0954318 
50463 -0.0092101 0.257892 
50464 -0.00996661 0.421142 
50465 0.15392 -0.226681 
50466 0.153428 -0.0657479 
50467 0.153232 0.0958055 
50468 0.152768 0.257982 
50469 0.152394 0.420842 
50470 0.314191 -0.225482 
50471 0.314111 -0.0648745 
50472 0.314146 0.096476 
50473 0.314115 0.258229 
50474 0.314221 0.420876 
50475 -0.331105 -0.226059 
50476 -0.332552 -0.0649791 
50477 -0.334199 0.0965993 
50478 -0.335741 0.259221 
50479 -0.337298 0.42258 
50480 -0.16961 -0.224751 
50481 -0.170764 -0.0641705 
50482 -0.171748 0.0972192 
50483 -0.17299 0.259323 
50484 -0.174158 0.422412 
50485 -0.00878992 -0.223399 
50486 -0.009372 -0.0631495 
50487 -0.0102898 0.0977251 
50488 -0.0110535 0.259503 
50489 -0.0118292 0.422041 
50490 0.151236 -0.222193 
50491 0.150836 -0.0622533 
50492 0.150419 0.0982751 
50493 0.150203 0.259712 
50494 0.149791 0.421818 
50495 0.310333 -0.220902 
50496 0.310407 -0.0613726 
50497 0.310405 0.0988515 
50498 0.310333 0.259818 
50499 0.310503 0.421515 
50500 -0.330796 -0.22192 
50501 -0.332569 -0.0618188 
50502 -0.334396 0.0990433 
50503 -0.336027 0.261036 
50504 -0.337686 0.423614 
50505 -0.170283 -0.2205 
50506 -0.171332 -0.0609234 
50507 -0.172666 0.0996807 
50508 -0.173993 0.260974 
50509 -0.175245 0.423422 
50510 -0.0103142 -0.219146 
50511 -0.0111303 -0.0599117 
50512 -0.0119594 0.100013 
50513 -0.0127849 0.261062 
50514 -0.0136316 0.422985 
50515 0.148768 -0.21772 
50516 0.148216 -0.0589304 
50517 0.147899 0.100663 
50518 0.147589 0.261201 
50519 0.147072 0.4227 
50520 0.306746 -0.216285 
50521 0.306762 -0.0578312 
50522 0.306771 0.101237 
50523 0.306826 0.261392 
50524 0.307016 0.422327 
50525 -0.330723 -0.217964 
50526 -0.332549 -0.0586896 
50527 -0.334484 0.101515 
50528 -0.336219 0.26271 
50529 -0.338222 0.425134 
50530 -0.170732 -0.216432 
50531 -0.172248 -0.0576627 
50532 -0.173539 0.101996 
50533 -0.174938 0.262775 
50534 -0.176333 0.424545 
50535 -0.0118761 -0.21475 
50536 -0.012786 -0.0565982 
50537 -0.0135308 0.102495 
50538 -0.01447 0.262825 
50539 -0.0151684 0.424023 
50540 0.146076 -0.213378 
50541 0.145669 -0.0554722 
50542 0.145235 0.103053 
50543 0.144946 0.262667 
50544 0.144679 0.423484 
50545 0.302782 -0.211711 
50546 0.30312 -0.0546068 
50547 0.303222 0.103743 
50548 0.303455 0.262806 
50549 0.303564 0.423097 
50550 -0.330584 -0.213852 
50551 -0.332684 -0.0556329 
50552 -0.334616 0.104011 
50553 -0.336651 0.26461 
50554 -0.338675 0.426454 
50555 -0.17144 -0.212296 
50556 -0.172767 -0.054481 
50557 -0.174242 0.10447 
50558 -0.175738 0.26425 
50559 -0.177194 0.425616 
50560 -0.0134854 -0.210586 
50561 -0.0143855 -0.0533277 
50562 -0.0152389 0.104948 
50563 -0.0160411 0.264477 
50564 -0.0169525 0.425045 
50565 0.143333 -0.208942 
50566 0.14311 -0.052288 
50567 0.142875 0.105528 
50568 0.142573 0.264294 
50569 0.142256 0.424331 
50570 0.298934 -0.207358 
50571 0.29931 -0.0513691 
50572 0.299754 0.105941 
50573 0.299954 0.264198 
50574 0.300183 0.42374 
50575 -0.330487 -0.209762 
50576 -0.332639 -0.0523801 
50577 -0.334765 0.106364 
50578 -0.336904 0.266415 
50579 -0.339047 0.427529 
50580 -0.172245 -0.208046 
50581 -0.173527 -0.0511539 
50582 -0.175147 0.106778 
50583 -0.176659 0.266294 
50584 -0.178054 0.426881 
50585 -0.0152072 -0.206418 
50586 -0.015988 -0.0501824 
50587 -0.0167108 0.107262 
50588 -0.0175268 0.265999 
50589 -0.0185009 0.425995 
50590 0.14067 -0.204708 
50591 0.140433 -0.048949 
50592 0.140309 0.107781 
50593 0.140119 0.265845 
50594 0.139838 0.425055 
50595 0.295272 -0.203098 
50596 0.295628 -0.0480007 
50597 0.296236 0.10818 
50598 0.296615 0.265639 
50599 0.296902 0.424377 
50600 -0.330476 -0.205678 
50601 -0.33262 -0.049146 
50602 -0.334916 0.108842 
50603 -0.337252 0.268157 
50604 -0.339361 0.429019 
50605 -0.173076 -0.203909 
50606 -0.174485 -0.0479988 
50607 -0.176029 0.10923 
50608 -0.177537 0.267862 
50609 -0.179151 0.427913 
50610 -0.0168705 -0.202317 
50611 -0.0175988 -0.0470289 
50612 -0.0183992 0.109575 
50613 -0.0193493 0.267558 
50614 -0.0200785 0.427019 
50615 0.138001 -0.200584 
50616 0.137979 -0.0460106 
50617 0.13777 0.110064 
50618 0.137561 0.267285 
50619 0.137567 0.426018 
50620 0.291643 -0.198886 
50621 0.292192 -0.0448766 
50622 0.292762 0.110258 
50623 0.293232 0.266912 
50624 0.293745 0.425024 
50625 -0.330564 -0.201604 
50626 -0.332901 -0.0459409 
50627 -0.335135 0.111431 
50628 -0.337344 0.270067 
50629 -0.339752 0.430297 
50630 -0.173849 -0.199901 
50631 -0.175322 -0.0447353 
50632 -0.176782 0.111603 
50633 -0.178401 0.269613 
50634 -0.179825 0.429169 
50635 -0.0183641 -0.198182 
50636 -0.0192926 -0.0438586 
50637 -0.0201051 0.111903 
50638 -0.0206545 0.269088 
50639 -0.0214669 0.427922 
50640 0.135462 -0.19646 
50641 0.135374 -0.042893 
50642 0.13539 0.112155 
50643 0.135294 0.268727 
50644 0.135271 0.426691 
50645 0.287756 -0.194851 
50646 0.288523 -0.041866 
50647 0.289223 0.112466 
50648 0.290124 0.268324 
50649 0.290646 0.425619 
50650 -0.330683 -0.197626 
50651 -0.33304 -0.0426871 
50652 -0.335233 0.11373 
50653 -0.337528 0.271955 
50654 -0.339894 0.431737 
50655 -0.17459 -0.195959 
50656 -0.176236 -0.041923 
50657 -0.177652 0.114075 
50658 -0.179148 0.271251 
50659 -0.180756 0.430406 
50660 -0.0201782 -0.194164 
50661 -0.0208451 -0.0408836 
50662 -0.0216956 0.114123 
50663 -0.0221959 0.270606 
50664 -0.0229045 0.428822 
50665 0.132797 -0.1925 
50666 0.132806 -0.0398618 
50667 0.132922 0.114226 
50668 0.133069 0.269953 
50669 0.13325 0.427439 
50670 0.284074 -0.190954 
50671 0.284987 -0.0388981 
50672 0.285912 0.114378 
50673 0.286732 0.269379 
50674 0.287553 0.42609 
50675 -0.330749 -0.193666 
50676 -0.333087 -0.0395947 
50677 -0.335375 0.116223 
50678 -0.337795 0.273668 
50679 -0.340194 0.433096 
50680 -0.175365 -0.191913 
50681 -0.176947 -0.0386793 
50682 -0.178432 0.116285 
50683 -0.179979 0.272988 
50684 -0.181348 0.431313 
50685 -0.02199 -0.190229 
50686 -0.0224948 -0.0379667 
50687 -0.0231662 0.116352 
50688 -0.023657 0.272255 
50689 -0.0244429 0.429747 
50690 0.130047 -0.188602 
50691 0.130226 -0.0370351 
50692 0.130452 0.116397 
50693 0.130891 0.271414 
50694 0.131028 0.42803 
50695 0.280371 -0.18709 
50696 0.281383 -0.0361765 
50697 0.282572 0.116243 
50698 0.283551 0.270373 
50699 0.284705 0.426539 
50700 -0.330924 -0.189791 
50701 -0.333331 -0.0364466 
50702 -0.335598 0.118732 
50703 -0.337983 0.275672 
50704 -0.340334 0.43451 
50705 -0.176506 -0.188102 
50706 -0.177857 -0.035669 
50707 -0.179309 0.118541 
50708 -0.180686 0.274683 
50709 -0.182253 0.432489 
50710 -0.0236556 -0.18648 
50711 -0.0241508 -0.0348721 
50712 -0.0246587 0.118454 
50713 -0.0251454 0.273679 
50714 -0.0256465 0.430565 
50715 0.127378 -0.184815 
50716 0.127761 -0.0340101 
50717 0.128276 0.118457 
50718 0.128666 0.272584 
50719 0.128982 0.428778 
50720 0.276759 -0.183133 
50721 0.277789 -0.0334427 
50722 0.27929 0.118324 
50723 0.280565 0.271697 
50724 0.28183 0.426757 
50725 -0.331155 -0.185927 
50726 -0.333482 -0.0333649 
50727 -0.335753 0.121146 
50728 -0.338047 0.277419 
50729 -0.340531 0.435839 
50730 -0.177414 -0.184282 
50731 -0.178822 -0.0325906 
50732 -0.180096 0.120848 
50733 -0.181395 0.276281 
50734 -0.182775 0.433635 
50735 -0.0253933 -0.182804 
50736 -0.0257215 -0.0320373 
50737 -0.0262905 0.120472 
50738 -0.0266181 0.275 
50739 -0.0271602 0.431601 
50740 0.124669 -0.181138 
50741 0.125234 -0.0314757 
50742 0.125779 0.120132 
50743 0.12633 0.273778 
50744 0.127168 0.429209 
50745 0.273075 -0.179585 
50746 0.274581 -0.0305878 
50747 0.27612 0.119924 
50748 0.277516 0.272508 
50749 0.278963 0.42699 
50750 -0.331537 -0.182048 
50751 -0.333612 -0.0301411 
50752 -0.336109 0.12358 
50753 -0.338281 0.279418 
50754 -0.340566 0.437323 
50755 -0.178489 -0.180551 
50756 -0.179664 -0.0296469 
50757 -0.180771 0.122987 
50758 -0.182183 0.27779 
50759 -0.183404 0.434687 
50760 -0.0272416 -0.178994 
50761 -0.0274896 -0.0293445 
50762 -0.0277347 0.122476 
50763 -0.0279664 0.276335 
50764 -0.0281781 0.432151 
50765 0.122003 -0.177532 
50766 0.122761 -0.028643 
50767 0.123437 0.122099 
50768 0.124224 0.274806 
50769 0.125038 0.429709 
50770 0.269378 -0.176114 
50771 0.270823 -0.0282053 
50772 0.272667 0.121589 
50773 0.274361 0.2734 
50774 0.276248 0.427094 
50775 -0.331879 -0.178121 
50776 -0.334042 -0.0272549 
50777 -0.33628 0.125866 
50778 -0.338381 0.281137 
50779 -0.340628 0.438755 
50780 -0.179507 -0.176905 
50781 -0.180565 -0.026852 
50782 -0.181582 0.125074 
50783 -0.182727 0.27938 
50784 -0.183927 0.435614 
50785 -0.0290935 -0.175498 
50786 -0.0291736 -0.0264955 
50787 -0.0292547 0.124545 
50788 -0.0293813 0.277584 
50789 -0.0293846 0.432912 
50790 0.119243 -0.174145 
50791 0.120152 -0.0263692 
50792 0.121119 0.123845 
50793 0.12207 0.275965 
50794 0.123063 0.429979 
50795 0.265556 -0.172827 
50796 0.2676 -0.0258514 
50797 0.269546 0.123165 
50798 0.27146 0.27425 
50799 0.273517 0.427303 
50800 -0.3323 -0.174365 
50801 -0.334312 -0.0242146 
50802 -0.33635 0.128303 
50803 -0.33852 0.28293 
50804 -0.340728 0.439822 
50805 -0.180484 -0.173229 
50806 -0.18155 -0.0239701 
50807 -0.18245 0.127251 
50808 -0.183409 0.280854 
50809 -0.184396 0.436723 
50810 -0.0308974 -0.172002 
50811 -0.0309373 -0.0237661 
50812 -0.0307282 0.126305 
50813 -0.0305254 0.278874 
50814 -0.0304008 0.43341 
50815 0.116558 -0.170856 
50816 0.117646 -0.023648 
50817 0.118876 0.125469 
50818 0.120026 0.276941 
50819 0.121278 0.430402 
50820 0.26205 -0.169447 
50821 0.264055 -0.0235746 
50822 0.266201 0.124502 
50823 0.268693 0.27482 
50824 0.270865 0.427307 
