50350 -0.333225 -0.250024 
50351 -0.333323 -0.0834944 
50352 -0.333385 0.0833698 
50353 -0.333303 0.250059 
50354 -0.333292 0.416689 
50355 -0.166671 -0.249995 
50356 -0.166651 -0.0833026 
50357 -0.166659 0.0831787 
50358 -0.166607 0.249991 
50359 -0.166621 0.416688 
50360 -6.4664e-05 -0.249972 
50361 -5.08103e-05 -0.0833102 
50362 3.40957e-05 0.0833267 
50363 0.000112166 0.250028 
50364 -2.90495e-05 0.416708 
50365 0.166653 -0.250033 
50366 0.166602 -0.0834355 
50367 0.166776 0.0833298 
50368 0.166785 0.24993 
50369 0.166756 0.41673 
50370 0.333403 -0.250002 
50371 0.333352 -0.0832584 
50372 0.333396 0.0833919 
50373 0.333417 0.250053 
50374 0.333433 0.416468 
50375 -0.332975 -0.246 
50376 -0.333185 -0.0803981 
50377 -0.333427 0.0854687 
50378 -0.333726 0.251375 
50379 -0.333981 0.417529 
50380 -0.167106 -0.24569 
50381 -0.167445 -0.0802016 
50382 -0.167525 0.0856093 
50383 -0.167722 0.251471 
50384 -0.167933 0.417446 
50385 -0.0014433 -0.245448 
50386 -0.00166847 -0.079883 
50387 -0.00176105 0.0857341 
50388 -0.00182743 0.251608 
50389 -0.00199859 0.417483 
50390 0.16405 -0.245149 
50391 0.163888 -0.0796346 
50392 0.163815 0.0858941 
50393 0.163849 0.251535 
50394 0.16374 0.417398 
50395 0.329493 -0.245065 
50396 0.329378 -0.0795164 
50397 0.329372 0.0859884 
50398 0.329266 0.251793 
50399 0.329421 0.417444 
50400 -0.332373 -0.2419 
50401 -0.332992 -0.0773003 
50402 -0.333528 0.0877611 
50403 -0.334251 0.253108 
50404 -0.334707 0.418458 
50405 -0.167494 -0.241607 
50406 -0.167867 -0.0768363 
50407 -0.168433 0.0880076 
50408 -0.168917 0.253057 
50409 -0.169205 0.418414 
50410 -0.00282792 -0.240944 
50411 -0.00323861 -0.0766671 
50412 -0.00351286 0.0880984 
50413 -0.0037167 0.253094 
50414 -0.00403215 0.418356 
50415 0.161506 -0.240372 
50416 0.161329 -0.0762777 
50417 0.161179 0.0885021 
50418 0.160977 0.253159 
50419 0.160752 0.418367 
50420 0.325529 -0.239893 
50421 0.325554 -0.0758125 
50422 0.325593 0.0885644 
50423 0.325435 0.253356 
50424 0.32541 0.418341 
50425 -0.332051 -0.237955 
50426 -0.332846 -0.0742429 
50427 -0.333607 0.0901329 
50428 -0.334594 0.254535 
50429 -0.335318 0.419516 
50430 -0.168026 -0.237286 
50431 -0.168604 -0.0735715 
50432 -0.169201 0.0902525 
50433 -0.169897 0.254482 
50434 -0.170537 0.419432 
50435 -0.00438639 -0.236526 
50436 -0.00479487 -0.0731483 
50437 -0.00525186 0.0906977 
50438 -0.00565322 0.254699 
50439 -0.00593923 0.419276 
50440 0.158886 -0.235781 
50441 0.158665 -0.0726298 
50442 0.15845 0.0909107 
50443 0.158206 0.254852 
50444 0.158032 0.419208 
50445 0.321719 -0.235031 
50446 0.321699 -0.0721607 
50447 0.321689 0.0912731 
50448 0.321722 0.254876 
50449 0.321621 0.419129 
50450 -0.331834 -0.233897 
50451 -0.332742 -0.0711407 
50452 -0.33378 0.092367 
50453 -0.334877 0.256112 
50454 -0.335953 0.420432 
50455 -0.168526 -0.232835 
50456 -0.16928 -0.0703817 
50457 -0.170205 0.0926065 
50458 -0.170733 0.256252 
50459 -0.171658 0.42052 
50460 -0.00582247 -0.232061 
50461 -0.00637193 -0.0698909 
50462 -0.00683963 0.092865 
50463 -0.00737915 0.256321 
50464 -0.00790723 0.420282 
50465 0.156288 -0.231238 
50466 0.156105 -0.0691657 
50467 0.155747 0.0933662 
50468 0.155596 0.256565 
50469 0.15529 0.420053 
50470 0.317816 -0.230325 
50471 0.3179 -0.0685497 
50472 0.318007 0.0938532 
50473 0.318011 0.256654 
50474 0.318025 0.419836 
50475 -0.331656 -0.229958 
50476 -0.332681 -0.0678133 
50477 -0.333929 0.0947367 
50478 -0.335198 0.257819 
50479 -0.33662 0.421572 
50480 -0.169083 -0.228773 
50481 -0.170069 -0.0672018 
50482 -0.170861 0.0951019 
50483 -0.172024 0.257917 
50484 -0.172756 0.421478 
50485 -0.0073573 -0.227613 
50486 -0.00804447 -0.0664995 
50487 -0.00858561 0.0954872 
50488 -0.00914075 0.257949 
50489 -0.00966468 0.421185 
50490 0.153686 -0.22659 
50491 0.153307 -0.0656541 
50492 0.153196 0.0958666 
50493 0.152901 0.258126 
50494 0.152544 0.421013 
50495 0.314042 -0.225614 
50496 0.314104 -0.0649408 
50497 0.314202 0.0962514 
50498 0.31429 0.258074 
50499 0.31444 0.420602 
50500 -0.331198 -0.22564 
50501 -0.332642 -0.0647189 
50502 -0.33409 0.0970068 
50503 -0.335478 0.259656 
50504 -0.33686 0.422949 
50505 -0.169678 -0.224558 
50506 -0.170732 -0.0640407 
50507 -0.171691 0.0974449 
50508 -0.172742 0.259782 
50509 -0.173777 0.42265 
50510 -0.00884878 -0.223212 
50511 -0.00958046 -0.0631136 
50512 -0.0103123 0.0977839 
50513 -0.0108133 0.259608 
50514 -0.0114555 0.422263 
50515 0.151084 -0.221981 
50516 0.150833 -0.0622143 
50517 0.150571 0.098185 
50518 0.150262 0.259546 
50519 0.150097 0.421887 
50520 0.310213 -0.220955 
50521 0.310513 -0.0614603 
50522 0.310587 0.0987244 
50523 0.310698 0.259672 
50524 0.310755 0.421498 
50525 -0.331068 -0.221563 
50526 -0.332584 -0.0614837 
50527 -0.3341 0.0995429 
50528 -0.335861 0.261432 
50529 -0.337423 0.424334 
50530 -0.170258 -0.220122 
50531 -0.171429 -0.0605589 
50532 -0.172579 0.0999053 
50533 -0.173843 0.261316 
50534 -0.17475 0.423625 
50535 -0.0105719 -0.218947 
50536 -0.0110841 -0.0598235 
50537 -0.0118802 0.10024 
50538 -0.01254 0.261248 
50539 -0.0131424 0.423081 
50540 0.148486 -0.217663 
50541 0.14826 -0.0590552 
50542 0.148006 0.100657 
50543 0.147853 0.261372 
50544 0.147534 0.422636 
50545 0.306444 -0.216491 
50546 0.306567 -0.0581179 
50547 0.307028 0.10118 
50548 0.307143 0.261172 
50549 0.307405 0.42219 
50550 -0.330871 -0.217434 
50551 -0.332461 -0.0583184 
50552 -0.334298 0.101932 
50553 -0.335953 0.263198 
50554 -0.337871 0.425541 
50555 -0.17103 -0.216098 
50556 -0.172159 -0.0573358 
50557 -0.173449 0.102334 
50558 -0.174628 0.263072 
50559 -0.175758 0.424873 
50560 -0.012137 -0.214643 
50561 -0.0128109 -0.0565731 
50562 -0.0134032 0.102664 
50563 -0.0141017 0.262958 
50564 -0.014771 0.424214 
50565 0.145671 -0.213344 
50566 0.145646 -0.0556079 
50567 0.145366 0.103079 
50568 0.145317 0.262716 
50569 0.145087 0.423557 
50570 0.302633 -0.212009 
50571 0.302988 -0.054762 
50572 0.303376 0.103334 
50573 0.303742 0.262746 
50574 0.304084 0.422805 
50575 -0.33079 -0.213265 
50576 -0.332664 -0.0550586 
50577 -0.334512 0.104421 
50578 -0.336306 0.265202 
50579 -0.33829 0.426877 
50580 -0.171689 -0.211835 
50581 -0.172877 -0.0541057 
50582 -0.174203 0.104801 
50583 -0.175543 0.264666 
50584 -0.176669 0.426 
50585 -0.0137405 -0.210519 
50586 -0.0144277 -0.0533117 
50587 -0.0150116 0.105053 
50588 -0.015709 0.264485 
50589 -0.0162958 0.42522 
50590 0.143165 -0.209042 
50591 0.143021 -0.0523205 
50592 0.142967 0.105383 
50593 0.142716 0.264303 
50594 0.142638 0.424458 
50595 0.298805 -0.207532 
50596 0.299341 -0.0515088 
50597 0.299811 0.10557 
50598 0.300188 0.264101 
50599 0.300768 0.423764 
50600 -0.330764 -0.209278 
50601 -0.332702 -0.0517943 
50602 -0.334738 0.106911 
50603 -0.336615 0.266849 
50604 -0.338459 0.428185 
50605 -0.172472 -0.207763 
50606 -0.173739 -0.0508885 
50607 -0.174972 0.107177 
50608 -0.176434 0.266486 
50609 -0.177708 0.427225 
50610 -0.0154271 -0.206269 
50611 -0.016123 -0.0500908 
50612 -0.0165575 0.107253 
50613 -0.0173543 0.266084 
50614 -0.0178634 0.426277 
50615 0.140427 -0.204914 
50616 0.140526 -0.0492252 
50617 0.140458 0.107588 
50618 0.140418 0.265678 
50619 0.140371 0.425075 
50620 0.294974 -0.20324 
50621 0.295691 -0.0483217 
50622 0.296358 0.107788 
50623 0.296895 0.265394 
50624 0.297597 0.424161 
50625 -0.330657 -0.205228 
50626 -0.332768 -0.0487046 
50627 -0.334805 0.109346 
50628 -0.336785 0.268708 
50629 -0.338859 0.42963 
50630 -0.173214 -0.203735 
50631 -0.174491 -0.047898 
50632 -0.175864 0.109519 
50633 -0.177003 0.268229 
50634 -0.178482 0.428272 
50635 -0.0169496 -0.202184 
50636 -0.0177299 -0.0468526 
50637 -0.0183144 0.109597 
50638 -0.0188681 0.267692 
50639 -0.0194513 0.427027 
50640 0.137776 -0.200803 
50641 0.137945 -0.0461445 
50642 0.137898 0.10969 
50643 0.138084 0.267117 
50644 0.138203 0.425773 
50645 0.291233 -0.19915 
50646 0.292156 -0.0453483 
50647 0.292915 0.109919 
50648 0.293706 0.266599 
50649 0.294462 0.424712 
50650 -0.330945 -0.200991 
50651 -0.332864 -0.0454123 
50652 -0.335045 0.111851 
50653 -0.336955 0.27051 
50654 -0.339176 0.430764 
50655 -0.174079 -0.199578 
50656 -0.17543 -0.0445444 
50657 -0.176607 0.11185 
50658 -0.178011 0.269827 
50659 -0.179389 0.429568 
50660 -0.0186844 -0.198157 
50661 -0.0192753 -0.043957 
50662 -0.0197868 0.111799 
50663 -0.0203611 0.26911 
50664 -0.020869 0.428033 
50665 0.135113 -0.196745 
50666 0.135282 -0.043078 
50667 0.135659 0.112021 
50668 0.135772 0.268297 
50669 0.13596 0.426613 
50670 0.287489 -0.195122 
50671 0.288466 -0.0424032 
50672 0.289423 0.111931 
50673 0.290483 0.26782 
50674 0.291293 0.425197 
50675 -0.331022 -0.197335 
50676 -0.332989 -0.042229 
50677 -0.335201 0.114302 
50678 -0.337262 0.272528 
50679 -0.339281 0.432277 
50680 -0.174975 -0.195694 
50681 -0.176269 -0.0416196 
50682 -0.177453 0.114242 
50683 -0.17872 0.271544 
50684 -0.179994 0.430495 
50685 -0.0204328 -0.194179 
50686 -0.0210045 -0.0407916 
50687 -0.0214352 0.114196 
50688 -0.0217977 0.270751 
50689 -0.0221274 0.428907 
50690 0.132258 -0.192916 
50691 0.132759 -0.0402519 
50692 0.133115 0.11403 
50693 0.133557 0.269781 
50694 0.133943 0.427248 
50695 0.283834 -0.19133 
50696 0.284946 -0.0394269 
50697 0.286078 0.1141 
50698 0.287237 0.268906 
50699 0.288387 0.42553 
50700 -0.331043 -0.193177 
50701 -0.333154 -0.0391471 
50702 -0.335282 0.116792 
50703 -0.337339 0.274374 
50704 -0.339457 0.433623 
50705 -0.175887 -0.191726 
50706 -0.177116 -0.0384461 
50707 -0.178248 0.116445 
50708 -0.179466 0.27331 
50709 -0.180689 0.43159 
50710 -0.0222017 -0.190426 
50711 -0.0226905 -0.0378256 
50712 -0.0229768 0.116293 
50713 -0.0232152 0.272285 
50714 -0.0235721 0.429754 
50715 0.129611 -0.189 
50716 0.130255 -0.037276 
50717 0.130655 0.11608 
50718 0.131413 0.271074 
50719 0.131872 0.427855 
50720 0.280091 -0.187535 
50721 0.281409 -0.0366114 
50722 0.282705 0.115754 
50723 0.284176 0.269992 
50724 0.285586 0.425929 
50725 -0.331362 -0.189242 
50726 -0.333331 -0.0359819 
50727 -0.335438 0.119219 
50728 -0.337456 0.276123 
50729 -0.339594 0.434938 
50730 -0.176973 -0.187876 
50731 -0.177849 -0.0354781 
50732 -0.17912 0.118759 
50733 -0.180251 0.274877 
50734 -0.181177 0.432814 
50735 -0.0240928 -0.186589 
50736 -0.0242547 -0.0350045 
50737 -0.0244471 0.1183 
50738 -0.0247072 0.273533 
50739 -0.024668 0.430629 
50740 0.126976 -0.185256 
50741 0.127664 -0.0344233 
50742 0.128376 0.11798 
50743 0.128993 0.272382 
50744 0.12973 0.428472 
50745 0.276286 -0.184004 
50746 0.277811 -0.0340944 
50747 0.279368 0.117527 
50748 0.28115 0.270891 
50749 0.282661 0.42611 
50750 -0.331592 -0.185366 
50751 -0.33363 -0.0329267 
50752 -0.335561 0.121561 
50753 -0.337597 0.277951 
50754 -0.339679 0.43641 
50755 -0.17798 -0.184029 
50756 -0.178941 -0.0324583 
50757 -0.17984 0.121003 
50758 -0.180759 0.276531 
50759 -0.181938 0.433811 
50760 -0.0258898 -0.182939 
50761 -0.0260344 -0.0321515 
50762 -0.0260258 0.120281 
50763 -0.02601 0.274721 
50764 -0.0261099 0.431372 
50765 0.12425 -0.181641 
50766 0.125163 -0.031841 
50767 0.126021 0.119741 
50768 0.127135 0.273333 
50769 0.127818 0.428813 
50770 0.272742 -0.180417 
50771 0.274349 -0.0314994 
50772 0.276263 0.11913 
50773 0.278021 0.27167 
50774 0.279961 0.426317 
50775 -0.331935 -0.181622 
50776 -0.333924 -0.0297781 
50777 -0.335723 0.123955 
50778 -0.337665 0.279872 
50779 -0.339721 0.437801 
50780 -0.178851 -0.180452 
50781 -0.179687 -0.0296234 
50782 -0.180644 0.123087 
50783 -0.181542 0.278048 
50784 -0.182455 0.434836 
50785 -0.0277274 -0.179228 
50786 -0.0275702 -0.0293794 
50787 -0.027511 0.12242 
50788 -0.0272393 0.276111 
50789 -0.0272517 0.431979 
50790 0.121541 -0.17814 
50791 0.122528 -0.0292767 
50792 0.123718 0.12158 
50793 0.124858 0.274329 
50794 0.126032 0.429067 
50795 0.268931 -0.176963 
50796 0.270896 -0.0291147 
50797 0.272955 0.120802 
50798 0.274883 0.272518 
50799 0.277116 0.426326 
50800 -0.332359 -0.177885 
50801 -0.33411 -0.026865 
50802 -0.33591 0.126351 
50803 -0.33783 0.281666 
50804 -0.33976 0.438965 
50805 -0.17981 -0.176664 
50806 -0.180699 -0.0268057 
50807 -0.181326 0.125158 
50808 -0.182279 0.279391 
50809 -0.182889 0.435864 
50810 -0.0297604 -0.175803 
50811 -0.0290931 -0.0267969 
50812 -0.0289635 0.124252 
50813 -0.0285029 0.277331 
50814 -0.0284364 0.432552 
50815 0.118725 -0.174776 
50816 0.1201 -0.0267356 
50817 0.12144 0.123195 
50818 0.122737 0.275308 
50819 0.124034 0.429411 
50820 0.26521 -0.173764 
50821 0.267402 -0.0267982 
50822 0.269627 0.122199 
50823 0.272092 0.27323 
50824 0.274461 0.426323 
50825 -0.332746 -0.174173 
50826 -0.334356 -0.0239672 
50827 -0.336138 0.128659 
50828 -0.337873 0.28332 
50829 -0.339843 0.440176 
50830 -0.180959 -0.173187 
50831 -0.18146 -0.0241742 
50832 -0.182237 0.127387 
50833 -0.1829 0.280931 
50834 -0.183364 0.436675 
50835 -0.0313973 -0.172255 
50836 -0.0309371 -0.0242817 
50837 -0.0305405 0.125963 
50838 -0.0300397 0.278618 
50839 -0.0295863 0.433128 
50840 0.116018 -0.171443 
50841 0.117537 -0.0243518 
50842 0.119115 0.124734 
50843 0.120675 0.27609 
50844 0.122341 0.429575 
50845 0.261425 -0.17056 
50846 0.263958 -0.0246423 
50847 0.266594 0.123575 
50848 0.269169 0.273892 
50849 0.271759 0.42619 
