50425 -0.333354 -0.249976 
50426 -0.333302 -0.0833718 
50427 -0.333185 0.0832295 
50428 -0.333179 0.249982 
50429 -0.333445 0.416682 
50430 -0.166663 -0.249948 
50431 -0.166683 -0.0833921 
50432 -0.166643 0.0833896 
50433 -0.166688 0.25004 
50434 -0.166661 0.416802 
50435 -0.000133588 -0.250077 
50436 -1.07892e-05 -0.0833513 
50437 0.000101541 0.0832473 
50438 2.16145e-05 0.250129 
50439 3.19748e-05 0.416771 
50440 0.166648 -0.249938 
50441 0.166758 -0.0834359 
50442 0.166717 0.0833628 
50443 0.166595 0.24998 
50444 0.166659 0.416713 
50445 0.333361 -0.24998 
50446 0.333239 -0.0832492 
50447 0.333326 0.0833319 
50448 0.333377 0.250055 
50449 0.333321 0.416656 
50450 -0.333013 -0.245788 
50451 -0.333197 -0.0801 
50452 -0.333428 0.0858122 
50453 -0.333689 0.251605 
50454 -0.333817 0.417738 
50455 -0.167183 -0.245647 
50456 -0.167275 -0.0799454 
50457 -0.16761 0.0859119 
50458 -0.167821 0.251588 
50459 -0.167827 0.417588 
50460 -0.00149989 -0.245311 
50461 -0.00153752 -0.0799021 
50462 -0.00161451 0.0858814 
50463 -0.00198169 0.2516 
50464 -0.00192249 0.417608 
50465 0.163769 -0.245189 
50466 0.163945 -0.0797311 
50467 0.163993 0.0859442 
50468 0.163948 0.25161 
50469 0.1639 0.417539 
50470 0.329253 -0.24499 
50471 0.329539 -0.0797084 
50472 0.329455 0.0859419 
50473 0.329498 0.251593 
50474 0.32964 0.417362 
50475 -0.332583 -0.241617 
50476 -0.333117 -0.0769627 
50477 -0.33351 0.0879615 
50478 -0.333896 0.253403 
50479 -0.334327 0.418958 
50480 -0.167553 -0.241215 
50481 -0.168003 -0.0766949 
50482 -0.168304 0.0881926 
50483 -0.168499 0.253355 
50484 -0.168935 0.418795 
50485 -0.00309797 -0.240999 
50486 -0.00321555 -0.07649 
50487 -0.00341115 0.0881508 
50488 -0.00352673 0.25326 
50489 -0.00371408 0.4185 
50490 0.161293 -0.240593 
50491 0.161264 -0.0761706 
50492 0.161244 0.088438 
50493 0.161412 0.253233 
50494 0.161214 0.418445 
50495 0.325406 -0.240003 
50496 0.325579 -0.075994 
50497 0.325634 0.0884634 
50498 0.325656 0.253326 
50499 0.325943 0.418162 
50500 -0.332298 -0.237383 
50501 -0.333058 -0.0735715 
50502 -0.333646 0.0905727 
50503 -0.334143 0.255077 
50504 -0.334764 0.420045 
50505 -0.168276 -0.236798 
50506 -0.168704 -0.0733649 
50507 -0.16911 0.0906283 
50508 -0.169556 0.254943 
50509 -0.170022 0.419887 
50510 -0.00459579 -0.236287 
50511 -0.00477672 -0.0730337 
50512 -0.00507103 0.090721 
50513 -0.00519677 0.254891 
50514 -0.00560191 0.41958 
50515 0.158617 -0.235813 
50516 0.158599 -0.0725953 
50517 0.158651 0.0908841 
50518 0.158547 0.254887 
50519 0.158632 0.419203 
50520 0.321532 -0.235349 
50521 0.321683 -0.0723574 
50522 0.321869 0.0909285 
50523 0.322055 0.254712 
50524 0.322135 0.418874 
50525 -0.332148 -0.233174 
50526 -0.332753 -0.0703603 
50527 -0.333623 0.0928981 
50528 -0.334421 0.256979 
50529 -0.335331 0.421299 
50530 -0.168902 -0.232479 
50531 -0.169447 -0.0700855 
50532 -0.169959 0.093017 
50533 -0.170412 0.256887 
50534 -0.171009 0.420953 
50535 -0.00625031 -0.231885 
50536 -0.00648338 -0.0697484 
50537 -0.00680295 0.0931433 
50538 -0.00694793 0.256607 
50539 -0.0072819 0.42046 
50540 0.156011 -0.231278 
50541 0.155938 -0.0692697 
50542 0.155921 0.0932726 
50543 0.156012 0.256421 
50544 0.156073 0.420008 
50545 0.317503 -0.230506 
50546 0.317812 -0.0691058 
50547 0.318113 0.0933368 
50548 0.318481 0.25617 
50549 0.31875 0.419738 
50550 -0.331845 -0.228963 
50551 -0.332769 -0.0671371 
50552 -0.33388 0.0954349 
50553 -0.334853 0.258611 
50554 -0.335629 0.422559 
50555 -0.169309 -0.228206 
50556 -0.170223 -0.0664762 
50557 -0.170605 0.0955222 
50558 -0.171233 0.258517 
50559 -0.171976 0.422096 
50560 -0.00770187 -0.227612 
50561 -0.00804604 -0.0662417 
50562 -0.00824456 0.0956843 
50563 -0.0085381 0.258237 
50564 -0.00883458 0.421497 
50565 0.153268 -0.226771 
50566 0.153343 -0.0659152 
50567 0.153371 0.0956538 
50568 0.153503 0.257938 
50569 0.15343 0.420812 
50570 0.313632 -0.226004 
50571 0.31409 -0.0654368 
50572 0.314632 0.0957661 
50573 0.314939 0.25777 
50574 0.315255 0.420287 
50575 -0.331719 -0.224819 
50576 -0.332757 -0.0636761 
50577 -0.333854 0.0979203 
50578 -0.335028 0.260498 
50579 -0.336035 0.423793 
50580 -0.170124 -0.223905 
50581 -0.170712 -0.0633089 
50582 -0.171408 0.0981891 
50583 -0.172235 0.260226 
50584 -0.172719 0.423172 
50585 -0.00927565 -0.223235 
50586 -0.00966493 -0.0628714 
50587 -0.00995388 0.0979969 
50588 -0.0102333 0.259831 
50589 -0.0104729 0.422561 
50590 0.150747 -0.222312 
50591 0.150628 -0.0624837 
50592 0.150794 0.0981461 
50593 0.151 0.259597 
50594 0.151171 0.421622 
50595 0.309741 -0.221418 
50596 0.310298 -0.0621006 
50597 0.310819 0.0981829 
50598 0.311489 0.259095 
50599 0.311806 0.420944 
50600 -0.331625 -0.220602 
50601 -0.332777 -0.060587 
50602 -0.333834 0.100516 
50603 -0.335065 0.262459 
50604 -0.33628 0.425291 
50605 -0.170993 -0.219742 
50606 -0.171699 -0.0601903 
50607 -0.172287 0.100419 
50608 -0.172905 0.261799 
50609 -0.173607 0.424279 
50610 -0.0111066 -0.218885 
50611 -0.0112793 -0.0597277 
50612 -0.0115544 0.100424 
50613 -0.0118651 0.261424 
50614 -0.0120221 0.423425 
50615 0.147872 -0.217911 
50616 0.148144 -0.0591879 
50617 0.148341 0.100355 
50618 0.148575 0.260967 
50619 0.148896 0.422469 
50620 0.305944 -0.217116 
50621 0.306511 -0.0589039 
50622 0.307309 0.100242 
50623 0.307987 0.260412 
50624 0.308549 0.421664 
50625 -0.331522 -0.216412 
50626 -0.332711 -0.0571711 
50627 -0.334073 0.102911 
50628 -0.335244 0.264255 
50629 -0.336546 0.426604 
50630 -0.171644 -0.215572 
50631 -0.17234 -0.0568035 
50632 -0.173144 0.102874 
50633 -0.17373 0.263585 
50634 -0.174623 0.425622 
50635 -0.0128067 -0.214592 
50636 -0.0129858 -0.0564556 
50637 -0.013124 0.102687 
50638 -0.0132692 0.262954 
50639 -0.0134857 0.424287 
50640 0.145105 -0.21377 
50641 0.14545 -0.0560723 
50642 0.145876 0.102562 
50643 0.146171 0.262459 
50644 0.146597 0.423074 
50645 0.301971 -0.213007 
50646 0.30279 -0.0558687 
50647 0.303839 0.102514 
50648 0.304629 0.261749 
50649 0.305653 0.422068 
50650 -0.331592 -0.212276 
50651 -0.332762 -0.0540734 
50652 -0.334191 0.105448 
50653 -0.335499 0.26621 
50654 -0.336727 0.427938 
50655 -0.172464 -0.211437 
50656 -0.17319 -0.0536425 
50657 -0.173769 0.105049 
50658 -0.174556 0.265249 
50659 -0.175306 0.426561 
50660 -0.0143995 -0.210556 
50661 -0.0146853 -0.0533548 
50662 -0.0147754 0.104969 
50663 -0.0147593 0.264559 
50664 -0.0149502 0.425294 
50665 0.142359 -0.209516 
50666 0.142803 -0.0530278 
50667 0.143274 0.10478 
50668 0.143718 0.263696 
50669 0.144341 0.423808 
50670 0.298159 -0.208797 
50671 0.29925 -0.0526653 
50672 0.30013 0.104509 
50673 0.301217 0.262891 
50674 0.302361 0.422404 
50675 -0.33157 -0.208168 
50676 -0.332925 -0.0506789 
50677 -0.334307 0.108114 
50678 -0.335536 0.267944 
50679 -0.337049 0.429338 
50680 -0.173463 -0.20748 
50681 -0.17403 -0.0506167 
50682 -0.174616 0.1076 
50683 -0.17527 0.267155 
50684 -0.176 0.427754 
50685 -0.0162503 -0.206415 
50686 -0.0163964 -0.0502215 
50687 -0.0163233 0.107197 
50688 -0.0163799 0.266017 
50689 -0.0162494 0.42612 
50690 0.139635 -0.205546 
50691 0.140123 -0.0499689 
50692 0.140892 0.106963 
50693 0.141477 0.264953 
50694 0.142138 0.424489 
50695 0.294246 -0.204625 
50696 0.295391 -0.0496312 
50697 0.296802 0.10648 
50698 0.298141 0.264113 
50699 0.299326 0.423039 
50700 -0.331592 -0.204043 
50701 -0.333017 -0.0475667 
50702 -0.334324 0.110489 
50703 -0.335765 0.269918 
50704 -0.337143 0.430655 
50705 -0.174116 -0.20325 
50706 -0.174815 -0.0474226 
50707 -0.175423 0.109879 
50708 -0.17611 0.268718 
50709 -0.176617 0.428846 
50710 -0.0179511 -0.202513 
50711 -0.0180264 -0.0471248 
50712 -0.017815 0.109341 
50713 -0.0178577 0.267503 
50714 -0.0176176 0.42698 
50715 0.136991 -0.201645 
50716 0.137676 -0.0470769 
50717 0.138478 0.108957 
50718 0.139307 0.266275 
50719 0.140037 0.425053 
50720 0.290473 -0.200786 
50721 0.291893 -0.04694 
50722 0.293341 0.108367 
50723 0.294851 0.265106 
50724 0.296157 0.423144 
50725 -0.331891 -0.200155 
50726 -0.333018 -0.0443536 
50727 -0.33453 0.112881 
50728 -0.335825 0.27167 
50729 -0.337169 0.432075 
50730 -0.175016 -0.199291 
50731 -0.1756 -0.044274 
50732 -0.176172 0.112181 
50733 -0.176739 0.270336 
50734 -0.177306 0.429844 
50735 -0.0198146 -0.198542 
50736 -0.0195072 -0.0442928 
50737 -0.0193644 0.111512 
50738 -0.0191225 0.268844 
50739 -0.0189754 0.427691 
50740 0.134168 -0.197922 
50741 0.135135 -0.0441348 
50742 0.136152 0.110915 
50743 0.137095 0.267365 
50744 0.137983 0.425592 
50745 0.286693 -0.197047 
50746 0.288261 -0.0441762 
50747 0.289961 0.110212 
50748 0.291695 0.265931 
50749 0.293412 0.423439 
50750 -0.332005 -0.196229 
50751 -0.333435 -0.0412131 
50752 -0.334678 0.115336 
50753 -0.335975 0.273556 
50754 -0.337183 0.433394 
50755 -0.175947 -0.195428 
50756 -0.176544 -0.0412682 
50757 -0.176901 0.114424 
50758 -0.177283 0.271888 
50759 -0.177927 0.430981 
50760 -0.0214608 -0.194806 
50761 -0.0211738 -0.0412508 
50762 -0.0208758 0.113676 
50763 -0.020556 0.270098 
50764 -0.0201944 0.428387 
50765 0.131382 -0.194051 
50766 0.132479 -0.0414998 
50767 0.133555 0.112629 
50768 0.134831 0.268528 
50769 0.135909 0.426073 
50770 0.282731 -0.193503 
50771 0.284704 -0.0415816 
50772 0.286493 0.111904 
50773 0.2885 0.267014 
50774 0.290519 0.423392 
50775 -0.332427 -0.192131 
50776 -0.333539 -0.0381907 
50777 -0.334662 0.11775 
50778 -0.336051 0.275383 
50779 -0.337089 0.434707 
50780 -0.177055 -0.191662 
50781 -0.177481 -0.0383185 
50782 -0.177752 0.116673 
50783 -0.177936 0.273393 
50784 -0.178302 0.431819 
50785 -0.0234503 -0.191011 
50786 -0.0228586 -0.0386042 
50787 -0.0223465 0.11551 
50788 -0.0219306 0.271488 
50789 -0.0213562 0.429077 
50790 0.128655 -0.190558 
50791 0.130001 -0.0388422 
50792 0.131319 0.114599 
50793 0.132654 0.269683 
50794 0.134059 0.426296 
50795 0.278896 -0.189918 
50796 0.281093 -0.0390443 
50797 0.283336 0.113386 
50798 0.285485 0.267577 
50799 0.287725 0.423442 
50800 -0.332721 -0.18839 
50801 -0.333783 -0.0351457 
50802 -0.334823 0.120178 
50803 -0.336082 0.277174 
50804 -0.337173 0.435824 
50805 -0.178222 -0.188018 
50806 -0.178271 -0.0354587 
50807 -0.178541 0.118871 
50808 -0.178795 0.274883 
50809 -0.178843 0.432849 
50810 -0.0251257 -0.187499 
50811 -0.0246738 -0.036022 
50812 -0.0239024 0.117416 
50813 -0.0231558 0.272546 
50814 -0.0223692 0.429583 
50815 0.125796 -0.187049 
50816 0.127286 -0.036473 
50817 0.128828 0.116196 
50818 0.130604 0.270524 
50819 0.132182 0.42654 
50820 0.275212 -0.186563 
50821 0.27765 -0.0366765 
50822 0.279917 0.114908 
50823 0.282488 0.268284 
50824 0.284954 0.423396 
50825 -0.333085 -0.184703 
50826 -0.334051 -0.0320493 
50827 -0.335127 0.122566 
50828 -0.336174 0.278816 
50829 -0.337119 0.437297 
50830 -0.179194 -0.184323 
50831 -0.17922 -0.0327149 
50832 -0.179405 0.12099 
50833 -0.179335 0.276291 
50834 -0.17943 0.433653 
50835 -0.0271522 -0.183958 
50836 -0.0262101 -0.0331517 
50837 -0.0253238 0.119236 
50838 -0.0245256 0.27372 
50839 -0.0235815 0.430167 
50840 0.123038 -0.183543 
50841 0.124825 -0.0338608 
50842 0.126649 0.117742 
50843 0.128448 0.271312 
50844 0.130214 0.426662 
50845 0.271327 -0.183349 
50846 0.27407 -0.0343604 
50847 0.276859 0.116343 
50848 0.279634 0.268818 
50849 0.282121 0.42331 
50850 -0.33354 -0.180964 
50851 -0.33427 -0.0290562 
50852 -0.335175 0.124774 
50853 -0.336201 0.280427 
50854 -0.337089 0.438348 
50855 -0.180166 -0.180634 
50856 -0.18007 -0.0299078 
50857 -0.180049 0.122992 
50858 -0.179925 0.277615 
50859 -0.17981 0.434421 
50860 -0.028919 -0.180687 
50861 -0.0279304 -0.0307476 
50862 -0.0269385 0.121003 
50863 -0.0256951 0.274771 
50864 -0.0245076 0.430582 
50865 0.120175 -0.180436 
50866 0.122322 -0.0314475 
50867 0.124238 0.119283 
50868 0.126438 0.272053 
50869 0.128504 0.426783 
50870 0.267714 -0.180241 
50871 0.270676 -0.0321834 
50872 0.273635 0.117508 
50873 0.2766 0.269265 
50874 0.279661 0.423131 
50875 -0.333941 -0.177379 
50876 -0.334591 -0.0263612 
50877 -0.335329 0.126848 
50878 -0.336177 0.282185 
50879 -0.336853 0.439487 
50880 -0.181425 -0.177222 
50881 -0.181086 -0.0272447 
50882 -0.180866 0.124868 
50883 -0.180532 0.278837 
50884 -0.180246 0.435229 
50885 -0.0308753 -0.177286 
50886 -0.0297438 -0.0282311 
50887 -0.028381 0.122736 
50888 -0.0270472 0.275757 
50889 -0.0256254 0.431027 
50890 0.117494 -0.17722 
50891 0.119806 -0.0292188 
50892 0.122031 0.120749 
50893 0.124239 0.27269 
50894 0.126678 0.426868 
50895 0.263874 -0.177174 
50896 0.267139 -0.0303577 
50897 0.270243 0.118585 
50898 0.273696 0.269572 
50899 0.276874 0.422763 
50900 -0.33454 -0.173845 
50901 -0.334862 -0.0234493 
50902 -0.335576 0.129089 
50903 -0.336118 0.283751 
50904 -0.336665 0.440578 
50905 -0.182608 -0.173941 
50906 -0.182057 -0.024882 
50907 -0.181546 0.126598 
50908 -0.181127 0.280108 
50909 -0.180603 0.435956 
50910 -0.0328665 -0.17419 
50911 -0.0314093 -0.0258344 
50912 -0.0298644 0.124374 
50913 -0.0283346 0.276738 
50914 -0.0267325 0.431231 
50915 0.114657 -0.174407 
50916 0.117057 -0.027128 
50917 0.119771 0.12204 
50918 0.12234 0.273241 
50919 0.124897 0.426601 
50920 0.260065 -0.174476 
50921 0.263585 -0.0283679 
50922 0.267174 0.119702 
50923 0.270772 0.269963 
50924 0.274344 0.422164 
