50450 -0.333388 -0.250002 
50451 -0.333314 -0.0834348 
50452 -0.333234 0.0832874 
50453 -0.333411 0.249924 
50454 -0.333377 0.416819 
50455 -0.166721 -0.250092 
50456 -0.166684 -0.0832786 
50457 -0.166571 0.0832573 
50458 -0.166613 0.250045 
50459 -0.166681 0.416663 
50460 6.09678e-05 -0.249864 
50461 4.52958e-05 -0.0834501 
50462 -4.7583e-05 0.0833973 
50463 -2.64336e-05 0.249968 
50464 -2.81876e-05 0.416749 
50465 0.16675 -0.249926 
50466 0.166638 -0.0833275 
50467 0.166497 0.0832277 
50468 0.166554 0.250009 
50469 0.166669 0.416813 
50470 0.333342 -0.249897 
50471 0.33332 -0.0833901 
50472 0.333527 0.0833462 
50473 0.333289 0.249991 
50474 0.33337 0.416669 
50475 -0.332921 -0.245793 
50476 -0.333134 -0.0801317 
50477 -0.333522 0.0857693 
50478 -0.33373 0.251759 
50479 -0.333949 0.417894 
50480 -0.167233 -0.245668 
50481 -0.167375 -0.080074 
50482 -0.167544 0.0858635 
50483 -0.167482 0.251742 
50484 -0.167739 0.417633 
50485 -0.00152202 -0.245393 
50486 -0.00160864 -0.0799024 
50487 -0.00178124 0.0857947 
50488 -0.00178939 0.25166 
50489 -0.00181989 0.417507 
50490 0.163842 -0.245209 
50491 0.163961 -0.0796656 
50492 0.164017 0.0857517 
50493 0.164001 0.251649 
50494 0.163972 0.417465 
50495 0.329399 -0.245167 
50496 0.329303 -0.0796898 
50497 0.329491 0.0859189 
50498 0.329516 0.251556 
50499 0.329608 0.417379 
50500 -0.332625 -0.241449 
50501 -0.332955 -0.0767841 
50502 -0.333366 0.0881202 
50503 -0.333829 0.253478 
50504 -0.334336 0.418985 
50505 -0.1677 -0.241205 
50506 -0.167948 -0.0764301 
50507 -0.168332 0.0882552 
50508 -0.168528 0.253338 
50509 -0.168752 0.418864 
50510 -0.00309265 -0.240804 
50511 -0.00330667 -0.0764311 
50512 -0.00333873 0.0883163 
50513 -0.00349526 0.253309 
50514 -0.00365092 0.418545 
50515 0.161171 -0.240502 
50516 0.161299 -0.0763281 
50517 0.161324 0.0884419 
50518 0.161302 0.253251 
50519 0.161247 0.41839 
50520 0.325412 -0.240357 
50521 0.325487 -0.075961 
50522 0.325695 0.0883812 
50523 0.325798 0.25314 
50524 0.325938 0.418265 
50525 -0.332403 -0.237297 
50526 -0.332839 -0.0735394 
50527 -0.333549 0.0907415 
50528 -0.334104 0.255255 
50529 -0.334737 0.42017 
50530 -0.168287 -0.236946 
50531 -0.168684 -0.0733062 
50532 -0.169081 0.0906738 
50533 -0.169447 0.255181 
50534 -0.169837 0.420055 
50535 -0.00468933 -0.236249 
50536 -0.00485999 -0.0731266 
50537 -0.00500727 0.0907706 
50538 -0.00508907 0.254944 
50539 -0.00526745 0.419701 
50540 0.158484 -0.235938 
50541 0.158634 -0.0726777 
50542 0.158716 0.0907803 
50543 0.158739 0.254889 
50544 0.158807 0.419157 
50545 0.321269 -0.235381 
50546 0.321591 -0.0725069 
50547 0.321946 0.0908876 
50548 0.322149 0.254592 
50549 0.322423 0.418844 
50550 -0.33206 -0.232914 
50551 -0.332863 -0.0701378 
50552 -0.333686 0.093232 
50553 -0.334324 0.256986 
50554 -0.335192 0.421402 
50555 -0.168962 -0.232399 
50556 -0.169403 -0.0699602 
50557 -0.1699 0.0930978 
50558 -0.170267 0.256873 
50559 -0.170779 0.421091 
50560 -0.00625658 -0.231936 
50561 -0.0063793 -0.0696696 
50562 -0.00658625 0.0931797 
50563 -0.00678338 0.256583 
50564 -0.00704617 0.420635 
50565 0.155887 -0.231303 
50566 0.155817 -0.0692896 
50567 0.156017 0.0933338 
50568 0.156089 0.256266 
50569 0.156262 0.420006 
50570 0.317566 -0.230796 
50571 0.317759 -0.0689644 
50572 0.318272 0.0932788 
50573 0.318712 0.256169 
50574 0.318905 0.419436 
50575 -0.331946 -0.228851 
50576 -0.332794 -0.0670309 
50577 -0.333646 0.0957329 
50578 -0.334485 0.258937 
50579 -0.335437 0.422943 
50580 -0.169632 -0.228172 
50581 -0.170177 -0.0665744 
50582 -0.170662 0.0955976 
50583 -0.171177 0.258533 
50584 -0.171705 0.422108 
50585 -0.00803548 -0.227573 
50586 -0.00814657 -0.0662923 
50587 -0.00817948 0.0956465 
50588 -0.00849554 0.258162 
50589 -0.00866318 0.42158 
50590 0.1531 -0.226802 
50591 0.153359 -0.0658924 
50592 0.153455 0.0956138 
50593 0.153703 0.257988 
50594 0.153895 0.42065 
50595 0.313544 -0.226366 
50596 0.314127 -0.0657027 
50597 0.314551 0.0956768 
50598 0.315096 0.25759 
50599 0.315564 0.420057 
50600 -0.331791 -0.224679 
50601 -0.332869 -0.0636074 
50602 -0.333867 0.0982207 
50603 -0.334653 0.260712 
50604 -0.335641 0.424232 
50605 -0.170323 -0.223897 
50606 -0.170816 -0.0633005 
50607 -0.171406 0.0981304 
50608 -0.172012 0.260182 
50609 -0.172484 0.423387 
50610 -0.00957534 -0.223137 
50611 -0.00975624 -0.0629948 
50612 -0.00985474 0.0979284 
50613 -0.00990099 0.259774 
50614 -0.0101888 0.422463 
50615 0.150479 -0.222496 
50616 0.150734 -0.0626482 
50617 0.150916 0.0978812 
50618 0.151233 0.259224 
50619 0.151293 0.421377 
50620 0.309611 -0.221702 
50621 0.310217 -0.0623477 
50622 0.311063 0.0978198 
50623 0.311769 0.258785 
50624 0.312332 0.420805 
50625 -0.331866 -0.22038 
50626 -0.332858 -0.0601886 
50627 -0.333936 0.100793 
50628 -0.334847 0.262455 
50629 -0.336 0.425622 
50630 -0.171181 -0.21972 
50631 -0.171684 -0.059993 
50632 -0.172188 0.100562 
50633 -0.172724 0.262074 
50634 -0.173368 0.424407 
50635 -0.0112356 -0.218926 
50636 -0.0113473 -0.059765 
50637 -0.0114688 0.100438 
50638 -0.0114836 0.261379 
50639 -0.011562 0.423357 
50640 0.147655 -0.218234 
50641 0.147984 -0.0593605 
50642 0.14839 0.100222 
50643 0.148763 0.260856 
50644 0.149254 0.422341 
50645 0.305645 -0.217401 
50646 0.306493 -0.0591659 
50647 0.307371 0.0999353 
50648 0.308209 0.259985 
50649 0.309072 0.421166 
50650 -0.331737 -0.216188 
50651 -0.332817 -0.0570117 
50652 -0.333835 0.103063 
50653 -0.335132 0.26456 
50654 -0.336073 0.426815 
50655 -0.171961 -0.215428 
50656 -0.172391 -0.0568598 
50657 -0.172952 0.102866 
50658 -0.173451 0.263623 
50659 -0.174136 0.42566 
50660 -0.0130342 -0.214507 
50661 -0.0130084 -0.056613 
50662 -0.0129711 0.102675 
50663 -0.0129238 0.262931 
50664 -0.013097 0.424201 
50665 0.144849 -0.214012 
50666 0.145447 -0.0564217 
50667 0.145924 0.102227 
50668 0.146394 0.262214 
50669 0.147011 0.422944 
50670 0.30187 -0.213234 
50671 0.302867 -0.0561281 
50672 0.303811 0.102101 
50673 0.304755 0.261464 
50674 0.305915 0.421577 
50675 -0.331939 -0.212091 
50676 -0.332928 -0.0539037 
50677 -0.33388 0.105837 
50678 -0.335208 0.266416 
50679 -0.336274 0.428153 
50680 -0.172796 -0.211417 
50681 -0.173163 -0.0535852 
50682 -0.173785 0.105289 
50683 -0.174341 0.265439 
50684 -0.174776 0.426652 
50685 -0.0148448 -0.210498 
50686 -0.0146376 -0.0534474 
50687 -0.0145567 0.104909 
50688 -0.0145276 0.264473 
50689 -0.0144131 0.42516 
50690 0.14209 -0.209872 
50691 0.142723 -0.0533437 
50692 0.143484 0.104484 
50693 0.144184 0.263573 
50694 0.144688 0.423618 
50695 0.298071 -0.209314 
50696 0.299087 -0.0532355 
50697 0.300414 0.103975 
50698 0.30163 0.262493 
50699 0.302816 0.421985 
50700 -0.331912 -0.207932 
50701 -0.332952 -0.0504518 
50702 -0.3343 0.10832 
50703 -0.335337 0.268189 
50704 -0.336382 0.429643 
50705 -0.17364 -0.207224 
50706 -0.174076 -0.0504265 
50707 -0.174585 0.107512 
50708 -0.175004 0.26698 
50709 -0.175432 0.427849 
50710 -0.0166194 -0.206621 
50711 -0.0163037 -0.0504233 
50712 -0.0161241 0.107081 
50713 -0.0159193 0.265893 
50714 -0.0158074 0.42605 
50715 0.13931 -0.205995 
50716 0.140199 -0.0503879 
50717 0.140901 0.106463 
50718 0.141776 0.264552 
50719 0.142705 0.424073 
50720 0.294125 -0.205331 
50721 0.295433 -0.0503039 
50722 0.296901 0.10599 
50723 0.298385 0.263538 
50724 0.29988 0.422196 
50725 -0.332119 -0.204009 
50726 -0.333048 -0.0473837 
50727 -0.334276 0.110759 
50728 -0.335541 0.270128 
50729 -0.33649 0.430855 
50730 -0.174458 -0.203397 
50731 -0.174931 -0.0473671 
50732 -0.175284 0.109936 
50733 -0.175629 0.268752 
50734 -0.176071 0.428791 
50735 -0.018264 -0.202718 
50736 -0.0179819 -0.0474092 
50737 -0.0176551 0.109165 
50738 -0.0174487 0.267164 
50739 -0.0170882 0.426665 
50740 0.136651 -0.202103 
50741 0.137796 -0.0474636 
50742 0.138593 0.108452 
50743 0.139647 0.265774 
50744 0.140602 0.424631 
50745 0.290161 -0.201452 
50746 0.291921 -0.0475932 
50747 0.293491 0.107638 
50748 0.295211 0.264348 
50749 0.296967 0.422505 
50750 -0.332337 -0.199899 
50751 -0.333335 -0.0440924 
50752 -0.334408 0.113176 
50753 -0.335459 0.271988 
50754 -0.336439 0.432357 
50755 -0.175316 -0.199435 
50756 -0.175787 -0.0444233 
50757 -0.176004 0.112115 
50758 -0.1764 0.270219 
50759 -0.176601 0.429916 
50760 -0.0201676 -0.198846 
50761 -0.0197429 -0.0444541 
50762 -0.019223 0.111224 
50763 -0.0186089 0.268441 
50764 -0.0183136 0.427374 
50765 0.133827 -0.198255 
50766 0.134933 -0.044732 
50767 0.13627 0.110342 
50768 0.137344 0.266987 
50769 0.138531 0.425019 
50770 0.286392 -0.197841 
50771 0.288246 -0.0449311 
50772 0.290269 0.10944 
50773 0.292037 0.26519 
50774 0.294113 0.422522 
50775 -0.332626 -0.196095 
50776 -0.333416 -0.0410453 
50777 -0.334574 0.115499 
50778 -0.335541 0.273711 
50779 -0.336657 0.433707 
50780 -0.176364 -0.195688 
50781 -0.176555 -0.0413411 
50782 -0.176908 0.114406 
50783 -0.176903 0.271859 
50784 -0.177263 0.430901 
50785 -0.021894 -0.195195 
50786 -0.0213389 -0.0417065 
50787 -0.0207075 0.113294 
50788 -0.0201535 0.269857 
50789 -0.019496 0.428079 
50790 0.13108 -0.194719 
50791 0.132325 -0.0420835 
50792 0.133668 0.112136 
50793 0.135018 0.267921 
50794 0.136723 0.425287 
50795 0.282421 -0.194226 
50796 0.284756 -0.0422935 
50797 0.286823 0.11096 
50798 0.289035 0.265913 
50799 0.291076 0.422486 
50800 -0.332684 -0.192182 
50801 -0.333723 -0.0378125 
50802 -0.334603 0.117879 
50803 -0.335651 0.275629 
50804 -0.3365 0.434706 
50805 -0.177442 -0.191778 
50806 -0.17746 -0.0383947 
50807 -0.177624 0.116551 
50808 -0.177556 0.273362 
50809 -0.177524 0.431754 
50810 -0.0238534 -0.191469 
50811 -0.0231299 -0.0390331 
50812 -0.0221857 0.115167 
50813 -0.021433 0.270854 
50814 -0.0205654 0.428617 
50815 0.128212 -0.191141 
50816 0.129841 -0.0396187 
50817 0.131359 0.113865 
50818 0.133062 0.268865 
50819 0.134703 0.425508 
50820 0.278696 -0.19086 
50821 0.281128 -0.0401267 
50822 0.283539 0.112468 
50823 0.286048 0.266665 
50824 0.28841 0.422524 
50825 -0.333118 -0.188287 
50826 -0.334003 -0.0348342 
50827 -0.334641 0.120241 
50828 -0.335574 0.277089 
50829 -0.336399 0.436076 
50830 -0.178462 -0.1882 
50831 -0.178462 -0.0357539 
50832 -0.178293 0.118698 
50833 -0.178325 0.274575 
50834 -0.178144 0.43259 
50835 -0.02577 -0.187935 
50836 -0.0248129 -0.0363464 
50837 -0.0236559 0.116977 
50838 -0.0226442 0.272234 
50839 -0.0216419 0.429073 
50840 0.125481 -0.187724 
50841 0.127181 -0.0370924 
50842 0.129042 0.115366 
50843 0.130887 0.269749 
50844 0.13285 0.425815 
50845 0.274969 -0.187667 
50846 0.277558 -0.0377269 
50847 0.280058 0.113958 
50848 0.282803 0.267237 
50849 0.285681 0.422345 
50850 -0.333641 -0.184654 
50851 -0.334186 -0.0319018 
50852 -0.33487 0.122599 
50853 -0.335533 0.278942 
50854 -0.336153 0.437241 
50855 -0.179636 -0.184534 
50856 -0.179297 -0.0328406 
50857 -0.179164 0.120539 
50858 -0.178752 0.276092 
50859 -0.178686 0.433458 
50860 -0.0275285 -0.184453 
50861 -0.0264627 -0.033765 
50862 -0.0251649 0.118761 
50863 -0.0238043 0.273233 
50864 -0.0228011 0.429556 
50865 0.122599 -0.184445 
50866 0.124711 -0.034754 
50867 0.126803 0.116977 
50868 0.128927 0.270398 
50869 0.130969 0.425684 
50870 0.271096 -0.184524 
50871 0.273964 -0.0355476 
50872 0.276927 0.115141 
50873 0.280089 0.267627 
50874 0.283056 0.42219 
50875 -0.33395 -0.181028 
50876 -0.334326 -0.0291688 
50877 -0.335051 0.12465 
50878 -0.335565 0.280538 
50879 -0.336106 0.438309 
50880 -0.180841 -0.181076 
50881 -0.180262 -0.0302749 
50882 -0.179759 0.122604 
50883 -0.179433 0.277441 
50884 -0.178983 0.434141 
50885 -0.0295446 -0.181267 
50886 -0.0281503 -0.0313755 
50887 -0.0267191 0.120476 
50888 -0.0252651 0.274126 
50889 -0.0239022 0.429955 
50890 0.1197 -0.181432 
50891 0.122174 -0.0326826 
50892 0.12442 0.118313 
50893 0.126819 0.271045 
50894 0.129335 0.425757 
50895 0.267279 -0.181483 
50896 0.270451 -0.0335726 
50897 0.273661 0.116221 
50898 0.277092 0.268021 
50899 0.280431 0.421692 
50900 -0.334395 -0.17734 
50901 -0.33493 -0.026267 
50902 -0.335199 0.126875 
50903 -0.335578 0.282055 
50904 -0.335879 0.43928 
50905 -0.181998 -0.177622 
50906 -0.181406 -0.0278002 
50907 -0.180617 0.12441 
50908 -0.179881 0.278558 
50909 -0.179229 0.43471 
50910 -0.0315423 -0.177992 
50911 -0.0298303 -0.0291104 
50912 -0.0282813 0.122051 
50913 -0.0265737 0.275036 
50914 -0.0246884 0.430117 
50915 0.117034 -0.178476 
50916 0.119481 -0.030392 
50917 0.122295 0.119736 
50918 0.124845 0.271575 
50919 0.127497 0.425652 
50920 0.263411 -0.178744 
50921 0.266928 -0.0316796 
50922 0.270513 0.117271 
50923 0.274166 0.26822 
50924 0.277782 0.42117 
50925 -0.334986 -0.173887 
50926 -0.33509 -0.0235416 
50927 -0.335221 0.129065 
50928 -0.335472 0.283549 
50929 -0.335691 0.440465 
50930 -0.18316 -0.174606 
50931 -0.182329 -0.0251452 
50932 -0.18143 0.126161 
50933 -0.180567 0.279674 
50934 -0.179591 0.435355 
50935 -0.0333605 -0.174984 
50936 -0.0315626 -0.0267613 
50937 -0.0296914 0.123529 
50938 -0.0276927 0.275776 
50939 -0.0257507 0.43028 
50940 0.114207 -0.1754 
50941 0.117032 -0.0282965 
50942 0.119839 0.120664 
50943 0.122881 0.272205 
50944 0.125895 0.425396 
50945 0.259699 -0.175902 
50946 0.263528 -0.029995 
50947 0.267367 0.118314 
50948 0.271265 0.268272 
50949 0.275255 0.420607 
