50525 -0.33342 -0.250148 
50526 -0.333273 -0.0833982 
50527 -0.333274 0.0833696 
50528 -0.333291 0.249865 
50529 -0.33325 0.416784 
50530 -0.166611 -0.250039 
50531 -0.166621 -0.0832622 
50532 -0.166635 0.0833131 
50533 -0.166662 0.250125 
50534 -0.166644 0.416624 
50535 6.45161e-05 -0.250139 
50536 -7.85894e-05 -0.0834176 
50537 -3.53889e-05 0.0832508 
50538 -9.39997e-06 0.24996 
50539 -0.000100374 0.416594 
50540 0.166626 -0.249934 
50541 0.16664 -0.0832732 
50542 0.166631 0.0833251 
50543 0.166757 0.250089 
50544 0.166712 0.416623 
50545 0.333397 -0.249971 
50546 0.333272 -0.0832902 
50547 0.333342 0.0833802 
50548 0.33331 0.249908 
50549 0.333316 0.416795 
50550 -0.333111 -0.245581 
50551 -0.333099 -0.0800974 
50552 -0.333269 0.0858883 
50553 -0.333474 0.251755 
50554 -0.333722 0.418062 
50555 -0.167309 -0.24555 
50556 -0.167265 -0.0799353 
50557 -0.167448 0.085825 
50558 -0.167465 0.251871 
50559 -0.167598 0.417807 
50560 -0.00160312 -0.245452 
50561 -0.00157541 -0.0797379 
50562 -0.00156114 0.0858479 
50563 -0.0016086 0.251581 
50564 -0.00164389 0.417714 
50565 0.163825 -0.245216 
50566 0.16401 -0.0798898 
50567 0.163987 0.0857608 
50568 0.163969 0.251419 
50569 0.164 0.41747 
50570 0.329225 -0.245203 
50571 0.329419 -0.0796421 
50572 0.329507 0.0858732 
50573 0.329618 0.251409 
50574 0.3298 0.417376 
50575 -0.332854 -0.24126 
50576 -0.333176 -0.0766406 
50577 -0.333426 0.0882966 
50578 -0.33368 0.253601 
50579 -0.333957 0.419215 
50580 -0.167898 -0.241094 
50581 -0.16802 -0.0765377 
50582 -0.16812 0.0882549 
50583 -0.168305 0.253508 
50584 -0.168433 0.418852 
50585 -0.00317205 -0.240805 
50586 -0.00330323 -0.0763699 
50587 -0.003169 0.088173 
50588 -0.00320617 0.253174 
50589 -0.00324624 0.418484 
50590 0.161172 -0.240709 
50591 0.161253 -0.0764647 
50592 0.161333 0.0882136 
50593 0.16152 0.253172 
50594 0.161649 0.418158 
50595 0.325212 -0.240473 
50596 0.325504 -0.0763516 
50597 0.325736 0.0880964 
50598 0.325936 0.252878 
50599 0.326388 0.417926 
50600 -0.332608 -0.23691 
50601 -0.333055 -0.0731979 
50602 -0.333463 0.0907855 
50603 -0.333684 0.255559 
50604 -0.334285 0.420497 
50605 -0.168577 -0.236682 
50606 -0.168721 -0.0731807 
50607 -0.168953 0.0907473 
50608 -0.169112 0.255205 
50609 -0.169328 0.420077 
50610 -0.00490268 -0.236445 
50611 -0.00490101 -0.0731055 
50612 -0.00489711 0.0906137 
50613 -0.0048735 0.254857 
50614 -0.00490294 0.419552 
50615 0.158401 -0.236082 
50616 0.158516 -0.0730203 
50617 0.158794 0.0905409 
50618 0.159116 0.254503 
50619 0.159318 0.419004 
50620 0.321029 -0.235979 
50621 0.321563 -0.0729719 
50622 0.322021 0.090342 
50623 0.32257 0.254185 
50624 0.322875 0.418209 
50625 -0.332551 -0.23267 
50626 -0.332989 -0.0697482 
50627 -0.333436 0.0936154 
50628 -0.333898 0.257402 
50629 -0.334475 0.422057 
50630 -0.169255 -0.232374 
50631 -0.169501 -0.0697919 
50632 -0.169645 0.0932023 
50633 -0.16989 0.256887 
50634 -0.170031 0.42099 
50635 -0.00665609 -0.232066 
50636 -0.00659907 -0.0697496 
50637 -0.00659732 0.0931064 
50638 -0.00634731 0.25637 
50639 -0.0061902 0.420249 
50640 0.155503 -0.23161 
50641 0.155928 -0.0696886 
50642 0.156197 0.0928464 
50643 0.156639 0.256001 
50644 0.157057 0.419744 
50645 0.317178 -0.231402 
50646 0.317682 -0.0698365 
50647 0.318439 0.0926164 
50648 0.318872 0.25541 
50649 0.319555 0.41881 
50650 -0.33246 -0.228462 
50651 -0.333057 -0.0665279 
50652 -0.333469 0.0961436 
50653 -0.334091 0.259281 
50654 -0.334665 0.423217 
50655 -0.170116 -0.228137 
50656 -0.170214 -0.066642 
50657 -0.170431 0.0957565 
50658 -0.170596 0.258552 
50659 -0.170865 0.422325 
50660 -0.00840801 -0.227758 
50661 -0.00822394 -0.0665234 
50662 -0.00798687 0.0953789 
50663 -0.00788393 0.257823 
50664 -0.00780566 0.421336 
50665 0.152698 -0.227454 
50666 0.153174 -0.0666137 
50667 0.153662 0.0949603 
50668 0.154245 0.25718 
50669 0.154596 0.420225 
50670 0.31305 -0.227116 
50671 0.314009 -0.0665453 
50672 0.314779 0.09494 
50673 0.315539 0.256756 
50674 0.316307 0.419329 
50675 -0.332378 -0.224166 
50676 -0.332929 -0.0631465 
50677 -0.333652 0.0986249 
50678 -0.334191 0.261109 
50679 -0.334637 0.42461 
50680 -0.170801 -0.223992 
50681 -0.17113 -0.0633414 
50682 -0.171158 0.0980368 
50683 -0.171383 0.260253 
50684 -0.171533 0.423302 
50685 -0.0101204 -0.22345 
50686 -0.00986182 -0.0633091 
50687 -0.00957999 0.0977655 
50688 -0.00933562 0.259547 
50689 -0.00905383 0.422067 
50690 0.149764 -0.223216 
50691 0.15049 -0.0634898 
50692 0.151157 0.0972289 
50693 0.151672 0.258545 
50694 0.152356 0.420779 
50695 0.309082 -0.222914 
50696 0.310189 -0.0634609 
50697 0.311205 0.0967745 
50698 0.312307 0.257717 
50699 0.313299 0.419682 
50700 -0.332462 -0.219988 
50701 -0.333032 -0.0598279 
50702 -0.333681 0.101048 
50703 -0.334274 0.263133 
50704 -0.334766 0.425972 
50705 -0.171803 -0.219644 
50706 -0.17174 -0.0600959 
50707 -0.171972 0.100601 
50708 -0.172184 0.262002 
50709 -0.17224 0.424477 
50710 -0.0118826 -0.219466 
50711 -0.011594 -0.0601683 
50712 -0.0112266 0.0998611 
50713 -0.0108651 0.26089 
50714 -0.0104711 0.422913 
50715 0.146991 -0.219042 
50716 0.148012 -0.0604864 
50717 0.148681 0.0992316 
50718 0.149305 0.259929 
50719 0.150331 0.421439 
50720 0.305079 -0.218766 
50721 0.306319 -0.0606204 
50722 0.307628 0.0986675 
50723 0.308854 0.258873 
50724 0.310142 0.41989 
50725 -0.332492 -0.21576 
50726 -0.333165 -0.0565106 
50727 -0.333671 0.10347 
50728 -0.334262 0.264881 
50729 -0.334842 0.427399 
50730 -0.172707 -0.215573 
50731 -0.17265 -0.0569418 
50732 -0.172728 0.102796 
50733 -0.172776 0.26368 
50734 -0.172743 0.425624 
50735 -0.0136667 -0.215394 
50736 -0.0132175 -0.0573082 
50737 -0.0127455 0.102052 
50738 -0.0121542 0.262346 
50739 -0.0118618 0.423659 
50740 0.144222 -0.215193 
50741 0.145212 -0.05736 
50742 0.146046 0.101279 
50743 0.147231 0.261097 
50744 0.148234 0.421863 
50745 0.301175 -0.214982 
50746 0.30269 -0.0576765 
50747 0.304099 0.100529 
50748 0.305661 0.259666 
50749 0.307166 0.419979 
50750 -0.332687 -0.211719 
50751 -0.333203 -0.0533031 
50752 -0.333781 0.105925 
50753 -0.334217 0.266738 
50754 -0.33485 0.428597 
50755 -0.173358 -0.211631 
50756 -0.173497 -0.0537615 
50757 -0.173382 0.105045 
50758 -0.173385 0.265215 
50759 -0.173227 0.426492 
50760 -0.0156203 -0.211531 
50761 -0.014901 -0.0542222 
50762 -0.0143255 0.104122 
50763 -0.0136942 0.26383 
50764 -0.0129758 0.424207 
50765 0.141404 -0.211185 
50766 0.142563 -0.0545352 
50767 0.143614 0.103135 
50768 0.145148 0.262223 
50769 0.146157 0.42223 
50770 0.297155 -0.21122 
50771 0.298975 -0.0551435 
50772 0.300732 0.102286 
50773 0.302499 0.260463 
50774 0.304202 0.419975 
50775 -0.332912 -0.207726 
50776 -0.333374 -0.0502507 
50777 -0.333812 0.108552 
50778 -0.334362 0.268561 
50779 -0.334776 0.429905 
50780 -0.174455 -0.207663 
50781 -0.174375 -0.0509344 
50782 -0.174046 0.107386 
50783 -0.174111 0.266776 
50784 -0.173757 0.427432 
50785 -0.0173662 -0.207507 
50786 -0.0164851 -0.0512498 
50787 -0.0159762 0.106128 
50788 -0.0151088 0.264962 
50789 -0.0141541 0.424928 
50790 0.138469 -0.207537 
50791 0.139872 -0.0518305 
50792 0.141397 0.104941 
50793 0.142837 0.263121 
50794 0.144189 0.422484 
50795 0.293154 -0.207397 
50796 0.29518 -0.0524603 
50797 0.297312 0.1038 
50798 0.299328 0.261351 
50799 0.301346 0.420021 
50800 -0.333137 -0.203702 
50801 -0.333363 -0.0471642 
50802 -0.333835 0.110876 
50803 -0.334269 0.270436 
50804 -0.334805 0.431155 
50805 -0.175567 -0.203767 
50806 -0.175178 -0.0477854 
50807 -0.174959 0.109591 
50808 -0.174681 0.268272 
50809 -0.174355 0.42843 
50810 -0.019259 -0.203726 
50811 -0.0183501 -0.0486676 
50812 -0.0173393 0.108242 
50813 -0.0163649 0.266219 
50814 -0.0154464 0.425485 
50815 0.135685 -0.203862 
50816 0.137218 -0.0491007 
50817 0.138868 0.106713 
50818 0.140608 0.264071 
50819 0.142208 0.422747 
50820 0.289213 -0.203886 
50821 0.291667 -0.0499487 
50822 0.293836 0.105351 
50823 0.29607 0.261986 
50824 0.29849 0.419913 
50825 -0.333526 -0.199998 
50826 -0.333553 -0.0440834 
50827 -0.333922 0.11329 
50828 -0.334209 0.271992 
50829 -0.334645 0.432395 
50830 -0.176526 -0.199961 
50831 -0.176089 -0.0448475 
50832 -0.17561 0.111661 
50833 -0.175208 0.269629 
50834 -0.174754 0.429092 
50835 -0.0212075 -0.200266 
50836 -0.0200111 -0.0459289 
50837 -0.0189018 0.110058 
50838 -0.0176374 0.267103 
50839 -0.0164981 0.426073 
50840 0.132858 -0.200318 
50841 0.134772 -0.046803 
50842 0.136559 0.108433 
50843 0.138514 0.26493 
50844 0.140369 0.422793 
50845 0.285356 -0.200375 
50846 0.28798 -0.047626 
50847 0.290303 0.106691 
50848 0.293047 0.262566 
50849 0.295714 0.419698 
50850 -0.333779 -0.196123 
50851 -0.333847 -0.0410144 
50852 -0.333993 0.115669 
50853 -0.334275 0.273692 
50854 -0.334408 0.433559 
50855 -0.177653 -0.196299 
50856 -0.176931 -0.0421776 
50857 -0.176399 0.11359 
50858 -0.175788 0.271042 
50859 -0.175132 0.430043 
50860 -0.0230868 -0.196768 
50861 -0.0216712 -0.0431702 
50862 -0.0203623 0.111752 
50863 -0.0189562 0.268285 
50864 -0.0174752 0.426364 
50865 0.129954 -0.197026 
50866 0.13211 -0.0443308 
50867 0.1341 0.109801 
50868 0.136345 0.265555 
50869 0.138525 0.422896 
50870 0.281446 -0.197395 
50871 0.284211 -0.0454096 
50872 0.287112 0.107982 
50873 0.290046 0.262909 
50874 0.293066 0.419289 
50875 -0.334074 -0.19237 
50876 -0.334238 -0.0381185 
50877 -0.334252 0.117793 
50878 -0.334046 0.275385 
50879 -0.334323 0.43461 
50880 -0.178751 -0.192774 
50881 -0.177922 -0.0395695 
50882 -0.17717 0.115677 
50883 -0.176337 0.272277 
50884 -0.175629 0.430733 
50885 -0.0249736 -0.193263 
50886 -0.0234403 -0.0408115 
50887 -0.0218139 0.113484 
50888 -0.0200775 0.26922 
50889 -0.0185745 0.42671 
50890 0.126979 -0.193766 
50891 0.129543 -0.0420919 
50892 0.131889 0.111218 
50893 0.134202 0.266274 
50894 0.136678 0.422845 
50895 0.277545 -0.19428 
50896 0.280698 -0.0433725 
50897 0.283825 0.109116 
50898 0.287145 0.263411 
50899 0.29035 0.418937 
50900 -0.334593 -0.188752 
50901 -0.334445 -0.035149 
50902 -0.334171 0.11997 
50903 -0.334112 0.277032 
50904 -0.334235 0.435645 
50905 -0.179891 -0.18939 
50906 -0.178797 -0.0367478 
50907 -0.17789 0.117579 
50908 -0.176955 0.273567 
50909 -0.175847 0.431184 
50910 -0.0269984 -0.190061 
50911 -0.0251 -0.0382911 
50912 -0.0232869 0.114965 
50913 -0.0213804 0.270107 
50914 -0.019596 0.426875 
50915 0.124343 -0.190635 
50916 0.126807 -0.0398303 
50917 0.129535 0.112571 
50918 0.13225 0.266879 
50919 0.134959 0.42263 
50920 0.273742 -0.191166 
50921 0.277242 -0.0413457 
50922 0.280517 0.1102 
50923 0.284152 0.263339 
50924 0.287617 0.418542 
50925 -0.33501 -0.185202 
50926 -0.33482 -0.0323205 
50927 -0.334431 0.122041 
50928 -0.334127 0.278255 
50929 -0.333891 0.436572 
50930 -0.18099 -0.185944 
50931 -0.179867 -0.0343535 
50932 -0.178669 0.11924 
50933 -0.177442 0.274577 
50934 -0.176116 0.431866 
50935 -0.0288809 -0.186771 
50936 -0.0268341 -0.0360539 
50937 -0.0245962 0.116558 
50938 -0.0226159 0.270791 
50939 -0.0205021 0.427127 
50940 0.12133 -0.187676 
50941 0.124229 -0.0379302 
50942 0.127229 0.113838 
50943 0.13029 0.267051 
50944 0.133222 0.422316 
50945 0.269831 -0.188467 
50946 0.273629 -0.0394917 
50947 0.277361 0.111218 
50948 0.281125 0.263452 
50949 0.285018 0.417636 
50950 -0.335537 -0.181642 
50951 -0.335054 -0.0297323 
50952 -0.334638 0.124143 
50953 -0.334 0.279864 
50954 -0.333614 0.437595 
50955 -0.182124 -0.182744 
50956 -0.18073 -0.0318436 
50957 -0.179334 0.120917 
50958 -0.177861 0.275608 
50959 -0.176362 0.432368 
50960 -0.0308583 -0.183883 
50961 -0.0286288 -0.0339259 
50962 -0.0262433 0.118006 
50963 -0.0238636 0.271558 
50964 -0.0214381 0.427083 
50965 0.118444 -0.184947 
50966 0.121737 -0.035933 
50967 0.125098 0.114855 
50968 0.128281 0.26745 
50969 0.131556 0.422051 
50970 0.265941 -0.185821 
50971 0.270065 -0.0378354 
50972 0.274162 0.111927 
50973 0.27843 0.263462 
50974 0.282576 0.416981 
50975 -0.33601 -0.178261 
50976 -0.335463 -0.0271526 
50977 -0.334695 0.126081 
50978 -0.334023 0.281319 
50979 -0.333259 0.438336 
50980 -0.183439 -0.179601 
50981 -0.181764 -0.0296007 
50982 -0.18008 0.12261 
50983 -0.178357 0.276738 
50984 -0.176833 0.432555 
50985 -0.0329318 -0.180978 
50986 -0.0302789 -0.0318187 
50987 -0.0276297 0.11925 
50988 -0.0249176 0.272203 
50989 -0.0222945 0.42699 
50990 0.115518 -0.182115 
50991 0.119088 -0.0340723 
50992 0.122686 0.116024 
50993 0.126195 0.2677 
50994 0.129865 0.421456 
50995 0.262023 -0.183423 
50996 0.266374 -0.0362667 
50997 0.270897 0.112672 
50998 0.275388 0.263447 
50999 0.279993 0.415896 
51000 -0.336658 -0.175087 
51001 -0.335708 -0.0245978 
51002 -0.334808 0.127854 
51003 -0.33379 0.282595 
51004 -0.332992 0.438939 
51005 -0.184687 -0.176604 
51006 -0.182907 -0.0271991 
51007 -0.18081 0.124174 
51008 -0.178946 0.277469 
51009 -0.176924 0.43285 
51010 -0.0349936 -0.178022 
51011 -0.0321265 -0.0297187 
51012 -0.0292573 0.120485 
51013 -0.0261806 0.272634 
51014 -0.0230966 0.426717 
51015 0.112681 -0.179654 
51016 0.116534 -0.0322706 
51017 0.120407 0.11676 
51018 0.124318 0.267787 
51019 0.128276 0.420838 
51020 0.258225 -0.181046 
51021 0.26306 -0.0348251 
51022 0.267816 0.113162 
51023 0.272519 0.263041 
51024 0.277447 0.415066 
