50650 -0.333395 -0.249994 
50651 -0.333314 -0.0834156 
50652 -0.333303 0.0833313 
50653 -0.333439 0.249841 
50654 -0.333247 0.416719 
50655 -0.166682 -0.249985 
50656 -0.166814 -0.0833141 
50657 -0.166691 0.0833455 
50658 -0.166623 0.250057 
50659 -0.166717 0.416694 
50660 5.11319e-05 -0.249965 
50661 -5.34458e-05 -0.0834402 
50662 4.88751e-05 0.0833223 
50663 -0.000131762 0.250097 
50664 3.3773e-05 0.416607 
50665 0.166659 -0.249999 
50666 0.166614 -0.0833268 
50667 0.1666 0.0833122 
50668 0.166638 0.249849 
50669 0.16667 0.416709 
50670 0.333355 -0.250029 
50671 0.333243 -0.0833102 
50672 0.333316 0.083231 
50673 0.333412 0.250026 
50674 0.333313 0.416566 
50675 -0.333229 -0.245556 
50676 -0.333242 -0.0799259 
50677 -0.333215 0.0858806 
50678 -0.333454 0.251792 
50679 -0.333497 0.418025 
50680 -0.167517 -0.245567 
50681 -0.167473 -0.0799927 
50682 -0.16737 0.0857357 
50683 -0.167324 0.251806 
50684 -0.167147 0.417715 
50685 -0.00172568 -0.245593 
50686 -0.00171024 -0.0799564 
50687 -0.00159515 0.0856512 
50688 -0.00154732 0.251593 
50689 -0.00140525 0.417531 
50690 0.163749 -0.245584 
50691 0.163836 -0.080117 
50692 0.164133 0.0855001 
50693 0.164246 0.251254 
50694 0.164279 0.417236 
50695 0.329157 -0.245499 
50696 0.329336 -0.080013 
50697 0.329456 0.0854442 
50698 0.329902 0.251015 
50699 0.330076 0.416837 
50700 -0.333052 -0.241239 
50701 -0.33339 -0.0765921 
50702 -0.333289 0.0885668 
50703 -0.333375 0.253733 
50704 -0.333286 0.419279 
50705 -0.168157 -0.241208 
50706 -0.168153 -0.076681 
50707 -0.168099 0.0881035 
50708 -0.168124 0.253451 
50709 -0.16803 0.418662 
50710 -0.0037005 -0.241117 
50711 -0.00332767 -0.0766467 
50712 -0.00314364 0.087972 
50713 -0.00287058 0.252953 
50714 -0.00286945 0.418215 
50715 0.160819 -0.241206 
50716 0.161078 -0.0769892 
50717 0.161464 0.0876535 
50718 0.161825 0.252502 
50719 0.162141 0.41777 
50720 0.324991 -0.241256 
50721 0.325346 -0.0772041 
50722 0.325934 0.0873497 
50723 0.326416 0.25209 
50724 0.326908 0.417023 
50725 -0.333221 -0.236927 
50726 -0.333217 -0.0732453 
50727 -0.333272 0.0910007 
50728 -0.333368 0.25569 
50729 -0.333339 0.420656 
50730 -0.169063 -0.236897 
50731 -0.168947 -0.0733554 
50732 -0.168981 0.0905373 
50733 -0.168609 0.255046 
50734 -0.168533 0.419783 
50735 -0.00542011 -0.236944 
50736 -0.00503332 -0.0736129 
50737 -0.00471567 0.0902691 
50738 -0.00448463 0.254259 
50739 -0.0040576 0.41905 
50740 0.157792 -0.236994 
50741 0.158321 -0.0740684 
50742 0.158893 0.0896987 
50743 0.159522 0.253642 
50744 0.159981 0.417984 
50745 0.320734 -0.237118 
50746 0.321486 -0.074146 
50747 0.322186 0.0891907 
50748 0.322972 0.253028 
50749 0.32368 0.417099 
50750 -0.333143 -0.232558 
50751 -0.333196 -0.0698422 
50752 -0.333317 0.0935736 
50753 -0.333299 0.257456 
50754 -0.333319 0.421921 
50755 -0.16996 -0.232804 
50756 -0.169838 -0.0701514 
50757 -0.169508 0.0929512 
50758 -0.169247 0.256613 
50759 -0.169135 0.420689 
50760 -0.00723154 -0.232863 
50761 -0.00671126 -0.070555 
50762 -0.00622013 0.092224 
50763 -0.00581801 0.255634 
50764 -0.00526333 0.419743 
50765 0.154954 -0.233045 
50766 0.155641 -0.0709379 
50767 0.156452 0.091667 
50768 0.15716 0.254745 
50769 0.157841 0.418417 
50770 0.316452 -0.233112 
50771 0.317529 -0.0712785 
50772 0.31845 0.0909616 
50773 0.319549 0.253728 
50774 0.320689 0.417179 
50775 -0.333326 -0.228416 
50776 -0.333291 -0.0666301 
50777 -0.333314 0.0961128 
50778 -0.33327 0.259347 
50779 -0.333248 0.423228 
50780 -0.17087 -0.228742 
50781 -0.170457 -0.0671244 
50782 -0.170341 0.0951648 
50783 -0.169863 0.258097 
50784 -0.169572 0.421622 
50785 -0.00913594 -0.228822 
50786 -0.00850104 -0.067512 
50787 -0.00781783 0.0944601 
50788 -0.00723404 0.256951 
50789 -0.00643738 0.420149 
50790 0.151816 -0.229097 
50791 0.152887 -0.0681653 
50792 0.153994 0.0933762 
50793 0.154911 0.255794 
50794 0.155913 0.418548 
50795 0.312372 -0.229361 
50796 0.313685 -0.0686932 
50797 0.315039 0.0926691 
50798 0.31632 0.254498 
50799 0.317591 0.417053 
50800 -0.333604 -0.224433 
50801 -0.333428 -0.0633818 
50802 -0.333418 0.0985347 
50803 -0.333238 0.261051 
50804 -0.333176 0.424398 
50805 -0.171933 -0.224736 
50806 -0.171428 -0.064062 
50807 -0.17093 0.097254 
50808 -0.170425 0.259561 
50809 -0.169989 0.422625 
50810 -0.0110521 -0.224974 
50811 -0.0102841 -0.0645754 
50812 -0.00942315 0.096323 
50813 -0.0085208 0.258129 
50814 -0.00761065 0.420715 
50815 0.148942 -0.225073 
50816 0.150161 -0.0654719 
50817 0.151449 0.0952414 
50818 0.152694 0.256639 
50819 0.153816 0.418764 
50820 0.308276 -0.225381 
50821 0.309714 -0.0660517 
50822 0.311466 0.0941759 
50823 0.313002 0.255051 
50824 0.31459 0.416876 
50825 -0.333626 -0.220319 
50826 -0.333527 -0.0600685 
50827 -0.333283 0.100956 
50828 -0.333105 0.26273 
50829 -0.332801 0.425645 
50830 -0.17299 -0.220717 
50831 -0.172279 -0.060975 
50832 -0.171741 0.0996538 
50833 -0.170897 0.261057 
50834 -0.170309 0.42339 
50835 -0.0130414 -0.221193 
50836 -0.0120474 -0.061937 
50837 -0.0109127 0.0981437 
50838 -0.00978692 0.259157 
50839 -0.00868151 0.42107 
50840 0.145957 -0.221606 
50841 0.147559 -0.0627392 
50842 0.148952 0.0968391 
50843 0.150496 0.257421 
50844 0.152066 0.418983 
50845 0.304122 -0.221876 
50846 0.306007 -0.0636582 
50847 0.308004 0.0954917 
50848 0.309856 0.255632 
50849 0.311722 0.416649 
50850 -0.334067 -0.216468 
50851 -0.333667 -0.0569291 
50852 -0.333205 0.10338 
50853 -0.333011 0.264457 
50854 -0.332742 0.426753 
50855 -0.173921 -0.216954 
50856 -0.17308 -0.0580552 
50857 -0.172381 0.101649 
50858 -0.171541 0.262387 
50859 -0.170782 0.42407 
50860 -0.0150148 -0.217447 
50861 -0.0136747 -0.0592464 
50862 -0.0124158 0.100009 
50863 -0.0111449 0.260247 
50864 -0.00981133 0.421385 
50865 0.142878 -0.218057 
50866 0.144731 -0.0603368 
50867 0.146463 0.0984435 
50868 0.148319 0.258159 
50869 0.150153 0.418792 
50870 0.299974 -0.218641 
50871 0.302327 -0.0613811 
50872 0.304384 0.0968599 
50873 0.306754 0.255995 
50874 0.308907 0.416127 
50875 -0.334315 -0.212393 
50876 -0.333913 -0.0540013 
50877 -0.333515 0.105505 
50878 -0.332877 0.265995 
50879 -0.332582 0.427771 
50880 -0.174927 -0.213076 
50881 -0.174062 -0.0553465 
50882 -0.173093 0.103652 
50883 -0.172174 0.263474 
50884 -0.171085 0.424843 
50885 -0.0169325 -0.213816 
50886 -0.0152893 -0.0565022 
50887 -0.0139339 0.101672 
50888 -0.0124496 0.261099 
50889 -0.0107258 0.421707 
50890 0.14004 -0.214604 
50891 0.14216 -0.0578236 
50892 0.144196 0.0999026 
50893 0.14618 0.258753 
50894 0.148366 0.41863 
50895 0.295957 -0.215383 
50896 0.298547 -0.0591792 
50897 0.301074 0.0982515 
50898 0.303689 0.256284 
50899 0.306142 0.415718 
50900 -0.334571 -0.208734 
50901 -0.33401 -0.051141 
50902 -0.33331 0.107834 
50903 -0.332872 0.267728 
50904 -0.33229 0.428841 
50905 -0.176126 -0.209468 
50906 -0.174884 -0.0525439 
50907 -0.173833 0.10554 
50908 -0.172644 0.264751 
50909 -0.171264 0.425334 
50910 -0.0189308 -0.210445 
50911 -0.0170338 -0.0541311 
50912 -0.0153238 0.103332 
50913 -0.0136516 0.261987 
50914 -0.0118208 0.421904 
50915 0.137066 -0.21148 
50916 0.139483 -0.0556389 
50917 0.141812 0.101142 
50918 0.143989 0.259106 
50919 0.146413 0.418469 
50920 0.291817 -0.212218 
50921 0.294699 -0.0571849 
50922 0.297627 0.0990125 
50923 0.300443 0.256404 
50924 0.303405 0.415052 
50925 -0.335124 -0.204882 
50926 -0.334211 -0.0482837 
50927 -0.333527 0.109925 
50928 -0.332603 0.269147 
50929 -0.331903 0.429621 
50930 -0.177401 -0.206046 
50931 -0.175913 -0.0499913 
50932 -0.17445 0.10731 
50933 -0.173118 0.266041 
50934 -0.171509 0.425783 
50935 -0.0210141 -0.207171 
50936 -0.0189464 -0.0517169 
50937 -0.0169297 0.104927 
50938 -0.0149008 0.262692 
50939 -0.0127814 0.42203 
50940 0.134122 -0.208202 
50941 0.136659 -0.0534485 
50942 0.139371 0.102442 
50943 0.141941 0.259647 
50944 0.144646 0.418057 
50945 0.287714 -0.209264 
50946 0.291048 -0.0551639 
50947 0.294173 0.100078 
50948 0.29751 0.256392 
50949 0.300616 0.414357 
50950 -0.335439 -0.201386 
50951 -0.334551 -0.0454069 
50952 -0.333541 0.112054 
50953 -0.332508 0.27059 
50954 -0.331398 0.430672 
50955 -0.178397 -0.202611 
50956 -0.176888 -0.0474568 
50957 -0.175186 0.1091 
50958 -0.173569 0.267025 
50959 -0.17185 0.426123 
50960 -0.0228819 -0.204074 
50961 -0.0205809 -0.04945 
50962 -0.0183048 0.106236 
50963 -0.0161966 0.263459 
50964 -0.0137468 0.421953 
50965 0.131032 -0.205156 
50966 0.134071 -0.0514307 
50967 0.13693 0.103664 
50968 0.139814 0.260007 
50969 0.14277 0.417614 
50970 0.28379 -0.206527 
50971 0.287343 -0.0533656 
50972 0.290881 0.100812 
50973 0.294371 0.256523 
50974 0.298147 0.413452 
50975 -0.336022 -0.197973 
50976 -0.334827 -0.042699 
50977 -0.333626 0.113885 
50978 -0.332465 0.271894 
50979 -0.331165 0.431363 
50980 -0.179641 -0.199317 
50981 -0.177785 -0.044958 
50982 -0.175885 0.110732 
50983 -0.17399 0.267934 
50984 -0.172176 0.42648 
50985 -0.0250011 -0.200953 
50986 -0.0224088 -0.0473198 
50987 -0.0198214 0.107583 
50988 -0.0172614 0.263907 
50989 -0.0147412 0.421834 
50990 0.1281 -0.20239 
50991 0.131436 -0.0495353 
50992 0.134616 0.104589 
50993 0.137897 0.260157 
50994 0.141198 0.417075 
50995 0.279883 -0.203949 
50996 0.283503 -0.0518315 
50997 0.287499 0.101539 
50998 0.291452 0.256267 
50999 0.295582 0.412391 
51000 -0.336442 -0.194559 
51001 -0.335175 -0.0400794 
51002 -0.333665 0.115838 
51003 -0.332183 0.273262 
51004 -0.330748 0.432093 
51005 -0.180851 -0.196371 
51006 -0.178887 -0.0426664 
51007 -0.176666 0.112344 
51008 -0.174399 0.26881 
51009 -0.172198 0.426909 
51010 -0.0270434 -0.198056 
51011 -0.0241167 -0.0452992 
51012 -0.021284 0.108757 
51013 -0.0184332 0.264447 
51014 -0.0155823 0.421594 
51015 0.125125 -0.199579 
51016 0.128709 -0.047845 
51017 0.132223 0.105509 
51018 0.135833 0.260173 
51019 0.139462 0.4164 
51020 0.275713 -0.201405 
51021 0.280031 -0.050197 
51022 0.284177 0.102251 
51023 0.288511 0.256019 
51024 0.292729 0.411281 
51025 -0.337116 -0.191365 
51026 -0.335378 -0.0376101 
51027 -0.33377 0.117571 
51028 -0.332013 0.274367 
51029 -0.33028 0.432702 
51030 -0.182247 -0.193261 
51031 -0.179743 -0.0404782 
51032 -0.177349 0.11375 
51033 -0.174933 0.269553 
51034 -0.172424 0.426818 
51035 -0.0291979 -0.195187 
51036 -0.026014 -0.0435442 
51037 -0.022769 0.109978 
51038 -0.0194659 0.264835 
51039 -0.0164621 0.421209 
51040 0.122257 -0.197212 
51041 0.126056 -0.0460893 
51042 0.129898 0.106322 
51043 0.133843 0.260185 
51044 0.137762 0.415617 
51045 0.2718 -0.19903 
51046 0.276546 -0.0489406 
51047 0.281008 0.102557 
51048 0.285502 0.25556 
51049 0.2902 0.410003 
51050 -0.3376 -0.188154 
51051 -0.3358 -0.0352278 
51052 -0.333921 0.119327 
51053 -0.331948 0.275496 
51054 -0.32987 0.433194 
51055 -0.183441 -0.190303 
51056 -0.180617 -0.0383907 
51057 -0.178153 0.115042 
51058 -0.175299 0.270153 
51059 -0.172546 0.426877 
51060 -0.0310988 -0.192552 
51061 -0.0277048 -0.0415936 
51062 -0.0242372 0.11095 
51063 -0.020838 0.265075 
51064 -0.0171088 0.420803 
51065 0.11917 -0.19471 
51066 0.123358 -0.0447383 
51067 0.127591 0.10681 
51068 0.131857 0.260056 
51069 0.136217 0.414598 
51070 0.267669 -0.19682 
51071 0.272824 -0.0476934 
51072 0.277687 0.102789 
51073 0.282581 0.25495 
51074 0.287805 0.408715 
51075 -0.3384 -0.185148 
51076 -0.336134 -0.0329688 
51077 -0.334041 0.12094 
51078 -0.331687 0.276323 
51079 -0.32934 0.4336 
51080 -0.184688 -0.18766 
51081 -0.181755 -0.0365319 
51082 -0.178692 0.116396 
51083 -0.175772 0.270731 
51084 -0.172603 0.426778 
51085 -0.033366 -0.189916 
51086 -0.029567 -0.0399407 
51087 -0.0256417 0.111857 
51088 -0.0218555 0.265198 
51089 -0.0180651 0.420145 
51090 0.116261 -0.19238 
51091 0.120774 -0.043325 
51092 0.125393 0.107379 
51093 0.129903 0.259733 
51094 0.134627 0.413732 
51095 0.263875 -0.194838 
51096 0.269081 -0.0465631 
51097 0.27442 0.102885 
51098 0.279746 0.254231 
51099 0.285209 0.407186 
51100 -0.33911 -0.182153 
51101 -0.336583 -0.0306489 
51102 -0.33394 0.12235 
51103 -0.331521 0.277365 
51104 -0.328889 0.433743 
51105 -0.186153 -0.184919 
51106 -0.183032 -0.0345279 
51107 -0.179514 0.117484 
51108 -0.176212 0.271212 
51109 -0.172862 0.426671 
51110 -0.0355086 -0.187752 
51111 -0.031339 -0.0381973 
51112 -0.027086 0.112571 
51113 -0.02295 0.265307 
51114 -0.0188407 0.419446 
51115 0.113298 -0.19033 
51116 0.118269 -0.042032 
51117 0.123081 0.107791 
51118 0.127957 0.25932 
51119 0.132893 0.412461 
51120 0.259993 -0.192841 
51121 0.265616 -0.0457098 
51122 0.271068 0.103109 
51123 0.276912 0.253592 
51124 0.282703 0.405638 
51125 -0.339819 -0.179387 
51126 -0.337023 -0.0285414 
51127 -0.334141 0.123818 
51128 -0.331142 0.277953 
51129 -0.328509 0.434052 
51130 -0.187438 -0.182383 
51131 -0.184008 -0.0327585 
51132 -0.180284 0.118476 
51133 -0.176498 0.271543 
51134 -0.172834 0.426399 
51135 -0.0374082 -0.185465 
51136 -0.032941 -0.0368959 
51137 -0.0285149 0.11337 
51138 -0.0241331 0.265096 
51139 -0.0196778 0.418754 
51140 0.110272 -0.188314 
51141 0.115565 -0.0409446 
51142 0.120811 0.108215 
51143 0.126092 0.258803 
51144 0.131279 0.411095 
51145 0.256008 -0.191242 
51146 0.261989 -0.0448359 
51147 0.268159 0.103039 
51148 0.273903 0.252582 
51149 0.280056 0.40383 
