4060 -0.332893 -0.216426 
4061 -0.332929 -0.0171582 
4062 -0.332971 0.183809 
4063 -0.333671 0.383388 
4064 -0.167072 -0.217155 
4065 -0.166792 -0.0165346 
4066 -0.166579 0.183317 
4067 -0.166254 0.383656 
4068 -0.000375634 -0.216262 
4069 -0.00034401 -0.0162205 
4070 4.58933e-05 0.183396 
4071 0.000375999 0.383346 
4072 0.166446 -0.216954 
4073 0.166199 -0.0166183 
4074 0.166857 0.183564 
4075 0.16713 0.38361 
4076 0.333154 -0.216532 
4077 0.333687 -0.0171056 
4078 0.333034 0.183496 
4079 0.333332 0.383808 
4080 -0.318222 -0.20573 
4081 -0.318394 -0.0242071 
4082 -0.317747 0.157662 
4083 -0.317481 0.339173 
4084 -0.166068 -0.206024 
4085 -0.16614 -0.0234957 
4086 -0.166021 0.157374 
4087 -0.166588 0.339172 
4088 -0.0148852 -0.205591 
4089 -0.0144898 -0.0241371 
4090 -0.0148303 0.157822 
4091 -0.0150013 0.338719 
4092 0.136761 -0.204939 
4093 0.136048 -0.0239229 
4094 0.136251 0.157228 
4095 0.136432 0.338969 
4096 0.287508 -0.205466 
4097 0.287453 -0.0233626 
4098 0.287086 0.157711 
4099 0.287108 0.338871 
4100 -0.306124 -0.197247 
4101 -0.305245 -0.030955 
4102 -0.305434 0.135968 
4103 -0.305249 0.302626 
4104 -0.166034 -0.197145 
4105 -0.166485 -0.030749 
4106 -0.166724 0.136185 
4107 -0.166034 0.302416 
4108 -0.0270782 -0.196255 
4109 -0.0277017 -0.0297616 
4110 -0.027935 0.136302 
4111 -0.0275633 0.302658 
4112 0.111788 -0.196519 
4113 0.111114 -0.0298267 
4114 0.110553 0.136529 
4115 0.110876 0.301835 
4116 0.249397 -0.195695 
4117 0.249417 -0.0294318 
4118 0.248789 0.13598 
4119 0.248261 0.301413 
4120 -0.295617 -0.190831 
4121 -0.29554 -0.0365369 
4122 -0.295126 0.118144 
4123 -0.295154 0.27179 
4124 -0.166769 -0.190549 
4125 -0.166537 -0.0364245 
4126 -0.166915 0.117813 
4127 -0.166492 0.270798 
4128 -0.0381036 -0.189012 
4129 -0.0383614 -0.0355575 
4130 -0.0390661 0.11745 
4131 -0.0385326 0.270492 
4132 0.0895708 -0.188446 
4133 0.0898184 -0.035266 
4134 0.0893681 0.11723 
4135 0.08848 0.270249 
4136 0.217059 -0.187964 
4137 0.216582 -0.0351905 
4138 0.215859 0.118196 
4139 0.215665 0.27044 
4140 -0.28719 -0.185078 
4141 -0.286387 -0.0413426 
4142 -0.287133 0.101453 
4143 -0.286402 0.244315 
4144 -0.166763 -0.184195 
4145 -0.167293 -0.0414188 
4146 -0.167144 0.101651 
4147 -0.167235 0.243939 
4148 -0.047734 -0.183303 
4149 -0.0483896 -0.0402854 
4150 -0.0488013 0.101539 
4151 -0.0484136 0.243161 
4152 0.071479 -0.182717 
4153 0.0706685 -0.0404557 
4154 0.0699186 0.101669 
4155 0.0690871 0.2435 
4156 0.189275 -0.182003 
4157 0.18804 -0.0397298 
4158 0.188315 0.101745 
4159 0.186968 0.243344 
4160 -0.279335 -0.180584 
4161 -0.279827 -0.0460944 
4162 -0.280026 0.0872873 
4163 -0.280194 0.220772 
4164 -0.167349 -0.179804 
4165 -0.167446 -0.0457644 
4166 -0.167786 0.0870699 
4167 -0.168716 0.220081 
4168 -0.0559737 -0.17833 
4169 -0.0562921 -0.0452672 
4170 -0.0570828 0.0872017 
4171 -0.0579946 0.219478 
4172 0.0548372 -0.177184 
4173 0.0539049 -0.0451608 
4174 0.053049 0.0879895 
4175 0.0531178 0.219973 
4176 0.165023 -0.176479 
4177 0.163645 -0.0442295 
4178 0.162873 0.0879662 
4179 0.16256 0.2196 
4180 -0.273979 -0.176119 
4181 -0.2733 -0.0505528 
4182 -0.273771 0.0741345 
4183 -0.273689 0.199238 
4184 -0.168186 -0.175714 
4185 -0.169202 -0.0503743 
4186 -0.168921 0.0744349 
4187 -0.16914 0.199497 
4188 -0.0641914 -0.174618 
4189 -0.0647479 -0.0498245 
4190 -0.0654677 0.0753857 
4191 -0.065436 0.198739 
4192 0.0401305 -0.173053 
4193 0.0392375 -0.0489889 
4194 0.0384611 0.0748141 
4195 0.0375216 0.19857 
4196 0.143553 -0.172353 
4197 0.142301 -0.0480703 
4198 0.141223 0.0752408 
4199 0.14065 0.198593 
4200 -0.268395 -0.173416 
4201 -0.26912 -0.0543639 
4202 -0.268762 0.0628851 
4203 -0.269169 0.180855 
4204 -0.168954 -0.171698 
4205 -0.169596 -0.0540487 
4206 -0.170089 0.0631621 
4207 -0.170589 0.180682 
4208 -0.0714273 -0.170804 
4209 -0.0713234 -0.0532047 
4210 -0.0717921 0.0640544 
4211 -0.0730059 0.180686 
4212 0.0269764 -0.169224 
4213 0.0257161 -0.0523707 
4214 0.0250706 0.0643686 
4215 0.024512 0.180898 
4216 0.12335 -0.168298 
4217 0.122366 -0.051845 
4218 0.122212 0.0640902 
4219 0.120859 0.180552 
4220 -0.264606 -0.170363 
4221 -0.264051 -0.0585319 
4222 -0.264393 0.0525057 
4223 -0.26533 0.163384 
4224 -0.170033 -0.16878 
4225 -0.170562 -0.0574423 
4226 -0.171111 0.0530275 
4227 -0.172253 0.163369 
4228 -0.0772982 -0.167588 
4229 -0.0779338 -0.0570011 
4230 -0.0792017 0.0541272 
4231 -0.0797213 0.164102 
4232 0.0150352 -0.166771 
4233 0.0137374 -0.0556654 
4234 0.0127851 0.0538102 
4235 0.0118172 0.164253 
4236 0.106864 -0.16485 
4237 0.104915 -0.0551803 
4238 0.104199 0.0547478 
4239 0.103215 0.164088 
4240 -0.260893 -0.167462 
4241 -0.261198 -0.0621204 
4242 -0.260798 0.0441456 
4243 -0.261887 0.148209 
4244 -0.171692 -0.16679 
4245 -0.17228 -0.0611845 
4246 -0.172571 0.043724 
4247 -0.173098 0.149027 
4248 -0.0830353 -0.165102 
4249 -0.0839383 -0.0597444 
4250 -0.0845648 0.0444267 
4251 -0.085449 0.149202 
4252 0.00432872 -0.163662 
4253 0.00322693 -0.0591351 
4254 0.00158499 0.045255 
4255 0.00133702 0.148864 
4256 0.0908713 -0.161962 
4257 0.0899468 -0.058411 
4258 0.0884343 0.0458493 
4259 0.0875135 0.148863 
4260 -0.257276 -0.166159 
4261 -0.257496 -0.0652613 
4262 -0.258167 0.0349929 
4263 -0.259 0.134941 
4264 -0.172305 -0.164018 
4265 -0.173225 -0.0640106 
4266 -0.174517 0.0361031 
4267 -0.174842 0.134837 
4268 -0.0884607 -0.162669 
4269 -0.0898132 -0.0623747 
4270 -0.0911166 0.0365585 
4271 -0.0918132 0.135487 
4272 -0.00553332 -0.161441 
4273 -0.00734704 -0.0615258 
4274 -0.00842323 0.0375929 
4275 -0.00890321 0.135433 
4276 0.0768526 -0.15949 
4277 0.0751799 -0.0610121 
4278 0.0739333 0.0379996 
4279 0.0724207 0.135583 
4280 -0.254154 -0.163769 
4281 -0.255316 -0.0678666 
4282 -0.256162 0.0276651 
4283 -0.256761 0.122132 
4284 -0.174129 -0.161967 
4285 -0.174874 -0.0668672 
4286 -0.175671 0.0287447 
4287 -0.176404 0.123044 
4288 -0.0945201 -0.161206 
4289 -0.094848 -0.0654455 
4290 -0.0959265 0.0286513 
4291 -0.0974057 0.123197 
4292 -0.0149134 -0.158973 
4293 -0.016203 -0.0647573 
4294 -0.0175409 0.0297739 
4295 -0.0182775 0.123374 
4296 0.0632735 -0.157406 
4297 0.0624886 -0.0632902 
4298 0.0606645 0.0302041 
4299 0.0592725 0.123992 
4300 -0.251973 -0.16292 
4301 -0.253345 -0.0710425 
4302 -0.254105 0.0203453 
4303 -0.254194 0.111565 
4304 -0.175727 -0.16103 
4305 -0.176083 -0.0690551 
4306 -0.177587 0.0212489 
4307 -0.178465 0.111536 
4308 -0.0989841 -0.158649 
4309 -0.100398 -0.0679155 
4310 -0.101105 0.0222261 
4311 -0.102397 0.11167 
4312 -0.0239258 -0.1576 
4313 -0.0245638 -0.0669639 
4314 -0.0260342 0.0228436 
4315 -0.0274608 0.113116 
4316 0.0511322 -0.155029 
4317 0.0496912 -0.0659092 
4318 0.0484587 0.0241983 
4319 0.0464014 0.112844 
4320 -0.250483 -0.160868 
4321 -0.251538 -0.0731497 
4322 -0.252323 0.0141972 
4323 -0.253403 0.101024 
4324 -0.176923 -0.159016 
4325 -0.177698 -0.0720655 
4326 -0.179031 0.0151722 
4327 -0.179754 0.101824 
4328 -0.10339 -0.157096 
4329 -0.104707 -0.0703664 
4330 -0.106526 0.0157108 
4331 -0.107207 0.102141 
4332 -0.031907 -0.155216 
4333 -0.0328238 -0.068969 
4334 -0.0345934 0.0173036 
4335 -0.0354222 0.102293 
4336 0.0403022 -0.153791 
4337 0.038821 -0.0671822 
4338 0.0371285 0.0179957 
4339 0.0354694 0.102912 
4340 -0.248836 -0.16007 
4341 -0.249427 -0.0755618 
4342 -0.251107 0.00811049 
4343 -0.251719 0.0914789 
4344 -0.178335 -0.158292 
4345 -0.179769 -0.0738311 
4346 -0.180224 0.00939215 
4347 -0.181137 0.0914988 
4348 -0.107809 -0.155879 
4349 -0.10901 -0.0730596 
4350 -0.110481 0.0102823 
4351 -0.112114 0.0921694 
4352 -0.0392609 -0.153451 
4353 -0.0408438 -0.0713757 
4354 -0.0414549 0.0112952 
4355 -0.0429482 0.0936891 
4356 0.0297843 -0.151625 
4357 0.0284597 -0.0694881 
4358 0.0262985 0.0122508 
4359 0.0247265 0.0939412 
4360 -0.24715 -0.158448 
4361 -0.2482 -0.0781326 
4362 -0.249742 0.0024943 
4363 -0.250837 0.0826304 
4364 -0.179196 -0.156821 
4365 -0.180854 -0.076559 
4366 -0.182553 0.00323584 
4367 -0.182944 0.0834382 
4368 -0.112132 -0.154735 
4369 -0.113964 -0.075051 
4370 -0.115119 0.00523801 
4371 -0.117099 0.084378 
4372 -0.0454793 -0.152917 
4373 -0.0475819 -0.0734228 
4374 -0.0492039 0.00660079 
4375 -0.0506588 0.0852546 
4376 0.0203978 -0.150876 
4377 0.0177732 -0.0716608 
4378 0.0162405 0.00702869 
4379 0.0144174 0.0858358 
4380 -0.246437 -0.157461 
4381 -0.247531 -0.0804009 
4382 -0.248681 -0.00235241 
4383 -0.250324 0.0743207 
4384 -0.181094 -0.155153 
4385 -0.181976 -0.0779025 
4386 -0.183647 -0.000916414 
4387 -0.185441 0.0754328 
4388 -0.11648 -0.152917 
4389 -0.118209 -0.0765231 
4390 -0.119814 -0.000210504 
4391 -0.120634 0.0764485 
4392 -0.0528251 -0.151284 
4393 -0.0539094 -0.0750946 
4394 -0.0562164 0.00104933 
4395 -0.0574534 0.0766156 
4396 0.0110357 -0.149338 
4397 0.00890395 -0.073338 
4398 0.00756594 0.00304802 
4399 0.00581594 0.0783769 
4400 -0.24597 -0.156603 
4401 -0.246888 -0.081297 
4402 -0.24792 -0.00744852 
4403 -0.249852 0.066515 
4404 -0.18272 -0.154004 
4405 -0.184128 -0.0798761 
4406 -0.185987 -0.00604587 
4407 -0.187257 0.0676248 
4408 -0.1205 -0.15227 
4409 -0.122198 -0.0776792 
4410 -0.123699 -0.00462227 
4411 -0.125232 0.0688167 
4412 -0.0591198 -0.149601 
4413 -0.0604453 -0.0760172 
4414 -0.0619719 -0.00340109 
4415 -0.0637198 0.0697665 
4416 0.00176643 -0.147941 
4417 -1.57855e-06 -0.073928 
4418 -0.00190574 -0.00164648 
4419 -0.00368018 0.070412 
4420 -0.245109 -0.155111 
4421 -0.246777 -0.0836998 
4422 -0.247294 -0.0118097 
4423 -0.249659 0.06 
4424 -0.184599 -0.153525 
4425 -0.185937 -0.0811031 
4426 -0.186913 -0.00960258 
4427 -0.188687 0.06122 
4428 -0.12381 -0.150444 
4429 -0.1258 -0.0791409 
4430 -0.127596 -0.00872234 
4431 -0.12945 0.0621792 
4432 -0.0642564 -0.148295 
4433 -0.0669616 -0.0777525 
4434 -0.0687369 -0.00683672 
4435 -0.0704041 0.0634283 
4436 -0.00615852 -0.146198 
4437 -0.00833668 -0.0759617 
4438 -0.00981199 -0.00521462 
4439 -0.0115582 0.0642968 
4440 -0.244212 -0.154849 
4441 -0.246042 -0.0845503 
4442 -0.247094 -0.0152698 
4443 -0.248663 0.0531162 
4444 -0.185952 -0.151808 
4445 -0.187739 -0.0833345 
4446 -0.189276 -0.0141929 
4447 -0.190544 0.0549786 
4448 -0.127719 -0.149402 
4449 -0.129743 -0.0807905 
4450 -0.13096 -0.0118533 
4451 -0.133366 0.0558094 
4452 -0.0706751 -0.147704 
4453 -0.0724046 -0.0793096 
4454 -0.0739832 -0.0109496 
4455 -0.0758545 0.0575107 
4456 -0.013301 -0.144941 
4457 -0.0155167 -0.0768022 
4458 -0.0177392 -0.00943229 
4459 -0.0201838 0.0579674 
