51050 -0.333244 -0.250159 
51051 -0.333374 -0.0833945 
51052 -0.333394 0.0834672 
51053 -0.333214 0.249987 
51054 -0.333408 0.416658 
51055 -0.166665 -0.250116 
51056 -0.166649 -0.0833161 
51057 -0.166642 0.0833612 
51058 -0.166638 0.250072 
51059 -0.166687 0.416806 
51060 -1.95923e-05 -0.25006 
51061 2.05924e-05 -0.0832742 
51062 -8.5438e-05 0.0833585 
51063 4.42362e-05 0.249929 
51064 0.000114862 0.416672 
51065 0.166576 -0.249939 
51066 0.166653 -0.0833577 
51067 0.166625 0.0833492 
51068 0.166661 0.250123 
51069 0.166648 0.416605 
51070 0.333278 -0.249961 
51071 0.333287 -0.0834728 
51072 0.333315 0.0833379 
51073 0.333336 0.249954 
51074 0.333321 0.416729 
51075 -0.334006 -0.246624 
51076 -0.333587 -0.0808319 
51077 -0.333312 0.0851085 
51078 -0.333041 0.250926 
51079 -0.332662 0.416892 
51080 -0.167896 -0.246866 
51081 -0.167579 -0.0811742 
51082 -0.167489 0.0846895 
51083 -0.167009 0.250629 
51084 -0.166705 0.416462 
51085 -0.00240088 -0.247007 
51086 -0.00199192 -0.0813604 
51087 -0.0015819 0.0843436 
51088 -0.00105961 0.249903 
51089 -0.00079467 0.415854 
51090 0.163279 -0.247536 
51091 0.163748 -0.0818259 
51092 0.164007 0.0838724 
51093 0.164567 0.249373 
51094 0.165017 0.415136 
51095 0.3287 -0.247623 
51096 0.329178 -0.082226 
51097 0.329635 0.0833665 
51098 0.329973 0.249142 
51099 0.33047 0.414815 
51100 -0.334558 -0.243395 
51101 -0.333738 -0.078351 
51102 -0.333134 0.0865991 
51103 -0.332555 0.251788 
51104 -0.331938 0.417102 
51105 -0.169378 -0.243859 
51106 -0.168653 -0.0791416 
51107 -0.168124 0.0857385 
51108 -0.167216 0.250869 
51109 -0.166561 0.416005 
51110 -0.00463841 -0.244276 
51111 -0.00381914 -0.0797213 
51112 -0.00303557 0.084954 
51113 -0.00227439 0.249908 
51114 -0.00160319 0.414901 
51115 0.159817 -0.24503 
51116 0.160765 -0.08053 
51117 0.161546 0.0841378 
51118 0.16245 0.248731 
51119 0.163337 0.41372 
51120 0.32421 -0.24545 
51121 0.325096 -0.0809892 
51122 0.325779 0.083307 
51123 0.326924 0.247963 
51124 0.327816 0.412727 
51125 -0.335037 -0.240156 
51126 -0.334126 -0.076123 
51127 -0.333209 0.0880392 
51128 -0.332219 0.252483 
51129 -0.331302 0.417172 
51130 -0.170822 -0.241032 
51131 -0.169648 -0.0771939 
51132 -0.168555 0.0869197 
51133 -0.167431 0.251127 
51134 -0.166633 0.415611 
51135 -0.00695354 -0.241759 
51136 -0.00575273 -0.0782585 
51137 -0.00466547 0.0857044 
51138 -0.00342834 0.249664 
51139 -0.00230816 0.413837 
51140 0.156672 -0.242537 
51141 0.157847 -0.0792812 
51142 0.159004 0.0844065 
51143 0.16031 0.248058 
51144 0.161541 0.412142 
51145 0.319504 -0.243513 
51146 0.320931 -0.0802216 
51147 0.322343 0.0831407 
51148 0.323596 0.24673 
51149 0.325008 0.410502 
51150 -0.335575 -0.237025 
51151 -0.334407 -0.0739953 
51152 -0.333062 0.0894541 
51153 -0.33175 0.253026 
51154 -0.330474 0.417084 
51155 -0.172213 -0.23822 
51156 -0.170612 -0.0752882 
51157 -0.169352 0.0877919 
51158 -0.167967 0.251127 
51159 -0.166376 0.414793 
51160 -0.00908636 -0.239309 
51161 -0.00764448 -0.0767693 
51162 -0.00614112 0.086138 
51163 -0.00453781 0.249161 
51164 -0.00317617 0.412574 
51165 0.153315 -0.240417 
51166 0.154886 -0.0781649 
51167 0.156637 0.0844016 
51168 0.158212 0.247254 
51169 0.159737 0.410545 
51170 0.315205 -0.241548 
51171 0.316869 -0.0795126 
51172 0.318695 0.0828859 
51173 0.32064 0.245422 
51174 0.322265 0.408102 
51175 -0.336291 -0.234323 
51176 -0.334613 -0.071909 
51177 -0.332851 0.0907451 
51178 -0.331378 0.253564 
51179 -0.329767 0.416871 
51180 -0.173501 -0.235739 
51181 -0.171789 -0.0737088 
51182 -0.169983 0.0885934 
51183 -0.168184 0.251209 
51184 -0.166472 0.414226 
51185 -0.0114229 -0.237147 
51186 -0.00955959 -0.0755288 
51187 -0.00766437 0.0862957 
51188 -0.00555791 0.248625 
51189 -0.0037492 0.411281 
51190 0.149949 -0.238519 
51191 0.152001 -0.0771013 
51192 0.153963 0.084511 
51193 0.156211 0.246289 
51194 0.1582 0.408545 
51195 0.310698 -0.23982 
51196 0.312867 -0.0789429 
51197 0.315133 0.0823416 
51198 0.317327 0.243795 
51199 0.319494 0.405754 
51200 -0.336895 -0.231551 
51201 -0.33485 -0.0699343 
51202 -0.332974 0.0917752 
51203 -0.330902 0.253934 
51204 -0.329026 0.416621 
51205 -0.175061 -0.233272 
51206 -0.172928 -0.0720093 
51207 -0.170575 0.0893528 
51208 -0.168456 0.25117 
51209 -0.166318 0.413215 
51210 -0.0137906 -0.235 
51211 -0.0114495 -0.0742052 
51212 -0.00896297 0.0866959 
51213 -0.00685852 0.248138 
51214 -0.00460619 0.409742 
51215 0.146709 -0.236691 
51216 0.149034 -0.0764602 
51217 0.151469 0.0841191 
51218 0.154067 0.245153 
51219 0.156522 0.406571 
51220 0.306231 -0.23856 
51221 0.308898 -0.0783734 
51222 0.311585 0.081678 
51223 0.314091 0.242366 
51224 0.316867 0.403085 
51225 -0.337677 -0.228956 
51226 -0.335312 -0.0682669 
51227 -0.332881 0.0927213 
51228 -0.330542 0.254137 
51229 -0.328281 0.415958 
51230 -0.176368 -0.231026 
51231 -0.173803 -0.0707678 
51232 -0.171296 0.0897795 
51233 -0.168777 0.25071 
51234 -0.166355 0.412047 
51235 -0.0159557 -0.23305 
51236 -0.013381 -0.0732871 
51237 -0.0105928 0.0868092 
51238 -0.00788107 0.24733 
51239 -0.00508673 0.408177 
51240 0.143319 -0.234897 
51241 0.146211 -0.0756698 
51242 0.149179 0.0839472 
51243 0.152003 0.243976 
51244 0.154894 0.404208 
51245 0.301822 -0.237027 
51246 0.304926 -0.078192 
51247 0.307982 0.0810461 
51248 0.311052 0.240469 
51249 0.314045 0.400373 
51250 -0.338382 -0.226505 
51251 -0.335608 -0.0666376 
51252 -0.333001 0.0937106 
51253 -0.33026 0.254382 
51254 -0.327404 0.415385 
51255 -0.177781 -0.228797 
51256 -0.174899 -0.0695966 
51257 -0.172016 0.0902906 
51258 -0.169099 0.250297 
51259 -0.166084 0.410911 
51260 -0.0183092 -0.231132 
51261 -0.0152056 -0.0723822 
51262 -0.0121168 0.0868831 
51263 -0.00900414 0.246492 
51264 -0.00598033 0.406389 
51265 0.140151 -0.233426 
51266 0.14351 -0.0752053 
51267 0.146604 0.0835689 
51268 0.149871 0.242637 
51269 0.1533 0.401995 
51270 0.297535 -0.235781 
51271 0.301031 -0.0779925 
51272 0.304472 0.0801975 
51273 0.30792 0.238673 
51274 0.311161 0.397609 
51275 -0.339083 -0.22428 
51276 -0.336095 -0.0651877 
51277 -0.333028 0.094417 
51278 -0.329875 0.254398 
51279 -0.326743 0.414685 
51280 -0.179291 -0.22693 
51281 -0.175952 -0.0684251 
51282 -0.172673 0.0907009 
51283 -0.169412 0.24989 
51284 -0.166023 0.409723 
51285 -0.0205565 -0.229638 
51286 -0.017118 -0.0715053 
51287 -0.0137835 0.0866812 
51288 -0.0102781 0.245481 
51289 -0.00674174 0.404571 
51290 0.136768 -0.232243 
51291 0.140538 -0.0747411 
51292 0.144178 0.0829949 
51293 0.147815 0.241141 
51294 0.151558 0.399643 
51295 0.293222 -0.234722 
51296 0.297125 -0.0781001 
51297 0.300909 0.079196 
51298 0.304789 0.236955 
51299 0.308601 0.394649 
51300 -0.339876 -0.222056 
51301 -0.33646 -0.0638389 
51302 -0.332895 0.0950511 
51303 -0.329407 0.25431 
51304 -0.325883 0.413854 
51305 -0.180635 -0.225043 
51306 -0.177113 -0.0674148 
51307 -0.17328 0.090679 
51308 -0.169642 0.249253 
51309 -0.165966 0.408095 
51310 -0.0229369 -0.22812 
51311 -0.0188645 -0.0709329 
51312 -0.0151503 0.0864267 
51313 -0.0112798 0.244371 
51314 -0.00728969 0.402495 
51315 0.133615 -0.231009 
51316 0.137934 -0.0745607 
51317 0.141779 0.0822643 
51318 0.145826 0.23952 
51319 0.149891 0.397127 
51320 0.289022 -0.233897 
51321 0.293265 -0.0780606 
51322 0.297502 0.0780625 
51323 0.301695 0.234735 
51324 0.306118 0.391604 
51325 -0.340731 -0.220191 
51326 -0.336958 -0.0624428 
51327 -0.332972 0.0954095 
51328 -0.329004 0.253991 
51329 -0.325114 0.412736 
51330 -0.182294 -0.223585 
51331 -0.17814 -0.0665171 
51332 -0.174 0.0908363 
51333 -0.17003 0.248663 
51334 -0.165932 0.406599 
51335 -0.0251143 -0.226807 
51336 -0.0209512 -0.0704735 
51337 -0.0166939 0.0860485 
51338 -0.0124053 0.243217 
51339 -0.00797044 0.400593 
51340 0.130451 -0.229905 
51341 0.134935 -0.0744179 
51342 0.139359 0.0815947 
51343 0.143789 0.237705 
51344 0.148363 0.394395 
51345 0.284775 -0.233143 
51346 0.289255 -0.0782374 
51347 0.293932 0.0769757 
51348 0.298656 0.232466 
51349 0.303337 0.388577 
51350 -0.341627 -0.218268 
51351 -0.337314 -0.0616132 
51352 -0.332911 0.0959446 
51353 -0.32875 0.253622 
51354 -0.324255 0.411635 
51355 -0.183661 -0.222052 
51356 -0.179233 -0.0658662 
51357 -0.174765 0.0907415 
51358 -0.170242 0.247705 
51359 -0.165691 0.404921 
51360 -0.0276037 -0.22548 
51361 -0.0228743 -0.0701054 
51362 -0.0182425 0.0855723 
51363 -0.0134945 0.241768 
51364 -0.00873348 0.398218 
51365 0.127471 -0.228987 
51366 0.132085 -0.0743869 
51367 0.136944 0.0806277 
51368 0.141773 0.235909 
51369 0.146726 0.391918 
51370 0.280566 -0.232382 
51371 0.285574 -0.0786792 
51372 0.290643 0.0755249 
51373 0.29554 0.230345 
51374 0.300548 0.385284 
51375 -0.34234 -0.21658 
51376 -0.337693 -0.0606393 
51377 -0.332973 0.096059 
51378 -0.328342 0.252994 
51379 -0.323601 0.410355 
51380 -0.185245 -0.220553 
51381 -0.180392 -0.0652696 
51382 -0.175524 0.0906069 
51383 -0.170724 0.246717 
51384 -0.165788 0.403092 
51385 -0.0297837 -0.224427 
51386 -0.0246085 -0.0699757 
51387 -0.0196056 0.0849456 
51388 -0.0145396 0.240216 
51389 -0.00969831 0.39614 
51390 0.124151 -0.228253 
51391 0.129404 -0.0745051 
51392 0.134568 0.0796703 
51393 0.139776 0.234179 
51394 0.144973 0.389006 
51395 0.276591 -0.232064 
51396 0.281659 -0.0789648 
51397 0.287148 0.0741439 
51398 0.292553 0.227845 
51399 0.297952 0.381868 
51400 -0.343428 -0.215158 
51401 -0.338153 -0.0595595 
51402 -0.333208 0.0962141 
51403 -0.328017 0.252464 
51404 -0.322769 0.408998 
51405 -0.186797 -0.219378 
51406 -0.181449 -0.0646754 
51407 -0.176218 0.0901804 
51408 -0.170902 0.245543 
51409 -0.165693 0.401286 
51410 -0.0320525 -0.223566 
51411 -0.0266137 -0.0698399 
51412 -0.0212771 0.084294 
51413 -0.0157563 0.238713 
51414 -0.0102407 0.393591 
51415 0.121065 -0.227464 
51416 0.126627 -0.0747843 
51417 0.132304 0.0785334 
51418 0.137756 0.232112 
51419 0.143203 0.385744 
51420 0.272565 -0.231528 
51421 0.277977 -0.0796465 
51422 0.283762 0.072769 
51423 0.289542 0.225426 
51424 0.295109 0.378455 
51425 -0.344151 -0.213873 
51426 -0.338558 -0.0590976 
51427 -0.333129 0.0961345 
51428 -0.327563 0.25167 
51429 -0.322042 0.407308 
51430 -0.188223 -0.218319 
51431 -0.182512 -0.0644148 
51432 -0.176978 0.0897715 
51433 -0.171299 0.244417 
51434 -0.165613 0.399335 
51435 -0.0342987 -0.222732 
51436 -0.0284617 -0.0698034 
51437 -0.0226481 0.0833957 
51438 -0.0168037 0.23708 
51439 -0.0110473 0.390916 
51440 0.117906 -0.227028 
51441 0.123848 -0.075201 
51442 0.129646 0.0771678 
51443 0.135794 0.229952 
51444 0.141672 0.382838 
51445 0.268479 -0.23141 
51446 0.274405 -0.0802354 
51447 0.280308 0.0712283 
51448 0.286422 0.222866 
51449 0.292609 0.374819 
51450 -0.345048 -0.212705 
51451 -0.339152 -0.0583228 
51452 -0.333221 0.0959314 
51453 -0.327308 0.250552 
51454 -0.321341 0.4058 
51455 -0.189837 -0.217248 
51456 -0.183724 -0.0641687 
51457 -0.177662 0.0891805 
51458 -0.171585 0.242923 
51459 -0.165677 0.396949 
51460 -0.0364727 -0.222158 
51461 -0.0302838 -0.0699282 
51462 -0.0241189 0.082555 
51463 -0.0181168 0.235346 
51464 -0.0119004 0.388315 
51465 0.114894 -0.226731 
51466 0.121074 -0.0755971 
51467 0.127286 0.0760122 
51468 0.133745 0.227797 
51469 0.139887 0.379677 
51470 0.264255 -0.231433 
51471 0.27069 -0.0811053 
51472 0.277104 0.069323 
51473 0.28338 0.220214 
51474 0.289767 0.371256 
51475 -0.345882 -0.211433 
51476 -0.339723 -0.0580173 
51477 -0.333255 0.0956819 
51478 -0.326969 0.249726 
51479 -0.320655 0.404042 
51480 -0.191252 -0.21653 
51481 -0.184915 -0.0640311 
51482 -0.178509 0.088507 
51483 -0.172155 0.241472 
51484 -0.165737 0.394664 
51485 -0.0386344 -0.221578 
51486 -0.0322473 -0.0702576 
51487 -0.0256458 0.0816293 
51488 -0.0191528 0.233338 
51489 -0.0127397 0.385457 
51490 0.111872 -0.226571 
51491 0.118424 -0.0762051 
51492 0.124869 0.0744828 
51493 0.131536 0.225347 
51494 0.138094 0.376531 
51495 0.260409 -0.231395 
51496 0.267073 -0.081972 
51497 0.273691 0.0675832 
51498 0.28038 0.217457 
51499 0.287136 0.367548 
51500 -0.346878 -0.210709 
51501 -0.340167 -0.0578123 
51502 -0.33352 0.0953229 
51503 -0.326787 0.248457 
51504 -0.319936 0.401956 
51505 -0.192689 -0.215974 
51506 -0.186008 -0.0642062 
51507 -0.179204 0.0877343 
51508 -0.172414 0.23992 
51509 -0.165727 0.392221 
51510 -0.040901 -0.221231 
51511 -0.0340858 -0.0705359 
51512 -0.0272742 0.0803134 
51513 -0.0202289 0.231401 
51514 -0.013394 0.382517 
51515 0.10888 -0.226366 
51516 0.115613 -0.076884 
51517 0.12263 0.0729058 
51518 0.129532 0.222898 
51519 0.136476 0.373104 
51520 0.256447 -0.231483 
51521 0.263437 -0.0829497 
51522 0.270377 0.0657948 
51523 0.277391 0.214679 
51524 0.284373 0.3637 
51525 -0.347792 -0.209802 
51526 -0.340682 -0.0576277 
51527 -0.333445 0.0947647 
51528 -0.326478 0.247237 
51529 -0.319346 0.399881 
51530 -0.194265 -0.215338 
51531 -0.187124 -0.0642969 
51532 -0.180074 0.0868681 
51533 -0.172873 0.238163 
51534 -0.165827 0.389615 
51535 -0.0430788 -0.22104 
51536 -0.03589 -0.0710466 
51537 -0.0286966 0.0791144 
51538 -0.0215628 0.229225 
51539 -0.014432 0.379634 
51540 0.10588 -0.226421 
51541 0.113098 -0.0775976 
51542 0.120262 0.0714569 
51543 0.127471 0.220442 
51544 0.134598 0.369655 
51545 0.252656 -0.23174 
51546 0.259722 -0.0841287 
51547 0.267092 0.0637751 
51548 0.274327 0.211588 
51549 0.28148 0.359923 
