51075 -0.333313 -0.250056 
51076 -0.33332 -0.0834517 
51077 -0.33338 0.0833261 
51078 -0.333337 0.250028 
51079 -0.333333 0.416623 
51080 -0.166645 -0.249874 
51081 -0.166672 -0.0832365 
51082 -0.166649 0.0832896 
51083 -0.166573 0.249981 
51084 -0.166636 0.416601 
51085 -4.30474e-06 -0.250048 
51086 6.69302e-05 -0.0832899 
51087 -0.000138894 0.0833718 
51088 1.89969e-05 0.24997 
51089 1.57056e-05 0.416684 
51090 0.166705 -0.249985 
51091 0.166612 -0.0833691 
51092 0.166614 0.0834203 
51093 0.166661 0.24997 
51094 0.166627 0.416683 
51095 0.333327 -0.249952 
51096 0.333327 -0.0833563 
51097 0.333323 0.0834383 
51098 0.333191 0.249926 
51099 0.333202 0.416603 
51100 -0.333871 -0.246777 
51101 -0.333715 -0.0809342 
51102 -0.333314 0.0848483 
51103 -0.332937 0.250814 
51104 -0.332661 0.416678 
51105 -0.168122 -0.246861 
51106 -0.16765 -0.0813155 
51107 -0.167311 0.0845012 
51108 -0.167045 0.250195 
51109 -0.166679 0.416262 
51110 -0.00234025 -0.247358 
51111 -0.00201624 -0.0815432 
51112 -0.00146188 0.0841384 
51113 -0.00127836 0.249898 
51114 -0.000688482 0.415644 
51115 0.163261 -0.247538 
51116 0.163827 -0.0816673 
51117 0.164129 0.0836531 
51118 0.164521 0.24951 
51119 0.164938 0.415246 
51120 0.328732 -0.247761 
51121 0.329117 -0.0824295 
51122 0.329572 0.0832632 
51123 0.330061 0.248916 
51124 0.33042 0.414617 
51125 -0.33444 -0.243539 
51126 -0.333845 -0.0786835 
51127 -0.333204 0.0863839 
51128 -0.332553 0.251571 
51129 -0.33198 0.416976 
51130 -0.169239 -0.244132 
51131 -0.168714 -0.0793496 
51132 -0.167955 0.0856927 
51133 -0.16721 0.25056 
51134 -0.166621 0.415674 
51135 -0.00449713 -0.244587 
51136 -0.00367506 -0.0799204 
51137 -0.00311381 0.0847398 
51138 -0.00233734 0.24958 
51139 -0.00156138 0.414552 
51140 0.159839 -0.245337 
51141 0.160728 -0.0806852 
51142 0.161541 0.0837322 
51143 0.162299 0.248719 
51144 0.163283 0.413394 
51145 0.324088 -0.245717 
51146 0.325013 -0.0814586 
51147 0.32598 0.0830707 
51148 0.326844 0.24764 
51149 0.327826 0.412425 
51150 -0.335041 -0.240538 
51151 -0.33403 -0.0764254 
51152 -0.333038 0.0877592 
51153 -0.332166 0.252212 
51154 -0.331028 0.41671 
51155 -0.170702 -0.241334 
51156 -0.169816 -0.0774943 
51157 -0.16858 0.0865706 
51158 -0.16747 0.25064 
51159 -0.166509 0.415139 
51160 -0.00701015 -0.242162 
51161 -0.00576612 -0.078622 
51162 -0.00450302 0.0851883 
51163 -0.00349299 0.249265 
51164 -0.00213167 0.413379 
51165 0.156617 -0.243056 
51166 0.157847 -0.07962 
51167 0.159054 0.0840601 
51168 0.160342 0.247615 
51169 0.161585 0.411679 
51170 0.319626 -0.243795 
51171 0.321015 -0.0805956 
51172 0.322276 0.0826191 
51173 0.323509 0.246351 
51174 0.324946 0.409879 
51175 -0.335744 -0.237536 
51176 -0.334346 -0.0744142 
51177 -0.332943 0.0890194 
51178 -0.331647 0.252784 
51179 -0.330425 0.416508 
51180 -0.172247 -0.238767 
51181 -0.170747 -0.0758292 
51182 -0.169173 0.0872744 
51183 -0.16792 0.250582 
51184 -0.166395 0.414265 
51185 -0.00926894 -0.23995 
51186 -0.00772245 -0.0772977 
51187 -0.00614483 0.0856504 
51188 -0.00449597 0.248661 
51189 -0.00298469 0.411879 
51190 0.153159 -0.241104 
51191 0.154902 -0.0786162 
51192 0.156628 0.0839292 
51193 0.158236 0.246678 
51194 0.159908 0.409817 
51195 0.315096 -0.242189 
51196 0.316813 -0.0800082 
51197 0.31856 0.0821995 
51198 0.320592 0.244851 
51199 0.322226 0.407543 
51200 -0.336441 -0.23493 
51201 -0.334676 -0.0724225 
51202 -0.332929 0.0901208 
51203 -0.331296 0.252964 
51204 -0.329602 0.416358 
51205 -0.173691 -0.236292 
51206 -0.171753 -0.0742898 
51207 -0.169908 0.0878795 
51208 -0.168188 0.250578 
51209 -0.166191 0.413442 
51210 -0.0115247 -0.237838 
51211 -0.00951943 -0.0760357 
51212 -0.00764768 0.085893 
51213 -0.00558406 0.247966 
51214 -0.00373 0.41062 
51215 0.149862 -0.239098 
51216 0.151974 -0.0778264 
51217 0.154053 0.0836685 
51218 0.156118 0.245656 
51219 0.158325 0.407664 
51220 0.310546 -0.240661 
51221 0.312907 -0.0795651 
51222 0.315092 0.0817009 
51223 0.31724 0.243133 
51224 0.319569 0.404839 
51225 -0.337103 -0.232334 
51226 -0.335074 -0.070718 
51227 -0.332945 0.0911556 
51228 -0.330955 0.253269 
51229 -0.328846 0.415773 
51230 -0.175077 -0.234042 
51231 -0.172737 -0.0729242 
51232 -0.170605 0.0885642 
51233 -0.168299 0.250305 
51234 -0.166233 0.412292 
51235 -0.0139311 -0.235811 
51236 -0.0114342 -0.0752187 
51237 -0.00916833 0.0859477 
51238 -0.00685346 0.247289 
51239 -0.00437706 0.40893 
51240 0.146548 -0.237613 
51241 0.149094 -0.077305 
51242 0.151565 0.083414 
51243 0.154013 0.2443 
51244 0.156606 0.405595 
51245 0.306258 -0.239264 
51246 0.308747 -0.0793656 
51247 0.311402 0.0808303 
51248 0.314269 0.241478 
51249 0.316777 0.402101 
51250 -0.337967 -0.229873 
51251 -0.335384 -0.0690352 
51252 -0.332934 0.0920763 
51253 -0.330456 0.253378 
51254 -0.32819 0.414954 
51255 -0.176614 -0.231889 
51256 -0.173947 -0.0716446 
51257 -0.171226 0.0890013 
51258 -0.168579 0.24979 
51259 -0.166052 0.411174 
51260 -0.0161159 -0.23386 
51261 -0.0133975 -0.0741515 
51262 -0.0106887 0.0860351 
51263 -0.00797324 0.246443 
51264 -0.00503885 0.407227 
51265 0.143329 -0.236055 
51266 0.146245 -0.076603 
51267 0.14914 0.0829903 
51268 0.151948 0.242917 
51269 0.155003 0.403299 
51270 0.301702 -0.238037 
51271 0.304904 -0.079252 
51272 0.30804 0.0800425 
51273 0.310776 0.239453 
51274 0.313874 0.399237 
51275 -0.338589 -0.227589 
51276 -0.335743 -0.0675029 
51277 -0.332911 0.0926693 
51278 -0.330074 0.253363 
51279 -0.327197 0.414374 
51280 -0.178055 -0.22997 
51281 -0.175094 -0.0705848 
51282 -0.172063 0.0891941 
51283 -0.168992 0.249448 
51284 -0.166115 0.410005 
51285 -0.0184678 -0.232407 
51286 -0.0151698 -0.0733196 
51287 -0.012084 0.0859308 
51288 -0.00908048 0.245422 
51289 -0.00583526 0.405303 
51290 0.140134 -0.234536 
51291 0.143491 -0.0762691 
51292 0.146572 0.0824048 
51293 0.15005 0.241451 
51294 0.153222 0.400877 
51295 0.297518 -0.237108 
51296 0.300957 -0.0791091 
51297 0.304407 0.0789765 
51298 0.307895 0.237486 
51299 0.31145 0.396206 
51300 -0.339357 -0.225478 
51301 -0.336146 -0.0660508 
51302 -0.332895 0.0932863 
51303 -0.329633 0.253329 
51304 -0.32649 0.413454 
51305 -0.179593 -0.228187 
51306 -0.175987 -0.0696195 
51307 -0.172621 0.0894287 
51308 -0.169225 0.248729 
51309 -0.165878 0.408289 
51310 -0.0207612 -0.230758 
51311 -0.0172049 -0.072784 
51312 -0.0135792 0.0856449 
51313 -0.0101522 0.244275 
51314 -0.00660628 0.403327 
51315 0.136841 -0.233487 
51316 0.140554 -0.0761122 
51317 0.144269 0.0816989 
51318 0.147916 0.239889 
51319 0.151747 0.39817 
51320 0.293239 -0.236235 
51321 0.297089 -0.079201 
51322 0.30091 0.0779253 
51323 0.304825 0.235409 
51324 0.308597 0.393196 
51325 -0.340154 -0.223592 
51326 -0.336536 -0.065082 
51327 -0.332947 0.0936451 
51328 -0.329278 0.25298 
51329 -0.325706 0.412417 
51330 -0.180956 -0.226339 
51331 -0.177121 -0.0687217 
51332 -0.173308 0.0894368 
51333 -0.169626 0.248004 
51334 -0.165911 0.406738 
51335 -0.0231173 -0.229427 
51336 -0.0192325 -0.0724419 
51337 -0.0151811 0.0852148 
51338 -0.0112526 0.243017 
51339 -0.0072494 0.401178 
51340 0.13356 -0.232385 
51341 0.137657 -0.0759555 
51342 0.14173 0.0810971 
51343 0.145846 0.238125 
51344 0.149925 0.395586 
51345 0.288991 -0.235391 
51346 0.293116 -0.0794905 
51347 0.297475 0.0765464 
51348 0.301612 0.233202 
51349 0.305884 0.390027 
51350 -0.340958 -0.221601 
51351 -0.336958 -0.0637836 
51352 -0.333007 0.0941559 
51353 -0.32895 0.252623 
51354 -0.324837 0.411425 
51355 -0.182479 -0.224967 
51356 -0.17834 -0.0679809 
51357 -0.174149 0.0894378 
51358 -0.169844 0.247115 
51359 -0.16575 0.405096 
51360 -0.0253413 -0.228118 
51361 -0.0210269 -0.0718307 
51362 -0.0166408 0.0846062 
51363 -0.0122712 0.241655 
51364 -0.00801941 0.398878 
51365 0.130253 -0.231445 
51366 0.134858 -0.0758677 
51367 0.139304 0.0799879 
51368 0.143844 0.236236 
51369 0.14827 0.392895 
51370 0.284841 -0.234759 
51371 0.289401 -0.0797885 
51372 0.29394 0.0753737 
51373 0.298693 0.231044 
51374 0.303128 0.386821 
51375 -0.341782 -0.219912 
51376 -0.337449 -0.0629277 
51377 -0.332916 0.0944071 
51378 -0.328576 0.252036 
51379 -0.324121 0.409909 
51380 -0.183791 -0.223582 
51381 -0.17952 -0.0674137 
51382 -0.17476 0.0891406 
51383 -0.170241 0.246045 
51384 -0.165557 0.403171 
51385 -0.0275421 -0.227067 
51386 -0.0228747 -0.0717897 
51387 -0.0181695 0.0840023 
51388 -0.013423 0.240083 
51389 -0.00870876 0.396608 
51390 0.127358 -0.23067 
51391 0.132052 -0.0761374 
51392 0.136814 0.0789526 
51393 0.141793 0.234368 
51394 0.146591 0.389838 
51395 0.280575 -0.234186 
51396 0.285696 -0.0802433 
51397 0.290496 0.0739296 
51398 0.295533 0.228434 
51399 0.300501 0.383331 
51400 -0.34276 -0.218412 
51401 -0.337853 -0.0620815 
51402 -0.332989 0.0945214 
51403 -0.328063 0.251419 
51404 -0.323187 0.408563 
51405 -0.185465 -0.222239 
51406 -0.180488 -0.0669305 
51407 -0.175576 0.0888718 
51408 -0.170575 0.244878 
51409 -0.16555 0.401402 
51410 -0.0297353 -0.226206 
51411 -0.0247988 -0.0715496 
51412 -0.0196593 0.0833166 
51413 -0.0143339 0.238556 
51414 -0.00929187 0.39408 
51415 0.12408 -0.230034 
51416 0.12922 -0.0762944 
51417 0.134519 0.0777988 
51418 0.139821 0.232208 
51419 0.144893 0.386972 
51420 0.27652 -0.233868 
51421 0.281675 -0.0808985 
51422 0.287087 0.072388 
51423 0.292432 0.225819 
51424 0.297701 0.379881 
51425 -0.343456 -0.216917 
51426 -0.338374 -0.0615053 
51427 -0.333043 0.0944304 
51428 -0.327762 0.250605 
51429 -0.322579 0.407033 
51430 -0.187118 -0.221207 
51431 -0.181611 -0.0665968 
51432 -0.176245 0.0884796 
51433 -0.17096 0.243686 
51434 -0.165438 0.399267 
51435 -0.0320595 -0.225422 
51436 -0.0266911 -0.0716208 
51437 -0.0212736 0.0824098 
51438 -0.0158425 0.236999 
51439 -0.0102162 0.391442 
51440 0.120985 -0.22968 
51441 0.126557 -0.0765973 
51442 0.13211 0.0765278 
51443 0.137688 0.230098 
51444 0.143343 0.383778 
51445 0.272371 -0.233626 
51446 0.27812 -0.081593 
51447 0.283631 0.0707635 
51448 0.289346 0.223426 
51449 0.29502 0.376445 
51450 -0.344405 -0.215774 
51451 -0.338674 -0.0609527 
51452 -0.333103 0.0942524 
51453 -0.327427 0.249622 
51454 -0.321812 0.405355 
51455 -0.188454 -0.220279 
51456 -0.182828 -0.0664092 
51457 -0.177038 0.0878526 
51458 -0.171302 0.242394 
51459 -0.165591 0.396951 
51460 -0.0343967 -0.224737 
51461 -0.0285314 -0.0717228 
51462 -0.0226768 0.0815333 
51463 -0.0169219 0.235113 
51464 -0.0109939 0.388816 
51465 0.117853 -0.229299 
51466 0.123764 -0.0770807 
51467 0.129641 0.0752483 
51468 0.135676 0.227889 
51469 0.141532 0.38059 
51470 0.268327 -0.233707 
51471 0.274358 -0.0823044 
51472 0.280266 0.0692122 
51473 0.286282 0.220679 
51474 0.2924 0.372554 
51475 -0.34532 -0.214714 
51476 -0.339283 -0.0604047 
51477 -0.333221 0.0940441 
51478 -0.327171 0.248771 
51479 -0.321118 0.403374 
51480 -0.189941 -0.219501 
51481 -0.183869 -0.0662021 
51482 -0.177702 0.0872239 
51483 -0.171493 0.240761 
51484 -0.165618 0.394553 
51485 -0.0367387 -0.224296 
51486 -0.0305006 -0.0719205 
51487 -0.0242063 0.0805318 
51488 -0.0179385 0.233086 
51489 -0.0118282 0.385821 
51490 0.114996 -0.22893 
51491 0.121002 -0.0777656 
51492 0.127374 0.0738153 
51493 0.133621 0.225432 
51494 0.139853 0.377277 
51495 0.264351 -0.233738 
51496 0.270595 -0.0832479 
51497 0.277091 0.0673542 
51498 0.283391 0.217922 
51499 0.289616 0.368845 
51500 -0.346347 -0.213689 
51501 -0.339922 -0.0602601 
51502 -0.333199 0.093559 
51503 -0.326869 0.24742 
51504 -0.320346 0.401499 
51505 -0.191532 -0.218899 
51506 -0.184924 -0.0663203 
51507 -0.178429 0.0864483 
51508 -0.17196 0.239245 
51509 -0.165399 0.392179 
51510 -0.0387795 -0.223848 
51511 -0.032256 -0.0723927 
51512 -0.0258522 0.0792551 
51513 -0.0192773 0.231056 
51514 -0.0127654 0.382942 
51515 0.111679 -0.228843 
51516 0.118357 -0.0783586 
51517 0.12491 0.0723027 
51518 0.13148 0.223105 
51519 0.138009 0.37415 
51520 0.260462 -0.233675 
51521 0.267022 -0.0842226 
51522 0.273628 0.06534 
51523 0.280075 0.215067 
51524 0.286875 0.365056 
51525 -0.347152 -0.212973 
51526 -0.340335 -0.0600545 
51527 -0.333443 0.092986 
51528 -0.326649 0.246137 
51529 -0.319638 0.399352 
51530 -0.192919 -0.218394 
51531 -0.186143 -0.0664499 
51532 -0.179357 0.0854411 
51533 -0.172521 0.237477 
51534 -0.165484 0.389662 
51535 -0.0409819 -0.223612 
51536 -0.0341788 -0.0729277 
51537 -0.0272554 0.0779013 
51538 -0.0204703 0.228989 
51539 -0.0134539 0.37999 
51540 0.108907 -0.228846 
51541 0.115609 -0.0789995 
51542 0.122613 0.070564 
51543 0.129387 0.220516 
51544 0.136377 0.370523 
51545 0.256493 -0.233964 
51546 0.263413 -0.0852805 
51547 0.270243 0.0633878 
51548 0.277143 0.212214 
51549 0.284058 0.361138 
51550 -0.348149 -0.212328 
51551 -0.340935 -0.0600677 
51552 -0.333579 0.0923165 
51553 -0.32633 0.244823 
51554 -0.319107 0.397178 
51555 -0.194502 -0.21796 
51556 -0.187294 -0.0667427 
51557 -0.180037 0.0843225 
51558 -0.172862 0.235726 
51559 -0.165534 0.386884 
51560 -0.0432914 -0.223431 
51561 -0.0360459 -0.0735492 
51562 -0.0287813 0.076622 
51563 -0.0215263 0.226656 
51564 -0.0144043 0.37701 
51565 0.10578 -0.228856 
51566 0.113023 -0.0800113 
51567 0.120217 0.0688894 
51568 0.127331 0.217953 
51569 0.134541 0.366958 
51570 0.252773 -0.234266 
51571 0.259808 -0.0865333 
51572 0.266937 0.0614544 
51573 0.274119 0.209238 
51574 0.281235 0.357226 
