51325 -0.333312 -0.249994 
51326 -0.333305 -0.0833339 
51327 -0.333287 0.0832816 
51328 -0.333423 0.250107 
51329 -0.333377 0.416641 
51330 -0.166657 -0.250059 
51331 -0.166655 -0.0831856 
51332 -0.166614 0.0832834 
51333 -0.166684 0.250152 
51334 -0.166654 0.416678 
51335 -0.00015221 -0.250017 
51336 4.33355e-05 -0.0833765 
51337 2.31141e-05 0.0830718 
51338 -2.25484e-05 0.249906 
51339 4.22953e-05 0.416521 
51340 0.166643 -0.250038 
51341 0.166618 -0.0833533 
51342 0.166668 0.0833449 
51343 0.166681 0.250043 
51344 0.166744 0.416525 
51345 0.333427 -0.249984 
51346 0.333324 -0.0834258 
51347 0.333338 0.0832687 
51348 0.333308 0.249899 
51349 0.333274 0.416643 
51350 -0.334165 -0.247994 
51351 -0.333645 -0.0821916 
51352 -0.333299 0.0837529 
51353 -0.332711 0.249534 
51354 -0.332437 0.415336 
51355 -0.168141 -0.248387 
51356 -0.167739 -0.082417 
51357 -0.167303 0.0831292 
51358 -0.166888 0.248919 
51359 -0.166403 0.414673 
51360 -0.00258061 -0.248643 
51361 -0.00192875 -0.0830776 
51362 -0.0015209 0.0826561 
51363 -0.00115665 0.248392 
51364 -0.000616343 0.414141 
51365 0.163236 -0.248942 
51366 0.163709 -0.0833391 
51367 0.164173 0.0821986 
51368 0.164596 0.247867 
51369 0.164941 0.413552 
51370 0.328627 -0.249326 
51371 0.329187 -0.0837038 
51372 0.329564 0.0818317 
51373 0.33003 0.247403 
51374 0.330481 0.412864 
51375 -0.334878 -0.246169 
51376 -0.333993 -0.0812666 
51377 -0.333071 0.0838418 
51378 -0.332204 0.248938 
51379 -0.331427 0.413963 
51380 -0.169723 -0.24676 
51381 -0.168832 -0.0819893 
51382 -0.168048 0.0830099 
51383 -0.167085 0.24782 
51384 -0.166247 0.412839 
51385 -0.00479957 -0.247513 
51386 -0.00391617 -0.0828844 
51387 -0.00309113 0.0818721 
51388 -0.00210588 0.246752 
51389 -0.00127429 0.411645 
51390 0.159995 -0.248163 
51391 0.16071 -0.0834843 
51392 0.161548 0.0811256 
51393 0.162498 0.245673 
51394 0.163163 0.410236 
51395 0.324224 -0.248975 
51396 0.325033 -0.0842587 
51397 0.325985 0.0801452 
51398 0.326706 0.24459 
51399 0.327583 0.409049 
51400 -0.33566 -0.244631 
51401 -0.334286 -0.0803753 
51402 -0.333194 0.0839608 
51403 -0.331595 0.248215 
51404 -0.330407 0.412436 
51405 -0.171261 -0.245603 
51406 -0.169959 -0.0814049 
51407 -0.168584 0.0826068 
51408 -0.167353 0.246578 
51409 -0.166012 0.410501 
51410 -0.00722237 -0.246452 
51411 -0.00585565 -0.0827304 
51412 -0.00458819 0.0811887 
51413 -0.00325346 0.244874 
51414 -0.00213842 0.4087 
51415 0.156466 -0.247488 
51416 0.157804 -0.083849 
51417 0.158964 0.0797237 
51418 0.160327 0.243365 
51419 0.161604 0.406977 
51420 0.319604 -0.24845 
51421 0.320932 -0.085016 
51422 0.3222 0.0782818 
51423 0.323414 0.241759 
51424 0.324715 0.405059 
51425 -0.336441 -0.243059 
51426 -0.334757 -0.0796266 
51427 -0.332982 0.0838742 
51428 -0.331291 0.247259 
51429 -0.329412 0.410616 
51430 -0.172716 -0.244414 
51431 -0.171044 -0.0812097 
51432 -0.169277 0.0819366 
51433 -0.167518 0.245205 
51434 -0.165826 0.408358 
51435 -0.00937522 -0.245563 
51436 -0.00777378 -0.0825678 
51437 -0.00615734 0.0802834 
51438 -0.00449329 0.243039 
51439 -0.00272681 0.405727 
51440 0.15314 -0.247039 
51441 0.154877 -0.0841086 
51442 0.15647 0.0783748 
51443 0.158075 0.240992 
51444 0.15981 0.403372 
51445 0.315171 -0.248298 
51446 0.316914 -0.0858145 
51447 0.318646 0.0765673 
51448 0.320297 0.23883 
51449 0.321857 0.40112 
51450 -0.337345 -0.241716 
51451 -0.335114 -0.0788529 
51452 -0.332956 0.0836979 
51453 -0.330646 0.246219 
51454 -0.328528 0.408789 
51455 -0.174277 -0.24336 
51456 -0.172088 -0.0809379 
51457 -0.169989 0.0813533 
51458 -0.167792 0.243606 
51459 -0.1657 0.40577 
51460 -0.0118199 -0.244988 
51461 -0.00962489 -0.0828045 
51462 -0.00760895 0.0791017 
51463 -0.00541908 0.241013 
51464 -0.00329386 0.402872 
51465 0.149878 -0.246488 
51466 0.151987 -0.0847399 
51467 0.153916 0.0769091 
51468 0.15612 0.238299 
51469 0.158052 0.399804 
51470 0.310722 -0.247961 
51471 0.313014 -0.0868184 
51472 0.315026 0.0746093 
51473 0.317046 0.235776 
51474 0.318886 0.396856 
51475 -0.33817 -0.240685 
51476 -0.335434 -0.0785475 
51477 -0.33284 0.0834122 
51478 -0.330287 0.245082 
51479 -0.327698 0.406742 
51480 -0.175691 -0.242356 
51481 -0.173256 -0.0808735 
51482 -0.170622 0.0805971 
51483 -0.16804 0.241977 
51484 -0.165566 0.403294 
51485 -0.0142426 -0.244298 
51486 -0.0117547 -0.0830754 
51487 -0.009161 0.0778261 
51488 -0.00665868 0.238832 
51489 -0.00402507 0.399754 
51490 0.146631 -0.246201 
51491 0.149079 -0.0854456 
51492 0.15151 0.0751211 
51493 0.153979 0.23569 
51494 0.156401 0.396109 
51495 0.306624 -0.248095 
51496 0.308804 -0.0877439 
51497 0.311332 0.0724918 
51498 0.313605 0.232627 
51499 0.316123 0.392717 
51500 -0.339034 -0.239474 
51501 -0.335845 -0.0782079 
51502 -0.33292 0.0828366 
51503 -0.329841 0.243928 
51504 -0.326745 0.404682 
51505 -0.177321 -0.241819 
51506 -0.174363 -0.0810696 
51507 -0.171228 0.0797554 
51508 -0.168385 0.240222 
51509 -0.165267 0.400598 
51510 -0.0163826 -0.243905 
51511 -0.0134827 -0.0835606 
51512 -0.0107553 0.0766385 
51513 -0.00774764 0.236509 
51514 -0.00479457 0.396572 
51515 0.143404 -0.246113 
51516 0.146142 -0.0861786 
51517 0.148919 0.0734787 
51518 0.151697 0.233064 
51519 0.154615 0.392467 
51520 0.302299 -0.248215 
51521 0.304931 -0.0887919 
51522 0.307812 0.070452 
51523 0.310525 0.229442 
51524 0.31322 0.388415 
51525 -0.339844 -0.238658 
51526 -0.336235 -0.0780105 
51527 -0.332833 0.0823548 
51528 -0.329246 0.242426 
51529 -0.32586 0.40243 
51530 -0.178752 -0.241163 
51531 -0.17545 -0.0811072 
51532 -0.171856 0.078619 
51533 -0.168575 0.238348 
51534 -0.165228 0.397736 
51535 -0.0187528 -0.243699 
51536 -0.0155102 -0.0841658 
51537 -0.0121997 0.0751431 
51538 -0.00892805 0.234285 
51539 -0.00558675 0.393172 
51540 0.140163 -0.246096 
51541 0.143273 -0.0870572 
51542 0.146705 0.0715974 
51543 0.149685 0.230198 
51544 0.152847 0.388537 
51545 0.298056 -0.248547 
51546 0.301214 -0.0900393 
51547 0.304114 0.0681841 
51548 0.307337 0.22623 
51549 0.310337 0.384114 
51550 -0.340639 -0.237957 
51551 -0.336749 -0.0780314 
51552 -0.332859 0.0815767 
51553 -0.328948 0.240951 
51554 -0.32505 0.400003 
51555 -0.180203 -0.240572 
51556 -0.176426 -0.0815678 
51557 -0.172672 0.0775964 
51558 -0.16901 0.236211 
51559 -0.165076 0.394847 
51560 -0.0211048 -0.243398 
51561 -0.0174221 -0.0847157 
51562 -0.0136921 0.0735941 
51563 -0.0101049 0.231776 
51564 -0.00646506 0.389787 
51565 0.137028 -0.246113 
51566 0.140524 -0.0881135 
51567 0.144148 0.0696828 
51568 0.147537 0.227387 
51569 0.151156 0.384668 
51570 0.293924 -0.249026 
51571 0.297371 -0.0914929 
51572 0.300597 0.065897 
51573 0.303983 0.223013 
51574 0.307407 0.379801 
51575 -0.341512 -0.237302 
51576 -0.337197 -0.0781379 
51577 -0.332837 0.0806778 
51578 -0.328505 0.239239 
51579 -0.324156 0.397363 
51580 -0.181672 -0.240492 
51581 -0.177562 -0.0818695 
51582 -0.173246 0.0763316 
51583 -0.169207 0.234376 
51584 -0.165077 0.391787 
51585 -0.0231539 -0.243367 
51586 -0.0191573 -0.0854477 
51587 -0.0152358 0.0720639 
51588 -0.0111535 0.229366 
51589 -0.0073357 0.38616 
51590 0.133788 -0.246435 
51591 0.137773 -0.0891274 
51592 0.141515 0.0678011 
51593 0.145551 0.224394 
51594 0.14929 0.380649 
51595 0.289878 -0.249323 
51596 0.293553 -0.0927054 
51597 0.297111 0.0635659 
51598 0.300861 0.219507 
51599 0.304509 0.375266 
51600 -0.342448 -0.236777 
51601 -0.337679 -0.0782755 
51602 -0.332752 0.0797861 
51603 -0.328096 0.237558 
51604 -0.323391 0.39481 
51605 -0.183126 -0.240268 
51606 -0.178571 -0.0823328 
51607 -0.174062 0.0749676 
51608 -0.169658 0.232039 
51609 -0.165047 0.388739 
51610 -0.0254133 -0.243442 
51611 -0.0210979 -0.0864247 
51612 -0.0167381 0.070285 
51613 -0.012426 0.22668 
51614 -0.00813354 0.382666 
51615 0.130774 -0.24664 
51616 0.135028 -0.0903524 
51617 0.139174 0.0657998 
51618 0.14325 0.221211 
51619 0.147406 0.37667 
51620 0.285738 -0.249921 
51621 0.289733 -0.0941245 
51622 0.293643 0.0611321 
51623 0.297712 0.215943 
51624 0.301404 0.370492 
51625 -0.343223 -0.236613 
51626 -0.338113 -0.0787387 
51627 -0.332825 0.0785852 
51628 -0.327632 0.235581 
51629 -0.322634 0.392029 
51630 -0.184722 -0.240143 
51631 -0.179783 -0.0830827 
51632 -0.174911 0.0736146 
51633 -0.169929 0.229678 
51634 -0.16502 0.385476 
51635 -0.0276108 -0.243522 
51636 -0.0231948 -0.087513 
51637 -0.0182921 0.0686815 
51638 -0.0136603 0.224054 
51639 -0.0091008 0.379001 
51640 0.127923 -0.247013 
51641 0.13225 -0.0916254 
51642 0.136694 0.0635509 
51643 0.141181 0.218124 
51644 0.145518 0.372441 
51645 0.281817 -0.250642 
51646 0.28605 -0.0958029 
51647 0.29019 0.0585423 
51648 0.294357 0.212603 
51649 0.298505 0.366036 
51650 -0.34407 -0.236409 
51651 -0.338619 -0.0793297 
51652 -0.333029 0.07755 
51653 -0.327399 0.233509 
51654 -0.321858 0.389104 
51655 -0.186076 -0.24026 
51656 -0.180843 -0.0838863 
51657 -0.17566 0.0718398 
51658 -0.170291 0.22726 
51659 -0.165069 0.382075 
51660 -0.0298771 -0.244076 
51661 -0.0247653 -0.0884578 
51662 -0.0198731 0.0666199 
51663 -0.0148145 0.221174 
51664 -0.00989726 0.375191 
51665 0.124951 -0.247623 
51666 0.129449 -0.092856 
51667 0.134171 0.061329 
51668 0.138911 0.214871 
51669 0.143591 0.368318 
51670 0.277908 -0.251337 
51671 0.282422 -0.0973733 
51672 0.286834 0.0559995 
51673 0.291245 0.209039 
51674 0.295544 0.361473 
51675 -0.344851 -0.236343 
51676 -0.338874 -0.0798443 
51677 -0.333139 0.0760432 
51678 -0.327135 0.231533 
51679 -0.321279 0.386256 
51680 -0.187605 -0.240483 
51681 -0.181837 -0.0847969 
51682 -0.176387 0.0703471 
51683 -0.170635 0.224818 
51684 -0.165172 0.378711 
51685 -0.0318812 -0.244356 
51686 -0.026493 -0.0895442 
51687 -0.0213252 0.064718 
51688 -0.0160002 0.218242 
51689 -0.0108895 0.371363 
51690 0.121797 -0.248308 
51691 0.126871 -0.0943572 
51692 0.131744 0.0590782 
51693 0.136631 0.211858 
51694 0.141618 0.364066 
51695 0.274106 -0.252182 
51696 0.278744 -0.0991382 
51697 0.283298 0.0534904 
51698 0.287978 0.205397 
51699 0.292568 0.356846 
51700 -0.345729 -0.236669 
51701 -0.339614 -0.080673 
51702 -0.333042 0.074549 
51703 -0.326911 0.229263 
51704 -0.320644 0.382978 
51705 -0.188936 -0.240773 
51706 -0.182952 -0.0856924 
51707 -0.177125 0.0685625 
51708 -0.171208 0.222193 
51709 -0.165393 0.375205 
51710 -0.0341215 -0.244982 
51711 -0.0284467 -0.0908274 
51712 -0.0229557 0.0625096 
51713 -0.0172784 0.215288 
51714 -0.0118686 0.367468 
51715 0.119017 -0.24909 
51716 0.124337 -0.0956658 
51717 0.129324 0.0567589 
51718 0.134677 0.208694 
51719 0.139665 0.359856 
51720 0.27021 -0.25305 
51721 0.275134 -0.100794 
51722 0.279985 0.0508057 
51723 0.284891 0.201887 
51724 0.289702 0.352183 
51725 -0.346637 -0.236817 
51726 -0.339937 -0.081442 
51727 -0.33333 0.0730861 
51728 -0.326594 0.226841 
51729 -0.319877 0.379864 
51730 -0.190382 -0.24114 
51731 -0.184128 -0.0867405 
51732 -0.177987 0.0667695 
51733 -0.171692 0.219548 
51734 -0.165596 0.371658 
51735 -0.0362125 -0.245466 
51736 -0.0303106 -0.0920891 
51737 -0.0244558 0.0604283 
51738 -0.0187745 0.212331 
51739 -0.0129903 0.363581 
51740 0.116095 -0.249742 
51741 0.121593 -0.0973989 
51742 0.12713 0.0542832 
51743 0.13233 0.205216 
51744 0.13768 0.355597 
51745 0.266574 -0.254072 
51746 0.271664 -0.102644 
51747 0.27652 0.0482905 
51748 0.281637 0.198194 
51749 0.286613 0.347585 
51750 -0.347318 -0.23709 
51751 -0.340252 -0.0824869 
51752 -0.333293 0.0713474 
51753 -0.326401 0.224261 
51754 -0.319523 0.376472 
51755 -0.191735 -0.241603 
51756 -0.185216 -0.0881179 
51757 -0.178778 0.0648288 
51758 -0.172197 0.216777 
51759 -0.165725 0.368027 
51760 -0.0382043 -0.246213 
51761 -0.0322274 -0.0935404 
51762 -0.0259182 0.0582489 
51763 -0.0200314 0.209405 
51764 -0.0141944 0.359481 
51765 0.113244 -0.250739 
51766 0.118991 -0.0989561 
51767 0.124528 0.0517441 
51768 0.130081 0.201853 
51769 0.135748 0.351078 
51770 0.262755 -0.254951 
51771 0.268124 -0.104341 
51772 0.27325 0.045506 
51773 0.27855 0.194535 
51774 0.283605 0.342928 
51775 -0.348154 -0.237531 
51776 -0.34086 -0.0835252 
51777 -0.333505 0.069779 
51778 -0.326339 0.221999 
51779 -0.318917 0.373195 
51780 -0.1931 -0.242206 
51781 -0.186351 -0.0891374 
51782 -0.179435 0.0627893 
51783 -0.17292 0.21407 
51784 -0.16617 0.364317 
51785 -0.0401488 -0.246979 
51786 -0.0339756 -0.0949555 
51787 -0.0275689 0.0562541 
51788 -0.0213477 0.206217 
51789 -0.0150549 0.355526 
51790 0.110498 -0.251591 
51791 0.116341 -0.10065 
51792 0.122176 0.049326 
51793 0.127885 0.198432 
51794 0.133729 0.346837 
51795 0.259149 -0.25621 
51796 0.264416 -0.106298 
51797 0.269945 0.0428224 
51798 0.275129 0.19091 
51799 0.280492 0.33822 
51800 -0.34908 -0.238141 
51801 -0.341359 -0.0847055 
51802 -0.333677 0.0679418 
51803 -0.326189 0.219284 
51804 -0.31857 0.369736 
51805 -0.194477 -0.243158 
51806 -0.187306 -0.0906502 
51807 -0.180377 0.0606577 
51808 -0.173345 0.211199 
51809 -0.166203 0.360485 
51810 -0.0422781 -0.247976 
51811 -0.0355703 -0.0964416 
51812 -0.0291689 0.053746 
51813 -0.0225924 0.203042 
51814 -0.016234 0.351279 
51815 0.107803 -0.252549 
51816 0.113833 -0.102467 
51817 0.119806 0.0467886 
51818 0.125786 0.195049 
51819 0.13167 0.342349 
51820 0.255644 -0.257269 
51821 0.261058 -0.108027 
51822 0.266574 0.0400742 
51823 0.272067 0.187292 
51824 0.277373 0.333521 
