51675 -0.333321 -0.249915 
51676 -0.333343 -0.0832972 
51677 -0.333268 0.0833373 
51678 -0.333328 0.250006 
51679 -0.333325 0.416588 
51680 -0.166597 -0.25002 
51681 -0.166671 -0.0833669 
51682 -0.1668 0.0833182 
51683 -0.166596 0.250018 
51684 -0.166691 0.416636 
51685 2.93924e-05 -0.249939 
51686 -1.26126e-05 -0.0832216 
51687 1.39134e-05 0.0833146 
51688 -4.40058e-05 0.249989 
51689 -0.00013103 0.416736 
51690 0.166624 -0.250016 
51691 0.166643 -0.0833594 
51692 0.166622 0.0833926 
51693 0.166599 0.25003 
51694 0.166743 0.416682 
51695 0.333401 -0.250022 
51696 0.33336 -0.0833759 
51697 0.333395 0.0834601 
51698 0.333288 0.250008 
51699 0.333342 0.416705 
51700 -0.334095 -0.250075 
51701 -0.333588 -0.0840061 
51702 -0.333319 0.0816916 
51703 -0.332803 0.247517 
51704 -0.332324 0.413192 
51705 -0.167949 -0.250353 
51706 -0.167693 -0.0843676 
51707 -0.167356 0.0814373 
51708 -0.166859 0.247174 
51709 -0.166531 0.41273 
51710 -0.00227889 -0.250502 
51711 -0.00189757 -0.0846352 
51712 -0.00142315 0.0809639 
51713 -0.00124029 0.246568 
51714 -0.000842606 0.412183 
51715 0.163535 -0.250759 
51716 0.163734 -0.0850494 
51717 0.164063 0.080663 
51718 0.164475 0.246308 
51719 0.164737 0.411788 
51720 0.329104 -0.251036 
51721 0.32927 -0.0852215 
51722 0.32944 0.0802432 
51723 0.329925 0.245664 
51724 0.330212 0.411255 
51725 -0.334784 -0.250154 
51726 -0.333893 -0.0850166 
51727 -0.333148 0.0800968 
51728 -0.332224 0.244879 
51729 -0.331395 0.409635 
51730 -0.169431 -0.250648 
51731 -0.168697 -0.0855725 
51732 -0.16783 0.0794828 
51733 -0.167211 0.244032 
51734 -0.166475 0.408631 
51735 -0.0042254 -0.251261 
51736 -0.00373004 -0.0860953 
51737 -0.00302965 0.0786306 
51738 -0.00241236 0.243213 
51739 -0.00187202 0.407616 
51740 0.160455 -0.251476 
51741 0.161026 -0.0866129 
51742 0.161574 0.0779103 
51743 0.162207 0.242383 
51744 0.162638 0.406653 
51745 0.324963 -0.251968 
51746 0.325354 -0.0873157 
51747 0.325813 0.0771524 
51748 0.326387 0.241502 
51749 0.326711 0.405516 
51750 -0.335492 -0.250568 
51751 -0.334207 -0.0859906 
51752 -0.332993 0.0781707 
51753 -0.331766 0.242303 
51754 -0.330486 0.405906 
51755 -0.170715 -0.251198 
51756 -0.169577 -0.0868152 
51757 -0.168547 0.0772176 
51758 -0.167383 0.241033 
51759 -0.166279 0.404366 
51760 -0.00645134 -0.251851 
51761 -0.00542641 -0.0876524 
51762 -0.00447381 0.0761808 
51763 -0.00370418 0.239639 
51764 -0.00273358 0.402922 
51765 0.157296 -0.252364 
51766 0.158258 -0.0886129 
51767 0.159065 0.0751612 
51768 0.159825 0.238533 
51769 0.160608 0.401652 
51770 0.320851 -0.253075 
51771 0.321412 -0.0893445 
51772 0.322169 0.0740171 
51773 0.322916 0.237291 
51774 0.323498 0.400121 
51775 -0.336112 -0.251047 
51776 -0.334419 -0.0872709 
51777 -0.332851 0.0763446 
51778 -0.331219 0.239393 
51779 -0.329625 0.402153 
51780 -0.171917 -0.251796 
51781 -0.170556 -0.0882449 
51782 -0.169211 0.0749983 
51783 -0.167803 0.237875 
51784 -0.166399 0.400376 
51785 -0.0085358 -0.252687 
51786 -0.00734282 -0.0892656 
51787 -0.00617872 0.0736245 
51788 -0.00486827 0.236167 
51789 -0.00364035 0.398328 
51790 0.154387 -0.253435 
51791 0.155494 -0.0903824 
51792 0.156462 0.0722984 
51793 0.157483 0.234496 
51794 0.158486 0.396431 
51795 0.316984 -0.254225 
51796 0.317711 -0.0915028 
51797 0.318472 0.0709571 
51798 0.319328 0.233031 
51799 0.320137 0.39463 
51800 -0.336832 -0.251552 
51801 -0.334777 -0.0885091 
51802 -0.33283 0.0742782 
51803 -0.330834 0.236611 
51804 -0.328807 0.398201 
51805 -0.173273 -0.252604 
51806 -0.171611 -0.0896029 
51807 -0.169932 0.0727253 
51808 -0.168048 0.23458 
51809 -0.166439 0.395958 
51810 -0.0106371 -0.25352 
51811 -0.00900727 -0.0910432 
51812 -0.00760811 0.0710346 
51813 -0.0061823 0.232635 
51814 -0.00462696 0.393744 
51815 0.151514 -0.254539 
51816 0.152821 -0.0923135 
51817 0.153947 0.0694131 
51818 0.155141 0.230658 
51819 0.156363 0.391291 
51820 0.312915 -0.255545 
51821 0.313944 -0.0935766 
51822 0.31493 0.0677595 
51823 0.315911 0.228799 
51824 0.316845 0.389097 
51825 -0.337395 -0.252245 
51826 -0.335132 -0.0897342 
51827 -0.332917 0.072269 
51828 -0.330451 0.233543 
51829 -0.328166 0.394351 
51830 -0.174605 -0.253452 
51831 -0.172453 -0.0912562 
51832 -0.170634 0.0702921 
51833 -0.168533 0.231384 
51834 -0.166555 0.391487 
51835 -0.0125097 -0.25454 
51836 -0.0108463 -0.0928027 
51837 -0.00905632 0.068438 
51838 -0.00738854 0.228882 
51839 -0.0057558 0.388972 
51840 0.148624 -0.255505 
51841 0.149906 -0.0942524 
51842 0.15151 0.066596 
51843 0.152885 0.226692 
51844 0.154151 0.386363 
51845 0.308972 -0.256858 
51846 0.310238 -0.0958372 
51847 0.311339 0.0646159 
51848 0.312354 0.224496 
51849 0.313415 0.383651 
51850 -0.338042 -0.253132 
51851 -0.335411 -0.0911435 
51852 -0.332735 0.0702026 
51853 -0.33008 0.230526 
51854 -0.327503 0.390318 
51855 -0.175845 -0.254334 
51856 -0.173623 -0.0928536 
51857 -0.171367 0.067961 
51858 -0.168845 0.227977 
51859 -0.166716 0.387234 
51860 -0.0144963 -0.255588 
51861 -0.01261 -0.0945737 
51862 -0.0107139 0.0656678 
51863 -0.00879302 0.225437 
51864 -0.00675247 0.384171 
51865 0.145768 -0.256749 
51866 0.147361 -0.0960178 
51867 0.148996 0.063497 
51868 0.150464 0.222873 
51869 0.15227 0.381227 
51870 0.30525 -0.257873 
51871 0.306533 -0.0978576 
51872 0.307798 0.061575 
51873 0.308983 0.220165 
51874 0.310298 0.378127 
51875 -0.338721 -0.253918 
51876 -0.335667 -0.092673 
51877 -0.332723 0.0678509 
51878 -0.32977 0.22741 
51879 -0.326845 0.386187 
51880 -0.177018 -0.255332 
51881 -0.174484 -0.0945576 
51882 -0.171979 0.065482 
51883 -0.169453 0.224605 
51884 -0.166933 0.382911 
51885 -0.0165014 -0.256688 
51886 -0.0143216 -0.0962903 
51887 -0.0122633 0.0630361 
51888 -0.0101717 0.221625 
51889 -0.00809804 0.379436 
51890 0.142967 -0.258105 
51891 0.144714 -0.0982025 
51892 0.146544 0.0607906 
51893 0.14815 0.218772 
51894 0.149885 0.376219 
51895 0.301665 -0.25939 
51896 0.302882 -0.0999433 
51897 0.304096 0.0583678 
51898 0.305391 0.215893 
51899 0.306718 0.372743 
51900 -0.339442 -0.254995 
51901 -0.336148 -0.0943212 
51902 -0.332766 0.0654327 
51903 -0.329515 0.2242 
51904 -0.326266 0.38209 
51905 -0.178397 -0.256346 
51906 -0.175502 -0.0963385 
51907 -0.172637 0.0628809 
51908 -0.169866 0.220915 
51909 -0.167292 0.378263 
51910 -0.0185593 -0.257765 
51911 -0.016141 -0.098354 
51912 -0.0136616 0.0603631 
51913 -0.0114426 0.218135 
51914 -0.00922385 0.374768 
51915 0.140404 -0.259267 
51916 0.142222 -0.100234 
51917 0.143929 0.0577391 
51918 0.145846 0.214903 
51919 0.14779 0.371009 
51920 0.297906 -0.260569 
51921 0.299239 -0.102206 
51922 0.300643 0.0553193 
51923 0.302081 0.211768 
51924 0.303294 0.36733 
51925 -0.33993 -0.256046 
51926 -0.336312 -0.0959758 
51927 -0.33274 0.0630102 
51928 -0.329303 0.221007 
51929 -0.325712 0.377919 
51930 -0.179283 -0.257628 
51931 -0.176489 -0.0981734 
51932 -0.173557 0.0603003 
51933 -0.170347 0.217639 
51934 -0.167429 0.373801 
51935 -0.0202951 -0.259024 
51936 -0.0177728 -0.100407 
51937 -0.0153271 0.0574151 
51938 -0.0128735 0.214234 
51939 -0.0104643 0.370013 
51940 0.137615 -0.260493 
51941 0.1395 -0.102246 
51942 0.141564 0.0548875 
51943 0.143378 0.210844 
51944 0.145325 0.365939 
51945 0.294191 -0.261852 
51946 0.295651 -0.104312 
51947 0.29716 0.0521404 
51948 0.298553 0.207594 
51949 0.299982 0.362139 
51950 -0.340462 -0.257362 
51951 -0.336687 -0.0977236 
51952 -0.33289 0.0606155 
51953 -0.329133 0.217572 
51954 -0.325365 0.373599 
51955 -0.180568 -0.258728 
51956 -0.17737 -0.09989 
51957 -0.17429 0.0576589 
51958 -0.171048 0.213988 
51959 -0.167863 0.369209 
51960 -0.0220018 -0.260316 
51961 -0.0195349 -0.10216 
51962 -0.0168944 0.0548987 
51963 -0.0142537 0.210468 
51964 -0.0116423 0.365181 
51965 0.134951 -0.261714 
51966 0.137063 -0.104474 
51967 0.138987 0.0518812 
51968 0.141075 0.206957 
51969 0.143128 0.361034 
51970 0.290758 -0.263365 
51971 0.292326 -0.10665 
51972 0.29353 0.0489857 
51973 0.295114 0.203526 
51974 0.296644 0.356818 
51975 -0.341018 -0.258313 
51976 -0.337051 -0.0996044 
51977 -0.332911 0.0579502 
51978 -0.328954 0.214242 
51979 -0.325009 0.369265 
51980 -0.181823 -0.260062 
51981 -0.178367 -0.101985 
51982 -0.17498 0.0550077 
51983 -0.171668 0.210536 
51984 -0.168163 0.364732 
51985 -0.023937 -0.261642 
51986 -0.0211444 -0.104393 
51987 -0.0184085 0.0518539 
51988 -0.0158047 0.20669 
51989 -0.0131365 0.360394 
51990 0.132482 -0.263083 
51991 0.134516 -0.106559 
51992 0.136641 0.0489363 
51993 0.138617 0.203075 
51994 0.140668 0.35601 
51995 0.287263 -0.26465 
51996 0.288887 -0.108814 
51997 0.290274 0.0460413 
51998 0.291545 0.199482 
51999 0.293183 0.351714 
52000 -0.341733 -0.259746 
52001 -0.337309 -0.101514 
52002 -0.333069 0.0554772 
52003 -0.328883 0.210927 
52004 -0.324781 0.364996 
52005 -0.182773 -0.261383 
52006 -0.179219 -0.103838 
52007 -0.175757 0.0523331 
52008 -0.172228 0.20696 
52009 -0.1688 0.360278 
52010 -0.0257249 -0.263123 
52011 -0.0228177 -0.106167 
52012 -0.0200602 0.0490844 
52013 -0.0172113 0.203124 
52014 -0.0144812 0.355518 
52015 0.129879 -0.264359 
52016 0.131979 -0.108514 
52017 0.134226 0.0460045 
52018 0.136361 0.199123 
52019 0.138393 0.350983 
52020 0.283816 -0.266058 
52021 0.28536 -0.111051 
52022 0.286924 0.0429694 
52023 0.288413 0.195321 
52024 0.289599 0.346502 
52025 -0.342115 -0.261277 
52026 -0.337608 -0.103322 
52027 -0.333253 0.0527432 
52028 -0.328957 0.207502 
52029 -0.324339 0.360628 
52030 -0.183794 -0.262839 
52031 -0.18027 -0.105697 
52032 -0.176545 0.0494082 
52033 -0.172881 0.203272 
52034 -0.169291 0.35591 
52035 -0.0273551 -0.264327 
52036 -0.0244908 -0.108212 
52037 -0.0217693 0.0463755 
52038 -0.0186675 0.199432 
52039 -0.0159887 0.350911 
52040 0.127449 -0.265922 
52041 0.129551 -0.110607 
52042 0.131764 0.0432017 
52043 0.133708 0.195388 
52044 0.135884 0.346141 
52045 0.280519 -0.2674 
52046 0.281987 -0.112955 
52047 0.283307 0.0399159 
52048 0.284755 0.19131 
52049 0.285989 0.34153 
52050 -0.342748 -0.262709 
52051 -0.337898 -0.105586 
52052 -0.333286 0.050091 
52053 -0.328858 0.204007 
52054 -0.324206 0.356282 
52055 -0.185081 -0.264353 
52056 -0.181228 -0.107843 
52057 -0.177261 0.0467022 
52058 -0.173646 0.199859 
52059 -0.169794 0.351282 
52060 -0.0291969 -0.265659 
52061 -0.0261373 -0.110335 
52062 -0.0232302 0.0434954 
52063 -0.0202342 0.195505 
52064 -0.0173265 0.346281 
52065 0.125003 -0.267233 
52066 0.127086 -0.11272 
52067 0.129259 0.0402674 
52068 0.131322 0.191465 
52069 0.133502 0.341372 
52070 0.277144 -0.268716 
52071 0.278557 -0.114915 
52072 0.279935 0.0370723 
52073 0.281303 0.187503 
52074 0.282755 0.336357 
52075 -0.343067 -0.264148 
52076 -0.338445 -0.107605 
52077 -0.333604 0.047287 
52078 -0.328927 0.200412 
52079 -0.324113 0.351959 
52080 -0.185858 -0.2656 
52081 -0.182087 -0.11 
52082 -0.178311 0.0439478 
52083 -0.174527 0.196185 
52084 -0.170576 0.346759 
52085 -0.0307988 -0.267155 
52086 -0.0277387 -0.112391 
52087 -0.0247535 0.0405818 
52088 -0.0218317 0.192043 
52089 -0.0189775 0.341643 
52090 0.122458 -0.268461 
52091 0.124655 -0.11474 
52092 0.126868 0.0372243 
52093 0.128914 0.187663 
52094 0.130991 0.336534 
52095 0.273922 -0.269947 
52096 0.275375 -0.117093 
52097 0.276512 0.034067 
52098 0.277986 0.183608 
52099 0.279189 0.3315 
52100 -0.343722 -0.265844 
52101 -0.338622 -0.109636 
52102 -0.333733 0.044547 
52103 -0.329064 0.1969 
52104 -0.32419 0.347501 
52105 -0.187027 -0.267154 
52106 -0.183078 -0.112023 
52107 -0.179088 0.0411743 
52108 -0.175129 0.192439 
52109 -0.171238 0.342264 
52110 -0.0323912 -0.26869 
52111 -0.0294144 -0.114375 
52112 -0.0262819 0.037886 
52113 -0.0233159 0.188409 
52114 -0.0204814 0.337027 
52115 0.120211 -0.269817 
52116 0.12227 -0.116772 
52117 0.124504 0.0345926 
52118 0.126542 0.184022 
52119 0.12859 0.331828 
52120 0.270846 -0.271167 
52121 0.272059 -0.119072 
52122 0.273257 0.0312698 
52123 0.274459 0.179997 
52124 0.275576 0.326801 
52125 -0.344064 -0.267334 
52126 -0.338929 -0.111775 
52127 -0.334067 0.0417923 
52128 -0.32916 0.193394 
52129 -0.324238 0.343103 
52130 -0.187833 -0.268637 
52131 -0.183982 -0.114262 
52132 -0.179978 0.0384096 
52133 -0.175912 0.18896 
52134 -0.172074 0.3377 
52135 -0.0340328 -0.269967 
52136 -0.030855 -0.116429 
52137 -0.0279904 0.0348933 
52138 -0.0249466 0.184674 
52139 -0.0220697 0.332399 
52140 0.117914 -0.27121 
52141 0.119882 -0.118835 
52142 0.121997 0.0317289 
52143 0.124058 0.180308 
52144 0.126018 0.327104 
52145 0.26764 -0.272479 
52146 0.268719 -0.121057 
52147 0.270024 0.0285474 
52148 0.27101 0.17618 
52149 0.272018 0.321847 
52150 -0.3445 -0.269039 
52151 -0.339437 -0.113911 
52152 -0.334291 0.0390019 
52153 -0.329337 0.189967 
52154 -0.324331 0.338884 
52155 -0.188861 -0.27001 
52156 -0.184991 -0.116301 
52157 -0.180824 0.0356689 
52158 -0.17686 0.185308 
52159 -0.172907 0.333264 
52160 -0.0355576 -0.271263 
52161 -0.0325627 -0.118587 
52162 -0.0295869 0.0322899 
52163 -0.0266875 0.180891 
52164 -0.0237042 0.327886 
52165 0.115665 -0.272665 
52166 0.117636 -0.120633 
52167 0.11954 0.0291128 
52168 0.121559 0.176747 
52169 0.123322 0.322545 
52170 0.264638 -0.273497 
52171 0.265581 -0.12301 
52172 0.266697 0.0257738 
52173 0.267688 0.172492 
52174 0.268479 0.317207 
