51700 -0.333475 -0.250094 
51701 -0.333373 -0.0832844 
51702 -0.333447 0.0834268 
51703 -0.333486 0.249983 
51704 -0.333292 0.41663 
51705 -0.166661 -0.249913 
51706 -0.166642 -0.0833805 
51707 -0.16666 0.0833678 
51708 -0.166662 0.250025 
51709 -0.166586 0.416655 
51710 3.69378e-05 -0.249908 
51711 -9.92536e-05 -0.0833368 
51712 -6.78544e-05 0.0835347 
51713 -2.67484e-05 0.249924 
51714 6.34805e-05 0.416728 
51715 0.166664 -0.250015 
51716 0.166555 -0.0834207 
51717 0.166755 0.0832939 
51718 0.166656 0.249922 
51719 0.166657 0.416612 
51720 0.333392 -0.249961 
51721 0.333298 -0.083324 
51722 0.333438 0.0833971 
51723 0.333329 0.249878 
51724 0.333321 0.416558 
51725 -0.334039 -0.25018 
51726 -0.333486 -0.0842772 
51727 -0.333359 0.0816682 
51728 -0.33279 0.24717 
51729 -0.332288 0.413039 
51730 -0.168109 -0.250304 
51731 -0.16765 -0.0844868 
51732 -0.167369 0.0812644 
51733 -0.16699 0.247039 
51734 -0.166523 0.412496 
51735 -0.00219525 -0.250661 
51736 -0.00183128 -0.0847506 
51737 -0.00156767 0.0808357 
51738 -0.0012047 0.246531 
51739 -0.000850267 0.412052 
51740 0.163539 -0.250854 
51741 0.163823 -0.0850902 
51742 0.164173 0.0806784 
51743 0.164375 0.24608 
51744 0.16466 0.41162 
51745 0.329197 -0.250982 
51746 0.32935 -0.0854805 
51747 0.329631 0.08019 
51748 0.329874 0.245569 
51749 0.330018 0.410991 
51750 -0.334757 -0.250376 
51751 -0.333818 -0.0852 
51752 -0.333033 0.0797787 
51753 -0.332251 0.244657 
51754 -0.331445 0.409335 
51755 -0.169361 -0.250994 
51756 -0.168694 -0.0858952 
51757 -0.167962 0.0791727 
51758 -0.167207 0.243693 
51759 -0.166523 0.408295 
51760 -0.00424047 -0.251272 
51761 -0.00371382 -0.0863311 
51762 -0.00304041 0.0783628 
51763 -0.00256953 0.242955 
51764 -0.00189964 0.407379 
51765 0.16044 -0.251702 
51766 0.161105 -0.0868875 
51767 0.161508 0.0777325 
51768 0.162018 0.242331 
51769 0.162654 0.406519 
51770 0.325048 -0.252121 
51771 0.325398 -0.0875006 
51772 0.32589 0.0771536 
51773 0.326309 0.24141 
51774 0.326743 0.405507 
51775 -0.335481 -0.250922 
51776 -0.334244 -0.0863732 
51777 -0.332999 0.0779027 
51778 -0.331801 0.2419 
51779 -0.330603 0.405504 
51780 -0.170672 -0.25149 
51781 -0.169534 -0.087204 
51782 -0.168553 0.0767836 
51783 -0.167515 0.240679 
51784 -0.166439 0.40415 
51785 -0.00637812 -0.252149 
51786 -0.00546204 -0.0878888 
51787 -0.00455987 0.0758017 
51788 -0.00374132 0.239449 
51789 -0.00284425 0.40272 
51790 0.15761 -0.252681 
51791 0.158312 -0.0887918 
51792 0.159018 0.0749148 
51793 0.159744 0.238321 
51794 0.160424 0.401365 
51795 0.321071 -0.253363 
51796 0.321559 -0.0895817 
51797 0.322106 0.0738965 
51798 0.32269 0.237053 
51799 0.32339 0.399925 
51800 -0.336062 -0.25149 
51801 -0.33448 -0.0876463 
51802 -0.332992 0.0757736 
51803 -0.331344 0.238742 
51804 -0.329688 0.401667 
51805 -0.171857 -0.252217 
51806 -0.170639 -0.0886835 
51807 -0.169186 0.0745064 
51808 -0.167693 0.237338 
51809 -0.166569 0.399814 
51810 -0.00835727 -0.253053 
51811 -0.0072246 -0.0896213 
51812 -0.00616835 0.0733581 
51813 -0.00491387 0.235753 
51814 -0.00385032 0.398031 
51815 0.154711 -0.253702 
51816 0.155589 -0.0906637 
51817 0.156329 0.0720204 
51818 0.157468 0.234212 
51819 0.15848 0.396206 
51820 0.316966 -0.254443 
51821 0.317805 -0.091731 
51822 0.31856 0.0708629 
51823 0.319246 0.23284 
51824 0.319939 0.394302 
51825 -0.336781 -0.252188 
51826 -0.334628 -0.0889892 
51827 -0.332757 0.0737124 
51828 -0.330863 0.235932 
51829 -0.328946 0.39772 
51830 -0.1732 -0.253138 
51831 -0.171491 -0.0902507 
51832 -0.169763 0.0721393 
51833 -0.168248 0.234053 
51834 -0.166686 0.395369 
51835 -0.0103533 -0.25393 
51836 -0.009063 -0.0914283 
51837 -0.00772104 0.0706552 
51838 -0.0063301 0.232063 
51839 -0.00485829 0.393075 
51840 0.151703 -0.254811 
51841 0.152854 -0.0926978 
51842 0.154003 0.0691264 
51843 0.155184 0.230294 
51844 0.156215 0.390909 
51845 0.313137 -0.25584 
51846 0.313936 -0.0937098 
51847 0.314942 0.067496 
51848 0.315876 0.228483 
51849 0.31653 0.388723 
51850 -0.337302 -0.252993 
51851 -0.334959 -0.090498 
51852 -0.332833 0.0715628 
51853 -0.330498 0.232865 
51854 -0.328305 0.393545 
51855 -0.17446 -0.254054 
51856 -0.172472 -0.0918144 
51857 -0.170546 0.0698135 
51858 -0.168619 0.230633 
51859 -0.166691 0.390903 
51860 -0.0124818 -0.255028 
51861 -0.0107556 -0.093197 
51862 -0.00913087 0.0678983 
51863 -0.00746143 0.22849 
51864 -0.00596706 0.388478 
51865 0.148954 -0.256096 
51866 0.149928 -0.0945935 
51867 0.151578 0.0661071 
51868 0.152635 0.226384 
51869 0.15398 0.385907 
51870 0.309293 -0.257001 
51871 0.310261 -0.096047 
51872 0.311244 0.0644452 
51873 0.312267 0.224146 
51874 0.313345 0.383228 
51875 -0.337897 -0.2538 
51876 -0.33531 -0.0919403 
51877 -0.332802 0.0692027 
51878 -0.330148 0.229563 
51879 -0.327519 0.389401 
51880 -0.175672 -0.254964 
51881 -0.173445 -0.093446 
51882 -0.171182 0.0672699 
51883 -0.168981 0.227175 
51884 -0.166855 0.386471 
51885 -0.0144316 -0.256141 
51886 -0.0126182 -0.095033 
51887 -0.0107403 0.0653568 
51888 -0.00894889 0.224842 
51889 -0.0071239 0.383718 
51890 0.146088 -0.257235 
51891 0.147417 -0.0966699 
51892 0.148923 0.0631472 
51893 0.150386 0.222328 
51894 0.151866 0.380666 
51895 0.305714 -0.258372 
51896 0.306646 -0.0981236 
51897 0.307696 0.0611518 
51898 0.308818 0.219987 
51899 0.309843 0.377718 
51900 -0.33852 -0.254854 
51901 -0.335627 -0.0935337 
51902 -0.332738 0.0669664 
51903 -0.329921 0.226556 
51904 -0.326985 0.385217 
51905 -0.176904 -0.256086 
51906 -0.174415 -0.0953781 
51907 -0.171849 0.0646643 
51908 -0.169487 0.223782 
51909 -0.167131 0.381972 
51910 -0.0163 -0.257448 
51911 -0.0143115 -0.0970534 
51912 -0.0123038 0.0624342 
51913 -0.0102694 0.220908 
51914 -0.00831669 0.378778 
51915 0.143264 -0.258426 
51916 0.144889 -0.0986933 
51917 0.146449 0.0602115 
51918 0.148 0.218224 
51919 0.149628 0.375572 
51920 0.301783 -0.259721 
51921 0.302961 -0.10033 
51922 0.304112 0.0581064 
51923 0.305431 0.215638 
51924 0.30658 0.372362 
51925 -0.33919 -0.255984 
51926 -0.335887 -0.0952039 
51927 -0.332689 0.064596 
51928 -0.329637 0.223314 
51929 -0.326443 0.380929 
51930 -0.178104 -0.25726 
51931 -0.175378 -0.0971471 
51932 -0.172678 0.0620412 
51933 -0.170101 0.220139 
51934 -0.167455 0.377576 
51935 -0.0180055 -0.258683 
51936 -0.0160326 -0.0989834 
51937 -0.0136979 0.0596029 
51938 -0.0115802 0.217277 
51939 -0.00948089 0.373871 
51940 0.140682 -0.259699 
51941 0.14221 -0.100894 
51942 0.143977 0.0573047 
51943 0.145723 0.214289 
51944 0.147319 0.370553 
51945 0.298174 -0.26099 
51946 0.299373 -0.102532 
51947 0.300633 0.0548395 
51948 0.301818 0.211351 
51949 0.303019 0.366968 
51950 -0.339762 -0.25715 
51951 -0.336325 -0.0970506 
51952 -0.33278 0.0619928 
51953 -0.329436 0.219862 
51954 -0.326006 0.376717 
51955 -0.179149 -0.258542 
51956 -0.176389 -0.0989802 
51957 -0.173508 0.0593678 
51958 -0.170414 0.216761 
51959 -0.167796 0.37286 
51960 -0.0200287 -0.259841 
51961 -0.0176259 -0.100953 
51962 -0.0153127 0.0569576 
51963 -0.0131228 0.213607 
51964 -0.0108907 0.369219 
51965 0.138096 -0.26114 
51966 0.139742 -0.102789 
51967 0.141515 0.0543369 
51968 0.143217 0.21047 
51969 0.144969 0.365486 
51970 0.294689 -0.262386 
51971 0.295958 -0.104827 
51972 0.297079 0.0516653 
51973 0.298221 0.207358 
51974 0.299591 0.36164 
51975 -0.340203 -0.258439 
51976 -0.336552 -0.0987585 
51977 -0.332976 0.0594421 
51978 -0.329248 0.216472 
51979 -0.325661 0.372454 
51980 -0.18024 -0.259723 
51981 -0.177374 -0.100975 
51982 -0.174181 0.0567564 
51983 -0.171232 0.213122 
51984 -0.168177 0.368407 
51985 -0.0216878 -0.261109 
51986 -0.0193334 -0.103053 
51987 -0.0169409 0.053941 
51988 -0.0144141 0.209788 
51989 -0.0121714 0.364211 
51990 0.13538 -0.262366 
51991 0.137249 -0.104896 
51992 0.139102 0.0512912 
51993 0.140841 0.206523 
51994 0.142672 0.360407 
51995 0.29116 -0.263792 
51996 0.292323 -0.107004 
51997 0.293786 0.048719 
51998 0.294845 0.203202 
51999 0.296129 0.356336 
52000 -0.340681 -0.259725 
52001 -0.336856 -0.10093 
52002 -0.332925 0.0568292 
52003 -0.329157 0.212945 
52004 -0.32528 0.368007 
52005 -0.181427 -0.261005 
52006 -0.178271 -0.10293 
52007 -0.174948 0.0540236 
52008 -0.171891 0.209456 
52009 -0.168696 0.363865 
52010 -0.0235833 -0.262556 
52011 -0.0209607 -0.105075 
52012 -0.0185528 0.0512382 
52013 -0.0158792 0.206029 
52014 -0.0135103 0.359591 
52015 0.132797 -0.263699 
52016 0.134677 -0.107148 
52017 0.136632 0.048291 
52018 0.138403 0.202534 
52019 0.140273 0.355279 
52020 0.287648 -0.265119 
52021 0.288825 -0.109106 
52022 0.290098 0.0456217 
52023 0.291296 0.199029 
52024 0.292569 0.351114 
52025 -0.341228 -0.2611 
52026 -0.337295 -0.102751 
52027 -0.333246 0.0540232 
52028 -0.328968 0.209673 
52029 -0.325189 0.363622 
52030 -0.182379 -0.262562 
52031 -0.179152 -0.105056 
52032 -0.175797 0.0512369 
52033 -0.172475 0.205876 
52034 -0.169236 0.359347 
52035 -0.0252091 -0.263839 
52036 -0.0226466 -0.106968 
52037 -0.019982 0.0482075 
52038 -0.0174697 0.202294 
52039 -0.0149547 0.354728 
52040 0.130309 -0.265133 
52041 0.1322 -0.109236 
52042 0.1342 0.0455524 
52043 0.136074 0.198649 
52044 0.137853 0.350466 
52045 0.284304 -0.266542 
52046 0.285567 -0.111244 
52047 0.286846 0.0426572 
52048 0.287939 0.195066 
52049 0.289088 0.34601 
52050 -0.34177 -0.262695 
52051 -0.337423 -0.104814 
52052 -0.333207 0.0515121 
52053 -0.329099 0.206006 
52054 -0.324884 0.359142 
52055 -0.183482 -0.263637 
52056 -0.180064 -0.106866 
52057 -0.176561 0.0485349 
52058 -0.173188 0.202309 
52059 -0.169728 0.354622 
52060 -0.0269119 -0.265168 
52061 -0.0242468 -0.109088 
52062 -0.0215897 0.045499 
52063 -0.0190108 0.198466 
52064 -0.0164961 0.350108 
52065 0.127847 -0.266525 
52066 0.129826 -0.111312 
52067 0.131721 0.0423749 
52068 0.133381 0.194736 
52069 0.135392 0.345499 
52070 0.280924 -0.267786 
52071 0.282286 -0.113301 
52072 0.283303 0.0396033 
52073 0.284454 0.191052 
52074 0.285493 0.341084 
52075 -0.342272 -0.264112 
52076 -0.33782 -0.107003 
52077 -0.333573 0.0485876 
52078 -0.329015 0.202519 
52079 -0.324779 0.354768 
52080 -0.184406 -0.265279 
52081 -0.18104 -0.109202 
52082 -0.177286 0.0456331 
52083 -0.173881 0.19877 
52084 -0.170412 0.350128 
52085 -0.0285686 -0.26658 
52086 -0.0258426 -0.111149 
52087 -0.0232297 0.0427076 
52088 -0.0204815 0.194782 
52089 -0.0178744 0.345338 
52090 0.125534 -0.267853 
52091 0.127433 -0.113434 
52092 0.129219 0.0396038 
52093 0.131204 0.190935 
52094 0.133016 0.340748 
52095 0.277728 -0.269078 
52096 0.279044 -0.115405 
52097 0.279892 0.0367246 
52098 0.280928 0.187128 
52099 0.282067 0.335927 
52100 -0.342726 -0.265711 
52101 -0.338095 -0.109023 
52102 -0.333605 0.0459891 
52103 -0.329146 0.198987 
52104 -0.324771 0.350388 
52105 -0.185673 -0.266826 
52106 -0.181864 -0.111053 
52107 -0.17829 0.04286 
52108 -0.17466 0.195062 
52109 -0.17111 0.34565 
52110 -0.0303064 -0.267997 
52111 -0.0275238 -0.113302 
52112 -0.0247168 0.0397881 
52113 -0.0221022 0.191103 
52114 -0.019443 0.340815 
52115 0.123005 -0.269315 
52116 0.12492 -0.115383 
52117 0.126777 0.036915 
52118 0.128656 0.18718 
52119 0.130445 0.335873 
52120 0.274635 -0.270332 
52121 0.275536 -0.117423 
52122 0.276525 0.033839 
52123 0.277555 0.183267 
52124 0.278464 0.331183 
52125 -0.343279 -0.267258 
52126 -0.338303 -0.111155 
52127 -0.333846 0.043071 
52128 -0.32932 0.195521 
52129 -0.324796 0.345945 
52130 -0.186598 -0.268451 
52131 -0.182722 -0.113089 
52132 -0.179046 0.0399286 
52133 -0.175576 0.191489 
52134 -0.17197 0.341092 
52135 -0.0318878 -0.269365 
52136 -0.0292925 -0.115162 
52137 -0.0262948 0.0369761 
52138 -0.023755 0.187389 
52139 -0.0210228 0.336113 
52140 0.120701 -0.270645 
52141 0.122685 -0.117317 
52142 0.124385 0.034115 
52143 0.126108 0.183456 
52144 0.127808 0.331223 
52145 0.271419 -0.271537 
52146 0.272199 -0.119435 
52147 0.273224 0.030935 
52148 0.27398 0.179618 
52149 0.274992 0.326482 
52150 -0.34375 -0.268915 
52151 -0.338746 -0.113362 
52152 -0.334131 0.0402054 
52153 -0.329441 0.191904 
52154 -0.32485 0.341686 
52155 -0.18751 -0.26976 
52156 -0.18366 -0.115307 
52157 -0.179948 0.0371257 
52158 -0.176279 0.187821 
52159 -0.172761 0.33662 
52160 -0.0334192 -0.270804 
52161 -0.0307105 -0.117458 
52162 -0.0281074 0.0342546 
52163 -0.025488 0.183808 
52164 -0.0227579 0.33148 
52165 0.118418 -0.271791 
52166 0.120132 -0.119334 
52167 0.121921 0.0312342 
52168 0.123678 0.179787 
52169 0.125252 0.326632 
52170 0.268343 -0.27278 
52171 0.269069 -0.121446 
52172 0.269795 0.0282693 
52173 0.270563 0.175896 
52174 0.271461 0.321812 
52175 -0.344057 -0.270648 
52176 -0.339097 -0.115461 
52177 -0.334449 0.0374485 
52178 -0.329669 0.188472 
52179 -0.324971 0.337336 
52180 -0.188362 -0.271452 
52181 -0.184542 -0.11742 
52182 -0.180909 0.0344211 
52183 -0.1773 0.184213 
52184 -0.173647 0.332098 
52185 -0.0350135 -0.272371 
52186 -0.0322903 -0.11933 
52187 -0.0297219 0.031431 
52188 -0.0270199 0.180259 
52189 -0.0244792 0.32702 
52190 0.116187 -0.273159 
52191 0.117843 -0.121332 
52192 0.11954 0.0285147 
52193 0.121098 0.176236 
52194 0.122764 0.321962 
52195 0.265239 -0.273865 
52196 0.265843 -0.123125 
52197 0.266515 0.025655 
52198 0.267101 0.172372 
52199 0.267645 0.317216 
