52175 -0.333352 -0.249967 
52176 -0.333287 -0.0833248 
52177 -0.333239 0.0833633 
52178 -0.33338 0.250094 
52179 -0.33345 0.416704 
52180 -0.166589 -0.249992 
52181 -0.166597 -0.0834536 
52182 -0.166719 0.0833885 
52183 -0.166682 0.249964 
52184 -0.166587 0.416596 
52185 5.65016e-06 -0.249971 
52186 -3.1362e-05 -0.08337 
52187 -8.63759e-05 0.0832829 
52188 2.04231e-05 0.250085 
52189 -9.98989e-05 0.416601 
52190 0.166674 -0.249874 
52191 0.166697 -0.0833875 
52192 0.166591 0.0833411 
52193 0.166624 0.250112 
52194 0.166588 0.416638 
52195 0.333267 -0.249983 
52196 0.333367 -0.0832508 
52197 0.33328 0.0834403 
52198 0.33339 0.250013 
52199 0.3334 0.41665 
52200 -0.333475 -0.251718 
52201 -0.33337 -0.0856476 
52202 -0.333281 0.0801968 
52203 -0.33316 0.245893 
52204 -0.33317 0.411528 
52205 -0.167468 -0.25157 
52206 -0.167477 -0.0854996 
52207 -0.167417 0.0802752 
52208 -0.16739 0.245889 
52209 -0.167329 0.411449 
52210 -0.00151134 -0.251208 
52211 -0.00157771 -0.085549 
52212 -0.00172089 0.0802879 
52213 -0.0016784 0.245843 
52214 -0.00172404 0.411228 
52215 0.164197 -0.251297 
52216 0.164249 -0.0854822 
52217 0.164017 0.0802556 
52218 0.163908 0.245742 
52219 0.163668 0.411164 
52220 0.329885 -0.251001 
52221 0.329606 -0.0854251 
52222 0.329489 0.0802275 
52223 0.329259 0.245759 
52224 0.329076 0.411149 
52225 -0.333582 -0.253427 
52226 -0.333491 -0.0880963 
52227 -0.333366 0.0769636 
52228 -0.333207 0.241797 
52229 -0.333116 0.406463 
52230 -0.16825 -0.25313 
52231 -0.16816 -0.0879132 
52232 -0.168161 0.07705 
52233 -0.1682 0.241814 
52234 -0.168257 0.406147 
52235 -0.00306903 -0.252782 
52236 -0.0032008 -0.0875992 
52237 -0.00313344 0.0771525 
52238 -0.00331392 0.241811 
52239 -0.00362592 0.405965 
52240 0.16177 -0.252415 
52241 0.161585 -0.0874178 
52242 0.161329 0.0770743 
52243 0.161069 0.241657 
52244 0.160597 0.405706 
52245 0.326527 -0.251994 
52246 0.32599 -0.0872517 
52247 0.325664 0.0774338 
52248 0.325304 0.24149 
52249 0.324813 0.405596 
52250 -0.333787 -0.255129 
52251 -0.333573 -0.0903697 
52252 -0.333339 0.0739511 
52253 -0.333191 0.237799 
52254 -0.333012 0.40115 
52255 -0.168871 -0.254631 
52256 -0.168988 -0.0901325 
52257 -0.169019 0.0739539 
52258 -0.169056 0.237625 
52259 -0.169004 0.401119 
52260 -0.00455273 -0.25408 
52261 -0.0048499 -0.089877 
52262 -0.00499161 0.0741694 
52263 -0.00518947 0.237746 
52264 -0.00545219 0.400783 
52265 0.159536 -0.253557 
52266 0.159205 -0.0893295 
52267 0.158649 0.0742822 
52268 0.158292 0.237573 
52269 0.157828 0.40049 
52270 0.323096 -0.252887 
52271 0.322415 -0.0890819 
52272 0.321691 0.0744314 
52273 0.321154 0.237558 
52274 0.320569 0.400226 
52275 -0.333794 -0.25693 
52276 -0.333688 -0.092912 
52277 -0.33345 0.0707115 
52278 -0.333308 0.2338 
52279 -0.332993 0.396236 
52280 -0.169534 -0.256023 
52281 -0.169611 -0.0923374 
52282 -0.169739 0.0709255 
52283 -0.169905 0.233742 
52284 -0.169998 0.396005 
52285 -0.0060172 -0.255516 
52286 -0.00630319 -0.0918004 
52287 -0.00668847 0.0712985 
52288 -0.00694415 0.233627 
52289 -0.00744024 0.395724 
52290 0.157343 -0.254597 
52291 0.156688 -0.0912455 
52292 0.155991 0.071521 
52293 0.155393 0.233719 
52294 0.154709 0.395482 
52295 0.319914 -0.253971 
52296 0.319027 -0.0908183 
52297 0.318113 0.0717222 
52298 0.317257 0.233681 
52299 0.316313 0.395041 
52300 -0.33389 -0.258649 
52301 -0.33376 -0.0951782 
52302 -0.333561 0.0677382 
52303 -0.333411 0.229746 
52304 -0.333197 0.391351 
52305 -0.1703 -0.257667 
52306 -0.170449 -0.0944581 
52307 -0.170472 0.0680412 
52308 -0.170821 0.229904 
52309 -0.170856 0.390895 
52310 -0.00742598 -0.256633 
52311 -0.00772427 -0.093672 
52312 -0.0082917 0.0683405 
52313 -0.00884233 0.229897 
52314 -0.00928189 0.390676 
52315 0.154899 -0.255655 
52316 0.154137 -0.0930866 
52317 0.153345 0.0687361 
52318 0.152358 0.230041 
52319 0.151806 0.390363 
52320 0.31668 -0.254504 
52321 0.315493 -0.092444 
52322 0.314346 0.0689988 
52323 0.313181 0.229894 
52324 0.31209 0.39013 
52325 -0.333995 -0.260266 
52326 -0.333931 -0.0974099 
52327 -0.33369 0.0645252 
52328 -0.333568 0.225959 
52329 -0.333418 0.38648 
52330 -0.171017 -0.259116 
52331 -0.171262 -0.0965542 
52332 -0.171477 0.0650995 
52333 -0.171603 0.225915 
52334 -0.171922 0.386112 
52335 -0.00870827 -0.257951 
52336 -0.0093554 -0.0956999 
52337 -0.00994111 0.0655504 
52338 -0.0106367 0.226161 
52339 -0.0112264 0.385704 
52340 0.152789 -0.25653 
52341 0.15168 -0.0948329 
52342 0.15051 0.0659651 
52343 0.149676 0.22609 
52344 0.148712 0.385397 
52345 0.313482 -0.255264 
52346 0.312119 -0.0940146 
52347 0.310541 0.0664269 
52348 0.309122 0.2263 
52349 0.307691 0.385129 
52350 -0.334168 -0.261992 
52351 -0.333881 -0.0996733 
52352 -0.333903 0.0616473 
52353 -0.333616 0.222061 
52354 -0.333752 0.381609 
52355 -0.171641 -0.26052 
52356 -0.171917 -0.0986485 
52357 -0.172314 0.0621653 
52358 -0.172535 0.222087 
52359 -0.17302 0.381111 
52360 -0.0100675 -0.25895 
52361 -0.010861 -0.0975949 
52362 -0.0117744 0.0628201 
52363 -0.0125237 0.222218 
52364 -0.0132347 0.381044 
52365 0.150592 -0.257396 
52366 0.149404 -0.0962653 
52367 0.148097 0.0633826 
52368 0.146852 0.222607 
52369 0.145593 0.380745 
52370 0.310264 -0.255833 
52371 0.308575 -0.095539 
52372 0.306946 0.0640114 
52373 0.305222 0.222748 
52374 0.303624 0.380444 
52375 -0.334006 -0.263638 
52376 -0.333992 -0.101971 
52377 -0.334036 0.0585572 
52378 -0.334029 0.218284 
52379 -0.334005 0.376803 
52380 -0.172176 -0.26174 
52381 -0.172709 -0.100654 
52382 -0.173025 0.0594545 
52383 -0.173688 0.218384 
52384 -0.174208 0.376522 
52385 -0.0114375 -0.260105 
52386 -0.0123221 -0.0993764 
52387 -0.0132943 0.0602672 
52388 -0.0142895 0.218733 
52389 -0.015437 0.376412 
52390 0.148514 -0.258296 
52391 0.147056 -0.0981378 
52392 0.145358 0.0609108 
52393 0.143917 0.218964 
52394 0.142536 0.376045 
52395 0.307207 -0.256288 
52396 0.305272 -0.0969152 
52397 0.303236 0.061754 
52398 0.301272 0.219298 
52399 0.299238 0.375923 
52400 -0.334074 -0.265365 
52401 -0.334168 -0.104359 
52402 -0.334309 0.0557243 
52403 -0.334269 0.214372 
52404 -0.334425 0.372191 
52405 -0.172783 -0.263156 
52406 -0.17361 -0.102694 
52407 -0.174135 0.0566843 
52408 -0.174704 0.214776 
52409 -0.175361 0.371991 
52410 -0.0126786 -0.260929 
52411 -0.0138759 -0.101157 
52412 -0.015043 0.0575691 
52413 -0.0162639 0.215196 
52414 -0.0175773 0.371681 
52415 0.146281 -0.258673 
52416 0.144681 -0.0996069 
52417 0.142813 0.0585275 
52418 0.140985 0.215591 
52419 0.139373 0.371638 
52420 0.304292 -0.256808 
52421 0.30178 -0.0980751 
52422 0.299587 0.0594694 
52423 0.297333 0.216094 
52424 0.295027 0.371507 
52425 -0.334052 -0.266875 
52426 -0.334329 -0.106467 
52427 -0.334426 0.052746 
52428 -0.334739 0.210675 
52429 -0.334929 0.367561 
52430 -0.173353 -0.264432 
52431 -0.174218 -0.104585 
52432 -0.174879 0.0539877 
52433 -0.175955 0.211274 
52434 -0.176643 0.367482 
52435 -0.0140271 -0.261998 
52436 -0.0153569 -0.10277 
52437 -0.016714 0.0551703 
52438 -0.0181391 0.211756 
52439 -0.019538 0.367398 
52440 0.14412 -0.259541 
52441 0.142115 -0.101032 
52442 0.140236 0.0562708 
52443 0.13831 0.212337 
52444 0.136199 0.367387 
52445 0.301068 -0.257048 
52446 0.298507 -0.0991751 
52447 0.295951 0.0574773 
52448 0.293477 0.212825 
52449 0.290729 0.367179 
52450 -0.334013 -0.268409 
52451 -0.334477 -0.108638 
52452 -0.334766 0.0499325 
52453 -0.33514 0.207141 
52454 -0.335487 0.363015 
52455 -0.173984 -0.265673 
52456 -0.175055 -0.106403 
52457 -0.176035 0.0512819 
52458 -0.176979 0.207822 
52459 -0.178094 0.36309 
52460 -0.0153038 -0.262772 
52461 -0.0168187 -0.104505 
52462 -0.0184197 0.0526648 
52463 -0.0200812 0.208569 
52464 -0.0218261 0.363137 
52465 0.142175 -0.26017 
52466 0.139875 -0.102294 
52467 0.137669 0.0539459 
52468 0.135368 0.209384 
52469 0.133218 0.363201 
52470 0.298212 -0.257292 
52471 0.295365 -0.100222 
52472 0.292368 0.0555056 
52473 0.289389 0.209884 
52474 0.286532 0.363027 
52475 -0.334004 -0.26987 
52476 -0.334515 -0.110643 
52477 -0.335051 0.0471284 
52478 -0.335547 0.203495 
52479 -0.336107 0.358661 
52480 -0.174416 -0.266687 
52481 -0.175768 -0.108252 
52482 -0.176781 0.0488241 
52483 -0.177974 0.204492 
52484 -0.179338 0.358839 
52485 -0.0164299 -0.263589 
52486 -0.018343 -0.105856 
52487 -0.0203108 0.0503759 
52488 -0.0220796 0.205323 
52489 -0.0239438 0.35898 
52490 0.140199 -0.260463 
52491 0.137392 -0.103605 
52492 0.134989 0.0519681 
52493 0.132482 0.20624 
52494 0.129917 0.35923 
52495 0.29524 -0.257348 
52496 0.292041 -0.101271 
52497 0.288848 0.0535057 
52498 0.285484 0.207089 
52499 0.282368 0.359212 
52500 -0.334027 -0.271484 
52501 -0.334726 -0.11267 
52502 -0.335443 0.0445368 
52503 -0.336265 0.200122 
52504 -0.336888 0.354436 
52505 -0.174879 -0.267826 
52506 -0.176367 -0.10998 
52507 -0.177866 0.046272 
52508 -0.179363 0.201083 
52509 -0.180689 0.354584 
52510 -0.0176885 -0.264457 
52511 -0.0198838 -0.107328 
52512 -0.0221482 0.0481743 
52513 -0.0242495 0.202361 
52514 -0.0262821 0.354843 
52515 0.138214 -0.26092 
52516 0.135359 -0.104636 
52517 0.132454 0.0500513 
52518 0.129517 0.203263 
52519 0.126613 0.355108 
52520 0.292377 -0.25735 
52521 0.288818 -0.102108 
52522 0.285291 0.0518324 
52523 0.281529 0.204317 
52524 0.278169 0.355467 
52525 -0.333915 -0.272687 
52526 -0.334903 -0.114717 
52527 -0.335787 0.0418151 
52528 -0.336665 0.196654 
52529 -0.337499 0.350153 
52530 -0.175533 -0.268783 
52531 -0.17711 -0.111664 
52532 -0.17878 0.0437806 
52533 -0.180508 0.198073 
52534 -0.182194 0.350591 
52535 -0.0186821 -0.265091 
52536 -0.0213493 -0.108475 
52537 -0.02372 0.0460077 
52538 -0.0259582 0.199194 
52539 -0.0284498 0.351033 
52540 0.136285 -0.261105 
52541 0.132949 -0.105628 
52542 0.129821 0.0481922 
52543 0.126599 0.200612 
52544 0.123629 0.351488 
52545 0.289451 -0.257272 
52546 0.285422 -0.10283 
52547 0.281575 0.0502213 
52548 0.277716 0.201722 
52549 0.273892 0.351809 
52550 -0.333906 -0.273949 
52551 -0.335013 -0.116584 
52552 -0.336154 0.0392795 
52553 -0.337285 0.19354 
52554 -0.338299 0.345996 
52555 -0.175979 -0.269907 
52556 -0.177868 -0.113139 
52557 -0.179955 0.0415633 
52558 -0.181682 0.195031 
52559 -0.183606 0.34661 
52560 -0.0200097 -0.265368 
52561 -0.0227863 -0.109913 
52562 -0.0253702 0.0440899 
52563 -0.0281607 0.196303 
52564 -0.0307528 0.347294 
52565 0.134314 -0.261377 
52566 0.130848 -0.10664 
52567 0.127115 0.0464534 
52568 0.123701 0.197971 
52569 0.120291 0.347943 
52570 0.286556 -0.257024 
52571 0.28233 -0.103347 
52572 0.278113 0.048814 
52573 0.273802 0.199374 
52574 0.26975 0.348361 
52575 -0.333931 -0.275215 
52576 -0.335165 -0.118284 
52577 -0.336412 0.036715 
52578 -0.33792 0.190319 
52579 -0.33919 0.342189 
52580 -0.176614 -0.270553 
52581 -0.178772 -0.114722 
52582 -0.180874 0.0395456 
52583 -0.183024 0.191988 
52584 -0.185183 0.342798 
52585 -0.0211755 -0.266038 
52586 -0.0241512 -0.111027 
52587 -0.0271793 0.0421045 
52588 -0.0302042 0.193591 
52589 -0.0330783 0.34362 
52590 0.132182 -0.261245 
52591 0.128367 -0.107416 
52592 0.124496 0.0448111 
52593 0.120836 0.195378 
52594 0.117026 0.344503 
52595 0.283648 -0.256748 
52596 0.279169 -0.103854 
52597 0.274525 0.0474583 
52598 0.27012 0.197044 
52599 0.265456 0.345148 
52600 -0.33381 -0.276454 
52601 -0.335369 -0.120065 
52602 -0.336965 0.0343644 
52603 -0.338432 0.187241 
52604 -0.34006 0.338242 
52605 -0.177077 -0.271261 
52606 -0.179496 -0.116209 
52607 -0.181826 0.0373576 
52608 -0.184271 0.189226 
52609 -0.186778 0.339242 
52610 -0.0221773 -0.266216 
52611 -0.0256784 -0.112318 
52612 -0.0289717 0.0404173 
52613 -0.0321863 0.191085 
52614 -0.0354115 0.340176 
52615 0.130172 -0.2612 
52616 0.126113 -0.108215 
52617 0.122076 0.043217 
52618 0.117894 0.192994 
52619 0.113872 0.341041 
52620 0.280992 -0.256271 
52621 0.275898 -0.104293 
52622 0.271007 0.046046 
52623 0.266155 0.194939 
52624 0.261384 0.342195 
52625 -0.333642 -0.277515 
52626 -0.335544 -0.121842 
52627 -0.337428 0.0320832 
52628 -0.339249 0.184108 
52629 -0.34113 0.334531 
52630 -0.177493 -0.271978 
52631 -0.180198 -0.117402 
52632 -0.183116 0.0353394 
52633 -0.185776 0.186379 
52634 -0.188307 0.335682 
52635 -0.0233241 -0.266568 
52636 -0.0271148 -0.112963 
52637 -0.0306441 0.0385561 
52638 -0.0343874 0.188585 
52639 -0.037762 0.336911 
52640 0.128352 -0.261147 
52641 0.123852 -0.108661 
52642 0.119394 0.0418893 
52643 0.115104 0.190757 
52644 0.110616 0.337957 
52645 0.278146 -0.255795 
52646 0.272879 -0.104559 
52647 0.267425 0.0451418 
52648 0.262275 0.192906 
52649 0.257081 0.339041 
52650 -0.333712 -0.278542 
52651 -0.335684 -0.123407 
52652 -0.337953 0.0297402 
52653 -0.340026 0.181268 
52654 -0.342104 0.330911 
52655 -0.177971 -0.272544 
52656 -0.181133 -0.118589 
52657 -0.18401 0.0335683 
52658 -0.18703 0.183749 
52659 -0.190053 0.332321 
52660 -0.0245638 -0.266627 
52661 -0.0285557 -0.113849 
52662 -0.0325778 0.0370384 
52663 -0.0364478 0.186166 
52664 -0.040152 0.333744 
52665 0.126597 -0.260884 
52666 0.121617 -0.109226 
52667 0.116887 0.0405594 
52668 0.112028 0.18867 
52669 0.10746 0.335009 
52670 0.275401 -0.25529 
52671 0.269756 -0.104651 
52672 0.264084 0.0440647 
52673 0.258465 0.191004 
52674 0.253017 0.336372 
