52225 -0.333462 -0.24999 
52226 -0.333248 -0.0832097 
52227 -0.333355 0.0833766 
52228 -0.333249 0.249941 
52229 -0.333367 0.416567 
52230 -0.166644 -0.250148 
52231 -0.166696 -0.0834303 
52232 -0.166658 0.083447 
52233 -0.166814 0.25 
52234 -0.166681 0.416734 
52235 -3.21026e-05 -0.249971 
52236 8.52182e-05 -0.0834056 
52237 5.78163e-05 0.0832905 
52238 0.000142997 0.249886 
52239 -4.30733e-05 0.416593 
52240 0.166562 -0.249959 
52241 0.166756 -0.0834824 
52242 0.166583 0.083288 
52243 0.166633 0.250116 
52244 0.166605 0.416707 
52245 0.333357 -0.249914 
52246 0.333458 -0.0832815 
52247 0.333365 0.0832686 
52248 0.333271 0.249999 
52249 0.333275 0.416759 
52250 -0.333455 -0.251826 
52251 -0.333357 -0.0857359 
52252 -0.333406 0.0802515 
52253 -0.333354 0.245983 
52254 -0.333266 0.411505 
52255 -0.167367 -0.251472 
52256 -0.167354 -0.0856121 
52257 -0.167529 0.0801675 
52258 -0.167465 0.245918 
52259 -0.167565 0.411481 
52260 -0.00147074 -0.251363 
52261 -0.00155833 -0.0855193 
52262 -0.00159736 0.0803364 
52263 -0.00172966 0.245781 
52264 -0.00173934 0.41138 
52265 0.164293 -0.251093 
52266 0.164073 -0.0851961 
52267 0.164114 0.0804116 
52268 0.163765 0.245941 
52269 0.163606 0.41126 
52270 0.329937 -0.250785 
52271 0.329733 -0.0851645 
52272 0.329436 0.0804232 
52273 0.329169 0.245856 
52274 0.328964 0.411255 
52275 -0.333416 -0.253474 
52276 -0.333464 -0.0880469 
52277 -0.333373 0.0768567 
52278 -0.333329 0.241767 
52279 -0.333372 0.406418 
52280 -0.168034 -0.252968 
52281 -0.168187 -0.0877331 
52282 -0.168337 0.0771624 
52283 -0.16831 0.241805 
52284 -0.168365 0.406315 
52285 -0.00282312 -0.252685 
52286 -0.00317013 -0.0874314 
52287 -0.00324707 0.0772613 
52288 -0.00348727 0.241821 
52289 -0.00392782 0.406096 
52290 0.162014 -0.252139 
52291 0.161595 -0.0872099 
52292 0.161233 0.0774863 
52293 0.160809 0.241846 
52294 0.160621 0.406026 
52295 0.326599 -0.25179 
52296 0.326009 -0.0869675 
52297 0.325585 0.0775888 
52298 0.325143 0.241891 
52299 0.324679 0.405909 
52300 -0.333655 -0.255156 
52301 -0.333625 -0.0903582 
52302 -0.333476 0.0739046 
52303 -0.333397 0.237882 
52304 -0.333319 0.401175 
52305 -0.168728 -0.254498 
52306 -0.168924 -0.0900273 
52307 -0.169023 0.0741424 
52308 -0.169178 0.237797 
52309 -0.16937 0.401189 
52310 -0.00432512 -0.25375 
52311 -0.00466968 -0.0895228 
52312 -0.00499047 0.0743678 
52313 -0.00541653 0.237854 
52314 -0.00575103 0.40118 
52315 0.159793 -0.253236 
52316 0.159179 -0.0891004 
52317 0.158611 0.0746415 
52318 0.158147 0.237961 
52319 0.157414 0.400863 
52320 0.323413 -0.252426 
52321 0.3225 -0.088621 
52322 0.32178 0.0748183 
52323 0.320954 0.238022 
52324 0.320238 0.400752 
52325 -0.333531 -0.256816 
52326 -0.333561 -0.0928317 
52327 -0.333522 0.0707434 
52328 -0.33365 0.233764 
52329 -0.333576 0.396372 
52330 -0.169352 -0.255867 
52331 -0.16948 -0.0922076 
52332 -0.169831 0.071211 
52333 -0.170194 0.233826 
52334 -0.170438 0.396214 
52335 -0.00561684 -0.254983 
52336 -0.00623581 -0.091341 
52337 -0.00671692 0.0715021 
52338 -0.00717224 0.234067 
52339 -0.00778557 0.395982 
52340 0.157516 -0.254038 
52341 0.156691 -0.0908214 
52342 0.155933 0.0719578 
52343 0.155181 0.23414 
52344 0.154351 0.395923 
52345 0.320209 -0.253133 
52346 0.319107 -0.0901415 
52347 0.318107 0.0724479 
52348 0.316905 0.234409 
52349 0.315923 0.39558 
52350 -0.333778 -0.258643 
52351 -0.333533 -0.0951783 
52352 -0.333743 0.0676617 
52353 -0.333675 0.229805 
52354 -0.333867 0.391354 
52355 -0.169865 -0.257307 
52356 -0.170407 -0.0942811 
52357 -0.17089 0.068344 
52358 -0.171099 0.229885 
52359 -0.171557 0.391283 
52360 -0.0071316 -0.256158 
52361 -0.00781444 -0.0934099 
52362 -0.00845286 0.0686697 
52363 -0.00920295 0.23034 
52364 -0.00973599 0.391148 
52365 0.155331 -0.254815 
52366 0.154286 -0.0924884 
52367 0.15315 0.06925 
52368 0.152189 0.230509 
52369 0.151162 0.39098 
52370 0.316952 -0.25385 
52371 0.315482 -0.0916507 
52372 0.314252 0.0698317 
52373 0.312858 0.230811 
52374 0.311531 0.390913 
52375 -0.333631 -0.260247 
52376 -0.333825 -0.0974805 
52377 -0.333881 0.0646678 
52378 -0.334137 0.225957 
52379 -0.334041 0.386491 
52380 -0.170562 -0.258689 
52381 -0.171189 -0.0963636 
52382 -0.171479 0.0653971 
52383 -0.172134 0.226251 
52384 -0.172578 0.386473 
52385 -0.00839084 -0.257257 
52386 -0.00913191 -0.0951497 
52387 -0.0101074 0.0659972 
52388 -0.0110805 0.22667 
52389 -0.0119266 0.386381 
52390 0.153147 -0.255684 
52391 0.15161 -0.0940262 
52392 0.150703 0.0667743 
52393 0.149373 0.227093 
52394 0.148048 0.386397 
52395 0.313603 -0.254245 
52396 0.312135 -0.0929574 
52397 0.310412 0.0675022 
52398 0.308819 0.227202 
52399 0.307059 0.386244 
52400 -0.333786 -0.261882 
52401 -0.333845 -0.0997165 
52402 -0.334003 0.0617094 
52403 -0.334376 0.222154 
52404 -0.334458 0.381873 
52405 -0.171196 -0.259933 
52406 -0.171812 -0.0983558 
52407 -0.172444 0.0625448 
52408 -0.173176 0.222658 
52409 -0.17383 0.381854 
52410 -0.00966331 -0.258228 
52411 -0.0109066 -0.0969927 
52412 -0.0117411 0.0635726 
52413 -0.0129316 0.223207 
52414 -0.0140895 0.381841 
52415 0.150943 -0.256502 
52416 0.149411 -0.0957177 
52417 0.147893 0.0644183 
52418 0.146297 0.223494 
52419 0.144972 0.381711 
52420 0.310656 -0.254629 
52421 0.308871 -0.094393 
52422 0.306711 0.0652253 
52423 0.304932 0.223899 
52424 0.302795 0.381755 
52425 -0.333665 -0.263453 
52426 -0.334023 -0.101848 
52427 -0.334214 0.0587804 
52428 -0.334627 0.218345 
52429 -0.334901 0.377166 
52430 -0.171803 -0.261213 
52431 -0.172591 -0.100288 
52432 -0.173409 0.0598807 
52433 -0.174234 0.219071 
52434 -0.175041 0.377233 
52435 -0.0109708 -0.259165 
52436 -0.0123466 -0.0986044 
52437 -0.0134496 0.0610545 
52438 -0.0150085 0.219646 
52439 -0.0161852 0.377201 
52440 0.14898 -0.256945 
52441 0.146952 -0.0970412 
52442 0.145259 0.0620552 
52443 0.143496 0.220096 
52444 0.141626 0.377394 
52445 0.307597 -0.254959 
52446 0.305347 -0.0953968 
52447 0.303017 0.0631555 
52448 0.300767 0.220779 
52449 0.298588 0.377471 
52450 -0.333614 -0.264895 
52451 -0.33403 -0.104066 
52452 -0.334534 0.0560562 
52453 -0.334949 0.214669 
52454 -0.335367 0.372514 
52455 -0.172307 -0.262554 
52456 -0.17337 -0.102109 
52457 -0.174482 0.0572839 
52458 -0.175295 0.215471 
52459 -0.176371 0.372666 
52460 -0.0121219 -0.259894 
52461 -0.0136964 -0.100213 
52462 -0.0151645 0.058576 
52463 -0.016809 0.2162 
52464 -0.0184045 0.372997 
52465 0.146798 -0.257481 
52466 0.144851 -0.0983148 
52467 0.142579 0.0598643 
52468 0.140575 0.216992 
52469 0.138529 0.373008 
52470 0.304643 -0.255204 
52471 0.301927 -0.0965844 
52472 0.299371 0.0611473 
52473 0.296757 0.217685 
52474 0.294332 0.373222 
52475 -0.333557 -0.266558 
52476 -0.334284 -0.106139 
52477 -0.334772 0.0531442 
52478 -0.335359 0.211341 
52479 -0.336103 0.368007 
52480 -0.172736 -0.263594 
52481 -0.173982 -0.103802 
52482 -0.175335 0.0546301 
52483 -0.1764 0.212112 
52484 -0.177633 0.368351 
52485 -0.0133915 -0.260768 
52486 -0.0152379 -0.101637 
52487 -0.0170396 0.0562255 
52488 -0.0189227 0.212973 
52489 -0.0206248 0.368642 
52490 0.144713 -0.257855 
52491 0.142293 -0.0995077 
52492 0.139828 0.0577449 
52493 0.137555 0.213935 
52494 0.135341 0.36893 
52495 0.301618 -0.255058 
52496 0.298736 -0.0974549 
52497 0.295668 0.0592489 
52498 0.292767 0.214779 
52499 0.289947 0.369186 
52500 -0.333518 -0.267868 
52501 -0.334391 -0.108108 
52502 -0.335185 0.0503226 
52503 -0.335963 0.207571 
52504 -0.336783 0.363671 
52505 -0.173319 -0.264745 
52506 -0.174788 -0.105512 
52507 -0.176111 0.0521798 
52508 -0.17775 0.208685 
52509 -0.179141 0.364031 
52510 -0.0146244 -0.261585 
52511 -0.0166898 -0.103034 
52512 -0.018779 0.0539456 
52513 -0.0209031 0.209828 
52514 -0.0228069 0.364516 
52515 0.142711 -0.258368 
52516 0.140117 -0.100681 
52517 0.137301 0.0556664 
52518 0.134795 0.210853 
52519 0.131981 0.364854 
52520 0.298533 -0.255342 
52521 0.295399 -0.0982674 
52522 0.291985 0.057479 
52523 0.288926 0.21201 
52524 0.285583 0.365442 
52525 -0.333421 -0.269306 
52526 -0.334463 -0.110063 
52527 -0.335416 0.0477361 
52528 -0.336444 0.204193 
52529 -0.337553 0.359492 
52530 -0.173805 -0.265731 
52531 -0.175555 -0.107217 
52532 -0.17731 0.0496661 
52533 -0.178861 0.205612 
52534 -0.180522 0.359879 
52535 -0.0158615 -0.262028 
52536 -0.0182966 -0.104709 
52537 -0.0205275 0.0518416 
52538 -0.0228231 0.206836 
52539 -0.0251144 0.360417 
52540 0.140544 -0.258601 
52541 0.137709 -0.101672 
52542 0.134687 0.0538866 
52543 0.131617 0.208109 
52544 0.128741 0.361079 
52545 0.295663 -0.255033 
52546 0.292059 -0.0989082 
52547 0.288538 0.0558783 
52548 0.284874 0.209308 
52549 0.281285 0.361565 
52550 -0.333322 -0.270523 
52551 -0.334669 -0.111961 
52552 -0.335756 0.0450853 
52553 -0.337085 0.200867 
52554 -0.338253 0.355355 
52555 -0.174486 -0.266515 
52556 -0.176401 -0.108933 
52557 -0.178263 0.0474595 
52558 -0.180185 0.202514 
52559 -0.182064 0.355928 
52560 -0.0170555 -0.2626 
52561 -0.0196095 -0.10577 
52562 -0.0222898 0.04984 
52563 -0.0247677 0.203912 
52564 -0.0274856 0.356814 
52565 0.138723 -0.258843 
52566 0.135303 -0.102737 
52567 0.132053 0.0521371 
52568 0.128786 0.20536 
52569 0.125556 0.35759 
52570 0.292637 -0.254865 
52571 0.28883 -0.0995262 
52572 0.284725 0.0542964 
52573 0.280955 0.206907 
52574 0.277035 0.358248 
52575 -0.333249 -0.271898 
52576 -0.334746 -0.113831 
52577 -0.336074 0.0427482 
52578 -0.337678 0.197588 
52579 -0.339049 0.35112 
52580 -0.174783 -0.267501 
52581 -0.177048 -0.110368 
52582 -0.1793 0.0453125 
52583 -0.181346 0.199376 
52584 -0.183682 0.352119 
52585 -0.0181633 -0.263123 
52586 -0.0211771 -0.106776 
52587 -0.0241068 0.0477809 
52588 -0.0268764 0.201086 
52589 -0.029811 0.353041 
52590 0.136615 -0.258813 
52591 0.13295 -0.103308 
52592 0.129422 0.0504848 
52593 0.125846 0.202959 
52594 0.1223 0.353927 
52595 0.289843 -0.254438 
52596 0.285512 -0.100149 
52597 0.281333 0.0530102 
52598 0.277026 0.204702 
52599 0.272785 0.354858 
52600 -0.333141 -0.272973 
52601 -0.334847 -0.115669 
52602 -0.336594 0.0401153 
52603 -0.338375 0.194555 
52604 -0.340018 0.347366 
52605 -0.175371 -0.268145 
52606 -0.177886 -0.111845 
52607 -0.180305 0.043154 
52608 -0.182805 0.196507 
52609 -0.185184 0.348397 
52610 -0.0194379 -0.263358 
52611 -0.0226758 -0.10801 
52612 -0.0258397 0.0460602 
52613 -0.0290016 0.198474 
52614 -0.0322351 0.349434 
52615 0.134737 -0.258618 
52616 0.130846 -0.104151 
52617 0.126721 0.0488416 
52618 0.123029 0.20039 
52619 0.119103 0.350562 
52620 0.287064 -0.254105 
52621 0.282375 -0.100305 
52622 0.277663 0.0518371 
52623 0.27316 0.202391 
52624 0.268464 0.351752 
52625 -0.333104 -0.274144 
52626 -0.334965 -0.117351 
52627 -0.337117 0.0379541 
52628 -0.339026 0.191425 
52629 -0.340917 0.343552 
52630 -0.175679 -0.268866 
52631 -0.178472 -0.113162 
52632 -0.181286 0.0409944 
52633 -0.184025 0.193812 
52634 -0.186739 0.344779 
52635 -0.0204734 -0.263616 
52636 -0.024127 -0.108805 
52637 -0.0275431 0.0442487 
52638 -0.0310219 0.195922 
52639 -0.034579 0.346229 
52640 0.132792 -0.258342 
52641 0.128538 -0.104864 
52642 0.12429 0.047501 
52643 0.119899 0.198187 
52644 0.115837 0.347377 
52645 0.284246 -0.253492 
52646 0.279085 -0.100755 
52647 0.274305 0.0506191 
52648 0.269282 0.200231 
52649 0.264311 0.348629 
52650 -0.332957 -0.275062 
52651 -0.335285 -0.118999 
52652 -0.337516 0.0356316 
52653 -0.33976 0.188589 
52654 -0.341988 0.339865 
52655 -0.176201 -0.269395 
52656 -0.179354 -0.114181 
52657 -0.182336 0.0391754 
52658 -0.185514 0.190992 
52659 -0.188414 0.341386 
52660 -0.0216312 -0.263874 
52661 -0.0254488 -0.109754 
52662 -0.0293916 0.0426375 
52663 -0.0332355 0.193704 
52664 -0.036966 0.342818 
52665 0.130869 -0.258328 
52666 0.126162 -0.105222 
52667 0.121427 0.0460755 
52668 0.117093 0.195985 
52669 0.112601 0.344269 
52670 0.281395 -0.252825 
52671 0.276005 -0.100893 
52672 0.270519 0.049593 
52673 0.265236 0.198371 
52674 0.260056 0.345747 
52675 -0.332543 -0.275934 
52676 -0.335361 -0.120368 
52677 -0.337963 0.0334492 
52678 -0.340496 0.185614 
52679 -0.342873 0.33639 
52680 -0.176627 -0.26981 
52681 -0.180163 -0.115393 
52682 -0.183523 0.0373728 
52683 -0.186852 0.188536 
52684 -0.190193 0.337933 
52685 -0.0226815 -0.263895 
52686 -0.0269608 -0.110463 
52687 -0.0311353 0.0412294 
52688 -0.0353835 0.191243 
52689 -0.0394209 0.339647 
52690 0.129068 -0.257963 
52691 0.123958 -0.105606 
52692 0.119045 0.0449932 
52693 0.114135 0.194066 
52694 0.109223 0.341494 
52695 0.278591 -0.251942 
52696 0.272851 -0.100872 
52697 0.267181 0.0487686 
52698 0.261414 0.196651 
52699 0.256002 0.343185 
52700 -0.332686 -0.276699 
52701 -0.335527 -0.121792 
52702 -0.33859 0.0314284 
52703 -0.341393 0.183044 
52704 -0.344158 0.332859 
52705 -0.177096 -0.270181 
52706 -0.180883 -0.116452 
52707 -0.184604 0.0357242 
52708 -0.188231 0.186158 
52709 -0.19184 0.334747 
52710 -0.0239019 -0.263718 
52711 -0.0284559 -0.111024 
52712 -0.0328803 0.0397241 
52713 -0.0374556 0.18906 
52714 -0.0418252 0.336748 
52715 0.126986 -0.257334 
52716 0.121721 -0.105874 
52717 0.116438 0.0437938 
52718 0.11115 0.192077 
52719 0.106089 0.338543 
52720 0.275863 -0.251132 
52721 0.269553 -0.100758 
52722 0.263792 0.0478626 
52723 0.257661 0.194877 
52724 0.251777 0.340476 
