52375 -0.333339 -0.249989 
52376 -0.333412 -0.0833361 
52377 -0.333457 0.0832614 
52378 -0.333316 0.249995 
52379 -0.33341 0.416627 
52380 -0.166689 -0.250024 
52381 -0.166649 -0.083279 
52382 -0.166691 0.0832953 
52383 -0.166706 0.249971 
52384 -0.166613 0.416738 
52385 2.76424e-05 -0.250056 
52386 1.74081e-05 -0.0833119 
52387 -5.69169e-05 0.0833039 
52388 -2.8157e-05 0.249964 
52389 -4.78691e-05 0.416508 
52390 0.166761 -0.249996 
52391 0.16673 -0.0833714 
52392 0.16663 0.0833124 
52393 0.166661 0.24994 
52394 0.166647 0.416611 
52395 0.333332 -0.250032 
52396 0.333332 -0.0833893 
52397 0.333342 0.0832765 
52398 0.333371 0.249998 
52399 0.333479 0.416634 
52400 -0.333365 -0.251717 
52401 -0.333313 -0.0857277 
52402 -0.333362 0.0803018 
52403 -0.333573 0.245947 
52404 -0.333561 0.411732 
52405 -0.167237 -0.251188 
52406 -0.167311 -0.0853047 
52407 -0.16749 0.0804714 
52408 -0.167717 0.246118 
52409 -0.167892 0.411618 
52410 -0.00137307 -0.250983 
52411 -0.00143515 -0.0851659 
52412 -0.00179815 0.0806028 
52413 -0.00215209 0.246203 
52414 -0.0021319 0.411762 
52415 0.164399 -0.25057 
52416 0.164243 -0.0849079 
52417 0.16379 0.0807452 
52418 0.16359 0.246303 
52419 0.163279 0.411744 
52420 0.330151 -0.250482 
52421 0.329682 -0.0846458 
52422 0.329343 0.0809481 
52423 0.329108 0.246384 
52424 0.328542 0.411766 
52425 -0.333127 -0.253284 
52426 -0.333308 -0.0878751 
52427 -0.333653 0.0771675 
52428 -0.333781 0.24212 
52429 -0.334059 0.406732 
52430 -0.167815 -0.252533 
52431 -0.168032 -0.0874472 
52432 -0.168294 0.077729 
52433 -0.168771 0.242364 
52434 -0.169076 0.406859 
52435 -0.00263417 -0.251993 
52436 -0.00302482 -0.0868049 
52437 -0.00354525 0.0779719 
52438 -0.00387304 0.242657 
52439 -0.00432895 0.406915 
52440 0.162216 -0.25122 
52441 0.161753 -0.0862539 
52442 0.161118 0.0785084 
52443 0.160593 0.242824 
52444 0.159925 0.407052 
52445 0.326857 -0.250615 
52446 0.326122 -0.0857306 
52447 0.32552 0.0786646 
52448 0.324621 0.243098 
52449 0.324027 0.407164 
52450 -0.33305 -0.254664 
52451 -0.333551 -0.0899923 
52452 -0.333806 0.0742946 
52453 -0.334146 0.238256 
52454 -0.3345 0.401817 
52455 -0.168279 -0.253738 
52456 -0.168768 -0.0892358 
52457 -0.169418 0.0747827 
52458 -0.169894 0.238504 
52459 -0.170371 0.402243 
52460 -0.00380183 -0.252668 
52461 -0.00468853 -0.0884177 
52462 -0.00517513 0.0754917 
52463 -0.00596464 0.239118 
52464 -0.00671665 0.402326 
52465 0.160183 -0.251726 
52466 0.159276 -0.087645 
52467 0.158256 0.0762234 
52468 0.157532 0.239525 
52469 0.156623 0.402445 
52470 0.323615 -0.250694 
52471 0.322593 -0.0868315 
52472 0.321513 0.0767806 
52473 0.320545 0.239859 
52474 0.319425 0.402696 
52475 -0.33312 -0.256322 
52476 -0.333458 -0.0922243 
52477 -0.334028 0.0714646 
52478 -0.334463 0.234516 
52479 -0.335094 0.397177 
52480 -0.168749 -0.254776 
52481 -0.169484 -0.0910925 
52482 -0.170285 0.0722062 
52483 -0.171114 0.235061 
52484 -0.171674 0.397534 
52485 -0.0050345 -0.253422 
52486 -0.0061052 -0.0899802 
52487 -0.00704727 0.0729777 
52488 -0.00790096 0.235743 
52489 -0.00903341 0.397825 
52490 0.158031 -0.25202 
52491 0.156796 -0.0888454 
52492 0.155562 0.074013 
52493 0.154375 0.236307 
52494 0.153046 0.398071 
52495 0.320595 -0.250601 
52496 0.3191 -0.0876261 
52497 0.317753 0.0747841 
52498 0.316444 0.236919 
52499 0.314939 0.398445 
52500 -0.332804 -0.25766 
52501 -0.333457 -0.0942279 
52502 -0.334226 0.0685286 
52503 -0.335059 0.230912 
52504 -0.335637 0.392702 
52505 -0.169366 -0.256061 
52506 -0.170292 -0.0928422 
52507 -0.171322 0.0696214 
52508 -0.172217 0.231581 
52509 -0.173264 0.39299 
52510 -0.00627665 -0.254112 
52511 -0.00758711 -0.0914468 
52512 -0.00889725 0.0706852 
52513 -0.0101344 0.232365 
52514 -0.0113472 0.393461 
52515 0.155872 -0.252346 
52516 0.154255 -0.0898633 
52517 0.1529 0.0719037 
52518 0.151273 0.233169 
52519 0.14966 0.393978 
52520 0.317375 -0.2506 
52521 0.31565 -0.0884971 
52522 0.313708 0.0729179 
52523 0.3121 0.233908 
52524 0.310239 0.394143 
52525 -0.332771 -0.259066 
52526 -0.333597 -0.0963558 
52527 -0.33454 0.065819 
52528 -0.335458 0.227325 
52529 -0.33641 0.387915 
52530 -0.169735 -0.256878 
52531 -0.170922 -0.0944037 
52532 -0.172193 0.0671548 
52533 -0.173487 0.22822 
52534 -0.174601 0.388623 
52535 -0.00762586 -0.254745 
52536 -0.00929174 -0.0927679 
52537 -0.0106507 0.0685891 
52538 -0.0121645 0.229225 
52539 -0.0136368 0.389161 
52540 0.153824 -0.252461 
52541 0.151825 -0.0910251 
52542 0.150154 0.0698742 
52543 0.148158 0.230083 
52544 0.146338 0.389757 
52545 0.314358 -0.250467 
52546 0.3122 -0.0892188 
52547 0.310093 0.0712163 
52548 0.307891 0.231064 
52549 0.305691 0.3903 
52550 -0.332523 -0.260375 
52551 -0.333803 -0.0982238 
52552 -0.334793 0.0630531 
52553 -0.335914 0.223839 
52554 -0.33701 0.383638 
52555 -0.17024 -0.257803 
52556 -0.171788 -0.0961384 
52557 -0.173057 0.0647945 
52558 -0.174591 0.225037 
52559 -0.176169 0.384379 
52560 -0.00874751 -0.25518 
52561 -0.0106271 -0.0941713 
52562 -0.0124327 0.0664131 
52563 -0.0143471 0.22621 
52564 -0.0162088 0.385068 
52565 0.151807 -0.252631 
52566 0.149516 -0.0919116 
52567 0.147393 0.0681038 
52568 0.145217 0.227204 
52569 0.143005 0.385822 
52570 0.311275 -0.250041 
52571 0.308777 -0.0899569 
52572 0.306263 0.0696446 
52573 0.303649 0.228467 
52574 0.301165 0.386553 
52575 -0.332321 -0.261627 
52576 -0.333722 -0.100038 
52577 -0.33503 0.0605212 
52578 -0.336401 0.220318 
52579 -0.337843 0.379398 
52580 -0.170505 -0.258495 
52581 -0.172331 -0.0976752 
52582 -0.174202 0.0625111 
52583 -0.175872 0.221733 
52584 -0.177672 0.380294 
52585 -0.00984803 -0.255657 
52586 -0.0120331 -0.0951624 
52587 -0.014235 0.0645074 
52588 -0.0165058 0.223258 
52589 -0.0185824 0.381154 
52590 0.149736 -0.2525 
52591 0.147134 -0.0926958 
52592 0.144739 0.0662726 
52593 0.142065 0.224709 
52594 0.139619 0.38211 
52595 0.308293 -0.249563 
52596 0.305511 -0.0903272 
52597 0.302405 0.0682725 
52598 0.299525 0.225893 
52599 0.296803 0.382948 
52600 -0.332251 -0.262756 
52601 -0.333945 -0.101923 
52602 -0.335478 0.058147 
52603 -0.337107 0.217041 
52604 -0.338606 0.375261 
52605 -0.170989 -0.259178 
52606 -0.17319 -0.0988738 
52607 -0.175168 0.0602366 
52608 -0.177247 0.218851 
52609 -0.179198 0.376325 
52610 -0.0112081 -0.255865 
52611 -0.0135104 -0.0961777 
52612 -0.0160119 0.0625848 
52613 -0.0185293 0.220293 
52614 -0.0209418 0.37742 
52615 0.147842 -0.252339 
52616 0.144822 -0.0933248 
52617 0.141767 0.0646785 
52618 0.13892 0.222004 
52619 0.136077 0.378525 
52620 0.305456 -0.249201 
52621 0.302076 -0.0906697 
52622 0.29872 0.0669531 
52623 0.295554 0.22364 
52624 0.292229 0.379557 
52625 -0.332116 -0.263783 
52626 -0.333833 -0.103651 
52627 -0.335802 0.0556652 
52628 -0.337737 0.2139 
52629 -0.339504 0.37125 
52630 -0.171483 -0.259814 
52631 -0.173823 -0.100351 
52632 -0.176124 0.0581876 
52633 -0.178466 0.215983 
52634 -0.180862 0.372598 
52635 -0.0122928 -0.256028 
52636 -0.0149172 -0.0971375 
52637 -0.0178667 0.0607615 
52638 -0.0206037 0.217731 
52639 -0.0234184 0.373759 
52640 0.145593 -0.252269 
52641 0.142388 -0.0939988 
52642 0.139244 0.0632678 
52643 0.135879 0.219677 
52644 0.132625 0.375023 
52645 0.302399 -0.248501 
52646 0.298649 -0.0907592 
52647 0.294873 0.0658951 
52648 0.291276 0.221471 
52649 0.287703 0.376155 
52650 -0.331818 -0.264734 
52651 -0.334063 -0.105259 
52652 -0.3362 0.0533855 
52653 -0.338471 0.210905 
52654 -0.340513 0.367478 
52655 -0.171962 -0.260308 
52656 -0.17454 -0.101518 
52657 -0.177317 0.0561554 
52658 -0.179949 0.21307 
52659 -0.182442 0.368834 
52660 -0.0133001 -0.256094 
52661 -0.0166133 -0.0980314 
52662 -0.0196302 0.0590543 
52663 -0.0228454 0.215178 
52664 -0.0259204 0.370316 
52665 0.143724 -0.251812 
52666 0.140194 -0.0944014 
52667 0.136551 0.0618961 
52668 0.132894 0.217246 
52669 0.129303 0.371868 
52670 0.299489 -0.24764 
52671 0.295411 -0.0909426 
52672 0.291253 0.0646892 
52673 0.287254 0.219524 
52674 0.283241 0.373281 
52675 -0.331706 -0.265563 
52676 -0.334142 -0.106788 
52677 -0.336629 0.0511991 
52678 -0.339067 0.207855 
52679 -0.341637 0.363605 
52680 -0.172371 -0.260839 
52681 -0.175384 -0.102703 
52682 -0.178238 0.0544127 
52683 -0.181221 0.210445 
52684 -0.184231 0.3654 
52685 -0.0144159 -0.256092 
52686 -0.0180775 -0.0987571 
52687 -0.0214933 0.0575331 
52688 -0.0250271 0.2128 
52689 -0.0284658 0.367021 
52690 0.141801 -0.251457 
52691 0.137593 -0.0948919 
52692 0.133859 0.0605923 
52693 0.129777 0.215108 
52694 0.125882 0.368682 
52695 0.296472 -0.246708 
52696 0.292131 -0.091001 
52697 0.287604 0.0638256 
52698 0.28312 0.21749 
52699 0.278781 0.370405 
52700 -0.331505 -0.266268 
52701 -0.334319 -0.10808 
52702 -0.33711 0.0490376 
52703 -0.339793 0.205147 
52704 -0.342559 0.360141 
52705 -0.172635 -0.26125 
52706 -0.176109 -0.103635 
52707 -0.179396 0.0526403 
52708 -0.182663 0.207794 
52709 -0.185937 0.362151 
52710 -0.0155402 -0.256048 
52711 -0.0195044 -0.0994159 
52712 -0.0234588 0.056022 
52713 -0.0271348 0.210568 
52714 -0.0309469 0.363985 
52715 0.139913 -0.250796 
52716 0.135426 -0.0950699 
52717 0.131075 0.0595738 
52718 0.126813 0.213207 
52719 0.122449 0.365817 
52720 0.293603 -0.24569 
52721 0.288735 -0.0908786 
52722 0.283738 0.0630458 
52723 0.279024 0.215881 
52724 0.274343 0.36773 
52725 -0.331211 -0.266983 
52726 -0.334453 -0.109346 
52727 -0.337511 0.0471254 
52728 -0.340551 0.202331 
52729 -0.343588 0.356724 
52730 -0.1732 -0.261488 
52731 -0.176727 -0.104691 
52732 -0.180392 0.0509909 
52733 -0.184066 0.205525 
52734 -0.187817 0.358789 
52735 -0.0167888 -0.255679 
52736 -0.021086 -0.0998771 
52737 -0.0252091 0.0547515 
52738 -0.0292374 0.208403 
52739 -0.0335339 0.360903 
52740 0.137931 -0.250217 
52741 0.133052 -0.0951884 
52742 0.128304 0.0586809 
52743 0.123752 0.211274 
52744 0.11905 0.362972 
52745 0.290674 -0.244667 
52746 0.28545 -0.0905284 
52747 0.280257 0.0623148 
52748 0.275207 0.214132 
52749 0.270009 0.365228 
52750 -0.331072 -0.267608 
52751 -0.334576 -0.11067 
52752 -0.337849 0.0452623 
52753 -0.341436 0.199925 
52754 -0.344788 0.353367 
52755 -0.173487 -0.261387 
52756 -0.177389 -0.105403 
52757 -0.181567 0.04944 
52758 -0.185477 0.203139 
52759 -0.18944 0.355672 
52760 -0.0179543 -0.255332 
52761 -0.0223552 -0.100163 
52762 -0.0269679 0.0535584 
52763 -0.031476 0.206407 
52764 -0.0360582 0.358064 
52765 0.135924 -0.249479 
52766 0.130807 -0.0952624 
52767 0.125769 0.057796 
52768 0.120666 0.209619 
52769 0.115671 0.360457 
52770 0.2879 -0.243423 
52771 0.282153 -0.0901157 
52772 0.27659 0.0619247 
52773 0.271115 0.212784 
52774 0.265544 0.362747 
52775 -0.330838 -0.268146 
52776 -0.334828 -0.111754 
52777 -0.338487 0.0434603 
52778 -0.342337 0.19729 
52779 -0.345922 0.350011 
52780 -0.17405 -0.26152 
52781 -0.178333 -0.106303 
52782 -0.182713 0.0479658 
52783 -0.186983 0.200999 
52784 -0.191325 0.352805 
52785 -0.01905 -0.255008 
52786 -0.0239448 -0.100641 
52787 -0.028767 0.0525146 
52788 -0.0336784 0.204432 
52789 -0.0385998 0.355283 
52790 0.134024 -0.248336 
52791 0.12854 -0.0951244 
52792 0.123113 0.0569808 
52793 0.117636 0.20808 
52794 0.11226 0.357908 
52795 0.285068 -0.242013 
52796 0.279054 -0.0898024 
52797 0.273005 0.0613242 
52798 0.267125 0.211571 
52799 0.261257 0.360451 
52800 -0.330618 -0.268507 
52801 -0.335007 -0.112779 
52802 -0.33904 0.0417236 
52803 -0.343155 0.195027 
52804 -0.347235 0.347245 
52805 -0.174305 -0.261446 
52806 -0.179152 -0.10682 
52807 -0.183692 0.0466918 
52808 -0.188394 0.198897 
52809 -0.193019 0.350098 
52810 -0.0201612 -0.254323 
52811 -0.0255076 -0.100771 
52812 -0.0305478 0.0515086 
52813 -0.0357916 0.202824 
52814 -0.041062 0.3528 
52815 0.132039 -0.247443 
52816 0.126283 -0.0950512 
52817 0.120479 0.0563635 
52818 0.114572 0.20648 
52819 0.108828 0.355687 
52820 0.282109 -0.240729 
52821 0.275674 -0.0891654 
52822 0.269511 0.0609681 
52823 0.263132 0.210195 
52824 0.257035 0.358262 
52825 -0.330442 -0.268724 
52826 -0.335021 -0.113587 
52827 -0.33946 0.0403513 
52828 -0.343865 0.192787 
52829 -0.348434 0.344247 
52830 -0.174778 -0.261207 
52831 -0.179873 -0.107208 
52832 -0.184943 0.0454185 
52833 -0.189972 0.197029 
52834 -0.195005 0.347378 
52835 -0.0211255 -0.253653 
52836 -0.026903 -0.100876 
52837 -0.0324513 0.0506536 
52838 -0.0380878 0.201029 
52839 -0.0436058 0.350489 
52840 0.130134 -0.246252 
52841 0.123959 -0.0947623 
52842 0.117774 0.0558502 
52843 0.111702 0.205221 
52844 0.105578 0.353472 
52845 0.279522 -0.239145 
52846 0.272598 -0.0884868 
52847 0.265873 0.060888 
52848 0.259291 0.20925 
52849 0.252765 0.356432 
52850 -0.330214 -0.268863 
52851 -0.335356 -0.114495 
52852 -0.339919 0.038748 
52853 -0.344979 0.190686 
52854 -0.349739 0.341509 
52855 -0.175174 -0.260787 
52856 -0.180666 -0.107646 
52857 -0.186102 0.0445505 
52858 -0.191485 0.195207 
52859 -0.196865 0.344915 
52860 -0.0224148 -0.252859 
52861 -0.0282359 -0.100913 
52862 -0.0343506 0.04997 
52863 -0.040319 0.199647 
52864 -0.0463076 0.348376 
52865 0.128279 -0.24506 
52866 0.121674 -0.0941777 
52867 0.115065 0.0554747 
52868 0.108669 0.204014 
52869 0.10229 0.351451 
52870 0.276511 -0.2375 
52871 0.26938 -0.0876989 
52872 0.262418 0.0609135 
52873 0.255464 0.208386 
52874 0.248577 0.354696 
