52400 -0.333283 -0.250045 
52401 -0.333358 -0.0833183 
52402 -0.333317 0.0832754 
52403 -0.333239 0.249971 
52404 -0.333348 0.416722 
52405 -0.166686 -0.250082 
52406 -0.16663 -0.0832318 
52407 -0.166702 0.0833279 
52408 -0.166713 0.250017 
52409 -0.166684 0.416675 
52410 1.96553e-05 -0.24995 
52411 3.39412e-05 -0.0833006 
52412 2.6188e-05 0.0833833 
52413 0.000124158 0.249944 
52414 6.43769e-05 0.416618 
52415 0.166658 -0.249945 
52416 0.16664 -0.0833427 
52417 0.166693 0.0833263 
52418 0.166702 0.250101 
52419 0.166683 0.416776 
52420 0.333278 -0.250072 
52421 0.333389 -0.083308 
52422 0.333387 0.0833098 
52423 0.333294 0.250022 
52424 0.33322 0.416638 
52425 -0.333161 -0.251531 
52426 -0.33334 -0.0856075 
52427 -0.333469 0.080312 
52428 -0.333646 0.24595 
52429 -0.33377 0.411669 
52430 -0.167145 -0.251354 
52431 -0.167405 -0.0854774 
52432 -0.167568 0.0803883 
52433 -0.167746 0.246167 
52434 -0.16795 0.411673 
52435 -0.00123763 -0.250847 
52436 -0.00145285 -0.0850906 
52437 -0.00179348 0.0806923 
52438 -0.00192597 0.24629 
52439 -0.0022994 0.411742 
52440 0.16447 -0.250599 
52441 0.164181 -0.0847486 
52442 0.163951 0.0808606 
52443 0.163654 0.246396 
52444 0.163232 0.411773 
52445 0.330012 -0.250253 
52446 0.329736 -0.0844696 
52447 0.329355 0.0810879 
52448 0.32892 0.246639 
52449 0.328667 0.411973 
52450 -0.333131 -0.253126 
52451 -0.333401 -0.0877645 
52452 -0.3336 0.0774152 
52453 -0.333959 0.242187 
52454 -0.334096 0.406916 
52455 -0.16778 -0.252418 
52456 -0.167907 -0.0871569 
52457 -0.168557 0.0777909 
52458 -0.168858 0.24244 
52459 -0.169164 0.407001 
52460 -0.00252524 -0.251644 
52461 -0.00305627 -0.0867778 
52462 -0.00358079 0.0781377 
52463 -0.00399073 0.24288 
52464 -0.00456725 0.407194 
52465 0.162384 -0.250831 
52466 0.161717 -0.0860779 
52467 0.161066 0.0786646 
52468 0.160613 0.243046 
52469 0.159802 0.407301 
52470 0.326882 -0.250373 
52471 0.326177 -0.0854997 
52472 0.325401 0.0789924 
52473 0.324688 0.24338 
52474 0.323943 0.40742 
52475 -0.332968 -0.254647 
52476 -0.333506 -0.0899947 
52477 -0.333867 0.0744526 
52478 -0.334274 0.238382 
52479 -0.334659 0.402033 
52480 -0.168224 -0.253716 
52481 -0.16877 -0.0890875 
52482 -0.169387 0.0750509 
52483 -0.170024 0.238915 
52484 -0.170713 0.402317 
52485 -0.00387257 -0.25242 
52486 -0.00446148 -0.0881245 
52487 -0.005356 0.0758128 
52488 -0.00613337 0.239339 
52489 -0.00678415 0.402539 
52490 0.160224 -0.251494 
52491 0.159221 -0.0873464 
52492 0.158319 0.0762114 
52493 0.157398 0.239775 
52494 0.156386 0.402839 
52495 0.323726 -0.250494 
52496 0.322593 -0.0864898 
52497 0.321591 0.0771697 
52498 0.320317 0.240188 
52499 0.319215 0.403123 
52500 -0.332887 -0.256053 
52501 -0.333464 -0.0919026 
52502 -0.334038 0.0714956 
52503 -0.334606 0.234665 
52504 -0.335268 0.397324 
52505 -0.168755 -0.254542 
52506 -0.169473 -0.0908514 
52507 -0.170296 0.0724555 
52508 -0.171214 0.235235 
52509 -0.172105 0.397718 
52510 -0.00505316 -0.253118 
52511 -0.00606729 -0.0895691 
52512 -0.00702623 0.0734004 
52513 -0.00800496 0.235936 
52514 -0.00925378 0.398134 
52515 0.158141 -0.251565 
52516 0.156766 -0.0884681 
52517 0.155404 0.0743245 
52518 0.154233 0.236686 
52519 0.152984 0.398651 
52520 0.320653 -0.250289 
52521 0.31909 -0.0872606 
52522 0.317569 0.0751908 
52523 0.316179 0.23734 
52524 0.314765 0.398839 
52525 -0.332752 -0.257426 
52526 -0.333576 -0.0939803 
52527 -0.334286 0.0688708 
52528 -0.335155 0.231152 
52529 -0.335997 0.392963 
52530 -0.169116 -0.255679 
52531 -0.17017 -0.0924583 
52532 -0.171508 0.0700073 
52533 -0.17245 0.232078 
52534 -0.173441 0.393414 
52535 -0.00615957 -0.253679 
52536 -0.00767514 -0.0911169 
52537 -0.00887001 0.0711723 
52538 -0.0102255 0.232747 
52539 -0.0115109 0.393814 
52540 0.156101 -0.251817 
52541 0.154324 -0.08948 
52542 0.152738 0.072431 
52543 0.151284 0.233609 
52544 0.149651 0.394477 
52545 0.317643 -0.24999 
52546 0.315631 -0.0879854 
52547 0.31373 0.0735589 
52548 0.311926 0.234526 
52549 0.310042 0.394981 
52550 -0.332458 -0.258774 
52551 -0.333552 -0.0960443 
52552 -0.334655 0.0661062 
52553 -0.335579 0.227697 
52554 -0.336791 0.388477 
52555 -0.169569 -0.256421 
52556 -0.17092 -0.0939927 
52557 -0.172276 0.0677102 
52558 -0.173578 0.228644 
52559 -0.175024 0.389121 
52560 -0.00748621 -0.254153 
52561 -0.00902203 -0.0922446 
52562 -0.0107482 0.0690508 
52563 -0.0123272 0.229747 
52564 -0.0140606 0.389847 
52565 0.153908 -0.251896 
52566 0.151902 -0.0903324 
52567 0.149997 0.0706019 
52568 0.148082 0.230773 
52569 0.146289 0.390479 
52570 0.314485 -0.249527 
52571 0.312205 -0.0885098 
52572 0.309892 0.0719438 
52573 0.307715 0.231791 
52574 0.305515 0.391095 
52575 -0.332243 -0.259914 
52576 -0.333756 -0.0978328 
52577 -0.334893 0.0635661 
52578 -0.336156 0.224146 
52579 -0.337432 0.38418 
52580 -0.170002 -0.257216 
52581 -0.171709 -0.0957505 
52582 -0.173237 0.0651212 
52583 -0.174905 0.225439 
52584 -0.176403 0.384878 
52585 -0.00872509 -0.254561 
52586 -0.0106515 -0.0934268 
52587 -0.0125549 0.0669753 
52588 -0.0144536 0.226722 
52589 -0.0163405 0.385837 
52590 0.151806 -0.251875 
52591 0.149491 -0.0912316 
52592 0.147201 0.0688285 
52593 0.144875 0.228154 
52594 0.142771 0.386608 
52595 0.311351 -0.249212 
52596 0.308833 -0.0889794 
52597 0.306227 0.0704938 
52598 0.303562 0.229291 
52599 0.300948 0.387443 
52600 -0.332151 -0.261048 
52601 -0.333704 -0.0995683 
52602 -0.335328 0.0610216 
52603 -0.336724 0.220962 
52604 -0.338254 0.380012 
52605 -0.170468 -0.257936 
52606 -0.172318 -0.0971727 
52607 -0.174244 0.0629989 
52608 -0.176171 0.222505 
52609 -0.178085 0.381148 
52610 -0.00977527 -0.254804 
52611 -0.0121329 -0.0944356 
52612 -0.01442 0.0650569 
52613 -0.0168209 0.224015 
52614 -0.018679 0.381942 
52615 0.149752 -0.251695 
52616 0.14723 -0.0919281 
52617 0.144358 0.0672231 
52618 0.141879 0.225406 
52619 0.139358 0.383105 
52620 0.308361 -0.248631 
52621 0.305375 -0.0893858 
52622 0.302455 0.0691919 
52623 0.299331 0.227007 
52624 0.296415 0.38402 
52625 -0.332007 -0.262251 
52626 -0.333904 -0.101372 
52627 -0.335677 0.0585852 
52628 -0.337404 0.217674 
52629 -0.339147 0.37601 
52630 -0.170952 -0.258624 
52631 -0.173002 -0.0983476 
52632 -0.175225 0.0609644 
52633 -0.177547 0.219521 
52634 -0.179601 0.377162 
52635 -0.010878 -0.25498 
52636 -0.0135586 -0.0955128 
52637 -0.016046 0.0632923 
52638 -0.0188101 0.221281 
52639 -0.021313 0.378358 
52640 0.147862 -0.251441 
52641 0.144828 -0.0924111 
52642 0.141771 0.0658619 
52643 0.138807 0.223141 
52644 0.135806 0.379494 
52645 0.30538 -0.247915 
52646 0.302041 -0.0896044 
52647 0.298624 0.0679351 
52648 0.295228 0.224719 
52649 0.29174 0.380754 
52650 -0.331831 -0.262967 
52651 -0.333994 -0.10307 
52652 -0.336139 0.0562943 
52653 -0.338014 0.214554 
52654 -0.340074 0.372006 
52655 -0.171261 -0.258972 
52656 -0.173856 -0.0996016 
52657 -0.176366 0.0589373 
52658 -0.178868 0.216621 
52659 -0.181377 0.373534 
52660 -0.0119664 -0.255099 
52661 -0.0149036 -0.0963347 
52662 -0.0180399 0.0615588 
52663 -0.0209867 0.218637 
52664 -0.0238503 0.374796 
52665 0.145818 -0.251146 
52666 0.142396 -0.0928848 
52667 0.139066 0.0643405 
52668 0.135727 0.220664 
52669 0.132374 0.376231 
52670 0.302538 -0.247288 
52671 0.298823 -0.0896456 
52672 0.294847 0.0670414 
52673 0.291082 0.222782 
52674 0.287345 0.377715 
52675 -0.331571 -0.264032 
52676 -0.334052 -0.104505 
52677 -0.336452 0.0541247 
52678 -0.338801 0.21175 
52679 -0.341132 0.368329 
52680 -0.171591 -0.259484 
52681 -0.174402 -0.100831 
52682 -0.177389 0.0571574 
52683 -0.18027 0.213907 
52684 -0.182985 0.369981 
52685 -0.0132475 -0.255024 
52686 -0.016497 -0.0969603 
52687 -0.0197842 0.0601322 
52688 -0.0230829 0.216236 
52689 -0.0263355 0.37156 
52690 0.1438 -0.250712 
52691 0.140102 -0.0935061 
52692 0.136225 0.0630839 
52693 0.132568 0.218557 
52694 0.128909 0.373219 
52695 0.299492 -0.246205 
52696 0.29531 -0.0896225 
52697 0.291156 0.0661245 
52698 0.286975 0.220808 
52699 0.282906 0.374742 
52700 -0.331388 -0.264676 
52701 -0.334208 -0.105905 
52702 -0.336633 0.0519302 
52703 -0.3395 0.208775 
52704 -0.342119 0.364702 
52705 -0.172192 -0.259907 
52706 -0.175295 -0.101756 
52707 -0.178414 0.0553983 
52708 -0.181605 0.211376 
52709 -0.18482 0.366433 
52710 -0.014405 -0.254872 
52711 -0.0180444 -0.0976128 
52712 -0.0215797 0.0587699 
52713 -0.0253976 0.214045 
52714 -0.0288711 0.368347 
52715 0.14187 -0.250025 
52716 0.137662 -0.0934944 
52717 0.133639 0.0618819 
52718 0.1294 0.216608 
52719 0.125548 0.370137 
52720 0.29647 -0.24533 
52721 0.292153 -0.0895814 
52722 0.287421 0.0652718 
52723 0.282923 0.218992 
52724 0.278437 0.37189 
52725 -0.331144 -0.265434 
52726 -0.334258 -0.107193 
52727 -0.337327 0.0498728 
52728 -0.340216 0.206213 
52729 -0.343263 0.361318 
52730 -0.172442 -0.260147 
52731 -0.176161 -0.102661 
52732 -0.179692 0.0537817 
52733 -0.183115 0.209045 
52734 -0.186559 0.363428 
52735 -0.0154194 -0.254685 
52736 -0.019548 -0.0981959 
52737 -0.023417 0.057258 
52738 -0.0274478 0.211838 
52739 -0.031364 0.365338 
52740 0.139895 -0.249217 
52741 0.1354 -0.0938321 
52742 0.130881 0.060912 
52743 0.126392 0.214701 
52744 0.122025 0.367365 
52745 0.293615 -0.244057 
52746 0.288766 -0.089273 
52747 0.283788 0.064464 
52748 0.278939 0.217399 
52749 0.273976 0.369423 
52750 -0.331051 -0.265921 
52751 -0.334583 -0.108331 
52752 -0.337683 0.0480515 
52753 -0.341098 0.203462 
52754 -0.344409 0.357942 
52755 -0.172834 -0.260123 
52756 -0.176769 -0.103419 
52757 -0.180563 0.0521292 
52758 -0.184475 0.206769 
52759 -0.188471 0.360127 
52760 -0.0166774 -0.254262 
52761 -0.0209529 -0.0984982 
52762 -0.0252892 0.0561089 
52763 -0.0296889 0.209701 
52764 -0.0340106 0.362352 
52765 0.137999 -0.248513 
52766 0.133067 -0.0937625 
52767 0.128329 0.060166 
52768 0.123376 0.212869 
52769 0.118638 0.364609 
52770 0.290718 -0.242902 
52771 0.285477 -0.0889637 
52772 0.280167 0.0641952 
52773 0.274828 0.215934 
52774 0.269471 0.366981 
52775 -0.330889 -0.266531 
52776 -0.334519 -0.109615 
52777 -0.33816 0.0462899 
52778 -0.341961 0.200989 
52779 -0.345511 0.354652 
52780 -0.173283 -0.26018 
52781 -0.177497 -0.104314 
52782 -0.181782 0.0507389 
52783 -0.185869 0.204372 
52784 -0.1901 0.35706 
52785 -0.0178197 -0.25382 
52786 -0.0225116 -0.0987727 
52787 -0.0272559 0.054944 
52788 -0.0319347 0.20789 
52789 -0.0364542 0.359802 
52790 0.136139 -0.247566 
52791 0.130755 -0.0935536 
52792 0.125571 0.0595481 
52793 0.120427 0.211325 
52794 0.115183 0.36215 
52795 0.287941 -0.241504 
52796 0.282316 -0.088335 
52797 0.276537 0.0636886 
52798 0.270827 0.214674 
52799 0.265269 0.364662 
52800 -0.330536 -0.266864 
52801 -0.334721 -0.110453 
52802 -0.33875 0.044627 
52803 -0.342828 0.198713 
52804 -0.346733 0.3517 
52805 -0.173545 -0.259987 
52806 -0.178286 -0.104735 
52807 -0.182803 0.0493688 
52808 -0.187523 0.202385 
52809 -0.191975 0.354425 
52810 -0.0188135 -0.253138 
52811 -0.024053 -0.099028 
52812 -0.0289467 0.054151 
52813 -0.034047 0.206062 
52814 -0.0391289 0.35723 
52815 0.134257 -0.246598 
52816 0.128576 -0.093346 
52817 0.122836 0.0587684 
52818 0.117236 0.209849 
52819 0.111696 0.359755 
52820 0.285007 -0.240101 
52821 0.278948 -0.0878421 
52822 0.272901 0.0632717 
52823 0.266825 0.213533 
52824 0.260904 0.362582 
52825 -0.330396 -0.267008 
52826 -0.33489 -0.111338 
52827 -0.339242 0.0430764 
52828 -0.34363 0.196528 
52829 -0.348042 0.348776 
52830 -0.174111 -0.259885 
52831 -0.179151 -0.10532 
52832 -0.183985 0.0481877 
52833 -0.188967 0.200521 
52834 -0.193824 0.351841 
52835 -0.0198765 -0.252535 
52836 -0.0254389 -0.0991357 
52837 -0.0309755 0.0532067 
52838 -0.0362988 0.204503 
52839 -0.0415641 0.354748 
52840 0.132208 -0.24544 
52841 0.126112 -0.0930611 
52842 0.120152 0.0582748 
52843 0.114379 0.208468 
52844 0.108363 0.357783 
52845 0.282244 -0.238419 
52846 0.275856 -0.087082 
52847 0.269265 0.0631451 
52848 0.262962 0.212427 
52849 0.256483 0.360618 
52850 -0.330174 -0.267193 
52851 -0.334962 -0.112291 
52852 -0.339865 0.0415437 
52853 -0.344621 0.194256 
52854 -0.349305 0.345942 
52855 -0.174634 -0.259297 
52856 -0.179883 -0.105647 
52857 -0.185239 0.0470422 
52858 -0.1905 0.198685 
52859 -0.195634 0.349238 
52860 -0.0210172 -0.251822 
52861 -0.0268597 -0.099186 
52862 -0.0326852 0.0525144 
52863 -0.038597 0.203 
52864 -0.0443562 0.352454 
52865 0.13019 -0.244171 
52866 0.123922 -0.0926226 
52867 0.117557 0.0577607 
52868 0.111271 0.207345 
52869 0.105134 0.355593 
52870 0.279206 -0.23693 
52871 0.272524 -0.0862392 
52872 0.26568 0.0630364 
52873 0.258969 0.211513 
52874 0.252281 0.358801 
52875 -0.329828 -0.267195 
52876 -0.335194 -0.112832 
52877 -0.340273 0.0403222 
52878 -0.345367 0.192379 
52879 -0.350588 0.343303 
52880 -0.174867 -0.258987 
52881 -0.180676 -0.105854 
52882 -0.18637 0.0461164 
52883 -0.191868 0.197053 
52884 -0.197572 0.346868 
52885 -0.0222612 -0.251045 
52886 -0.0284522 -0.0989467 
52887 -0.0345872 0.0518694 
52888 -0.0407544 0.201709 
52889 -0.0468296 0.350304 
52890 0.128222 -0.242912 
52891 0.121607 -0.0921849 
52892 0.114894 0.057584 
52893 0.108345 0.206173 
52894 0.101684 0.353726 
52895 0.276443 -0.235134 
52896 0.269382 -0.08543 
52897 0.262234 0.0631958 
52898 0.255006 0.210618 
52899 0.248062 0.357118 
