52425 -0.33337 -0.249859 
52426 -0.333371 -0.0833286 
52427 -0.333209 0.0833749 
52428 -0.333499 0.250036 
52429 -0.333345 0.416533 
52430 -0.166698 -0.249927 
52431 -0.166709 -0.0832921 
52432 -0.166767 0.0833504 
52433 -0.166655 0.24999 
52434 -0.166745 0.416674 
52435 4.57884e-05 -0.24993 
52436 -1.28325e-05 -0.0833682 
52437 -1.41156e-05 0.0833352 
52438 1.92451e-05 0.250049 
52439 -1.43322e-05 0.416553 
52440 0.166688 -0.250202 
52441 0.166693 -0.0832538 
52442 0.166572 0.0832513 
52443 0.166733 0.250019 
52444 0.166544 0.416778 
52445 0.333335 -0.25002 
52446 0.333399 -0.0833328 
52447 0.333303 0.0834044 
52448 0.333267 0.250097 
52449 0.333412 0.416675 
52450 -0.333122 -0.251462 
52451 -0.333349 -0.0855835 
52452 -0.333483 0.0804468 
52453 -0.333425 0.246168 
52454 -0.333821 0.411744 
52455 -0.167097 -0.251264 
52456 -0.167292 -0.0851375 
52457 -0.167521 0.0805455 
52458 -0.167748 0.246262 
52459 -0.167857 0.411922 
52460 -0.00121783 -0.250858 
52461 -0.00150395 -0.0850118 
52462 -0.00175288 0.0808638 
52463 -0.00212016 0.246429 
52464 -0.00211769 0.411932 
52465 0.164483 -0.250484 
52466 0.164242 -0.0845269 
52467 0.163916 0.0810453 
52468 0.163532 0.246575 
52469 0.163249 0.411946 
52470 0.330088 -0.250161 
52471 0.329774 -0.084336 
52472 0.329427 0.0812071 
52473 0.329071 0.246709 
52474 0.32864 0.411974 
52475 -0.332919 -0.252992 
52476 -0.333461 -0.0877236 
52477 -0.333691 0.0774313 
52478 -0.333896 0.242229 
52479 -0.334249 0.406804 
52480 -0.167547 -0.252314 
52481 -0.16805 -0.0872291 
52482 -0.168545 0.0778707 
52483 -0.168909 0.242713 
52484 -0.169377 0.407209 
52485 -0.00260986 -0.251648 
52486 -0.00308076 -0.086571 
52487 -0.00370871 0.0784095 
52488 -0.00419849 0.242885 
52489 -0.00473833 0.407283 
52490 0.162348 -0.250771 
52491 0.161743 -0.0858799 
52492 0.160917 0.0788113 
52493 0.160422 0.24342 
52494 0.159698 0.407418 
52495 0.326732 -0.250162 
52496 0.326159 -0.0853224 
52497 0.325415 0.0793363 
52498 0.324626 0.243687 
52499 0.323843 0.407747 
52500 -0.332996 -0.254384 
52501 -0.333422 -0.0898304 
52502 -0.33396 0.0745889 
52503 -0.334409 0.238492 
52504 -0.334848 0.402217 
52505 -0.168176 -0.253269 
52506 -0.168735 -0.0887724 
52507 -0.1695 0.0751665 
52508 -0.169971 0.239195 
52509 -0.170838 0.402599 
52510 -0.00372264 -0.252169 
52511 -0.00459792 -0.0880456 
52512 -0.00533301 0.0759509 
52513 -0.00619889 0.239562 
52514 -0.00696444 0.402821 
52515 0.160102 -0.251004 
52516 0.159223 -0.0871162 
52517 0.158199 0.0767064 
52518 0.157296 0.240065 
52519 0.156385 0.40316 
52520 0.323755 -0.249956 
52521 0.322616 -0.0860975 
52522 0.321381 0.0773976 
52523 0.320266 0.240628 
52524 0.319143 0.403483 
52525 -0.332842 -0.255744 
52526 -0.333415 -0.0920188 
52527 -0.334204 0.0716406 
52528 -0.334882 0.234995 
52529 -0.335451 0.397657 
52530 -0.168606 -0.254278 
52531 -0.169581 -0.0906075 
52532 -0.170416 0.0728645 
52533 -0.171357 0.235798 
52534 -0.172193 0.398098 
52535 -0.00494897 -0.252822 
52536 -0.00605394 -0.0892714 
52537 -0.00715252 0.0737874 
52538 -0.00818607 0.236353 
52539 -0.00953787 0.398559 
52540 0.158021 -0.251179 
52541 0.156748 -0.0881111 
52542 0.15547 0.0747579 
52543 0.154155 0.237211 
52544 0.152984 0.39897 
52545 0.320582 -0.24966 
52546 0.319097 -0.0868814 
52547 0.317563 0.0756907 
52548 0.316142 0.23785 
52549 0.314521 0.399559 
52550 -0.332567 -0.257125 
52551 -0.333392 -0.0937872 
52552 -0.334417 0.0690302 
52553 -0.335328 0.231431 
52554 -0.33618 0.39317 
52555 -0.168922 -0.255079 
52556 -0.170235 -0.0922434 
52557 -0.171485 0.0702826 
52558 -0.172393 0.232295 
52559 -0.173807 0.39378 
52560 -0.00600886 -0.253243 
52561 -0.00765713 -0.0904969 
52562 -0.00905793 0.0716273 
52563 -0.0104248 0.233224 
52564 -0.0117534 0.394509 
52565 0.156071 -0.25116 
52566 0.154392 -0.0890443 
52567 0.152621 0.0728569 
52568 0.150949 0.234288 
52569 0.149379 0.394975 
52570 0.317545 -0.249267 
52571 0.315619 -0.087418 
52572 0.313732 0.0741787 
52573 0.311738 0.23509 
52574 0.309846 0.395707 
52575 -0.332457 -0.258444 
52576 -0.333593 -0.0955927 
52577 -0.334724 0.0663796 
52578 -0.335789 0.227962 
52579 -0.337149 0.38897 
52580 -0.169535 -0.25605 
52581 -0.170985 -0.093559 
52582 -0.172414 0.0680484 
52583 -0.173812 0.22917 
52584 -0.175212 0.389561 
52585 -0.00737366 -0.25358 
52586 -0.00909871 -0.0917729 
52587 -0.0108473 0.0695103 
52588 -0.0125554 0.230233 
52589 -0.0142844 0.390462 
52590 0.153948 -0.251194 
52591 0.151936 -0.0897384 
52592 0.150033 0.0711398 
52593 0.147917 0.231386 
52594 0.145871 0.391155 
52595 0.314604 -0.248912 
52596 0.312137 -0.0878169 
52597 0.309887 0.0727296 
52598 0.307701 0.232595 
52599 0.305404 0.392005 
52600 -0.332227 -0.25959 
52601 -0.33362 -0.0974256 
52602 -0.335079 0.0640443 
52603 -0.336457 0.22463 
52604 -0.337921 0.384672 
52605 -0.169861 -0.256855 
52606 -0.171625 -0.0949414 
52607 -0.173411 0.0659148 
52608 -0.175077 0.226113 
52609 -0.176771 0.385648 
52610 -0.00863016 -0.253832 
52611 -0.0105839 -0.0927648 
52612 -0.012576 0.067678 
52613 -0.0147275 0.227312 
52614 -0.0167826 0.38645 
52615 0.151928 -0.251091 
52616 0.149497 -0.0904343 
52617 0.147289 0.0695565 
52618 0.14469 0.228889 
52619 0.142389 0.38759 
52620 0.311461 -0.248269 
52621 0.308826 -0.0882229 
52622 0.306032 0.0713467 
52623 0.303261 0.230066 
52624 0.300682 0.388513 
52625 -0.332121 -0.260547 
52626 -0.333721 -0.099199 
52627 -0.335452 0.0616312 
52628 -0.336958 0.221405 
52629 -0.338794 0.380571 
52630 -0.170375 -0.257386 
52631 -0.172446 -0.0964533 
52632 -0.174367 0.0636338 
52633 -0.176412 0.223136 
52634 -0.178365 0.38183 
52635 -0.00974223 -0.254047 
52636 -0.0119957 -0.0937679 
52637 -0.0145435 0.0658492 
52638 -0.0167815 0.224723 
52639 -0.0193144 0.382941 
52640 0.149964 -0.250933 
52641 0.1473 -0.0910159 
52642 0.144311 0.0681084 
52643 0.141672 0.22639 
52644 0.138873 0.38396 
52645 0.308585 -0.247774 
52646 0.305446 -0.0883813 
52647 0.302183 0.0700854 
52648 0.299193 0.227988 
52649 0.296114 0.385049 
52650 -0.331862 -0.261425 
52651 -0.333749 -0.100704 
52652 -0.335732 0.0592238 
52653 -0.337705 0.218273 
52654 -0.339694 0.3767 
52655 -0.170674 -0.257765 
52656 -0.173037 -0.0976363 
52657 -0.17535 0.0617122 
52658 -0.177715 0.220217 
52659 -0.180168 0.378172 
52660 -0.0108199 -0.254092 
52661 -0.0135481 -0.0945193 
52662 -0.0163371 0.0642304 
52663 -0.0190031 0.2222 
52664 -0.0217398 0.37935 
52665 0.147854 -0.250404 
52666 0.144861 -0.0914885 
52667 0.141529 0.0667086 
52668 0.138535 0.224056 
52669 0.135351 0.380561 
52670 0.305568 -0.246731 
52671 0.301993 -0.0883975 
52672 0.298542 0.069064 
52673 0.295126 0.225956 
52674 0.291595 0.381988 
52675 -0.33163 -0.262394 
52676 -0.333721 -0.102266 
52677 -0.336171 0.0569177 
52678 -0.33846 0.215264 
52679 -0.34067 0.372874 
52680 -0.17109 -0.25807 
52681 -0.173768 -0.098636 
52682 -0.17658 0.0597992 
52683 -0.179214 0.217513 
52684 -0.181825 0.374472 
52685 -0.0119516 -0.254095 
52686 -0.0150295 -0.0952414 
52687 -0.0181922 0.0627399 
52688 -0.0213471 0.219771 
52689 -0.0242183 0.375808 
52690 0.14603 -0.249876 
52691 0.142404 -0.091838 
52692 0.138973 0.0654782 
52693 0.135412 0.221895 
52694 0.13208 0.377434 
52695 0.302507 -0.245925 
52696 0.298647 -0.0884704 
52697 0.294736 0.0681562 
52698 0.290985 0.224085 
52699 0.287048 0.379116 
52700 -0.331394 -0.263207 
52701 -0.334001 -0.103862 
52702 -0.336533 0.0548927 
52703 -0.33918 0.212435 
52704 -0.341786 0.369297 
52705 -0.171483 -0.258513 
52706 -0.174584 -0.0997711 
52707 -0.177462 0.0580413 
52708 -0.180623 0.215013 
52709 -0.183596 0.371007 
52710 -0.0132416 -0.253896 
52711 -0.0165187 -0.0960141 
52712 -0.0199661 0.0611727 
52713 -0.0234591 0.217554 
52714 -0.0267207 0.372801 
52715 0.143929 -0.249509 
52716 0.13997 -0.0922109 
52717 0.1362 0.0642822 
52718 0.132318 0.219789 
52719 0.128504 0.374455 
52720 0.299666 -0.244853 
52721 0.295437 -0.0882991 
52722 0.291098 0.0674049 
52723 0.286859 0.222322 
52724 0.282642 0.376283 
52725 -0.331097 -0.263861 
52726 -0.334199 -0.105122 
52727 -0.337047 0.052807 
52728 -0.339802 0.209714 
52729 -0.34295 0.365812 
52730 -0.171883 -0.258746 
52731 -0.175284 -0.100754 
52732 -0.178663 0.0562648 
52733 -0.182031 0.212479 
52734 -0.185319 0.36779 
52735 -0.0141464 -0.253745 
52736 -0.018053 -0.0965311 
52737 -0.0218574 0.0599155 
52738 -0.02556 0.21536 
52739 -0.0293497 0.3697 
52740 0.141994 -0.248698 
52741 0.137749 -0.0922962 
52742 0.133477 0.0633286 
52743 0.129227 0.217895 
52744 0.125011 0.371697 
52745 0.296804 -0.243672 
52746 0.291895 -0.0880216 
52747 0.287277 0.0667245 
52748 0.282583 0.220731 
52749 0.27803 0.373641 
52750 -0.33086 -0.264423 
52751 -0.33421 -0.106264 
52752 -0.337509 0.0509311 
52753 -0.340715 0.206927 
52754 -0.343958 0.362342 
52755 -0.172245 -0.258748 
52756 -0.176127 -0.10156 
52757 -0.179694 0.0548683 
52758 -0.183323 0.210184 
52759 -0.187096 0.364564 
52760 -0.0153096 -0.253268 
52761 -0.0193874 -0.0968341 
52762 -0.0236511 0.0586574 
52763 -0.0277016 0.213222 
52764 -0.0319462 0.366771 
52765 0.140075 -0.247852 
52766 0.135427 -0.092257 
52767 0.130831 0.0623948 
52768 0.126259 0.216312 
52769 0.1217 0.369053 
52770 0.293773 -0.242361 
52771 0.288607 -0.0877266 
52772 0.283617 0.066162 
52773 0.278568 0.219223 
52774 0.273688 0.371183 
52775 -0.330839 -0.264871 
52776 -0.334253 -0.107373 
52777 -0.33797 0.0490199 
52778 -0.3415 0.20471 
52779 -0.345118 0.359212 
52780 -0.172723 -0.258814 
52781 -0.176779 -0.102342 
52782 -0.180911 0.053381 
52783 -0.184931 0.20783 
52784 -0.188833 0.36169 
52785 -0.0165388 -0.25277 
52786 -0.0210678 -0.0972093 
52787 -0.0255265 0.0575054 
52788 -0.0300165 0.211255 
52789 -0.0344693 0.364117 
52790 0.138144 -0.246912 
52791 0.133065 -0.0920685 
52792 0.128118 0.0616982 
52793 0.123036 0.214473 
52794 0.118232 0.366472 
52795 0.29095 -0.240977 
52796 0.285401 -0.0870887 
52797 0.279867 0.0657989 
52798 0.274686 0.217788 
52799 0.269177 0.368846 
52800 -0.33043 -0.265286 
52801 -0.334514 -0.108324 
52802 -0.338447 0.0473579 
52803 -0.34247 0.202352 
52804 -0.346205 0.356014 
52805 -0.173132 -0.258804 
52806 -0.177619 -0.102936 
52807 -0.181896 0.0520312 
52808 -0.186345 0.206045 
52809 -0.190872 0.358791 
52810 -0.0174911 -0.252125 
52811 -0.0224401 -0.0974207 
52812 -0.0272793 0.0566005 
52813 -0.0322596 0.209394 
52814 -0.0371218 0.361477 
52815 0.136268 -0.245855 
52816 0.130739 -0.0919386 
52817 0.125262 0.0611108 
52818 0.120055 0.213114 
52819 0.114727 0.364121 
52820 0.288011 -0.239511 
52821 0.282091 -0.0864916 
52822 0.276394 0.0655669 
52823 0.27059 0.216507 
52824 0.264765 0.366711 
52825 -0.330294 -0.265432 
52826 -0.334562 -0.109269 
52827 -0.339029 0.0457999 
52828 -0.343274 0.200105 
52829 -0.347511 0.353146 
52830 -0.173446 -0.258394 
52831 -0.178373 -0.103211 
52832 -0.183031 0.0507613 
52833 -0.187916 0.203913 
52834 -0.192704 0.356175 
52835 -0.0185744 -0.251407 
52836 -0.0238651 -0.0973565 
52837 -0.0291919 0.0557406 
52838 -0.0344365 0.207794 
52839 -0.0396452 0.358997 
52840 0.134102 -0.244742 
52841 0.128339 -0.0915383 
52842 0.122626 0.0606148 
52843 0.117077 0.211681 
52844 0.111249 0.361862 
52845 0.285147 -0.237969 
52846 0.278958 -0.0858303 
52847 0.272729 0.0653111 
52848 0.266636 0.21548 
52849 0.260506 0.364633 
52850 -0.330108 -0.265538 
52851 -0.33483 -0.110003 
52852 -0.339528 0.0444108 
52853 -0.344269 0.19798 
52854 -0.348886 0.350324 
52855 -0.173895 -0.25814 
52856 -0.179046 -0.103583 
52857 -0.184274 0.0497365 
52858 -0.189318 0.202044 
52859 -0.194543 0.353508 
52860 -0.0197146 -0.250657 
52861 -0.0254235 -0.0973343 
52862 -0.0312515 0.0550556 
52863 -0.0367767 0.206531 
52864 -0.0422466 0.356657 
52865 0.132278 -0.243442 
52866 0.126234 -0.0911451 
52867 0.119977 0.0601987 
52868 0.113988 0.210467 
52869 0.107971 0.359799 
52870 0.282298 -0.236355 
52871 0.275643 -0.0851004 
52872 0.269127 0.0652718 
52873 0.262607 0.214563 
52874 0.256231 0.362955 
52875 -0.329797 -0.265573 
52876 -0.335023 -0.110719 
52877 -0.340094 0.043131 
52878 -0.345175 0.195958 
52879 -0.350255 0.347709 
52880 -0.174224 -0.257649 
52881 -0.179926 -0.103903 
52882 -0.185429 0.0487283 
52883 -0.190916 0.200448 
52884 -0.196334 0.351319 
52885 -0.020967 -0.249751 
52886 -0.0268743 -0.0973104 
52887 -0.0329123 0.0544971 
52888 -0.0388914 0.205052 
52889 -0.0448583 0.354599 
52890 0.130244 -0.242111 
52891 0.123997 -0.090607 
52892 0.117311 0.0598152 
52893 0.110961 0.209487 
52894 0.104574 0.358068 
52895 0.279488 -0.234363 
52896 0.272388 -0.0841299 
52897 0.265536 0.0653231 
52898 0.258767 0.213744 
52899 0.251945 0.361427 
52900 -0.329694 -0.265396 
52901 -0.335163 -0.111265 
52902 -0.340762 0.0419522 
52903 -0.346026 0.194076 
52904 -0.351365 0.345204 
52905 -0.174597 -0.257071 
52906 -0.180675 -0.104161 
52907 -0.186444 0.048031 
52908 -0.192432 0.198912 
52909 -0.198357 0.348967 
52910 -0.022052 -0.248709 
52911 -0.0284394 -0.0969508 
52912 -0.0347237 0.0539542 
52913 -0.0410973 0.203736 
52914 -0.0474032 0.352661 
52915 0.128258 -0.240447 
52916 0.121545 -0.0900594 
52917 0.114725 0.0598229 
52918 0.10798 0.208549 
52919 0.101267 0.356185 
52920 0.276559 -0.232623 
52921 0.269375 -0.0830684 
52922 0.262039 0.0654116 
52923 0.254902 0.212948 
52924 0.247772 0.359726 
