52600 -0.333363 -0.250105 
52601 -0.333411 -0.0832784 
52602 -0.333306 0.0834124 
52603 -0.333314 0.249938 
52604 -0.333356 0.416681 
52605 -0.166697 -0.249914 
52606 -0.166615 -0.0832993 
52607 -0.166772 0.0833578 
52608 -0.166725 0.25002 
52609 -0.166759 0.416585 
52610 -0.000124271 -0.249833 
52611 -2.78297e-05 -0.0832482 
52612 4.78184e-05 0.0834077 
52613 -2.96266e-05 0.24986 
52614 -0.000135641 0.416521 
52615 0.16671 -0.24999 
52616 0.166684 -0.0832698 
52617 0.166625 0.0834167 
52618 0.166668 0.250022 
52619 0.166755 0.416616 
52620 0.333425 -0.249904 
52621 0.333403 -0.0833913 
52622 0.333371 0.0833087 
52623 0.333396 0.250095 
52624 0.3334 0.416576 
52625 -0.332977 -0.250965 
52626 -0.333252 -0.0850449 
52627 -0.3336 0.0807947 
52628 -0.333853 0.246571 
52629 -0.33424 0.412422 
52630 -0.167117 -0.250626 
52631 -0.167383 -0.0847779 
52632 -0.167695 0.0811405 
52633 -0.167975 0.24689 
52634 -0.168195 0.41256 
52635 -0.00120994 -0.250047 
52636 -0.00170195 -0.0842976 
52637 -0.0018743 0.0814083 
52638 -0.00231634 0.247145 
52639 -0.00265711 0.412665 
52640 0.164595 -0.24956 
52641 0.164251 -0.0837975 
52642 0.163731 0.0818393 
52643 0.163356 0.247259 
52644 0.162925 0.413038 
52645 0.330169 -0.24914 
52646 0.329668 -0.0835499 
52647 0.329369 0.0820277 
52648 0.328822 0.247646 
52649 0.328426 0.413183 
52650 -0.332726 -0.251925 
52651 -0.333506 -0.0868036 
52652 -0.333899 0.0784713 
52653 -0.334492 0.243287 
52654 -0.335097 0.4082 
52655 -0.167302 -0.25122 
52656 -0.168066 -0.0859446 
52657 -0.168812 0.0791561 
52658 -0.169358 0.243922 
52659 -0.169853 0.408561 
52660 -0.0022037 -0.250176 
52661 -0.00306944 -0.0850426 
52662 -0.00373216 0.0796714 
52663 -0.00447142 0.244269 
52664 -0.00516921 0.408924 
52665 0.162513 -0.249139 
52666 0.161653 -0.0843907 
52667 0.160903 0.0804209 
52668 0.160014 0.244856 
52669 0.159251 0.409272 
52670 0.32708 -0.248141 
52671 0.326182 -0.0834288 
52672 0.325184 0.0811423 
52673 0.324276 0.245366 
52674 0.323587 0.409866 
52675 -0.332597 -0.252898 
52676 -0.333227 -0.0882147 
52677 -0.334283 0.0760893 
52678 -0.33522 0.240274 
52679 -0.336108 0.404113 
52680 -0.167731 -0.251455 
52681 -0.168815 -0.0870533 
52682 -0.169793 0.0771487 
52683 -0.17078 0.240952 
52684 -0.171815 0.40473 
52685 -0.00345454 -0.249995 
52686 -0.00459756 -0.0858679 
52687 -0.0056685 0.0779839 
52688 -0.00683419 0.24184 
52689 -0.00780151 0.405204 
52690 0.160433 -0.248501 
52691 0.159169 -0.0845938 
52692 0.157872 0.0790841 
52693 0.156758 0.242635 
52694 0.155576 0.405883 
52695 0.323887 -0.247221 
52696 0.322632 -0.083486 
52697 0.321099 0.08012 
52698 0.320045 0.243394 
52699 0.318647 0.406468 
52700 -0.332208 -0.253657 
52701 -0.333318 -0.0896825 
52702 -0.334654 0.0738868 
52703 -0.335845 0.237156 
52704 -0.336916 0.400358 
52705 -0.168128 -0.251704 
52706 -0.169497 -0.0880301 
52707 -0.170797 0.0752358 
52708 -0.172128 0.238332 
52709 -0.173507 0.401105 
52710 -0.0046164 -0.24996 
52711 -0.00610207 -0.0864323 
52712 -0.00758939 0.0766129 
52713 -0.00900523 0.239366 
52714 -0.0105711 0.401927 
52715 0.158258 -0.24791 
52716 0.156842 -0.0848119 
52717 0.155228 0.077983 
52718 0.153566 0.240517 
52719 0.152003 0.402702 
52720 0.320822 -0.245955 
52721 0.318997 -0.0831331 
52722 0.317198 0.0791975 
52723 0.315632 0.241632 
52724 0.313861 0.403538 
52725 -0.331742 -0.254251 
52726 -0.333556 -0.0910845 
52727 -0.335088 0.0717349 
52728 -0.336673 0.234315 
52729 -0.338176 0.396552 
52730 -0.168494 -0.25178 
52731 -0.170208 -0.0889876 
52732 -0.171865 0.0734114 
52733 -0.173513 0.235716 
52734 -0.175341 0.397505 
52735 -0.00573166 -0.249327 
52736 -0.00756203 -0.0869169 
52737 -0.00955789 0.075318 
52738 -0.0114271 0.237165 
52739 -0.0132479 0.398586 
52740 0.156358 -0.24698 
52741 0.154262 -0.0849293 
52742 0.152323 0.0768696 
52743 0.150127 0.238432 
52744 0.148266 0.399666 
52745 0.317825 -0.244499 
52746 0.315517 -0.082825 
52747 0.313285 0.0785867 
52748 0.311036 0.239764 
52749 0.309032 0.400634 
52750 -0.331688 -0.254811 
52751 -0.333518 -0.0922669 
52752 -0.335464 0.0698308 
52753 -0.337411 0.231468 
52754 -0.339316 0.393032 
52755 -0.168843 -0.251896 
52756 -0.170945 -0.0897968 
52757 -0.172931 0.0719199 
52758 -0.17505 0.233219 
52759 -0.177194 0.394358 
52760 -0.00674097 -0.249013 
52761 -0.00906403 -0.0872629 
52762 -0.0114035 0.074153 
52763 -0.0136309 0.235012 
52764 -0.0157689 0.395626 
52765 0.15424 -0.246084 
52766 0.152025 -0.0848006 
52767 0.149408 0.0759983 
52768 0.146947 0.236566 
52769 0.144512 0.396841 
52770 0.314706 -0.243124 
52771 0.312075 -0.0823744 
52772 0.309538 0.0780346 
52773 0.306813 0.238178 
52774 0.304374 0.398005 
52775 -0.331294 -0.255117 
52776 -0.333622 -0.0934936 
52777 -0.335771 0.0679781 
52778 -0.338178 0.228955 
52779 -0.340381 0.389604 
52780 -0.169131 -0.251867 
52781 -0.171582 -0.0905162 
52782 -0.174112 0.0705514 
52783 -0.176506 0.231033 
52784 -0.178978 0.391094 
52785 -0.00803481 -0.24841 
52786 -0.0107151 -0.0875123 
52787 -0.0133218 0.0729732 
52788 -0.0159346 0.232959 
52789 -0.0185841 0.392633 
52790 0.152347 -0.244981 
52791 0.149497 -0.0846604 
52792 0.14659 0.0752274 
52793 0.143721 0.234854 
52794 0.140937 0.394181 
52795 0.311679 -0.24171 
52796 0.308649 -0.0818309 
52797 0.305517 0.0776882 
52798 0.302626 0.236819 
52799 0.299618 0.395559 
52800 -0.330985 -0.255562 
52801 -0.333639 -0.0943821 
52802 -0.336185 0.0662884 
52803 -0.338883 0.226557 
52804 -0.341647 0.386386 
52805 -0.169466 -0.251724 
52806 -0.172464 -0.0910064 
52807 -0.175138 0.0690273 
52808 -0.178029 0.228797 
52809 -0.180769 0.387982 
52810 -0.00893954 -0.247773 
52811 -0.012044 -0.0877117 
52812 -0.0150673 0.0717596 
52813 -0.0181938 0.231089 
52814 -0.0212453 0.389805 
52815 0.150429 -0.243851 
52816 0.147081 -0.0844404 
52817 0.143877 0.0746391 
52818 0.140602 0.233218 
52819 0.137368 0.391575 
52820 0.308601 -0.239949 
52821 0.305246 -0.081016 
52822 0.301561 0.0773739 
52823 0.298277 0.235567 
52824 0.294871 0.39336 
52825 -0.330674 -0.255804 
52826 -0.333833 -0.0953186 
52827 -0.336784 0.0646743 
52828 -0.339882 0.224045 
52829 -0.342873 0.383246 
52830 -0.169987 -0.251399 
52831 -0.17303 -0.0914979 
52832 -0.176348 0.0676453 
52833 -0.179516 0.226852 
52834 -0.182728 0.385207 
52835 -0.0100871 -0.246885 
52836 -0.0135772 -0.0877874 
52837 -0.0171034 0.0710634 
52838 -0.0204584 0.229403 
52839 -0.0239444 0.387204 
52840 0.148307 -0.242598 
52841 0.144599 -0.0840922 
52842 0.141041 0.0739387 
52843 0.137365 0.231831 
52844 0.133721 0.389143 
52845 0.305554 -0.238302 
52846 0.301727 -0.0802642 
52847 0.297861 0.0772758 
52848 0.294028 0.234555 
52849 0.290251 0.391198 
52850 -0.330348 -0.255772 
52851 -0.333898 -0.0961008 
52852 -0.337218 0.063225 
52853 -0.340651 0.221961 
52854 -0.344069 0.380353 
52855 -0.170209 -0.250856 
52856 -0.173797 -0.0919056 
52857 -0.17747 0.0666852 
52858 -0.181039 0.224822 
52859 -0.184744 0.382422 
52860 -0.0111871 -0.245974 
52861 -0.0152291 -0.0876112 
52862 -0.0189312 0.0701836 
52863 -0.0227511 0.227711 
52864 -0.026621 0.38472 
52865 0.14624 -0.241172 
52866 0.14224 -0.0834662 
52867 0.138245 0.0738721 
52868 0.134188 0.230617 
52869 0.130144 0.386915 
52870 0.302708 -0.23654 
52871 0.298436 -0.0792861 
52872 0.294098 0.0772486 
52873 0.289925 0.233533 
52874 0.285687 0.389149 
52875 -0.330127 -0.255805 
52876 -0.334007 -0.0967955 
52877 -0.337726 0.0618743 
52878 -0.341479 0.219775 
52879 -0.345349 0.377517 
52880 -0.170428 -0.250494 
52881 -0.174522 -0.0921128 
52882 -0.178647 0.0656908 
52883 -0.182599 0.223118 
52884 -0.186561 0.379992 
52885 -0.0123711 -0.24494 
52886 -0.0166024 -0.0875014 
52887 -0.0209154 0.0696253 
52888 -0.0250641 0.226273 
52889 -0.0293145 0.38261 
52890 0.144265 -0.239686 
52891 0.139913 -0.0828802 
52892 0.135506 0.0734576 
52893 0.131003 0.229398 
52894 0.126506 0.384982 
52895 0.299743 -0.234377 
52896 0.295022 -0.0782983 
52897 0.290556 0.0773069 
52898 0.285777 0.232573 
52899 0.281053 0.387354 
52900 -0.329877 -0.255665 
52901 -0.334205 -0.0973871 
52902 -0.338241 0.0605504 
52903 -0.342364 0.217995 
52904 -0.346523 0.374917 
52905 -0.17081 -0.24977 
52906 -0.175297 -0.0923153 
52907 -0.179742 0.0648153 
52908 -0.184173 0.221404 
52909 -0.188323 0.377551 
52910 -0.0135027 -0.243915 
52911 -0.0180653 -0.0871127 
52912 -0.0228658 0.0690497 
52913 -0.0273984 0.224965 
52914 -0.0320239 0.380412 
52915 0.142288 -0.238101 
52916 0.137492 -0.0821274 
52917 0.132703 0.0732449 
52918 0.128004 0.228537 
52919 0.123082 0.383026 
52920 0.296579 -0.232525 
52921 0.291566 -0.077237 
52922 0.28656 0.0775649 
52923 0.28163 0.231899 
52924 0.276681 0.38574 
52925 -0.329517 -0.255276 
52926 -0.334257 -0.0977596 
52927 -0.338773 0.0595405 
52928 -0.343514 0.216188 
52929 -0.348039 0.372405 
52930 -0.171245 -0.249036 
52931 -0.176218 -0.092164 
52932 -0.180814 0.0640693 
52933 -0.185687 0.21991 
52934 -0.190455 0.375458 
52935 -0.0147627 -0.242699 
52936 -0.0197376 -0.0867299 
52937 -0.0246117 0.0686824 
52938 -0.0295566 0.223925 
52939 -0.0346206 0.378356 
52940 0.14035 -0.236342 
52941 0.135164 -0.0813525 
52942 0.12995 0.073444 
52943 0.124676 0.227571 
52944 0.119601 0.381354 
52945 0.293623 -0.230162 
52946 0.288285 -0.0760159 
52947 0.282991 0.0777647 
52948 0.277564 0.231221 
52949 0.272051 0.384118 
52950 -0.329329 -0.254922 
52951 -0.334355 -0.0981216 
52952 -0.339233 0.0583824 
52953 -0.344361 0.21447 
52954 -0.349383 0.370052 
52955 -0.171659 -0.248177 
52956 -0.176868 -0.0921463 
52957 -0.181994 0.0634804 
52958 -0.187241 0.218512 
52959 -0.192279 0.373321 
52960 -0.0157785 -0.241347 
52961 -0.0210708 -0.0862994 
52962 -0.0265755 0.0684232 
52963 -0.0318033 0.22288 
52964 -0.0373283 0.376597 
52965 0.138262 -0.234683 
52966 0.132857 -0.0804654 
52967 0.127166 0.0732791 
52968 0.12173 0.226739 
52969 0.116198 0.379818 
52970 0.290774 -0.228031 
52971 0.284863 -0.0746855 
52972 0.279276 0.0781855 
52973 0.273524 0.230795 
52974 0.267932 0.382915 
52975 -0.329094 -0.254494 
52976 -0.334493 -0.0982995 
52977 -0.339928 0.0575354 
52978 -0.345341 0.213052 
52979 -0.35059 0.367958 
52980 -0.172042 -0.247104 
52981 -0.177671 -0.0919514 
52982 -0.183279 0.0629061 
52983 -0.18881 0.21746 
52984 -0.194274 0.371399 
52985 -0.0168795 -0.239917 
52986 -0.0226523 -0.085563 
52987 -0.0284631 0.0682932 
52988 -0.0341362 0.221839 
52989 -0.0399011 0.374969 
52990 0.136284 -0.232804 
52991 0.13027 -0.0794464 
52992 0.12452 0.0735705 
52993 0.118567 0.226134 
52994 0.11271 0.378349 
52995 0.287629 -0.225751 
52996 0.281668 -0.0732898 
52997 0.275554 0.0788134 
52998 0.2696 0.230436 
52999 0.263386 0.381681 
53000 -0.32883 -0.253791 
53001 -0.3347 -0.0982041 
53002 -0.340421 0.0567281 
53003 -0.346372 0.211481 
53004 -0.352076 0.365836 
53005 -0.172384 -0.245966 
53006 -0.178432 -0.0915937 
53007 -0.184429 0.0625488 
53008 -0.190327 0.216228 
53009 -0.196154 0.369628 
53010 -0.0181657 -0.238428 
53011 -0.0243175 -0.0848697 
53012 -0.030223 0.0682983 
53013 -0.0364514 0.221071 
53014 -0.042483 0.373427 
53015 0.134297 -0.230811 
53016 0.127967 -0.0781773 
53017 0.121814 0.0739447 
53018 0.115513 0.225643 
53019 0.109372 0.377069 
53020 0.28477 -0.223264 
53021 0.278213 -0.0717558 
53022 0.272029 0.079318 
53023 0.265456 0.230198 
53024 0.259276 0.380571 
53025 -0.328566 -0.252922 
53026 -0.334919 -0.0982348 
53027 -0.341032 0.0562052 
53028 -0.347255 0.210298 
53029 -0.353555 0.364119 
53030 -0.172999 -0.244861 
53031 -0.179227 -0.0910121 
53032 -0.185627 0.0623169 
53033 -0.191952 0.215455 
53034 -0.198275 0.367947 
53035 -0.0192543 -0.236693 
53036 -0.025874 -0.0841332 
53037 -0.032222 0.0682723 
53038 -0.0386905 0.220264 
53039 -0.0451286 0.371983 
53040 0.132327 -0.228768 
53041 0.1256 -0.0769953 
53042 0.11904 0.0741835 
53043 0.112489 0.225291 
53044 0.105957 0.375947 
53045 0.281794 -0.220897 
53046 0.274993 -0.0702413 
53047 0.268426 0.0800559 
53048 0.261768 0.230124 
53049 0.254896 0.379657 
53050 -0.328534 -0.252238 
53051 -0.335105 -0.0981512 
53052 -0.341689 0.0557867 
53053 -0.348299 0.209286 
53054 -0.354705 0.362369 
53055 -0.17339 -0.243504 
53056 -0.179979 -0.0905685 
53057 -0.186697 0.0619938 
53058 -0.193504 0.214494 
53059 -0.200082 0.366675 
53060 -0.0203822 -0.235057 
53061 -0.0272497 -0.0830256 
53062 -0.0340703 0.068299 
53063 -0.040944 0.219545 
53064 -0.0476663 0.370851 
53065 0.130226 -0.226569 
53066 0.123412 -0.0758078 
53067 0.116374 0.0747374 
53068 0.109581 0.224867 
53069 0.10255 0.374851 
53070 0.278771 -0.21833 
53071 0.271799 -0.0684381 
53072 0.264743 0.0809662 
53073 0.257787 0.23008 
53074 0.250746 0.378932 
53075 -0.32829 -0.251146 
53076 -0.335233 -0.0977212 
53077 -0.342199 0.0554008 
53078 -0.349256 0.208302 
53079 -0.356396 0.360718 
53080 -0.17385 -0.242034 
53081 -0.180865 -0.0897429 
53082 -0.187964 0.0621988 
53083 -0.195153 0.21389 
53084 -0.202068 0.365283 
53085 -0.0216827 -0.233127 
53086 -0.0287249 -0.0820745 
53087 -0.0360189 0.0686626 
53088 -0.043213 0.219358 
53089 -0.0502887 0.369721 
53090 0.12821 -0.224289 
53091 0.12097 -0.0743733 
53092 0.113626 0.0753426 
53093 0.10642 0.224682 
53094 0.099331 0.374015 
53095 0.275737 -0.21563 
53096 0.268565 -0.0668728 
53097 0.261093 0.0817593 
53098 0.25406 0.230227 
53099 0.246719 0.378218 
