52650 -0.333327 -0.250047 
52651 -0.333371 -0.0833301 
52652 -0.333369 0.0832509 
52653 -0.333274 0.249986 
52654 -0.333322 0.41665 
52655 -0.166675 -0.249966 
52656 -0.166681 -0.0832758 
52657 -0.166607 0.0833687 
52658 -0.166715 0.249928 
52659 -0.16656 0.416622 
52660 1.16178e-05 -0.250125 
52661 0.000115138 -0.0833647 
52662 -4.68488e-05 0.08345 
52663 4.10033e-05 0.249876 
52664 -4.24657e-06 0.416565 
52665 0.16669 -0.250013 
52666 0.166698 -0.0832793 
52667 0.166737 0.0833083 
52668 0.166759 0.25002 
52669 0.1666 0.416612 
52670 0.333337 -0.249993 
52671 0.333418 -0.083391 
52672 0.33328 0.0833409 
52673 0.333306 0.249994 
52674 0.333334 0.416714 
52675 -0.33297 -0.250759 
52676 -0.333236 -0.0848007 
52677 -0.333673 0.0809113 
52678 -0.333886 0.24679 
52679 -0.334311 0.412623 
52680 -0.167043 -0.250365 
52681 -0.167364 -0.0844637 
52682 -0.167724 0.0813634 
52683 -0.168107 0.247124 
52684 -0.168313 0.412844 
52685 -0.00105848 -0.249712 
52686 -0.00142013 -0.0841384 
52687 -0.00188367 0.0816863 
52688 -0.00221688 0.247333 
52689 -0.00271121 0.413019 
52690 0.164583 -0.249354 
52691 0.164204 -0.0836063 
52692 0.163698 0.0820694 
52693 0.163458 0.247698 
52694 0.162959 0.413187 
52695 0.330035 -0.248848 
52696 0.329714 -0.0832331 
52697 0.32929 0.0824486 
52698 0.328831 0.247927 
52699 0.328234 0.413402 
52700 -0.332629 -0.251633 
52701 -0.333427 -0.0862337 
52702 -0.3339 0.0787347 
52703 -0.33468 0.243821 
52704 -0.335435 0.40869 
52705 -0.167199 -0.250597 
52706 -0.168085 -0.0855044 
52707 -0.16881 0.0795324 
52708 -0.169436 0.244348 
52709 -0.170203 0.409112 
52710 -0.00226757 -0.249741 
52711 -0.0030181 -0.0845802 
52712 -0.00382012 0.080102 
52713 -0.00447194 0.244922 
52714 -0.00535505 0.409497 
52715 0.162538 -0.248587 
52716 0.161691 -0.0837603 
52717 0.160825 0.0808482 
52718 0.159899 0.245447 
52719 0.159064 0.409956 
52720 0.327097 -0.247624 
52721 0.326205 -0.0829237 
52722 0.325303 0.0817229 
52723 0.324237 0.246058 
52724 0.323358 0.410328 
52725 -0.332391 -0.252326 
52726 -0.333375 -0.0876061 
52727 -0.334454 0.0767447 
52728 -0.335431 0.240898 
52729 -0.336425 0.404753 
52730 -0.167683 -0.250771 
52731 -0.168701 -0.0864051 
52732 -0.169906 0.0776507 
52733 -0.171052 0.241737 
52734 -0.172008 0.40548 
52735 -0.00340842 -0.249374 
52736 -0.00458966 -0.0852143 
52737 -0.00584371 0.0788234 
52738 -0.00682932 0.242539 
52739 -0.00799776 0.406109 
52740 0.160474 -0.247853 
52741 0.159309 -0.0838388 
52742 0.157871 0.0798045 
52743 0.156636 0.243478 
52744 0.155472 0.40685 
52745 0.323905 -0.246205 
52746 0.322538 -0.0826271 
52747 0.321329 0.0809957 
52748 0.319837 0.24425 
52749 0.318528 0.407415 
52750 -0.332029 -0.252618 
52751 -0.333334 -0.088958 
52752 -0.334734 0.0747 
52753 -0.336132 0.238105 
52754 -0.33752 0.401206 
52755 -0.168037 -0.250859 
52756 -0.169399 -0.0873022 
52757 -0.170984 0.0761224 
52758 -0.172496 0.23913 
52759 -0.173945 0.402164 
52760 -0.00438232 -0.248723 
52761 -0.00607235 -0.0855162 
52762 -0.00762525 0.0775559 
52763 -0.00916805 0.240413 
52764 -0.0107447 0.403074 
52765 0.158395 -0.246845 
52766 0.156617 -0.0839268 
52767 0.155246 0.0789664 
52768 0.153441 0.241349 
52769 0.151833 0.403974 
52770 0.320884 -0.244704 
52771 0.319033 -0.0820255 
52772 0.317214 0.0803013 
52773 0.315441 0.242673 
52774 0.313765 0.404836 
52775 -0.331727 -0.253139 
52776 -0.333515 -0.09005 
52777 -0.335131 0.0728338 
52778 -0.33692 0.235474 
52779 -0.338555 0.397831 
52780 -0.168448 -0.250622 
52781 -0.170168 -0.0879342 
52782 -0.172037 0.0746309 
52783 -0.173844 0.236997 
52784 -0.175667 0.398949 
52785 -0.00562586 -0.248202 
52786 -0.00753364 -0.0857254 
52787 -0.00965431 0.0763067 
52788 -0.0115387 0.238395 
52789 -0.01342 0.399948 
52790 0.156386 -0.245784 
52791 0.154306 -0.0835219 
52792 0.152157 0.0782211 
52793 0.150205 0.239702 
52794 0.148083 0.4011 
52795 0.317655 -0.243236 
52796 0.315522 -0.0813835 
52797 0.313228 0.0800963 
52798 0.311013 0.241263 
52799 0.308808 0.402128 
52800 -0.331434 -0.253633 
52801 -0.333483 -0.0909572 
52802 -0.33558 0.071028 
52803 -0.337629 0.232897 
52804 -0.339762 0.394552 
52805 -0.168687 -0.250535 
52806 -0.170854 -0.088461 
52807 -0.173086 0.0731686 
52808 -0.175214 0.23457 
52809 -0.177628 0.395777 
52810 -0.00667076 -0.247483 
52811 -0.00894113 -0.0857618 
52812 -0.0115038 0.0754442 
52813 -0.0138676 0.236384 
52814 -0.0161853 0.397136 
52815 0.154462 -0.244578 
52816 0.151818 -0.0834358 
52817 0.149349 0.0777734 
52818 0.146809 0.238161 
52819 0.144374 0.398575 
52820 0.314698 -0.241658 
52821 0.312041 -0.0807715 
52822 0.309398 0.0797126 
52823 0.306757 0.239974 
52824 0.304144 0.399911 
52825 -0.331132 -0.253574 
52826 -0.333587 -0.0919405 
52827 -0.336089 0.0694812 
52828 -0.338494 0.230449 
52829 -0.341158 0.391344 
52830 -0.169047 -0.250089 
52831 -0.171664 -0.0889294 
52832 -0.174182 0.071833 
52833 -0.176918 0.232626 
52834 -0.179496 0.392923 
52835 -0.00779778 -0.246768 
52836 -0.010675 -0.0859427 
52837 -0.0133867 0.0745509 
52838 -0.0162186 0.234583 
52839 -0.0189397 0.394531 
52840 0.152329 -0.243147 
52841 0.149459 -0.0829149 
52842 0.146577 0.0770746 
52843 0.143694 0.236815 
52844 0.140815 0.396194 
52845 0.311597 -0.239738 
52846 0.308724 -0.0799921 
52847 0.305482 0.0795634 
52848 0.302436 0.238864 
52849 0.299347 0.397741 
52850 -0.330802 -0.253751 
52851 -0.333739 -0.092814 
52852 -0.3366 0.0679692 
52853 -0.339449 0.228232 
52854 -0.34235 0.388393 
52855 -0.169416 -0.2497 
52856 -0.172345 -0.0893132 
52857 -0.175259 0.0709191 
52858 -0.178389 0.230652 
52859 -0.181377 0.390029 
52860 -0.00897397 -0.245819 
52861 -0.012191 -0.085824 
52862 -0.0153942 0.0739203 
52863 -0.0184102 0.232988 
52864 -0.0216127 0.39195 
52865 0.150392 -0.241728 
52866 0.146972 -0.0823889 
52867 0.143735 0.0767244 
52868 0.140377 0.235524 
52869 0.137138 0.393822 
52870 0.308681 -0.237764 
52871 0.305073 -0.078983 
52872 0.30168 0.0796002 
52873 0.298163 0.237711 
52874 0.29478 0.395733 
52875 -0.330476 -0.253686 
52876 -0.333752 -0.0933887 
52877 -0.33699 0.0665359 
52878 -0.34031 0.226126 
52879 -0.343483 0.38556 
52880 -0.169728 -0.249241 
52881 -0.173058 -0.0895615 
52882 -0.176444 0.0698776 
52883 -0.179936 0.228966 
52884 -0.183257 0.387515 
52885 -0.0100464 -0.244743 
52886 -0.0136861 -0.0856754 
52887 -0.017175 0.0731503 
52888 -0.020749 0.231466 
52889 -0.0243998 0.389776 
52890 0.14841 -0.240205 
52891 0.144586 -0.081668 
52892 0.14095 0.0764408 
52893 0.13709 0.234226 
52894 0.133409 0.391886 
52895 0.305488 -0.235883 
52896 0.301655 -0.0780058 
52897 0.297941 0.0796486 
52898 0.293946 0.236914 
52899 0.290138 0.393816 
52900 -0.330165 -0.253681 
52901 -0.333745 -0.0939384 
52902 -0.337454 0.0653202 
52903 -0.341262 0.224199 
52904 -0.344874 0.382803 
52905 -0.170093 -0.248597 
52906 -0.173851 -0.0896336 
52907 -0.177656 0.0690341 
52908 -0.181485 0.227198 
52909 -0.185288 0.38524 
52910 -0.011172 -0.243504 
52911 -0.0152649 -0.0852642 
52912 -0.0192568 0.0726534 
52913 -0.0230634 0.230294 
52914 -0.0269916 0.387572 
52915 0.146351 -0.238553 
52916 0.142193 -0.080961 
52917 0.138145 0.076298 
52918 0.133945 0.233291 
52919 0.130035 0.38981 
52920 0.302643 -0.233729 
52921 0.298245 -0.0767535 
52922 0.293929 0.0799027 
52923 0.289838 0.236147 
52924 0.285499 0.392101 
52925 -0.329683 -0.253274 
52926 -0.333955 -0.0944242 
52927 -0.338018 0.0641439 
52928 -0.341953 0.222246 
52929 -0.346 0.380259 
52930 -0.170432 -0.247742 
52931 -0.174628 -0.0896585 
52932 -0.178815 0.0682745 
52933 -0.183065 0.225647 
52934 -0.187299 0.382846 
52935 -0.0122262 -0.242273 
52936 -0.0166334 -0.0849062 
52937 -0.0209898 0.0723131 
52938 -0.0253879 0.22922 
52939 -0.0297881 0.385615 
52940 0.144393 -0.236771 
52941 0.139759 -0.0801522 
52942 0.135367 0.0762296 
52943 0.13086 0.232438 
52944 0.126357 0.387993 
52945 0.299476 -0.231428 
52946 0.294964 -0.0755399 
52947 0.290299 0.0801731 
52948 0.285647 0.23566 
52949 0.281068 0.390711 
52950 -0.329703 -0.252822 
52951 -0.334106 -0.0946529 
52952 -0.338577 0.063241 
52953 -0.343212 0.220586 
52954 -0.347478 0.377773 
52955 -0.170718 -0.246835 
52956 -0.175411 -0.0895315 
52957 -0.179953 0.0676238 
52958 -0.184477 0.22438 
52959 -0.189246 0.380954 
52960 -0.0134713 -0.240838 
52961 -0.0181982 -0.084416 
52962 -0.0228722 0.071767 
52963 -0.0277221 0.227983 
52964 -0.0324303 0.383682 
52965 0.14222 -0.235052 
52966 0.137396 -0.0791731 
52967 0.132502 0.0762063 
52968 0.127702 0.231649 
52969 0.122877 0.386503 
52970 0.296433 -0.229213 
52971 0.291514 -0.0741442 
52972 0.286534 0.0805821 
52973 0.281643 0.235025 
52974 0.276472 0.389243 
52975 -0.32929 -0.252301 
52976 -0.334209 -0.0949197 
52977 -0.339038 0.0622923 
52978 -0.343958 0.219108 
52979 -0.348806 0.375687 
52980 -0.171139 -0.245988 
52981 -0.176192 -0.0892449 
52982 -0.181115 0.0671421 
52983 -0.185899 0.223049 
52984 -0.191094 0.37895 
52985 -0.0145272 -0.239402 
52986 -0.0197906 -0.0836426 
52987 -0.0248085 0.0718425 
52988 -0.0300633 0.227057 
52989 -0.035037 0.382065 
52990 0.140355 -0.232997 
52991 0.135041 -0.0781578 
52992 0.129746 0.0764141 
52993 0.124602 0.230977 
52994 0.119332 0.385048 
52995 0.293433 -0.226684 
52996 0.288194 -0.0726305 
52997 0.282856 0.0812559 
52998 0.277563 0.234645 
52999 0.272092 0.387944 
53000 -0.328998 -0.251696 
53001 -0.334383 -0.0950231 
53002 -0.339692 0.0615984 
53003 -0.344939 0.217714 
53004 -0.350225 0.373904 
53005 -0.171516 -0.244724 
53006 -0.176839 -0.0889883 
53007 -0.182282 0.0666178 
53008 -0.187592 0.222018 
53009 -0.192993 0.377096 
53010 -0.0157187 -0.237841 
53011 -0.0211958 -0.0829451 
53012 -0.0267805 0.0716911 
53013 -0.0321544 0.226298 
53014 -0.0377397 0.380405 
53015 0.138343 -0.231008 
53016 0.132711 -0.0769611 
53017 0.127087 0.076785 
53018 0.12134 0.230319 
53019 0.11584 0.383639 
53020 0.290386 -0.224362 
53021 0.284863 -0.071139 
53022 0.279083 0.0819153 
53023 0.273595 0.234486 
53024 0.267807 0.387039 
53025 -0.328766 -0.250802 
53026 -0.334521 -0.094833 
53027 -0.340226 0.0607936 
53028 -0.345891 0.216401 
53029 -0.351645 0.371874 
53030 -0.171963 -0.243544 
53031 -0.177625 -0.0884636 
53032 -0.183523 0.0665804 
53033 -0.189253 0.221087 
53034 -0.195027 0.375401 
53035 -0.0168464 -0.236125 
53036 -0.0227446 -0.0821163 
53037 -0.0285795 0.0718853 
53038 -0.0344579 0.225476 
53039 -0.0403367 0.378967 
53040 0.136194 -0.228898 
53041 0.130289 -0.0757015 
53042 0.124308 0.0771099 
53043 0.118389 0.2301 
53044 0.112499 0.382652 
53045 0.287413 -0.221837 
53046 0.281485 -0.0694531 
53047 0.275476 0.0824512 
53048 0.269543 0.234285 
53049 0.263667 0.385897 
53050 -0.328614 -0.250073 
53051 -0.334663 -0.094754 
53052 -0.340956 0.0604514 
53053 -0.346938 0.215457 
53054 -0.352903 0.370007 
53055 -0.172465 -0.242075 
53056 -0.178458 -0.0879297 
53057 -0.18461 0.0662516 
53058 -0.190729 0.220149 
53059 -0.19705 0.373897 
53060 -0.0180751 -0.234476 
53061 -0.0243808 -0.0811526 
53062 -0.0304705 0.0720887 
53063 -0.0367943 0.224956 
53064 -0.0430384 0.377846 
53065 0.134076 -0.226612 
53066 0.127938 -0.0743954 
53067 0.121619 0.0777837 
53068 0.115413 0.22968 
53069 0.109107 0.381381 
53070 0.284512 -0.219206 
53071 0.278188 -0.0678004 
53072 0.27185 0.0833202 
53073 0.265547 0.234315 
53074 0.259353 0.385107 
53075 -0.328383 -0.248988 
53076 -0.334947 -0.0943723 
53077 -0.341387 0.0600094 
53078 -0.347817 0.214383 
53079 -0.354463 0.368461 
53080 -0.172791 -0.240722 
53081 -0.179245 -0.087181 
53082 -0.18596 0.0661814 
53083 -0.192339 0.219422 
53084 -0.198817 0.372644 
53085 -0.0191994 -0.232529 
53086 -0.0258828 -0.0800279 
53087 -0.0324269 0.0723142 
53088 -0.0391231 0.224554 
53089 -0.0454675 0.376571 
53090 0.132049 -0.224362 
53091 0.12544 -0.0729636 
53092 0.119002 0.0782051 
53093 0.1123 0.229383 
53094 0.105916 0.380464 
53095 0.281402 -0.216478 
53096 0.27498 -0.0660312 
53097 0.268293 0.084332 
53098 0.261703 0.234382 
53099 0.255182 0.384426 
53100 -0.328204 -0.247925 
53101 -0.335093 -0.0938616 
53102 -0.342011 0.0596902 
53103 -0.348827 0.213459 
53104 -0.355936 0.367168 
53105 -0.173344 -0.239137 
53106 -0.180106 -0.0864851 
53107 -0.187033 0.0663219 
53108 -0.193929 0.218855 
53109 -0.200892 0.371474 
53110 -0.020431 -0.23044 
53111 -0.0274569 -0.0787741 
53112 -0.0342427 0.0726592 
53113 -0.0411337 0.224115 
53114 -0.0481099 0.375441 
53115 0.130098 -0.222051 
53116 0.123209 -0.0714895 
53117 0.116273 0.0790854 
53118 0.109413 0.229287 
53119 0.102522 0.379869 
53120 0.278421 -0.213734 
53121 0.271604 -0.0641444 
53122 0.264664 0.0852418 
53123 0.257835 0.234686 
53124 0.250953 0.383926 
53125 -0.327986 -0.246507 
53126 -0.335223 -0.0935049 
53127 -0.342528 0.0597279 
53128 -0.349901 0.212832 
53129 -0.357207 0.365757 
53130 -0.173543 -0.23743 
53131 -0.181012 -0.0853954 
53132 -0.188216 0.0664157 
53133 -0.195491 0.218551 
53134 -0.202649 0.370369 
53135 -0.0217682 -0.228549 
53136 -0.0288585 -0.0776428 
53137 -0.0361941 0.07311 
53138 -0.0433355 0.22411 
53139 -0.0506364 0.37469 
53140 0.127938 -0.219661 
53141 0.120729 -0.0698884 
53142 0.113501 0.0798513 
53143 0.106395 0.229448 
53144 0.0991936 0.379088 
53145 0.27549 -0.210935 
53146 0.268244 -0.06227 
53147 0.261053 0.0864428 
53148 0.254075 0.234889 
53149 0.246852 0.383352 
