52825 -0.333465 -0.249906 
52826 -0.333361 -0.0834343 
52827 -0.333223 0.0834138 
52828 -0.333457 0.249999 
52829 -0.333288 0.416686 
52830 -0.166581 -0.249971 
52831 -0.166712 -0.0833286 
52832 -0.166734 0.083461 
52833 -0.166548 0.25013 
52834 -0.1667 0.416633 
52835 9.81154e-05 -0.25005 
52836 -2.02666e-05 -0.0833168 
52837 -4.07453e-05 0.083285 
52838 -4.72063e-05 0.250068 
52839 -1.35329e-06 0.416591 
52840 0.166709 -0.249971 
52841 0.166634 -0.0832328 
52842 0.166653 0.0834258 
52843 0.166601 0.249935 
52844 0.166531 0.416641 
52845 0.333291 -0.250076 
52846 0.333412 -0.0833003 
52847 0.333388 0.0832231 
52848 0.333358 0.25006 
52849 0.333365 0.41673 
52850 -0.332859 -0.250109 
52851 -0.333322 -0.0841984 
52852 -0.333748 0.0816925 
52853 -0.33417 0.247649 
52854 -0.33462 0.413523 
52855 -0.166925 -0.249501 
52856 -0.167525 -0.0836736 
52857 -0.167843 0.0823458 
52858 -0.1682 0.247984 
52859 -0.168662 0.41372 
52860 -0.00116308 -0.249009 
52861 -0.0015094 -0.0831079 
52862 -0.00185477 0.0825989 
52863 -0.00255002 0.248137 
52864 -0.00286973 0.414051 
52865 0.164508 -0.248442 
52866 0.164181 -0.0827556 
52867 0.163771 0.0828034 
52868 0.163124 0.248652 
52869 0.162812 0.414159 
52870 0.330005 -0.247961 
52871 0.329646 -0.0822098 
52872 0.329269 0.0832606 
52873 0.328803 0.248872 
52874 0.328234 0.414465 
52875 -0.332484 -0.249902 
52876 -0.33335 -0.0846991 
52877 -0.334108 0.0803779 
52878 -0.33511 0.24545 
52879 -0.335844 0.410538 
52880 -0.167271 -0.248801 
52881 -0.167946 -0.0838264 
52882 -0.168882 0.0810881 
52883 -0.169759 0.24607 
52884 -0.170677 0.411076 
52885 -0.00214943 -0.247854 
52886 -0.00307567 -0.0828847 
52887 -0.00390262 0.0818856 
52888 -0.00487577 0.246705 
52889 -0.00584109 0.411643 
52890 0.162578 -0.246688 
52891 0.161593 -0.0820631 
52892 0.160739 0.0827752 
52893 0.159782 0.247485 
52894 0.158952 0.412084 
52895 0.327028 -0.245557 
52896 0.326047 -0.0811245 
52897 0.325169 0.0836027 
52898 0.324269 0.24798 
52899 0.323317 0.412584 
52900 -0.332174 -0.249747 
52901 -0.333388 -0.0853674 
52902 -0.33467 0.0790395 
52903 -0.335853 0.243483 
52904 -0.337164 0.407708 
52905 -0.167497 -0.248077 
52906 -0.168776 -0.0839093 
52907 -0.170046 0.0802795 
52908 -0.171341 0.244394 
52909 -0.172776 0.408481 
52910 -0.00326915 -0.246467 
52911 -0.00463868 -0.0825876 
52912 -0.00595531 0.0815073 
52913 -0.00736678 0.245351 
52914 -0.00838656 0.409264 
52915 0.160448 -0.244926 
52916 0.159082 -0.0810887 
52917 0.15796 0.0826518 
52918 0.156582 0.246309 
52919 0.155205 0.410009 
52920 0.323918 -0.243368 
52921 0.322556 -0.0797227 
52922 0.321175 0.0837568 
52923 0.319818 0.247272 
52924 0.318427 0.410812 
52925 -0.331719 -0.249517 
52926 -0.333438 -0.0856686 
52927 -0.335096 0.0778505 
52928 -0.336762 0.241523 
52929 -0.338478 0.405054 
52930 -0.167854 -0.247218 
52931 -0.169559 -0.0839227 
52932 -0.171236 0.0794616 
52933 -0.172908 0.24273 
52934 -0.174569 0.406058 
52935 -0.00437544 -0.245235 
52936 -0.00621023 -0.0819256 
52937 -0.00769813 0.0811688 
52938 -0.00956159 0.244091 
52939 -0.0112208 0.406981 
52940 0.158397 -0.243059 
52941 0.156661 -0.0802034 
52942 0.155002 0.0826293 
52943 0.153254 0.245437 
52944 0.151479 0.408075 
52945 0.320526 -0.240977 
52946 0.318901 -0.0782248 
52947 0.317299 0.0841153 
52948 0.315485 0.246654 
52949 0.313636 0.409198 
52950 -0.33142 -0.248889 
52951 -0.333485 -0.0861035 
52952 -0.335595 0.0769249 
52953 -0.3376 0.239741 
52954 -0.339782 0.402581 
52955 -0.168026 -0.246402 
52956 -0.170164 -0.0838086 
52957 -0.172302 0.0787953 
52958 -0.174494 0.241328 
52959 -0.176565 0.403857 
52960 -0.00549997 -0.243605 
52961 -0.0077262 -0.0815229 
52962 -0.00966773 0.0807316 
52963 -0.0119463 0.243023 
52964 -0.0139851 0.404973 
52965 0.156298 -0.240999 
52966 0.154326 -0.0791188 
52967 0.152138 0.0825504 
52968 0.150074 0.244567 
52969 0.147722 0.406422 
52970 0.317416 -0.238477 
52971 0.315492 -0.0769023 
52972 0.313248 0.0847446 
52973 0.311223 0.246181 
52974 0.308914 0.407671 
52975 -0.330938 -0.248247 
52976 -0.333426 -0.0861538 
52977 -0.336033 0.0759168 
52978 -0.338621 0.238011 
52979 -0.341074 0.400276 
52980 -0.16842 -0.245117 
52981 -0.17085 -0.0835469 
52982 -0.173458 0.0783618 
52983 -0.176032 0.240125 
52984 -0.178522 0.401783 
52985 -0.00648894 -0.242013 
52986 -0.00918929 -0.0807644 
52987 -0.0116297 0.0806736 
52988 -0.0141896 0.241937 
52989 -0.0166994 0.403294 
52990 0.154188 -0.238927 
52991 0.151749 -0.0780625 
52992 0.149131 0.0829509 
52993 0.146649 0.243911 
52994 0.144131 0.404794 
52995 0.314411 -0.235774 
52996 0.31194 -0.0752268 
52997 0.309355 0.0852714 
52998 0.306771 0.245809 
52999 0.304127 0.406179 
53000 -0.330532 -0.247748 
53001 -0.33359 -0.0862024 
53002 -0.33654 0.0752458 
53003 -0.339546 0.236593 
53004 -0.342701 0.398023 
53005 -0.168565 -0.243964 
53006 -0.171729 -0.083089 
53007 -0.174753 0.0777843 
53008 -0.177522 0.238835 
53009 -0.180591 0.399889 
53010 -0.0077213 -0.240389 
53011 -0.0106885 -0.0798615 
53012 -0.0136556 0.0806483 
53013 -0.0164995 0.241156 
53014 -0.0193856 0.401654 
53015 0.152202 -0.236765 
53016 0.149303 -0.0768362 
53017 0.146301 0.0833045 
53018 0.143519 0.243416 
53019 0.140535 0.403423 
53020 0.311226 -0.233068 
53021 0.308357 -0.0735274 
53022 0.305481 0.0859749 
53023 0.302608 0.245436 
53024 0.299615 0.405097 
53025 -0.33022 -0.246674 
53026 -0.333723 -0.0859994 
53027 -0.337184 0.0745395 
53028 -0.340557 0.235395 
53029 -0.343862 0.396107 
53030 -0.169095 -0.242746 
53031 -0.172485 -0.0825188 
53032 -0.175884 0.0776276 
53033 -0.179229 0.237796 
53034 -0.182596 0.398194 
53035 -0.00896045 -0.238618 
53036 -0.0123329 -0.07891 
53037 -0.0155981 0.0807332 
53038 -0.0188227 0.240337 
53039 -0.0220977 0.400186 
53040 0.150034 -0.234436 
53041 0.146825 -0.0753595 
53042 0.143577 0.0838314 
53043 0.140301 0.242855 
53044 0.136903 0.402148 
53045 0.308204 -0.230362 
53046 0.304894 -0.0718869 
53047 0.301644 0.0867508 
53048 0.298352 0.245361 
53049 0.29517 0.4041 
53050 -0.329949 -0.245899 
53051 -0.333751 -0.0859715 
53052 -0.337539 0.0740325 
53053 -0.341467 0.234116 
53054 -0.345237 0.394294 
53055 -0.169477 -0.241217 
53056 -0.173122 -0.0819617 
53057 -0.17696 0.0775236 
53058 -0.180651 0.23681 
53059 -0.18452 0.396643 
53060 -0.0100617 -0.236618 
53061 -0.0139493 -0.0778573 
53062 -0.0175779 0.0808124 
53063 -0.0212025 0.239786 
53064 -0.0250168 0.398615 
53065 0.148031 -0.231979 
53066 0.144413 -0.0739241 
53067 0.140775 0.0843554 
53068 0.137026 0.242587 
53069 0.133386 0.401044 
53070 0.305003 -0.227643 
53071 0.301467 -0.069924 
53072 0.297776 0.0877492 
53073 0.294116 0.245339 
53074 0.290542 0.403246 
53075 -0.329492 -0.244882 
53076 -0.333846 -0.0857508 
53077 -0.338087 0.0734523 
53078 -0.342375 0.232897 
53079 -0.34676 0.392666 
53080 -0.16982 -0.239692 
53081 -0.173992 -0.0813047 
53082 -0.178076 0.0774576 
53083 -0.182374 0.236194 
53084 -0.186536 0.394978 
53085 -0.0112992 -0.234707 
53086 -0.0153289 -0.0767742 
53087 -0.0195391 0.0812782 
53088 -0.0236357 0.239101 
53089 -0.0275669 0.397474 
53090 0.146041 -0.229603 
53091 0.141905 -0.0724121 
53092 0.137984 0.0850867 
53093 0.133888 0.242484 
53094 0.129971 0.399877 
53095 0.301854 -0.224471 
53096 0.297932 -0.0679064 
53097 0.293932 0.0886061 
53098 0.290133 0.245651 
53099 0.28605 0.402353 
53100 -0.32936 -0.243582 
53101 -0.333974 -0.0851605 
53102 -0.338759 0.0733032 
53103 -0.343378 0.232084 
53104 -0.348128 0.391017 
53105 -0.170155 -0.238085 
53106 -0.174743 -0.0803285 
53107 -0.179415 0.0775692 
53108 -0.183821 0.23559 
53109 -0.188411 0.393661 
53110 -0.0124411 -0.232449 
53111 -0.0168021 -0.0754753 
53112 -0.0213387 0.081612 
53113 -0.0258636 0.239004 
53114 -0.0303262 0.396373 
53115 0.143803 -0.227183 
53116 0.139526 -0.0707558 
53117 0.135193 0.0858604 
53118 0.130834 0.242325 
53119 0.12639 0.399079 
53120 0.29876 -0.22148 
53121 0.294649 -0.0660141 
53122 0.290278 0.0897474 
53123 0.286026 0.245658 
53124 0.281762 0.401844 
53125 -0.329091 -0.242295 
53126 -0.33409 -0.0846721 
53127 -0.339071 0.0731229 
53128 -0.34429 0.231414 
53129 -0.349517 0.389629 
53130 -0.170608 -0.236259 
53131 -0.175449 -0.0794362 
53132 -0.180562 0.0777014 
53133 -0.185422 0.235003 
53134 -0.190456 0.392678 
53135 -0.01361 -0.230362 
53136 -0.0184232 -0.0741999 
53137 -0.0232945 0.0820834 
53138 -0.0280473 0.238691 
53139 -0.0329436 0.395551 
53140 0.141784 -0.224414 
53141 0.137145 -0.0691436 
53142 0.132399 0.086584 
53143 0.127735 0.242345 
53144 0.123105 0.398429 
53145 0.295729 -0.218483 
53146 0.291066 -0.0639236 
53147 0.286691 0.0910245 
53148 0.281967 0.246021 
53149 0.2775 0.401334 
53150 -0.328776 -0.240896 
53151 -0.334265 -0.083891 
53152 -0.339776 0.0731261 
53153 -0.345289 0.230697 
53154 -0.35072 0.3884 
53155 -0.170942 -0.234408 
53156 -0.176333 -0.078488 
53157 -0.181735 0.0780333 
53158 -0.186947 0.234896 
53159 -0.192317 0.39155 
53160 -0.0147682 -0.228088 
53161 -0.0200559 -0.0727546 
53162 -0.0250784 0.0827126 
53163 -0.0302513 0.238693 
53164 -0.0355224 0.394849 
53165 0.139805 -0.22173 
53166 0.134662 -0.0672768 
53167 0.129704 0.0874884 
53168 0.124732 0.242542 
53169 0.119724 0.397864 
53170 0.292481 -0.215331 
53171 0.287774 -0.0617879 
53172 0.282839 0.0922066 
53173 0.278044 0.246363 
53174 0.273244 0.400927 
53175 -0.328465 -0.239369 
53176 -0.334465 -0.0831055 
53177 -0.340322 0.0732354 
53178 -0.346285 0.230234 
53179 -0.35222 0.387454 
53180 -0.171439 -0.232456 
53181 -0.177181 -0.0771551 
53182 -0.182796 0.0785298 
53183 -0.188573 0.23442 
53184 -0.194172 0.390734 
53185 -0.0160909 -0.225637 
53186 -0.0216329 -0.0713216 
53187 -0.0270458 0.0835421 
53188 -0.0325163 0.238599 
53189 -0.0379561 0.394177 
53190 0.137577 -0.218974 
53191 0.132327 -0.0653143 
53192 0.127088 0.0884718 
53193 0.121724 0.242715 
53194 0.116368 0.39721 
53195 0.289497 -0.212238 
53196 0.284386 -0.0596039 
53197 0.279274 0.0933776 
53198 0.274233 0.246802 
53199 0.269076 0.400683 
53200 -0.328319 -0.23771 
53201 -0.334556 -0.0822927 
53202 -0.34107 0.0735842 
53203 -0.347309 0.22984 
53204 -0.35358 0.386563 
53205 -0.171947 -0.230416 
53206 -0.17803 -0.0760302 
53207 -0.183978 0.0789569 
53208 -0.19004 0.234326 
53209 -0.196147 0.390013 
53210 -0.0173117 -0.22337 
53211 -0.0232216 -0.0696835 
53212 -0.0289038 0.0842458 
53213 -0.0347592 0.238788 
53214 -0.0404651 0.393591 
53215 0.135403 -0.216237 
53216 0.12981 -0.0634051 
53217 0.12427 0.0896579 
53218 0.118795 0.243071 
53219 0.113205 0.396762 
53220 0.286375 -0.209176 
53221 0.280975 -0.0572976 
53222 0.275722 0.0948419 
53223 0.27036 0.247237 
53224 0.264957 0.40032 
53225 -0.328163 -0.235858 
53226 -0.334839 -0.0812882 
53227 -0.341554 0.0739225 
53228 -0.348301 0.22953 
53229 -0.354956 0.385763 
53230 -0.172503 -0.228358 
53231 -0.178794 -0.0746865 
53232 -0.185263 0.0795289 
53233 -0.191626 0.234294 
53234 -0.198038 0.38949 
53235 -0.0185288 -0.220709 
53236 -0.0247055 -0.0680503 
53237 -0.0307041 0.0852532 
53238 -0.0369066 0.238998 
53239 -0.0429348 0.393025 
53240 0.133256 -0.213295 
53241 0.127497 -0.0613968 
53242 0.121633 0.0907607 
53243 0.115729 0.243559 
53244 0.109979 0.39668 
53245 0.283329 -0.205813 
53246 0.277669 -0.0550824 
53247 0.272138 0.096284 
53248 0.266641 0.247934 
53249 0.260894 0.40016 
53250 -0.328082 -0.234097 
53251 -0.334984 -0.0801318 
53252 -0.342088 0.0743415 
53253 -0.349102 0.229375 
53254 -0.356159 0.385033 
53255 -0.172895 -0.226107 
53256 -0.179717 -0.0730807 
53257 -0.186318 0.0802177 
53258 -0.192928 0.234259 
53259 -0.199847 0.389058 
53260 -0.0198607 -0.218132 
53261 -0.0262883 -0.0663132 
53262 -0.032661 0.0861636 
53263 -0.0390673 0.239265 
53264 -0.0454662 0.392705 
53265 0.131174 -0.210292 
53266 0.125008 -0.059508 
53267 0.119009 0.0920902 
53268 0.112951 0.244035 
53269 0.106827 0.396699 
53270 0.280115 -0.202651 
53271 0.274314 -0.0527781 
53272 0.268537 0.0977593 
53273 0.262808 0.248676 
53274 0.256977 0.400321 
53275 -0.327924 -0.232166 
53276 -0.335323 -0.078908 
53277 -0.342608 0.0748515 
53278 -0.350124 0.229409 
53279 -0.357617 0.384516 
53280 -0.173481 -0.223842 
53281 -0.180573 -0.0716275 
53282 -0.187425 0.0811589 
53283 -0.194465 0.234546 
53284 -0.201653 0.388679 
53285 -0.021174 -0.215533 
53286 -0.0278901 -0.0646062 
53287 -0.0343302 0.0871487 
53288 -0.0411786 0.239617 
53289 -0.0478469 0.392513 
53290 0.1289 -0.207352 
53291 0.122795 -0.0573994 
53292 0.116374 0.0931952 
53293 0.110065 0.244667 
53294 0.10363 0.396495 
53295 0.277044 -0.199377 
53296 0.271116 -0.0504987 
53297 0.265012 0.0992114 
53298 0.259157 0.249361 
53299 0.253211 0.400411 
53300 -0.32774 -0.230154 
53301 -0.335574 -0.0776323 
53302 -0.343346 0.0755146 
53303 -0.351076 0.229566 
53304 -0.35901 0.384261 
53305 -0.173935 -0.221348 
53306 -0.181335 -0.0701137 
53307 -0.188786 0.082022 
53308 -0.196179 0.234792 
53309 -0.203328 0.388477 
53310 -0.0225067 -0.212895 
53311 -0.0295255 -0.0625525 
53312 -0.0363019 0.0882792 
53313 -0.0430541 0.239981 
53314 -0.0502741 0.392467 
53315 0.126688 -0.204471 
53316 0.120357 -0.055316 
53317 0.113778 0.0946088 
53318 0.107265 0.245237 
53319 0.100723 0.396581 
53320 0.273841 -0.196043 
53321 0.267754 -0.0478866 
53322 0.261861 0.100787 
53323 0.255533 0.250203 
53324 0.24947 0.400502 
