52900 -0.333349 -0.249955 
52901 -0.333389 -0.0833071 
52902 -0.33326 0.0833376 
52903 -0.333478 0.25007 
52904 -0.333301 0.416586 
52905 -0.166567 -0.250018 
52906 -0.166465 -0.0833426 
52907 -0.166635 0.0833783 
52908 -0.166663 0.250052 
52909 -0.166601 0.416855 
52910 -4.33112e-06 -0.249957 
52911 1.24812e-05 -0.0832633 
52912 7.65234e-05 0.0833037 
52913 -4.31093e-05 0.250011 
52914 -4.38065e-05 0.416553 
52915 0.166584 -0.2501 
52916 0.166633 -0.0833798 
52917 0.166666 0.0832975 
52918 0.166574 0.249986 
52919 0.166704 0.416803 
52920 0.333416 -0.249937 
52921 0.333381 -0.0832694 
52922 0.333345 0.0833854 
52923 0.333299 0.25008 
52924 0.333311 0.416679 
52925 -0.332848 -0.249632 
52926 -0.333385 -0.0837407 
52927 -0.333821 0.0820975 
52928 -0.334181 0.247961 
52929 -0.334622 0.413933 
52930 -0.166966 -0.249223 
52931 -0.167289 -0.0832594 
52932 -0.167727 0.0825634 
52933 -0.168233 0.248331 
52934 -0.168739 0.414225 
52935 -0.00115571 -0.248563 
52936 -0.00165003 -0.0828041 
52937 -0.00198174 0.0829001 
52938 -0.0025812 0.248693 
52939 -0.00285309 0.414484 
52940 0.164597 -0.24801 
52941 0.16419 -0.0823283 
52942 0.163759 0.0834533 
52943 0.163187 0.248992 
52944 0.162807 0.41473 
52945 0.330145 -0.247424 
52946 0.329605 -0.0819037 
52947 0.329309 0.0838611 
52948 0.328809 0.249358 
52949 0.328423 0.414859 
52950 -0.332438 -0.249031 
52951 -0.333399 -0.0839178 
52952 -0.334187 0.0811211 
52953 -0.335117 0.246099 
52954 -0.33606 0.411405 
52955 -0.167233 -0.24812 
52956 -0.167982 -0.0831784 
52957 -0.168849 0.0819329 
52958 -0.169842 0.246908 
52959 -0.170561 0.411967 
52960 -0.00236445 -0.246871 
52961 -0.00295831 -0.0821833 
52962 -0.00393019 0.0828548 
52963 -0.00467122 0.247691 
52964 -0.00557201 0.41234 
52965 0.162507 -0.245876 
52966 0.161656 -0.0811666 
52967 0.160743 0.083615 
52968 0.159954 0.24821 
52969 0.159089 0.412924 
52970 0.326916 -0.244816 
52971 0.326053 -0.0803641 
52972 0.325213 0.0842501 
52973 0.32453 0.24892 
52974 0.323544 0.413494 
52975 -0.331949 -0.248593 
52976 -0.333386 -0.084307 
52977 -0.334601 0.0803029 
52978 -0.336061 0.244664 
52979 -0.337341 0.409019 
52980 -0.167531 -0.247039 
52981 -0.168715 -0.0827455 
52982 -0.170089 0.0813633 
52983 -0.171462 0.2456 
52984 -0.172688 0.409823 
52985 -0.00336919 -0.245487 
52986 -0.00459987 -0.0814705 
52987 -0.00600586 0.0826548 
52988 -0.00716031 0.24658 
52989 -0.00833295 0.410594 
52990 0.160454 -0.24387 
52991 0.159171 -0.0799741 
52992 0.157816 0.0837288 
52993 0.156663 0.247566 
52994 0.155183 0.411423 
52995 0.323703 -0.242055 
52996 0.322531 -0.0786145 
52997 0.321263 0.0849327 
52998 0.319851 0.248382 
52999 0.318667 0.412099 
53000 -0.331741 -0.247797 
53001 -0.333468 -0.084192 
53002 -0.335078 0.0791865 
53003 -0.336893 0.243099 
53004 -0.338616 0.40683 
53005 -0.167867 -0.245774 
53006 -0.169471 -0.0823814 
53007 -0.171376 0.0809188 
53008 -0.17297 0.244416 
53009 -0.174667 0.407735 
53010 -0.00435101 -0.24368 
53011 -0.00611632 -0.0805697 
53012 -0.00780042 0.0825229 
53013 -0.0095678 0.245687 
53014 -0.011304 0.408822 
53015 0.15825 -0.24149 
53016 0.15677 -0.0787135 
53017 0.154931 0.0840259 
53018 0.153278 0.246964 
53019 0.151683 0.40982 
53020 0.320547 -0.239339 
53021 0.318827 -0.0768052 
53022 0.317229 0.0856859 
53023 0.315462 0.248317 
53024 0.314 0.410846 
53025 -0.331314 -0.246956 
53026 -0.333455 -0.0842011 
53027 -0.335632 0.0787643 
53028 -0.33789 0.241765 
53029 -0.340106 0.404843 
53030 -0.167995 -0.244249 
53031 -0.170267 -0.0817682 
53032 -0.172296 0.0806007 
53033 -0.1746 0.243373 
53034 -0.176619 0.406185 
53035 -0.0055322 -0.241654 
53036 -0.00755329 -0.0795138 
53037 -0.00968728 0.0826174 
53038 -0.0118733 0.244978 
53039 -0.0141967 0.407307 
53040 0.156186 -0.239049 
53041 0.154258 -0.0772555 
53042 0.152091 0.0846506 
53043 0.150141 0.246443 
53044 0.14802 0.408553 
53045 0.317463 -0.23648 
53046 0.315358 -0.0750584 
53047 0.313331 0.0864579 
53048 0.311321 0.24813 
53049 0.30919 0.409841 
53050 -0.330855 -0.246056 
53051 -0.333561 -0.083926 
53052 -0.336125 0.0782038 
53053 -0.338658 0.240536 
53054 -0.341356 0.402953 
53055 -0.168398 -0.243013 
53056 -0.170817 -0.08125 
53057 -0.173527 0.0804988 
53058 -0.176117 0.242374 
53059 -0.178716 0.40442 
53060 -0.00662268 -0.239747 
53061 -0.00918302 -0.0785156 
53062 -0.0117 0.0828632 
53063 -0.0140978 0.244212 
53064 -0.0168999 0.406008 
53065 0.154142 -0.236587 
53066 0.151863 -0.0757243 
53067 0.149324 0.0851476 
53068 0.146818 0.246285 
53069 0.144282 0.407301 
53070 0.314215 -0.23354 
53071 0.311809 -0.0731431 
53072 0.309471 0.0874505 
53073 0.3069 0.247999 
53074 0.304721 0.408896 
53075 -0.330496 -0.244829 
53076 -0.333616 -0.0836106 
53077 -0.336672 0.0777596 
53078 -0.339776 0.239516 
53079 -0.342889 0.4012 
53080 -0.168748 -0.2413 
53081 -0.171663 -0.0804273 
53082 -0.174637 0.08063 
53083 -0.177756 0.24149 
53084 -0.180609 0.40292 
53085 -0.00791573 -0.237577 
53086 -0.010894 -0.0772861 
53087 -0.0136422 0.0832256 
53088 -0.016686 0.24384 
53089 -0.0195176 0.404746 
53090 0.152058 -0.234042 
53091 0.14925 -0.0742419 
53092 0.146432 0.0857331 
53093 0.143641 0.246013 
53094 0.140675 0.406172 
53095 0.310976 -0.230425 
53096 0.308315 -0.0711824 
53097 0.30559 0.088407 
53098 0.302772 0.24818 
53099 0.300148 0.408075 
53100 -0.330119 -0.243775 
53101 -0.333714 -0.083053 
53102 -0.337324 0.0775062 
53103 -0.340744 0.238489 
53104 -0.344296 0.399666 
53105 -0.168976 -0.239592 
53106 -0.172547 -0.0796489 
53107 -0.175837 0.0805629 
53108 -0.179334 0.241071 
53109 -0.182712 0.401489 
53110 -0.0090574 -0.235499 
53111 -0.0122654 -0.0759181 
53112 -0.0156108 0.083425 
53113 -0.0188778 0.243499 
53114 -0.0221855 0.40344 
53115 0.149938 -0.231457 
53116 0.146808 -0.0724359 
53117 0.143622 0.0865487 
53118 0.140448 0.246042 
53119 0.137321 0.405357 
53120 0.307895 -0.227379 
53121 0.304729 -0.0690025 
53122 0.301646 0.0896105 
53123 0.298658 0.248465 
53124 0.29577 0.407312 
53125 -0.329969 -0.242239 
53126 -0.333646 -0.0826068 
53127 -0.337588 0.0773729 
53128 -0.341622 0.237779 
53129 -0.345636 0.398149 
53130 -0.169429 -0.237729 
53131 -0.173156 -0.0785351 
53132 -0.176933 0.0808723 
53133 -0.180844 0.240435 
53134 -0.184593 0.400488 
53135 -0.0101581 -0.233186 
53136 -0.0138149 -0.0746784 
53137 -0.0175502 0.0842348 
53138 -0.0211891 0.24321 
53139 -0.0247638 0.402495 
53140 0.14783 -0.228711 
53141 0.144325 -0.0707254 
53142 0.140863 0.087496 
53143 0.137181 0.245955 
53144 0.133813 0.404841 
53145 0.304689 -0.224227 
53146 0.301333 -0.0670461 
53147 0.298023 0.0908057 
53148 0.294695 0.248782 
53149 0.291067 0.406951 
53150 -0.329679 -0.240872 
53151 -0.333866 -0.0819187 
53152 -0.338276 0.0774412 
53153 -0.342533 0.237028 
53154 -0.346866 0.396949 
53155 -0.169789 -0.236022 
53156 -0.173982 -0.0775783 
53157 -0.178228 0.0810964 
53158 -0.182351 0.240184 
53159 -0.186561 0.399438 
53160 -0.0115195 -0.230885 
53161 -0.0154566 -0.0731402 
53162 -0.0193017 0.0848358 
53163 -0.0234175 0.243191 
53164 -0.0272609 0.401726 
53165 0.145688 -0.225952 
53166 0.141917 -0.0689323 
53167 0.138123 0.0883845 
53168 0.134161 0.245978 
53169 0.130331 0.404191 
53170 0.301519 -0.221041 
53171 0.298063 -0.0645794 
53172 0.294081 0.0918998 
53173 0.290522 0.249088 
53174 0.286883 0.406389 
53175 -0.329202 -0.239349 
53176 -0.334049 -0.0811113 
53177 -0.33887 0.0774758 
53178 -0.343478 0.23654 
53179 -0.348366 0.396003 
53180 -0.170307 -0.233814 
53181 -0.1747 -0.076362 
53182 -0.17935 0.0816369 
53183 -0.18396 0.239813 
53184 -0.188438 0.398579 
53185 -0.0126389 -0.228477 
53186 -0.0170262 -0.0715982 
53187 -0.0212491 0.0855605 
53188 -0.0256386 0.243021 
53189 -0.0300304 0.401027 
53190 0.143572 -0.223164 
53191 0.139456 -0.0670602 
53192 0.135399 0.0893976 
53193 0.131283 0.24644 
53194 0.12712 0.403456 
53195 0.298326 -0.217909 
53196 0.294524 -0.0623289 
53197 0.290575 0.0933745 
53198 0.286549 0.24956 
53199 0.282678 0.40608 
53200 -0.329089 -0.237576 
53201 -0.334026 -0.0801822 
53202 -0.339324 0.0777452 
53203 -0.344663 0.236109 
53204 -0.349779 0.39502 
53205 -0.170737 -0.231791 
53206 -0.17558 -0.0750713 
53207 -0.180489 0.0820046 
53208 -0.185401 0.239702 
53209 -0.19043 0.397726 
53210 -0.0139586 -0.225937 
53211 -0.0185166 -0.0698656 
53212 -0.0232085 0.0863525 
53213 -0.0279383 0.243198 
53214 -0.0325673 0.400515 
53215 0.14149 -0.22016 
53216 0.137176 -0.0649548 
53217 0.132563 0.0906945 
53218 0.128096 0.246745 
53219 0.123729 0.403305 
53220 0.29528 -0.214544 
53221 0.29106 -0.060089 
53222 0.286842 0.094712 
53223 0.282583 0.25008 
53224 0.278536 0.406065 
53225 -0.328797 -0.235775 
53226 -0.334228 -0.0791066 
53227 -0.339936 0.0781532 
53228 -0.34541 0.235935 
53229 -0.350986 0.394212 
53230 -0.17116 -0.229559 
53231 -0.176409 -0.0735121 
53232 -0.181587 0.0827125 
53233 -0.18709 0.239647 
53234 -0.192279 0.397205 
53235 -0.0150653 -0.223411 
53236 -0.0200111 -0.0683017 
53237 -0.0252548 0.0872689 
53238 -0.0299009 0.243383 
53239 -0.0351727 0.399911 
53240 0.13926 -0.217262 
53241 0.134613 -0.0629638 
53242 0.129922 0.0917892 
53243 0.125026 0.247193 
53244 0.120456 0.402919 
53245 0.291988 -0.211253 
53246 0.287556 -0.0576986 
53247 0.283178 0.0962343 
53248 0.278816 0.250976 
53249 0.274325 0.405845 
53250 -0.328544 -0.233934 
53251 -0.334523 -0.0779492 
53252 -0.340393 0.0785672 
53253 -0.346291 0.235754 
53254 -0.352396 0.393485 
53255 -0.171631 -0.22726 
53256 -0.177195 -0.072247 
53257 -0.182814 0.0833538 
53258 -0.188503 0.239641 
53259 -0.193958 0.39678 
53260 -0.0163927 -0.220679 
53261 -0.0215731 -0.0665253 
53262 -0.0268629 0.0883187 
53263 -0.0321795 0.243633 
53264 -0.0374474 0.399665 
53265 0.13709 -0.214239 
53266 0.132235 -0.0608412 
53267 0.12731 0.0929935 
53268 0.122319 0.247589 
53269 0.117233 0.402756 
53270 0.288804 -0.207841 
53271 0.284225 -0.0553405 
53272 0.279672 0.0978139 
53273 0.274839 0.251564 
53274 0.270271 0.405804 
53275 -0.328463 -0.23196 
53276 -0.334647 -0.0767243 
53277 -0.341008 0.0792346 
53278 -0.34741 0.235779 
53279 -0.353734 0.393003 
53280 -0.171981 -0.224949 
53281 -0.178017 -0.0706515 
53282 -0.184082 0.0843508 
53283 -0.189872 0.23995 
53284 -0.195918 0.396354 
53285 -0.0177415 -0.218039 
53286 -0.0231951 -0.0646935 
53287 -0.0287419 0.0893972 
53288 -0.0344499 0.244039 
53289 -0.0399203 0.399464 
53290 0.134942 -0.211249 
53291 0.12974 -0.0585863 
53292 0.124604 0.0944824 
53293 0.119429 0.248198 
53294 0.114174 0.402673 
53295 0.285663 -0.20462 
53296 0.280798 -0.052865 
53297 0.275961 0.0993263 
53298 0.27123 0.252276 
53299 0.266283 0.405858 
53300 -0.328308 -0.229907 
53301 -0.334877 -0.0754759 
53302 -0.341691 0.0797136 
53303 -0.348294 0.235894 
53304 -0.354982 0.392742 
53305 -0.172704 -0.222553 
53306 -0.178816 -0.0690761 
53307 -0.185156 0.085178 
53308 -0.191335 0.24015 
53309 -0.197655 0.39599 
53310 -0.0189088 -0.215167 
53311 -0.0248294 -0.0626907 
53312 -0.0306498 0.0904674 
53313 -0.0364208 0.244608 
53314 -0.0423201 0.399335 
53315 0.132712 -0.208129 
53316 0.127329 -0.0565752 
53317 0.121954 0.095806 
53318 0.116476 0.248887 
53319 0.11112 0.402725 
53320 0.282485 -0.201038 
53321 0.277663 -0.0503277 
53322 0.272505 0.100997 
53323 0.267463 0.253026 
53324 0.262528 0.40599 
53325 -0.328245 -0.227658 
53326 -0.335289 -0.0739389 
53327 -0.342107 0.0806274 
53328 -0.34916 0.235987 
53329 -0.356335 0.392413 
53330 -0.173292 -0.220085 
53331 -0.179814 -0.0672502 
53332 -0.186213 0.0861509 
53333 -0.192872 0.240614 
53334 -0.199508 0.395947 
53335 -0.0202967 -0.212569 
53336 -0.026363 -0.0607149 
53337 -0.0324653 0.0917508 
53338 -0.0386455 0.245 
53339 -0.0445727 0.399377 
53340 0.130584 -0.20497 
53341 0.12488 -0.0541246 
53342 0.11922 0.0971781 
53343 0.113676 0.249652 
53344 0.107969 0.402745 
53345 0.279313 -0.197768 
53346 0.27422 -0.0479997 
53347 0.268921 0.102623 
53348 0.263892 0.253987 
53349 0.258628 0.406163 
53350 -0.32811 -0.225462 
53351 -0.335389 -0.072465 
53352 -0.342749 0.0815244 
53353 -0.350209 0.236325 
53354 -0.35767 0.392213 
53355 -0.173833 -0.217403 
53356 -0.180537 -0.0656079 
53357 -0.18743 0.0872447 
53358 -0.194354 0.241063 
53359 -0.201333 0.395768 
53360 -0.0217758 -0.209551 
53361 -0.0281037 -0.058703 
53362 -0.0342935 0.0929366 
53363 -0.0406235 0.245733 
53364 -0.0469834 0.399439 
53365 0.12826 -0.20189 
53366 0.12255 -0.0520261 
53367 0.116687 0.0987021 
53368 0.110821 0.250266 
53369 0.105008 0.402992 
53370 0.276073 -0.194205 
53371 0.270877 -0.0455185 
53372 0.265569 0.104244 
53373 0.260392 0.255021 
53374 0.254911 0.40635 
53375 -0.32801 -0.222821 
53376 -0.335593 -0.0707226 
53377 -0.343435 0.0824946 
53378 -0.35113 0.236825 
53379 -0.358875 0.392235 
53380 -0.174367 -0.21485 
53381 -0.1815 -0.0636222 
53382 -0.188625 0.0884208 
53383 -0.195736 0.24165 
53384 -0.202909 0.395922 
53385 -0.0230404 -0.206541 
53386 -0.0295775 -0.0566096 
53387 -0.0360424 0.0944616 
53388 -0.0427319 0.246579 
53389 -0.0492894 0.399475 
53390 0.12601 -0.198721 
53391 0.120107 -0.0497179 
53392 0.114189 0.100236 
53393 0.108132 0.251227 
53394 0.102081 0.403168 
53395 0.273042 -0.190837 
53396 0.267595 -0.042864 
53397 0.26232 0.105999 
53398 0.256782 0.255879 
53399 0.251251 0.406803 
