53050 -0.333377 -0.25003 
53051 -0.333416 -0.0833777 
53052 -0.333299 0.0833306 
53053 -0.333338 0.249937 
53054 -0.33331 0.416612 
53055 -0.16662 -0.250076 
53056 -0.166774 -0.0833795 
53057 -0.166626 0.0833861 
53058 -0.166703 0.249938 
53059 -0.166649 0.416642 
53060 -4.22526e-06 -0.249884 
53061 -6.73771e-05 -0.0833976 
53062 1.1321e-05 0.0833191 
53063 2.84165e-05 0.250044 
53064 9.54017e-05 0.416607 
53065 0.166647 -0.249918 
53066 0.1667 -0.0832942 
53067 0.166681 0.0834002 
53068 0.166684 0.249966 
53069 0.166686 0.416702 
53070 0.333291 -0.250142 
53071 0.333437 -0.0832747 
53072 0.333242 0.0832755 
53073 0.333327 0.249959 
53074 0.333224 0.416677 
53075 -0.332738 -0.24872 
53076 -0.333309 -0.0829318 
53077 -0.333715 0.0829067 
53078 -0.334261 0.248864 
53079 -0.334816 0.414882 
53080 -0.166856 -0.248314 
53081 -0.167335 -0.0825375 
53082 -0.167797 0.0834474 
53083 -0.16833 0.249207 
53084 -0.168651 0.415147 
53085 -0.00116328 -0.247672 
53086 -0.00151597 -0.0820559 
53087 -0.00192388 0.0837328 
53088 -0.00228839 0.249501 
53089 -0.00273095 0.415273 
53090 0.164462 -0.247316 
53091 0.163994 -0.081631 
53092 0.163737 0.0839807 
53093 0.163318 0.249829 
53094 0.162992 0.41557 
53095 0.329925 -0.246668 
53096 0.329647 -0.0811427 
53097 0.329363 0.0843174 
53098 0.328899 0.250019 
53099 0.328643 0.415727 
53100 -0.332432 -0.247537 
53101 -0.3333 -0.0824895 
53102 -0.334073 0.0825901 
53103 -0.33515 0.24789 
53104 -0.336157 0.413279 
53105 -0.167338 -0.246444 
53106 -0.167967 -0.0816245 
53107 -0.16903 0.0834483 
53108 -0.169977 0.248554 
53109 -0.170707 0.413585 
53110 -0.00232981 -0.245529 
53111 -0.00310178 -0.0807481 
53112 -0.00396702 0.0841656 
53113 -0.00464592 0.249182 
53114 -0.00549997 0.4142 
53115 0.162292 -0.244454 
53116 0.16152 -0.0797369 
53117 0.160812 0.084924 
53118 0.160113 0.249847 
53119 0.159347 0.414592 
53120 0.326759 -0.2434 
53121 0.325976 -0.0789143 
53122 0.325488 0.0856726 
53123 0.324672 0.250258 
53124 0.323908 0.41509 
53125 -0.332031 -0.24606 
53126 -0.333369 -0.081807 
53127 -0.334736 0.0824319 
53128 -0.336096 0.247087 
53129 -0.337424 0.411784 
53130 -0.167506 -0.244587 
53131 -0.168719 -0.0804994 
53132 -0.17011 0.083716 
53133 -0.171412 0.247906 
53134 -0.172738 0.41251 
53135 -0.00345177 -0.24313 
53136 -0.00462951 -0.0792385 
53137 -0.00590204 0.0847277 
53138 -0.00692134 0.248884 
53139 -0.00819402 0.413151 
53140 0.160231 -0.241463 
53141 0.159125 -0.0778639 
53142 0.157949 0.0858482 
53143 0.156759 0.249779 
53144 0.155646 0.41385 
53145 0.323494 -0.239989 
53146 0.322358 -0.0766431 
53147 0.321467 0.0868661 
53148 0.320314 0.250632 
53149 0.319137 0.414435 
53150 -0.331608 -0.244538 
53151 -0.3334 -0.0810785 
53152 -0.335218 0.0824966 
53153 -0.337056 0.246465 
53154 -0.338791 0.410454 
53155 -0.167796 -0.242675 
53156 -0.169436 -0.079437 
53157 -0.171234 0.0838938 
53158 -0.173118 0.247572 
53159 -0.174712 0.411294 
53160 -0.00469982 -0.240685 
53161 -0.00618695 -0.0777227 
53162 -0.00771268 0.0853283 
53163 -0.00933631 0.248738 
53164 -0.01098 0.412204 
53165 0.158127 -0.238634 
53166 0.156715 -0.075898 
53167 0.155256 0.0867644 
53168 0.153552 0.249895 
53169 0.152234 0.413129 
53170 0.320277 -0.236604 
53171 0.318682 -0.0742328 
53172 0.317408 0.088368 
53173 0.31622 0.251002 
53174 0.314618 0.41402 
53175 -0.331227 -0.24284 
53176 -0.333427 -0.0802877 
53177 -0.335513 0.0826368 
53178 -0.33802 0.245717 
53179 -0.340114 0.409262 
53180 -0.168191 -0.240407 
53181 -0.170193 -0.0782257 
53182 -0.172223 0.0845163 
53183 -0.174315 0.24723 
53184 -0.176598 0.410444 
53185 -0.00594692 -0.238044 
53186 -0.00776545 -0.0760844 
53187 -0.00965787 0.0862374 
53188 -0.0116167 0.2486 
53189 -0.0135704 0.411373 
53190 0.155982 -0.2355 
53191 0.154001 -0.0741249 
53192 0.152282 0.0879139 
53193 0.150526 0.250143 
53194 0.148692 0.412545 
53195 0.316885 -0.232992 
53196 0.315238 -0.0719042 
53197 0.313523 0.0896387 
53198 0.311964 0.251546 
53199 0.310239 0.413721 
53200 -0.330766 -0.24121 
53201 -0.333444 -0.0793421 
53202 -0.336122 0.0828749 
53203 -0.338842 0.245334 
53204 -0.341545 0.408339 
53205 -0.16859 -0.238261 
53206 -0.170932 -0.0768631 
53207 -0.173541 0.0849461 
53208 -0.176058 0.247122 
53209 -0.17859 0.409551 
53210 -0.0069837 -0.235296 
53211 -0.0091725 -0.0743506 
53212 -0.011606 0.086988 
53213 -0.0139015 0.24872 
53214 -0.0161249 0.410869 
53215 0.153665 -0.232404 
53216 0.151626 -0.0718386 
53217 0.14948 0.0892119 
53218 0.14735 0.250407 
53219 0.145174 0.41218 
53220 0.313595 -0.2296 
53221 0.311774 -0.0692556 
53222 0.309768 0.0912768 
53223 0.307786 0.252249 
53224 0.305779 0.41338 
53225 -0.330416 -0.239355 
53226 -0.33365 -0.0781209 
53227 -0.336682 0.0831861 
53228 -0.339804 0.245094 
53229 -0.342815 0.40748 
53230 -0.168973 -0.236069 
53231 -0.171714 -0.0753419 
53232 -0.174593 0.0856462 
53233 -0.177475 0.247053 
53234 -0.180313 0.408881 
53235 -0.00830967 -0.232569 
53236 -0.0108785 -0.0724864 
53237 -0.0135441 0.0880622 
53238 -0.0160407 0.248924 
53239 -0.0187369 0.410343 
53240 0.151577 -0.229301 
53241 0.14911 -0.069657 
53242 0.146661 0.0904017 
53243 0.144279 0.250908 
53244 0.141929 0.411769 
53245 0.310405 -0.226032 
53246 0.308241 -0.0669435 
53247 0.305963 0.0927744 
53248 0.303854 0.252782 
53249 0.301711 0.413253 
53250 -0.330191 -0.237379 
53251 -0.333669 -0.0772836 
53252 -0.337165 0.0835861 
53253 -0.340622 0.244953 
53254 -0.344159 0.406841 
53255 -0.169326 -0.233577 
53256 -0.172548 -0.073863 
53257 -0.175795 0.0863711 
53258 -0.179081 0.247163 
53259 -0.182278 0.408343 
53260 -0.00940459 -0.229923 
53261 -0.0123429 -0.070783 
53262 -0.0152899 0.0889233 
53263 -0.018267 0.249179 
53264 -0.0212876 0.410002 
53265 0.149369 -0.22615 
53266 0.146729 -0.0675779 
53267 0.143933 0.0917281 
53268 0.141254 0.251316 
53269 0.13868 0.411688 
53270 0.307169 -0.222437 
53271 0.304724 -0.0643336 
53272 0.302164 0.0943697 
53273 0.299785 0.253574 
53274 0.297237 0.413377 
53275 -0.329917 -0.235336 
53276 -0.33372 -0.0759331 
53277 -0.337722 0.0843371 
53278 -0.341518 0.244735 
53279 -0.345435 0.406171 
53280 -0.169769 -0.231141 
53281 -0.173261 -0.0721744 
53282 -0.176807 0.0872443 
53283 -0.180468 0.247219 
53284 -0.183966 0.407963 
53285 -0.0107489 -0.227033 
53286 -0.0139992 -0.0687715 
53287 -0.0171879 0.0901987 
53288 -0.0205042 0.249646 
53289 -0.0237868 0.409703 
53290 0.147036 -0.222884 
53291 0.144229 -0.0651472 
53292 0.141184 0.0931992 
53293 0.138254 0.251986 
53294 0.135337 0.411648 
53295 0.303836 -0.218875 
53296 0.30125 -0.0617347 
53297 0.298497 0.0960304 
53298 0.29591 0.25449 
53299 0.29311 0.4133 
53300 -0.329746 -0.23297 
53301 -0.334078 -0.0744485 
53302 -0.338292 0.0848498 
53303 -0.342491 0.244915 
53304 -0.346807 0.405771 
53305 -0.170297 -0.228649 
53306 -0.174121 -0.0704309 
53307 -0.177912 0.0882885 
53308 -0.181976 0.24762 
53309 -0.185733 0.407727 
53310 -0.0120795 -0.22415 
53311 -0.0154834 -0.0666721 
53312 -0.0190392 0.0912541 
53313 -0.0226544 0.250137 
53314 -0.0262747 0.409526 
53315 0.144955 -0.219514 
53316 0.141683 -0.0628342 
53317 0.138427 0.0945139 
53318 0.135392 0.252753 
53319 0.132084 0.411522 
53320 0.300426 -0.215267 
53321 0.297765 -0.0591624 
53322 0.294708 0.0977781 
53323 0.292084 0.255335 
53324 0.289118 0.413322 
53325 -0.329436 -0.230786 
53326 -0.334155 -0.0730304 
53327 -0.338827 0.0857328 
53328 -0.343491 0.245173 
53329 -0.348008 0.405377 
53330 -0.170787 -0.225974 
53331 -0.174893 -0.0687315 
53332 -0.179065 0.0892445 
53333 -0.183343 0.247885 
53334 -0.187556 0.407494 
53335 -0.0133264 -0.221002 
53336 -0.017089 -0.06453 
53337 -0.0208709 0.0926182 
53338 -0.0247502 0.250767 
53339 -0.0286101 0.409523 
53340 0.142701 -0.216242 
53341 0.139223 -0.0605174 
53342 0.135684 0.0960862 
53343 0.132336 0.25337 
53344 0.128915 0.411587 
53345 0.297336 -0.211442 
53346 0.294327 -0.0563658 
53347 0.291264 0.0993738 
53348 0.288253 0.256069 
53349 0.285102 0.413481 
53350 -0.329423 -0.228343 
53351 -0.334248 -0.0712935 
53352 -0.339177 0.0867098 
53353 -0.344164 0.245475 
53354 -0.349266 0.405305 
53355 -0.17126 -0.223256 
53356 -0.175661 -0.0668427 
53357 -0.180325 0.0904037 
53358 -0.184685 0.248402 
53359 -0.189354 0.407357 
53360 -0.0147275 -0.218156 
53361 -0.01875 -0.0626447 
53362 -0.0228013 0.0940619 
53363 -0.0267723 0.251317 
53364 -0.0309102 0.409606 
53365 0.140346 -0.212938 
53366 0.13683 -0.0581841 
53367 0.133043 0.0975714 
53368 0.129719 0.254278 
53369 0.125878 0.411727 
53370 0.294007 -0.207962 
53371 0.290765 -0.0537151 
53372 0.287693 0.101037 
53373 0.284476 0.257105 
53374 0.281345 0.413756 
53375 -0.329132 -0.226041 
53376 -0.334541 -0.069726 
53377 -0.33968 0.0876487 
53378 -0.345076 0.245862 
53379 -0.350522 0.405247 
53380 -0.171775 -0.220358 
53381 -0.176623 -0.0649368 
53382 -0.181431 0.0915643 
53383 -0.186097 0.249156 
53384 -0.190935 0.407391 
53385 -0.0160547 -0.214983 
53386 -0.0203751 -0.0602583 
53387 -0.0246127 0.0954782 
53388 -0.0288318 0.252086 
53389 -0.0333009 0.409634 
53390 0.138043 -0.209592 
53391 0.134427 -0.0556111 
53392 0.130668 0.0992222 
53393 0.126785 0.255058 
53394 0.12311 0.411928 
53395 0.290748 -0.204302 
53396 0.287394 -0.0511318 
53397 0.284176 0.102951 
53398 0.280736 0.258015 
53399 0.277392 0.414056 
53400 -0.328994 -0.22341 
53401 -0.334603 -0.0678281 
53402 -0.340236 0.0887828 
53403 -0.346006 0.246504 
53404 -0.35166 0.405132 
53405 -0.172381 -0.217755 
53406 -0.177472 -0.0629652 
53407 -0.182467 0.0928444 
53408 -0.187606 0.249713 
53409 -0.192699 0.407622 
53410 -0.0173795 -0.211907 
53411 -0.0219931 -0.0581183 
53412 -0.0263419 0.0967397 
53413 -0.0309317 0.252747 
53414 -0.0355286 0.410067 
53415 0.135832 -0.206237 
53416 0.131878 -0.0532916 
53417 0.128085 0.100862 
53418 0.123947 0.256084 
53419 0.119879 0.412175 
53420 0.287505 -0.200737 
53421 0.284 -0.0484085 
53422 0.280623 0.10493 
53423 0.277199 0.259226 
53424 0.273642 0.414523 
53425 -0.329043 -0.220867 
53426 -0.334967 -0.0661842 
53427 -0.340834 0.0898439 
53428 -0.34675 0.247091 
53429 -0.352867 0.405354 
53430 -0.172998 -0.214869 
53431 -0.178169 -0.0609266 
53432 -0.183558 0.0941768 
53433 -0.188901 0.250283 
53434 -0.194301 0.407916 
53435 -0.0188612 -0.208764 
53436 -0.0234086 -0.0557617 
53437 -0.0281473 0.0983648 
53438 -0.0329502 0.253675 
53439 -0.037589 0.410236 
53440 0.133469 -0.202903 
53441 0.12954 -0.0508244 
53442 0.125366 0.102442 
53443 0.121225 0.257016 
53444 0.116945 0.412528 
53445 0.284319 -0.197026 
53446 0.280629 -0.0457003 
53447 0.277248 0.106628 
53448 0.273744 0.260278 
53449 0.269964 0.41488 
53450 -0.329021 -0.218138 
53451 -0.335124 -0.06415 
53452 -0.341384 0.0911749 
53453 -0.347722 0.247717 
53454 -0.353961 0.405709 
53455 -0.173654 -0.211984 
53456 -0.179049 -0.0588512 
53457 -0.18462 0.0955487 
53458 -0.190293 0.251174 
53459 -0.19594 0.408194 
53460 -0.020173 -0.205729 
53461 -0.0250937 -0.0534688 
53462 -0.0299186 0.0998501 
53463 -0.0349317 0.254538 
53464 -0.0398562 0.410589 
53465 0.131174 -0.199623 
53466 0.127237 -0.0482402 
53467 0.122969 0.104172 
53468 0.118647 0.258024 
53469 0.114397 0.412917 
53470 0.280853 -0.193522 
53471 0.277324 -0.0430393 
53472 0.273638 0.108509 
53473 0.270118 0.261303 
53474 0.266453 0.415312 
53475 -0.328969 -0.215465 
53476 -0.335477 -0.062194 
53477 -0.342044 0.0924429 
53478 -0.348397 0.248573 
53479 -0.355131 0.406078 
53480 -0.174439 -0.208979 
53481 -0.180048 -0.0566842 
53482 -0.185941 0.0971172 
53483 -0.191567 0.252067 
53484 -0.197378 0.408515 
53485 -0.0216355 -0.202569 
53486 -0.0266336 -0.0511222 
53487 -0.0317514 0.101573 
53488 -0.0368427 0.255486 
53489 -0.0420714 0.410969 
53490 0.128915 -0.196122 
53491 0.124664 -0.0458117 
53492 0.120215 0.105958 
53493 0.116051 0.258942 
53494 0.111545 0.413424 
53495 0.277687 -0.189827 
53496 0.27399 -0.0405627 
53497 0.270386 0.110253 
53498 0.266664 0.262294 
53499 0.262997 0.415825 
53500 -0.32905 -0.212693 
53501 -0.335631 -0.0600427 
53502 -0.342468 0.09395 
53503 -0.349355 0.249439 
53504 -0.35608 0.406521 
53505 -0.175067 -0.206017 
53506 -0.180869 -0.0543892 
53507 -0.186987 0.0987569 
53508 -0.193033 0.253044 
53509 -0.198888 0.409155 
53510 -0.0231828 -0.199334 
53511 -0.0282286 -0.0487249 
53512 -0.0336431 0.103112 
53513 -0.038705 0.25654 
53514 -0.0439151 0.41157 
53515 0.126599 -0.192811 
53516 0.12234 -0.0433834 
53517 0.117884 0.107652 
53518 0.113348 0.26011 
53519 0.108758 0.413751 
53520 0.274295 -0.186434 
53521 0.270763 -0.0377839 
53522 0.267016 0.112178 
53523 0.263274 0.263541 
53524 0.259428 0.416353 
53525 -0.329051 -0.209847 
53526 -0.335908 -0.0580532 
53527 -0.343115 0.0953799 
53528 -0.350094 0.250421 
53529 -0.357134 0.407109 
53530 -0.175879 -0.202968 
53531 -0.181805 -0.0522432 
53532 -0.18803 0.100135 
53533 -0.194254 0.254058 
53534 -0.20045 0.40952 
53535 -0.0247658 -0.196192 
53536 -0.0300852 -0.0463785 
53537 -0.0353056 0.104842 
53538 -0.04057 0.257605 
53539 -0.045994 0.412007 
53540 0.124392 -0.189565 
53541 0.11977 -0.0406691 
53542 0.115277 0.109219 
53543 0.110723 0.261182 
53544 0.10617 0.414454 
53545 0.271123 -0.182836 
53546 0.267426 -0.035143 
53547 0.263671 0.113774 
53548 0.259919 0.264575 
53549 0.256135 0.416726 
