53125 -0.333323 -0.250005 
53126 -0.333339 -0.0833191 
53127 -0.333335 0.0833035 
53128 -0.333279 0.250127 
53129 -0.333352 0.416665 
53130 -0.166709 -0.250016 
53131 -0.16664 -0.0832101 
53132 -0.166549 0.0833004 
53133 -0.166557 0.249948 
53134 -0.166615 0.416607 
53135 8.46855e-05 -0.25001 
53136 -2.56159e-05 -0.0832707 
53137 -6.93917e-05 0.0832733 
53138 3.62061e-05 0.250114 
53139 6.39364e-05 0.416677 
53140 0.166666 -0.249992 
53141 0.166661 -0.0834335 
53142 0.166777 0.0833438 
53143 0.166691 0.249971 
53144 0.166649 0.416662 
53145 0.333333 -0.250047 
53146 0.333412 -0.0832844 
53147 0.333291 0.0833771 
53148 0.33326 0.249913 
53149 0.333292 0.416593 
53150 -0.332826 -0.248351 
53151 -0.333336 -0.0827467 
53152 -0.333713 0.083362 
53153 -0.334219 0.249254 
53154 -0.334718 0.415428 
53155 -0.16689 -0.247967 
53156 -0.167386 -0.0821204 
53157 -0.167767 0.0836376 
53158 -0.168351 0.249651 
53159 -0.168789 0.415616 
53160 -0.00116122 -0.247442 
53161 -0.00150854 -0.0817419 
53162 -0.001739 0.0840287 
53163 -0.00228993 0.249761 
53164 -0.0026231 0.415809 
53165 0.164483 -0.247073 
53166 0.16402 -0.0813787 
53167 0.163631 0.0843444 
53168 0.163352 0.250191 
53169 0.163074 0.415967 
53170 0.330027 -0.246384 
53171 0.329701 -0.0808942 
53172 0.329439 0.0847392 
53173 0.329028 0.250395 
53174 0.328775 0.416275 
53175 -0.332409 -0.246656 
53176 -0.333329 -0.0817026 
53177 -0.334257 0.083438 
53178 -0.335155 0.248779 
53179 -0.336056 0.414175 
53180 -0.167211 -0.245702 
53181 -0.168117 -0.0808222 
53182 -0.168991 0.0840291 
53183 -0.169746 0.249298 
53184 -0.170584 0.414553 
53185 -0.0023694 -0.244743 
53186 -0.00306524 -0.0800324 
53187 -0.00398417 0.0848447 
53188 -0.00464109 0.249837 
53189 -0.00552051 0.414844 
53190 0.162211 -0.243849 
53191 0.161623 -0.0792996 
53192 0.160961 0.0854576 
53193 0.160136 0.250322 
53194 0.159642 0.415299 
53195 0.326649 -0.242812 
53196 0.325972 -0.07835 
53197 0.325383 0.0862601 
53198 0.324855 0.250833 
53199 0.324078 0.415755 
53200 -0.331953 -0.244991 
53201 -0.333326 -0.0807772 
53202 -0.334657 0.0837835 
53203 -0.33598 0.248221 
53204 -0.337303 0.413186 
53205 -0.167519 -0.24344 
53206 -0.168718 -0.0794896 
53207 -0.170011 0.0846632 
53208 -0.171193 0.249074 
53209 -0.172474 0.413861 
53210 -0.00347042 -0.2421 
53211 -0.00475206 -0.0782023 
53212 -0.00581134 0.085737 
53213 -0.00695943 0.249956 
53214 -0.00815227 0.414238 
53215 0.160121 -0.240601 
53216 0.159208 -0.0770107 
53217 0.157982 0.0866913 
53218 0.157066 0.250723 
53219 0.156038 0.414992 
53220 0.323221 -0.239161 
53221 0.32237 -0.0758418 
53222 0.321475 0.0876727 
53223 0.320555 0.251489 
53224 0.319731 0.41556 
53225 -0.331606 -0.243032 
53226 -0.333343 -0.0796197 
53227 -0.335123 0.083956 
53228 -0.336972 0.247917 
53229 -0.338654 0.412425 
53230 -0.167931 -0.241107 
53231 -0.169615 -0.0779796 
53232 -0.171131 0.0853367 
53233 -0.172773 0.249112 
53234 -0.174444 0.412969 
53235 -0.00469016 -0.239308 
53236 -0.00621503 -0.0763835 
53237 -0.00765405 0.0866215 
53238 -0.00921528 0.250139 
53239 -0.010632 0.413867 
53240 0.157816 -0.237357 
53241 0.156628 -0.0747436 
53242 0.155278 0.0879491 
53243 0.15406 0.251187 
53244 0.15262 0.414619 
53245 0.319849 -0.23553 
53246 0.318815 -0.0731922 
53247 0.31758 0.0893881 
53248 0.316399 0.252253 
53249 0.315145 0.41522 
53250 -0.331261 -0.240877 
53251 -0.333456 -0.0783446 
53252 -0.335539 0.0844123 
53253 -0.337767 0.247703 
53254 -0.340161 0.411615 
53255 -0.168192 -0.238729 
53256 -0.170274 -0.0765555 
53257 -0.172224 0.0862706 
53258 -0.174199 0.249124 
53259 -0.176199 0.412354 
53260 -0.0059811 -0.236348 
53261 -0.00780481 -0.0744647 
53262 -0.00942586 0.0876438 
53263 -0.0113178 0.250379 
53264 -0.0131766 0.413423 
53265 0.155715 -0.23418 
53266 0.15397 -0.0726511 
53267 0.152416 0.0894025 
53268 0.15079 0.251759 
53269 0.149141 0.414315 
53270 0.316616 -0.231814 
53271 0.315323 -0.0705895 
53272 0.313691 0.0910072 
53273 0.312203 0.252931 
53274 0.310906 0.415371 
53275 -0.330842 -0.238842 
53276 -0.333494 -0.0771066 
53277 -0.336141 0.0850143 
53278 -0.338719 0.247701 
53279 -0.341345 0.410954 
53280 -0.168646 -0.236077 
53281 -0.171071 -0.0748096 
53282 -0.173222 0.0869575 
53283 -0.175737 0.249214 
53284 -0.178058 0.412074 
53285 -0.00739813 -0.233411 
53286 -0.00933435 -0.0724138 
53287 -0.0114363 0.0889558 
53288 -0.0135309 0.250723 
53289 -0.015619 0.413044 
53290 0.153343 -0.230703 
53291 0.151615 -0.070181 
53292 0.149593 0.0907701 
53293 0.147784 0.252235 
53294 0.145887 0.414255 
53295 0.313359 -0.228163 
53296 0.311661 -0.0678069 
53297 0.310007 0.0927731 
53298 0.308303 0.253652 
53299 0.30667 0.415276 
53300 -0.330472 -0.236593 
53301 -0.333695 -0.075666 
53302 -0.336553 0.0858916 
53303 -0.339673 0.247805 
53304 -0.342608 0.410407 
53305 -0.169107 -0.2335 
53306 -0.171808 -0.0733007 
53307 -0.174418 0.0878356 
53308 -0.177106 0.249483 
53309 -0.179872 0.411687 
53310 -0.00856565 -0.230353 
53311 -0.0109728 -0.0703619 
53312 -0.0133442 0.0900761 
53313 -0.0157544 0.251339 
53314 -0.018147 0.412964 
53315 0.151131 -0.227257 
53316 0.149044 -0.0678813 
53317 0.146934 0.0922612 
53318 0.144887 0.25294 
53319 0.142654 0.414263 
53320 0.309975 -0.22419 
53321 0.308036 -0.0652078 
53322 0.306329 0.0945339 
53323 0.304335 0.2546 
53324 0.3026 0.415444 
53325 -0.330415 -0.234324 
53326 -0.333621 -0.0741987 
53327 -0.336992 0.0866909 
53328 -0.340322 0.247934 
53329 -0.343885 0.410061 
53330 -0.169589 -0.230955 
53331 -0.172656 -0.0713462 
53332 -0.175551 0.0889688 
53333 -0.178628 0.249966 
53334 -0.181658 0.411465 
53335 -0.0097499 -0.227372 
53336 -0.0124022 -0.0684026 
53337 -0.0152647 0.091488 
53338 -0.0177957 0.251798 
53339 -0.0205236 0.412865 
53340 0.148918 -0.223934 
53341 0.146678 -0.0653593 
53342 0.144239 0.093895 
53343 0.141832 0.253779 
53344 0.139437 0.414134 
53345 0.306454 -0.22044 
53346 0.304489 -0.0625171 
53347 0.302486 0.0962031 
53348 0.300546 0.255533 
53349 0.298449 0.415565 
53350 -0.330215 -0.231863 
53351 -0.333849 -0.0726776 
53352 -0.337563 0.0874961 
53353 -0.341281 0.248196 
53354 -0.345072 0.409787 
53355 -0.16994 -0.228083 
53356 -0.173333 -0.0693862 
53357 -0.176657 0.0902937 
53358 -0.180021 0.250309 
53359 -0.18339 0.411339 
53360 -0.0110115 -0.224365 
53361 -0.0140516 -0.0661964 
53362 -0.0169619 0.0928162 
53363 -0.0197904 0.252417 
53364 -0.0229676 0.41287 
53365 0.146662 -0.220577 
53366 0.144009 -0.0629491 
53367 0.141514 0.0953457 
53368 0.138961 0.254502 
53369 0.136433 0.414309 
53370 0.303289 -0.216693 
53371 0.301061 -0.0596564 
53372 0.298915 0.0981128 
53373 0.296693 0.256676 
53374 0.294563 0.415763 
53375 -0.329959 -0.229385 
53376 -0.333938 -0.0709258 
53377 -0.338003 0.0885682 
53378 -0.342129 0.248836 
53379 -0.346182 0.409854 
53380 -0.170588 -0.22527 
53381 -0.174122 -0.0674142 
53382 -0.177705 0.0913675 
53383 -0.181438 0.250924 
53384 -0.185086 0.41163 
53385 -0.0124581 -0.221223 
53386 -0.0156 -0.0639185 
53387 -0.0188379 0.0943203 
53388 -0.0220224 0.253254 
53389 -0.0252707 0.41303 
53390 0.14458 -0.217017 
53391 0.141627 -0.0604803 
53392 0.138732 0.0971026 
53393 0.136086 0.2554 
53394 0.133192 0.414507 
53395 0.300063 -0.213032 
53396 0.297629 -0.0570286 
53397 0.295358 0.099817 
53398 0.293014 0.257561 
53399 0.290682 0.416087 
53400 -0.329761 -0.226894 
53401 -0.334081 -0.0690421 
53402 -0.338504 0.0896114 
53403 -0.342977 0.249291 
53404 -0.347429 0.409911 
53405 -0.171167 -0.22246 
53406 -0.174758 -0.065297 
53407 -0.178864 0.092623 
53408 -0.182759 0.251616 
53409 -0.186752 0.411511 
53410 -0.0137935 -0.217952 
53411 -0.0172576 -0.0615189 
53412 -0.0204648 0.0956547 
53413 -0.0239531 0.254004 
53414 -0.0276418 0.41318 
53415 0.142076 -0.213585 
53416 0.139199 -0.0579958 
53417 0.136264 0.0987969 
53418 0.133299 0.256316 
53419 0.130278 0.414847 
53420 0.29677 -0.209316 
53421 0.294172 -0.0542855 
53422 0.291722 0.101758 
53423 0.289313 0.258552 
53424 0.286743 0.416352 
53425 -0.329737 -0.224091 
53426 -0.334372 -0.067305 
53427 -0.338997 0.0908923 
53428 -0.343813 0.249818 
53429 -0.348521 0.410001 
53430 -0.171633 -0.219381 
53431 -0.175673 -0.0632907 
53432 -0.179877 0.0941589 
53433 -0.184068 0.252329 
53434 -0.188433 0.411796 
53435 -0.0152923 -0.214828 
53436 -0.0188385 -0.0593549 
53437 -0.022352 0.0972106 
53438 -0.02611 0.254873 
53439 -0.0296277 0.413459 
53440 0.139728 -0.210005 
53441 0.136684 -0.0552398 
53442 0.133613 0.100404 
53443 0.130499 0.257168 
53444 0.127505 0.415164 
53445 0.293275 -0.205604 
53446 0.290813 -0.0514767 
53447 0.288281 0.103657 
53448 0.285549 0.259671 
53449 0.283081 0.416834 
53450 -0.329611 -0.221313 
53451 -0.334598 -0.0652116 
53452 -0.339555 0.0921304 
53453 -0.344561 0.250681 
53454 -0.349723 0.410314 
53455 -0.172285 -0.216594 
53456 -0.176526 -0.0610792 
53457 -0.181091 0.0955008 
53458 -0.185432 0.253234 
53459 -0.189901 0.412035 
53460 -0.0166825 -0.211637 
53461 -0.0205583 -0.0568998 
53462 -0.0242973 0.0987429 
53463 -0.0281689 0.255768 
53464 -0.0318803 0.413788 
53465 0.137552 -0.206664 
53466 0.134295 -0.0528405 
53467 0.1312 0.102104 
53468 0.127978 0.258241 
53469 0.124536 0.415598 
53470 0.289985 -0.201842 
53471 0.287362 -0.0488608 
53472 0.284669 0.105328 
53473 0.282088 0.260727 
53474 0.279341 0.417189 
53475 -0.329593 -0.218649 
53476 -0.334822 -0.0632421 
53477 -0.34003 0.0934246 
53478 -0.345459 0.251474 
53479 -0.350776 0.410796 
53480 -0.17299 -0.213373 
53481 -0.177402 -0.0587689 
53482 -0.18223 0.0969244 
53483 -0.186691 0.254034 
53484 -0.191373 0.412453 
53485 -0.0180721 -0.208384 
53486 -0.0219774 -0.0545886 
53487 -0.0260202 0.100443 
53488 -0.0300046 0.25686 
53489 -0.0340432 0.414139 
53490 0.135107 -0.203163 
53491 0.131864 -0.0502981 
53492 0.128468 0.103937 
53493 0.125152 0.259385 
53494 0.121885 0.415973 
53495 0.286626 -0.1982 
53496 0.283913 -0.0460461 
53497 0.281296 0.107254 
53498 0.278565 0.261917 
53499 0.275793 0.417779 
53500 -0.329542 -0.215778 
53501 -0.334983 -0.0612313 
53502 -0.340502 0.0948409 
53503 -0.34615 0.252499 
53504 -0.351814 0.411182 
53505 -0.173554 -0.210396 
53506 -0.178359 -0.0566653 
53507 -0.183166 0.0985168 
53508 -0.188004 0.254995 
53509 -0.193003 0.412873 
53510 -0.0196223 -0.205144 
53511 -0.0236435 -0.0522029 
53512 -0.0278051 0.10212 
53513 -0.0318882 0.257798 
53514 -0.0360492 0.414707 
53515 0.132789 -0.199719 
53516 0.129237 -0.0477112 
53517 0.126039 0.105612 
53518 0.12245 0.260408 
53519 0.119047 0.416508 
53520 0.283233 -0.19456 
53521 0.280585 -0.0433382 
53522 0.277934 0.109306 
53523 0.275087 0.263125 
53524 0.272521 0.418138 
53525 -0.329558 -0.213039 
53526 -0.335345 -0.058931 
53527 -0.34102 0.0964256 
53528 -0.346911 0.253323 
53529 -0.35283 0.411654 
53530 -0.174316 -0.207317 
53531 -0.179259 -0.0544048 
53532 -0.18441 0.100108 
53533 -0.189378 0.256082 
53534 -0.194373 0.413421 
53535 -0.0210816 -0.201859 
53536 -0.025295 -0.0496411 
53537 -0.0294814 0.103836 
53538 -0.0337714 0.258756 
53539 -0.0380524 0.415222 
53540 0.130414 -0.196291 
53541 0.126919 -0.0451691 
53542 0.123499 0.107407 
53543 0.119951 0.261489 
53544 0.116369 0.416881 
53545 0.279864 -0.190914 
53546 0.277259 -0.040622 
53547 0.274579 0.111085 
53548 0.271547 0.263949 
53549 0.26892 0.418657 
53550 -0.329647 -0.209903 
53551 -0.335576 -0.0568349 
53552 -0.341584 0.0978402 
53553 -0.347673 0.254086 
53554 -0.353739 0.412394 
53555 -0.174972 -0.20415 
53556 -0.180204 -0.0520461 
53557 -0.185382 0.101758 
53558 -0.19058 0.257095 
53559 -0.195868 0.414049 
53560 -0.022605 -0.198401 
53561 -0.0268108 -0.0473062 
53562 -0.0312201 0.105564 
53563 -0.0356206 0.259769 
53564 -0.0401493 0.415901 
53565 0.128057 -0.192957 
53566 0.124525 -0.0426479 
53567 0.120949 0.109095 
53568 0.11745 0.262498 
53569 0.113792 0.417357 
53570 0.276769 -0.187231 
53571 0.273983 -0.0380469 
53572 0.271188 0.112828 
53573 0.268382 0.265201 
53574 0.265473 0.419125 
53575 -0.329766 -0.207179 
53576 -0.335888 -0.0546239 
53577 -0.341995 0.0996094 
53578 -0.348387 0.255372 
53579 -0.354651 0.413089 
53580 -0.175863 -0.201113 
53581 -0.181006 -0.0496192 
53582 -0.186482 0.103458 
53583 -0.191683 0.258256 
53584 -0.197207 0.414681 
53585 -0.0240905 -0.195216 
53586 -0.0284739 -0.0448191 
53587 -0.0330077 0.107152 
53588 -0.0373808 0.260985 
53589 -0.0419587 0.416327 
53590 0.125665 -0.189471 
53591 0.122118 -0.0401804 
53592 0.118597 0.111016 
53593 0.114895 0.263603 
53594 0.111375 0.4181 
53595 0.273206 -0.183642 
53596 0.270542 -0.0353627 
53597 0.267876 0.114655 
53598 0.265184 0.266378 
53599 0.2623 0.419709 
53600 -0.329966 -0.204008 
53601 -0.336371 -0.0521874 
53602 -0.34268 0.101239 
53603 -0.349157 0.256558 
53604 -0.355724 0.41389 
53605 -0.176659 -0.197928 
53606 -0.182056 -0.0473225 
53607 -0.187454 0.105023 
53608 -0.193025 0.259307 
53609 -0.198387 0.415354 
53610 -0.025625 -0.191946 
53611 -0.0300412 -0.0423003 
53612 -0.0346606 0.108977 
53613 -0.039322 0.261968 
53614 -0.0439227 0.417089 
53615 0.123099 -0.186166 
53616 0.119604 -0.0376862 
53617 0.11605 0.112792 
53618 0.11246 0.264714 
53619 0.108725 0.418544 
53620 0.269989 -0.180376 
53621 0.26718 -0.0327076 
53622 0.264561 0.116378 
53623 0.261802 0.267372 
53624 0.259049 0.420304 
