53175 -0.333335 -0.249947 
53176 -0.333336 -0.0833479 
53177 -0.333356 0.0834099 
53178 -0.333383 0.250072 
53179 -0.333254 0.416708 
53180 -0.166705 -0.250024 
53181 -0.166639 -0.0833642 
53182 -0.16666 0.083271 
53183 -0.166602 0.249973 
53184 -0.166575 0.416687 
53185 -1.13556e-05 -0.249982 
53186 6.49816e-05 -0.0833657 
53187 3.00165e-06 0.0832622 
53188 -1.46549e-05 0.250064 
53189 -7.99775e-05 0.41664 
53190 0.166634 -0.250027 
53191 0.166705 -0.083328 
53192 0.166573 0.0833494 
53193 0.166454 0.249917 
53194 0.166619 0.416609 
53195 0.333324 -0.250061 
53196 0.333175 -0.0834253 
53197 0.33343 0.0833943 
53198 0.333313 0.250039 
53199 0.333318 0.416655 
53200 -0.332809 -0.248203 
53201 -0.333442 -0.0823059 
53202 -0.333669 0.083611 
53203 -0.334185 0.249563 
53204 -0.334643 0.41564 
53205 -0.167043 -0.247635 
53206 -0.167362 -0.0819229 
53207 -0.167822 0.0839724 
53208 -0.168113 0.249818 
53209 -0.168566 0.415725 
53210 -0.00116265 -0.247249 
53211 -0.00157838 -0.0816001 
53212 -0.001906 0.0841688 
53213 -0.00236378 0.250137 
53214 -0.00268624 0.415828 
53215 0.164577 -0.246808 
53216 0.16403 -0.0811632 
53217 0.16381 0.0846453 
53218 0.163439 0.250432 
53219 0.163153 0.416131 
53220 0.330007 -0.246261 
53221 0.329687 -0.0807273 
53222 0.329412 0.0849641 
53223 0.329076 0.250657 
53224 0.328745 0.416428 
53225 -0.332548 -0.246239 
53226 -0.333352 -0.0810944 
53227 -0.334241 0.0839087 
53228 -0.335009 0.249311 
53229 -0.335959 0.414646 
53230 -0.167245 -0.245272 
53231 -0.168208 -0.0804419 
53232 -0.168937 0.0845496 
53233 -0.169745 0.249745 
53234 -0.170477 0.414924 
53235 -0.00231816 -0.244432 
53236 -0.00311214 -0.0796565 
53237 -0.00387507 0.0852002 
53238 -0.00454331 0.250313 
53239 -0.0052286 0.415437 
53240 0.162278 -0.24347 
53241 0.161581 -0.0789306 
53242 0.161049 0.0858828 
53243 0.160256 0.250769 
53244 0.159666 0.415773 
53245 0.326673 -0.242472 
53246 0.326082 -0.0780172 
53247 0.325416 0.0864762 
53248 0.324922 0.251211 
53249 0.32429 0.416188 
53250 -0.332078 -0.244313 
53251 -0.333342 -0.0799149 
53252 -0.33462 0.0843188 
53253 -0.335865 0.249025 
53254 -0.337352 0.413993 
53255 -0.167521 -0.242719 
53256 -0.168757 -0.0789329 
53257 -0.169986 0.085308 
53258 -0.171148 0.249745 
53259 -0.172397 0.414489 
53260 -0.00359568 -0.241355 
53261 -0.004666 -0.0776829 
53262 -0.00577664 0.0863261 
53263 -0.00682092 0.250575 
53264 -0.00786091 0.415151 
53265 0.16002 -0.240128 
53266 0.159024 -0.0765033 
53267 0.158093 0.0872522 
53268 0.157217 0.251228 
53269 0.156223 0.41553 
53270 0.323224 -0.238687 
53271 0.322454 -0.0754879 
53272 0.321626 0.088351 
53273 0.320791 0.252078 
53274 0.320011 0.416145 
53275 -0.331646 -0.241946 
53276 -0.333418 -0.0786948 
53277 -0.335137 0.0850019 
53278 -0.336848 0.249021 
53279 -0.33856 0.413347 
53280 -0.16795 -0.240174 
53281 -0.169429 -0.0771919 
53282 -0.171086 0.0862116 
53283 -0.172567 0.249858 
53284 -0.17421 0.413983 
53285 -0.00489675 -0.238262 
53286 -0.00619825 -0.0757135 
53287 -0.0074472 0.0875283 
53288 -0.00900218 0.250799 
53289 -0.010423 0.414757 
53290 0.157813 -0.236714 
53291 0.156624 -0.0741388 
53292 0.155328 0.0886974 
53293 0.154143 0.251967 
53294 0.152911 0.415512 
53295 0.319892 -0.23486 
53296 0.318771 -0.0725207 
53297 0.317701 0.0899664 
53298 0.316725 0.252865 
53299 0.315628 0.416063 
53300 -0.331277 -0.239776 
53301 -0.333492 -0.077323 
53302 -0.335529 0.0857415 
53303 -0.337729 0.249113 
53304 -0.339917 0.413017 
53305 -0.168383 -0.237546 
53306 -0.170326 -0.0752834 
53307 -0.172181 0.0872629 
53308 -0.174099 0.250298 
53309 -0.176032 0.413617 
53310 -0.00597835 -0.235488 
53311 -0.00779668 -0.0735027 
53312 -0.00951827 0.0888243 
53313 -0.0111836 0.251389 
53314 -0.0128962 0.414616 
53315 0.155419 -0.23329 
53316 0.154093 -0.0717626 
53317 0.152489 0.0901624 
53318 0.151068 0.252526 
53319 0.149608 0.415336 
53320 0.316431 -0.231261 
53321 0.315226 -0.0698875 
53322 0.313878 0.0916577 
53323 0.312716 0.253784 
53324 0.311499 0.416218 
53325 -0.33095 -0.237428 
53326 -0.333494 -0.0756763 
53327 -0.335902 0.0864063 
53328 -0.338557 0.249198 
53329 -0.341103 0.412548 
53330 -0.168724 -0.234792 
53331 -0.17092 -0.0736331 
53332 -0.173302 0.0882861 
53333 -0.175595 0.250715 
53334 -0.17779 0.413617 
53335 -0.00726908 -0.232307 
53336 -0.00937182 -0.0715033 
53337 -0.0112199 0.089984 
53338 -0.0132352 0.251916 
53339 -0.0152769 0.414475 
53340 0.153293 -0.229716 
53341 0.151514 -0.0693312 
53342 0.149821 0.0916814 
53343 0.14816 0.253496 
53344 0.14645 0.415431 
53345 0.313183 -0.227094 
53346 0.311589 -0.067034 
53347 0.310111 0.093533 
53348 0.308716 0.254558 
53349 0.307188 0.416322 
53350 -0.330727 -0.234871 
53351 -0.333683 -0.073971 
53352 -0.336434 0.0873714 
53353 -0.339356 0.249438 
53354 -0.342236 0.412238 
53355 -0.169202 -0.231923 
53356 -0.171786 -0.071671 
53357 -0.174472 0.0893951 
53358 -0.176906 0.251207 
53359 -0.179572 0.413397 
53360 -0.00867334 -0.229113 
53361 -0.01072 -0.0691846 
53362 -0.0130392 0.0915524 
53363 -0.0154316 0.252641 
53364 -0.0177306 0.414344 
53365 0.151014 -0.226176 
53366 0.149161 -0.0667983 
53367 0.147134 0.0933112 
53368 0.145176 0.254213 
53369 0.143197 0.415579 
53370 0.309804 -0.223311 
53371 0.308059 -0.0642303 
53372 0.306393 0.095421 
53373 0.304918 0.255532 
53374 0.303142 0.416633 
53375 -0.330517 -0.232261 
53376 -0.333777 -0.0723354 
53377 -0.337001 0.0884961 
53378 -0.340251 0.249976 
53379 -0.343496 0.412282 
53380 -0.169718 -0.229205 
53381 -0.172543 -0.069618 
53382 -0.175472 0.090801 
53383 -0.17845 0.251724 
53384 -0.181178 0.413363 
53385 -0.0100744 -0.225883 
53386 -0.0124504 -0.0670153 
53387 -0.0148816 0.0929842 
53388 -0.0174553 0.253413 
53389 -0.0199739 0.414644 
53390 0.148715 -0.222695 
53391 0.146552 -0.0641326 
53392 0.144436 0.095001 
53393 0.142328 0.255055 
53394 0.140248 0.415715 
53395 0.306382 -0.219482 
53396 0.304632 -0.0614626 
53397 0.302801 0.0971433 
53398 0.30109 0.256728 
53399 0.299346 0.416891 
53400 -0.330275 -0.229808 
53401 -0.333841 -0.0705834 
53402 -0.337528 0.0896265 
53403 -0.340978 0.250463 
53404 -0.344762 0.412222 
53405 -0.170402 -0.226226 
53406 -0.1734 -0.0675915 
53407 -0.176547 0.0919111 
53408 -0.179732 0.252322 
53409 -0.18283 0.413535 
53410 -0.0113293 -0.222621 
53411 -0.0140549 -0.0645833 
53412 -0.0168293 0.0943479 
53413 -0.0193445 0.254264 
53414 -0.0223241 0.414721 
53415 0.146293 -0.219153 
53416 0.143983 -0.0616316 
53417 0.141788 0.0968108 
53418 0.139457 0.255904 
53419 0.137186 0.416083 
53420 0.302872 -0.215783 
53421 0.301073 -0.0587141 
53422 0.299201 0.0991767 
53423 0.297294 0.257715 
53424 0.295464 0.417224 
53425 -0.330095 -0.227155 
53426 -0.333998 -0.0687419 
53427 -0.337869 0.0907262 
53428 -0.341703 0.251126 
53429 -0.345764 0.412448 
53430 -0.170777 -0.223263 
53431 -0.174185 -0.0653889 
53432 -0.177649 0.0933168 
53433 -0.181043 0.253103 
53434 -0.184404 0.41364 
53435 -0.0128054 -0.219413 
53436 -0.0156999 -0.0621366 
53437 -0.0185836 0.095909 
53438 -0.0216375 0.254986 
53439 -0.0245437 0.41496 
53440 0.144062 -0.215733 
53441 0.14158 -0.0589976 
53442 0.139191 0.0985387 
53443 0.136847 0.256943 
53444 0.134338 0.416318 
53445 0.299546 -0.211883 
53446 0.297724 -0.055934 
53447 0.295643 0.101003 
53448 0.29364 0.258918 
53449 0.291645 0.417623 
53450 -0.330034 -0.224348 
53451 -0.334185 -0.0666502 
53452 -0.338422 0.0919812 
53453 -0.342503 0.251949 
53454 -0.346872 0.41278 
53455 -0.171461 -0.220101 
53456 -0.175058 -0.0633015 
53457 -0.178517 0.0948045 
53458 -0.18245 0.253878 
53459 -0.186047 0.413913 
53460 -0.0140215 -0.216195 
53461 -0.0172136 -0.0598828 
53462 -0.0204096 0.0974064 
53463 -0.0235553 0.255977 
53464 -0.0266056 0.415409 
53465 0.141605 -0.212029 
53466 0.139138 -0.0565058 
53467 0.136538 0.100342 
53468 0.133987 0.257962 
53469 0.131156 0.416573 
53470 0.296201 -0.208038 
53471 0.294247 -0.053216 
53472 0.292098 0.10293 
53473 0.290121 0.259994 
53474 0.2878 0.417917 
53475 -0.329901 -0.221494 
53476 -0.334481 -0.0646552 
53477 -0.338851 0.0934879 
53478 -0.34339 0.252583 
53479 -0.348015 0.412995 
53480 -0.172059 -0.21716 
53481 -0.175866 -0.061008 
53482 -0.179607 0.0962895 
53483 -0.183576 0.254693 
53484 -0.187599 0.414322 
53485 -0.0155714 -0.212826 
53486 -0.0190108 -0.057403 
53487 -0.0220883 0.0992361 
53488 -0.0254276 0.256983 
53489 -0.0288317 0.415831 
53490 0.139437 -0.20861 
53491 0.136629 -0.0538863 
53492 0.13391 0.102038 
53493 0.131328 0.258998 
53494 0.128395 0.417133 
53495 0.292802 -0.204411 
53496 0.290719 -0.0502645 
53497 0.288498 0.104747 
53498 0.286535 0.261093 
53499 0.28426 0.418345 
53500 -0.329928 -0.218588 
53501 -0.334717 -0.0625377 
53502 -0.339398 0.0949068 
53503 -0.344076 0.253494 
53504 -0.349116 0.413509 
53505 -0.172668 -0.214146 
53506 -0.17672 -0.0587323 
53507 -0.180744 0.0977939 
53508 -0.18479 0.255882 
53509 -0.188979 0.414869 
53510 -0.0169624 -0.209623 
53511 -0.0204968 -0.0548698 
53512 -0.0237705 0.100854 
53513 -0.0273965 0.257982 
53514 -0.0308438 0.416321 
53515 0.136942 -0.205002 
53516 0.13419 -0.0512178 
53517 0.131313 0.103774 
53518 0.128539 0.260052 
53519 0.125654 0.417624 
53520 0.289405 -0.200537 
53521 0.287351 -0.0475524 
53522 0.285078 0.106616 
53523 0.282919 0.262336 
53524 0.280669 0.418823 
53525 -0.32992 -0.215671 
53526 -0.334997 -0.060553 
53527 -0.339824 0.0964472 
53528 -0.344814 0.254605 
53529 -0.349871 0.413984 
53530 -0.173505 -0.211002 
53531 -0.177619 -0.0563792 
53532 -0.181904 0.0994119 
53533 -0.186186 0.256737 
53534 -0.190591 0.415367 
53535 -0.0186179 -0.206307 
53536 -0.0220245 -0.0525789 
53537 -0.0256448 0.102469 
53538 -0.0291834 0.258975 
53539 -0.0329192 0.41692 
53540 0.134603 -0.20155 
53541 0.131819 -0.0486356 
53542 0.12889 0.105441 
53543 0.126008 0.261103 
53544 0.123074 0.418073 
53545 0.286104 -0.196895 
53546 0.283917 -0.0447745 
53547 0.281741 0.108584 
53548 0.279419 0.263352 
53549 0.277393 0.419474 
53550 -0.329939 -0.212726 
53551 -0.335127 -0.0581343 
53552 -0.34038 0.0978719 
53553 -0.345576 0.255455 
53554 -0.350861 0.414662 
53555 -0.174054 -0.207854 
53556 -0.178599 -0.0540766 
53557 -0.182976 0.101239 
53558 -0.187469 0.257751 
53559 -0.191932 0.415947 
53560 -0.0200893 -0.202924 
53561 -0.0237693 -0.050108 
53562 -0.0273964 0.104358 
53563 -0.0311736 0.260032 
53564 -0.0348731 0.417252 
53565 0.132078 -0.198052 
53566 0.129334 -0.0458639 
53567 0.126269 0.107446 
53568 0.123348 0.262297 
53569 0.120569 0.418675 
53570 0.282717 -0.193114 
53571 0.280528 -0.0421872 
53572 0.278286 0.110419 
53573 0.276062 0.26442 
53574 0.27398 0.419826 
53575 -0.330064 -0.20972 
53576 -0.335525 -0.0558945 
53577 -0.340862 0.0996523 
53578 -0.346297 0.256682 
53579 -0.351892 0.415436 
53580 -0.174785 -0.204736 
53581 -0.179384 -0.0517464 
53582 -0.184086 0.102856 
53583 -0.188526 0.258907 
53584 -0.193336 0.416504 
53585 -0.0216381 -0.199477 
53586 -0.0252288 -0.0475537 
53587 -0.0291197 0.106008 
53588 -0.0328724 0.261184 
53589 -0.0367889 0.41794 
53590 0.129689 -0.194531 
53591 0.12689 -0.0435414 
53592 0.123867 0.109202 
53593 0.120849 0.263482 
53594 0.117904 0.419041 
53595 0.279456 -0.189721 
53596 0.277209 -0.0394712 
53597 0.275054 0.112226 
53598 0.272901 0.265583 
53599 0.270608 0.420229 
53600 -0.330247 -0.206674 
53601 -0.335708 -0.053559 
53602 -0.34141 0.101152 
53603 -0.347007 0.257746 
53604 -0.352839 0.4162 
53605 -0.175646 -0.201546 
53606 -0.180298 -0.0493455 
53607 -0.185044 0.104604 
53608 -0.189869 0.260078 
53609 -0.194591 0.417282 
53610 -0.0232406 -0.196161 
53611 -0.0270275 -0.0451094 
53612 -0.03083 0.10781 
53613 -0.0347397 0.262242 
53614 -0.0386431 0.418506 
53615 0.127342 -0.191122 
53616 0.124432 -0.0409218 
53617 0.121371 0.111029 
53618 0.118376 0.264483 
53619 0.115482 0.419775 
53620 0.275974 -0.186085 
53621 0.273896 -0.0367856 
53622 0.27164 0.114074 
53623 0.269562 0.266672 
53624 0.267368 0.420788 
53625 -0.330401 -0.203599 
53626 -0.336091 -0.0512531 
53627 -0.34189 0.10311 
53628 -0.347644 0.25895 
53629 -0.353534 0.416917 
53630 -0.176565 -0.198262 
53631 -0.181349 -0.0468283 
53632 -0.186066 0.10629 
53633 -0.191046 0.261274 
53634 -0.195791 0.418006 
53635 -0.0248423 -0.19297 
53636 -0.0286684 -0.0426205 
53637 -0.0325169 0.109499 
53638 -0.0363904 0.263631 
53639 -0.0404204 0.419212 
53640 0.12488 -0.187755 
53641 0.121992 -0.0383714 
53642 0.118935 0.112678 
53643 0.11606 0.265616 
53644 0.113036 0.420154 
53645 0.272494 -0.182617 
53646 0.27046 -0.0343435 
53647 0.268337 0.115854 
53648 0.266292 0.267789 
53649 0.264277 0.421426 
53650 -0.330757 -0.200464 
53651 -0.336427 -0.0488195 
53652 -0.342426 0.104815 
53653 -0.348312 0.260222 
53654 -0.354438 0.41784 
53655 -0.177493 -0.194887 
53656 -0.182191 -0.0443915 
53657 -0.187178 0.108049 
53658 -0.192148 0.262517 
53659 -0.197062 0.418899 
53660 -0.0264626 -0.189596 
53661 -0.030334 -0.0401825 
53662 -0.034095 0.111215 
53663 -0.0381662 0.264407 
53664 -0.0421037 0.419788 
53665 0.122505 -0.184476 
53666 0.119379 -0.0357655 
53667 0.116477 0.114403 
53668 0.113642 0.266689 
53669 0.110558 0.420834 
53670 0.269247 -0.179237 
53671 0.267204 -0.0317445 
53672 0.265165 0.117557 
53673 0.263208 0.26874 
53674 0.261106 0.421888 
