53775 -0.33347 -0.250109 
53776 -0.333375 -0.0834004 
53777 -0.333329 0.0832403 
53778 -0.333365 0.249953 
53779 -0.333368 0.416774 
53780 -0.166646 -0.250109 
53781 -0.166767 -0.0833084 
53782 -0.166585 0.083369 
53783 -0.166616 0.249986 
53784 -0.16662 0.416568 
53785 7.96908e-05 -0.249974 
53786 4.42023e-05 -0.0833989 
53787 2.32101e-05 0.083361 
53788 -9.84969e-05 0.249953 
53789 -2.81838e-06 0.416809 
53790 0.16677 -0.249991 
53791 0.166678 -0.0832236 
53792 0.166642 0.08333 
53793 0.166702 0.250002 
53794 0.166705 0.416712 
53795 0.33333 -0.249992 
53796 0.333276 -0.0832591 
53797 0.33336 0.083334 
53798 0.333424 0.250092 
53799 0.33333 0.416639 
53800 -0.333525 -0.246333 
53801 -0.333493 -0.0805615 
53802 -0.333725 0.0854044 
53803 -0.333589 0.251378 
53804 -0.333624 0.417571 
53805 -0.167585 -0.246223 
53806 -0.16743 -0.0806935 
53807 -0.16738 0.0853952 
53808 -0.167529 0.251104 
53809 -0.16753 0.417378 
53810 -0.00169452 -0.246363 
53811 -0.00167363 -0.0806832 
53812 -0.00162939 0.0850559 
53813 -0.00146879 0.25102 
53814 -0.00146824 0.417036 
53815 0.163931 -0.246313 
53816 0.164029 -0.0808129 
53817 0.16404 0.0849761 
53818 0.164257 0.250781 
53819 0.164539 0.416753 
53820 0.329259 -0.246215 
53821 0.329571 -0.0807626 
53822 0.3298 0.0849425 
53823 0.329967 0.250601 
53824 0.330142 0.41663 
53825 -0.333698 -0.242635 
53826 -0.33365 -0.0776072 
53827 -0.333767 0.0874904 
53828 -0.333825 0.252955 
53829 -0.333946 0.418582 
53830 -0.168422 -0.242768 
53831 -0.168544 -0.0778749 
53832 -0.168373 0.087038 
53833 -0.16835 0.252332 
53834 -0.168416 0.418129 
53835 -0.00359 -0.242723 
53836 -0.00346307 -0.0780543 
53837 -0.00323204 0.0867642 
53838 -0.00314491 0.251978 
53839 -0.00291228 0.417572 
53840 0.16077 -0.242712 
53841 0.161235 -0.0781602 
53842 0.161467 0.086726 
53843 0.161894 0.251721 
53844 0.162167 0.416998 
53845 0.325207 -0.242753 
53846 0.325696 -0.0782297 
53847 0.326122 0.0861941 
53848 0.326534 0.251306 
53849 0.326955 0.416445 
53850 -0.333769 -0.239113 
53851 -0.333919 -0.0750881 
53852 -0.33404 0.0892966 
53853 -0.334033 0.254213 
53854 -0.334312 0.419611 
53855 -0.169471 -0.239226 
53856 -0.169473 -0.0753302 
53857 -0.169308 0.089026 
53858 -0.169102 0.253513 
53859 -0.169144 0.418626 
53860 -0.00553034 -0.239223 
53861 -0.00522899 -0.0754355 
53862 -0.00501585 0.0885444 
53863 -0.00466151 0.25304 
53864 -0.00424158 0.417835 
53865 0.157993 -0.239162 
53866 0.158571 -0.0757649 
53867 0.159038 0.0881695 
53868 0.159539 0.252401 
53869 0.160105 0.417045 
53870 0.321126 -0.239228 
53871 0.32179 -0.0759094 
53872 0.322599 0.0876552 
53873 0.32332 0.251818 
53874 0.324079 0.416228 
53875 -0.334047 -0.235584 
53876 -0.33432 -0.0723886 
53877 -0.33436 0.0913362 
53878 -0.334412 0.255765 
53879 -0.334471 0.420558 
53880 -0.170444 -0.235736 
53881 -0.170368 -0.0727142 
53882 -0.170169 0.0908232 
53883 -0.170053 0.254799 
53884 -0.1698 0.419383 
53885 -0.00733049 -0.23557 
53886 -0.00703325 -0.0731379 
53887 -0.00661195 0.0901297 
53888 -0.00608773 0.253975 
53889 -0.00557558 0.418366 
53890 0.155161 -0.235645 
53891 0.155797 -0.0733239 
53892 0.156477 0.0895488 
53893 0.157259 0.253152 
53894 0.15786 0.417065 
53895 0.317073 -0.235724 
53896 0.318146 -0.0736841 
53897 0.319111 0.089152 
53898 0.320127 0.252307 
53899 0.320896 0.416023 
53900 -0.334534 -0.232087 
53901 -0.334529 -0.069657 
53902 -0.334485 0.0933869 
53903 -0.334598 0.257224 
53904 -0.334832 0.421478 
53905 -0.17158 -0.232166 
53906 -0.17135 -0.0701376 
53907 -0.17106 0.0925274 
53908 -0.170896 0.255947 
53909 -0.170474 0.419969 
53910 -0.00939893 -0.232405 
53911 -0.00881803 -0.0704927 
53912 -0.00812314 0.0917997 
53913 -0.00758094 0.254757 
53914 -0.00707757 0.418408 
53915 0.152178 -0.232457 
53916 0.153053 -0.0710711 
53917 0.154026 0.0909953 
53918 0.154928 0.253714 
53919 0.155862 0.417069 
53920 0.313204 -0.232466 
53921 0.3144 -0.0714044 
53922 0.315568 0.0902377 
53923 0.316884 0.252594 
53924 0.318064 0.415612 
53925 -0.334759 -0.228568 
53926 -0.334852 -0.0670278 
53927 -0.334955 0.0953262 
53928 -0.334975 0.258329 
53929 -0.334938 0.422356 
53930 -0.172681 -0.228882 
53931 -0.172347 -0.0675947 
53932 -0.171897 0.0943517 
53933 -0.171508 0.256968 
53934 -0.171198 0.420552 
53935 -0.0114052 -0.229105 
53936 -0.0104694 -0.0682821 
53937 -0.00969281 0.0933061 
53938 -0.009019 0.255633 
53939 -0.00815971 0.418821 
53940 0.149226 -0.229316 
53941 0.150314 -0.0689297 
53942 0.151566 0.0921883 
53943 0.152751 0.254164 
53944 0.153903 0.416963 
53945 0.308917 -0.229446 
53946 0.310614 -0.069442 
53947 0.312015 0.0913158 
53948 0.313707 0.252717 
53949 0.315336 0.415151 
53950 -0.335256 -0.225073 
53951 -0.335215 -0.0644187 
53952 -0.335041 0.0971509 
53953 -0.335033 0.259738 
53954 -0.335002 0.423197 
53955 -0.173953 -0.225589 
53956 -0.173205 -0.0652615 
53957 -0.172693 0.0961109 
53958 -0.172166 0.25806 
53959 -0.17171 0.421075 
53960 -0.0133719 -0.225831 
53961 -0.0124246 -0.0660288 
53962 -0.0114499 0.0947903 
53963 -0.0104857 0.256315 
53964 -0.00934245 0.41897 
53965 0.146321 -0.226252 
53966 0.147678 -0.0669316 
53967 0.149125 0.0934642 
53968 0.150541 0.254606 
53969 0.151944 0.416771 
53970 0.304979 -0.226506 
53971 0.306934 -0.0675427 
53972 0.308768 0.0922474 
53973 0.310476 0.252995 
53974 0.312375 0.414557 
53975 -0.335772 -0.22195 
53976 -0.335553 -0.0618477 
53977 -0.335338 0.099135 
53978 -0.33516 0.261125 
53979 -0.335032 0.424261 
53980 -0.174965 -0.222435 
53981 -0.174259 -0.0628861 
53982 -0.173669 0.097617 
53983 -0.172965 0.258995 
53984 -0.172181 0.421546 
53985 -0.0153521 -0.222731 
53986 -0.0141665 -0.0638272 
53987 -0.012974 0.096225 
53988 -0.0117844 0.257045 
53989 -0.0104822 0.419067 
53990 0.14336 -0.223365 
53991 0.145103 -0.0649059 
53992 0.146627 0.0946566 
53993 0.148392 0.255152 
53994 0.150195 0.416589 
53995 0.300994 -0.223711 
53996 0.303124 -0.0657096 
53997 0.305354 0.0931325 
53998 0.307507 0.252908 
53999 0.309643 0.41388 
54000 -0.336314 -0.218444 
54001 -0.336029 -0.0593253 
54002 -0.335698 0.100986 
54003 -0.335364 0.262352 
54004 -0.335098 0.424852 
54005 -0.176166 -0.219111 
54006 -0.175442 -0.0604835 
54007 -0.17454 0.0991349 
54008 -0.173771 0.259991 
54009 -0.172682 0.421907 
54010 -0.0173351 -0.219909 
54011 -0.0159407 -0.0616799 
54012 -0.0145943 0.0974197 
54013 -0.0132158 0.257682 
54014 -0.0116913 0.418999 
54015 0.140348 -0.220425 
54016 0.142206 -0.0629343 
54017 0.144153 0.0956801 
54018 0.146208 0.25533 
54019 0.148178 0.416195 
54020 0.297114 -0.220921 
54021 0.299438 -0.0639704 
54022 0.301923 0.0940277 
54023 0.304481 0.252996 
54024 0.306984 0.413196 
54025 -0.337018 -0.215395 
54026 -0.336345 -0.0569516 
54027 -0.335899 0.102704 
54028 -0.335502 0.263582 
54029 -0.335087 0.42579 
54030 -0.177611 -0.216121 
54031 -0.176473 -0.0583017 
54032 -0.175449 0.100562 
54033 -0.174373 0.260822 
54034 -0.173386 0.422463 
54035 -0.019334 -0.216958 
54036 -0.0177324 -0.0596783 
54037 -0.0162197 0.0985974 
54038 -0.0143894 0.258148 
54039 -0.0128917 0.418984 
54040 0.137441 -0.217672 
54041 0.139677 -0.0610277 
54042 0.141906 0.096704 
54043 0.144209 0.255529 
54044 0.14631 0.415603 
54045 0.293022 -0.218276 
54046 0.295779 -0.0624939 
54047 0.298654 0.0946588 
54048 0.301564 0.252956 
54049 0.304251 0.41247 
54050 -0.337552 -0.212366 
54051 -0.336858 -0.0545758 
54052 -0.336324 0.104437 
54053 -0.335696 0.264867 
54054 -0.335084 0.426484 
54055 -0.178789 -0.213137 
54056 -0.177637 -0.0560909 
54057 -0.176285 0.102183 
54058 -0.175103 0.261763 
54059 -0.173737 0.422624 
54060 -0.0215466 -0.21401 
54061 -0.0195175 -0.0576605 
54062 -0.0175974 0.0998793 
54063 -0.0157874 0.258569 
54064 -0.0138405 0.418841 
54065 0.134356 -0.215087 
54066 0.136955 -0.0594742 
54067 0.13949 0.0975599 
54068 0.141936 0.255691 
54069 0.144555 0.415042 
54070 0.288975 -0.215847 
54071 0.292272 -0.0611296 
54072 0.295374 0.0951204 
54073 0.29852 0.252622 
54074 0.301584 0.411345 
54075 -0.338278 -0.209284 
54076 -0.337386 -0.0522221 
54077 -0.336631 0.106194 
54078 -0.335769 0.265864 
54079 -0.334909 0.427055 
54080 -0.180092 -0.210354 
54081 -0.178626 -0.0540793 
54082 -0.177134 0.103468 
54083 -0.175687 0.262392 
54084 -0.174148 0.422848 
54085 -0.0234993 -0.211354 
54086 -0.0214397 -0.055879 
54087 -0.0191877 0.100823 
54088 -0.0171867 0.25903 
54089 -0.014884 0.418609 
54090 0.131519 -0.212534 
54091 0.134419 -0.0576957 
54092 0.137083 0.0982548 
54093 0.139896 0.255693 
54094 0.142888 0.414468 
54095 0.285241 -0.213436 
54096 0.288546 -0.0595142 
54097 0.291945 0.0957974 
54098 0.295489 0.252406 
54099 0.299138 0.410344 
54100 -0.33878 -0.206171 
54101 -0.33799 -0.0499855 
54102 -0.336904 0.107818 
54103 -0.335942 0.266946 
54104 -0.334861 0.427671 
54105 -0.181436 -0.20756 
54106 -0.179727 -0.0519598 
54107 -0.178019 0.104843 
54108 -0.176337 0.263154 
54109 -0.174497 0.422916 
54110 -0.0257249 -0.208879 
54111 -0.0232819 -0.0542548 
54112 -0.0208432 0.101829 
54113 -0.0183068 0.259229 
54114 -0.0159469 0.418314 
54115 0.128622 -0.210161 
54116 0.131599 -0.0563727 
54117 0.134741 0.0989161 
54118 0.137874 0.25562 
54119 0.141247 0.413762 
54120 0.281123 -0.211557 
54121 0.285002 -0.0582291 
54122 0.288788 0.0960365 
54123 0.292558 0.251964 
54124 0.296504 0.409182 
54125 -0.339667 -0.203393 
54126 -0.338249 -0.0479009 
54127 -0.33733 0.109348 
54128 -0.336094 0.267928 
54129 -0.334666 0.428154 
54130 -0.182851 -0.204918 
54131 -0.180939 -0.0501026 
54132 -0.178961 0.106131 
54133 -0.176795 0.26382 
54134 -0.174976 0.422988 
54135 -0.0278236 -0.206571 
54136 -0.0251871 -0.0526554 
54137 -0.0225569 0.102816 
54138 -0.01966 0.259579 
54139 -0.0168825 0.41795 
54140 0.125617 -0.207777 
54141 0.128941 -0.0549416 
54142 0.132417 0.099451 
54143 0.136009 0.255483 
54144 0.13947 0.412869 
54145 0.277339 -0.209367 
54146 0.281343 -0.0573683 
54147 0.285538 0.096265 
54148 0.289687 0.251363 
54149 0.293914 0.407912 
54150 -0.340468 -0.200581 
54151 -0.339018 -0.0457994 
54152 -0.337481 0.110834 
54153 -0.336028 0.26881 
54154 -0.334682 0.428556 
54155 -0.184352 -0.202267 
54156 -0.182056 -0.0483871 
54157 -0.179845 0.106973 
54158 -0.177529 0.264117 
54159 -0.175334 0.422947 
54160 -0.0300173 -0.204051 
54161 -0.0270353 -0.0511751 
54162 -0.0239564 0.103382 
54163 -0.0208141 0.259649 
54164 -0.0179488 0.417385 
54165 0.122548 -0.205779 
54166 0.126327 -0.0537578 
54167 0.130157 0.0999818 
54168 0.133878 0.255146 
54169 0.137719 0.411956 
54170 0.273278 -0.207546 
54171 0.277793 -0.0561928 
54172 0.282312 0.0964115 
54173 0.286815 0.250785 
54174 0.2915 0.406616 
54175 -0.34122 -0.197804 
54176 -0.339535 -0.0437012 
54177 -0.33789 0.112186 
54178 -0.336163 0.269682 
54179 -0.334365 0.428971 
54180 -0.18571 -0.199888 
54181 -0.183197 -0.0466901 
54182 -0.180698 0.108186 
54183 -0.178055 0.264615 
54184 -0.175541 0.422652 
54185 -0.032165 -0.201914 
54186 -0.0287813 -0.0496921 
54187 -0.0255486 0.104212 
54188 -0.0220894 0.259678 
54189 -0.0186603 0.416652 
54190 0.119616 -0.203952 
54191 0.123683 -0.0526077 
54192 0.127782 0.100339 
54193 0.13196 0.254597 
54194 0.135996 0.410717 
54195 0.269454 -0.205804 
54196 0.274241 -0.0554925 
54197 0.278992 0.0964554 
54198 0.284085 0.249842 
54199 0.289008 0.405002 
54200 -0.342244 -0.195364 
54201 -0.340201 -0.0416441 
54202 -0.338169 0.113467 
54203 -0.336221 0.270395 
54204 -0.334204 0.428922 
54205 -0.18717 -0.197582 
54206 -0.184478 -0.0450116 
54207 -0.1816 0.109035 
54208 -0.178824 0.264977 
54209 -0.17575 0.422575 
54210 -0.0343237 -0.199754 
54211 -0.030727 -0.0483073 
54212 -0.0270417 0.104781 
54213 -0.0233419 0.259599 
54214 -0.0196773 0.416078 
54215 0.116604 -0.201801 
54216 0.120999 -0.0515007 
54217 0.125502 0.100579 
54218 0.129886 0.254195 
54219 0.13445 0.40954 
54220 0.265453 -0.204092 
54221 0.270717 -0.0546891 
54222 0.275908 0.096436 
54223 0.281092 0.248859 
54224 0.28644 0.40346 
54225 -0.34302 -0.192778 
54226 -0.340725 -0.0399277 
54227 -0.338602 0.114803 
54228 -0.336307 0.27101 
54229 -0.333932 0.429154 
54230 -0.188642 -0.195365 
54231 -0.185669 -0.0435598 
54232 -0.182588 0.11001 
54233 -0.179366 0.265217 
54234 -0.176132 0.422134 
54235 -0.0364861 -0.197838 
54236 -0.0324513 -0.0470653 
54237 -0.0285932 0.105191 
54238 -0.0247019 0.259372 
54239 -0.0205274 0.415347 
54240 0.113589 -0.200314 
54241 0.118327 -0.0505322 
54242 0.123059 0.100819 
54243 0.128032 0.253691 
54244 0.132861 0.408241 
54245 0.261574 -0.202535 
54246 0.267297 -0.0541649 
54247 0.272801 0.0961078 
54248 0.278312 0.248045 
54249 0.284085 0.401711 
54250 -0.344075 -0.190364 
54251 -0.341541 -0.0383146 
54252 -0.338845 0.115793 
54253 -0.336437 0.271605 
54254 -0.333769 0.429219 
54255 -0.190215 -0.193198 
54256 -0.186923 -0.0420833 
54257 -0.183432 0.110803 
54258 -0.17995 0.265337 
54259 -0.176428 0.421717 
54260 -0.0387242 -0.195921 
54261 -0.0344512 -0.0460566 
54262 -0.0301335 0.105762 
54263 -0.0257124 0.259034 
54264 -0.0214954 0.414421 
54265 0.110662 -0.198606 
54266 0.115623 -0.0498538 
54267 0.120701 0.100676 
54268 0.125968 0.252953 
54269 0.131168 0.406932 
54270 0.257858 -0.201308 
54271 0.263635 -0.0534853 
54272 0.269468 0.0958145 
54273 0.275528 0.246993 
54274 0.281581 0.399637 
