4340 -0.333591 -0.216536 
4341 -0.333042 -0.016194 
4342 -0.333779 0.183036 
4343 -0.333516 0.382982 
4344 -0.166521 -0.216572 
4345 -0.166297 -0.0169379 
4346 -0.166523 0.183525 
4347 -0.16657 0.382872 
4348 0.000327811 -0.216882 
4349 0.000283009 -0.0169843 
4350 -0.00015405 0.183174 
4351 0.000200925 0.382869 
4352 0.166552 -0.216231 
4353 0.166791 -0.01671 
4354 0.167115 0.18317 
4355 0.167137 0.383553 
4356 0.333318 -0.216828 
4357 0.333435 -0.0170833 
4358 0.333489 0.183332 
4359 0.333629 0.383659 
4360 -0.315707 -0.205629 
4361 -0.316287 -0.0235096 
4362 -0.316197 0.158202 
4363 -0.31655 0.339826 
4364 -0.164743 -0.205074 
4365 -0.164659 -0.0228006 
4366 -0.164695 0.158099 
4367 -0.165384 0.339957 
4368 -0.0128666 -0.204556 
4369 -0.0135211 -0.0231797 
4370 -0.0138584 0.158257 
4371 -0.0141668 0.339851 
4372 0.138237 -0.203598 
4373 0.137648 -0.0229409 
4374 0.137488 0.158183 
4375 0.136555 0.339803 
4376 0.28943 -0.203317 
4377 0.288751 -0.0227096 
4378 0.287493 0.158831 
4379 0.287942 0.33964 
4380 -0.301698 -0.195404 
4381 -0.302756 -0.029234 
4382 -0.30244 0.13677 
4383 -0.303154 0.303525 
4384 -0.16247 -0.194834 
4385 -0.16379 -0.0291491 
4386 -0.163728 0.137086 
4387 -0.16445 0.303754 
4388 -0.0238462 -0.194222 
4389 -0.0246756 -0.0279202 
4390 -0.0252782 0.137373 
4391 -0.0262247 0.303085 
4392 0.113772 -0.193665 
4393 0.113672 -0.027831 
4394 0.112739 0.138697 
4395 0.111636 0.303924 
4396 0.251512 -0.192579 
4397 0.251451 -0.0263513 
4398 0.249689 0.138328 
4399 0.248817 0.3034 
4400 -0.290137 -0.187813 
4401 -0.290518 -0.0336567 
4402 -0.292097 0.118863 
4403 -0.292082 0.27259 
4404 -0.161756 -0.186517 
4405 -0.162253 -0.0330868 
4406 -0.163909 0.120266 
4407 -0.164625 0.272904 
4408 -0.0337512 -0.185747 
4409 -0.0347704 -0.0322098 
4410 -0.035656 0.120911 
4411 -0.0368844 0.273577 
4412 0.0938333 -0.183966 
4413 0.0925488 -0.0318665 
4414 0.0917204 0.121521 
4415 0.0898266 0.273765 
4416 0.220132 -0.183158 
4417 0.218771 -0.030186 
4418 0.21822 0.12215 
4419 0.217024 0.273784 
4420 -0.280658 -0.180908 
4421 -0.281818 -0.0379133 
4422 -0.282727 0.104009 
4423 -0.283504 0.246596 
4424 -0.161326 -0.178972 
4425 -0.162 -0.0373553 
4426 -0.163021 0.105124 
4427 -0.164598 0.246405 
4428 -0.042219 -0.177477 
4429 -0.043522 -0.035968 
4430 -0.0445506 0.106079 
4431 -0.0458569 0.247663 
4432 0.0759021 -0.176828 
4433 0.0744008 -0.0348106 
4434 0.0730296 0.106193 
4435 0.0717329 0.24768 
4436 0.193311 -0.175061 
4437 0.191722 -0.0334756 
4438 0.190671 0.106985 
4439 0.189005 0.24809 
4440 -0.271916 -0.175008 
4441 -0.273191 -0.0420314 
4442 -0.274519 0.0912661 
4443 -0.27557 0.224079 
4444 -0.160753 -0.172852 
4445 -0.162711 -0.0400443 
4446 -0.163815 0.0924142 
4447 -0.165297 0.224217 
4448 -0.0506131 -0.17154 
4449 -0.0520399 -0.0391758 
4450 -0.0527255 0.0935268 
4451 -0.0541538 0.224835 
4452 0.0594537 -0.169612 
4453 0.0579138 -0.037456 
4454 0.0565113 0.0942953 
4455 0.0548434 0.225712 
4456 0.168924 -0.167569 
4457 0.167302 -0.0360096 
4458 0.165685 0.0953592 
4459 0.164236 0.225914 
4460 -0.265023 -0.168796 
4461 -0.266629 -0.0449638 
4462 -0.268418 0.0796365 
4463 -0.269663 0.204182 
4464 -0.160573 -0.167009 
4465 -0.16262 -0.0427718 
4466 -0.164254 0.0813224 
4467 -0.165174 0.20541 
4468 -0.0566307 -0.165109 
4469 -0.0592057 -0.0412334 
4470 -0.0606464 0.0822957 
4471 -0.0619762 0.205761 
4472 0.0458134 -0.163636 
4473 0.0439686 -0.0393509 
4474 0.0426504 0.0839861 
4475 0.041107 0.206117 
4476 0.148253 -0.161139 
4477 0.146525 -0.0384851 
4478 0.144444 0.0849266 
4479 0.142529 0.207007 
4480 -0.259391 -0.164721 
4481 -0.260767 -0.0468059 
4482 -0.262451 0.0706411 
4483 -0.26461 0.187485 
4484 -0.161185 -0.161821 
4485 -0.16257 -0.0449403 
4486 -0.164947 0.0717196 
4487 -0.166333 0.188245 
4488 -0.0636616 -0.159691 
4489 -0.0653499 -0.0430683 
4490 -0.0669208 0.0732578 
4491 -0.0693479 0.189173 
4492 0.033312 -0.158216 
4493 0.0317477 -0.041992 
4494 0.0300142 0.0737408 
4495 0.0273924 0.190134 
4496 0.13003 -0.155469 
4497 0.128039 -0.0395959 
4498 0.125376 0.0755671 
4499 0.123489 0.191051 
4500 -0.254821 -0.159949 
4501 -0.256432 -0.049074 
4502 -0.257874 0.0617077 
4503 -0.25991 0.172475 
4504 -0.161523 -0.157627 
4505 -0.163019 -0.0472761 
4506 -0.165138 0.0631442 
4507 -0.166966 0.172737 
4508 -0.0690416 -0.155596 
4509 -0.0714701 -0.0454426 
4510 -0.0736807 0.0646716 
4511 -0.0756615 0.174332 
4512 0.0221851 -0.152583 
4513 0.0200362 -0.0429058 
4514 0.0176598 0.0657719 
4515 0.015892 0.175629 
4516 0.112574 -0.151042 
4517 0.110703 -0.0415095 
4518 0.108414 0.067466 
4519 0.106341 0.176002 
4520 -0.250292 -0.155671 
4521 -0.251878 -0.0503477 
4522 -0.254222 0.0544473 
4523 -0.256515 0.158234 
4524 -0.1618 -0.15289 
4525 -0.164631 -0.0488202 
4526 -0.166525 0.0559971 
4527 -0.168756 0.159953 
4528 -0.0748776 -0.150639 
4529 -0.0766164 -0.0470284 
4530 -0.0794338 0.0575564 
4531 -0.0815219 0.16062 
4532 0.01132 -0.148247 
4533 0.00912941 -0.0448187 
4534 0.00747717 0.0587303 
4535 0.00480854 0.162622 
4536 0.0980993 -0.146248 
4537 0.0956441 -0.0429331 
4538 0.0929837 0.0610398 
4539 0.090321 0.163249 
4540 -0.246408 -0.152124 
4541 -0.248657 -0.0523497 
4542 -0.251172 0.0474866 
4543 -0.252732 0.146733 
4544 -0.163038 -0.149034 
4545 -0.164646 -0.049493 
4546 -0.167836 0.0491273 
4547 -0.169869 0.148199 
4548 -0.0796432 -0.146148 
4549 -0.0819501 -0.0471824 
4550 -0.0848605 0.0512107 
4551 -0.0872913 0.149278 
4552 0.00250694 -0.143543 
4553 0.000182035 -0.0451732 
4554 -0.00252252 0.0522572 
4555 -0.0054192 0.151014 
4556 0.0835821 -0.141074 
4557 0.0809815 -0.0437383 
4558 0.0786294 0.0541888 
4559 0.076116 0.151683 
4560 -0.24345 -0.148466 
4561 -0.245314 -0.0526486 
4562 -0.248364 0.0412159 
4563 -0.2505 0.13562 
4564 -0.163751 -0.145248 
4565 -0.165697 -0.0506455 
4566 -0.168948 0.0438531 
4567 -0.171124 0.137196 
4568 -0.0843419 -0.143012 
4569 -0.087636 -0.04867 
4570 -0.0895873 0.0458084 
4571 -0.0925665 0.138713 
4572 -0.00606574 -0.139947 
4573 -0.00868291 -0.0458868 
4574 -0.0119831 0.0467804 
4575 -0.0137639 0.140145 
4576 0.0715817 -0.136688 
4577 0.068008 -0.0441864 
4578 0.0663096 0.0488537 
4579 0.0630871 0.141683 
4580 -0.240682 -0.144398 
4581 -0.243582 -0.0535315 
4582 -0.246062 0.0364169 
4583 -0.247955 0.127021 
4584 -0.164647 -0.141259 
4585 -0.1675 -0.0519888 
4586 -0.169971 0.0387884 
4587 -0.171896 0.128631 
4588 -0.0889982 -0.139036 
4589 -0.0916704 -0.0495716 
4590 -0.0943973 0.040608 
4591 -0.0969195 0.12996 
4592 -0.0150131 -0.136344 
4593 -0.0175712 -0.0465429 
4594 -0.020212 0.0420352 
4595 -0.0228716 0.131257 
4596 0.0598919 -0.133659 
4597 0.0570669 -0.0444025 
4598 0.0539651 0.0447244 
4599 0.0512333 0.133328 
4600 -0.238955 -0.141268 
4601 -0.241257 -0.0542048 
4602 -0.243459 0.0320938 
4603 -0.246449 0.118156 
4604 -0.16589 -0.138529 
4605 -0.168518 -0.0523861 
4606 -0.17113 0.0343638 
4607 -0.173789 0.120282 
4608 -0.0938951 -0.135363 
4609 -0.0959578 -0.0492083 
4610 -0.0987885 0.0360764 
4611 -0.101699 0.121631 
4612 -0.021882 -0.132748 
4613 -0.0248838 -0.0470576 
4614 -0.0276727 0.0386782 
4615 -0.030889 0.122824 
4616 0.0488545 -0.129481 
4617 0.0454997 -0.0442786 
4618 0.0427482 0.0406084 
4619 0.0399584 0.125401 
4620 -0.236762 -0.137802 
4621 -0.239669 -0.0550706 
4622 -0.241619 0.0279014 
4623 -0.245141 0.110566 
4624 -0.167082 -0.134843 
4625 -0.170033 -0.0527024 
4626 -0.172644 0.0305395 
4627 -0.174893 0.112819 
4628 -0.0974131 -0.132131 
4629 -0.10089 -0.0501894 
4630 -0.103262 0.0319539 
4631 -0.106021 0.114396 
4632 -0.0293354 -0.129002 
4633 -0.0327214 -0.0467721 
4634 -0.03504 0.0340454 
4635 -0.0375348 0.115817 
4636 0.0382144 -0.12631 
4637 0.0353469 -0.0444957 
4638 0.0328241 0.0371092 
4639 0.0294531 0.118179 
4640 -0.235251 -0.135102 
4641 -0.237638 -0.0556381 
4642 -0.240665 0.0247734 
4643 -0.243881 0.103328 
4644 -0.167859 -0.131872 
4645 -0.171188 -0.052123 
4646 -0.173632 0.0266925 
4647 -0.176507 0.105773 
4648 -0.102231 -0.128167 
4649 -0.104505 -0.0493757 
4650 -0.107466 0.0288921 
4651 -0.110719 0.107719 
4652 -0.0362434 -0.124994 
4653 -0.0390063 -0.0469841 
4654 -0.0419003 0.0312118 
4655 -0.0446487 0.108982 
4656 0.029037 -0.122239 
4657 0.0255805 -0.0439827 
4658 0.0233264 0.0337117 
4659 0.0196332 0.110892 
4660 -0.234089 -0.132134 
4661 -0.237165 -0.054839 
4662 -0.239256 0.0214435 
4663 -0.243047 0.0971607 
4664 -0.169144 -0.128767 
4665 -0.171857 -0.0523264 
4666 -0.175768 0.024025 
4667 -0.177905 0.0996386 
4668 -0.105636 -0.124859 
4669 -0.108918 -0.0496725 
4670 -0.11135 0.0263229 
4671 -0.114861 0.101359 
4672 -0.0424266 -0.122079 
4673 -0.0458577 -0.0471896 
4674 -0.0488965 0.0282889 
4675 -0.0511764 0.103821 
4676 0.0202837 -0.11899 
4677 0.0173402 -0.0435917 
4678 0.0137359 0.0307997 
4679 0.011201 0.1055 
4680 -0.23276 -0.12831 
4681 -0.235888 -0.054769 
4682 -0.239115 0.0186691 
4683 -0.241687 0.0918539 
4684 -0.170576 -0.124976 
4685 -0.173496 -0.0523125 
4686 -0.17651 0.0206358 
4687 -0.180129 0.0941172 
4688 -0.109169 -0.122093 
4689 -0.112309 -0.0490077 
4690 -0.115761 0.0236806 
4691 -0.118355 0.0959631 
4692 -0.0489821 -0.11942 
4693 -0.0521275 -0.0467343 
4694 -0.0548401 0.0258311 
4695 -0.0581909 0.0987986 
4696 0.0111837 -0.115444 
4697 0.00836165 -0.0436667 
4698 0.00490564 0.0280733 
4699 0.00173892 0.100526 
4700 -0.232216 -0.125495 
4701 -0.234735 -0.0549237 
4702 -0.238185 0.0159001 
4703 -0.241508 0.0874699 
4704 -0.172545 -0.121976 
4705 -0.174964 -0.0520491 
4706 -0.178096 0.0184596 
4707 -0.181123 0.0895264 
4708 -0.113235 -0.118672 
4709 -0.116225 -0.0484886 
4710 -0.118814 0.0209661 
4711 -0.122727 0.091475 
4712 -0.0543282 -0.115736 
4713 -0.0572696 -0.0459542 
4714 -0.0602414 0.0243984 
4715 -0.06385 0.0941249 
4716 0.00412047 -0.112105 
4717 0.000414973 -0.0432652 
4718 -0.00231661 0.0266086 
4719 -0.00627737 0.0962344 
4720 -0.231218 -0.122675 
4721 -0.234568 -0.0545889 
4722 -0.238329 0.0138146 
4723 -0.241205 0.0824535 
4724 -0.173455 -0.118965 
4725 -0.176776 -0.0511331 
4726 -0.179868 0.0172176 
4727 -0.182934 0.0851185 
4728 -0.115907 -0.115914 
4729 -0.120025 -0.0482308 
4730 -0.123115 0.0200371 
4731 -0.125892 0.0871629 
4732 -0.0601809 -0.112852 
4733 -0.0625669 -0.0450452 
4734 -0.0667787 0.0219262 
4735 -0.0696661 0.0892328 
4736 -0.00397728 -0.109372 
4737 -0.00741523 -0.0427602 
4738 -0.0100155 0.0247578 
4739 -0.0132081 0.0915389 
