54375 -0.333299 -0.249929 
54376 -0.333394 -0.0834081 
54377 -0.333186 0.0833939 
54378 -0.333409 0.250025 
54379 -0.333393 0.416721 
54380 -0.166613 -0.249983 
54381 -0.166618 -0.0833548 
54382 -0.166744 0.0833189 
54383 -0.166676 0.250021 
54384 -0.166562 0.416719 
54385 -4.33839e-05 -0.249902 
54386 5.12389e-05 -0.0832695 
54387 -6.60692e-05 0.0832833 
54388 1.84834e-05 0.249994 
54389 -5.62109e-05 0.416687 
54390 0.166589 -0.249947 
54391 0.166773 -0.0833347 
54392 0.166673 0.0833445 
54393 0.166725 0.249997 
54394 0.166668 0.416704 
54395 0.333277 -0.250075 
54396 0.333393 -0.0833806 
54397 0.333242 0.0834401 
54398 0.33334 0.249945 
54399 0.333335 0.416632 
54400 -0.33428 -0.248073 
54401 -0.333974 -0.0820956 
54402 -0.333451 0.0839262 
54403 -0.333075 0.249718 
54404 -0.332756 0.415831 
54405 -0.168314 -0.248325 
54406 -0.167924 -0.0826051 
54407 -0.16761 0.0833178 
54408 -0.167063 0.249316 
54409 -0.166542 0.415202 
54410 -0.00248382 -0.248698 
54411 -0.00202906 -0.0828772 
54412 -0.00162308 0.0827548 
54413 -0.0012263 0.24863 
54414 -0.000750915 0.414622 
54415 0.163236 -0.24914 
54416 0.163653 -0.0832509 
54417 0.164044 0.082387 
54418 0.164503 0.248084 
54419 0.164892 0.413967 
54420 0.32884 -0.249351 
54421 0.329307 -0.0836419 
54422 0.329791 0.0819012 
54423 0.330095 0.247601 
54424 0.330482 0.413326 
54425 -0.33541 -0.246195 
54426 -0.334633 -0.0809594 
54427 -0.333718 0.084242 
54428 -0.333069 0.249272 
54429 -0.332178 0.414814 
54430 -0.169911 -0.246866 
54431 -0.169145 -0.0818346 
54432 -0.168319 0.0832857 
54433 -0.16759 0.24842 
54434 -0.166685 0.413502 
54435 -0.00490703 -0.247561 
54436 -0.00416235 -0.082615 
54437 -0.00320657 0.0823767 
54438 -0.00239764 0.247286 
54439 -0.00155999 0.412426 
54440 0.159848 -0.248236 
54441 0.160526 -0.083317 
54442 0.161531 0.081463 
54443 0.162384 0.246263 
54444 0.163336 0.411248 
54445 0.32435 -0.248711 
54446 0.32515 -0.084053 
54447 0.325936 0.0804985 
54448 0.326858 0.245186 
54449 0.327925 0.40991 
54450 -0.336453 -0.244566 
54451 -0.335206 -0.0799226 
54452 -0.334019 0.0843965 
54453 -0.332748 0.249201 
54454 -0.331579 0.413679 
54455 -0.171763 -0.245523 
54456 -0.170574 -0.0812602 
54457 -0.169234 0.0831244 
54458 -0.167904 0.247381 
54459 -0.166774 0.411979 
54460 -0.0073771 -0.246483 
54461 -0.00615904 -0.082506 
54462 -0.00494339 0.0816875 
54463 -0.00370331 0.245794 
54464 -0.00236774 0.410074 
54465 0.156344 -0.247422 
54466 0.157819 -0.0836115 
54467 0.159065 0.080304 
54468 0.160349 0.244224 
54469 0.161658 0.408229 
54470 0.319792 -0.248455 
54471 0.321106 -0.0847568 
54472 0.322695 0.0789296 
54473 0.32385 0.242712 
54474 0.325053 0.406382 
54475 -0.337639 -0.243027 
54476 -0.335913 -0.0792325 
54477 -0.334259 0.0845454 
54478 -0.332549 0.248434 
54479 -0.330973 0.412392 
54480 -0.173454 -0.244369 
54481 -0.17179 -0.0808568 
54482 -0.1701 0.0827489 
54483 -0.168421 0.246392 
54484 -0.166792 0.409901 
54485 -0.0099668 -0.245528 
54486 -0.00825542 -0.0823334 
54487 -0.00659328 0.0809504 
54488 -0.00480997 0.244148 
54489 -0.00318697 0.407547 
54490 0.152957 -0.246916 
54491 0.154714 -0.0838909 
54492 0.156509 0.0790758 
54493 0.158288 0.2421 
54494 0.159879 0.405172 
54495 0.315371 -0.248035 
54496 0.317238 -0.0854973 
54497 0.31905 0.0771603 
54498 0.320693 0.240026 
54499 0.322437 0.402839 
54500 -0.338595 -0.241609 
54501 -0.336441 -0.0785909 
54502 -0.334547 0.08455 
54503 -0.332326 0.247733 
54504 -0.330393 0.411063 
54505 -0.175161 -0.243172 
54506 -0.172992 -0.0805518 
54507 -0.170985 0.0822974 
54508 -0.168726 0.24507 
54509 -0.166717 0.408021 
54510 -0.0123772 -0.244892 
54511 -0.0102653 -0.0824702 
54512 -0.00836031 0.0798935 
54513 -0.00589312 0.242474 
54514 -0.00389607 0.405181 
54515 0.149685 -0.24639 
54516 0.151887 -0.0843586 
54517 0.15386 0.0777831 
54518 0.156074 0.239847 
54519 0.158216 0.402046 
54520 0.31103 -0.248121 
54521 0.313102 -0.0862363 
54522 0.31548 0.0755009 
54523 0.317468 0.237284 
54524 0.319596 0.399065 
54525 -0.339701 -0.240187 
54526 -0.337336 -0.0779855 
54527 -0.334696 0.0845186 
54528 -0.33229 0.247028 
54529 -0.329675 0.409519 
54530 -0.176901 -0.242343 
54531 -0.174404 -0.0802493 
54532 -0.171951 0.0818241 
54533 -0.169229 0.243922 
54534 -0.16691 0.406052 
54535 -0.014908 -0.24418 
54536 -0.012351 -0.082627 
54537 -0.00992194 0.0788275 
54538 -0.00728036 0.240651 
54539 -0.00477634 0.402277 
54540 0.146208 -0.246146 
54541 0.148812 -0.0848796 
54542 0.151431 0.0763641 
54543 0.153971 0.237356 
54544 0.156453 0.398824 
54545 0.306628 -0.248018 
54546 0.309245 -0.0872547 
54547 0.31176 0.0734902 
54548 0.314397 0.234359 
54549 0.316991 0.395325 
54550 -0.340816 -0.239231 
54551 -0.337826 -0.0773909 
54552 -0.334977 0.0843213 
54553 -0.332002 0.246166 
54554 -0.329063 0.407879 
54555 -0.178524 -0.241429 
54556 -0.175805 -0.0801835 
54557 -0.172758 0.0810505 
54558 -0.169734 0.242397 
54559 -0.166811 0.403731 
54560 -0.0173364 -0.243742 
54561 -0.0142451 -0.0828798 
54562 -0.0113547 0.0779118 
54563 -0.00845937 0.238688 
54564 -0.00559124 0.399595 
54565 0.142936 -0.2459 
54566 0.145946 -0.0855958 
54567 0.148912 0.0747689 
54568 0.151788 0.235054 
54569 0.154827 0.395614 
54570 0.30245 -0.248075 
54571 0.305492 -0.0882763 
54572 0.308369 0.0716784 
54573 0.311277 0.231525 
54574 0.314153 0.391409 
54575 -0.341945 -0.23816 
54576 -0.338564 -0.0771643 
54577 -0.335218 0.084047 
54578 -0.332028 0.24497 
54579 -0.328567 0.406022 
54580 -0.180295 -0.240799 
54581 -0.17697 -0.0801445 
54582 -0.173575 0.0803105 
54583 -0.170337 0.240862 
54584 -0.16682 0.401245 
54585 -0.0197205 -0.243343 
54586 -0.0164972 -0.083221 
54587 -0.0130324 0.0767071 
54588 -0.00968345 0.236708 
54589 -0.00637718 0.396781 
54590 0.1396 -0.245812 
54591 0.143052 -0.0864037 
54592 0.146322 0.0731841 
54593 0.149731 0.232605 
54594 0.153083 0.392013 
54595 0.298323 -0.248217 
54596 0.301508 -0.0894435 
54597 0.304969 0.0696103 
54598 0.308197 0.228558 
54599 0.311378 0.387497 
54600 -0.343154 -0.237386 
54601 -0.339336 -0.0767777 
54602 -0.33559 0.0835521 
54603 -0.331651 0.243924 
54604 -0.32803 0.404294 
54605 -0.182163 -0.240204 
54606 -0.178308 -0.0803454 
54607 -0.174533 0.0795096 
54608 -0.170766 0.23919 
54609 -0.166938 0.398936 
54610 -0.0222588 -0.242945 
54611 -0.0184549 -0.0838727 
54612 -0.0148259 0.0754467 
54613 -0.0109276 0.234616 
54614 -0.0072489 0.39383 
54615 0.136529 -0.245828 
54616 0.14015 -0.0872653 
54617 0.143902 0.0712855 
54618 0.147546 0.229985 
54619 0.15129 0.388571 
54620 0.2941 -0.24855 
54621 0.297605 -0.0904711 
54622 0.301265 0.0673329 
54623 0.304897 0.225479 
54624 0.308689 0.383469 
54625 -0.344316 -0.236725 
54626 -0.340057 -0.0767448 
54627 -0.335898 0.0828503 
54628 -0.331559 0.242645 
54629 -0.327374 0.402243 
54630 -0.183657 -0.239655 
54631 -0.179691 -0.0805672 
54632 -0.175275 0.0785266 
54633 -0.17115 0.237533 
54634 -0.16706 0.396417 
54635 -0.0246626 -0.242949 
54636 -0.0205704 -0.0845174 
54637 -0.0163246 0.07398 
54638 -0.0122568 0.232347 
54639 -0.00819665 0.390761 
54640 0.133315 -0.245997 
54641 0.137367 -0.0881415 
54642 0.141491 0.0697056 
54643 0.145461 0.227225 
54644 0.14941 0.38499 
54645 0.289903 -0.249133 
54646 0.293797 -0.0918451 
54647 0.297848 0.0653185 
54648 0.301856 0.222244 
54649 0.305964 0.379215 
54650 -0.345374 -0.23603 
54651 -0.340785 -0.0768946 
54652 -0.336146 0.082218 
54653 -0.331462 0.2413 
54654 -0.326876 0.400158 
54655 -0.185502 -0.239509 
54656 -0.180967 -0.0809998 
54657 -0.176377 0.0774357 
54658 -0.171824 0.235515 
54659 -0.167182 0.393703 
54660 -0.0270455 -0.242808 
54661 -0.0224702 -0.0851356 
54662 -0.0179015 0.072578 
54663 -0.0135524 0.230175 
54664 -0.0090325 0.387377 
54665 0.130188 -0.246246 
54666 0.134504 -0.0891315 
54667 0.13884 0.067715 
54668 0.143347 0.22457 
54669 0.147706 0.381237 
54670 0.285778 -0.24963 
54671 0.290052 -0.0932105 
54672 0.294503 0.0629768 
54673 0.298781 0.219122 
54674 0.30319 0.37517 
54675 -0.34661 -0.235501 
54676 -0.34154 -0.0768678 
54677 -0.336503 0.0813813 
54678 -0.331384 0.239756 
54679 -0.326175 0.397876 
54680 -0.187205 -0.239219 
54681 -0.182375 -0.081444 
54682 -0.177304 0.0761326 
54683 -0.172321 0.233712 
54684 -0.167318 0.39094 
54685 -0.0294342 -0.24297 
54686 -0.0245904 -0.0859053 
54687 -0.0196447 0.070972 
54688 -0.0148302 0.227705 
54689 -0.0100582 0.384215 
54690 0.126845 -0.24671 
54691 0.131619 -0.090364 
54692 0.136401 0.0657975 
54693 0.141202 0.221668 
54694 0.145828 0.377479 
54695 0.28164 -0.250223 
54696 0.286405 -0.0947114 
54697 0.290956 0.0606438 
54698 0.295562 0.215809 
54699 0.300231 0.370958 
54700 -0.34781 -0.235281 
54701 -0.342342 -0.0772727 
54702 -0.336775 0.0805516 
54703 -0.331434 0.238071 
54704 -0.325848 0.395392 
54705 -0.188976 -0.239214 
54706 -0.183515 -0.0820332 
54707 -0.178226 0.0747988 
54708 -0.173034 0.231458 
54709 -0.167596 0.3881 
54710 -0.0317312 -0.243261 
54711 -0.0265484 -0.0867484 
54712 -0.0212224 0.0692228 
54713 -0.0160718 0.225192 
54714 -0.0109651 0.380839 
54715 0.123797 -0.247111 
54716 0.128764 -0.0915585 
54717 0.133977 0.0636334 
54718 0.13906 0.21876 
54719 0.144107 0.373637 
54720 0.277753 -0.250993 
54721 0.282568 -0.0962585 
54722 0.287682 0.0581603 
54723 0.292685 0.212565 
54724 0.297415 0.366588 
54725 -0.348886 -0.23504 
54726 -0.343153 -0.0774856 
54727 -0.337114 0.079519 
54728 -0.331279 0.236383 
54729 -0.325398 0.39293 
54730 -0.19063 -0.239255 
54731 -0.184918 -0.0827617 
54732 -0.179284 0.0733791 
54733 -0.173521 0.229474 
54734 -0.16786 0.385022 
54735 -0.0341189 -0.243418 
54736 -0.0284689 -0.0878659 
54737 -0.0229798 0.0675262 
54738 -0.0173947 0.222556 
54739 -0.0119093 0.37745 
54740 0.120677 -0.24762 
54741 0.126155 -0.0928631 
54742 0.131442 0.0616562 
54743 0.136867 0.215814 
54744 0.142195 0.369671 
54745 0.273769 -0.251896 
54746 0.278918 -0.0978084 
54747 0.28414 0.0559647 
54748 0.289355 0.209207 
54749 0.294408 0.362261 
54750 -0.350107 -0.235003 
54751 -0.343734 -0.078073 
54752 -0.337614 0.0783729 
54753 -0.331294 0.234599 
54754 -0.324975 0.390307 
54755 -0.192253 -0.239486 
54756 -0.186202 -0.0835197 
54757 -0.180183 0.0718994 
54758 -0.174184 0.22726 
54759 -0.168016 0.382163 
54760 -0.0364834 -0.24398 
54761 -0.0304943 -0.0890467 
54762 -0.0246336 0.0656406 
54763 -0.0188053 0.21992 
54764 -0.0129371 0.373945 
54765 0.117557 -0.248295 
54766 0.123322 -0.094187 
54767 0.129034 0.059482 
54768 0.134501 0.212768 
54769 0.140212 0.365818 
54770 0.269858 -0.252581 
54771 0.275342 -0.0993602 
54772 0.280781 0.0533618 
54773 0.286176 0.205757 
54774 0.29177 0.357847 
54775 -0.351315 -0.235023 
54776 -0.344506 -0.0785634 
54777 -0.337894 0.0772318 
54778 -0.33129 0.232756 
54779 -0.324584 0.387657 
54780 -0.193889 -0.239843 
54781 -0.187671 -0.0844079 
54782 -0.181152 0.0704718 
54783 -0.174692 0.224994 
54784 -0.168213 0.378959 
54785 -0.0386477 -0.244266 
54786 -0.032405 -0.0901861 
54787 -0.0263175 0.0637358 
54788 -0.0201906 0.217267 
54789 -0.0139165 0.370301 
54790 0.114746 -0.248971 
54791 0.120454 -0.0956231 
54792 0.126507 0.0571753 
54793 0.132487 0.209801 
54794 0.138388 0.361888 
54795 0.265958 -0.253548 
54796 0.271766 -0.101172 
54797 0.277384 0.050726 
54798 0.283118 0.202404 
54799 0.288577 0.353611 
54800 -0.352463 -0.235072 
54801 -0.34535 -0.0793719 
54802 -0.338382 0.0758205 
54803 -0.331375 0.230661 
54804 -0.324245 0.384791 
54805 -0.19566 -0.24007 
54806 -0.188807 -0.0854212 
54807 -0.182135 0.0688368 
54808 -0.175396 0.222491 
54809 -0.168593 0.375756 
54810 -0.0409192 -0.244927 
54811 -0.0344638 -0.0914008 
54812 -0.0280664 0.0618375 
54813 -0.0215058 0.214599 
54814 -0.015153 0.366694 
54815 0.111624 -0.249705 
54816 0.117912 -0.0972259 
54817 0.123995 0.0550408 
54818 0.130118 0.206574 
54819 0.136469 0.357901 
54820 0.26218 -0.254535 
54821 0.268141 -0.102831 
54822 0.274078 0.0481858 
54823 0.280035 0.199004 
54824 0.285782 0.349154 
54825 -0.353692 -0.235352 
54826 -0.346137 -0.0800951 
54827 -0.338732 0.0743497 
54828 -0.331391 0.228408 
54829 -0.323997 0.381938 
54830 -0.197415 -0.240451 
54831 -0.190188 -0.086569 
54832 -0.18309 0.0670531 
54833 -0.176027 0.219926 
54834 -0.169051 0.372531 
54835 -0.0434266 -0.245702 
54836 -0.0363496 -0.0926742 
54837 -0.0295551 0.059844 
54838 -0.022958 0.211742 
54839 -0.0161307 0.362881 
54840 0.108474 -0.25071 
54841 0.115143 -0.0985568 
54842 0.121551 0.0527855 
54843 0.12798 0.203384 
54844 0.13447 0.353847 
54845 0.258416 -0.255507 
54846 0.264652 -0.104774 
54847 0.270784 0.04563 
54848 0.276877 0.195422 
54849 0.282852 0.344691 
54850 -0.354833 -0.235696 
54851 -0.347028 -0.0811701 
54852 -0.339233 0.0728815 
54853 -0.331352 0.22619 
54854 -0.323745 0.378931 
54855 -0.198872 -0.241165 
54856 -0.191481 -0.0876347 
54857 -0.184235 0.0652287 
54858 -0.176732 0.217338 
54859 -0.169394 0.369023 
54860 -0.0454725 -0.246467 
54861 -0.0383208 -0.09401 
54862 -0.0313492 0.057702 
54863 -0.0244698 0.208669 
54864 -0.0173541 0.359329 
54865 0.105698 -0.251565 
54866 0.112392 -0.100306 
54867 0.119156 0.0503017 
54868 0.125789 0.200392 
54869 0.132359 0.349753 
54870 0.25484 -0.256773 
54871 0.261002 -0.106494 
54872 0.267312 0.0430238 
54873 0.273696 0.191836 
54874 0.279934 0.340312 
