54450 -0.333153 -0.249942 
54451 -0.333315 -0.0834322 
54452 -0.333379 0.0832891 
54453 -0.3332 0.249929 
54454 -0.333381 0.416597 
54455 -0.166681 -0.250008 
54456 -0.166589 -0.0833891 
54457 -0.166775 0.0833223 
54458 -0.166746 0.25004 
54459 -0.166803 0.416607 
54460 9.7873e-05 -0.250094 
54461 4.12485e-05 -0.0832468 
54462 -6.68021e-05 0.0832879 
54463 1.90111e-05 0.249935 
54464 6.66914e-05 0.416673 
54465 0.166581 -0.249947 
54466 0.166577 -0.0831946 
54467 0.166719 0.0833636 
54468 0.166694 0.249942 
54469 0.16656 0.41662 
54470 0.333402 -0.249894 
54471 0.333351 -0.0833552 
54472 0.333376 0.0833327 
54473 0.333407 0.250063 
54474 0.333297 0.416623 
54475 -0.334397 -0.24851 
54476 -0.333982 -0.0825937 
54477 -0.333555 0.0834695 
54478 -0.333099 0.249408 
54479 -0.332625 0.415285 
54480 -0.168377 -0.248856 
54481 -0.167922 -0.0830392 
54482 -0.167639 0.0828714 
54483 -0.167097 0.248936 
54484 -0.1666 0.414888 
54485 -0.00264651 -0.249053 
54486 -0.00196907 -0.0833341 
54487 -0.00160373 0.0824581 
54488 -0.00127041 0.248266 
54489 -0.000839959 0.414111 
54490 0.163128 -0.249374 
54491 0.163729 -0.0838153 
54492 0.16407 0.0819523 
54493 0.16457 0.247761 
54494 0.164844 0.413441 
54495 0.328828 -0.249619 
54496 0.329241 -0.084062 
54497 0.329743 0.0814773 
54498 0.330207 0.247178 
54499 0.330536 0.412982 
54500 -0.335355 -0.2471 
54501 -0.334711 -0.0817799 
54502 -0.333665 0.0834252 
54503 -0.332996 0.248721 
54504 -0.331918 0.413945 
54505 -0.170031 -0.247697 
54506 -0.169137 -0.0825581 
54507 -0.168304 0.0826815 
54508 -0.167564 0.247549 
54509 -0.166582 0.412585 
54510 -0.00504259 -0.248279 
54511 -0.00401507 -0.0833384 
54512 -0.00334573 0.0815441 
54513 -0.00243722 0.246534 
54514 -0.00145551 0.411541 
54515 0.15979 -0.249095 
54516 0.16063 -0.0841242 
54517 0.16141 0.0806301 
54518 0.162356 0.245362 
54519 0.163312 0.41042 
54520 0.324479 -0.24957 
54521 0.32519 -0.0850125 
54522 0.325973 0.0796742 
54523 0.32681 0.24436 
54524 0.327868 0.409025 
54525 -0.336635 -0.245821 
54526 -0.335322 -0.0812322 
54527 -0.334085 0.0833757 
54528 -0.332658 0.247835 
54529 -0.331366 0.412414 
54530 -0.171928 -0.246674 
54531 -0.170462 -0.0824641 
54532 -0.169249 0.0819331 
54533 -0.167946 0.246214 
54534 -0.166573 0.410669 
54535 -0.00756775 -0.247692 
54536 -0.00633159 -0.0835049 
54537 -0.00490184 0.0805488 
54538 -0.00359961 0.244694 
54539 -0.0023136 0.408754 
54540 0.15645 -0.248657 
54541 0.157751 -0.084781 
54542 0.159031 0.0792175 
54543 0.160293 0.24298 
54544 0.161649 0.407056 
54545 0.319778 -0.249507 
54546 0.321187 -0.0858812 
54547 0.32254 0.07777 
54548 0.323869 0.241368 
54549 0.324966 0.404979 
54550 -0.337729 -0.244681 
54551 -0.336113 -0.0806167 
54552 -0.334173 0.0831607 
54553 -0.332522 0.246981 
54554 -0.33081 0.410635 
54555 -0.173613 -0.245815 
54556 -0.17196 -0.0823238 
54557 -0.170113 0.0811526 
54558 -0.168354 0.244751 
54559 -0.166649 0.408265 
54560 -0.00998215 -0.247064 
54561 -0.00815838 -0.0839417 
54562 -0.00656503 0.0793924 
54563 -0.00480951 0.242711 
54564 -0.00303889 0.4059 
54565 0.152841 -0.248585 
54566 0.154673 -0.0854946 
54567 0.156436 0.0776067 
54568 0.158052 0.240592 
54569 0.159843 0.403373 
54570 0.315498 -0.249851 
54571 0.317089 -0.087019 
54572 0.318843 0.0756681 
54573 0.32055 0.238359 
54574 0.322265 0.40112 
54575 -0.338788 -0.243521 
54576 -0.336736 -0.0802955 
54577 -0.334399 0.082758 
54578 -0.332315 0.245959 
54579 -0.330146 0.408882 
54580 -0.1753 -0.245229 
54581 -0.173188 -0.08233 
54582 -0.171003 0.0803692 
54583 -0.168839 0.24325 
54584 -0.166682 0.405819 
54585 -0.0125071 -0.246768 
54586 -0.0103287 -0.0843336 
54587 -0.0082281 0.0782896 
54588 -0.00591562 0.240618 
54589 -0.00404283 0.402824 
54590 0.149665 -0.248362 
54591 0.151813 -0.0862207 
54592 0.153917 0.0759549 
54593 0.156043 0.237945 
54594 0.158176 0.399885 
54595 0.311208 -0.249988 
54596 0.31336 -0.0881892 
54597 0.315289 0.0736149 
54598 0.31738 0.235435 
54599 0.319538 0.396838 
54600 -0.340007 -0.242576 
54601 -0.337275 -0.0802293 
54602 -0.334764 0.0821183 
54603 -0.332087 0.244681 
54604 -0.329327 0.40692 
54605 -0.176995 -0.244413 
54606 -0.17446 -0.082529 
54607 -0.171817 0.079578 
54608 -0.169137 0.241584 
54609 -0.166654 0.403443 
54610 -0.0149848 -0.2464 
54611 -0.0123158 -0.0848919 
54612 -0.00988124 0.0768673 
54613 -0.00729949 0.238346 
54614 -0.00477921 0.399717 
54615 0.146419 -0.248394 
54616 0.14882 -0.0870775 
54617 0.151213 0.0742339 
54618 0.153861 0.235294 
54619 0.156305 0.396267 
54620 0.306931 -0.250167 
54621 0.309272 -0.0894143 
54622 0.311705 0.0716365 
54623 0.314082 0.232066 
54624 0.316692 0.39278 
54625 -0.341179 -0.242053 
54626 -0.338007 -0.0800447 
54627 -0.334919 0.0817284 
54628 -0.33201 0.243427 
54629 -0.328887 0.404773 
54630 -0.178762 -0.244279 
54631 -0.175816 -0.0827172 
54632 -0.172716 0.0785483 
54633 -0.169671 0.239729 
54634 -0.166732 0.400829 
54635 -0.017469 -0.246325 
54636 -0.0144255 -0.0854345 
54637 -0.0114489 0.0753896 
54638 -0.00867014 0.236025 
54639 -0.00574513 0.396495 
54640 0.143009 -0.248447 
54641 0.145942 -0.0880566 
54642 0.148864 0.0722816 
54643 0.151544 0.232492 
54644 0.154611 0.392641 
54645 0.30262 -0.250791 
54646 0.305443 -0.0907665 
54647 0.308167 0.06912 
54648 0.31099 0.228911 
54649 0.313834 0.38847 
54650 -0.342178 -0.241338 
54651 -0.338811 -0.0800713 
54652 -0.335327 0.0808882 
54653 -0.331619 0.241939 
54654 -0.328206 0.402718 
54655 -0.180516 -0.243816 
54656 -0.177196 -0.0831253 
54657 -0.173609 0.0775035 
54658 -0.17025 0.237881 
54659 -0.166871 0.398057 
54660 -0.0197739 -0.246262 
54661 -0.0163696 -0.0861652 
54662 -0.0131527 0.0737884 
54663 -0.00980577 0.233678 
54664 -0.00643378 0.393548 
54665 0.139847 -0.248855 
54666 0.143205 -0.0892202 
54667 0.146339 0.0702526 
54668 0.149492 0.229566 
54669 0.152787 0.388706 
54670 0.298464 -0.251222 
54671 0.301662 -0.0921576 
54672 0.304855 0.0666679 
54673 0.307906 0.225537 
54674 0.310998 0.38415 
54675 -0.343398 -0.240873 
54676 -0.339467 -0.0801782 
54677 -0.335489 0.0800512 
54678 -0.331616 0.240396 
54679 -0.327844 0.400442 
54680 -0.182199 -0.243595 
54681 -0.17847 -0.0836365 
54682 -0.174533 0.0762883 
54683 -0.170757 0.235749 
54684 -0.166889 0.39523 
54685 -0.0222533 -0.246385 
54686 -0.0183541 -0.0870007 
54687 -0.0147596 0.0722134 
54688 -0.0110752 0.231235 
54689 -0.00740492 0.389872 
54690 0.136819 -0.249174 
54691 0.140109 -0.09051 
54692 0.14397 0.0683507 
54693 0.147275 0.226607 
54694 0.150774 0.384864 
54695 0.294385 -0.251883 
54696 0.297687 -0.0937314 
54697 0.30112 0.0644301 
54698 0.304628 0.222217 
54699 0.308111 0.379846 
54700 -0.344586 -0.240445 
54701 -0.340246 -0.0804202 
54702 -0.335948 0.0791178 
54703 -0.331502 0.238802 
54704 -0.327088 0.397912 
54705 -0.183824 -0.24354 
54706 -0.179757 -0.0842475 
54707 -0.17546 0.0748404 
54708 -0.171253 0.233745 
54709 -0.166989 0.392146 
54710 -0.0245942 -0.246653 
54711 -0.0204741 -0.088005 
54712 -0.016395 0.0705736 
54713 -0.0124103 0.228597 
54714 -0.0082936 0.386558 
54715 0.133488 -0.249738 
54716 0.137369 -0.0915902 
54717 0.141399 0.0660269 
54718 0.145242 0.223615 
54719 0.149035 0.380925 
54720 0.290231 -0.252558 
54721 0.294055 -0.095283 
54722 0.297797 0.0619563 
54723 0.301432 0.218644 
54724 0.305261 0.375563 
54725 -0.345774 -0.240432 
54726 -0.340867 -0.0809543 
54727 -0.33617 0.078229 
54728 -0.331419 0.236941 
54729 -0.326803 0.395562 
54730 -0.185628 -0.243661 
54731 -0.180979 -0.0849377 
54732 -0.176436 0.0734461 
54733 -0.171773 0.231574 
54734 -0.167324 0.389257 
54735 -0.0269614 -0.246929 
54736 -0.0224616 -0.089026 
54737 -0.018203 0.0687272 
54738 -0.0137766 0.226052 
54739 -0.00930285 0.383147 
54740 0.13037 -0.250336 
54741 0.134642 -0.0929467 
54742 0.138732 0.0640269 
54743 0.142941 0.220616 
54744 0.14726 0.376869 
54745 0.286107 -0.253444 
54746 0.290205 -0.0969659 
54747 0.294301 0.0592448 
54748 0.298357 0.215376 
54749 0.302239 0.370945 
54750 -0.346902 -0.240278 
54751 -0.341724 -0.0814065 
54752 -0.336496 0.0770925 
54753 -0.331308 0.235186 
54754 -0.326204 0.392901 
54755 -0.187133 -0.243816 
54756 -0.182294 -0.0856677 
54757 -0.177468 0.0719831 
54758 -0.172484 0.229246 
54759 -0.167515 0.385925 
54760 -0.0292906 -0.247295 
54761 -0.0244591 -0.0900883 
54762 -0.0197595 0.0668795 
54763 -0.0150126 0.223441 
54764 -0.0102743 0.379555 
54765 0.12733 -0.250921 
54766 0.131733 -0.094307 
54767 0.136376 0.061764 
54768 0.140909 0.217515 
54769 0.145301 0.372861 
54770 0.28222 -0.254392 
54771 0.286467 -0.0986278 
54772 0.290711 0.0568703 
54773 0.295191 0.211827 
54774 0.299407 0.366419 
54775 -0.348041 -0.240241 
54776 -0.342568 -0.0820579 
54777 -0.336974 0.0756268 
54778 -0.331319 0.233154 
54779 -0.325872 0.390071 
54780 -0.188948 -0.244024 
54781 -0.18372 -0.0865488 
54782 -0.178276 0.0703888 
54783 -0.173084 0.226859 
54784 -0.167884 0.382734 
54785 -0.0315778 -0.247978 
54786 -0.0265755 -0.0912801 
54787 -0.021453 0.0648412 
54788 -0.0163958 0.220653 
54789 -0.0113395 0.375739 
54790 0.124224 -0.251812 
54791 0.128983 -0.0960787 
54792 0.133733 0.0594749 
54793 0.138523 0.214271 
54794 0.143398 0.368829 
54795 0.278471 -0.255241 
54796 0.282951 -0.100359 
54797 0.287617 0.0542104 
54798 0.291984 0.208334 
54799 0.296465 0.36192 
54800 -0.349179 -0.240435 
54801 -0.343203 -0.0827406 
54802 -0.337241 0.0744565 
54803 -0.331287 0.230963 
54804 -0.325239 0.387146 
54805 -0.19073 -0.244482 
54806 -0.18504 -0.0877218 
54807 -0.179336 0.068634 
54808 -0.173696 0.224268 
54809 -0.168046 0.379499 
54810 -0.0338628 -0.248491 
54811 -0.028395 -0.0925452 
54812 -0.0231137 0.0628694 
54813 -0.0178335 0.217599 
54814 -0.01239 0.372064 
54815 0.121112 -0.252484 
54816 0.126277 -0.0974734 
54817 0.131285 0.0571024 
54818 0.136353 0.211226 
54819 0.141413 0.364632 
54820 0.27429 -0.256422 
54821 0.279271 -0.102218 
54822 0.283947 0.0514641 
54823 0.288628 0.204548 
54824 0.293498 0.357292 
54825 -0.350288 -0.240717 
54826 -0.34387 -0.0835245 
54827 -0.33762 0.0728568 
54828 -0.331207 0.228964 
54829 -0.324993 0.384276 
54830 -0.192351 -0.244961 
54831 -0.186361 -0.0887272 
54832 -0.180307 0.0669528 
54833 -0.174243 0.221818 
54834 -0.168363 0.37626 
54835 -0.0361461 -0.249181 
54836 -0.0303776 -0.0939463 
54837 -0.0247326 0.060729 
54838 -0.0190856 0.214876 
54839 -0.0133528 0.368493 
54840 0.117962 -0.253318 
54841 0.123529 -0.0991523 
54842 0.128743 0.0548008 
54843 0.134257 0.207988 
54844 0.139429 0.360439 
54845 0.27062 -0.257537 
54846 0.275652 -0.10395 
54847 0.280545 0.0487483 
54848 0.285707 0.201168 
54849 0.290435 0.352769 
54850 -0.351455 -0.24114 
54851 -0.34472 -0.0845283 
54852 -0.33806 0.0714983 
54853 -0.331487 0.226651 
54854 -0.324667 0.381225 
54855 -0.193916 -0.245591 
54856 -0.187541 -0.0898572 
54857 -0.181254 0.0649807 
54858 -0.174986 0.219097 
54859 -0.168624 0.372762 
54860 -0.038432 -0.250002 
54861 -0.0323434 -0.0954797 
54862 -0.0264584 0.0586115 
54863 -0.0205707 0.212037 
54864 -0.0146147 0.364573 
54865 0.115122 -0.254317 
54866 0.120793 -0.100735 
54867 0.126288 0.0523753 
54868 0.131746 0.204626 
54869 0.137356 0.356289 
54870 0.266882 -0.258595 
54871 0.27197 -0.10587 
54872 0.277186 0.0460536 
54873 0.282353 0.197535 
54874 0.287561 0.348086 
54875 -0.352776 -0.241607 
54876 -0.34542 -0.0854928 
54877 -0.338481 0.0698598 
54878 -0.331334 0.224348 
54879 -0.324427 0.37806 
54880 -0.195626 -0.246298 
54881 -0.188792 -0.0911975 
54882 -0.182376 0.0629996 
54883 -0.175742 0.216556 
54884 -0.169127 0.36924 
54885 -0.0405533 -0.250861 
54886 -0.0344943 -0.0967726 
54887 -0.0281523 0.0562644 
54888 -0.0219951 0.208759 
54889 -0.0158649 0.360649 
54890 0.112173 -0.255379 
54891 0.117989 -0.102315 
54892 0.123919 0.0498412 
54893 0.129567 0.201176 
54894 0.135342 0.351961 
54895 0.263112 -0.259931 
54896 0.268363 -0.107771 
54897 0.273874 0.043305 
54898 0.27927 0.193906 
54899 0.284482 0.343521 
54900 -0.353736 -0.242198 
54901 -0.346135 -0.0866167 
54902 -0.338846 0.0680157 
54903 -0.331515 0.221793 
54904 -0.32415 0.374682 
54905 -0.197188 -0.246965 
54906 -0.190221 -0.0925692 
54907 -0.183193 0.0610452 
54908 -0.176378 0.213837 
54909 -0.169436 0.365758 
54910 -0.042804 -0.251809 
54911 -0.0361957 -0.098346 
54912 -0.0299116 0.0542179 
54913 -0.0234835 0.205823 
54914 -0.0170907 0.356607 
54915 0.109327 -0.256432 
54916 0.115459 -0.104099 
54917 0.121344 0.0471885 
54918 0.127255 0.197879 
54919 0.133167 0.347723 
54920 0.259438 -0.261025 
54921 0.265063 -0.109749 
54922 0.270482 0.040692 
54923 0.275965 0.190167 
54924 0.281429 0.33893 
54925 -0.35474 -0.242925 
54926 -0.347135 -0.0878017 
54927 -0.339369 0.0660715 
54928 -0.33168 0.219381 
54929 -0.323988 0.371361 
54930 -0.198665 -0.247809 
54931 -0.191513 -0.0938535 
54932 -0.184404 0.0589899 
54933 -0.177153 0.211022 
54934 -0.170041 0.361986 
54935 -0.0449023 -0.252756 
54936 -0.0382902 -0.100024 
54937 -0.0316094 0.0518624 
54938 -0.0250276 0.202696 
54939 -0.0182677 0.352741 
54940 0.106612 -0.257551 
54941 0.112688 -0.105888 
54942 0.118871 0.0447704 
54943 0.125084 0.194474 
54944 0.130971 0.343411 
54945 0.255832 -0.262334 
54946 0.261561 -0.111708 
54947 0.267223 0.0378569 
54948 0.27284 0.186717 
54949 0.278413 0.334374 
