54475 -0.333354 -0.250006 
54476 -0.333393 -0.0832155 
54477 -0.333365 0.083297 
54478 -0.333428 0.249988 
54479 -0.333265 0.416496 
54480 -0.166615 -0.250049 
54481 -0.166568 -0.0833456 
54482 -0.16663 0.083287 
54483 -0.166614 0.249939 
54484 -0.166594 0.416648 
54485 -3.59456e-05 -0.250047 
54486 -3.97464e-05 -0.0833448 
54487 -0.000110771 0.0832593 
54488 5.70098e-05 0.250034 
54489 5.26908e-05 0.416705 
54490 0.166634 -0.25 
54491 0.166705 -0.0833158 
54492 0.166703 0.0834275 
54493 0.166715 0.24979 
54494 0.166589 0.416691 
54495 0.333477 -0.249983 
54496 0.333276 -0.0831725 
54497 0.333356 0.0832285 
54498 0.333177 0.249964 
54499 0.3335 0.416736 
54500 -0.334354 -0.248593 
54501 -0.334058 -0.0825688 
54502 -0.333617 0.0833809 
54503 -0.333278 0.249378 
54504 -0.332665 0.415302 
54505 -0.168421 -0.248909 
54506 -0.168028 -0.083054 
54507 -0.167505 0.0828238 
54508 -0.167013 0.248726 
54509 -0.166675 0.414425 
54510 -0.00249526 -0.249212 
54511 -0.00210275 -0.0832765 
54512 -0.00165517 0.0823739 
54513 -0.00127372 0.248182 
54514 -0.000700217 0.413999 
54515 0.16313 -0.249604 
54516 0.163559 -0.0838011 
54517 0.164124 0.0819479 
54518 0.164542 0.247658 
54519 0.16504 0.413439 
54520 0.328908 -0.249838 
54521 0.32932 -0.0842515 
54522 0.329772 0.08152 
54523 0.330177 0.247048 
54524 0.330574 0.412814 
54525 -0.335474 -0.247302 
54526 -0.334508 -0.0820628 
54527 -0.333727 0.0832136 
54528 -0.333001 0.248468 
54529 -0.332016 0.413684 
54530 -0.170118 -0.248085 
54531 -0.16922 -0.0828473 
54532 -0.168366 0.0822876 
54533 -0.167477 0.247361 
54534 -0.166598 0.412415 
54535 -0.0051086 -0.248498 
54536 -0.00416275 -0.0835995 
54537 -0.00340472 0.0812606 
54538 -0.00244707 0.246295 
54539 -0.00154092 0.411098 
54540 0.159684 -0.249172 
54541 0.160703 -0.0843216 
54542 0.161478 0.0805578 
54543 0.162319 0.245199 
54544 0.163127 0.41001 
54545 0.324345 -0.249845 
54546 0.3252 -0.0852549 
54547 0.326039 0.0794501 
54548 0.326878 0.244167 
54549 0.327667 0.408616 
54550 -0.336544 -0.246053 
54551 -0.335375 -0.0815036 
54552 -0.333908 0.0830174 
54553 -0.332677 0.24757 
54554 -0.331254 0.411912 
54555 -0.171888 -0.247155 
54556 -0.170588 -0.0828437 
54557 -0.169114 0.0815982 
54558 -0.167959 0.245972 
54559 -0.166665 0.410213 
54560 -0.00751335 -0.248055 
54561 -0.00623128 -0.0838825 
54562 -0.0048979 0.0801364 
54563 -0.00363035 0.244224 
54564 -0.00235466 0.408278 
54565 0.156378 -0.249063 
54566 0.157843 -0.0851305 
54567 0.158961 0.0786725 
54568 0.160225 0.242636 
54569 0.161576 0.406555 
54570 0.319792 -0.249957 
54571 0.321146 -0.0862125 
54572 0.322469 0.0774055 
54573 0.323726 0.241055 
54574 0.324939 0.404617 
54575 -0.337728 -0.245122 
54576 -0.335962 -0.0812371 
54577 -0.334282 0.0826479 
54578 -0.332343 0.246533 
54579 -0.330586 0.410139 
54580 -0.173532 -0.24636 
54581 -0.171879 -0.0827903 
54582 -0.17013 0.0808394 
54583 -0.168296 0.244331 
54584 -0.16667 0.407635 
54585 -0.00991285 -0.24768 
54586 -0.0083051 -0.0842679 
54587 -0.00654748 0.078905 
54588 -0.0047927 0.242157 
54589 -0.00318574 0.405331 
54590 0.153083 -0.248966 
54591 0.154837 -0.0859752 
54592 0.156377 0.0771163 
54593 0.158028 0.240079 
54594 0.159774 0.402857 
54595 0.315457 -0.250346 
54596 0.317176 -0.0874814 
54597 0.318892 0.0752575 
54598 0.320468 0.237917 
54599 0.322178 0.400471 
54600 -0.338699 -0.244246 
54601 -0.336739 -0.0809642 
54602 -0.334391 0.0821667 
54603 -0.332234 0.245141 
54604 -0.329948 0.408136 
54605 -0.175435 -0.245954 
54606 -0.173142 -0.0828644 
54607 -0.171058 0.0799522 
54608 -0.168896 0.242472 
54609 -0.166558 0.405224 
54610 -0.0125103 -0.247275 
54611 -0.0103459 -0.0850149 
54612 -0.0082605 0.0774639 
54613 -0.00608327 0.239935 
54614 -0.00397977 0.402123 
54615 0.149851 -0.249065 
54616 0.151802 -0.0868868 
54617 0.1539 0.0752409 
54618 0.155958 0.23733 
54619 0.158035 0.399162 
54620 0.311318 -0.250627 
54621 0.31334 -0.0887349 
54622 0.315279 0.0731053 
54623 0.317351 0.234716 
54624 0.319381 0.396236 
54625 -0.339937 -0.243367 
54626 -0.337434 -0.0807925 
54627 -0.334713 0.0815698 
54628 -0.332031 0.243957 
54629 -0.329364 0.406097 
54630 -0.177036 -0.245374 
54631 -0.174407 -0.0831982 
54632 -0.17191 0.0788372 
54633 -0.169347 0.240749 
54634 -0.166692 0.402523 
54635 -0.0148806 -0.247347 
54636 -0.012443 -0.085532 
54637 -0.0100345 0.0762736 
54638 -0.00727053 0.237688 
54639 -0.00481439 0.39899 
54640 0.146384 -0.249129 
54641 0.148914 -0.0878337 
54642 0.151374 0.0734104 
54643 0.153903 0.234377 
54644 0.1563 0.395475 
54645 0.306953 -0.251054 
54646 0.309326 -0.0902659 
54647 0.311814 0.0708153 
54648 0.314012 0.231351 
54649 0.316413 0.391967 
54650 -0.341225 -0.242851 
54651 -0.338036 -0.0809378 
54652 -0.334967 0.0807304 
54653 -0.332034 0.242519 
54654 -0.328842 0.40393 
54655 -0.178679 -0.245164 
54656 -0.175699 -0.0837101 
54657 -0.172709 0.0776312 
54658 -0.169896 0.238798 
54659 -0.166711 0.399756 
54660 -0.0174554 -0.247341 
54661 -0.0144528 -0.0861474 
54662 -0.0117685 0.0745228 
54663 -0.00861616 0.235211 
54664 -0.00562219 0.395722 
54665 0.143256 -0.249461 
54666 0.145974 -0.0889459 
54667 0.148709 0.0713855 
54668 0.151583 0.231646 
54669 0.154455 0.391576 
54670 0.302748 -0.251573 
54671 0.305412 -0.0915386 
54672 0.30816 0.068341 
54673 0.310825 0.228112 
54674 0.313555 0.387695 
54675 -0.342359 -0.242493 
54676 -0.338719 -0.0811556 
54677 -0.335301 0.0800719 
54678 -0.331793 0.240905 
54679 -0.328192 0.401467 
54680 -0.180395 -0.244887 
54681 -0.17694 -0.0841364 
54682 -0.173661 0.0763105 
54683 -0.170278 0.236846 
54684 -0.166938 0.396941 
54685 -0.0196504 -0.247343 
54686 -0.016443 -0.0871751 
54687 -0.013175 0.072958 
54688 -0.0099069 0.23269 
54689 -0.00662572 0.39229 
54690 0.139893 -0.249868 
54691 0.143168 -0.0902101 
54692 0.146208 0.0694598 
54693 0.149439 0.228696 
54694 0.152588 0.387652 
54695 0.298709 -0.252286 
54696 0.301548 -0.0930419 
54697 0.304706 0.0658166 
54698 0.307748 0.224628 
54699 0.310808 0.383206 
54700 -0.343415 -0.241968 
54701 -0.339489 -0.081316 
54702 -0.335554 0.0790284 
54703 -0.331533 0.239109 
54704 -0.327665 0.399063 
54705 -0.182301 -0.244749 
54706 -0.178398 -0.0846974 
54707 -0.17451 0.0750685 
54708 -0.170763 0.234761 
54709 -0.167056 0.39404 
54710 -0.0220324 -0.247597 
54711 -0.0185285 -0.0881015 
54712 -0.0148656 0.071149 
54713 -0.0111867 0.230104 
54714 -0.0075255 0.388889 
54715 0.136701 -0.250242 
54716 0.140258 -0.0913448 
54717 0.143745 0.0672095 
54718 0.147293 0.225712 
54719 0.150815 0.383773 
54720 0.294386 -0.25288 
54721 0.297749 -0.094662 
54722 0.301163 0.0634609 
54723 0.304525 0.221249 
54724 0.307848 0.378808 
54725 -0.344652 -0.2419 
54726 -0.340385 -0.0817164 
54727 -0.335958 0.078066 
54728 -0.331413 0.237525 
54729 -0.327197 0.396583 
54730 -0.183869 -0.244908 
54731 -0.179729 -0.0853848 
54732 -0.175429 0.0737349 
54733 -0.171293 0.232533 
54734 -0.167194 0.390919 
54735 -0.02458 -0.247858 
54736 -0.0204883 -0.0890435 
54737 -0.0164921 0.0693985 
54738 -0.0125826 0.227367 
54739 -0.00837086 0.385055 
54740 0.133578 -0.250861 
54741 0.137471 -0.0927741 
54742 0.14117 0.065018 
54743 0.145126 0.222595 
54744 0.148883 0.379786 
54745 0.290408 -0.253849 
54746 0.294102 -0.0963439 
54747 0.297622 0.0609124 
54748 0.301252 0.217595 
54749 0.305002 0.374261 
54750 -0.345743 -0.24177 
54751 -0.340906 -0.0823427 
54752 -0.336164 0.0769361 
54753 -0.331316 0.235641 
54754 -0.326733 0.393845 
54755 -0.185545 -0.245007 
54756 -0.180964 -0.0862578 
54757 -0.176398 0.0721004 
54758 -0.171764 0.230054 
54759 -0.167298 0.387762 
54760 -0.026729 -0.24829 
54761 -0.0225389 -0.0902731 
54762 -0.0181241 0.0675089 
54763 -0.0138228 0.224771 
54764 -0.00946287 0.381765 
54765 0.130556 -0.25152 
54766 0.134475 -0.0942244 
54767 0.138618 0.0628861 
54768 0.142949 0.219342 
54769 0.1471 0.375482 
54770 0.286311 -0.254685 
54771 0.290302 -0.0981177 
54772 0.294258 0.0581556 
54773 0.29807 0.214 
54774 0.301938 0.369635 
54775 -0.346872 -0.241767 
54776 -0.341792 -0.0829039 
54777 -0.336604 0.0754366 
54778 -0.331349 0.233614 
54779 -0.326134 0.390977 
54780 -0.187312 -0.245359 
54781 -0.18233 -0.0871975 
54782 -0.177435 0.0705753 
54783 -0.172373 0.227834 
54784 -0.167596 0.384474 
54785 -0.029179 -0.248938 
54786 -0.0244994 -0.091449 
54787 -0.019835 0.0655512 
54788 -0.0151579 0.22199 
54789 -0.0105786 0.377912 
54790 0.12738 -0.25226 
54791 0.131792 -0.0956721 
54792 0.136265 0.0604045 
54793 0.140687 0.216116 
54794 0.145203 0.371416 
54795 0.282625 -0.25569 
54796 0.286668 -0.099884 
54797 0.290818 0.0555025 
54798 0.295045 0.210555 
54799 0.299078 0.365134 
54800 -0.347995 -0.242056 
54801 -0.342474 -0.0836774 
54802 -0.336874 0.0742148 
54803 -0.331383 0.23139 
54804 -0.325705 0.388172 
54805 -0.188696 -0.245603 
54806 -0.183565 -0.0881472 
54807 -0.178275 0.0687146 
54808 -0.172972 0.225288 
54809 -0.167842 0.381031 
54810 -0.0315612 -0.249524 
54811 -0.0265113 -0.0927157 
54812 -0.0214461 0.0634767 
54813 -0.0165422 0.219194 
54814 -0.011464 0.374199 
54815 0.12448 -0.253052 
54816 0.128972 -0.0972791 
54817 0.13375 0.0581817 
54818 0.13857 0.212955 
54819 0.143135 0.367266 
54820 0.278605 -0.25679 
54821 0.283037 -0.101699 
54822 0.287378 0.052778 
54823 0.291794 0.206945 
54824 0.296083 0.360386 
54825 -0.349342 -0.242239 
54826 -0.343217 -0.0843621 
54827 -0.337365 0.0728103 
54828 -0.331308 0.229326 
54829 -0.325338 0.385285 
54830 -0.19067 -0.246078 
54831 -0.184911 -0.0892654 
54832 -0.179344 0.0670152 
54833 -0.17373 0.222765 
54834 -0.168117 0.377765 
54835 -0.0337427 -0.250131 
54836 -0.0284259 -0.0940758 
54837 -0.0231804 0.0612904 
54838 -0.0179122 0.216179 
54839 -0.0127312 0.370364 
54840 0.121272 -0.254078 
54841 0.126416 -0.0988474 
54842 0.13129 0.0557055 
54843 0.136152 0.209651 
54844 0.141118 0.362942 
54845 0.274619 -0.257815 
54846 0.279257 -0.103543 
54847 0.28396 0.0502307 
54848 0.288534 0.203186 
54849 0.293326 0.355908 
54850 -0.350354 -0.242634 
54851 -0.34399 -0.0853293 
54852 -0.337718 0.0712272 
54853 -0.331405 0.227056 
54854 -0.324983 0.382142 
54855 -0.192302 -0.246819 
54856 -0.186212 -0.0905086 
54857 -0.180332 0.0650795 
54858 -0.174358 0.220118 
54859 -0.168435 0.374312 
54860 -0.0360228 -0.250998 
54861 -0.0303883 -0.0955065 
54862 -0.0248699 0.0590876 
54863 -0.019126 0.213209 
54864 -0.0138019 0.366502 
54865 0.11832 -0.254976 
54866 0.123484 -0.100396 
54867 0.128704 0.0533305 
54868 0.133921 0.2063 
54869 0.139084 0.358662 
54870 0.270974 -0.258941 
54871 0.275668 -0.105302 
54872 0.280511 0.047434 
54873 0.285372 0.199598 
54874 0.290045 0.351251 
54875 -0.351548 -0.243268 
54876 -0.344792 -0.0863309 
54877 -0.337904 0.0694969 
54878 -0.331323 0.224624 
54879 -0.324855 0.378885 
54880 -0.193829 -0.247513 
54881 -0.187598 -0.0917754 
54882 -0.181259 0.0632636 
54883 -0.174976 0.217482 
54884 -0.16893 0.370765 
54885 -0.0381688 -0.251722 
54886 -0.0323762 -0.0970492 
54887 -0.0263373 0.0569881 
54888 -0.0207002 0.210169 
54889 -0.0148696 0.362606 
54890 0.115479 -0.256003 
54891 0.120788 -0.102168 
54892 0.126235 0.0506758 
54893 0.131664 0.203061 
54894 0.136884 0.354356 
54895 0.267113 -0.260297 
54896 0.272191 -0.107487 
54897 0.27723 0.044667 
54898 0.282168 0.196076 
54899 0.287136 0.346636 
54900 -0.352563 -0.243771 
54901 -0.345468 -0.0875042 
54902 -0.338399 0.0676621 
54903 -0.331504 0.222126 
54904 -0.324512 0.375687 
54905 -0.195385 -0.248291 
54906 -0.188929 -0.0929968 
54907 -0.182321 0.0613362 
54908 -0.175742 0.214702 
54909 -0.169134 0.367251 
54910 -0.0404016 -0.25276 
54911 -0.0342292 -0.0986226 
54912 -0.0282198 0.0546388 
54913 -0.0221911 0.207079 
54914 -0.0162463 0.358564 
54915 0.112589 -0.257014 
54916 0.11804 -0.103906 
54917 0.123719 0.0482311 
54918 0.129444 0.199641 
54919 0.134932 0.350238 
54920 0.2634 -0.261561 
54921 0.268646 -0.109336 
54922 0.273827 0.0419032 
54923 0.278908 0.192377 
54924 0.284105 0.341949 
54925 -0.353784 -0.244507 
54926 -0.34633 -0.0886128 
54927 -0.338942 0.0660868 
54928 -0.331517 0.219716 
54929 -0.324277 0.372447 
54930 -0.197087 -0.249059 
54931 -0.190216 -0.0945473 
54932 -0.183236 0.0591207 
54933 -0.176516 0.211778 
54934 -0.169661 0.363494 
54935 -0.042641 -0.25371 
54936 -0.036211 -0.100146 
54937 -0.0300515 0.0524126 
54938 -0.0236104 0.204079 
54939 -0.0174044 0.354619 
54940 0.109714 -0.258255 
54941 0.115597 -0.105798 
54942 0.121359 0.0457251 
54943 0.127082 0.196185 
54944 0.132877 0.345686 
54945 0.259903 -0.26274 
54946 0.265346 -0.111371 
54947 0.270502 0.0391085 
54948 0.275722 0.188626 
54949 0.280902 0.337407 
54950 -0.35483 -0.245227 
54951 -0.347056 -0.0901362 
54952 -0.339442 0.0641178 
54953 -0.331829 0.217135 
54954 -0.323959 0.369061 
54955 -0.198654 -0.250051 
54956 -0.191494 -0.0960909 
54957 -0.184357 0.056943 
54958 -0.177252 0.208985 
54959 -0.170284 0.359562 
54960 -0.0446728 -0.254714 
54961 -0.0382087 -0.101838 
54962 -0.031781 0.0498839 
54963 -0.0252244 0.200879 
54964 -0.0187645 0.350631 
54965 0.106849 -0.259445 
54966 0.112866 -0.107669 
54967 0.11886 0.0430338 
54968 0.124843 0.192924 
54969 0.130691 0.341537 
54970 0.256274 -0.26414 
54971 0.261735 -0.113323 
54972 0.267116 0.0361598 
54973 0.272598 0.185055 
54974 0.277796 0.332747 
