54650 -0.333308 -0.24992 
54651 -0.33327 -0.08329 
54652 -0.33326 0.0833317 
54653 -0.333236 0.24993 
54654 -0.33343 0.416702 
54655 -0.166642 -0.250149 
54656 -0.166713 -0.0832522 
54657 -0.166612 0.083357 
54658 -0.166753 0.250029 
54659 -0.166651 0.416641 
54660 2.44765e-05 -0.250017 
54661 -2.41426e-05 -0.0833487 
54662 6.26492e-05 0.0833136 
54663 -2.45231e-06 0.250044 
54664 5.79413e-06 0.41665 
54665 0.16659 -0.249959 
54666 0.166655 -0.0833438 
54667 0.166476 0.0833338 
54668 0.166663 0.249992 
54669 0.166655 0.416848 
54670 0.333379 -0.249827 
54671 0.333334 -0.0832726 
54672 0.333415 0.0833591 
54673 0.333332 0.250016 
54674 0.333269 0.416646 
54675 -0.334491 -0.249546 
54676 -0.333993 -0.083506 
54677 -0.33346 0.0822512 
54678 -0.333026 0.248372 
54679 -0.332573 0.414237 
54680 -0.168521 -0.249786 
54681 -0.167864 -0.0838221 
54682 -0.16751 0.0819272 
54683 -0.167055 0.247773 
54684 -0.166633 0.413603 
54685 -0.00240661 -0.250055 
54686 -0.00203575 -0.0842411 
54687 -0.00165084 0.0815787 
54688 -0.00126965 0.247325 
54689 -0.000930906 0.412972 
54690 0.163329 -0.25035 
54691 0.163722 -0.0844993 
54692 0.164332 0.0810781 
54693 0.164477 0.246747 
54694 0.164709 0.412511 
54695 0.32903 -0.250675 
54696 0.329278 -0.0851124 
54697 0.329759 0.080652 
54698 0.330015 0.246313 
54699 0.330522 0.411862 
54700 -0.335592 -0.249194 
54701 -0.33467 -0.0838774 
54702 -0.333763 0.0814802 
54703 -0.332843 0.246595 
54704 -0.331959 0.411578 
54705 -0.170212 -0.249754 
54706 -0.169346 -0.0846339 
54707 -0.168276 0.0804169 
54708 -0.167514 0.245607 
54709 -0.166644 0.410536 
54710 -0.00493238 -0.250361 
54711 -0.00411683 -0.0852489 
54712 -0.00331713 0.0796967 
54713 -0.00248068 0.244676 
54714 -0.00159966 0.409272 
54715 0.159929 -0.250932 
54716 0.160864 -0.0859797 
54717 0.161561 0.0788655 
54718 0.162338 0.24364 
54719 0.162968 0.408184 
54720 0.32469 -0.251476 
54721 0.325303 -0.08657 
54722 0.32601 0.0779674 
54723 0.326723 0.2425 
54724 0.327389 0.406932 
54725 -0.336789 -0.248889 
54726 -0.335342 -0.0841802 
54727 -0.333975 0.0803546 
54728 -0.332681 0.244714 
54729 -0.331208 0.408924 
54730 -0.171683 -0.249932 
54731 -0.170453 -0.0852663 
54732 -0.169232 0.0790871 
54733 -0.16808 0.243228 
54734 -0.166801 0.407157 
54735 -0.00735131 -0.250685 
54736 -0.00614626 -0.0863671 
54737 -0.00504267 0.0777719 
54738 -0.00389567 0.241748 
54739 -0.00262774 0.40554 
54740 0.156804 -0.251514 
54741 0.157892 -0.0874079 
54742 0.158842 0.0764825 
54743 0.159912 0.240297 
54744 0.16113 0.403774 
54745 0.320301 -0.25222 
54746 0.321424 -0.0886053 
54747 0.322337 0.0752196 
54748 0.32333 0.238808 
54749 0.324305 0.402148 
54750 -0.33778 -0.248776 
54751 -0.335888 -0.0847602 
54752 -0.334253 0.0790077 
54753 -0.332472 0.242686 
54754 -0.330579 0.406067 
54755 -0.173406 -0.249839 
54756 -0.171896 -0.0862334 
54757 -0.170039 0.0773939 
54758 -0.168427 0.240596 
54759 -0.166987 0.403946 
54760 -0.00972567 -0.251107 
54761 -0.00816572 -0.087519 
54762 -0.00664228 0.0756606 
54763 -0.00507357 0.238753 
54764 -0.00346813 0.401681 
54765 0.153433 -0.252311 
54766 0.154923 -0.0888933 
54767 0.156298 0.0741819 
54768 0.157718 0.236754 
54769 0.159081 0.399451 
54770 0.316174 -0.253329 
54771 0.317501 -0.0903181 
54772 0.318695 0.0724706 
54773 0.319908 0.234919 
54774 0.321272 0.397211 
54775 -0.338906 -0.248961 
54776 -0.336797 -0.0853955 
54777 -0.334496 0.0778203 
54778 -0.33217 0.240536 
54779 -0.330165 0.403195 
54780 -0.175096 -0.25024 
54781 -0.173114 -0.0870711 
54782 -0.17094 0.0756553 
54783 -0.168868 0.238262 
54784 -0.166964 0.400293 
54785 -0.0121487 -0.251608 
54786 -0.0103188 -0.0889328 
54787 -0.00834778 0.0736388 
54788 -0.00638411 0.235663 
54789 -0.00447705 0.397663 
54790 0.150372 -0.252897 
54791 0.152107 -0.0905695 
54792 0.153832 0.0716088 
54793 0.155444 0.23331 
54794 0.157126 0.3949 
54795 0.312036 -0.254382 
54796 0.313677 -0.0922696 
54797 0.315265 0.0694558 
54798 0.316662 0.230995 
54799 0.318424 0.392224 
54800 -0.33998 -0.248986 
54801 -0.337348 -0.0862383 
54802 -0.334785 0.0763781 
54803 -0.332043 0.238316 
54804 -0.329389 0.400053 
54805 -0.176781 -0.250747 
54806 -0.174466 -0.0881039 
54807 -0.171964 0.0739843 
54808 -0.169332 0.235601 
54809 -0.167023 0.396861 
54810 -0.0145523 -0.252239 
54811 -0.0121661 -0.0902951 
54812 -0.00994761 0.0713311 
54813 -0.007718 0.232816 
54814 -0.00545814 0.393563 
54815 0.147144 -0.253796 
54816 0.149176 -0.0922071 
54817 0.151167 0.0690204 
54818 0.153165 0.229854 
54819 0.155377 0.390521 
54820 0.307861 -0.255443 
54821 0.309763 -0.0941859 
54822 0.311588 0.0667335 
54823 0.313434 0.227136 
54824 0.315129 0.38712 
54825 -0.341202 -0.249311 
54826 -0.338005 -0.0870801 
54827 -0.335111 0.0747529 
54828 -0.332031 0.236073 
54829 -0.32886 0.39692 
54830 -0.178525 -0.251078 
54831 -0.175547 -0.0893335 
54832 -0.172776 0.0720107 
54833 -0.170025 0.232915 
54834 -0.167294 0.393099 
54835 -0.016739 -0.253014 
54836 -0.0142179 -0.0917048 
54837 -0.0117564 0.0691778 
54838 -0.00908601 0.229548 
54839 -0.00656474 0.389478 
54840 0.143991 -0.254856 
54841 0.146354 -0.0939108 
54842 0.148528 0.066453 
54843 0.151048 0.226416 
54844 0.153356 0.385847 
54845 0.303961 -0.256585 
54846 0.305909 -0.0963357 
54847 0.307955 0.0638254 
54848 0.310012 0.223151 
54849 0.312194 0.38222 
54850 -0.342232 -0.249703 
54851 -0.338721 -0.0880461 
54852 -0.335285 0.073166 
54853 -0.331871 0.233849 
54854 -0.328525 0.393812 
54855 -0.180115 -0.251713 
54856 -0.176994 -0.0904273 
54857 -0.17379 0.0699017 
54858 -0.170678 0.230121 
54859 -0.167339 0.389665 
54860 -0.0190838 -0.253757 
54861 -0.016103 -0.0931593 
54862 -0.0133095 0.0671035 
54863 -0.0104144 0.226322 
54864 -0.00758203 0.38557 
54865 0.14093 -0.255789 
54866 0.143558 -0.0956737 
54867 0.14614 0.0638416 
54868 0.148665 0.222766 
54869 0.151295 0.38129 
54870 0.299797 -0.257842 
54871 0.302084 -0.0982891 
54872 0.304548 0.0607528 
54873 0.306684 0.219184 
54874 0.309031 0.377189 
54875 -0.343468 -0.250161 
54876 -0.339456 -0.0889486 
54877 -0.335541 0.0714706 
54878 -0.331618 0.231185 
54879 -0.328031 0.390316 
54880 -0.181748 -0.252515 
54881 -0.178178 -0.091883 
54882 -0.174708 0.0679535 
54883 -0.17123 0.227253 
54884 -0.167679 0.385883 
54885 -0.0212282 -0.254703 
54886 -0.0181425 -0.0947326 
54887 -0.0151258 0.0645402 
54888 -0.0118725 0.223132 
54889 -0.00865271 0.381274 
54890 0.137933 -0.256887 
54891 0.140805 -0.097594 
54892 0.143573 0.0611233 
54893 0.146346 0.219227 
54894 0.149174 0.376719 
54895 0.296069 -0.259009 
54896 0.298483 -0.10044 
54897 0.301038 0.057878 
54898 0.30348 0.215337 
54899 0.305954 0.372045 
54900 -0.344339 -0.250724 
54901 -0.34024 -0.0902501 
54902 -0.336047 0.0695946 
54903 -0.331706 0.228594 
54904 -0.327526 0.387058 
54905 -0.183288 -0.253279 
54906 -0.179578 -0.0933306 
54907 -0.175534 0.0659254 
54908 -0.171869 0.224316 
54909 -0.168194 0.382087 
54910 -0.0235827 -0.255691 
54911 -0.0200708 -0.0963993 
54912 -0.0165718 0.0621889 
54913 -0.0132246 0.219879 
54914 -0.00982887 0.377061 
54915 0.134918 -0.257993 
54916 0.138037 -0.0994492 
54917 0.141077 0.0584772 
54918 0.144082 0.215748 
54919 0.147014 0.372065 
54920 0.292096 -0.26041 
54921 0.294838 -0.102563 
54922 0.297425 0.0548448 
54923 0.300235 0.211453 
54924 0.302709 0.36717 
54925 -0.345422 -0.25145 
54926 -0.340838 -0.0915134 
54927 -0.336259 0.0676859 
54928 -0.331598 0.225986 
54929 -0.32721 0.383493 
54930 -0.18488 -0.254016 
54931 -0.180764 -0.0947059 
54932 -0.176526 0.0636992 
54933 -0.172494 0.221333 
54934 -0.168364 0.378085 
54935 -0.0257061 -0.256684 
54936 -0.0220261 -0.0981313 
54937 -0.0182993 0.0597493 
54938 -0.014693 0.216667 
54939 -0.0111092 0.372841 
54940 0.131963 -0.259359 
54941 0.135241 -0.101375 
54942 0.138413 0.0557669 
54943 0.141695 0.212004 
54944 0.145072 0.367452 
54945 0.28843 -0.26174 
54946 0.291327 -0.104433 
54947 0.293996 0.0519271 
54948 0.296747 0.207546 
54949 0.299673 0.362286 
54950 -0.346557 -0.252324 
54951 -0.341615 -0.0927286 
54952 -0.336702 0.0657534 
54953 -0.331782 0.223269 
54954 -0.326881 0.379842 
54955 -0.186443 -0.255095 
54956 -0.18192 -0.0964177 
54957 -0.177593 0.0614076 
54958 -0.17321 0.218259 
54959 -0.168927 0.3741 
54960 -0.0280279 -0.257735 
54961 -0.0239279 -0.0998727 
54962 -0.0200429 0.0571792 
54963 -0.0162806 0.213328 
54964 -0.0122827 0.368591 
54965 0.129112 -0.260567 
54966 0.132441 -0.103251 
54967 0.136063 0.0530843 
54968 0.139234 0.208471 
54969 0.142914 0.362819 
54970 0.284648 -0.263233 
54971 0.287607 -0.106749 
54972 0.290571 0.048869 
54973 0.293512 0.203557 
54974 0.296353 0.357249 
54975 -0.347506 -0.253251 
54976 -0.342132 -0.0943344 
54977 -0.337081 0.0636054 
54978 -0.331838 0.220507 
54979 -0.326652 0.37641 
54980 -0.187983 -0.256003 
54981 -0.183267 -0.0980529 
54982 -0.178617 0.0590093 
54983 -0.174028 0.215115 
54984 -0.169399 0.370255 
54985 -0.0299823 -0.258915 
54986 -0.0258489 -0.10149 
54987 -0.0217841 0.0546956 
54988 -0.0177404 0.209937 
54989 -0.0134791 0.3643 
54990 0.126274 -0.261798 
54991 0.12988 -0.105276 
54992 0.133539 0.0501671 
54993 0.13703 0.204683 
54994 0.140596 0.35833 
54995 0.280899 -0.26454 
54996 0.284039 -0.108812 
54997 0.287181 0.0458324 
54998 0.290057 0.199538 
54999 0.293073 0.35242 
55000 -0.348535 -0.254258 
55001 -0.343025 -0.0957915 
55002 -0.337356 0.0615069 
55003 -0.332037 0.217766 
55004 -0.326372 0.372675 
55005 -0.18948 -0.257366 
55006 -0.18446 -0.0996212 
55007 -0.17966 0.0566962 
55008 -0.174794 0.212038 
55009 -0.169922 0.366162 
55010 -0.0321816 -0.260203 
55011 -0.0276351 -0.103429 
55012 -0.0233493 0.0519779 
55013 -0.0190969 0.206608 
55014 -0.0148574 0.359928 
55015 0.123363 -0.263165 
55016 0.127134 -0.107242 
55017 0.131003 0.047446 
55018 0.134668 0.201055 
55019 0.138285 0.35362 
55020 0.277207 -0.265995 
55021 0.280526 -0.110946 
55022 0.28364 0.0428762 
55023 0.286806 0.195736 
55024 0.289959 0.347376 
55025 -0.349537 -0.25533 
55026 -0.343783 -0.0972353 
55027 -0.338068 0.0592843 
55028 -0.332007 0.214749 
55029 -0.326428 0.368799 
55030 -0.191063 -0.258354 
55031 -0.185828 -0.101319 
55032 -0.180627 0.054408 
55033 -0.17557 0.209067 
55034 -0.170497 0.362201 
55035 -0.0342154 -0.261485 
55036 -0.0297953 -0.105241 
55037 -0.0251749 0.0495514 
55038 -0.02073 0.203107 
55039 -0.0161587 0.355601 
55040 0.120764 -0.264447 
55041 0.124504 -0.10917 
55042 0.128329 0.0447003 
55043 0.132207 0.197519 
55044 0.13609 0.348904 
55045 0.27372 -0.267314 
55046 0.277012 -0.113104 
55047 0.28021 0.0399584 
55048 0.283542 0.191771 
55049 0.286646 0.342582 
55050 -0.35061 -0.256513 
55051 -0.344508 -0.0990197 
55052 -0.338309 0.0569238 
55053 -0.332153 0.211629 
55054 -0.326272 0.36514 
55055 -0.192398 -0.259553 
55056 -0.186999 -0.103092 
55057 -0.181678 0.0518904 
55058 -0.176243 0.205856 
55059 -0.171095 0.358184 
55060 -0.0362347 -0.262753 
55061 -0.0315324 -0.10716 
55062 -0.0268733 0.0468385 
55063 -0.0223059 0.199703 
55064 -0.0176333 0.351234 
55065 0.117974 -0.265889 
55066 0.121919 -0.111197 
55067 0.12602 0.0420323 
55068 0.129805 0.193861 
55069 0.133723 0.344365 
55070 0.270134 -0.268886 
55071 0.273666 -0.115192 
55072 0.27689 0.0371012 
55073 0.28018 0.187989 
55074 0.283277 0.337725 
55075 -0.351568 -0.257696 
55076 -0.345182 -0.100649 
55077 -0.338839 0.0547409 
55078 -0.332465 0.208676 
55079 -0.326229 0.361099 
55080 -0.193989 -0.260812 
55081 -0.188263 -0.104972 
55082 -0.182743 0.0495448 
55083 -0.177159 0.202514 
55084 -0.171721 0.35402 
55085 -0.0381152 -0.264108 
55086 -0.0334406 -0.109187 
55087 -0.0286877 0.0443735 
55088 -0.0239962 0.19638 
55089 -0.0191041 0.346854 
55090 0.115171 -0.267205 
55091 0.11928 -0.113329 
55092 0.123415 0.0391147 
55093 0.127522 0.190065 
55094 0.131349 0.339878 
55095 0.266699 -0.27021 
55096 0.270085 -0.117273 
55097 0.273472 0.0341373 
55098 0.276743 0.184145 
55099 0.280034 0.332953 
55100 -0.352683 -0.258896 
55101 -0.345972 -0.102445 
55102 -0.339393 0.0523936 
55103 -0.332743 0.205586 
55104 -0.326348 0.357376 
55105 -0.195274 -0.262176 
55106 -0.189454 -0.106962 
55107 -0.183812 0.0469379 
55108 -0.178026 0.199083 
55109 -0.172571 0.349956 
55110 -0.0402404 -0.265433 
55111 -0.0354066 -0.11101 
55112 -0.0303598 0.041685 
55113 -0.0255351 0.192788 
55114 -0.0208423 0.342429 
55115 0.112585 -0.268719 
55116 0.116757 -0.11534 
55117 0.120853 0.0364841 
55118 0.125037 0.18661 
55119 0.129075 0.335431 
55120 0.263376 -0.271693 
55121 0.266708 -0.119394 
55122 0.27005 0.0313177 
55123 0.273458 0.18059 
55124 0.276786 0.328094 
55125 -0.353542 -0.260342 
55126 -0.346582 -0.104564 
55127 -0.339805 0.0498894 
55128 -0.333224 0.202504 
55129 -0.326431 0.353501 
55130 -0.19682 -0.263551 
55131 -0.190845 -0.108654 
55132 -0.184896 0.0443927 
55133 -0.179083 0.195906 
55134 -0.173211 0.345777 
55135 -0.0422515 -0.266808 
55136 -0.0370825 -0.113087 
55137 -0.0320862 0.0389786 
55138 -0.0271624 0.189418 
55139 -0.0222526 0.338271 
55140 0.109876 -0.26978 
55141 0.114231 -0.117281 
55142 0.118292 0.0337612 
55143 0.122434 0.183089 
55144 0.126624 0.33076 
55145 0.259997 -0.273054 
55146 0.263389 -0.121422 
55147 0.266679 0.0284492 
55148 0.270044 0.176745 
55149 0.273371 0.323627 
