54825 -0.333287 -0.250062 
54826 -0.333393 -0.0833978 
54827 -0.333274 0.0832475 
54828 -0.333307 0.249956 
54829 -0.33345 0.41659 
54830 -0.166685 -0.250043 
54831 -0.166602 -0.0833817 
54832 -0.166681 0.083291 
54833 -0.166758 0.250181 
54834 -0.166684 0.416704 
54835 1.17778e-05 -0.250043 
54836 -1.54606e-05 -0.0833535 
54837 -4.4468e-05 0.0832064 
54838 2.55119e-05 0.250036 
54839 -4.67871e-05 0.416571 
54840 0.166683 -0.250039 
54841 0.166519 -0.0833225 
54842 0.166672 0.0832877 
54843 0.166585 0.250016 
54844 0.166641 0.416689 
54845 0.333284 -0.25011 
54846 0.333321 -0.0832044 
54847 0.333424 0.0832572 
54848 0.333362 0.249956 
54849 0.333284 0.416672 
54850 -0.334334 -0.250332 
54851 -0.333968 -0.084225 
54852 -0.333478 0.0816121 
54853 -0.333123 0.247484 
54854 -0.332722 0.413153 
54855 -0.168226 -0.250658 
54856 -0.167933 -0.0846826 
54857 -0.167586 0.0811668 
54858 -0.167195 0.247005 
54859 -0.166743 0.412735 
54860 -0.00229251 -0.250772 
54861 -0.00198587 -0.0850329 
54862 -0.00180133 0.08089 
54863 -0.00137753 0.24677 
54864 -0.000960006 0.412308 
54865 0.163521 -0.251015 
54866 0.163743 -0.0852578 
54867 0.164081 0.0804726 
54868 0.164296 0.246246 
54869 0.164571 0.411764 
54870 0.329141 -0.251289 
54871 0.329413 -0.0853895 
54872 0.329615 0.0802264 
54873 0.329815 0.24569 
54874 0.330185 0.411262 
54875 -0.335389 -0.25087 
54876 -0.334579 -0.0854086 
54877 -0.333796 0.0798167 
54878 -0.332788 0.244878 
54879 -0.332092 0.409802 
54880 -0.169956 -0.25129 
54881 -0.169109 -0.0859562 
54882 -0.168329 0.0789464 
54883 -0.167732 0.243998 
54884 -0.16701 0.408702 
54885 -0.00458858 -0.251866 
54886 -0.00394793 -0.0865304 
54887 -0.00339313 0.0782813 
54888 -0.00272982 0.243106 
54889 -0.00200911 0.407737 
54890 0.160279 -0.252173 
54891 0.160807 -0.0870318 
54892 0.161439 0.0777298 
54893 0.16203 0.242356 
54894 0.162487 0.406774 
54895 0.325055 -0.252642 
54896 0.325513 -0.0879078 
54897 0.326012 0.0770661 
54898 0.326483 0.241474 
54899 0.326868 0.405743 
54900 -0.336431 -0.251356 
54901 -0.335162 -0.0866445 
54902 -0.333962 0.0778141 
54903 -0.33275 0.242188 
54904 -0.331428 0.405986 
54905 -0.171346 -0.252138 
54906 -0.17031 -0.0874315 
54907 -0.169207 0.0769317 
54908 -0.168067 0.240914 
54909 -0.167153 0.404629 
54910 -0.00692701 -0.25274 
54911 -0.0060431 -0.0882997 
54912 -0.00483193 0.0758492 
54913 -0.00417695 0.239625 
54914 -0.00323926 0.403249 
54915 0.157206 -0.253354 
54916 0.158135 -0.089151 
54917 0.158896 0.0748154 
54918 0.159602 0.238435 
54919 0.160324 0.40183 
54920 0.321043 -0.253879 
54921 0.321689 -0.0899495 
54922 0.322252 0.0737292 
54923 0.322943 0.237098 
54924 0.323624 0.400294 
54925 -0.337499 -0.252134 
54926 -0.335844 -0.0879773 
54927 -0.334156 0.0758671 
54928 -0.332619 0.239421 
54929 -0.330985 0.4025 
54930 -0.173073 -0.252889 
54931 -0.171713 -0.0890841 
54932 -0.170125 0.0744582 
54933 -0.168696 0.237826 
54934 -0.167441 0.400511 
54935 -0.00899309 -0.253726 
54936 -0.00789568 -0.0900411 
54937 -0.00662801 0.073169 
54938 -0.00549377 0.23619 
54939 -0.00427514 0.398619 
54940 0.154217 -0.254595 
54941 0.15515 -0.0912002 
54942 0.156209 0.0720184 
54943 0.157168 0.234642 
54944 0.158285 0.396887 
54945 0.316995 -0.255422 
54946 0.317869 -0.0922261 
54947 0.318461 0.0705767 
54948 0.319564 0.232947 
54949 0.320439 0.394899 
54950 -0.338484 -0.252928 
54951 -0.33654 -0.0893067 
54952 -0.334482 0.0738193 
54953 -0.332494 0.236498 
54954 -0.330508 0.398622 
54955 -0.174461 -0.253979 
54956 -0.172842 -0.0907146 
54957 -0.170982 0.0723049 
54958 -0.169494 0.234625 
54959 -0.167727 0.396456 
54960 -0.0113427 -0.254856 
54961 -0.0098834 -0.0919134 
54962 -0.00837576 0.070515 
54963 -0.00686849 0.232568 
54964 -0.00548016 0.394113 
54965 0.151244 -0.255994 
54966 0.152516 -0.0931472 
54967 0.153642 0.0690072 
54968 0.154923 0.230669 
54969 0.156083 0.391759 
54970 0.313044 -0.256817 
54971 0.314152 -0.0944438 
54972 0.315029 0.0672924 
54973 0.315995 0.228896 
54974 0.316805 0.38955 
54975 -0.339296 -0.253865 
54976 -0.337067 -0.0908817 
54977 -0.334757 0.0716177 
54978 -0.332469 0.233484 
54979 -0.330098 0.394767 
54980 -0.175998 -0.25503 
54981 -0.174013 -0.0923693 
54982 -0.17202 0.0697472 
54983 -0.169998 0.231256 
54984 -0.167988 0.392058 
54985 -0.0135023 -0.256161 
54986 -0.0116701 -0.093756 
54987 -0.00991808 0.0680133 
54988 -0.00832362 0.228994 
54989 -0.00671261 0.389486 
54990 0.148284 -0.257252 
54991 0.149782 -0.0952117 
54992 0.15116 0.0660784 
54993 0.152453 0.226736 
54994 0.153853 0.386807 
54995 0.309329 -0.258364 
54996 0.310405 -0.0966402 
54997 0.311399 0.064165 
54998 0.312366 0.224596 
54999 0.313616 0.38411 
55000 -0.340423 -0.254913 
55001 -0.337805 -0.0922866 
55002 -0.335032 0.0694188 
55003 -0.33248 0.230597 
55004 -0.329743 0.39097 
55005 -0.177585 -0.256115 
55006 -0.175244 -0.0940532 
55007 -0.173024 0.0674664 
55008 -0.17078 0.227991 
55009 -0.168425 0.388039 
55010 -0.0156786 -0.257333 
55011 -0.0137805 -0.0956822 
55012 -0.0117265 0.0650599 
55013 -0.00994819 0.225357 
55014 -0.0079947 0.384949 
55015 0.145355 -0.258506 
55016 0.147009 -0.0972666 
55017 0.148645 0.0632399 
55018 0.150009 0.222855 
55019 0.151515 0.381922 
55020 0.305491 -0.259649 
55021 0.306783 -0.0989276 
55022 0.307821 0.0610262 
55023 0.308923 0.220325 
55024 0.310203 0.37889 
55025 -0.341282 -0.256054 
55026 -0.338327 -0.0940393 
55027 -0.335451 0.0671004 
55028 -0.332418 0.227434 
55029 -0.329512 0.387027 
55030 -0.179028 -0.257417 
55031 -0.1764 -0.0958568 
55032 -0.174038 0.0648203 
55033 -0.1715 0.224465 
55034 -0.16891 0.383621 
55035 -0.0177692 -0.258627 
55036 -0.0156196 -0.0976378 
55037 -0.0134913 0.0624846 
55038 -0.0113663 0.221884 
55039 -0.00933829 0.380242 
55040 0.142491 -0.26003 
55041 0.14429 -0.0993313 
55042 0.145987 0.0601447 
55043 0.147624 0.219035 
55044 0.14934 0.376954 
55045 0.30162 -0.2613 
55046 0.302993 -0.10129 
55047 0.304297 0.0579609 
55048 0.305546 0.216069 
55049 0.306831 0.373598 
55050 -0.342363 -0.257271 
55051 -0.339028 -0.0957693 
55052 -0.335736 0.0647006 
55053 -0.332449 0.224361 
55054 -0.32921 0.382869 
55055 -0.18046 -0.258668 
55056 -0.177665 -0.0977402 
55057 -0.17495 0.0622743 
55058 -0.172166 0.221269 
55059 -0.169358 0.379269 
55060 -0.019755 -0.259834 
55061 -0.017521 -0.0996144 
55062 -0.0152205 0.0597525 
55063 -0.012939 0.218227 
55064 -0.0107105 0.375737 
55065 0.139656 -0.26143 
55066 0.141488 -0.101611 
55067 0.143328 0.0571706 
55068 0.145017 0.215076 
55069 0.14686 0.372037 
55070 0.298092 -0.262701 
55071 0.299504 -0.103469 
55072 0.30076 0.0547713 
55073 0.302148 0.212171 
55074 0.303361 0.36856 
55075 -0.343318 -0.258426 
55076 -0.339676 -0.0974188 
55077 -0.336109 0.0624345 
55078 -0.332438 0.221207 
55079 -0.329196 0.378724 
55080 -0.18183 -0.25991 
55081 -0.178789 -0.0996175 
55082 -0.175881 0.0596021 
55083 -0.172882 0.217859 
55084 -0.170078 0.375012 
55085 -0.0217849 -0.261296 
55086 -0.0193344 -0.101623 
55087 -0.0170487 0.0571638 
55088 -0.0146489 0.214495 
55089 -0.0120163 0.371009 
55090 0.137064 -0.262882 
55091 0.138937 -0.103801 
55092 0.140804 0.0543988 
55093 0.142597 0.211144 
55094 0.144477 0.367173 
55095 0.294498 -0.264185 
55096 0.295896 -0.105742 
55097 0.29722 0.0515396 
55098 0.298589 0.208072 
55099 0.299829 0.363199 
55100 -0.34421 -0.25991 
55101 -0.340416 -0.0992639 
55102 -0.336569 0.0599335 
55103 -0.332877 0.218004 
55104 -0.328918 0.374929 
55105 -0.183293 -0.261252 
55106 -0.180026 -0.101462 
55107 -0.176896 0.0571272 
55108 -0.17381 0.214481 
55109 -0.170557 0.370694 
55110 -0.0237995 -0.262704 
55111 -0.0211838 -0.103716 
55112 -0.0186218 0.0542497 
55113 -0.0160508 0.211069 
55114 -0.0135318 0.366426 
55115 0.134354 -0.264147 
55116 0.136166 -0.105832 
55117 0.138189 0.0515236 
55118 0.140264 0.207449 
55119 0.142075 0.362283 
55120 0.291044 -0.265614 
55121 0.292473 -0.107964 
55122 0.293686 0.0485827 
55123 0.295192 0.203993 
55124 0.296547 0.358114 
55125 -0.345118 -0.261161 
55126 -0.341037 -0.101177 
55127 -0.336944 0.0573996 
55128 -0.332984 0.214679 
55129 -0.329019 0.370654 
55130 -0.184752 -0.262654 
55131 -0.181233 -0.103576 
55132 -0.177954 0.0543689 
55133 -0.174574 0.210996 
55134 -0.171276 0.366348 
55135 -0.0258162 -0.264166 
55136 -0.0231387 -0.105692 
55137 -0.0204189 0.0514441 
55138 -0.0177703 0.207398 
55139 -0.0149395 0.361891 
55140 0.131611 -0.265678 
55141 0.133639 -0.107891 
55142 0.135616 0.048478 
55143 0.137542 0.203781 
55144 0.139774 0.357514 
55145 0.287408 -0.266992 
55146 0.288886 -0.110125 
55147 0.290294 0.0455889 
55148 0.291597 0.199994 
55149 0.293013 0.353178 
55150 -0.345984 -0.26272 
55151 -0.341652 -0.103243 
55152 -0.337454 0.0549634 
55153 -0.333127 0.211327 
55154 -0.329104 0.36657 
55155 -0.186033 -0.264047 
55156 -0.182514 -0.105406 
55157 -0.178923 0.05175 
55158 -0.175575 0.20747 
55159 -0.172073 0.361901 
55160 -0.0277236 -0.265593 
55161 -0.0248235 -0.107708 
55162 -0.0222306 0.0486844 
55163 -0.0193597 0.203731 
55164 -0.0166763 0.357344 
55165 0.128823 -0.267063 
55166 0.13096 -0.110157 
55167 0.133136 0.0456648 
55168 0.135066 0.199837 
55169 0.137099 0.352771 
55170 0.284033 -0.268545 
55171 0.285425 -0.112302 
55172 0.286719 0.0426313 
55173 0.28803 0.196165 
55174 0.289459 0.348236 
55175 -0.346754 -0.264133 
55176 -0.3424 -0.105018 
55177 -0.337916 0.0522205 
55178 -0.333544 0.208181 
55179 -0.329145 0.362496 
55180 -0.18732 -0.265641 
55181 -0.183602 -0.107529 
55182 -0.180036 0.0491085 
55183 -0.176562 0.204124 
55184 -0.172886 0.357503 
55185 -0.0296161 -0.267088 
55186 -0.0267263 -0.10989 
55187 -0.0239417 0.0459349 
55188 -0.0210861 0.200042 
55189 -0.0181709 0.352775 
55190 0.126373 -0.268555 
55191 0.128507 -0.112211 
55192 0.130414 0.042794 
55193 0.132595 0.196224 
55194 0.134642 0.348065 
55195 0.280628 -0.269998 
55196 0.281861 -0.114469 
55197 0.283306 0.0396822 
55198 0.284653 0.192221 
55199 0.285961 0.343469 
55200 -0.347631 -0.265619 
55201 -0.342936 -0.107203 
55202 -0.3385 0.049626 
55203 -0.333816 0.204847 
55204 -0.329305 0.358298 
55205 -0.188582 -0.266963 
55206 -0.184905 -0.10944 
55207 -0.181227 0.0463658 
55208 -0.177265 0.200707 
55209 -0.1736 0.353195 
55210 -0.0315199 -0.26837 
55211 -0.0286357 -0.111913 
55212 -0.0256284 0.043095 
55213 -0.0228646 0.196627 
55214 -0.0198862 0.348372 
55215 0.123602 -0.269832 
55216 0.12593 -0.114139 
55217 0.127974 0.0399259 
55218 0.130079 0.192419 
55219 0.132108 0.343439 
55220 0.277318 -0.271304 
55221 0.278468 -0.116323 
55222 0.27983 0.0368734 
55223 0.281208 0.188531 
55224 0.282417 0.338598 
55225 -0.348391 -0.26719 
55226 -0.343733 -0.109218 
55227 -0.33888 0.0470235 
55228 -0.334088 0.201387 
55229 -0.329475 0.354238 
55230 -0.190031 -0.268634 
55231 -0.185978 -0.111475 
55232 -0.18223 0.0436438 
55233 -0.178494 0.197064 
55234 -0.174716 0.348824 
55235 -0.0333728 -0.269947 
55236 -0.0303523 -0.113887 
55237 -0.0275171 0.0404762 
55238 -0.0245623 0.19306 
55239 -0.0217308 0.343876 
55240 0.121289 -0.271282 
55241 0.123342 -0.116127 
55242 0.125367 0.0371627 
55243 0.127489 0.188837 
55244 0.129481 0.338968 
55245 0.274139 -0.272548 
55246 0.275257 -0.11849 
55247 0.276421 0.0340305 
55248 0.277564 0.184859 
55249 0.278808 0.333854 
55250 -0.349148 -0.268829 
55251 -0.344289 -0.11126 
55252 -0.339276 0.0441842 
55253 -0.334591 0.198261 
55254 -0.329763 0.349995 
55255 -0.191174 -0.270176 
55256 -0.187299 -0.113624 
55257 -0.183379 0.0410387 
55258 -0.179541 0.193754 
55259 -0.175605 0.344743 
55260 -0.0351687 -0.271474 
55261 -0.0321286 -0.115943 
55262 -0.0293908 0.0377589 
55263 -0.0264168 0.189581 
55264 -0.0233834 0.339551 
55265 0.118692 -0.272589 
55266 0.1209 -0.118104 
55267 0.122933 0.0345048 
55268 0.124849 0.185519 
55269 0.126899 0.33431 
55270 0.270852 -0.274024 
55271 0.272005 -0.120266 
55272 0.272878 0.0314147 
55273 0.27422 0.181228 
55274 0.275289 0.329464 
55275 -0.3501 -0.270395 
55276 -0.344964 -0.113426 
55277 -0.340023 0.0416363 
55278 -0.335041 0.194757 
55279 -0.33024 0.34593 
55280 -0.192387 -0.2715 
55281 -0.188336 -0.115711 
55282 -0.184461 0.0383143 
55283 -0.180549 0.190359 
55284 -0.176638 0.34044 
55285 -0.0368955 -0.272773 
55286 -0.0340355 -0.117977 
55287 -0.0309023 0.034991 
55288 -0.0279997 0.186173 
55289 -0.0252065 0.335159 
55290 0.116449 -0.273939 
55291 0.118432 -0.120153 
55292 0.120383 0.0317749 
55293 0.122314 0.181894 
55294 0.124267 0.330027 
55295 0.267593 -0.275072 
55296 0.268603 -0.122231 
55297 0.269628 0.0285767 
55298 0.270618 0.177783 
55299 0.271762 0.324784 
55300 -0.350823 -0.272067 
55301 -0.345533 -0.115539 
55302 -0.340658 0.0389792 
55303 -0.335484 0.191356 
55304 -0.330749 0.341714 
55305 -0.193458 -0.273237 
55306 -0.189516 -0.117664 
55307 -0.185562 0.0356329 
55308 -0.181584 0.186975 
55309 -0.177826 0.336176 
55310 -0.038586 -0.274214 
55311 -0.0357914 -0.119814 
55312 -0.0327924 0.0323775 
55313 -0.0298633 0.18272 
55314 -0.027159 0.330916 
55315 0.11404 -0.275325 
55316 0.115935 -0.121813 
55317 0.117838 0.029294 
55318 0.119635 0.17848 
55319 0.121488 0.325658 
55320 0.264552 -0.276284 
55321 0.265317 -0.124037 
55322 0.266153 0.0261782 
55323 0.267174 0.174244 
55324 0.268111 0.320421 
