55150 -0.333281 -0.249946 
55151 -0.333322 -0.0832412 
55152 -0.333379 0.0833333 
55153 -0.333131 0.250015 
55154 -0.333322 0.416716 
55155 -0.166704 -0.249986 
55156 -0.166616 -0.0833134 
55157 -0.166621 0.083349 
55158 -0.166607 0.249983 
55159 -0.166724 0.416764 
55160 -7.42412e-05 -0.250019 
55161 4.72857e-05 -0.0833425 
55162 -8.51354e-06 0.0833204 
55163 7.113e-05 0.249999 
55164 0.000206492 0.416629 
55165 0.166675 -0.250073 
55166 0.166666 -0.0834159 
55167 0.166646 0.0834557 
55168 0.166616 0.250033 
55169 0.166658 0.416734 
55170 0.333378 -0.249873 
55171 0.333226 -0.0833096 
55172 0.333388 0.0832632 
55173 0.333372 0.249968 
55174 0.333281 0.416618 
55175 -0.334152 -0.251477 
55176 -0.333819 -0.0853716 
55177 -0.333617 0.0805787 
55178 -0.333388 0.246329 
55179 -0.333207 0.412011 
55180 -0.167945 -0.251421 
55181 -0.16772 -0.0854949 
55182 -0.167685 0.08046 
55183 -0.167679 0.246125 
55184 -0.167229 0.411715 
55185 -0.00190738 -0.251465 
55186 -0.00171015 -0.0855395 
55187 -0.00167356 0.080293 
55188 -0.00171055 0.246085 
55189 -0.00165133 0.411654 
55190 0.163966 -0.251499 
55191 0.163868 -0.0856189 
55192 0.164008 0.0801685 
55193 0.163961 0.24582 
55194 0.164069 0.411312 
55195 0.329616 -0.251563 
55196 0.329604 -0.0856508 
55197 0.329463 0.0802162 
55198 0.329476 0.245595 
55199 0.329541 0.410886 
55200 -0.334809 -0.253029 
55201 -0.334226 -0.0875294 
55202 -0.333892 0.0776844 
55203 -0.333391 0.242657 
55204 -0.332995 0.407457 
55205 -0.169086 -0.25296 
55206 -0.168782 -0.08762 
55207 -0.168615 0.0775834 
55208 -0.168214 0.242486 
55209 -0.167924 0.407015 
55210 -0.00376424 -0.252905 
55211 -0.00369387 -0.08768 
55212 -0.00359938 0.0772012 
55213 -0.00337327 0.242 
55214 -0.00332062 0.406416 
55215 0.161228 -0.252878 
55216 0.161226 -0.087663 
55217 0.161237 0.0771679 
55218 0.161151 0.241661 
55219 0.161317 0.405942 
55220 0.326094 -0.252827 
55221 0.325865 -0.087822 
55222 0.325796 0.0769231 
55223 0.325696 0.241268 
55224 0.325416 0.405496 
55225 -0.335493 -0.254729 
55226 -0.334869 -0.0896021 
55227 -0.334316 0.0750037 
55228 -0.333701 0.239002 
55229 -0.333126 0.402806 
55230 -0.170339 -0.254591 
55231 -0.170024 -0.0896879 
55232 -0.169609 0.0746648 
55233 -0.169294 0.238657 
55234 -0.168693 0.402033 
55235 -0.0058338 -0.254276 
55236 -0.00555151 -0.0898018 
55237 -0.00536794 0.0743567 
55238 -0.00514339 0.238152 
55239 -0.00485849 0.401465 
55240 0.158604 -0.254316 
55241 0.158574 -0.0898489 
55242 0.158578 0.0739873 
55243 0.158516 0.237616 
55244 0.15844 0.400757 
55245 0.322392 -0.254221 
55246 0.322152 -0.090131 
55247 0.321988 0.0737171 
55248 0.321731 0.23718 
55249 0.321489 0.399991 
55250 -0.336227 -0.256245 
55251 -0.335247 -0.0918968 
55252 -0.334615 0.0720952 
55253 -0.333856 0.235333 
55254 -0.333022 0.398196 
55255 -0.171622 -0.256088 
55256 -0.171047 -0.0919909 
55257 -0.170584 0.0717515 
55258 -0.170077 0.234964 
55259 -0.169573 0.397334 
55260 -0.00750238 -0.255851 
55261 -0.00741798 -0.0919974 
55262 -0.00708105 0.0713795 
55263 -0.00679696 0.234251 
55264 -0.00664 0.396483 
55265 0.155959 -0.255719 
55266 0.155876 -0.0920039 
55267 0.155775 0.0710878 
55268 0.155743 0.233511 
55269 0.155749 0.395509 
55270 0.318986 -0.25563 
55271 0.318571 -0.0920513 
55272 0.318232 0.0706727 
55273 0.317955 0.232992 
55274 0.317627 0.394728 
55275 -0.336843 -0.257919 
55276 -0.335933 -0.0939211 
55277 -0.334969 0.0692413 
55278 -0.334208 0.231828 
55279 -0.333094 0.393595 
55280 -0.172721 -0.257597 
55281 -0.172163 -0.0939233 
55282 -0.171465 0.0688637 
55283 -0.171083 0.23117 
55284 -0.170551 0.392564 
55285 -0.00940143 -0.257385 
55286 -0.00906717 -0.0939692 
55287 -0.00877759 0.0686087 
55288 -0.00866648 0.230345 
55289 -0.00850489 0.391686 
55290 0.153377 -0.257028 
55291 0.153154 -0.0940856 
55292 0.153191 0.0680991 
55293 0.153024 0.229626 
55294 0.153006 0.390645 
55295 0.315446 -0.256944 
55296 0.315035 -0.0941164 
55297 0.314542 0.0677776 
55298 0.314108 0.229059 
55299 0.313611 0.389513 
55300 -0.337573 -0.259529 
55301 -0.336408 -0.0961459 
55302 -0.335411 0.0665021 
55303 -0.33434 0.228018 
55304 -0.333469 0.389092 
55305 -0.173876 -0.259204 
55306 -0.173342 -0.0962207 
55307 -0.172716 0.0659825 
55308 -0.172124 0.22746 
55309 -0.171464 0.387837 
55310 -0.0111996 -0.258695 
55311 -0.0109943 -0.0962239 
55312 -0.0108161 0.0656325 
55313 -0.0105733 0.226636 
55314 -0.0104125 0.386645 
55315 0.150891 -0.258358 
55316 0.150593 -0.0960299 
55317 0.150408 0.0653965 
55318 0.150212 0.22584 
55319 0.150034 0.385665 
55320 0.312036 -0.257885 
55321 0.311468 -0.0960131 
55322 0.310718 0.0650046 
55323 0.310178 0.225006 
55324 0.30955 0.384443 
55325 -0.338144 -0.261206 
55326 -0.336996 -0.0983531 
55327 -0.335782 0.0635266 
55328 -0.334656 0.22443 
55329 -0.33373 0.38452 
55330 -0.175147 -0.260697 
55331 -0.174303 -0.0983223 
55332 -0.17371 0.06313 
55333 -0.173124 0.223743 
55334 -0.172528 0.383205 
55335 -0.0129564 -0.260048 
55336 -0.0126783 -0.0982285 
55337 -0.0125814 0.0626998 
55338 -0.0123989 0.222946 
55339 -0.0122962 0.381863 
55340 0.148417 -0.25956 
55341 0.148009 -0.098029 
55342 0.147698 0.0625487 
55343 0.147588 0.222035 
55344 0.147173 0.380723 
55345 0.308679 -0.259065 
55346 0.307923 -0.0979155 
55347 0.307104 0.0621051 
55348 0.306418 0.221246 
55349 0.305685 0.379615 
55350 -0.338715 -0.262901 
55351 -0.337556 -0.10058 
55352 -0.336358 0.0607008 
55353 -0.335126 0.220959 
55354 -0.334053 0.38002 
55355 -0.175994 -0.262192 
55356 -0.175354 -0.100326 
55357 -0.174792 0.060285 
55358 -0.174223 0.220049 
55359 -0.173766 0.378656 
55360 -0.0145956 -0.261457 
55361 -0.0144859 -0.100212 
55362 -0.0144005 0.0600683 
55363 -0.0142316 0.219178 
55364 -0.0141377 0.377274 
55365 0.145974 -0.260703 
55366 0.145646 -0.0998028 
55367 0.144986 0.0597744 
55368 0.144566 0.218414 
55369 0.144106 0.375985 
55370 0.305502 -0.260085 
55371 0.30443 -0.0997719 
55372 0.303337 0.059451 
55373 0.302506 0.217699 
55374 0.301609 0.374773 
55375 -0.339387 -0.264581 
55376 -0.338126 -0.102737 
55377 -0.336805 0.0578008 
55378 -0.335746 0.217171 
55379 -0.334362 0.375518 
55380 -0.17716 -0.263554 
55381 -0.176556 -0.102548 
55382 -0.175963 0.0576293 
55383 -0.175447 0.216507 
55384 -0.174667 0.374048 
55385 -0.016346 -0.26273 
55386 -0.0163103 -0.102063 
55387 -0.0162052 0.0572912 
55388 -0.0161652 0.215725 
55389 -0.0160362 0.372787 
55390 0.143492 -0.261958 
55391 0.142907 -0.10192 
55392 0.142198 0.057232 
55393 0.14166 0.21486 
55394 0.141297 0.37152 
55395 0.302074 -0.261131 
55396 0.300915 -0.10149 
55397 0.299714 0.0568263 
55398 0.298733 0.214091 
55399 0.297662 0.370135 
55400 -0.33987 -0.266247 
55401 -0.338496 -0.104946 
55402 -0.337416 0.0550475 
55403 -0.336045 0.213738 
55404 -0.335016 0.371017 
55405 -0.178252 -0.265333 
55406 -0.177598 -0.104412 
55407 -0.177101 0.0548998 
55408 -0.176585 0.212921 
55409 -0.175959 0.369661 
55410 -0.0178388 -0.264087 
55411 -0.0179671 -0.103951 
55412 -0.0181349 0.0547037 
55413 -0.0180889 0.212136 
55414 -0.0182173 0.368379 
55415 0.141183 -0.263099 
55416 0.140423 -0.103621 
55417 0.139621 0.0545249 
55418 0.139015 0.211385 
55419 0.138282 0.36694 
55420 0.299008 -0.261847 
55421 0.297531 -0.10307 
55422 0.296166 0.0543461 
55423 0.294883 0.210686 
55424 0.293499 0.365515 
55425 -0.340452 -0.267921 
55426 -0.339087 -0.107152 
55427 -0.337929 0.0523042 
55428 -0.336565 0.210127 
55429 -0.335444 0.36671 
55430 -0.179332 -0.266625 
55431 -0.1787 -0.106456 
55432 -0.178135 0.0522733 
55433 -0.177841 0.209583 
55434 -0.177115 0.365336 
55435 -0.0195339 -0.265218 
55436 -0.0198191 -0.105899 
55437 -0.0199915 0.0521626 
55438 -0.0201616 0.208705 
55439 -0.0201883 0.364002 
55440 0.138832 -0.263981 
55441 0.137885 -0.105117 
55442 0.137054 0.0520205 
55443 0.135942 0.208031 
55444 0.13532 0.362464 
55445 0.295831 -0.262677 
55446 0.294085 -0.104554 
55447 0.292669 0.0521603 
55448 0.29104 0.207296 
55449 0.289493 0.36111 
55450 -0.341019 -0.269444 
55451 -0.339667 -0.109182 
55452 -0.338552 0.0495634 
55453 -0.337262 0.206688 
55454 -0.336057 0.362436 
55455 -0.180284 -0.267998 
55456 -0.179826 -0.108413 
55457 -0.179528 0.0496233 
55458 -0.179008 0.206084 
55459 -0.178562 0.361011 
55460 -0.021146 -0.266416 
55461 -0.0215502 -0.107749 
55462 -0.0216476 0.0496164 
55463 -0.0220192 0.205416 
55464 -0.0224977 0.359719 
55465 0.136526 -0.264825 
55466 0.135403 -0.106775 
55467 0.134354 0.0496969 
55468 0.133228 0.204837 
55469 0.132226 0.358222 
55470 0.292642 -0.263439 
55471 0.290812 -0.106117 
55472 0.289048 0.0497498 
55473 0.28721 0.204024 
55474 0.285481 0.356908 
55475 -0.341587 -0.271047 
55476 -0.340182 -0.111277 
55477 -0.339041 0.0468107 
55478 -0.338057 0.20332 
55479 -0.336792 0.358213 
55480 -0.181383 -0.269383 
55481 -0.181048 -0.110373 
55482 -0.180652 0.0470563 
55483 -0.180307 0.20281 
55484 -0.179918 0.356772 
55485 -0.0226806 -0.267497 
55486 -0.0231791 -0.109437 
55487 -0.0235955 0.0471227 
55488 -0.0242341 0.202167 
55489 -0.0247061 0.355408 
55490 0.13422 -0.265694 
55491 0.132843 -0.108385 
55492 0.131679 0.047341 
55493 0.130415 0.201486 
55494 0.129068 0.354185 
55495 0.289469 -0.264001 
55496 0.287453 -0.107425 
55497 0.285338 0.047677 
55498 0.283376 0.201055 
55499 0.281362 0.35276 
55500 -0.341901 -0.272822 
55501 -0.340971 -0.113373 
55502 -0.339805 0.0442142 
55503 -0.338597 0.199942 
55504 -0.337586 0.354076 
55505 -0.182291 -0.270724 
55506 -0.182081 -0.112226 
55507 -0.181823 0.0444693 
55508 -0.181542 0.199475 
55509 -0.181367 0.352847 
55510 -0.0241401 -0.268451 
55511 -0.0249689 -0.111006 
55512 -0.0256101 0.0448536 
55513 -0.0261999 0.199057 
55514 -0.0268713 0.351432 
55515 0.131903 -0.26647 
55516 0.130582 -0.10973 
55517 0.12893 0.0452479 
55518 0.1275 0.198573 
55519 0.12599 0.350161 
55520 0.28652 -0.264449 
55521 0.284124 -0.108718 
55522 0.281797 0.0455019 
55523 0.279611 0.197999 
55524 0.27719 0.348813 
55525 -0.342421 -0.27444 
55526 -0.341414 -0.115543 
55527 -0.34035 0.041598 
55528 -0.33934 0.196724 
55529 -0.33844 0.349975 
55530 -0.183146 -0.271953 
55531 -0.183188 -0.113977 
55532 -0.183037 0.0420493 
55533 -0.183043 0.19645 
55534 -0.182789 0.348744 
55535 -0.0258623 -0.269502 
55536 -0.0267092 -0.112424 
55537 -0.0274299 0.042652 
55538 -0.0283513 0.195883 
55539 -0.028999 0.347518 
55540 0.129746 -0.267268 
55541 0.128154 -0.111093 
55542 0.12632 0.0431335 
55543 0.124486 0.195595 
55544 0.122857 0.346305 
55545 0.283478 -0.264814 
55546 0.280862 -0.109728 
55547 0.278249 0.0436144 
55548 0.275785 0.195342 
55549 0.273116 0.345087 
55550 -0.342801 -0.275781 
55551 -0.341985 -0.117539 
55552 -0.341089 0.0390059 
55553 -0.340183 0.193532 
55554 -0.339392 0.345884 
55555 -0.184165 -0.273159 
55556 -0.184102 -0.115713 
55557 -0.184363 0.0397707 
55558 -0.184248 0.193249 
55559 -0.184326 0.344843 
55560 -0.0272841 -0.270345 
55561 -0.0283228 -0.113958 
55562 -0.0293715 0.0403903 
55563 -0.0304412 0.192992 
55564 -0.0314323 0.343644 
55565 0.127718 -0.267669 
55566 0.125598 -0.112189 
55567 0.123655 0.0412065 
55568 0.12176 0.19283 
55569 0.119667 0.342525 
55570 0.280559 -0.265008 
55571 0.277643 -0.110679 
55572 0.274572 0.0418906 
55573 0.271994 0.192512 
55574 0.269087 0.341381 
55575 -0.343174 -0.277275 
55576 -0.342513 -0.119407 
55577 -0.341835 0.0363437 
55578 -0.341022 0.190346 
55579 -0.340284 0.342042 
55580 -0.184923 -0.27424 
55581 -0.185207 -0.117247 
55582 -0.185699 0.0374528 
55583 -0.185697 0.190343 
55584 -0.185967 0.341051 
55585 -0.0287465 -0.27119 
55586 -0.030218 -0.115482 
55587 -0.0313955 0.0382451 
55588 -0.0325575 0.190192 
55589 -0.0337278 0.340046 
55590 0.125484 -0.268258 
55591 0.123126 -0.113618 
55592 0.120863 0.0392058 
55593 0.118737 0.189978 
55594 0.116542 0.338943 
55595 0.277593 -0.265374 
55596 0.274368 -0.111606 
55597 0.271218 0.0401509 
55598 0.268032 0.19011 
55599 0.264854 0.33795 
55600 -0.343783 -0.27865 
55601 -0.343134 -0.121193 
55602 -0.342565 0.0340108 
55603 -0.342013 0.187133 
55604 -0.341412 0.338232 
55605 -0.185785 -0.275222 
55606 -0.18644 -0.118963 
55607 -0.186837 0.0351859 
55608 -0.187209 0.187204 
55609 -0.187819 0.337361 
55610 -0.0302619 -0.271918 
55611 -0.0318034 -0.116788 
55612 -0.0331749 0.0362748 
55613 -0.0347682 0.18731 
55614 -0.0360894 0.336424 
55615 0.123263 -0.268734 
55616 0.120715 -0.114362 
55617 0.118328 0.0375117 
55618 0.11584 0.187545 
55619 0.113325 0.33554 
55620 0.274605 -0.265381 
55621 0.271153 -0.112298 
55622 0.267548 0.0387035 
55623 0.264162 0.187507 
55624 0.260919 0.334571 
55625 -0.344248 -0.279945 
55626 -0.343809 -0.122989 
55627 -0.343189 0.0317183 
55628 -0.342779 0.18412 
55629 -0.3423 0.334597 
55630 -0.186683 -0.276134 
55631 -0.18721 -0.120425 
55632 -0.187974 0.0330652 
55633 -0.188702 0.184483 
55634 -0.18914 0.333693 
55635 -0.0316981 -0.272542 
55636 -0.0333858 -0.117876 
55637 -0.0352052 0.0344572 
55638 -0.0368031 0.184662 
55639 -0.0384824 0.333058 
55640 0.121091 -0.268951 
55641 0.118272 -0.115542 
55642 0.115534 0.0358179 
55643 0.112831 0.184959 
55644 0.110136 0.33205 
55645 0.271888 -0.265296 
55646 0.26795 -0.113015 
55647 0.264146 0.0371741 
55648 0.260393 0.185238 
55649 0.256801 0.331509 
