4420 -0.33382 -0.216699 
4421 -0.333157 -0.0168124 
4422 -0.33302 0.183263 
4423 -0.333487 0.383654 
4424 -0.1668 -0.216527 
4425 -0.166964 -0.0170935 
4426 -0.16648 0.182883 
4427 -0.166431 0.383358 
4428 -0.000154669 -0.216219 
4429 0.00033246 -0.016264 
4430 9.04157e-05 0.183111 
4431 5.75672e-05 0.383791 
4432 0.166826 -0.216983 
4433 0.167152 -0.0162933 
4434 0.167001 0.182909 
4435 0.166215 0.383467 
4436 0.333208 -0.216961 
4437 0.332841 -0.0162611 
4438 0.333076 0.182836 
4439 0.332894 0.383499 
4440 -0.314939 -0.20417 
4441 -0.315464 -0.022348 
4442 -0.316518 0.158649 
4443 -0.316242 0.34067 
4444 -0.164104 -0.204122 
4445 -0.163982 -0.0220763 
4446 -0.164372 0.159001 
4447 -0.165243 0.340969 
4448 -0.0129486 -0.202832 
4449 -0.0135323 -0.0219373 
4450 -0.0131345 0.159051 
4451 -0.013687 0.340656 
4452 0.138495 -0.202177 
4453 0.138159 -0.0211177 
4454 0.137026 0.159496 
4455 0.13714 0.34067 
4456 0.288806 -0.202145 
4457 0.28895 -0.0215136 
4458 0.288126 0.160043 
4459 0.287741 0.34104 
4460 -0.300308 -0.193466 
4461 -0.301873 -0.0275117 
4462 -0.301821 0.139302 
4463 -0.302893 0.305328 
4464 -0.161545 -0.193304 
4465 -0.162835 -0.0267508 
4466 -0.163065 0.139206 
4467 -0.163648 0.305688 
4468 -0.0231902 -0.192283 
4469 -0.0245744 -0.0255771 
4470 -0.024978 0.139756 
4471 -0.0254603 0.30551 
4472 0.114999 -0.190539 
4473 0.113553 -0.0249136 
4474 0.113446 0.140718 
4475 0.112165 0.305341 
4476 0.252853 -0.189856 
4477 0.251553 -0.0247407 
4478 0.250232 0.140714 
4479 0.250023 0.30615 
4480 -0.289015 -0.184852 
4481 -0.289831 -0.0314828 
4482 -0.290792 0.121774 
4483 -0.29174 0.274758 
4484 -0.160696 -0.183362 
4485 -0.161557 -0.0301792 
4486 -0.162988 0.122329 
4487 -0.163218 0.275473 
4488 -0.0323098 -0.182348 
4489 -0.0338425 -0.0297382 
4490 -0.0351995 0.123842 
4491 -0.0364601 0.276541 
4492 0.0942023 -0.180437 
4493 0.0928995 -0.0284691 
4494 0.0915211 0.123928 
4495 0.0909827 0.276362 
4496 0.221399 -0.17968 
4497 0.220015 -0.0275469 
4498 0.218155 0.125215 
4499 0.217458 0.277116 
4500 -0.278974 -0.177178 
4501 -0.280075 -0.0340356 
4502 -0.28137 0.108103 
4503 -0.282952 0.250415 
4504 -0.159789 -0.175011 
4505 -0.160514 -0.032867 
4506 -0.162548 0.108971 
4507 -0.164032 0.250898 
4508 -0.0415679 -0.173915 
4509 -0.0428434 -0.0316181 
4510 -0.0438628 0.109796 
4511 -0.0457679 0.250768 
4512 0.0771858 -0.172333 
4513 0.0751018 -0.0304285 
4514 0.0743058 0.110119 
4515 0.072224 0.251365 
4516 0.193672 -0.170139 
4517 0.192104 -0.029144 
4518 0.191121 0.111486 
4519 0.189744 0.252283 
4520 -0.270449 -0.170338 
4521 -0.272229 -0.036566 
4522 -0.2735 0.0959127 
4523 -0.27499 0.228259 
4524 -0.159549 -0.167612 
4525 -0.161065 -0.035646 
4526 -0.161833 0.0965005 
4527 -0.163515 0.228498 
4528 -0.0482743 -0.16595 
4529 -0.0504434 -0.033677 
4530 -0.0516663 0.0980688 
4531 -0.0530718 0.229659 
4532 0.0612818 -0.164395 
4533 0.0595176 -0.0329435 
4534 0.0578451 0.0989841 
4535 0.0561008 0.230389 
4536 0.170357 -0.162924 
4537 0.168479 -0.0315123 
4538 0.167136 0.100175 
4539 0.165081 0.230976 
4540 -0.26321 -0.163403 
4541 -0.264588 -0.039561 
4542 -0.266786 0.0854959 
4543 -0.268649 0.209539 
4544 -0.159152 -0.16153 
4545 -0.161059 -0.0369502 
4546 -0.162396 0.0862243 
4547 -0.163816 0.210473 
4548 -0.0548912 -0.159755 
4549 -0.0569331 -0.0352367 
4550 -0.0591535 0.0878683 
4551 -0.0608606 0.211426 
4552 0.0475166 -0.156897 
4553 0.0456622 -0.0336457 
4554 0.0438096 0.0889393 
4555 0.0417882 0.211872 
4556 0.149671 -0.155233 
4557 0.147986 -0.032276 
4558 0.146112 0.0899794 
4559 0.143331 0.213311 
4560 -0.257088 -0.158098 
4561 -0.258766 -0.0407242 
4562 -0.260487 0.0761273 
4563 -0.263192 0.192686 
4564 -0.158724 -0.156064 
4565 -0.160616 -0.0391983 
4566 -0.163271 0.0779595 
4567 -0.164577 0.194454 
4568 -0.0613431 -0.1529 
4569 -0.063726 -0.0365668 
4570 -0.0654488 0.0786801 
4571 -0.0678431 0.195529 
4572 0.0347772 -0.150938 
4573 0.0328716 -0.0347104 
4574 0.0312287 0.08046 
4575 0.0288121 0.195695 
4576 0.131432 -0.148326 
4577 0.128894 -0.0329876 
4578 0.127281 0.081995 
4579 0.124527 0.19747 
4580 -0.251664 -0.152965 
4581 -0.253765 -0.042156 
4582 -0.256087 0.0683624 
4583 -0.258394 0.178421 
4584 -0.159113 -0.150379 
4585 -0.161705 -0.0395054 
4586 -0.163117 0.069682 
4587 -0.166088 0.180147 
4588 -0.067004 -0.148095 
4589 -0.0693794 -0.0380364 
4590 -0.0719757 0.0714083 
4591 -0.0737001 0.181252 
4592 0.024051 -0.145418 
4593 0.0215681 -0.0361215 
4594 0.0189313 0.0729268 
4595 0.0168937 0.182563 
4596 0.114933 -0.14314 
4597 0.112132 -0.0342552 
4598 0.109948 0.0752115 
4599 0.107481 0.183203 
4600 -0.247866 -0.147414 
4601 -0.250025 -0.043016 
4602 -0.251921 0.0612691 
4603 -0.25469 0.166384 
4604 -0.159222 -0.144805 
4605 -0.162174 -0.0404873 
4606 -0.164313 0.0630442 
4607 -0.166802 0.167378 
4608 -0.0724356 -0.142485 
4609 -0.0754798 -0.0382396 
4610 -0.077027 0.0651271 
4611 -0.0793496 0.169231 
4612 0.0134436 -0.139515 
4613 0.0116286 -0.0359395 
4614 0.00918085 0.0672431 
4615 0.00672239 0.170268 
4616 0.0994935 -0.137205 
4617 0.0969825 -0.033762 
4618 0.0945798 0.0687392 
4619 0.0922374 0.171637 
4620 -0.243307 -0.143115 
4621 -0.246557 -0.0436582 
4622 -0.248648 0.0558561 
4623 -0.250876 0.15478 
4624 -0.160753 -0.14072 
4625 -0.163237 -0.0411353 
4626 -0.16508 0.0580556 
4627 -0.168147 0.156436 
4628 -0.0776956 -0.137123 
4629 -0.0803548 -0.0391694 
4630 -0.0831581 0.0593628 
4631 -0.085701 0.158167 
4632 0.00464802 -0.134608 
4633 0.00197749 -0.0363821 
4634 -0.00120272 0.0617587 
4635 -0.00385134 0.159621 
4636 0.0857908 -0.132338 
4637 0.0833153 -0.0346552 
4638 0.0802439 0.0631924 
4639 0.0782181 0.160591 
4640 -0.240362 -0.138555 
4641 -0.243641 -0.0443433 
4642 -0.245494 0.0504025 
4643 -0.248475 0.144973 
4644 -0.161476 -0.136023 
4645 -0.163778 -0.041996 
4646 -0.166452 0.0528828 
4647 -0.169352 0.146737 
4648 -0.0817984 -0.133224 
4649 -0.0846265 -0.0394912 
4650 -0.0879964 0.0549743 
4651 -0.0905068 0.148714 
4652 -0.00384536 -0.129678 
4653 -0.00655556 -0.0369951 
4654 -0.00953229 0.0569826 
4655 -0.0122164 0.150033 
4656 0.0734119 -0.12771 
4657 0.0702024 -0.034019 
4658 0.0679103 0.0581949 
4659 0.0646019 0.151655 
4660 -0.237404 -0.134123 
4661 -0.240097 -0.0444856 
4662 -0.243389 0.0462795 
4663 -0.246171 0.136635 
4664 -0.161639 -0.131031 
4665 -0.165092 -0.0416172 
4666 -0.167384 0.0486325 
4667 -0.169995 0.138077 
4668 -0.0866988 -0.128074 
4669 -0.0895594 -0.0393525 
4670 -0.0927363 0.0506251 
4671 -0.0955622 0.139991 
4672 -0.01243 -0.125572 
4673 -0.0149011 -0.036344 
4674 -0.0175249 0.0528486 
4675 -0.0209062 0.141754 
4676 0.061664 -0.12296 
4677 0.0581512 -0.0339494 
4678 0.0561761 0.0550583 
4679 0.0531575 0.143265 
4680 -0.235093 -0.130879 
4681 -0.238466 -0.0444132 
4682 -0.241583 0.042503 
4683 -0.244109 0.128639 
4684 -0.162967 -0.127781 
4685 -0.166115 -0.0416355 
4686 -0.169097 0.0443873 
4687 -0.171428 0.130376 
4688 -0.0908455 -0.1243 
4689 -0.093978 -0.0383363 
4690 -0.0972954 0.0463281 
4691 -0.0999469 0.132454 
4692 -0.0194726 -0.120912 
4693 -0.0225266 -0.0365553 
4694 -0.0255146 0.0490317 
4695 -0.0285837 0.133404 
4696 0.0507956 -0.117863 
4697 0.0479556 -0.0336349 
4698 0.0450913 0.0508018 
4699 0.0417233 0.135661 
4700 -0.233089 -0.126731 
4701 -0.236157 -0.0432749 
4702 -0.239651 0.0386803 
4703 -0.242992 0.121652 
4704 -0.164004 -0.122973 
4705 -0.167369 -0.0412328 
4706 -0.169868 0.0416307 
4707 -0.172587 0.123511 
4708 -0.0953402 -0.1206 
4709 -0.097834 -0.0380568 
4710 -0.101324 0.0438134 
4711 -0.104454 0.125705 
4712 -0.0270858 -0.116794 
4713 -0.029634 -0.0358451 
4714 -0.0333881 0.045496 
4715 -0.0361564 0.127284 
4716 0.04022 -0.114473 
4717 0.0371501 -0.0333698 
4718 0.0348303 0.0480133 
4719 0.0315927 0.128922 
4720 -0.232116 -0.123117 
4721 -0.235164 -0.0430559 
4722 -0.238616 0.0360114 
4723 -0.241033 0.115597 
4724 -0.165136 -0.11963 
4725 -0.168295 -0.0405809 
4726 -0.171207 0.0384478 
4727 -0.174383 0.117126 
4728 -0.0992549 -0.116221 
4729 -0.102389 -0.037619 
4730 -0.105083 0.04091 
4731 -0.107863 0.119253 
4732 -0.0334317 -0.112897 
4733 -0.0366062 -0.0344554 
4734 -0.0400792 0.0428638 
4735 -0.0432217 0.121489 
4736 0.0313358 -0.110037 
4737 0.0284569 -0.0326051 
4738 0.0249 0.0460131 
4739 0.0220664 0.123153 
4740 -0.230493 -0.118528 
4741 -0.23392 -0.0426753 
4742 -0.237126 0.0339279 
4743 -0.240575 0.109724 
4744 -0.166561 -0.116179 
4745 -0.169456 -0.0396072 
4746 -0.172404 0.0359479 
4747 -0.175578 0.11187 
4748 -0.10263 -0.112379 
4749 -0.106284 -0.0364261 
4750 -0.108827 0.0390327 
4751 -0.112123 0.113624 
4752 -0.0402698 -0.10871 
4753 -0.0432259 -0.0340197 
4754 -0.0460371 0.0414658 
4755 -0.0497619 0.116224 
4756 0.022185 -0.105961 
4757 0.0196181 -0.0316712 
4758 0.0159571 0.043136 
4759 0.0127074 0.118142 
4760 -0.229222 -0.114901 
4761 -0.232866 -0.0414897 
4762 -0.235785 0.0318498 
4763 -0.239006 0.104923 
4764 -0.167265 -0.112482 
4765 -0.170423 -0.0391595 
4766 -0.174304 0.0338632 
4767 -0.177436 0.107372 
4768 -0.106844 -0.109112 
4769 -0.109572 -0.0356694 
4770 -0.113388 0.0366085 
4771 -0.116067 0.108891 
4772 -0.0458698 -0.105199 
4773 -0.0489683 -0.0329654 
4774 -0.0525152 0.0391769 
4775 -0.0558998 0.111753 
4776 0.0139066 -0.102085 
4777 0.011011 -0.0298629 
4778 0.00738769 0.0420635 
4779 0.00450638 0.113981 
4780 -0.229071 -0.111417 
4781 -0.231843 -0.0405081 
4782 -0.235837 0.0300625 
4783 -0.238284 0.100202 
4784 -0.168733 -0.108779 
4785 -0.172807 -0.0378256 
4786 -0.175653 0.0326888 
4787 -0.179114 0.102538 
4788 -0.11034 -0.105101 
4789 -0.113421 -0.035183 
4790 -0.116955 0.035124 
4791 -0.119897 0.105173 
4792 -0.0514442 -0.101365 
4793 -0.0549387 -0.0318168 
4794 -0.058389 0.0374846 
4795 -0.0618671 0.107216 
4796 0.00594303 -0.0983955 
4797 0.00285109 -0.0291734 
4798 -0.000103968 0.0401609 
4799 -0.00361643 0.109099 
4800 -0.227851 -0.107988 
4801 -0.231197 -0.0396093 
4802 -0.234633 0.0285205 
4803 -0.237957 0.0964868 
4804 -0.170093 -0.104976 
4805 -0.1734 -0.0372529 
4806 -0.177271 0.0307209 
4807 -0.180184 0.0994798 
4808 -0.113016 -0.101543 
4809 -0.116569 -0.0336234 
4810 -0.120293 0.0337644 
4811 -0.123686 0.101757 
4812 -0.0572249 -0.0983489 
4813 -0.0607692 -0.031176 
4814 -0.0632514 0.036238 
4815 -0.0673795 0.103589 
4816 -0.00100641 -0.0944358 
4817 -0.00450542 -0.028225 
4818 -0.00774148 0.0385183 
4819 -0.0114661 0.10549 
