55250 -0.333433 -0.249901 
55251 -0.333484 -0.0833514 
55252 -0.333337 0.0834048 
55253 -0.33322 0.249925 
55254 -0.33341 0.416573 
55255 -0.166636 -0.249917 
55256 -0.166665 -0.0832765 
55257 -0.166655 0.0833624 
55258 -0.166562 0.250102 
55259 -0.166717 0.416583 
55260 3.7014e-05 -0.249987 
55261 -1.98095e-05 -0.0832395 
55262 5.75051e-05 0.0832653 
55263 4.63956e-05 0.249975 
55264 -2.13458e-05 0.416688 
55265 0.16666 -0.250023 
55266 0.166639 -0.08327 
55267 0.166741 0.0834146 
55268 0.166633 0.249994 
55269 0.16675 0.41662 
55270 0.333395 -0.250129 
55271 0.333264 -0.0832533 
55272 0.333233 0.0832296 
55273 0.333279 0.25004 
55274 0.33334 0.416779 
55275 -0.333976 -0.251607 
55276 -0.333888 -0.0854469 
55277 -0.333548 0.0804156 
55278 -0.333619 0.246186 
55279 -0.333406 0.41194 
55280 -0.167804 -0.251527 
55281 -0.167853 -0.0855466 
55282 -0.167649 0.0803416 
55283 -0.1676 0.246141 
55284 -0.167577 0.411724 
55285 -0.00194182 -0.251391 
55286 -0.00178248 -0.085525 
55287 -0.00182037 0.0803807 
55288 -0.00182046 0.245979 
55289 -0.00190737 0.411692 
55290 0.164074 -0.251306 
55291 0.164003 -0.0854638 
55292 0.163902 0.0803151 
55293 0.163724 0.245915 
55294 0.163704 0.411471 
55295 0.329794 -0.251289 
55296 0.32956 -0.0854629 
55297 0.329487 0.0803382 
55298 0.329337 0.24573 
55299 0.329127 0.411222 
55300 -0.334681 -0.253262 
55301 -0.334327 -0.0877726 
55302 -0.333906 0.0775944 
55303 -0.333801 0.242562 
55304 -0.33342 0.407198 
55305 -0.16901 -0.253052 
55306 -0.168846 -0.0875793 
55307 -0.1687 0.0774112 
55308 -0.168603 0.242373 
55309 -0.168526 0.406828 
55310 -0.00361239 -0.253017 
55311 -0.00360066 -0.0875622 
55312 -0.00363164 0.077361 
55313 -0.00366463 0.242202 
55314 -0.00367772 0.406515 
55315 0.16153 -0.252697 
55316 0.161272 -0.0874225 
55317 0.161198 0.0774471 
55318 0.160875 0.241871 
55319 0.160784 0.406138 
55320 0.326231 -0.252387 
55321 0.32601 -0.0874093 
55322 0.325658 0.077275 
55323 0.325354 0.24181 
55324 0.32501 0.405867 
55325 -0.335083 -0.254907 
55326 -0.33478 -0.0899665 
55327 -0.334475 0.0745651 
55328 -0.333964 0.238821 
55329 -0.333661 0.402345 
55330 -0.16996 -0.254685 
55331 -0.169935 -0.0899282 
55332 -0.169735 0.074647 
55333 -0.169637 0.238582 
55334 -0.169371 0.401979 
55335 -0.00549615 -0.254262 
55336 -0.00553998 -0.0896659 
55337 -0.00547674 0.0745442 
55338 -0.00554723 0.238243 
55339 -0.00558317 0.401625 
55340 0.159006 -0.253903 
55341 0.158499 -0.0893841 
55342 0.15834 0.0744335 
55343 0.158077 0.238011 
55344 0.15777 0.401194 
55345 0.322818 -0.253431 
55346 0.322418 -0.0893365 
55347 0.32177 0.074493 
55348 0.321386 0.237751 
55349 0.320914 0.40082 
55350 -0.335785 -0.256679 
55351 -0.335336 -0.0920514 
55352 -0.334913 0.0716446 
55353 -0.334341 0.235048 
55354 -0.333993 0.397798 
55355 -0.17119 -0.256028 
55356 -0.171011 -0.0919141 
55357 -0.170756 0.0716798 
55358 -0.170705 0.234933 
55359 -0.170464 0.397369 
55360 -0.00713092 -0.255563 
55361 -0.00716691 -0.0916698 
55362 -0.00736476 0.0716506 
55363 -0.00752255 0.234515 
55364 -0.00760925 0.396776 
55365 0.156438 -0.255105 
55366 0.156068 -0.0912557 
55367 0.155562 0.071762 
55368 0.15519 0.234185 
55369 0.154697 0.396165 
55370 0.31935 -0.254593 
55371 0.318805 -0.0912464 
55372 0.318 0.0716743 
55373 0.317298 0.234016 
55374 0.316606 0.395725 
55375 -0.336256 -0.258321 
55376 -0.335761 -0.0944163 
55377 -0.335458 0.0687968 
55378 -0.334637 0.231548 
55379 -0.334497 0.39315 
55380 -0.172314 -0.257606 
55381 -0.172121 -0.0940293 
55382 -0.171811 0.0688378 
55383 -0.171774 0.231167 
55384 -0.171665 0.392656 
55385 -0.00877994 -0.256935 
55386 -0.0089683 -0.0936059 
55387 -0.00917112 0.0689649 
55388 -0.009517 0.230734 
55389 -0.00952904 0.392116 
55390 0.153929 -0.256108 
55391 0.153492 -0.0933718 
55392 0.152852 0.0689596 
55393 0.152168 0.230661 
55394 0.151716 0.391519 
55395 0.316042 -0.255422 
55396 0.315214 -0.09293 
55397 0.31419 0.0690342 
55398 0.313404 0.23041 
55399 0.312532 0.390893 
55400 -0.336765 -0.259939 
55401 -0.336253 -0.0966246 
55402 -0.335765 0.0659276 
55403 -0.335186 0.227661 
55404 -0.334679 0.388634 
55405 -0.173224 -0.259073 
55406 -0.173223 -0.0961241 
55407 -0.173038 0.0661097 
55408 -0.172887 0.227402 
55409 -0.17288 0.387876 
55410 -0.0104274 -0.258178 
55411 -0.0108361 -0.0955593 
55412 -0.0109754 0.0661539 
55413 -0.0113419 0.227331 
55414 -0.0116332 0.387324 
55415 0.151521 -0.257153 
55416 0.150758 -0.0950864 
55417 0.149959 0.0663377 
55418 0.149402 0.227045 
55419 0.148823 0.386845 
55420 0.312825 -0.25626 
55421 0.311701 -0.0946307 
55422 0.310535 0.0665915 
55423 0.309461 0.226829 
55424 0.308311 0.386002 
55425 -0.337363 -0.261652 
55426 -0.336826 -0.0987667 
55427 -0.336414 0.063066 
55428 -0.335762 0.22408 
55429 -0.335247 0.384224 
55430 -0.174353 -0.260564 
55431 -0.174034 -0.0981546 
55432 -0.174144 0.0632083 
55433 -0.174158 0.223866 
55434 -0.174119 0.38343 
55435 -0.0121338 -0.259381 
55436 -0.012558 -0.0973524 
55437 -0.0128856 0.063569 
55438 -0.0132365 0.223733 
55439 -0.0138166 0.382781 
55440 0.149131 -0.25822 
55441 0.148295 -0.0967814 
55442 0.147489 0.0639106 
55443 0.146492 0.223438 
55444 0.145536 0.38213 
55445 0.309698 -0.25704 
55446 0.308065 -0.0961114 
55447 0.30682 0.0639646 
55448 0.305397 0.223297 
55449 0.304059 0.381605 
55450 -0.337856 -0.263386 
55451 -0.337243 -0.100969 
55452 -0.336912 0.0603629 
55453 -0.336358 0.220702 
55454 -0.335937 0.379585 
55455 -0.17524 -0.261845 
55456 -0.175247 -0.100066 
55457 -0.175305 0.0607442 
55458 -0.175361 0.22036 
55459 -0.175484 0.379098 
55460 -0.0136754 -0.260443 
55461 -0.0142298 -0.0992626 
55462 -0.0149039 0.0610157 
55463 -0.015367 0.220328 
55464 -0.0159573 0.378352 
55465 0.146858 -0.259113 
55466 0.145557 -0.0983948 
55467 0.144539 0.0613621 
55468 0.143625 0.220014 
55469 0.142411 0.377721 
55470 0.306417 -0.257681 
55471 0.304686 -0.097577 
55472 0.303123 0.0616987 
55473 0.301373 0.219929 
55474 0.299881 0.376974 
55475 -0.338228 -0.264919 
55476 -0.338015 -0.103038 
55477 -0.337351 0.0576359 
55478 -0.336984 0.217077 
55479 -0.33652 0.375319 
55480 -0.176131 -0.263259 
55481 -0.176322 -0.101899 
55482 -0.176449 0.0579816 
55483 -0.176667 0.216973 
55484 -0.176715 0.37456 
55485 -0.0153769 -0.261649 
55486 -0.0159909 -0.100985 
55487 -0.0167606 0.0585742 
55488 -0.0174708 0.216907 
55489 -0.0181447 0.374056 
55490 0.144392 -0.260082 
55491 0.143161 -0.0998769 
55492 0.141855 0.0590614 
55493 0.140516 0.216868 
55494 0.139404 0.373467 
55495 0.303261 -0.258295 
55496 0.301271 -0.0988118 
55497 0.299308 0.0594899 
55498 0.297433 0.216679 
55499 0.295613 0.372722 
55500 -0.338789 -0.266491 
55501 -0.338434 -0.10507 
55502 -0.338171 0.0548203 
55503 -0.337687 0.213587 
55504 -0.337257 0.371081 
55505 -0.177024 -0.264562 
55506 -0.177474 -0.103848 
55507 -0.177708 0.0553226 
55508 -0.177844 0.213558 
55509 -0.178209 0.370446 
55510 -0.0169209 -0.262698 
55511 -0.0176565 -0.102651 
55512 -0.0186244 0.0561207 
55513 -0.0195454 0.213613 
55514 -0.0202712 0.369789 
55515 0.142136 -0.260763 
55516 0.140643 -0.101365 
55517 0.139183 0.0568178 
55518 0.137712 0.213696 
55519 0.136121 0.369156 
55520 0.299955 -0.258843 
55521 0.297815 -0.10003 
55522 0.295645 0.05729 
55523 0.293483 0.213744 
55524 0.291529 0.368627 
55525 -0.339158 -0.267997 
55526 -0.338924 -0.107238 
55527 -0.338605 0.0520869 
55528 -0.338356 0.210148 
55529 -0.338047 0.366869 
55530 -0.178173 -0.265814 
55531 -0.178595 -0.105704 
55532 -0.178827 0.0529269 
55533 -0.179322 0.210433 
55534 -0.179637 0.366366 
55535 -0.0183551 -0.26366 
55536 -0.0194675 -0.104188 
55537 -0.0205912 0.0538223 
55538 -0.0217576 0.210441 
55539 -0.02274 0.365823 
55540 0.139956 -0.261409 
55541 0.138121 -0.102817 
55542 0.136402 0.0545838 
55543 0.134734 0.210458 
55544 0.132885 0.365267 
55545 0.296875 -0.259173 
55546 0.294459 -0.101151 
55547 0.292004 0.0555305 
55548 0.289614 0.210814 
55549 0.287167 0.364639 
55550 -0.339628 -0.269567 
55551 -0.339533 -0.10928 
55552 -0.339184 0.0495776 
55553 -0.339141 0.206938 
55554 -0.33885 0.362778 
55555 -0.178887 -0.267006 
55556 -0.17953 -0.107462 
55557 -0.180105 0.0505153 
55558 -0.180611 0.207269 
55559 -0.181071 0.362287 
55560 -0.0197409 -0.264349 
55561 -0.021145 -0.105792 
55562 -0.0224001 0.0515012 
55563 -0.0236138 0.207403 
55564 -0.0249437 0.36186 
55565 0.137654 -0.261973 
55566 0.135625 -0.103898 
55567 0.133596 0.0526286 
55568 0.131711 0.207701 
55569 0.129727 0.361313 
55570 0.293815 -0.259444 
55571 0.291114 -0.102231 
55572 0.288357 0.0536481 
55573 0.285609 0.207929 
55574 0.282854 0.360835 
55575 -0.340121 -0.270944 
55576 -0.340109 -0.111207 
55577 -0.340041 0.0470903 
55578 -0.339877 0.203638 
55579 -0.339825 0.35873 
55580 -0.179861 -0.267952 
55581 -0.180559 -0.109166 
55582 -0.181353 0.0480441 
55583 -0.18216 0.204194 
55584 -0.182787 0.358325 
55585 -0.0214218 -0.265182 
55586 -0.0230098 -0.107133 
55587 -0.0245342 0.0494927 
55588 -0.0259963 0.2044 
55589 -0.0273052 0.357957 
55590 0.135653 -0.262345 
55591 0.133287 -0.104996 
55592 0.130909 0.0506097 
55593 0.128651 0.204916 
55594 0.126443 0.357585 
55595 0.290864 -0.259485 
55596 0.287837 -0.103114 
55597 0.284805 0.0518447 
55598 0.281664 0.205387 
55599 0.278733 0.357163 
55600 -0.340548 -0.272307 
55601 -0.340637 -0.113134 
55602 -0.340732 0.0445324 
55603 -0.340761 0.200465 
55604 -0.340729 0.354801 
55605 -0.180901 -0.269122 
55606 -0.181636 -0.110607 
55607 -0.182554 0.0460802 
55608 -0.183524 0.201133 
55609 -0.184344 0.354539 
55610 -0.0229421 -0.265949 
55611 -0.0246309 -0.108279 
55612 -0.0264386 0.0474925 
55613 -0.0281181 0.201693 
55614 -0.0298079 0.354197 
55615 0.133332 -0.262818 
55616 0.130759 -0.10617 
55617 0.128274 0.048829 
55618 0.125624 0.202265 
55619 0.123362 0.35404 
55620 0.287725 -0.259651 
55621 0.28433 -0.103841 
55622 0.281085 0.0503063 
55623 0.277824 0.202743 
55624 0.274477 0.35372 
55625 -0.341001 -0.273704 
55626 -0.341092 -0.114877 
55627 -0.341372 0.0420652 
55628 -0.341556 0.197403 
55629 -0.341806 0.35089 
55630 -0.181589 -0.270092 
55631 -0.182812 -0.11239 
55632 -0.18393 0.0437736 
55633 -0.185077 0.198046 
55634 -0.186188 0.350754 
55635 -0.0242598 -0.266568 
55636 -0.0263228 -0.1096 
55637 -0.0284138 0.0454629 
55638 -0.0302442 0.198974 
55639 -0.03218 0.350697 
55640 0.131168 -0.263035 
55641 0.128245 -0.107102 
55642 0.125575 0.0471835 
55643 0.12263 0.199671 
55644 0.119897 0.350594 
55645 0.284796 -0.259525 
55646 0.281124 -0.10446 
55647 0.277463 0.0487431 
55648 0.273953 0.200488 
55649 0.270279 0.350313 
55650 -0.341197 -0.274969 
55651 -0.34177 -0.116722 
55652 -0.342044 0.0397821 
55653 -0.342551 0.19439 
55654 -0.342914 0.347229 
55655 -0.182475 -0.271022 
55656 -0.183849 -0.11364 
55657 -0.185274 0.0418204 
55658 -0.186599 0.195402 
55659 -0.187906 0.347248 
55660 -0.0257777 -0.267117 
55661 -0.0280506 -0.110692 
55662 -0.0303353 0.0437826 
55663 -0.0324754 0.19637 
55664 -0.0347272 0.34718 
55665 0.129088 -0.263069 
55666 0.125962 -0.107909 
55667 0.122796 0.0454829 
55668 0.119601 0.197308 
55669 0.116701 0.347239 
55670 0.282025 -0.259355 
55671 0.277725 -0.105109 
55672 0.273905 0.0472638 
55673 0.26985 0.19822 
55674 0.266041 0.347249 
55675 -0.341526 -0.276267 
55676 -0.342305 -0.118325 
55677 -0.342903 0.0375122 
55678 -0.343536 0.191622 
55679 -0.344151 0.343613 
55680 -0.183302 -0.271739 
55681 -0.184964 -0.114994 
55682 -0.186519 0.0396697 
55683 -0.18803 0.192784 
55684 -0.189564 0.343678 
55685 -0.0272622 -0.267456 
55686 -0.0298069 -0.111969 
55687 -0.0323055 0.0418605 
55688 -0.0347129 0.193824 
55689 -0.0371829 0.343939 
55690 0.126984 -0.263234 
55691 0.123452 -0.108693 
55692 0.119987 0.0441019 
55693 0.116603 0.195023 
55694 0.113344 0.344072 
55695 0.278939 -0.258985 
55696 0.274602 -0.105536 
55697 0.270235 0.0462045 
55698 0.266048 0.19611 
55699 0.261824 0.344271 
55700 -0.341986 -0.277016 
55701 -0.34289 -0.119826 
55702 -0.343715 0.0353026 
55703 -0.344592 0.188611 
55704 -0.345334 0.340218 
55705 -0.18409 -0.272481 
55706 -0.18588 -0.116326 
55707 -0.187877 0.037641 
55708 -0.189641 0.190053 
55709 -0.191579 0.340492 
55710 -0.028443 -0.26783 
55711 -0.0315244 -0.112803 
55712 -0.0342488 0.0401804 
55713 -0.0371308 0.191391 
55714 -0.0397601 0.340752 
55715 0.124788 -0.263028 
55716 0.121082 -0.109189 
55717 0.117237 0.0426572 
55718 0.113548 0.192793 
55719 0.109983 0.341122 
55720 0.276122 -0.258561 
55721 0.271343 -0.105894 
55722 0.266771 0.0451111 
55723 0.262164 0.194096 
55724 0.257684 0.34152 
55725 -0.342209 -0.278149 
55726 -0.343362 -0.121451 
55727 -0.344529 0.0333181 
55728 -0.345535 0.186016 
55729 -0.346577 0.336671 
55730 -0.185139 -0.272929 
55731 -0.186995 -0.11746 
55732 -0.189167 0.036152 
55733 -0.191338 0.187577 
55734 -0.193334 0.337305 
55735 -0.030017 -0.267967 
55736 -0.0331234 -0.113678 
55737 -0.0362968 0.0387538 
55738 -0.0393823 0.189242 
55739 -0.0422375 0.337652 
55740 0.122652 -0.263106 
55741 0.118662 -0.109811 
55742 0.114573 0.0415715 
55743 0.110479 0.190841 
55744 0.106531 0.338229 
55745 0.273213 -0.258068 
55746 0.268106 -0.106035 
55747 0.263111 0.0441234 
55748 0.258236 0.1923 
55749 0.25348 0.338614 
