55700 -0.333464 -0.249967 
55701 -0.333387 -0.0831927 
55702 -0.333283 0.0834251 
55703 -0.333272 0.24994 
55704 -0.333408 0.416668 
55705 -0.166643 -0.250009 
55706 -0.166665 -0.0833605 
55707 -0.166661 0.0833052 
55708 -0.166725 0.249939 
55709 -0.166571 0.416744 
55710 8.79302e-05 -0.250012 
55711 4.45494e-05 -0.0832202 
55712 -4.95631e-05 0.0832991 
55713 2.03153e-05 0.249874 
55714 -5.53543e-06 0.416676 
55715 0.1666 -0.249958 
55716 0.166764 -0.0834037 
55717 0.16664 0.0833656 
55718 0.166659 0.249995 
55719 0.166531 0.416539 
55720 0.333445 -0.250045 
55721 0.333334 -0.0832631 
55722 0.333336 0.0834301 
55723 0.333319 0.250073 
55724 0.333297 0.416666 
55725 -0.333469 -0.250838 
55726 -0.333759 -0.0848473 
55727 -0.333937 0.0813015 
55728 -0.334182 0.247051 
55729 -0.334631 0.412829 
55730 -0.167537 -0.25041 
55731 -0.167854 -0.0846445 
55732 -0.167935 0.0814423 
55733 -0.168264 0.247139 
55734 -0.168674 0.41299 
55735 -0.00138444 -0.249978 
55736 -0.00173361 -0.0841719 
55737 -0.00230487 0.0817812 
55738 -0.00247311 0.247378 
55739 -0.00283791 0.413206 
55740 0.16437 -0.249704 
55741 0.16399 -0.0837113 
55742 0.1637 0.0820372 
55743 0.163299 0.247661 
55744 0.162811 0.413355 
55745 0.330177 -0.249011 
55746 0.329578 -0.0833326 
55747 0.329152 0.0822777 
55748 0.328835 0.247845 
55749 0.328344 0.413437 
55750 -0.333813 -0.251727 
55751 -0.334358 -0.0864471 
55752 -0.334806 0.0790096 
55753 -0.335347 0.24412 
55754 -0.335798 0.40914 
55755 -0.168159 -0.250835 
55756 -0.168794 -0.0855552 
55757 -0.169398 0.0797114 
55758 -0.170038 0.244503 
55759 -0.170567 0.409395 
55760 -0.00292684 -0.250088 
55761 -0.00365122 -0.084845 
55762 -0.00423819 0.0801542 
55763 -0.00492454 0.24511 
55764 -0.00564617 0.409663 
55765 0.162174 -0.249085 
55766 0.161317 -0.0840649 
55767 0.160552 0.0808319 
55768 0.159754 0.245499 
55769 0.158989 0.410127 
55770 0.32687 -0.248201 
55771 0.326108 -0.0831582 
55772 0.325111 0.0814835 
55773 0.324128 0.246165 
55774 0.323434 0.410374 
55775 -0.333913 -0.25259 
55776 -0.334819 -0.0875656 
55777 -0.335426 0.0769223 
55778 -0.336288 0.241453 
55779 -0.337109 0.405383 
55780 -0.168874 -0.251199 
55781 -0.16981 -0.0863814 
55782 -0.170826 0.0778828 
55783 -0.171662 0.242006 
55784 -0.172579 0.405895 
55785 -0.0042908 -0.249868 
55786 -0.00536818 -0.0854179 
55787 -0.00644488 0.0788244 
55788 -0.00745493 0.242741 
55789 -0.00858864 0.406602 
55790 0.159829 -0.248506 
55791 0.158659 -0.0842179 
55792 0.157511 0.079829 
55793 0.156259 0.24351 
55794 0.155081 0.407034 
55795 0.32361 -0.247054 
55796 0.322372 -0.0831256 
55797 0.321062 0.0807546 
55798 0.319671 0.244234 
55799 0.318477 0.407553 
55800 -0.334054 -0.253258 
55801 -0.335306 -0.0889816 
55802 -0.336299 0.0750678 
55803 -0.337295 0.238621 
55804 -0.338628 0.401926 
55805 -0.169654 -0.251262 
55806 -0.170995 -0.0873765 
55807 -0.172068 0.0762316 
55808 -0.173371 0.239633 
55809 -0.174571 0.402842 
55810 -0.00585726 -0.249495 
55811 -0.00711396 -0.0858409 
55812 -0.00861284 0.0776865 
55813 -0.0100149 0.240748 
55814 -0.0113557 0.403514 
55815 0.157626 -0.247694 
55816 0.156049 -0.0841816 
55817 0.154504 0.0788787 
55818 0.152995 0.241679 
55819 0.1513 0.404094 
55820 0.320362 -0.24587 
55821 0.318605 -0.0826827 
55822 0.31693 0.080117 
55823 0.315191 0.242702 
55824 0.313543 0.404885 
55825 -0.334306 -0.253858 
55826 -0.335747 -0.0901337 
55827 -0.337123 0.0732355 
55828 -0.33845 0.236082 
55829 -0.339953 0.398644 
55830 -0.170354 -0.251416 
55831 -0.172022 -0.0880724 
55832 -0.173559 0.0748687 
55833 -0.175211 0.237399 
55834 -0.176734 0.399611 
55835 -0.00712297 -0.249241 
55836 -0.0089973 -0.0860262 
55837 -0.0106627 0.0764959 
55838 -0.0124871 0.238731 
55839 -0.0143131 0.400539 
55840 0.155434 -0.246778 
55841 0.153531 -0.0840729 
55842 0.151484 0.0780128 
55843 0.149448 0.240001 
55844 0.147457 0.401545 
55845 0.317269 -0.244376 
55846 0.315101 -0.0822266 
55847 0.313076 0.0796538 
55848 0.310753 0.241274 
55849 0.308679 0.402533 
55850 -0.334502 -0.254056 
55851 -0.336162 -0.0911453 
55852 -0.337981 0.0715816 
55853 -0.339719 0.233708 
55854 -0.341483 0.3956 
55855 -0.171116 -0.251323 
55856 -0.173033 -0.0887055 
55857 -0.175075 0.0734567 
55858 -0.176901 0.235272 
55859 -0.178884 0.396757 
55860 -0.00847281 -0.248629 
55861 -0.0106747 -0.0862535 
55862 -0.0129825 0.0754717 
55863 -0.0150117 0.236896 
55864 -0.0172162 0.39784 
55865 0.153254 -0.245738 
55866 0.150822 -0.0839545 
55867 0.14847 0.0773417 
55868 0.145904 0.238375 
55869 0.143712 0.399128 
55870 0.314033 -0.243092 
55871 0.311488 -0.0816819 
55872 0.309043 0.0794314 
55873 0.306453 0.240035 
55874 0.303714 0.400231 
55875 -0.334616 -0.254491 
55876 -0.336706 -0.0919778 
55877 -0.338843 0.0699795 
55878 -0.340835 0.231323 
55879 -0.342975 0.392587 
55880 -0.171802 -0.251126 
55881 -0.174063 -0.0894217 
55882 -0.176408 0.0721844 
55883 -0.178716 0.233216 
55884 -0.180942 0.39393 
55885 -0.00987244 -0.247899 
55886 -0.0123976 -0.0865272 
55887 -0.0152444 0.0744854 
55888 -0.017621 0.235204 
55889 -0.0200367 0.395235 
55890 0.15105 -0.2446 
55891 0.148237 -0.0835794 
55892 0.1454 0.0770843 
55893 0.142764 0.23712 
55894 0.139862 0.396674 
55895 0.310981 -0.24144 
55896 0.308015 -0.0807831 
55897 0.30504 0.079202 
55898 0.302008 0.238933 
55899 0.299033 0.39809 
55900 -0.334847 -0.254815 
55901 -0.337223 -0.0929101 
55902 -0.339718 0.0684533 
55903 -0.342145 0.229282 
55904 -0.344618 0.389724 
55905 -0.172543 -0.250983 
55906 -0.175207 -0.0896131 
55907 -0.177926 0.0713376 
55908 -0.180724 0.231472 
55909 -0.183201 0.391291 
55910 -0.0113897 -0.24728 
55911 -0.01441 -0.0865148 
55912 -0.0171565 0.0738679 
55913 -0.0201011 0.233608 
55914 -0.0230302 0.392889 
55915 0.148808 -0.243384 
55916 0.14567 -0.0831813 
55917 0.142411 0.0767349 
55918 0.139335 0.235791 
55919 0.136147 0.394367 
55920 0.307899 -0.239764 
55921 0.304387 -0.0800719 
55922 0.301098 0.0791112 
55923 0.297722 0.237931 
55924 0.294265 0.39615 
55925 -0.334845 -0.254745 
55926 -0.337649 -0.0935804 
55927 -0.340504 0.0670803 
55928 -0.343324 0.227328 
55929 -0.345981 0.387043 
55930 -0.173235 -0.250506 
55931 -0.176262 -0.0898747 
55932 -0.179379 0.0702357 
55933 -0.182309 0.229811 
55934 -0.185484 0.3889 
55935 -0.0126343 -0.246326 
55936 -0.0160498 -0.0861514 
55937 -0.0192751 0.0731987 
55938 -0.0226426 0.23228 
55939 -0.0259332 0.390723 
55940 0.146635 -0.241848 
55941 0.142971 -0.0825789 
55942 0.139401 0.0763584 
55943 0.135911 0.234576 
55944 0.13232 0.392611 
55945 0.304764 -0.237803 
55946 0.300957 -0.0790584 
55947 0.296994 0.0792621 
55948 0.293178 0.237236 
55949 0.28941 0.394467 
55950 -0.334961 -0.254825 
55951 -0.338412 -0.0941639 
55952 -0.341392 0.0660193 
55953 -0.344709 0.225412 
55954 -0.347874 0.38466 
55955 -0.173917 -0.249969 
55956 -0.177361 -0.0899941 
55957 -0.180782 0.0693899 
55958 -0.184236 0.228187 
55959 -0.187739 0.386511 
55960 -0.0141506 -0.245118 
55961 -0.0176732 -0.0858581 
55962 -0.0217025 0.0727705 
55963 -0.0252173 0.230873 
55964 -0.028916 0.388607 
55965 0.144335 -0.2406 
55966 0.140344 -0.0819707 
55967 0.136428 0.0761555 
55968 0.132593 0.233654 
55969 0.128602 0.390583 
55970 0.301519 -0.235791 
55971 0.297314 -0.0779362 
55972 0.293173 0.0795758 
55973 0.288979 0.236422 
55974 0.284672 0.392755 
55975 -0.335306 -0.254695 
55976 -0.338786 -0.0946401 
55977 -0.342363 0.0649204 
55978 -0.345957 0.223719 
55979 -0.349535 0.38203 
55980 -0.174595 -0.249408 
55981 -0.178541 -0.0900933 
55982 -0.182181 0.0687532 
55983 -0.186052 0.226848 
55984 -0.18989 0.384451 
55985 -0.0154296 -0.244038 
55986 -0.0196977 -0.085626 
55987 -0.0235868 0.0725263 
55988 -0.0278273 0.229891 
55989 -0.0320159 0.386838 
55990 0.142217 -0.238947 
55991 0.137741 -0.0811094 
55992 0.133415 0.076324 
55993 0.129185 0.23301 
55994 0.124837 0.389191 
55995 0.298656 -0.233883 
55996 0.293912 -0.0766406 
55997 0.289246 0.0799366 
55998 0.284697 0.235795 
55999 0.280058 0.391308 
56000 -0.335336 -0.254336 
56001 -0.339315 -0.0948876 
56002 -0.343252 0.0639268 
56003 -0.347441 0.222087 
56004 -0.351221 0.379859 
56005 -0.175266 -0.248521 
56006 -0.179548 -0.0899898 
56007 -0.183837 0.0681337 
56008 -0.188002 0.225548 
56009 -0.19214 0.382493 
56010 -0.0168694 -0.242683 
56011 -0.0213193 -0.0849769 
56012 -0.0258523 0.0721431 
56013 -0.0302614 0.22881 
56014 -0.0347989 0.384939 
56015 0.140019 -0.237239 
56016 0.135222 -0.0802355 
56017 0.130567 0.0763676 
56018 0.125784 0.232213 
56019 0.121077 0.387523 
56020 0.295494 -0.231596 
56021 0.29046 -0.0752004 
56022 0.28546 0.0803872 
56023 0.280499 0.235561 
56024 0.275455 0.390202 
56025 -0.335479 -0.253914 
56026 -0.339907 -0.095157 
56027 -0.344263 0.0630667 
56028 -0.348538 0.220738 
56029 -0.352925 0.377809 
56030 -0.176032 -0.247738 
56031 -0.18062 -0.0897367 
56032 -0.185228 0.0675366 
56033 -0.190001 0.224496 
56034 -0.194529 0.38066 
56035 -0.0182755 -0.241468 
56036 -0.0232337 -0.0844346 
56037 -0.0279695 0.0722265 
56038 -0.0329215 0.227998 
56039 -0.0377308 0.383482 
56040 0.137828 -0.235237 
56041 0.132709 -0.0790156 
56042 0.127656 0.0764887 
56043 0.12258 0.231801 
56044 0.117411 0.386269 
56045 0.292299 -0.228995 
56046 0.287024 -0.0738483 
56047 0.281365 0.080769 
56048 0.276198 0.235294 
56049 0.270953 0.389013 
56050 -0.335681 -0.253371 
56051 -0.340433 -0.0952538 
56052 -0.34523 0.0623605 
56053 -0.349903 0.219562 
56054 -0.354683 0.375989 
56055 -0.176764 -0.246558 
56056 -0.181826 -0.089468 
56057 -0.186754 0.0674017 
56058 -0.191792 0.2235 
56059 -0.196758 0.378986 
56060 -0.0196908 -0.240083 
56061 -0.024931 -0.0836564 
56062 -0.0302076 0.0720489 
56063 -0.0354979 0.227519 
56064 -0.0407249 0.382157 
56065 0.135644 -0.233401 
56066 0.130139 -0.0779015 
56067 0.124817 0.0769656 
56068 0.11912 0.231337 
56069 0.113683 0.385085 
56070 0.289307 -0.22683 
56071 0.283431 -0.0721673 
56072 0.277735 0.0817401 
56073 0.2719 0.235191 
56074 0.266157 0.388004 
56075 -0.33581 -0.252788 
56076 -0.341099 -0.0952175 
56077 -0.346121 0.0617597 
56078 -0.351216 0.218277 
56079 -0.356449 0.374202 
56080 -0.177538 -0.245526 
56081 -0.182981 -0.0889232 
56082 -0.188284 0.067124 
56083 -0.193729 0.222524 
56084 -0.19911 0.377602 
56085 -0.0210814 -0.238304 
56086 -0.0267719 -0.0827549 
56087 -0.032244 0.0721737 
56088 -0.038079 0.226894 
56089 -0.0435256 0.380776 
56090 0.133498 -0.231285 
56091 0.127592 -0.0767515 
56092 0.121646 0.0774515 
56093 0.115934 0.231058 
56094 0.110153 0.384085 
56095 0.286123 -0.224343 
56096 0.280057 -0.0706741 
56097 0.273921 0.0824651 
56098 0.26777 0.235139 
56099 0.261703 0.387271 
56100 -0.335957 -0.251876 
56101 -0.341702 -0.0949293 
56102 -0.347099 0.0615184 
56103 -0.35261 0.217193 
56104 -0.358188 0.372614 
56105 -0.178312 -0.244218 
56106 -0.184099 -0.0883765 
56107 -0.189721 0.0670928 
56108 -0.195612 0.221863 
56109 -0.201204 0.376038 
56110 -0.0225835 -0.236599 
56111 -0.0284944 -0.0817781 
56112 -0.0345681 0.0726118 
56113 -0.0404803 0.226431 
56114 -0.0464926 0.37968 
56115 0.131298 -0.229057 
56116 0.124945 -0.0753092 
56117 0.118818 0.0781447 
56118 0.11247 0.230822 
56119 0.106487 0.383145 
56120 0.283103 -0.221793 
56121 0.276664 -0.0688069 
56122 0.270108 0.0833388 
56123 0.263778 0.235262 
56124 0.257352 0.38665 
56125 -0.336406 -0.251095 
56126 -0.342166 -0.094764 
56127 -0.348205 0.0611142 
56128 -0.354177 0.21642 
56129 -0.360032 0.371248 
56130 -0.179011 -0.242734 
56131 -0.185028 -0.0876389 
56132 -0.191375 0.0669943 
56133 -0.197424 0.221259 
56134 -0.203713 0.374892 
56135 -0.0238346 -0.234817 
56136 -0.0302598 -0.080585 
56137 -0.0366754 0.0730375 
56138 -0.0429308 0.226208 
56139 -0.0493206 0.378703 
56140 0.129076 -0.22684 
56141 0.122623 -0.073868 
56142 0.115862 0.0787019 
56143 0.109331 0.230887 
56144 0.102889 0.382413 
56145 0.279966 -0.218943 
56146 0.273254 -0.0669697 
56147 0.266398 0.0845589 
56148 0.259636 0.235648 
56149 0.252956 0.38608 
56150 -0.336463 -0.249919 
56151 -0.342882 -0.0943322 
56152 -0.349084 0.0608416 
56153 -0.355583 0.215488 
56154 -0.361822 0.369862 
56155 -0.179737 -0.241416 
56156 -0.186382 -0.0866847 
56157 -0.192894 0.0671101 
56158 -0.199423 0.220862 
56159 -0.206069 0.373917 
56160 -0.0252277 -0.232797 
56161 -0.0321746 -0.0794367 
56162 -0.0388615 0.0733731 
56163 -0.0455249 0.225853 
56164 -0.052326 0.377865 
56165 0.126922 -0.224427 
56166 0.119935 -0.0722464 
56167 0.113004 0.0796508 
56168 0.10612 0.231071 
56169 0.0992265 0.381799 
56170 0.276897 -0.216212 
56171 0.269838 -0.0651022 
56172 0.262576 0.0857382 
56173 0.255528 0.235936 
56174 0.248492 0.385748 
56175 -0.336558 -0.248726 
56176 -0.343495 -0.09371 
56177 -0.350183 0.0608673 
56178 -0.356958 0.214917 
56179 -0.363589 0.368648 
56180 -0.180517 -0.23971 
56181 -0.187453 -0.0858113 
56182 -0.194479 0.0674688 
56183 -0.201266 0.220464 
56184 -0.208134 0.372849 
56185 -0.0268241 -0.230798 
56186 -0.0339249 -0.0781414 
56187 -0.041039 0.0740384 
56188 -0.0481539 0.225767 
56189 -0.0553542 0.377145 
56190 0.124651 -0.222011 
56191 0.11741 -0.0705784 
56192 0.110248 0.0805494 
56193 0.102816 0.231229 
56194 0.0956467 0.381237 
56195 0.273672 -0.21349 
56196 0.266304 -0.0629774 
56197 0.25892 0.0869224 
56198 0.251556 0.236505 
56199 0.244203 0.385546 
