4460 -0.333445 -0.216835 
4461 -0.333664 -0.017027 
4462 -0.333758 0.183405 
4463 -0.333242 0.383124 
4464 -0.16658 -0.216704 
4465 -0.166282 -0.0170612 
4466 -0.166901 0.183198 
4467 -0.167047 0.383254 
4468 0.000133351 -0.217085 
4469 -0.00022652 -0.0165309 
4470 0.000311678 0.183628 
4471 0.000447782 0.383617 
4472 0.1671 -0.216757 
4473 0.166808 -0.016962 
4474 0.166378 0.183762 
4475 0.167154 0.383046 
4476 0.333508 -0.216541 
4477 0.332938 -0.0169908 
4478 0.33302 0.183129 
4479 0.33357 0.382926 
4480 -0.315149 -0.203748 
4481 -0.315089 -0.0218813 
4482 -0.315944 0.159236 
4483 -0.316763 0.341034 
4484 -0.16411 -0.202647 
4485 -0.163783 -0.0211147 
4486 -0.164997 0.159359 
4487 -0.165312 0.341193 
4488 -0.0121109 -0.202258 
4489 -0.0129882 -0.0211911 
4490 -0.0132031 0.160136 
4491 -0.0142718 0.340831 
4492 0.138523 -0.201963 
4493 0.138333 -0.0203777 
4494 0.137556 0.160079 
4495 0.137002 0.341591 
4496 0.289507 -0.201207 
4497 0.28912 -0.0206467 
4498 0.288545 0.160385 
4499 0.28831 0.341911 
4500 -0.300165 -0.192574 
4501 -0.301491 -0.0257999 
4502 -0.302141 0.140247 
4503 -0.302716 0.306579 
4504 -0.161328 -0.191171 
4505 -0.161793 -0.0257177 
4506 -0.163012 0.140343 
4507 -0.164002 0.306917 
4508 -0.0231441 -0.190103 
4509 -0.0240618 -0.0248405 
4510 -0.025052 0.14062 
4511 -0.0259076 0.307084 
4512 0.11476 -0.189279 
4513 0.113678 -0.0234551 
4514 0.113386 0.141547 
4515 0.112624 0.306616 
4516 0.252538 -0.188106 
4517 0.251234 -0.0228305 
4518 0.251175 0.141763 
4519 0.250312 0.307168 
4520 -0.288334 -0.182949 
4521 -0.288736 -0.0292878 
4522 -0.290508 0.124129 
4523 -0.291705 0.277006 
4524 -0.160131 -0.181548 
4525 -0.161293 -0.0285273 
4526 -0.162354 0.124365 
4527 -0.16367 0.277064 
4528 -0.0321317 -0.179854 
4529 -0.0333319 -0.0271354 
4530 -0.0346491 0.125118 
4531 -0.0355053 0.277571 
4532 0.0949447 -0.178584 
4533 0.0937373 -0.0259187 
4534 0.0921422 0.126091 
4535 0.0907079 0.27819 
4536 0.221381 -0.177958 
4537 0.220108 -0.0251106 
4538 0.218626 0.126661 
4539 0.217579 0.278646 
4540 -0.278237 -0.174897 
4541 -0.279592 -0.0320471 
4542 -0.280184 0.109592 
4543 -0.281655 0.25211 
4544 -0.158454 -0.172906 
4545 -0.1599 -0.0313447 
4546 -0.162163 0.110801 
4547 -0.163401 0.252712 
4548 -0.0402652 -0.171113 
4549 -0.0423906 -0.0300062 
4550 -0.0432474 0.111922 
4551 -0.0450349 0.253386 
4552 0.0777804 -0.169518 
4553 0.0763314 -0.0285549 
4554 0.074011 0.113189 
4555 0.0730905 0.254165 
4556 0.194894 -0.167668 
4557 0.192813 -0.0268798 
4558 0.191699 0.113562 
4559 0.189446 0.254528 
4560 -0.269602 -0.166742 
4561 -0.270504 -0.0346555 
4562 -0.272619 0.0981108 
4563 -0.274243 0.230471 
4564 -0.157998 -0.165159 
4565 -0.159781 -0.0326755 
4566 -0.161239 0.099775 
4567 -0.163404 0.232062 
4568 -0.0476208 -0.163429 
4569 -0.0497609 -0.0311478 
4570 -0.0513967 0.100419 
4571 -0.0531725 0.232149 
4572 0.0618749 -0.161579 
4573 0.0605224 -0.0300051 
4574 0.0579752 0.101344 
4575 0.0564959 0.233245 
4576 0.170982 -0.159683 
4577 0.169283 -0.0284387 
4578 0.167892 0.10286 
4579 0.165275 0.23397 
4580 -0.261978 -0.160496 
4581 -0.263604 -0.0362224 
4582 -0.26548 0.0883639 
4583 -0.267243 0.212873 
4584 -0.158192 -0.158267 
4585 -0.160136 -0.0337148 
4586 -0.161926 0.0895071 
4587 -0.163443 0.213302 
4588 -0.0544472 -0.156155 
4589 -0.0567641 -0.0326094 
4590 -0.0580388 0.090765 
4591 -0.0604043 0.213901 
4592 0.0479975 -0.154119 
4593 0.0459493 -0.0307783 
4594 0.0441139 0.0927252 
4595 0.0421847 0.215553 
4596 0.150595 -0.15173 
4597 0.147999 -0.0293704 
4598 0.146538 0.0936624 
4599 0.144 0.216559 
4600 -0.255684 -0.15395 
4601 -0.257504 -0.0366656 
4602 -0.259743 0.0794125 
4603 -0.262356 0.196947 
4604 -0.157782 -0.15165 
4605 -0.159783 -0.0356251 
4606 -0.162212 0.081723 
4607 -0.16457 0.197751 
4608 -0.0601757 -0.149137 
4609 -0.0631383 -0.0334219 
4610 -0.0649199 0.0825813 
4611 -0.0665517 0.198345 
4612 0.035817 -0.147573 
4613 0.0337863 -0.0316007 
4614 0.0314667 0.0843047 
4615 0.0299209 0.199479 
4616 0.132102 -0.145006 
4617 0.129743 -0.0296441 
4618 0.127565 0.0860526 
4619 0.125813 0.201391 
4620 -0.250768 -0.147995 
4621 -0.25323 -0.0384752 
4622 -0.255483 0.0719808 
4623 -0.257395 0.182966 
4624 -0.158556 -0.145749 
4625 -0.16079 -0.0361069 
4626 -0.162938 0.0736333 
4627 -0.165444 0.183685 
4628 -0.066243 -0.14388 
4629 -0.0689126 -0.0337855 
4630 -0.0706613 0.07594 
4631 -0.0726898 0.184677 
4632 0.0254108 -0.141255 
4633 0.0227195 -0.0317684 
4634 0.0199851 0.0769457 
4635 0.0176596 0.18668 
4636 0.115381 -0.138723 
4637 0.113236 -0.0300348 
4638 0.111106 0.0793993 
4639 0.108045 0.187301 
4640 -0.246641 -0.143585 
4641 -0.248688 -0.038482 
4642 -0.251141 0.0664011 
4643 -0.253129 0.170576 
4644 -0.15803 -0.140104 
4645 -0.161235 -0.0365124 
4646 -0.162939 0.0682092 
4647 -0.165538 0.17211 
4648 -0.0710304 -0.138217 
4649 -0.0742516 -0.0345107 
4650 -0.0760747 0.0697196 
4651 -0.078703 0.173223 
4652 0.0145342 -0.135022 
4653 0.0125715 -0.0321441 
4654 0.0101429 0.071162 
4655 0.0076859 0.174261 
4656 0.100796 -0.132739 
4657 0.0980644 -0.0300107 
4658 0.0956221 0.0731414 
4659 0.0931329 0.175736 
4660 -0.242606 -0.138564 
4661 -0.24471 -0.0391456 
4662 -0.247472 0.0601444 
4663 -0.250558 0.15968 
4664 -0.159419 -0.135075 
4665 -0.16202 -0.0360605 
4666 -0.16414 0.0622783 
4667 -0.166511 0.161466 
4668 -0.0764923 -0.13259 
4669 -0.0794978 -0.034227 
4670 -0.081558 0.0645276 
4671 -0.0847178 0.162962 
4672 0.00577103 -0.130258 
4673 0.00324547 -0.0315547 
4674 0.000669175 0.0664393 
4675 -0.00216153 0.16367 
4676 0.0867722 -0.127019 
4677 0.0843941 -0.0297043 
4678 0.0818577 0.0685557 
4679 0.0782976 0.165492 
4680 -0.239154 -0.132949 
4681 -0.242275 -0.0387956 
4682 -0.244328 0.0558602 
4683 -0.247073 0.149873 
4684 -0.159865 -0.130049 
4685 -0.162384 -0.036368 
4686 -0.16558 0.0576942 
4687 -0.167637 0.151687 
4688 -0.0810494 -0.127719 
4689 -0.0839103 -0.033719 
4690 -0.0864887 0.0596742 
4691 -0.0893459 0.153657 
4692 -0.00315387 -0.124901 
4693 -0.00582203 -0.0318275 
4694 -0.00865032 0.0620834 
4695 -0.0112779 0.155279 
4696 0.0737393 -0.122259 
4697 0.0716453 -0.02946 
4698 0.0681832 0.063355 
4699 0.0662066 0.156158 
4700 -0.235975 -0.129048 
4701 -0.238787 -0.0386647 
4702 -0.242312 0.0514723 
4703 -0.244494 0.142184 
4704 -0.160329 -0.125597 
4705 -0.163551 -0.0358227 
4706 -0.166064 0.0539522 
4707 -0.16927 0.143812 
4708 -0.0855524 -0.12283 
4709 -0.08797 -0.032935 
4710 -0.0913923 0.0556915 
4711 -0.0941685 0.145682 
4712 -0.0107592 -0.119503 
4713 -0.0136533 -0.0308755 
4714 -0.0168961 0.0578305 
4715 -0.0199528 0.146877 
4716 0.0622607 -0.116457 
4717 0.0601891 -0.0287451 
4718 0.057231 0.060554 
4719 0.0537154 0.149069 
4720 -0.23371 -0.124027 
4721 -0.237256 -0.0384957 
4722 -0.240084 0.0485534 
4723 -0.243398 0.134422 
4724 -0.161873 -0.121405 
4725 -0.164801 -0.0352317 
4726 -0.167622 0.0498745 
4727 -0.169968 0.13578 
4728 -0.089454 -0.117789 
4729 -0.0923648 -0.0325639 
4730 -0.0954163 0.0528837 
4731 -0.0986338 0.137578 
4732 -0.0185572 -0.115079 
4733 -0.0217306 -0.0301951 
4734 -0.0247822 0.054765 
4735 -0.0274516 0.140137 
4736 0.0516238 -0.112533 
4737 0.0488881 -0.0278459 
4738 0.04578 0.0568842 
4739 0.042563 0.141806 
4740 -0.231967 -0.119727 
4741 -0.235209 -0.037264 
4742 -0.238611 0.0454141 
4743 -0.241507 0.127757 
4744 -0.162567 -0.116533 
4745 -0.165934 -0.0344723 
4746 -0.168632 0.04718 
4747 -0.171823 0.129392 
4748 -0.0933311 -0.113551 
4749 -0.0968603 -0.0321231 
4750 -0.099655 0.0494168 
4751 -0.103147 0.131098 
4752 -0.0256356 -0.11095 
4753 -0.0283451 -0.0289455 
4754 -0.0316331 0.0525378 
4755 -0.0352433 0.133341 
4756 0.0415449 -0.107174 
4757 0.038467 -0.0262484 
4758 0.0355639 0.0538743 
4759 0.0326103 0.135566 
4760 -0.230117 -0.116131 
4761 -0.233264 -0.0368332 
4762 -0.237147 0.0428792 
4763 -0.239485 0.121869 
4764 -0.163235 -0.112862 
4765 -0.166444 -0.0341692 
4766 -0.169628 0.0445954 
4767 -0.172925 0.124265 
4768 -0.0972693 -0.109913 
4769 -0.100702 -0.0313634 
4770 -0.104224 0.0475386 
4771 -0.106633 0.125604 
4772 -0.0325735 -0.106307 
4773 -0.0353431 -0.0280681 
4774 -0.0383998 0.0496248 
4775 -0.0415085 0.128111 
4776 0.0329314 -0.103586 
4777 0.0289622 -0.0251136 
4778 0.0258599 0.0522719 
4779 0.0234649 0.129967 
4780 -0.22905 -0.111844 
4781 -0.2326 -0.0358626 
4782 -0.235819 0.0399558 
4783 -0.238417 0.116464 
4784 -0.164868 -0.108778 
4785 -0.167587 -0.0330095 
4786 -0.171445 0.0424582 
4787 -0.174218 0.118358 
4788 -0.101245 -0.104999 
4789 -0.104306 -0.0298588 
4790 -0.107825 0.0456868 
4791 -0.111103 0.120969 
4792 -0.0385151 -0.102735 
4793 -0.0419845 -0.0269129 
4794 -0.0448797 0.0476877 
4795 -0.0485548 0.122888 
4796 0.0241142 -0.099156 
4797 0.0207852 -0.0245814 
4798 0.0172859 0.0499407 
4799 0.0145311 0.125022 
4800 -0.228131 -0.108368 
4801 -0.23083 -0.0347197 
4802 -0.234371 0.0382503 
4803 -0.237543 0.111932 
4804 -0.165588 -0.105164 
4805 -0.169619 -0.0317701 
4806 -0.172395 0.0413709 
4807 -0.176199 0.114195 
4808 -0.105155 -0.10149 
4809 -0.107816 -0.029047 
4810 -0.111716 0.0434384 
4811 -0.114659 0.116427 
4812 -0.0445684 -0.097816 
4813 -0.0478085 -0.0256004 
4814 -0.0511333 0.0461079 
4815 -0.0546727 0.118889 
4816 0.0149656 -0.0947251 
4817 0.0118738 -0.0230411 
4818 0.00881734 0.0487854 
4819 0.00571656 0.120928 
4820 -0.226805 -0.104545 
4821 -0.23074 -0.0339641 
4822 -0.233894 0.0371648 
4823 -0.237621 0.107785 
4824 -0.167686 -0.101142 
4825 -0.170978 -0.0306929 
4826 -0.173811 0.0403562 
4827 -0.177608 0.110377 
4828 -0.108512 -0.0971664 
4829 -0.111312 -0.0272997 
4830 -0.114875 0.0419855 
4831 -0.118886 0.112243 
4832 -0.0499577 -0.0943703 
4833 -0.0530455 -0.0244959 
4834 -0.0569469 0.0445807 
4835 -0.0597543 0.11441 
4836 0.00731511 -0.0908333 
4837 0.00416863 -0.0216675 
4838 0.000812763 0.0478038 
4839 -0.00266943 0.116742 
4840 -0.226536 -0.100706 
4841 -0.229435 -0.0325391 
4842 -0.23346 0.0361338 
4843 -0.236821 0.104311 
4844 -0.169248 -0.0966038 
4845 -0.172568 -0.0288352 
4846 -0.175655 0.0385755 
4847 -0.178617 0.106899 
4848 -0.1118 -0.0931772 
4849 -0.114818 -0.0262181 
4850 -0.118413 0.0416363 
4851 -0.122308 0.109091 
4852 -0.0554364 -0.0902242 
4853 -0.0593748 -0.0229027 
4854 -0.0623513 0.0444129 
4855 -0.0651781 0.110855 
4856 0.000324274 -0.0865808 
4857 -0.00302819 -0.0199614 
4858 -0.00635937 0.0464125 
4859 -0.00981861 0.113273 
