55825 -0.333437 -0.249933 
55826 -0.33329 -0.0832519 
55827 -0.333304 0.0834062 
55828 -0.33344 0.25014 
55829 -0.333362 0.416778 
55830 -0.166821 -0.250078 
55831 -0.166624 -0.0833175 
55832 -0.166727 0.0833285 
55833 -0.166682 0.249886 
55834 -0.166677 0.416746 
55835 7.07494e-05 -0.250052 
55836 2.7785e-05 -0.0832591 
55837 -3.93683e-05 0.0832711 
55838 -8.34049e-06 0.249973 
55839 -5.13747e-05 0.416695 
55840 0.16675 -0.249932 
55841 0.16666 -0.0832803 
55842 0.166667 0.0832449 
55843 0.166589 0.25004 
55844 0.166734 0.416725 
55845 0.333344 -0.250124 
55846 0.333292 -0.0832925 
55847 0.333333 0.0832843 
55848 0.33341 0.249917 
55849 0.333279 0.416622 
55850 -0.333519 -0.250327 
55851 -0.333779 -0.0842822 
55852 -0.334102 0.0816751 
55853 -0.334335 0.247503 
55854 -0.334685 0.413242 
55855 -0.167395 -0.249908 
55856 -0.167814 -0.0839912 
55857 -0.1682 0.0820215 
55858 -0.168551 0.247829 
55859 -0.168873 0.413535 
55860 -0.00139006 -0.249386 
55861 -0.00190204 -0.0834858 
55862 -0.00221142 0.0822769 
55863 -0.00267004 0.248027 
55864 -0.00315491 0.413866 
55865 0.164363 -0.248957 
55866 0.164063 -0.0831731 
55867 0.163556 0.0827845 
55868 0.163134 0.248485 
55869 0.162619 0.413999 
55870 0.330094 -0.248378 
55871 0.329598 -0.0826845 
55872 0.329163 0.0830441 
55873 0.328562 0.248675 
55874 0.328307 0.414264 
55875 -0.333588 -0.2507 
55876 -0.334314 -0.0852053 
55877 -0.334897 0.0801547 
55878 -0.335507 0.245174 
55879 -0.336373 0.41022 
55880 -0.16803 -0.249747 
55881 -0.168599 -0.0843677 
55882 -0.169535 0.0807494 
55883 -0.170278 0.245758 
55884 -0.171014 0.410775 
55885 -0.002745 -0.248712 
55886 -0.00359859 -0.083495 
55887 -0.00436551 0.0814524 
55888 -0.005256 0.246398 
55889 -0.00607982 0.411093 
55890 0.162213 -0.247676 
55891 0.161279 -0.0826656 
55892 0.1604 0.0822957 
55893 0.159542 0.247115 
55894 0.158742 0.41168 
55895 0.326917 -0.246613 
55896 0.326051 -0.081681 
55897 0.325063 0.0829625 
55898 0.324079 0.247669 
55899 0.323257 0.412133 
55900 -0.333665 -0.250863 
55901 -0.334777 -0.0861745 
55902 -0.33572 0.0785401 
55903 -0.33681 0.242995 
55904 -0.337933 0.407296 
55905 -0.16886 -0.24927 
55906 -0.169751 -0.0849228 
55907 -0.170896 0.0795003 
55908 -0.172181 0.244044 
55909 -0.1733 0.407989 
55910 -0.00417078 -0.247927 
55911 -0.00529019 -0.0834366 
55912 -0.00654973 0.0807098 
55913 -0.00794377 0.244804 
55914 -0.00897955 0.408737 
55915 0.159914 -0.246404 
55916 0.158652 -0.0821244 
55917 0.157342 0.0818213 
55918 0.156014 0.245722 
55919 0.154697 0.40929 
55920 0.323679 -0.244817 
55921 0.322269 -0.0807583 
55922 0.32105 0.0830327 
55923 0.319587 0.246567 
55924 0.318202 0.409948 
55925 -0.333688 -0.250858 
55926 -0.335134 -0.0868251 
55927 -0.336675 0.0772009 
55928 -0.338057 0.240994 
55929 -0.339566 0.404515 
55930 -0.169441 -0.248807 
55931 -0.171113 -0.0851002 
55932 -0.172419 0.0785995 
55933 -0.174017 0.242157 
55934 -0.175373 0.405627 
55935 -0.00561218 -0.246767 
55936 -0.00720826 -0.0833133 
55937 -0.00883011 0.0800667 
55938 -0.0105014 0.243412 
55939 -0.0120591 0.406446 
55940 0.157677 -0.244861 
55941 0.155966 -0.0814303 
55942 0.154364 0.0816681 
55943 0.152663 0.244441 
55944 0.150983 0.407366 
55945 0.320226 -0.24279 
55946 0.318584 -0.0796938 
55947 0.316737 0.0830287 
55948 0.315033 0.245915 
55949 0.313247 0.408122 
55950 -0.333918 -0.250798 
55951 -0.335893 -0.0873223 
55952 -0.337538 0.0760171 
55953 -0.339389 0.239101 
55954 -0.341129 0.401915 
55955 -0.170119 -0.248445 
55956 -0.172005 -0.085027 
55957 -0.17374 0.0778271 
55958 -0.175954 0.2406 
55959 -0.177635 0.403161 
55960 -0.0070033 -0.245886 
55961 -0.00909487 -0.0828726 
55962 -0.011023 0.0796476 
55963 -0.0129503 0.242055 
55964 -0.015067 0.40428 
55965 0.15536 -0.243265 
55966 0.153274 -0.0807578 
55967 0.151281 0.0814581 
55968 0.149084 0.2437 
55969 0.146839 0.405514 
55970 0.317226 -0.24068 
55971 0.314968 -0.0785905 
55972 0.312701 0.0833483 
55973 0.310615 0.245129 
55974 0.308318 0.40658 
55975 -0.33392 -0.25066 
55976 -0.336242 -0.0878112 
55977 -0.338444 0.0748833 
55978 -0.340678 0.237436 
55979 -0.342761 0.399556 
55980 -0.170784 -0.247586 
55981 -0.173029 -0.0852208 
55982 -0.175485 0.0771906 
55983 -0.177763 0.239211 
55984 -0.179966 0.400869 
55985 -0.00840142 -0.244583 
55986 -0.0108025 -0.0824334 
55987 -0.0132557 0.0794147 
55988 -0.0157052 0.240982 
55989 -0.0181126 0.402252 
55990 0.153186 -0.241606 
55991 0.150634 -0.0798375 
55992 0.148063 0.0814902 
55993 0.145534 0.242691 
55994 0.143019 0.403731 
55995 0.314083 -0.238391 
55996 0.311332 -0.0773106 
55997 0.308774 0.0837195 
55998 0.306021 0.244647 
55999 0.30339 0.405069 
56000 -0.334223 -0.25041 
56001 -0.336721 -0.0879904 
56002 -0.339269 0.0739317 
56003 -0.341933 0.235662 
56004 -0.34452 0.397145 
56005 -0.171389 -0.246765 
56006 -0.174182 -0.0849557 
56007 -0.177083 0.0764933 
56008 -0.17958 0.237764 
56009 -0.182383 0.398864 
56010 -0.0097657 -0.243112 
56011 -0.0125952 -0.0818704 
56012 -0.0153371 0.0790802 
56013 -0.0184254 0.24001 
56014 -0.0212637 0.400491 
56015 0.150906 -0.239538 
56016 0.148063 -0.0787978 
56017 0.145026 0.0817334 
56018 0.142118 0.242123 
56019 0.139168 0.402198 
56020 0.31073 -0.236142 
56021 0.307629 -0.0756704 
56022 0.304822 0.0842986 
56023 0.301644 0.24424 
56024 0.298443 0.403842 
56025 -0.334368 -0.249889 
56026 -0.337192 -0.0883024 
56027 -0.34034 0.073111 
56028 -0.343315 0.234186 
56029 -0.346331 0.395036 
56030 -0.172179 -0.24579 
56031 -0.175241 -0.0847062 
56032 -0.178389 0.0760883 
56033 -0.181411 0.236641 
56034 -0.184564 0.397103 
56035 -0.0110069 -0.241761 
56036 -0.0144068 -0.0812469 
56037 -0.0175562 0.0790044 
56038 -0.02091 0.239106 
56039 -0.0241238 0.398927 
56040 0.148798 -0.237734 
56041 0.145504 -0.0776699 
56042 0.142002 0.0819937 
56043 0.138832 0.241663 
56044 0.135361 0.400762 
56045 0.307662 -0.233595 
56046 0.304221 -0.074273 
56047 0.300733 0.0850497 
56048 0.297364 0.243928 
56049 0.293844 0.402611 
56050 -0.334463 -0.249221 
56051 -0.337701 -0.088362 
56052 -0.341338 0.0722765 
56053 -0.344824 0.23286 
56054 -0.348181 0.393175 
56055 -0.17275 -0.244738 
56056 -0.176428 -0.0843412 
56057 -0.17996 0.0756662 
56058 -0.183479 0.235619 
56059 -0.186916 0.395224 
56060 -0.0125897 -0.240076 
56061 -0.0162051 -0.0804386 
56062 -0.0197887 0.0791766 
56063 -0.0235147 0.238423 
56064 -0.0271554 0.397418 
56065 0.146497 -0.235664 
56066 0.142845 -0.0764967 
56067 0.139021 0.0824767 
56068 0.135364 0.241165 
56069 0.131511 0.399659 
56070 0.30433 -0.231083 
56071 0.30058 -0.0724781 
56072 0.29673 0.0858964 
56073 0.292835 0.243814 
56074 0.289074 0.401781 
56075 -0.334459 -0.24859 
56076 -0.338249 -0.0882729 
56077 -0.342272 0.0718273 
56078 -0.345916 0.231769 
56079 -0.349845 0.391308 
56080 -0.173517 -0.243537 
56081 -0.177651 -0.0838455 
56082 -0.181402 0.0755831 
56083 -0.185362 0.234719 
56084 -0.189323 0.393711 
56085 -0.0139006 -0.23836 
56086 -0.018148 -0.0794587 
56087 -0.0220303 0.0793408 
56088 -0.0261171 0.237804 
56089 -0.0302345 0.396182 
56090 0.144319 -0.233417 
56091 0.140206 -0.0752495 
56092 0.136045 0.082964 
56093 0.13183 0.240912 
56094 0.127684 0.398572 
56095 0.301304 -0.22838 
56096 0.297211 -0.0707515 
56097 0.292757 0.0865204 
56098 0.2886 0.243902 
56099 0.284393 0.400888 
56100 -0.334717 -0.247771 
56101 -0.338934 -0.0880346 
56102 -0.343181 0.0713514 
56103 -0.347382 0.230702 
56104 -0.351718 0.389635 
56105 -0.174362 -0.242179 
56106 -0.178642 -0.0831922 
56107 -0.18307 0.0754754 
56108 -0.187311 0.23408 
56109 -0.191609 0.392348 
56110 -0.0152671 -0.236624 
56111 -0.0198443 -0.0783212 
56112 -0.0242843 0.0796068 
56113 -0.028676 0.237354 
56114 -0.0330841 0.394921 
56115 0.142058 -0.231056 
56116 0.13753 -0.0735056 
56117 0.132969 0.0836337 
56118 0.128575 0.240651 
56119 0.123907 0.397556 
56120 0.298243 -0.225614 
56121 0.293531 -0.0689029 
56122 0.288943 0.0874658 
56123 0.284376 0.243953 
56124 0.279697 0.400118 
56125 -0.334736 -0.246792 
56126 -0.339437 -0.0877471 
56127 -0.344152 0.0709843 
56128 -0.348798 0.229802 
56129 -0.353503 0.388183 
56130 -0.174999 -0.240793 
56131 -0.179935 -0.0824302 
56132 -0.184552 0.0755619 
56133 -0.189261 0.233527 
56134 -0.194022 0.391032 
56135 -0.016827 -0.234714 
56136 -0.0216339 -0.0771038 
56137 -0.0264814 0.080026 
56138 -0.0312948 0.237066 
56139 -0.0362448 0.393917 
56140 0.13974 -0.228843 
56141 0.134929 -0.0720172 
56142 0.130119 0.0844155 
56143 0.12505 0.240727 
56144 0.120337 0.396805 
56145 0.294908 -0.222919 
56146 0.290054 -0.0670092 
56147 0.285147 0.0888118 
56148 0.280087 0.244387 
56149 0.275075 0.399662 
56150 -0.335061 -0.245497 
56151 -0.340216 -0.0873056 
56152 -0.345145 0.0709458 
56153 -0.350213 0.228974 
56154 -0.355193 0.386884 
56155 -0.17567 -0.239267 
56156 -0.180962 -0.0816264 
56157 -0.186227 0.0757219 
56158 -0.191087 0.232888 
56159 -0.196342 0.389943 
56160 -0.0182299 -0.232713 
56161 -0.0234068 -0.0761569 
56162 -0.0286658 0.0804938 
56163 -0.0339605 0.236934 
56164 -0.0390739 0.393158 
56165 0.137591 -0.226382 
56166 0.132336 -0.0703639 
56167 0.127091 0.0853771 
56168 0.121781 0.240949 
56169 0.11666 0.396183 
56170 0.291758 -0.219882 
56171 0.286527 -0.0648832 
56172 0.281117 0.0899893 
56173 0.275704 0.244771 
56174 0.27056 0.39928 
56175 -0.335039 -0.244485 
56176 -0.340542 -0.0867615 
56177 -0.346215 0.0709091 
56178 -0.351638 0.228373 
56179 -0.357111 0.385687 
56180 -0.176497 -0.23764 
56181 -0.182116 -0.080649 
56182 -0.18754 0.0761179 
56183 -0.193085 0.232648 
56184 -0.198584 0.388945 
56185 -0.0196532 -0.230509 
56186 -0.0252311 -0.0746718 
56187 -0.030803 0.0811847 
56188 -0.0365262 0.236888 
56189 -0.041883 0.392505 
56190 0.135438 -0.223473 
56191 0.129766 -0.0685726 
56192 0.124124 0.0864006 
56193 0.118527 0.241131 
56194 0.112973 0.39577 
56195 0.288673 -0.216817 
56196 0.282957 -0.0626455 
56197 0.27734 0.0913263 
56198 0.271625 0.245133 
56199 0.266132 0.399081 
56200 -0.335188 -0.243294 
56201 -0.341143 -0.0860692 
56202 -0.347199 0.0710293 
56203 -0.353068 0.227734 
56204 -0.358956 0.384697 
56205 -0.177091 -0.235734 
56206 -0.183183 -0.0795989 
56207 -0.189058 0.0764621 
56208 -0.195104 0.232358 
56209 -0.201008 0.388258 
56210 -0.0210524 -0.228402 
56211 -0.0269076 -0.0731245 
56212 -0.0330633 0.0819306 
56213 -0.0389415 0.236893 
56214 -0.0449185 0.391936 
56215 0.133048 -0.221048 
56216 0.127262 -0.0667554 
56217 0.121194 0.0874113 
56218 0.115266 0.241416 
56219 0.109163 0.395303 
56220 0.28559 -0.213835 
56221 0.279485 -0.0605324 
56222 0.273566 0.092755 
56223 0.26757 0.245861 
56224 0.261576 0.398793 
56225 -0.335448 -0.241649 
56226 -0.341717 -0.0852892 
56227 -0.348053 0.0712579 
56228 -0.354574 0.227541 
56229 -0.36083 0.383728 
56230 -0.178036 -0.233887 
56231 -0.184412 -0.0783776 
56232 -0.1906 0.0770872 
56233 -0.197018 0.232319 
56234 -0.203246 0.387545 
56235 -0.0226682 -0.225951 
56236 -0.0288883 -0.0716135 
56237 -0.0352652 0.0827815 
56238 -0.0414459 0.237166 
56239 -0.0479296 0.391347 
56240 0.130872 -0.218308 
56241 0.124481 -0.0647871 
56242 0.118273 0.0885937 
56243 0.111916 0.241956 
56244 0.10572 0.395142 
56245 0.282312 -0.210729 
56246 0.27598 -0.0581838 
56247 0.269699 0.0941903 
56248 0.263523 0.246615 
56249 0.257224 0.398829 
56250 -0.335702 -0.240147 
56251 -0.342288 -0.0843649 
56252 -0.349156 0.0714444 
56253 -0.355911 0.227295 
56254 -0.362682 0.383099 
56255 -0.178736 -0.231765 
56256 -0.185521 -0.0772406 
56257 -0.192182 0.0777074 
56258 -0.198924 0.232338 
56259 -0.205674 0.387135 
56260 -0.0241449 -0.223619 
56261 -0.0306556 -0.069792 
56262 -0.0374425 0.0837261 
56263 -0.0439223 0.237434 
56264 -0.0505735 0.391154 
56265 0.128619 -0.215459 
56266 0.121971 -0.0628119 
56267 0.115304 0.0897214 
56268 0.108716 0.242488 
56269 0.102085 0.395047 
56270 0.279068 -0.207344 
56271 0.27265 -0.0558123 
56272 0.265936 0.0957859 
56273 0.259424 0.247362 
56274 0.25279 0.39896 
56275 -0.335836 -0.238449 
56276 -0.343017 -0.0833268 
56277 -0.35023 0.0720119 
56278 -0.357369 0.227303 
56279 -0.364497 0.382622 
56280 -0.179648 -0.22966 
56281 -0.186647 -0.0755713 
56282 -0.193763 0.0785176 
56283 -0.200869 0.232554 
56284 -0.207829 0.38681 
56285 -0.0255812 -0.220997 
56286 -0.0324979 -0.068134 
56287 -0.0396327 0.0848563 
56288 -0.0464102 0.237912 
56289 -0.0535658 0.390976 
56290 0.126209 -0.212617 
56291 0.11941 -0.060631 
56292 0.11247 0.0910743 
56293 0.105531 0.242987 
56294 0.0987384 0.395136 
56295 0.275988 -0.204091 
56296 0.269096 -0.0533469 
56297 0.262311 0.0974692 
56298 0.25538 0.248202 
56299 0.248684 0.399202 
56300 -0.336325 -0.236557 
56301 -0.343717 -0.0820735 
56302 -0.351356 0.0724807 
56303 -0.358876 0.227265 
56304 -0.366457 0.382138 
56305 -0.18046 -0.227536 
56306 -0.187875 -0.074154 
56307 -0.195372 0.0791153 
56308 -0.202773 0.232927 
56309 -0.210261 0.386562 
56310 -0.0270784 -0.21843 
56311 -0.0344523 -0.0663119 
56312 -0.0416843 0.0860505 
56313 -0.0490447 0.238396 
56314 -0.0562327 0.391066 
56315 0.123895 -0.209542 
56316 0.116841 -0.0586146 
56317 0.109596 0.0925973 
56318 0.10232 0.243947 
56319 0.0951951 0.395351 
56320 0.272622 -0.200796 
56321 0.26572 -0.0508089 
56322 0.258659 0.0990988 
56323 0.251565 0.249146 
56324 0.244457 0.399431 
