55925 -0.333323 -0.249941 
55926 -0.333361 -0.0832915 
55927 -0.333408 0.0833056 
55928 -0.333365 0.249982 
55929 -0.333265 0.416643 
55930 -0.166765 -0.25004 
55931 -0.166686 -0.0834079 
55932 -0.166683 0.0833151 
55933 -0.16659 0.249883 
55934 -0.166736 0.416749 
55935 -5.78456e-05 -0.250011 
55936 6.51373e-05 -0.0833665 
55937 1.91952e-05 0.0832524 
55938 -2.04866e-05 0.249945 
55939 4.69768e-05 0.416547 
55940 0.166694 -0.250114 
55941 0.166737 -0.0834177 
55942 0.166703 0.0833112 
55943 0.166686 0.249998 
55944 0.166633 0.416573 
55945 0.333263 -0.250021 
55946 0.333361 -0.083497 
55947 0.333393 0.0832556 
55948 0.333317 0.250022 
55949 0.333304 0.416597 
55950 -0.333361 -0.249984 
55951 -0.333828 -0.0837694 
55952 -0.334219 0.0821491 
55953 -0.334562 0.247946 
55954 -0.334974 0.414086 
55955 -0.167288 -0.249274 
55956 -0.167852 -0.0833264 
55957 -0.168258 0.0823799 
55958 -0.168559 0.248319 
55959 -0.169004 0.414071 
55960 -0.00139608 -0.248793 
55961 -0.00186762 -0.0829268 
55962 -0.00222528 0.0829377 
55963 -0.00252579 0.248772 
55964 -0.00308996 0.414452 
55965 0.164384 -0.248423 
55966 0.163964 -0.0824496 
55967 0.163545 0.0831173 
55968 0.163105 0.248939 
55969 0.162571 0.41465 
55970 0.329989 -0.247841 
55971 0.329601 -0.082075 
55972 0.329148 0.0837039 
55973 0.328599 0.249293 
55974 0.328228 0.414986 
55975 -0.333419 -0.249839 
55976 -0.334166 -0.0844127 
55977 -0.335043 0.0810198 
55978 -0.335822 0.24636 
55979 -0.33673 0.411427 
55980 -0.16792 -0.248737 
55981 -0.168857 -0.0833608 
55982 -0.169615 0.0817156 
55983 -0.170468 0.246926 
55984 -0.171274 0.411996 
55985 -0.00269611 -0.247545 
55986 -0.0036588 -0.0824742 
55987 -0.0044063 0.0826252 
55988 -0.00540874 0.247668 
55989 -0.00613591 0.412447 
55990 0.162178 -0.246538 
55991 0.161326 -0.0814594 
55992 0.160313 0.083424 
55993 0.159434 0.248175 
55994 0.158587 0.413019 
55995 0.326858 -0.245554 
55996 0.325881 -0.0806271 
55997 0.324989 0.0840648 
55998 0.324164 0.248717 
55999 0.323222 0.413572 
56000 -0.333516 -0.249364 
56001 -0.334782 -0.0845679 
56002 -0.335931 0.0799871 
56003 -0.337292 0.244593 
56004 -0.338463 0.409243 
56005 -0.168657 -0.24771 
56006 -0.169789 -0.0831905 
56007 -0.171032 0.0813253 
56008 -0.172309 0.245517 
56009 -0.173635 0.409768 
56010 -0.00419369 -0.246229 
56011 -0.00535584 -0.081936 
56012 -0.00673267 0.0824881 
56013 -0.00796933 0.246549 
56014 -0.00925342 0.410747 
56015 0.159773 -0.244565 
56016 0.158621 -0.0804205 
56017 0.157293 0.0835705 
56018 0.155908 0.247525 
56019 0.154728 0.411283 
56020 0.323481 -0.242754 
56021 0.322081 -0.079228 
56022 0.320744 0.0846485 
56023 0.319421 0.248427 
56024 0.318168 0.412107 
56025 -0.333632 -0.248861 
56026 -0.335271 -0.0848773 
56027 -0.336743 0.0793237 
56028 -0.338569 0.243135 
56029 -0.340049 0.406944 
56030 -0.169354 -0.246599 
56031 -0.171027 -0.0830082 
56032 -0.1727 0.0807302 
56033 -0.174309 0.244497 
56034 -0.176005 0.407945 
56035 -0.00555915 -0.244566 
56036 -0.00722062 -0.0810526 
56037 -0.0089818 0.0822035 
56038 -0.0106207 0.245556 
56039 -0.0123505 0.408846 
56040 0.157657 -0.242467 
56041 0.155896 -0.0793127 
56042 0.154079 0.0838904 
56043 0.152471 0.246954 
56044 0.150687 0.4098 
56045 0.320214 -0.240433 
56046 0.318408 -0.0774589 
56047 0.316831 0.0854505 
56048 0.314852 0.248191 
56049 0.313154 0.410897 
56050 -0.333805 -0.2481 
56051 -0.335825 -0.0849629 
56052 -0.337836 0.0785587 
56053 -0.339829 0.24172 
56054 -0.341852 0.404901 
56055 -0.169905 -0.245529 
56056 -0.172096 -0.0824739 
56057 -0.17422 0.0804576 
56058 -0.176244 0.243423 
56059 -0.178316 0.406205 
56060 -0.00706002 -0.242989 
56061 -0.00900564 -0.0801601 
56062 -0.0111319 0.0824531 
56063 -0.0133578 0.244917 
56064 -0.0155145 0.407398 
56065 0.155391 -0.240199 
56066 0.153163 -0.0780783 
56067 0.15108 0.0843075 
56068 0.14891 0.24653 
56069 0.146812 0.408723 
56070 0.317083 -0.237604 
56071 0.314844 -0.0756095 
56072 0.312698 0.0863099 
56073 0.310338 0.248107 
56074 0.308168 0.409948 
56075 -0.333798 -0.247497 
56076 -0.336265 -0.0846769 
56077 -0.338752 0.0780306 
56078 -0.341367 0.240378 
56079 -0.343747 0.40299 
56080 -0.170684 -0.244201 
56081 -0.17313 -0.0820833 
56082 -0.175679 0.0802351 
56083 -0.178085 0.242505 
56084 -0.180754 0.40458 
56085 -0.00830461 -0.241178 
56086 -0.0108524 -0.0792041 
56087 -0.0134697 0.0825974 
56088 -0.0159622 0.244332 
56089 -0.0185288 0.406053 
56090 0.153094 -0.23792 
56091 0.150562 -0.0765415 
56092 0.147903 0.0848201 
56093 0.14553 0.24628 
56094 0.142777 0.407553 
56095 0.313731 -0.234769 
56096 0.311082 -0.073827 
56097 0.308657 0.0872439 
56098 0.30613 0.248166 
56099 0.303382 0.408948 
56100 -0.333882 -0.246335 
56101 -0.336672 -0.0845651 
56102 -0.339674 0.0774895 
56103 -0.342621 0.239331 
56104 -0.345573 0.401379 
56105 -0.171366 -0.242846 
56106 -0.174411 -0.0813921 
56107 -0.177279 0.080207 
56108 -0.180155 0.24174 
56109 -0.183027 0.403201 
56110 -0.0098113 -0.239339 
56111 -0.0126479 -0.0780659 
56112 -0.0157763 0.0828343 
56113 -0.0186121 0.244078 
56114 -0.0216521 0.404831 
56115 0.150902 -0.235665 
56116 0.147778 -0.0750141 
56117 0.144914 0.0855871 
56118 0.141933 0.246216 
56119 0.139049 0.406617 
56120 0.310543 -0.232 
56121 0.307619 -0.0717413 
56122 0.304632 0.0882855 
56123 0.301581 0.248319 
56124 0.298642 0.408513 
56125 -0.334087 -0.24567 
56126 -0.337419 -0.0842325 
56127 -0.340592 0.0772196 
56128 -0.344039 0.238529 
56129 -0.347364 0.399717 
56130 -0.17206 -0.241379 
56131 -0.175371 -0.0805892 
56132 -0.178745 0.0803016 
56133 -0.181956 0.241025 
56134 -0.185452 0.401804 
56135 -0.0112769 -0.237211 
56136 -0.0145348 -0.0769242 
56137 -0.0178574 0.0832414 
56138 -0.0211884 0.243725 
56139 -0.0246306 0.403843 
56140 0.148669 -0.233169 
56141 0.14532 -0.0734276 
56142 0.141899 0.0864152 
56143 0.138573 0.246125 
56144 0.135155 0.405937 
56145 0.307415 -0.229125 
56146 0.303926 -0.069768 
56147 0.30064 0.0894972 
56148 0.29733 0.248566 
56149 0.293919 0.407731 
56150 -0.334113 -0.244512 
56151 -0.337967 -0.0837258 
56152 -0.341596 0.0769846 
56153 -0.345308 0.237769 
56154 -0.348953 0.39848 
56155 -0.172742 -0.23966 
56156 -0.176424 -0.07954 
56157 -0.180258 0.0803953 
56158 -0.183916 0.240554 
56159 -0.187739 0.400683 
56160 -0.0126154 -0.235274 
56161 -0.0164273 -0.0755879 
56162 -0.0202747 0.0838506 
56163 -0.0237746 0.243443 
56164 -0.0275651 0.402948 
56165 0.14628 -0.230525 
56166 0.142554 -0.0716637 
56167 0.138867 0.0872806 
56168 0.135127 0.246265 
56169 0.131456 0.405234 
56170 0.304068 -0.225889 
56171 0.300356 -0.067686 
56172 0.296675 0.0906592 
56173 0.292864 0.249122 
56174 0.289258 0.407473 
56175 -0.334343 -0.243374 
56176 -0.338486 -0.0830452 
56177 -0.342561 0.0769864 
56178 -0.346839 0.237123 
56179 -0.351036 0.397287 
56180 -0.173411 -0.238106 
56181 -0.177712 -0.0787682 
56182 -0.18184 0.0808339 
56183 -0.185943 0.240363 
56184 -0.18996 0.399811 
56185 -0.013908 -0.232967 
56186 -0.0181642 -0.0741937 
56187 -0.0222347 0.0846655 
56188 -0.0265103 0.243531 
56189 -0.0304741 0.402256 
56190 0.144057 -0.22793 
56191 0.139855 -0.0697122 
56192 0.13591 0.0884585 
56193 0.131755 0.246594 
56194 0.127708 0.404607 
56195 0.300874 -0.222862 
56196 0.296703 -0.065282 
56197 0.292727 0.0921721 
56198 0.288606 0.249545 
56199 0.284613 0.407004 
56200 -0.334368 -0.241993 
56201 -0.338993 -0.0824855 
56202 -0.343611 0.0770267 
56203 -0.348279 0.236754 
56204 -0.352824 0.396332 
56205 -0.174139 -0.23621 
56206 -0.178786 -0.0775102 
56207 -0.183317 0.0813321 
56208 -0.187819 0.240155 
56209 -0.192489 0.398857 
56210 -0.015398 -0.230709 
56211 -0.0199965 -0.0725648 
56212 -0.0244332 0.0854426 
56213 -0.0290433 0.243442 
56214 -0.0335274 0.401546 
56215 0.141872 -0.22517 
56216 0.137331 -0.0676928 
56217 0.132912 0.0894638 
56218 0.128459 0.246869 
56219 0.123984 0.404189 
56220 0.29764 -0.219519 
56221 0.293195 -0.0630587 
56222 0.288898 0.0936524 
56223 0.284465 0.250377 
56224 0.280017 0.407014 
56225 -0.334587 -0.240299 
56226 -0.339564 -0.0817571 
56227 -0.344657 0.0773659 
56228 -0.349624 0.236354 
56229 -0.354666 0.395237 
56230 -0.1748 -0.234053 
56231 -0.180002 -0.0760942 
56232 -0.184837 0.0817816 
56233 -0.189842 0.239911 
56234 -0.19482 0.398476 
56235 -0.016964 -0.228171 
56236 -0.0219015 -0.0709849 
56237 -0.0266544 0.0863357 
56238 -0.0317322 0.243723 
56239 -0.0364306 0.40117 
56240 0.139577 -0.222184 
56241 0.134665 -0.0658285 
56242 0.130054 0.0906302 
56243 0.125155 0.247361 
56244 0.120261 0.404046 
56245 0.294398 -0.216248 
56246 0.289632 -0.0606054 
56247 0.284928 0.0952103 
56248 0.280238 0.251059 
56249 0.275511 0.406916 
56250 -0.334669 -0.238688 
56251 -0.340121 -0.0806696 
56252 -0.34558 0.0776308 
56253 -0.351069 0.236078 
56254 -0.356542 0.394612 
56255 -0.17565 -0.23205 
56256 -0.181094 -0.0748113 
56257 -0.186452 0.0825689 
56258 -0.191817 0.240152 
56259 -0.197237 0.397759 
56260 -0.0183395 -0.225609 
56261 -0.0236253 -0.0691231 
56262 -0.029154 0.0873342 
56263 -0.0341991 0.244161 
56264 -0.0393792 0.400968 
56265 0.137152 -0.219284 
56266 0.132038 -0.0637347 
56267 0.126972 0.0921254 
56268 0.121805 0.248058 
56269 0.116641 0.404104 
56270 0.291236 -0.213 
56271 0.286163 -0.0581606 
56272 0.281068 0.0967675 
56273 0.276144 0.251867 
56274 0.271073 0.407089 
56275 -0.335005 -0.236871 
56276 -0.340782 -0.0795555 
56277 -0.346629 0.0782176 
56278 -0.352404 0.235947 
56279 -0.358301 0.394092 
56280 -0.176557 -0.230069 
56281 -0.182287 -0.0732925 
56282 -0.187896 0.0832364 
56283 -0.193724 0.240381 
56284 -0.199537 0.397466 
56285 -0.0199128 -0.222969 
56286 -0.025514 -0.0674458 
56287 -0.0310591 0.0885495 
56288 -0.0366128 0.244437 
56289 -0.0422087 0.4008 
56290 0.134778 -0.216236 
56291 0.129493 -0.0614975 
56292 0.12406 0.093568 
56293 0.118639 0.248723 
56294 0.113076 0.403991 
56295 0.287995 -0.209471 
56296 0.282643 -0.055607 
56297 0.277312 0.0985548 
56298 0.271912 0.252905 
56299 0.266605 0.407325 
56300 -0.33505 -0.235008 
56301 -0.341338 -0.0783222 
56302 -0.347524 0.0787294 
56303 -0.353936 0.235986 
56304 -0.360276 0.393704 
56305 -0.177267 -0.227751 
56306 -0.18345 -0.0718046 
56307 -0.189537 0.0841941 
56308 -0.195687 0.240718 
56309 -0.201663 0.39722 
56310 -0.0214962 -0.220326 
56311 -0.0275024 -0.0654718 
56312 -0.0332591 0.0897046 
56313 -0.039174 0.245146 
56314 -0.0451978 0.400744 
56315 0.132568 -0.213151 
56316 0.126852 -0.0593217 
56317 0.120987 0.0949961 
56318 0.115283 0.249443 
56319 0.10953 0.404189 
56320 0.284803 -0.205971 
56321 0.279141 -0.0530302 
56322 0.273574 0.100234 
56323 0.267948 0.253886 
56324 0.262239 0.407589 
56325 -0.335175 -0.23305 
56326 -0.34197 -0.076961 
56327 -0.348765 0.079499 
56328 -0.35537 0.236197 
56329 -0.361982 0.393254 
56330 -0.178133 -0.2253 
56331 -0.184657 -0.0701351 
56332 -0.191062 0.0852641 
56333 -0.197522 0.240924 
56334 -0.204085 0.397051 
56335 -0.0228628 -0.217631 
56336 -0.0292957 -0.0634596 
56337 -0.0354274 0.0908942 
56338 -0.0417085 0.245764 
56339 -0.0479631 0.400868 
56340 0.130241 -0.210015 
56341 0.12424 -0.0568282 
56342 0.118183 0.096644 
56343 0.112083 0.25033 
56344 0.105828 0.404526 
56345 0.281496 -0.202415 
56346 0.275631 -0.0503918 
56347 0.269794 0.102128 
56348 0.264066 0.255048 
56349 0.257998 0.407952 
56350 -0.335565 -0.230819 
56351 -0.342697 -0.07547 
56352 -0.349742 0.0803183 
56353 -0.356628 0.236565 
56354 -0.363952 0.393222 
56355 -0.178933 -0.222744 
56356 -0.185826 -0.0684511 
56357 -0.19242 0.0862264 
56358 -0.199378 0.241576 
56359 -0.206326 0.397081 
56360 -0.0246803 -0.214708 
56361 -0.0310924 -0.0614424 
56362 -0.0376939 0.0923302 
56363 -0.0442653 0.246342 
56364 -0.0508001 0.401245 
56365 0.127964 -0.20684 
56366 0.121503 -0.0544435 
56367 0.115323 0.0982609 
56368 0.108981 0.251414 
56369 0.102687 0.40499 
56370 0.278244 -0.198899 
56371 0.272163 -0.0474412 
56372 0.265996 0.104153 
56373 0.25998 0.256293 
56374 0.253811 0.408647 
56375 -0.335887 -0.228619 
56376 -0.343293 -0.0741004 
56377 -0.350872 0.0813646 
56378 -0.358271 0.237047 
56379 -0.365782 0.393253 
56380 -0.179871 -0.220296 
56381 -0.186805 -0.0666195 
56382 -0.194188 0.0875914 
56383 -0.201351 0.242144 
56384 -0.208501 0.397345 
56385 -0.0260971 -0.211788 
56386 -0.0329826 -0.0592168 
56387 -0.0397646 0.0937788 
56388 -0.0466933 0.247339 
56389 -0.0535317 0.401436 
56390 0.125582 -0.203458 
56391 0.11891 -0.052021 
56392 0.112478 0.0999082 
56393 0.105912 0.252441 
56394 0.0991471 0.405342 
56395 0.275008 -0.195187 
56396 0.268736 -0.0448241 
56397 0.26239 0.106108 
56398 0.256084 0.257426 
56399 0.249573 0.409244 
56400 -0.336031 -0.226612 
56401 -0.343903 -0.0724209 
56402 -0.35176 0.0823798 
56403 -0.359645 0.237536 
56404 -0.367592 0.393473 
56405 -0.180832 -0.217622 
56406 -0.188134 -0.0646936 
56407 -0.195622 0.0889079 
56408 -0.203118 0.24293 
56409 -0.210763 0.397527 
56410 -0.027649 -0.208691 
56411 -0.0348008 -0.0568715 
56412 -0.0419 0.0954612 
56413 -0.0491735 0.248309 
56414 -0.0562108 0.401732 
56415 0.123146 -0.200061 
56416 0.116373 -0.0494355 
56417 0.109551 0.101807 
56418 0.102713 0.253551 
56419 0.0957817 0.405954 
56420 0.271744 -0.191762 
56421 0.265349 -0.0420174 
56422 0.258624 0.108152 
56423 0.252278 0.258797 
56424 0.245665 0.409918 
