56175 -0.33328 -0.249982 
56176 -0.33335 -0.0833017 
56177 -0.33322 0.083319 
56178 -0.33333 0.250009 
56179 -0.333429 0.416781 
56180 -0.166662 -0.250003 
56181 -0.16671 -0.0832781 
56182 -0.166663 0.0833419 
56183 -0.166603 0.24994 
56184 -0.166577 0.41665 
56185 8.73642e-07 -0.250014 
56186 -5.56247e-05 -0.0834174 
56187 1.49736e-05 0.0833257 
56188 -2.69548e-05 0.250074 
56189 -4.88068e-05 0.416614 
56190 0.166639 -0.25003 
56191 0.166619 -0.0833476 
56192 0.166651 0.0833531 
56193 0.166836 0.249983 
56194 0.166777 0.416817 
56195 0.333314 -0.249974 
56196 0.333345 -0.0834344 
56197 0.333323 0.0832204 
56198 0.333264 0.250047 
56199 0.333327 0.416845 
56200 -0.333513 -0.248509 
56201 -0.333717 -0.0823945 
56202 -0.334218 0.0833934 
56203 -0.334782 0.249502 
56204 -0.33512 0.415564 
56205 -0.167101 -0.247952 
56206 -0.167871 -0.081982 
56207 -0.168218 0.0839286 
56208 -0.168566 0.249754 
56209 -0.169021 0.415884 
56210 -0.00145997 -0.247404 
56211 -0.00188087 -0.0815212 
56212 -0.00231103 0.0842452 
56213 -0.00270616 0.250193 
56214 -0.00311104 0.415993 
56215 0.16419 -0.246862 
56216 0.163875 -0.0811523 
56217 0.16362 0.0846487 
56218 0.16307 0.250434 
56219 0.162793 0.416363 
56220 0.329972 -0.246291 
56221 0.329553 -0.0807676 
56222 0.329271 0.0849295 
56223 0.328706 0.250769 
56224 0.328339 0.416584 
56225 -0.333347 -0.246849 
56226 -0.334287 -0.0816408 
56227 -0.335222 0.0836983 
56228 -0.336116 0.249195 
56229 -0.337065 0.414648 
56230 -0.168012 -0.245767 
56231 -0.168955 -0.0806568 
56232 -0.169653 0.0846395 
56233 -0.17052 0.249914 
56234 -0.171545 0.414974 
56235 -0.00285424 -0.244726 
56236 -0.00355103 -0.0798562 
56237 -0.00449069 0.0853154 
56238 -0.00525061 0.250523 
56239 -0.00618795 0.415539 
56240 0.161902 -0.24375 
56241 0.161219 -0.0788911 
56242 0.160382 0.0859992 
56243 0.159671 0.250906 
56244 0.158785 0.416072 
56245 0.326585 -0.242701 
56246 0.325803 -0.0780317 
56247 0.325045 0.0867437 
56248 0.324365 0.251517 
56249 0.323556 0.416552 
56250 -0.33339 -0.245016 
56251 -0.334698 -0.0805302 
56252 -0.33623 0.0840906 
56253 -0.337412 0.248992 
56254 -0.339024 0.413878 
56255 -0.168634 -0.243547 
56256 -0.169913 -0.0792957 
56257 -0.17116 0.0852509 
56258 -0.172646 0.249735 
56259 -0.173727 0.414702 
56260 -0.00427046 -0.241991 
56261 -0.00556522 -0.0779104 
56262 -0.00682057 0.086351 
56263 -0.0079498 0.250688 
56264 -0.00929221 0.415212 
56265 0.159665 -0.240442 
56266 0.158441 -0.0766168 
56267 0.15727 0.0874996 
56268 0.15612 0.251667 
56269 0.155091 0.416019 
56270 0.323253 -0.238848 
56271 0.321979 -0.0751957 
56272 0.32091 0.0886069 
56273 0.319831 0.252591 
56274 0.318822 0.416572 
56275 -0.333532 -0.243162 
56276 -0.335293 -0.0793125 
56277 -0.33709 0.0846985 
56278 -0.338902 0.248932 
56279 -0.340726 0.413259 
56280 -0.169333 -0.241208 
56281 -0.171018 -0.0775383 
56282 -0.172738 0.0862716 
56283 -0.174514 0.250035 
56284 -0.176242 0.41407 
56285 -0.00576871 -0.23918 
56286 -0.0074512 -0.075828 
56287 -0.00900634 0.0875215 
56288 -0.0105705 0.251299 
56289 -0.0121844 0.415009 
56290 0.157329 -0.237081 
56291 0.155695 -0.0741122 
56292 0.154291 0.0889372 
56293 0.152766 0.252291 
56294 0.151193 0.415874 
56295 0.319616 -0.235011 
56296 0.318188 -0.0723975 
56297 0.316855 0.0905626 
56298 0.315584 0.253582 
56299 0.314054 0.416937 
56300 -0.333646 -0.241167 
56301 -0.335891 -0.0779596 
56302 -0.338066 0.0853458 
56303 -0.340268 0.248902 
56304 -0.342604 0.412841 
56305 -0.169967 -0.238608 
56306 -0.172022 -0.0758886 
56307 -0.174279 0.0872069 
56308 -0.176381 0.25051 
56309 -0.178524 0.41393 
56310 -0.00723278 -0.23603 
56311 -0.00929689 -0.0738067 
56312 -0.0112309 0.0889401 
56313 -0.0131903 0.251918 
56314 -0.0152765 0.415031 
56315 0.154786 -0.233487 
56316 0.153001 -0.0715617 
56317 0.151131 0.0906111 
56318 0.149411 0.253171 
56319 0.147521 0.416175 
56320 0.316099 -0.231044 
56321 0.314656 -0.0694691 
56322 0.312865 0.0924904 
56323 0.311213 0.254752 
56324 0.309282 0.417395 
56325 -0.333606 -0.238879 
56326 -0.336269 -0.0765638 
56327 -0.33898 0.0860913 
56328 -0.341678 0.249141 
56329 -0.344416 0.412414 
56330 -0.170894 -0.236006 
56331 -0.173266 -0.0739975 
56332 -0.175706 0.0882776 
56333 -0.178313 0.250891 
56334 -0.180833 0.413782 
56335 -0.00868947 -0.233075 
56336 -0.011131 -0.0715436 
56337 -0.0135052 0.0903691 
56338 -0.0156929 0.25249 
56339 -0.0181049 0.414998 
56340 0.152531 -0.230211 
56341 0.150317 -0.069107 
56342 0.14817 0.0926229 
56343 0.145982 0.254205 
56344 0.143847 0.416548 
56345 0.31303 -0.2273 
56346 0.310972 -0.0664843 
56347 0.308864 0.094588 
56348 0.306847 0.255993 
56349 0.304714 0.417719 
56350 -0.333648 -0.236716 
56351 -0.336961 -0.0750451 
56352 -0.339998 0.0869746 
56353 -0.343253 0.249514 
56354 -0.346147 0.412269 
56355 -0.171528 -0.233272 
56356 -0.174421 -0.0719824 
56357 -0.177259 0.0893869 
56358 -0.18017 0.251389 
56359 -0.183005 0.413826 
56360 -0.0103541 -0.229896 
56361 -0.0128453 -0.0691814 
56362 -0.0156684 0.0918603 
56363 -0.0183695 0.253475 
56364 -0.0208892 0.415308 
56365 0.150131 -0.226606 
56366 0.147527 -0.066527 
56367 0.145027 0.0942791 
56368 0.142738 0.25535 
56369 0.140195 0.416692 
56370 0.309415 -0.223338 
56371 0.307175 -0.0635687 
56372 0.305017 0.096676 
56373 0.302745 0.257268 
56374 0.300372 0.418111 
56375 -0.333803 -0.234254 
56376 -0.337461 -0.0734619 
56377 -0.340939 0.0880517 
56378 -0.344432 0.249889 
56379 -0.347974 0.412398 
56380 -0.172324 -0.230695 
56381 -0.175608 -0.0701119 
56382 -0.17888 0.0907738 
56383 -0.182216 0.252082 
56384 -0.185421 0.413954 
56385 -0.0118881 -0.226746 
56386 -0.0147991 -0.0667862 
56387 -0.0177677 0.0934215 
56388 -0.0208402 0.254404 
56389 -0.0238262 0.415601 
56390 0.147625 -0.222935 
56391 0.144827 -0.0635794 
56392 0.14216 0.0962953 
56393 0.139428 0.256512 
56394 0.136591 0.417281 
56395 0.306141 -0.219332 
56396 0.303633 -0.0603852 
56397 0.301048 0.0988602 
56398 0.29849 0.258675 
56399 0.296055 0.418988 
56400 -0.334114 -0.231904 
56401 -0.337893 -0.0716218 
56402 -0.341993 0.0892121 
56403 -0.345898 0.25059 
56404 -0.349841 0.412412 
56405 -0.173115 -0.227702 
56406 -0.176581 -0.0680403 
56407 -0.180423 0.0921417 
56408 -0.184003 0.253027 
56409 -0.187745 0.414222 
56410 -0.0132626 -0.223427 
56411 -0.0166693 -0.0644506 
56412 -0.0199511 0.0951858 
56413 -0.0233203 0.255423 
56414 -0.0267133 0.416031 
56415 0.145247 -0.21934 
56416 0.14226 -0.0608384 
56417 0.139175 0.0981461 
56418 0.136218 0.2578 
56419 0.133145 0.417907 
56420 0.302703 -0.215186 
56421 0.299938 -0.0572787 
56422 0.297199 0.10116 
56423 0.29455 0.260011 
56424 0.291646 0.419622 
56425 -0.334207 -0.229254 
56426 -0.33856 -0.0697473 
56427 -0.342857 0.0904288 
56428 -0.347312 0.251315 
56429 -0.351693 0.412698 
56430 -0.173946 -0.224755 
56431 -0.177889 -0.0657588 
56432 -0.181893 0.0936881 
56433 -0.185822 0.253923 
56434 -0.189875 0.414536 
56435 -0.0149039 -0.22019 
56436 -0.0184847 -0.062037 
56437 -0.0220664 0.0969999 
56438 -0.0257813 0.256371 
56439 -0.029523 0.416703 
56440 0.142828 -0.21567 
56441 0.1395 -0.0579812 
56442 0.136289 0.100255 
56443 0.132894 0.259098 
56444 0.129663 0.418698 
56445 0.299286 -0.211102 
56446 0.296331 -0.0542486 
56447 0.2934 0.103458 
56448 0.290407 0.261646 
56449 0.287505 0.42054 
56450 -0.334416 -0.226519 
56451 -0.339221 -0.0677595 
56452 -0.34395 0.0918482 
56453 -0.3486 0.252085 
56454 -0.353449 0.413267 
56455 -0.174925 -0.221836 
56456 -0.179146 -0.0636466 
56457 -0.183341 0.0953595 
56458 -0.187699 0.254836 
56459 -0.192173 0.415203 
56460 -0.0164208 -0.216705 
56461 -0.0203697 -0.0592999 
56462 -0.0242357 0.0987579 
56463 -0.0281428 0.257594 
56464 -0.0321817 0.417322 
56465 0.140404 -0.212028 
56466 0.136879 -0.0551848 
56467 0.133288 0.102269 
56468 0.129787 0.260494 
56469 0.126169 0.419231 
56470 0.295733 -0.20701 
56471 0.292758 -0.0509986 
56472 0.28951 0.105548 
56473 0.286292 0.263076 
56474 0.283208 0.421331 
56475 -0.334849 -0.223948 
56476 -0.339769 -0.0657407 
56477 -0.344911 0.0931397 
56478 -0.34998 0.253051 
56479 -0.35507 0.413725 
56480 -0.175656 -0.218581 
56481 -0.180259 -0.0613296 
56482 -0.184899 0.0969994 
56483 -0.189567 0.255912 
56484 -0.194146 0.415815 
56485 -0.0180177 -0.213516 
56486 -0.022206 -0.0567567 
56487 -0.0264532 0.100622 
56488 -0.030639 0.258993 
56489 -0.0349302 0.418034 
56490 0.137926 -0.208169 
56491 0.134166 -0.0521918 
56492 0.130283 0.104422 
56493 0.1266 0.261916 
56494 0.122933 0.42022 
56495 0.29257 -0.203137 
56496 0.289169 -0.0478416 
56497 0.285908 0.108136 
56498 0.282558 0.264762 
56499 0.279075 0.422437 
56500 -0.335154 -0.221067 
56501 -0.340405 -0.0635762 
56502 -0.345901 0.0947518 
56503 -0.351221 0.253956 
56504 -0.356798 0.4143 
56505 -0.176601 -0.215464 
56506 -0.181498 -0.058935 
56507 -0.186337 0.0987557 
56508 -0.191275 0.257253 
56509 -0.196244 0.416696 
56510 -0.0197176 -0.209703 
56511 -0.024103 -0.0541699 
56512 -0.0285746 0.102647 
56513 -0.0330156 0.260297 
56514 -0.0375007 0.418922 
56515 0.135458 -0.204379 
56516 0.131535 -0.0493707 
56517 0.12761 0.106564 
56518 0.123566 0.263422 
56519 0.119491 0.42118 
56520 0.289107 -0.19888 
56521 0.285575 -0.0447921 
56522 0.282061 0.110301 
56523 0.278641 0.266468 
56524 0.274966 0.423427 
56525 -0.335439 -0.218175 
56526 -0.341029 -0.0614747 
56527 -0.346915 0.0964993 
56528 -0.352623 0.255135 
56529 -0.358406 0.414987 
56530 -0.177474 -0.212159 
56531 -0.182734 -0.0562934 
56532 -0.187833 0.10061 
56533 -0.193091 0.258387 
56534 -0.198437 0.417398 
56535 -0.0214709 -0.206301 
56536 -0.0258468 -0.0512831 
56537 -0.0307631 0.104657 
56538 -0.0353421 0.261798 
56539 -0.0401194 0.419839 
56540 0.132905 -0.20059 
56541 0.128865 -0.0463783 
56542 0.124796 0.108756 
56543 0.120613 0.265012 
56544 0.116336 0.422129 
56545 0.285622 -0.194858 
56546 0.282001 -0.0413933 
56547 0.278506 0.112833 
56548 0.274687 0.268059 
56549 0.271017 0.424476 
56550 -0.335619 -0.215035 
56551 -0.341763 -0.0590946 
56552 -0.347691 0.0980403 
56553 -0.353966 0.256338 
56554 -0.360082 0.415814 
56555 -0.178528 -0.208932 
56556 -0.183862 -0.053738 
56557 -0.189316 0.102446 
56558 -0.1949 0.2599 
56559 -0.200397 0.418369 
56560 -0.0231348 -0.202691 
56561 -0.0280146 -0.0485365 
56562 -0.0328729 0.106817 
56563 -0.0377602 0.263222 
56564 -0.0426823 0.420885 
56565 0.130456 -0.196731 
56566 0.126111 -0.0433049 
56567 0.121789 0.111109 
56568 0.117623 0.266626 
56569 0.113247 0.423204 
56570 0.28208 -0.190691 
56571 0.278478 -0.0384089 
56572 0.274741 0.115154 
56573 0.270975 0.269903 
56574 0.267285 0.42569 
56575 -0.336112 -0.212013 
56576 -0.342431 -0.0566363 
56577 -0.348814 0.099963 
56578 -0.355259 0.25789 
56579 -0.361795 0.416846 
56580 -0.179469 -0.205512 
56581 -0.185046 -0.0513004 
56582 -0.190884 0.104468 
56583 -0.196455 0.261347 
56584 -0.202509 0.419484 
56585 -0.0247481 -0.199115 
56586 -0.0298124 -0.0457989 
56587 -0.0349606 0.108969 
56588 -0.0400194 0.264654 
56589 -0.0450702 0.421886 
56590 0.127915 -0.19296 
56591 0.123372 -0.0403515 
56592 0.119009 0.113415 
56593 0.114625 0.268178 
56594 0.110067 0.424268 
56595 0.27884 -0.186691 
56596 0.274963 -0.0351604 
56597 0.271171 0.117641 
56598 0.267396 0.271571 
56599 0.263461 0.426791 
56600 -0.336517 -0.208873 
56601 -0.343089 -0.0542085 
56602 -0.349908 0.101869 
56603 -0.356428 0.259117 
56604 -0.363291 0.418077 
56605 -0.18049 -0.202241 
56606 -0.186425 -0.048575 
56607 -0.192346 0.106453 
56608 -0.198333 0.262822 
56609 -0.20444 0.420529 
56610 -0.0264701 -0.19556 
56611 -0.0316725 -0.0428174 
56612 -0.0369331 0.111021 
56613 -0.042314 0.266366 
56614 -0.0476901 0.423083 
56615 0.125383 -0.189072 
56616 0.120878 -0.0372599 
56617 0.116286 0.115584 
56618 0.111661 0.269791 
56619 0.107089 0.425444 
56620 0.275513 -0.182692 
56621 0.271413 -0.0318874 
56622 0.267602 0.120148 
56623 0.263658 0.273393 
56624 0.259678 0.428036 
56625 -0.337066 -0.205563 
56626 -0.34392 -0.051603 
56627 -0.350879 0.103944 
56628 -0.357797 0.260721 
56629 -0.364891 0.419248 
56630 -0.181521 -0.198693 
56631 -0.187626 -0.045659 
56632 -0.193872 0.108655 
56633 -0.200088 0.264374 
56634 -0.206283 0.421682 
56635 -0.0283142 -0.192092 
56636 -0.0335897 -0.0400812 
56637 -0.039118 0.113251 
56638 -0.0445403 0.268133 
56639 -0.0499461 0.424151 
56640 0.122825 -0.18526 
56641 0.118215 -0.0343203 
56642 0.113503 0.11798 
56643 0.108986 0.271511 
56644 0.104095 0.426861 
56645 0.272007 -0.178729 
56646 0.267991 -0.0288264 
56647 0.264118 0.122479 
56648 0.260127 0.275219 
56649 0.256102 0.429103 
56650 -0.337393 -0.202287 
56651 -0.344589 -0.049062 
56652 -0.351819 0.106029 
56653 -0.358954 0.262553 
56654 -0.36647 0.420386 
56655 -0.182549 -0.195267 
56656 -0.188951 -0.0430031 
56657 -0.195262 0.110805 
56658 -0.201705 0.266045 
56659 -0.208201 0.422953 
56660 -0.0301761 -0.188219 
56661 -0.0354942 -0.0373189 
56662 -0.0411709 0.115496 
56663 -0.0466151 0.269785 
56664 -0.052325 0.425481 
56665 0.120239 -0.181541 
56666 0.115664 -0.0313338 
56667 0.110884 0.120167 
56668 0.106124 0.27332 
56669 0.10116 0.427932 
56670 0.268457 -0.174669 
56671 0.264519 -0.0255945 
56672 0.26053 0.124883 
56673 0.256503 0.276803 
56674 0.25253 0.430296 
