56325 -0.333376 -0.249958 
56326 -0.333311 -0.0833283 
56327 -0.333399 0.0834529 
56328 -0.333369 0.250014 
56329 -0.333499 0.41667 
56330 -0.166773 -0.250022 
56331 -0.166686 -0.0834434 
56332 -0.166649 0.0833562 
56333 -0.166638 0.249936 
56334 -0.166715 0.416748 
56335 -5.36108e-05 -0.249966 
56336 4.77246e-05 -0.0833117 
56337 -4.56696e-05 0.0833819 
56338 -6.67964e-05 0.249935 
56339 -6.34935e-06 0.416532 
56340 0.166792 -0.249971 
56341 0.166673 -0.0833225 
56342 0.166784 0.0832591 
56343 0.166674 0.250028 
56344 0.166723 0.416695 
56345 0.333283 -0.25004 
56346 0.333239 -0.0832901 
56347 0.3333 0.0832059 
56348 0.333257 0.249964 
56349 0.333314 0.416713 
56350 -0.333463 -0.247737 
56351 -0.333788 -0.0816281 
56352 -0.334326 0.084237 
56353 -0.334709 0.250405 
56354 -0.335135 0.416481 
56355 -0.167518 -0.247135 
56356 -0.167713 -0.0812358 
56357 -0.168267 0.0845233 
56358 -0.16863 0.25062 
56359 -0.169064 0.416529 
56360 -0.00139474 -0.246651 
56361 -0.0018677 -0.080925 
56362 -0.00220811 0.0849184 
56363 -0.00259601 0.250921 
56364 -0.0029271 0.416879 
56365 0.164129 -0.246304 
56366 0.163813 -0.0804197 
56367 0.163654 0.085276 
56368 0.163133 0.251112 
56369 0.162856 0.417075 
56370 0.329803 -0.245704 
56371 0.329584 -0.0801366 
56372 0.329254 0.0855726 
56373 0.328896 0.251326 
56374 0.328791 0.417317 
56375 -0.333428 -0.245194 
56376 -0.334364 -0.0799933 
56377 -0.335279 0.0853247 
56378 -0.336116 0.25074 
56379 -0.336975 0.416571 
56380 -0.168036 -0.244219 
56381 -0.168863 -0.0792919 
56382 -0.16958 0.0860822 
56383 -0.170398 0.251449 
56384 -0.17121 0.416861 
56385 -0.00288423 -0.243248 
56386 -0.00380863 -0.0784273 
56387 -0.00445613 0.0866889 
56388 -0.00525415 0.251881 
56389 -0.00589626 0.417269 
56390 0.161734 -0.242344 
56391 0.161149 -0.0776126 
56392 0.160516 0.0872096 
56393 0.159838 0.252236 
56394 0.159335 0.417537 
56395 0.32622 -0.241541 
56396 0.325651 -0.0768251 
56397 0.325052 0.0878154 
56398 0.324644 0.25279 
56399 0.324083 0.41793 
56400 -0.333494 -0.242488 
56401 -0.334814 -0.0780983 
56402 -0.336117 0.0864858 
56403 -0.337355 0.251525 
56404 -0.338679 0.416502 
56405 -0.168735 -0.241193 
56406 -0.170037 -0.076973 
56407 -0.171166 0.0874092 
56408 -0.172236 0.252125 
56409 -0.173498 0.417146 
56410 -0.00450315 -0.239894 
56411 -0.00560675 -0.0758062 
56412 -0.00647973 0.0884017 
56413 -0.00758294 0.25295 
56414 -0.00874216 0.41762 
56415 0.159225 -0.238595 
56416 0.158395 -0.0746364 
56417 0.157444 0.0894453 
56418 0.156493 0.253601 
56419 0.155643 0.418305 
56420 0.32268 -0.237201 
56421 0.321998 -0.0735721 
56422 0.321053 0.0903591 
56423 0.320476 0.254351 
56424 0.319575 0.418676 
56425 -0.333473 -0.239861 
56426 -0.335313 -0.0762018 
56427 -0.337066 0.087851 
56428 -0.338788 0.252245 
56429 -0.340502 0.416806 
56430 -0.16951 -0.23808 
56431 -0.171086 -0.0746458 
56432 -0.172584 0.0889735 
56433 -0.174226 0.253012 
56434 -0.175621 0.41747 
56435 -0.00599886 -0.236464 
56436 -0.00744904 -0.0732896 
56437 -0.00870363 0.0903039 
56438 -0.0102053 0.254034 
56439 -0.0115539 0.418147 
56440 0.15683 -0.234509 
56441 0.155651 -0.0718011 
56442 0.154497 0.0913161 
56443 0.153174 0.25511 
56444 0.15202 0.418804 
56445 0.319199 -0.232852 
56446 0.318181 -0.0701618 
56447 0.317145 0.0926928 
56448 0.316161 0.255902 
56449 0.31507 0.419467 
56450 -0.333696 -0.237099 
56451 -0.335891 -0.0740889 
56452 -0.338022 0.0891191 
56453 -0.340031 0.253018 
56454 -0.342238 0.417196 
56455 -0.170254 -0.234959 
56456 -0.172255 -0.0722992 
56457 -0.174099 0.090754 
56458 -0.175886 0.254125 
56459 -0.177891 0.417991 
56460 -0.00766432 -0.232739 
56461 -0.009228 -0.0704281 
56462 -0.0109114 0.0922542 
56463 -0.0127138 0.255179 
56464 -0.0142248 0.418824 
56465 0.15428 -0.230565 
56466 0.15292 -0.0686637 
56467 0.15152 0.0935531 
56468 0.15004 0.256356 
56469 0.14861 0.419566 
56470 0.315732 -0.228449 
56471 0.314427 -0.0669745 
56472 0.313397 0.0950496 
56473 0.312086 0.257545 
56474 0.310636 0.420405 
56475 -0.333836 -0.23428 
56476 -0.33629 -0.0720035 
56477 -0.33885 0.0907433 
56478 -0.341401 0.253989 
56479 -0.343827 0.417879 
56480 -0.17122 -0.231704 
56481 -0.173286 -0.069884 
56482 -0.175642 0.09243 
56483 -0.177772 0.255395 
56484 -0.180153 0.418715 
56485 -0.00916724 -0.22916 
56486 -0.0111459 -0.0678003 
56487 -0.0130614 0.0941335 
56488 -0.0151124 0.256532 
56489 -0.0168565 0.419767 
56490 0.15184 -0.226567 
56491 0.150155 -0.0656103 
56492 0.148493 0.0959777 
56493 0.146831 0.257866 
56494 0.14518 0.42052 
56495 0.312117 -0.22407 
56496 0.310787 -0.063559 
56497 0.309369 0.0975999 
56498 0.308109 0.259086 
56499 0.306543 0.421413 
56500 -0.333994 -0.23113 
56501 -0.336928 -0.0699235 
56502 -0.339841 0.0922889 
56503 -0.342636 0.255039 
56504 -0.345509 0.418355 
56505 -0.172018 -0.228338 
56506 -0.174494 -0.0672984 
56507 -0.177037 0.0942491 
56508 -0.179577 0.256454 
56509 -0.18219 0.419531 
56510 -0.010779 -0.225346 
56511 -0.0130142 -0.0648224 
56512 -0.0152291 0.096066 
56513 -0.0176186 0.25798 
56514 -0.0197014 0.420592 
56515 0.149322 -0.222536 
56516 0.147474 -0.0624841 
56517 0.145572 0.0980727 
56518 0.143742 0.259462 
56519 0.141681 0.421535 
56520 0.308593 -0.219745 
56521 0.307146 -0.0601273 
56522 0.305556 0.100064 
56523 0.303891 0.261003 
56524 0.302198 0.422539 
56525 -0.334344 -0.228163 
56526 -0.337471 -0.067492 
56527 -0.340716 0.0941001 
56528 -0.344072 0.256204 
56529 -0.347206 0.419064 
56530 -0.17286 -0.225022 
56531 -0.175713 -0.0647781 
56532 -0.178451 0.0962426 
56533 -0.18142 0.257789 
56534 -0.184191 0.42021 
56535 -0.012532 -0.221783 
56536 -0.0149064 -0.0621238 
56537 -0.0174966 0.098295 
56538 -0.0198907 0.259431 
56539 -0.0224963 0.421363 
56540 0.146851 -0.218593 
56541 0.144718 -0.0594487 
56542 0.142601 0.100504 
56543 0.140547 0.261096 
56544 0.138436 0.422519 
56545 0.305105 -0.21537 
56546 0.303438 -0.0568533 
56547 0.301758 0.102536 
56548 0.299975 0.262574 
56549 0.298253 0.42366 
56550 -0.334424 -0.22496 
56551 -0.338093 -0.0650877 
56552 -0.341737 0.0958255 
56553 -0.34524 0.257317 
56554 -0.348808 0.419941 
56555 -0.173665 -0.221494 
56556 -0.176871 -0.062169 
56557 -0.179959 0.098111 
56558 -0.183209 0.259179 
56559 -0.186297 0.421149 
56560 -0.0141207 -0.21795 
56561 -0.0168678 -0.0590943 
56562 -0.0195172 0.100442 
56563 -0.0221928 0.261041 
56564 -0.025065 0.422404 
56565 0.144288 -0.214694 
56566 0.142019 -0.0563327 
56567 0.139705 0.102848 
56568 0.137417 0.262742 
56569 0.135299 0.423628 
56570 0.30159 -0.211045 
56571 0.299769 -0.0533512 
56572 0.298033 0.105168 
56573 0.296127 0.264373 
56574 0.294085 0.424827 
56575 -0.33481 -0.221911 
56576 -0.3387 -0.0623867 
56577 -0.342565 0.0976846 
56578 -0.346533 0.258731 
56579 -0.350405 0.421066 
56580 -0.174663 -0.218044 
56581 -0.177919 -0.0594478 
56582 -0.181515 0.100354 
56583 -0.184776 0.260703 
56584 -0.188282 0.422269 
56585 -0.0157789 -0.214119 
56586 -0.0187172 -0.0561474 
56587 -0.0216786 0.102746 
56588 -0.0244865 0.262697 
56589 -0.0274227 0.423485 
56590 0.141759 -0.210551 
56591 0.139387 -0.0530853 
56592 0.136963 0.105351 
56593 0.134448 0.264473 
56594 0.132017 0.424645 
56595 0.298182 -0.206864 
56596 0.29614 -0.0499819 
56597 0.294118 0.107651 
56598 0.292202 0.266273 
56599 0.290259 0.425873 
56600 -0.335263 -0.21857 
56601 -0.339324 -0.0598884 
56602 -0.343596 0.0996226 
56603 -0.347727 0.260277 
56604 -0.351975 0.422219 
56605 -0.175749 -0.214471 
56606 -0.17932 -0.0566076 
56607 -0.182824 0.10218 
56608 -0.186621 0.262371 
56609 -0.190231 0.423408 
56610 -0.017528 -0.210442 
56611 -0.0206529 -0.0534347 
56612 -0.0236615 0.105052 
56613 -0.0268633 0.264165 
56614 -0.0299939 0.424692 
56615 0.139126 -0.206465 
56616 0.136586 -0.0500278 
56617 0.134007 0.107602 
56618 0.131529 0.266231 
56619 0.128834 0.425856 
56620 0.294482 -0.202419 
56621 0.29247 -0.0465806 
56622 0.290485 0.1102 
56623 0.288331 0.268147 
56624 0.286385 0.427126 
56625 -0.335511 -0.215235 
56626 -0.340013 -0.057362 
56627 -0.34447 0.101747 
56628 -0.348966 0.261993 
56629 -0.353488 0.423257 
56630 -0.176793 -0.210796 
56631 -0.180545 -0.0539203 
56632 -0.184354 0.104413 
56633 -0.188158 0.263771 
56634 -0.192221 0.424641 
56635 -0.019433 -0.206611 
56636 -0.0226036 -0.0503764 
56637 -0.0257651 0.107216 
56638 -0.0290623 0.265895 
56639 -0.0323024 0.425856 
56640 0.136557 -0.202473 
56641 0.133995 -0.0467531 
56642 0.13124 0.110042 
56643 0.128647 0.268055 
56644 0.1258 0.427061 
56645 0.290903 -0.198198 
56646 0.288939 -0.043448 
56647 0.286705 0.11273 
56648 0.284776 0.269982 
56649 0.282735 0.428309 
56650 -0.335972 -0.211686 
56651 -0.340627 -0.0546078 
56652 -0.345437 0.103757 
56653 -0.350175 0.263511 
56654 -0.355083 0.424497 
56655 -0.177637 -0.20734 
56656 -0.181659 -0.050948 
56657 -0.185806 0.106621 
56658 -0.189859 0.26558 
56659 -0.194066 0.425884 
56660 -0.0210736 -0.202785 
56661 -0.0244974 -0.0472189 
56662 -0.0278684 0.109518 
56663 -0.0312092 0.267688 
56664 -0.0346998 0.427196 
56665 0.133855 -0.19849 
56666 0.131242 -0.043632 
56667 0.128466 0.112334 
56668 0.125681 0.269821 
56669 0.122844 0.428379 
56670 0.287286 -0.194024 
56671 0.285324 -0.0399273 
56672 0.283427 0.115317 
56673 0.281061 0.271733 
56674 0.27897 0.429507 
56675 -0.336312 -0.208269 
56676 -0.341481 -0.0520093 
56677 -0.346296 0.105937 
56678 -0.351225 0.265269 
56679 -0.356597 0.425983 
56680 -0.178791 -0.203712 
56681 -0.183036 -0.048005 
56682 -0.187271 0.10873 
56683 -0.19165 0.267514 
56684 -0.195977 0.427175 
56685 -0.0229517 -0.198983 
56686 -0.0264518 -0.0442573 
56687 -0.0299588 0.1119 
56688 -0.0335645 0.269463 
56689 -0.0370679 0.428315 
56690 0.131275 -0.194517 
56691 0.128528 -0.0404898 
56692 0.12579 0.114835 
56693 0.12272 0.271583 
56694 0.12 0.429577 
56695 0.283887 -0.189868 
56696 0.281885 -0.0367417 
56697 0.279431 0.117703 
56698 0.277523 0.273494 
56699 0.275399 0.430732 
56700 -0.336882 -0.204868 
56701 -0.341926 -0.0490862 
56702 -0.347157 0.108098 
56703 -0.352509 0.267016 
56704 -0.357976 0.427488 
56705 -0.179838 -0.199994 
56706 -0.184276 -0.0451103 
56707 -0.188692 0.111213 
56708 -0.193043 0.269044 
56709 -0.197522 0.428615 
56710 -0.0247377 -0.195315 
56711 -0.0283226 -0.0413189 
56712 -0.0319271 0.114258 
56713 -0.0355918 0.271154 
56714 -0.0393383 0.429746 
56715 0.128716 -0.190511 
56716 0.125896 -0.0372761 
56717 0.122968 0.117305 
56718 0.120014 0.273296 
56719 0.117182 0.430836 
56720 0.280301 -0.18577 
56721 0.278256 -0.0334991 
56722 0.276117 0.120282 
56723 0.273992 0.275303 
56724 0.271774 0.432056 
56725 -0.337355 -0.20139 
56726 -0.342703 -0.0461551 
56727 -0.348295 0.110509 
56728 -0.353637 0.268731 
56729 -0.3593 0.428947 
56730 -0.180912 -0.196224 
56731 -0.185464 -0.0424025 
56732 -0.190142 0.113564 
56733 -0.194738 0.270961 
56734 -0.199314 0.430015 
56735 -0.0265584 -0.191413 
56736 -0.0302875 -0.0381198 
56737 -0.0339158 0.116732 
56738 -0.0376617 0.272972 
56739 -0.0417017 0.43122 
56740 0.125897 -0.186489 
56741 0.123174 -0.0342845 
56742 0.120263 0.119572 
56743 0.117265 0.275039 
56744 0.114392 0.432154 
56745 0.276699 -0.181771 
56746 0.274703 -0.0302855 
56747 0.272475 0.122611 
56748 0.270501 0.277123 
56749 0.268286 0.433229 
56750 -0.33793 -0.197826 
56751 -0.343581 -0.04344 
56752 -0.349178 0.112762 
56753 -0.354864 0.270744 
56754 -0.360632 0.430493 
56755 -0.182195 -0.192692 
56756 -0.186932 -0.0392635 
56757 -0.191604 0.115922 
56758 -0.196399 0.272786 
56759 -0.201164 0.431383 
56760 -0.0284715 -0.187474 
56761 -0.0321464 -0.0350526 
56762 -0.0359885 0.118948 
56763 -0.0396926 0.274914 
56764 -0.0437388 0.432527 
56765 0.123417 -0.182513 
56766 0.120443 -0.0311355 
56767 0.117579 0.122057 
56768 0.114683 0.276975 
56769 0.11156 0.433578 
56770 0.273186 -0.17764 
56771 0.271185 -0.0270871 
56772 0.269052 0.125066 
56773 0.266988 0.278894 
56774 0.264848 0.434546 
56775 -0.338611 -0.194164 
56776 -0.344235 -0.0406534 
56777 -0.350212 0.115013 
56778 -0.356033 0.272553 
56779 -0.362018 0.432066 
56780 -0.183416 -0.189055 
56781 -0.1881 -0.0361932 
56782 -0.192957 0.118241 
56783 -0.197925 0.27465 
56784 -0.202806 0.433057 
56785 -0.0303161 -0.183895 
56786 -0.0341644 -0.0322367 
56787 -0.0381042 0.121275 
56788 -0.0419299 0.276662 
56789 -0.0457042 0.433922 
56790 0.120624 -0.178784 
56791 0.117707 -0.0280672 
56792 0.114851 0.124413 
56793 0.112027 0.278677 
56794 0.109014 0.434896 
56795 0.269734 -0.173642 
56796 0.267636 -0.0240951 
56797 0.265565 0.127345 
56798 0.263483 0.280544 
56799 0.261441 0.435754 
56800 -0.339191 -0.190702 
56801 -0.345124 -0.0375596 
56802 -0.3511 0.117514 
56803 -0.357116 0.274719 
56804 -0.363192 0.433769 
56805 -0.184678 -0.185387 
56806 -0.189475 -0.0333428 
56807 -0.194464 0.120573 
56808 -0.199371 0.276521 
56809 -0.20431 0.434509 
56810 -0.0323123 -0.180127 
56811 -0.0360614 -0.0292119 
56812 -0.0399616 0.123742 
56813 -0.043912 0.278503 
56814 -0.0478524 0.435291 
56815 0.117825 -0.174974 
56816 0.115012 -0.0250951 
56817 0.112282 0.12676 
56818 0.109319 0.280502 
56819 0.106409 0.436147 
56820 0.266099 -0.16991 
56821 0.264099 -0.0210434 
56822 0.262147 0.129685 
56823 0.26023 0.282307 
56824 0.258299 0.436793 
