56375 -0.333277 -0.249952 
56376 -0.333285 -0.08327 
56377 -0.333314 0.0832768 
56378 -0.33326 0.249953 
56379 -0.333431 0.416747 
56380 -0.166831 -0.249919 
56381 -0.166638 -0.08329 
56382 -0.166647 0.0833082 
56383 -0.16663 0.250163 
56384 -0.166634 0.416764 
56385 -0.000121457 -0.249946 
56386 0.000149766 -0.0833816 
56387 2.44609e-05 0.0833483 
56388 -3.78715e-05 0.250004 
56389 2.61645e-05 0.416773 
56390 0.166631 -0.249832 
56391 0.166709 -0.083336 
56392 0.166741 0.083306 
56393 0.166684 0.250088 
56394 0.166772 0.416591 
56395 0.333215 -0.250056 
56396 0.333321 -0.0833704 
56397 0.333354 0.0832683 
56398 0.333119 0.250076 
56399 0.333424 0.416551 
56400 -0.333302 -0.247347 
56401 -0.333844 -0.0815195 
56402 -0.334182 0.0845878 
56403 -0.334552 0.250533 
56404 -0.335139 0.416751 
56405 -0.167597 -0.246876 
56406 -0.167696 -0.0811916 
56407 -0.168059 0.0848113 
56408 -0.168482 0.250915 
56409 -0.168955 0.416904 
56410 -0.0015843 -0.246469 
56411 -0.00188106 -0.0805249 
56412 -0.00218538 0.0851633 
56413 -0.00267572 0.2511 
56414 -0.00293773 0.417073 
56415 0.164138 -0.24593 
56416 0.163985 -0.0804182 
56417 0.163656 0.0853067 
56418 0.163277 0.251335 
56419 0.162958 0.417353 
56420 0.329693 -0.245689 
56421 0.329523 -0.0798966 
56422 0.329233 0.0856641 
56423 0.32902 0.251579 
56424 0.328729 0.417453 
56425 -0.333348 -0.244726 
56426 -0.334241 -0.0795568 
56427 -0.335043 0.0858399 
56428 -0.33599 0.25124 
56429 -0.336722 0.417046 
56430 -0.16803 -0.243781 
56431 -0.168791 -0.0787614 
56432 -0.169691 0.0863327 
56433 -0.170398 0.251845 
56434 -0.171139 0.417265 
56435 -0.00306119 -0.24291 
56436 -0.00372602 -0.0779733 
56437 -0.00436175 0.0870382 
56438 -0.00504094 0.25219 
56439 -0.00567459 0.417652 
56440 0.161777 -0.242058 
56441 0.161128 -0.0773454 
56442 0.160505 0.0875209 
56443 0.160012 0.252582 
56444 0.159511 0.417983 
56445 0.326118 -0.241128 
56446 0.325654 -0.0764921 
56447 0.325284 0.0882297 
56448 0.324706 0.253279 
56449 0.324234 0.418195 
56450 -0.333447 -0.241814 
56451 -0.334733 -0.0774364 
56452 -0.336001 0.0873292 
56453 -0.337405 0.252341 
56454 -0.338597 0.41747 
56455 -0.168787 -0.24048 
56456 -0.169963 -0.0762735 
56457 -0.17109 0.0881475 
56458 -0.172165 0.252762 
56459 -0.173338 0.417974 
56460 -0.0046385 -0.239285 
56461 -0.0057729 -0.0752659 
56462 -0.00663947 0.0889357 
56463 -0.00757944 0.253479 
56464 -0.00859262 0.418398 
56465 0.159126 -0.238046 
56466 0.158337 -0.0742058 
56467 0.157574 0.0899495 
56468 0.156605 0.254149 
56469 0.155982 0.418756 
56470 0.322604 -0.23676 
56471 0.321907 -0.0731665 
56472 0.321309 0.0906925 
56473 0.320646 0.254752 
56474 0.319819 0.419178 
56475 -0.333653 -0.238879 
56476 -0.335307 -0.0752296 
56477 -0.336889 0.0887183 
56478 -0.338622 0.253165 
56479 -0.340432 0.417969 
56480 -0.169635 -0.23732 
56481 -0.171099 -0.0739853 
56482 -0.172633 0.0897994 
56483 -0.173977 0.25402 
56484 -0.175533 0.41841 
56485 -0.00628589 -0.235542 
56486 -0.00748728 -0.0725697 
56487 -0.00885805 0.0910372 
56488 -0.0099709 0.254814 
56489 -0.0110677 0.418965 
56490 0.156738 -0.233915 
56491 0.155617 -0.0711081 
56492 0.154622 0.0922032 
56493 0.153535 0.255673 
56494 0.152322 0.419575 
56495 0.318965 -0.232323 
56496 0.318093 -0.0696693 
56497 0.317245 0.0931468 
56498 0.316433 0.256435 
56499 0.315547 0.420225 
56500 -0.333822 -0.235856 
56501 -0.335873 -0.0729877 
56502 -0.337842 0.0903386 
56503 -0.33988 0.254161 
56504 -0.341879 0.418662 
56505 -0.170447 -0.233873 
56506 -0.172292 -0.0712698 
56507 -0.17406 0.0916755 
56508 -0.175825 0.255192 
56509 -0.177533 0.419154 
56510 -0.00780542 -0.23177 
56511 -0.0091867 -0.0695883 
56512 -0.0108476 0.0931345 
56513 -0.0123467 0.256197 
56514 -0.0139403 0.419898 
56515 0.154171 -0.229846 
56516 0.152826 -0.0678871 
56517 0.151533 0.0942615 
56518 0.150327 0.257172 
56519 0.149053 0.420634 
56520 0.315468 -0.227853 
56521 0.314434 -0.0662474 
56522 0.313362 0.0957654 
56523 0.312355 0.258214 
56524 0.311371 0.421246 
56525 -0.33407 -0.232834 
56526 -0.336537 -0.070642 
56527 -0.338846 0.0921517 
56528 -0.341301 0.2554 
56529 -0.343504 0.419354 
56530 -0.171368 -0.23036 
56531 -0.173282 -0.0686354 
56532 -0.175369 0.0937595 
56533 -0.177624 0.256594 
56534 -0.179725 0.420153 
56535 -0.00939651 -0.227952 
56536 -0.0112872 -0.0668213 
56537 -0.0130777 0.0952243 
56538 -0.0146626 0.257675 
56539 -0.0164957 0.420799 
56540 0.151618 -0.225665 
56541 0.150168 -0.0647911 
56542 0.148578 0.0969868 
56543 0.147206 0.258906 
56544 0.14573 0.421575 
56545 0.311911 -0.223387 
56546 0.310754 -0.0629055 
56547 0.309543 0.0982783 
56548 0.308357 0.259966 
56549 0.307088 0.422195 
56550 -0.33419 -0.229536 
56551 -0.336942 -0.0681671 
56552 -0.339557 0.0938671 
56553 -0.34245 0.256595 
56554 -0.345282 0.420197 
56555 -0.172156 -0.226953 
56556 -0.174521 -0.0659231 
56557 -0.177 0.0956963 
56558 -0.179422 0.257959 
56559 -0.18174 0.421016 
56560 -0.0109575 -0.22413 
56561 -0.0131241 -0.06373 
56562 -0.0151647 0.0974095 
56563 -0.0170964 0.259443 
56564 -0.0192748 0.421924 
56565 0.149001 -0.221496 
56566 0.147339 -0.061547 
56567 0.14587 0.0991807 
56568 0.144021 0.260633 
56569 0.14235 0.422651 
56570 0.308315 -0.219019 
56571 0.306997 -0.0594247 
56572 0.305658 0.100775 
56573 0.304381 0.261758 
56574 0.303038 0.423462 
56575 -0.334653 -0.226365 
56576 -0.337606 -0.0656737 
56577 -0.340583 0.0958219 
56578 -0.343563 0.258126 
56579 -0.346762 0.421242 
56580 -0.17316 -0.223311 
56581 -0.175723 -0.0632287 
56582 -0.178417 0.0977741 
56583 -0.181088 0.259578 
56584 -0.183705 0.422147 
56585 -0.0129551 -0.220532 
56586 -0.014954 -0.0608498 
56587 -0.0174123 0.0997157 
56588 -0.0196145 0.260743 
56589 -0.0216317 0.422954 
56590 0.146582 -0.217415 
56591 0.144693 -0.0583632 
56592 0.142826 0.101633 
56593 0.141191 0.262267 
56594 0.139103 0.423795 
56595 0.304896 -0.214647 
56596 0.303368 -0.0559965 
56597 0.301865 0.103495 
56598 0.300524 0.263471 
56599 0.299247 0.424596 
56600 -0.334839 -0.222947 
56601 -0.338068 -0.0629284 
56602 -0.341541 0.0977797 
56603 -0.344931 0.259648 
56604 -0.348371 0.422362 
56605 -0.174076 -0.21973 
56606 -0.176987 -0.0603656 
56607 -0.179842 0.0998822 
56608 -0.182677 0.261128 
56609 -0.185673 0.423173 
56610 -0.014529 -0.216491 
56611 -0.0170406 -0.0576431 
56612 -0.0193841 0.102 
56613 -0.021757 0.262513 
56614 -0.0242245 0.424085 
56615 0.143944 -0.213218 
56616 0.141979 -0.0551564 
56617 0.139929 0.103958 
56618 0.138152 0.264006 
56619 0.136046 0.424899 
56620 0.301188 -0.210192 
56621 0.299676 -0.0526073 
56622 0.298131 0.105953 
56623 0.296797 0.265517 
56624 0.295196 0.425911 
56625 -0.335005 -0.219593 
56626 -0.338853 -0.0602997 
56627 -0.342582 0.0998083 
56628 -0.34615 0.261074 
56629 -0.349803 0.423637 
56630 -0.175028 -0.216109 
56631 -0.178119 -0.0574982 
56632 -0.181278 0.102111 
56633 -0.184293 0.26267 
56634 -0.187652 0.424422 
56635 -0.0162242 -0.212741 
56636 -0.0188719 -0.0547947 
56637 -0.0214113 0.104223 
56638 -0.0240085 0.264242 
56639 -0.0267404 0.425234 
56640 0.141352 -0.209293 
56641 0.139323 -0.0519367 
56642 0.13714 0.106412 
56643 0.13506 0.265668 
56644 0.132961 0.426162 
56645 0.297677 -0.205865 
56646 0.29593 -0.0491009 
56647 0.294523 0.108518 
56648 0.293032 0.267329 
56649 0.291441 0.427164 
56650 -0.335463 -0.216217 
56651 -0.339393 -0.0577191 
56652 -0.343364 0.101902 
56653 -0.347343 0.262886 
56654 -0.351325 0.424788 
56655 -0.176019 -0.212415 
56656 -0.179257 -0.0547355 
56657 -0.182673 0.104278 
56658 -0.185914 0.264273 
56659 -0.18941 0.425754 
56660 -0.0180189 -0.20868 
56661 -0.0207801 -0.0515599 
56662 -0.0234559 0.106554 
56663 -0.0262401 0.26594 
56664 -0.0289597 0.426435 
56665 0.13871 -0.205129 
56666 0.136399 -0.0487611 
56667 0.134241 0.108887 
56668 0.13222 0.267645 
56669 0.129947 0.427446 
56670 0.293773 -0.201571 
56671 0.292323 -0.0457944 
56672 0.290786 0.111063 
56673 0.289236 0.269189 
56674 0.287694 0.428264 
56675 -0.33589 -0.212746 
56676 -0.340017 -0.0549847 
56677 -0.344247 0.10414 
56678 -0.348601 0.264367 
56679 -0.352761 0.42606 
56680 -0.17712 -0.208759 
56681 -0.180616 -0.0517972 
56682 -0.184161 0.106618 
56683 -0.187591 0.266055 
56684 -0.191197 0.426967 
56685 -0.0198677 -0.204948 
56686 -0.0225234 -0.0486055 
56687 -0.0255111 0.108866 
56688 -0.0285471 0.267875 
56689 -0.0313283 0.427944 
56690 0.13607 -0.200986 
56691 0.133865 -0.045551 
56692 0.131692 0.111365 
56693 0.129328 0.269402 
56694 0.127086 0.428839 
56695 0.290524 -0.197439 
56696 0.288766 -0.0424055 
56697 0.28711 0.113651 
56698 0.285571 0.27093 
56699 0.283989 0.429491 
56700 -0.336333 -0.209195 
56701 -0.340693 -0.0520605 
56702 -0.345139 0.106358 
56703 -0.349579 0.266269 
56704 -0.354141 0.427553 
56705 -0.178214 -0.205064 
56706 -0.181764 -0.0487236 
56707 -0.185485 0.108859 
56708 -0.189311 0.267915 
56709 -0.193049 0.428373 
56710 -0.0216008 -0.201085 
56711 -0.0245291 -0.0454883 
56712 -0.0275955 0.111285 
56713 -0.0304965 0.269569 
56714 -0.0336754 0.4292 
56715 0.133329 -0.19717 
56716 0.131069 -0.0424452 
56717 0.128872 0.113756 
56718 0.126517 0.27118 
56719 0.124252 0.430052 
56720 0.286855 -0.193073 
56721 0.285257 -0.039171 
56722 0.283586 0.116169 
56723 0.282029 0.272773 
56724 0.280304 0.4309 
56725 -0.336866 -0.205611 
56726 -0.341425 -0.0491022 
56727 -0.346136 0.108691 
56728 -0.350766 0.268133 
56729 -0.355575 0.428994 
56730 -0.179402 -0.201298 
56731 -0.183215 -0.0458847 
56732 -0.187082 0.111012 
56733 -0.19092 0.269706 
56734 -0.194837 0.429724 
56735 -0.0233719 -0.197197 
56736 -0.0266534 -0.0424186 
56737 -0.0296145 0.113623 
56738 -0.0326354 0.271504 
56739 -0.0359459 0.430483 
56740 0.130577 -0.193029 
56741 0.128589 -0.0392032 
56742 0.126043 0.116217 
56743 0.123761 0.272979 
56744 0.121359 0.431337 
56745 0.283108 -0.188879 
56746 0.28149 -0.0358127 
56747 0.280031 0.118574 
56748 0.278314 0.274521 
56749 0.27679 0.432128 
56750 -0.337498 -0.201941 
56751 -0.342178 -0.046316 
56752 -0.346915 0.111055 
56753 -0.351997 0.270036 
56754 -0.35681 0.430655 
56755 -0.180497 -0.197639 
56756 -0.184357 -0.0428719 
56757 -0.188394 0.113524 
56758 -0.192457 0.271628 
56759 -0.196474 0.431354 
56760 -0.0253576 -0.193363 
56761 -0.0284986 -0.039379 
56762 -0.031609 0.116167 
56763 -0.034831 0.273251 
56764 -0.0381763 0.43194 
56765 0.128014 -0.189132 
56766 0.125755 -0.0359387 
56767 0.123437 0.118526 
56768 0.121173 0.274879 
56769 0.11864 0.432707 
56770 0.279564 -0.184915 
56771 0.278093 -0.0326701 
56772 0.276427 0.121151 
56773 0.274997 0.276395 
56774 0.273415 0.433339 
56775 -0.338009 -0.198268 
56776 -0.343098 -0.0433135 
56777 -0.348018 0.113444 
56778 -0.352967 0.271983 
56779 -0.358163 0.432239 
56780 -0.181576 -0.193831 
56781 -0.185706 -0.0398231 
56782 -0.189794 0.116047 
56783 -0.193971 0.27344 
56784 -0.198236 0.432819 
56785 -0.027235 -0.18937 
56786 -0.0304511 -0.0363494 
56787 -0.0337473 0.118519 
56788 -0.0369174 0.27513 
56789 -0.040078 0.433415 
56790 0.125328 -0.185125 
56791 0.122971 -0.032921 
56792 0.120719 0.120965 
56793 0.118245 0.276565 
56794 0.115837 0.433899 
56795 0.275996 -0.180826 
56796 0.274556 -0.0295491 
56797 0.273032 0.123312 
56798 0.271551 0.278162 
56799 0.26993 0.434544 
56800 -0.338558 -0.194782 
56801 -0.343801 -0.0403941 
56802 -0.348937 0.115795 
56803 -0.35405 0.273915 
56804 -0.359188 0.433881 
56805 -0.182931 -0.190175 
56806 -0.18694 -0.0368027 
56807 -0.191215 0.118315 
56808 -0.195431 0.275389 
56809 -0.199578 0.434303 
56810 -0.029191 -0.185674 
56811 -0.0324176 -0.0333319 
56812 -0.0355737 0.120845 
56813 -0.0389149 0.276799 
56814 -0.0422378 0.434868 
56815 0.122546 -0.181262 
56816 0.120232 -0.0299704 
56817 0.117861 0.123296 
56818 0.11559 0.278267 
56819 0.113268 0.435228 
56820 0.272349 -0.177035 
56821 0.270954 -0.026383 
56822 0.269586 0.12585 
56823 0.26808 0.279938 
56824 0.266746 0.435611 
56825 -0.339341 -0.191145 
56826 -0.344488 -0.0374493 
56827 -0.349785 0.118239 
56828 -0.355197 0.275839 
56829 -0.360545 0.435493 
56830 -0.184148 -0.186452 
56831 -0.188357 -0.0337526 
56832 -0.192548 0.120814 
56833 -0.196927 0.277311 
56834 -0.201276 0.435903 
56835 -0.0311769 -0.181828 
56836 -0.034375 -0.0302739 
56837 -0.0376799 0.123362 
56838 -0.0407585 0.278672 
56839 -0.0440818 0.436132 
56840 0.119878 -0.17743 
56841 0.117562 -0.0268315 
56842 0.115197 0.12564 
56843 0.112963 0.280202 
56844 0.110689 0.436475 
56845 0.268667 -0.173103 
56846 0.267492 -0.0234056 
56847 0.266116 0.128075 
56848 0.264807 0.281529 
56849 0.263442 0.436732 
56850 -0.340147 -0.187344 
56851 -0.345407 -0.034366 
56852 -0.35088 0.120704 
56853 -0.356222 0.277959 
56854 -0.361721 0.437436 
56855 -0.185442 -0.182791 
56856 -0.189754 -0.030779 
56857 -0.193893 0.123185 
56858 -0.198328 0.279254 
56859 -0.202781 0.4375 
56860 -0.0331548 -0.178185 
56861 -0.0363019 -0.0273505 
56862 -0.0395642 0.125506 
56863 -0.0427914 0.280595 
56864 -0.04614 0.437652 
56865 0.117145 -0.173724 
56866 0.114946 -0.0239954 
56867 0.1127 0.12802 
56868 0.11038 0.2818 
56869 0.108247 0.437829 
56870 0.265115 -0.169388 
56871 0.263992 -0.0205246 
56872 0.26268 0.130122 
56873 0.261687 0.283094 
56874 0.260255 0.437878 
