57025 -0.333438 -0.250117 
57026 -0.333354 -0.0833353 
57027 -0.333416 0.0833187 
57028 -0.333388 0.249925 
57029 -0.333164 0.416648 
57030 -0.166703 -0.249974 
57031 -0.166723 -0.0834762 
57032 -0.166587 0.0833201 
57033 -0.16667 0.250038 
57034 -0.166682 0.416663 
57035 -8.36486e-05 -0.249931 
57036 7.38577e-05 -0.0833867 
57037 5.29324e-05 0.0833986 
57038 -1.52734e-05 0.250017 
57039 -8.03164e-05 0.416778 
57040 0.166652 -0.24995 
57041 0.16682 -0.0833857 
57042 0.166461 0.0833138 
57043 0.166623 0.250025 
57044 0.166613 0.41659 
57045 0.33326 -0.250015 
57046 0.333404 -0.0834764 
57047 0.333365 0.0833779 
57048 0.333348 0.249953 
57049 0.333499 0.416593 
57050 -0.334253 -0.245986 
57051 -0.334058 -0.0799681 
57052 -0.334023 0.0859865 
57053 -0.333974 0.252204 
57054 -0.333955 0.418314 
57055 -0.168106 -0.245881 
57056 -0.16808 -0.0802147 
57057 -0.167867 0.0856899 
57058 -0.167857 0.251666 
57059 -0.167829 0.417929 
57060 -0.00227058 -0.246103 
57061 -0.00200656 -0.080335 
57062 -0.00210838 0.0855609 
57063 -0.00185606 0.251637 
57064 -0.00167322 0.417636 
57065 0.163438 -0.24618 
57066 0.163545 -0.0804282 
57067 0.16389 0.0854296 
57068 0.164147 0.251181 
57069 0.164398 0.417251 
57070 0.328976 -0.246188 
57071 0.329216 -0.0807093 
57072 0.329652 0.0851001 
57073 0.329813 0.250848 
57074 0.330095 0.417003 
57075 -0.334998 -0.241875 
57076 -0.334823 -0.0768423 
57077 -0.334864 0.0884846 
57078 -0.334713 0.253982 
57079 -0.334659 0.420045 
57080 -0.169742 -0.24205 
57081 -0.169391 -0.0771144 
57082 -0.169313 0.0880716 
57083 -0.169177 0.253538 
57084 -0.168723 0.419301 
57085 -0.00469478 -0.242242 
57086 -0.00444245 -0.0773215 
57087 -0.00400843 0.0876955 
57088 -0.00369891 0.252878 
57089 -0.00337489 0.418585 
57090 0.160127 -0.242209 
57091 0.160584 -0.0777216 
57092 0.161138 0.0871792 
57093 0.161491 0.252412 
57094 0.162117 0.417841 
57095 0.324444 -0.242467 
57096 0.325099 -0.0779324 
57097 0.325793 0.0868342 
57098 0.326442 0.251889 
57099 0.326984 0.417162 
57100 -0.335858 -0.238005 
57101 -0.335736 -0.0736602 
57102 -0.33559 0.0910095 
57103 -0.335294 0.256173 
57104 -0.335136 0.421479 
57105 -0.171474 -0.238276 
57106 -0.170843 -0.0740435 
57107 -0.170673 0.0903675 
57108 -0.170109 0.255351 
57109 -0.169845 0.420509 
57110 -0.00708748 -0.238429 
57111 -0.00658047 -0.0746836 
57112 -0.00598007 0.0896634 
57113 -0.00527463 0.254453 
57114 -0.00467788 0.419404 
57115 0.156678 -0.238585 
57116 0.15735 -0.0751015 
57117 0.158253 0.0888801 
57118 0.158992 0.253527 
57119 0.159773 0.418377 
57120 0.320142 -0.239019 
57121 0.321052 -0.0754621 
57122 0.32184 0.0883492 
57123 0.322939 0.252509 
57124 0.323817 0.417259 
57125 -0.336883 -0.234132 
57126 -0.33645 -0.0704858 
57127 -0.336265 0.0936065 
57128 -0.336038 0.258014 
57129 -0.335716 0.423004 
57130 -0.172924 -0.234428 
57131 -0.172347 -0.0711564 
57132 -0.171867 0.0927447 
57133 -0.17133 0.256848 
57134 -0.170672 0.421598 
57135 -0.00954949 -0.234929 
57136 -0.00869075 -0.0718304 
57137 -0.00793185 0.0916233 
57138 -0.00711897 0.255741 
57139 -0.00632523 0.420106 
57140 0.153364 -0.23533 
57141 0.154542 -0.0724933 
57142 0.155401 0.0907414 
57143 0.156467 0.254467 
57144 0.15744 0.418675 
57145 0.315751 -0.235589 
57146 0.316976 -0.0731859 
57147 0.318256 0.0897216 
57148 0.319432 0.253147 
57149 0.320888 0.417166 
57150 -0.337863 -0.230272 
57151 -0.337372 -0.0674086 
57152 -0.337088 0.0958784 
57153 -0.336517 0.260012 
57154 -0.336164 0.424604 
57155 -0.174482 -0.230724 
57156 -0.173902 -0.0682857 
57157 -0.173 0.0947178 
57158 -0.172369 0.258375 
57159 -0.171753 0.42281 
57160 -0.0119641 -0.231332 
57161 -0.0109534 -0.0691566 
57162 -0.00986885 0.0934848 
57163 -0.00901968 0.256873 
57164 -0.00773969 0.420845 
57165 0.150036 -0.231881 
57166 0.151281 -0.0700743 
57167 0.152647 0.0922782 
57168 0.153978 0.25521 
57169 0.155311 0.418932 
57170 0.311319 -0.232507 
57171 0.313068 -0.070939 
57172 0.314573 0.0911023 
57173 0.316169 0.253823 
57174 0.317855 0.41705 
57175 -0.338891 -0.226561 
57176 -0.338443 -0.0644357 
57177 -0.337747 0.0983406 
57178 -0.337124 0.261691 
57179 -0.336606 0.426026 
57180 -0.176137 -0.227181 
57181 -0.175365 -0.0656721 
57182 -0.174417 0.0968746 
57183 -0.17348 0.259976 
57184 -0.172587 0.423814 
57185 -0.0144784 -0.227879 
57186 -0.0131306 -0.0666182 
57187 -0.0118947 0.0953281 
57188 -0.0105759 0.258022 
57189 -0.00934036 0.421298 
57190 0.146607 -0.22862 
57191 0.148321 -0.0677798 
57192 0.149926 0.0939019 
57193 0.151497 0.256059 
57194 0.153252 0.419057 
57195 0.306895 -0.229294 
57196 0.308848 -0.0688015 
57197 0.310889 0.0922619 
57198 0.31275 0.254261 
57199 0.314863 0.416793 
57200 -0.340028 -0.222945 
57201 -0.339276 -0.0616076 
57202 -0.338486 0.1007 
57203 -0.33775 0.263466 
57204 -0.337048 0.427416 
57205 -0.178013 -0.223697 
57206 -0.176823 -0.0629497 
57207 -0.175736 0.0987244 
57208 -0.174537 0.261292 
57209 -0.173387 0.424587 
57210 -0.0167976 -0.224724 
57211 -0.0152051 -0.0642981 
57212 -0.0139157 0.0970698 
57213 -0.0121972 0.259016 
57214 -0.0106446 0.42176 
57215 0.143281 -0.225468 
57216 0.145202 -0.0656205 
57217 0.147101 0.0951622 
57218 0.149201 0.256718 
57219 0.150965 0.419106 
57220 0.3026 -0.226356 
57221 0.304975 -0.066956 
57222 0.307168 0.0933749 
57223 0.30959 0.254444 
57224 0.311832 0.416396 
57225 -0.341243 -0.219259 
57226 -0.340172 -0.0586804 
57227 -0.339306 0.102919 
57228 -0.338498 0.265339 
57229 -0.337357 0.4287 
57230 -0.179744 -0.220392 
57231 -0.178436 -0.0603601 
57232 -0.176954 0.10064 
57233 -0.175615 0.262583 
57234 -0.174257 0.425432 
57235 -0.0193773 -0.221546 
57236 -0.0176406 -0.0619188 
57237 -0.0157069 0.0984534 
57238 -0.0139061 0.259965 
57239 -0.0122509 0.422174 
57240 0.139936 -0.222588 
57241 0.142216 -0.0635323 
57242 0.14447 0.0963208 
57243 0.146643 0.257242 
57244 0.149045 0.418933 
57245 0.298124 -0.223732 
57246 0.30085 -0.0651761 
57247 0.303532 0.0942467 
57248 0.306466 0.254669 
57249 0.30893 0.41585 
57250 -0.342332 -0.216048 
57251 -0.34106 -0.056038 
57252 -0.339951 0.104941 
57253 -0.338974 0.267125 
57254 -0.337737 0.429871 
57255 -0.181569 -0.217195 
57256 -0.179902 -0.057833 
57257 -0.178285 0.102482 
57258 -0.176699 0.263709 
57259 -0.17506 0.426144 
57260 -0.0219667 -0.218582 
57261 -0.0198069 -0.0598026 
57262 -0.0176204 0.0999803 
57263 -0.015501 0.260825 
57264 -0.0132736 0.422357 
57265 0.136516 -0.219899 
57266 0.139174 -0.0616378 
57267 0.141729 0.0975158 
57268 0.144201 0.257746 
57269 0.146921 0.418767 
57270 0.29377 -0.221082 
57271 0.296899 -0.0633804 
57272 0.299878 0.0950818 
57273 0.303036 0.254675 
57274 0.306295 0.415212 
57275 -0.343431 -0.212593 
57276 -0.342333 -0.0532067 
57277 -0.340796 0.107026 
57278 -0.33942 0.268445 
57279 -0.33806 0.430965 
57280 -0.183249 -0.214177 
57281 -0.18152 -0.0555064 
57282 -0.179548 0.104107 
57283 -0.177643 0.26476 
57284 -0.175737 0.426682 
57285 -0.0244383 -0.21569 
57286 -0.022047 -0.0576875 
57287 -0.0196263 0.101411 
57288 -0.017127 0.261467 
57289 -0.0148841 0.422527 
57290 0.133205 -0.217222 
57291 0.136033 -0.059808 
57292 0.139066 0.0985126 
57293 0.142006 0.258031 
57294 0.144898 0.418472 
57295 0.289549 -0.218723 
57296 0.292973 -0.0618851 
57297 0.296409 0.0957955 
57298 0.299847 0.254572 
57299 0.303293 0.414261 
57300 -0.344786 -0.209419 
57301 -0.343216 -0.050717 
57302 -0.341628 0.109048 
57303 -0.340016 0.269931 
57304 -0.338404 0.431897 
57305 -0.185162 -0.21117 
57306 -0.183096 -0.0532814 
57307 -0.180829 0.105859 
57308 -0.178768 0.265829 
57309 -0.176362 0.427208 
57310 -0.0269878 -0.212939 
57311 -0.0242656 -0.0556895 
57312 -0.0215172 0.102604 
57313 -0.0188514 0.261975 
57314 -0.0160793 0.422624 
57315 0.129728 -0.214741 
57316 0.133108 -0.0581846 
57317 0.136397 0.0994729 
57318 0.139721 0.258195 
57319 0.143057 0.417978 
57320 0.285198 -0.216312 
57321 0.289144 -0.060609 
57322 0.292901 0.096151 
57323 0.296669 0.254413 
57324 0.300488 0.41355 
57325 -0.346092 -0.206337 
57326 -0.344344 -0.0483597 
57327 -0.342418 0.110786 
57328 -0.340542 0.271249 
57329 -0.33854 0.432853 
57330 -0.186992 -0.208349 
57331 -0.184722 -0.0510151 
57332 -0.182231 0.107228 
57333 -0.179754 0.26672 
57334 -0.177165 0.427634 
57335 -0.0295608 -0.210419 
57336 -0.0265605 -0.0539603 
57337 -0.0234551 0.103759 
57338 -0.0204337 0.26245 
57339 -0.0174639 0.422532 
57340 0.12631 -0.212375 
57341 0.129952 -0.0566124 
57342 0.133572 0.10026 
57343 0.137274 0.258287 
57344 0.140952 0.417453 
57345 0.280987 -0.214258 
57346 0.285076 -0.0592634 
57347 0.289284 0.0966051 
57348 0.293419 0.254024 
57349 0.297749 0.412404 
57350 -0.347507 -0.203302 
57351 -0.345243 -0.0459816 
57352 -0.343193 0.112518 
57353 -0.340945 0.272505 
57354 -0.338743 0.433692 
57355 -0.188861 -0.205622 
57356 -0.186249 -0.049085 
57357 -0.183591 0.108612 
57358 -0.180631 0.267655 
57359 -0.177947 0.427957 
57360 -0.0322122 -0.207842 
57361 -0.0288879 -0.0522591 
57362 -0.0254807 0.104718 
57363 -0.0220941 0.262859 
57364 -0.0184879 0.422276 
57365 0.123024 -0.209983 
57366 0.126931 -0.0551793 
57367 0.130962 0.100759 
57368 0.134961 0.258168 
57369 0.139071 0.416643 
57370 0.276604 -0.212332 
57371 0.281146 -0.0583675 
57372 0.285646 0.0969492 
57373 0.290326 0.253386 
57374 0.294816 0.411161 
57375 -0.348815 -0.200559 
57376 -0.346359 -0.0436777 
57377 -0.343919 0.114273 
57378 -0.341372 0.273632 
57379 -0.338934 0.434262 
57380 -0.190902 -0.202946 
57381 -0.187778 -0.0471307 
57382 -0.184746 0.110021 
57383 -0.181581 0.268387 
57384 -0.178502 0.428188 
57385 -0.0347448 -0.205504 
57386 -0.0310595 -0.0506409 
57387 -0.0272502 0.105583 
57388 -0.0236749 0.263117 
57389 -0.0198237 0.421982 
57390 0.119608 -0.20795 
57391 0.124063 -0.0540273 
57392 0.128285 0.101457 
57393 0.13266 0.257925 
57394 0.137115 0.415924 
57395 0.272375 -0.210556 
57396 0.277378 -0.057295 
57397 0.28219 0.0971143 
57398 0.287146 0.252872 
57399 0.292112 0.409949 
57400 -0.350322 -0.197828 
57401 -0.347372 -0.0416641 
57402 -0.344693 0.115905 
57403 -0.342012 0.274627 
57404 -0.339138 0.434798 
57405 -0.192803 -0.200469 
57406 -0.189524 -0.0454435 
57407 -0.186162 0.111089 
57408 -0.182619 0.268838 
57409 -0.17911 0.428069 
57410 -0.0372778 -0.203318 
57411 -0.0333556 -0.049131 
57412 -0.0292414 0.106349 
57413 -0.0252515 0.263179 
57414 -0.0210134 0.421477 
57415 0.116334 -0.206112 
57416 0.12096 -0.0528015 
57417 0.125582 0.10179 
57418 0.130296 0.257683 
57419 0.135078 0.414846 
57420 0.268109 -0.20884 
57421 0.273321 -0.0564858 
57422 0.278731 0.0971866 
57423 0.283948 0.252123 
57424 0.289311 0.408373 
57425 -0.351597 -0.195037 
57426 -0.348635 -0.0395036 
57427 -0.345451 0.117287 
57428 -0.342401 0.275591 
57429 -0.339297 0.435307 
57430 -0.194795 -0.198178 
57431 -0.191104 -0.0437363 
57432 -0.187369 0.112117 
57433 -0.183475 0.269443 
57434 -0.179748 0.428006 
57435 -0.0400926 -0.20123 
57436 -0.0355881 -0.0478144 
57437 -0.031271 0.107037 
57438 -0.0267796 0.263134 
57439 -0.0222302 0.420886 
57440 0.112969 -0.204366 
57441 0.117788 -0.051708 
57442 0.122908 0.102027 
57443 0.128039 0.257258 
57444 0.133159 0.413773 
57445 0.263955 -0.207305 
57446 0.269509 -0.0559275 
57447 0.275109 0.0969812 
57448 0.280986 0.251272 
57449 0.286655 0.406736 
57450 -0.353164 -0.192598 
57451 -0.349734 -0.0377642 
57452 -0.34639 0.118562 
57453 -0.342971 0.276188 
57454 -0.339554 0.435488 
57455 -0.196825 -0.196026 
57456 -0.19276 -0.0422884 
57457 -0.188615 0.113037 
57458 -0.184415 0.269735 
57459 -0.180343 0.427792 
57460 -0.0425654 -0.199355 
57461 -0.0378466 -0.0464855 
57462 -0.033297 0.107681 
57463 -0.0284083 0.263096 
57464 -0.0234223 0.420085 
57465 0.109621 -0.202656 
57466 0.114918 -0.0508816 
57467 0.120428 0.102081 
57468 0.125793 0.256588 
57469 0.13127 0.412438 
57470 0.259694 -0.205932 
57471 0.265701 -0.055247 
57472 0.271641 0.0967977 
57473 0.277726 0.250142 
57474 0.283915 0.404999 
57475 -0.354627 -0.190123 
57476 -0.350849 -0.0358759 
57477 -0.347252 0.119845 
57478 -0.343499 0.277094 
57479 -0.339672 0.435751 
57480 -0.198849 -0.193879 
57481 -0.194296 -0.0408056 
57482 -0.189984 0.113868 
57483 -0.18554 0.269852 
57484 -0.180994 0.427353 
57485 -0.0450565 -0.197542 
57486 -0.0401328 -0.0454467 
57487 -0.0350053 0.10801 
57488 -0.0298974 0.262833 
57489 -0.024649 0.419138 
57490 0.106151 -0.201138 
57491 0.111781 -0.0501273 
57492 0.117747 0.102201 
57493 0.123594 0.255838 
57494 0.129386 0.411052 
57495 0.255505 -0.204765 
57496 0.261746 -0.0547591 
57497 0.268302 0.0964284 
57498 0.274626 0.249069 
57499 0.281289 0.403126 
57500 -0.356078 -0.188046 
57501 -0.352035 -0.0342113 
57502 -0.347929 0.121009 
57503 -0.343968 0.277651 
57504 -0.339723 0.43577 
57505 -0.201004 -0.191899 
57506 -0.196014 -0.0394676 
57507 -0.191287 0.11448 
57508 -0.186502 0.270006 
57509 -0.181531 0.426832 
57510 -0.0479207 -0.195983 
57511 -0.0423427 -0.044619 
57512 -0.0370115 0.108309 
57513 -0.0315023 0.262554 
57514 -0.0259278 0.41814 
57515 0.102845 -0.199776 
57516 0.108882 -0.0496031 
57517 0.115076 0.1021 
57518 0.121161 0.255046 
57519 0.127536 0.409525 
57520 0.251367 -0.203598 
57521 0.257957 -0.0544304 
57522 0.264732 0.0959166 
57523 0.271597 0.24768 
57524 0.278442 0.401142 
