57275 -0.333391 -0.249976 
57276 -0.333372 -0.0833572 
57277 -0.333305 0.0833591 
57278 -0.333288 0.250086 
57279 -0.333238 0.416683 
57280 -0.166636 -0.250061 
57281 -0.166647 -0.0832519 
57282 -0.166745 0.0833306 
57283 -0.166674 0.249942 
57284 -0.166609 0.416704 
57285 6.34915e-05 -0.249997 
57286 -6.03215e-05 -0.0833755 
57287 -7.99905e-06 0.0833644 
57288 0.000138493 0.250021 
57289 -4.55845e-05 0.416651 
57290 0.166604 -0.24996 
57291 0.166669 -0.0834595 
57292 0.166687 0.0833879 
57293 0.166754 0.249956 
57294 0.166703 0.416672 
57295 0.333327 -0.250003 
57296 0.333406 -0.0833824 
57297 0.333194 0.0833244 
57298 0.333297 0.249989 
57299 0.333287 0.416635 
57300 -0.334656 -0.246527 
57301 -0.334268 -0.0806829 
57302 -0.333973 0.08531 
57303 -0.333891 0.251313 
57304 -0.333536 0.417538 
57305 -0.168476 -0.247054 
57306 -0.168267 -0.0807949 
57307 -0.167923 0.0850049 
57308 -0.16771 0.250972 
57309 -0.167268 0.41718 
57310 -0.00256734 -0.24703 
57311 -0.00244637 -0.0813029 
57312 -0.00208832 0.0846082 
57313 -0.00160476 0.2505 
57314 -0.0013619 0.416519 
57315 0.163081 -0.247261 
57316 0.163415 -0.0815732 
57317 0.163848 0.0842008 
57318 0.164207 0.250075 
57319 0.164485 0.416051 
57320 0.32864 -0.24741 
57321 0.329018 -0.08195 
57322 0.329433 0.0838821 
57323 0.329893 0.249743 
57324 0.330158 0.415557 
57325 -0.335866 -0.243204 
57326 -0.335269 -0.0781299 
57327 -0.334758 0.0872857 
57328 -0.334257 0.252698 
57329 -0.333863 0.418457 
57330 -0.1705 -0.243734 
57331 -0.170032 -0.0788641 
57332 -0.169417 0.0865128 
57333 -0.168712 0.251804 
57334 -0.168126 0.417434 
57335 -0.00541256 -0.244404 
57336 -0.00461242 -0.079391 
57337 -0.00404885 0.0857128 
57338 -0.00332629 0.250897 
57339 -0.00267973 0.416201 
57340 0.159341 -0.244787 
57341 0.160165 -0.0800247 
57342 0.161024 0.0849625 
57343 0.161712 0.249884 
57344 0.162572 0.415308 
57345 0.323881 -0.245182 
57346 0.324788 -0.0806538 
57347 0.325675 0.084033 
57348 0.326483 0.249154 
57349 0.327344 0.414354 
57350 -0.337252 -0.240218 
57351 -0.33649 -0.0756957 
57352 -0.335561 0.0888835 
57353 -0.334836 0.254004 
57354 -0.333816 0.419096 
57355 -0.172381 -0.240892 
57356 -0.171489 -0.0766587 
57357 -0.170562 0.0878443 
57358 -0.169563 0.252683 
57359 -0.168776 0.417444 
57360 -0.00819075 -0.241541 
57361 -0.00701651 -0.0775664 
57362 -0.00605423 0.0866138 
57363 -0.00496682 0.25117 
57364 -0.00381827 0.415928 
57365 0.155611 -0.242366 
57366 0.156931 -0.0785165 
57367 0.157921 0.0855369 
57368 0.159268 0.249799 
57369 0.160392 0.414571 
57370 0.319214 -0.243124 
57371 0.320503 -0.0794537 
57372 0.321827 0.0842333 
57373 0.323175 0.248464 
57374 0.324343 0.412801 
57375 -0.338561 -0.237103 
57376 -0.337516 -0.0734086 
57377 -0.336258 0.0907675 
57378 -0.3351 0.25497 
57379 -0.33403 0.419892 
57380 -0.174543 -0.238119 
57381 -0.173143 -0.074723 
57382 -0.171973 0.0891792 
57383 -0.170684 0.253268 
57384 -0.169304 0.417577 
57385 -0.0109667 -0.239177 
57386 -0.00956103 -0.076005 
57387 -0.00807441 0.087604 
57388 -0.00661951 0.251338 
57389 -0.00522397 0.415493 
57390 0.152082 -0.240156 
57391 0.153714 -0.0771336 
57392 0.155289 0.0860275 
57393 0.156843 0.249546 
57394 0.15843 0.413458 
57395 0.314494 -0.241131 
57396 0.316286 -0.0785158 
57397 0.318008 0.0844706 
57398 0.319766 0.247637 
57399 0.321506 0.411253 
57400 -0.339983 -0.23414 
57401 -0.338597 -0.0710488 
57402 -0.336997 0.0923638 
57403 -0.335619 0.256121 
57404 -0.334256 0.420301 
57405 -0.176606 -0.235352 
57406 -0.17483 -0.0726946 
57407 -0.173279 0.0903046 
57408 -0.171537 0.253712 
57409 -0.169867 0.417598 
57410 -0.0136286 -0.236745 
57411 -0.0118337 -0.0743418 
57412 -0.0100872 0.0882841 
57413 -0.0081894 0.251334 
57414 -0.00646808 0.414936 
57415 0.148573 -0.238183 
57416 0.150422 -0.0760697 
57417 0.15247 0.0863839 
57418 0.154367 0.249124 
57419 0.156483 0.412251 
57420 0.309831 -0.239326 
57421 0.312125 -0.0775949 
57422 0.314191 0.0843919 
57423 0.316495 0.24667 
57424 0.318575 0.409562 
57425 -0.341521 -0.231323 
57426 -0.339521 -0.068994 
57427 -0.33792 0.0938217 
57428 -0.33617 0.257105 
57429 -0.334408 0.420723 
57430 -0.178464 -0.232978 
57431 -0.176546 -0.0710992 
57432 -0.174557 0.0914577 
57433 -0.172718 0.254212 
57434 -0.1706 0.41743 
57435 -0.0163876 -0.234504 
57436 -0.0142969 -0.0729403 
57437 -0.0119474 0.0889839 
57438 -0.00995431 0.251503 
57439 -0.0076943 0.414113 
57440 0.14475 -0.236051 
57441 0.14723 -0.0749497 
57442 0.149702 0.0865235 
57443 0.152057 0.248678 
57444 0.15451 0.410835 
57445 0.305277 -0.237659 
57446 0.307887 -0.0769302 
57447 0.310445 0.0841588 
57448 0.313207 0.245821 
57449 0.315722 0.407731 
57450 -0.342836 -0.228666 
57451 -0.340697 -0.0670203 
57452 -0.338637 0.09521 
57453 -0.336528 0.257884 
57454 -0.334528 0.420946 
57455 -0.180509 -0.230645 
57456 -0.17825 -0.0693192 
57457 -0.175946 0.0922488 
57458 -0.173512 0.254494 
57459 -0.171059 0.417107 
57460 -0.0191174 -0.232408 
57461 -0.0165839 -0.0716915 
57462 -0.0140044 0.0894238 
57463 -0.0115273 0.251011 
57464 -0.00885438 0.413319 
57465 0.141273 -0.234461 
57466 0.143935 -0.074135 
57467 0.146869 0.0866262 
57468 0.149667 0.248002 
57469 0.152379 0.409512 
57470 0.30064 -0.236192 
57471 0.303916 -0.0763404 
57472 0.3067 0.0840514 
57473 0.30974 0.244605 
57474 0.312814 0.405898 
57475 -0.344311 -0.226254 
57476 -0.341946 -0.0651119 
57477 -0.339389 0.0964866 
57478 -0.336971 0.258376 
57479 -0.334319 0.421046 
57480 -0.182622 -0.228281 
57481 -0.179908 -0.0678066 
57482 -0.177064 0.0931056 
57483 -0.174427 0.254546 
57484 -0.171799 0.416551 
57485 -0.0220151 -0.230589 
57486 -0.0190454 -0.0705357 
57487 -0.0160594 0.0898567 
57488 -0.0131113 0.250894 
57489 -0.0101845 0.412267 
57490 0.13769 -0.232787 
57491 0.140781 -0.0733339 
57492 0.143911 0.0865864 
57493 0.14732 0.247128 
57494 0.150403 0.407916 
57495 0.296138 -0.234932 
57496 0.299629 -0.076005 
57497 0.302928 0.0834291 
57498 0.306474 0.243187 
57499 0.309958 0.403704 
57500 -0.345885 -0.223854 
57501 -0.342848 -0.0633783 
57502 -0.340226 0.0974466 
57503 -0.337422 0.258949 
57504 -0.334468 0.42088 
57505 -0.18474 -0.226386 
57506 -0.181543 -0.0666324 
57507 -0.178596 0.0938093 
57508 -0.175347 0.254549 
57509 -0.17239 0.415902 
57510 -0.0247288 -0.228951 
57511 -0.0213964 -0.0695604 
57512 -0.0181126 0.0900435 
57513 -0.0146789 0.250308 
57514 -0.01134 0.41098 
57515 0.13411 -0.2314 
57516 0.137729 -0.0727244 
57517 0.141309 0.0864884 
57518 0.144787 0.245946 
57519 0.148466 0.406239 
57520 0.291637 -0.233695 
57521 0.295535 -0.0756126 
57522 0.299291 0.0827974 
57523 0.303071 0.241809 
57524 0.306986 0.401273 
57525 -0.347363 -0.221708 
57526 -0.344178 -0.0618788 
57527 -0.341062 0.0984429 
57528 -0.337689 0.259261 
57529 -0.334618 0.420908 
57530 -0.186862 -0.224446 
57531 -0.183168 -0.0653917 
57532 -0.179813 0.0942281 
57533 -0.176359 0.254534 
57534 -0.172848 0.415341 
57535 -0.0274244 -0.227264 
57536 -0.0237707 -0.0688216 
57537 -0.020015 0.0900779 
57538 -0.0163301 0.249749 
57539 -0.0124794 0.409828 
57540 0.130607 -0.229987 
57541 0.134642 -0.0722619 
57542 0.138484 0.0861344 
57543 0.142514 0.24508 
57544 0.146561 0.404363 
57545 0.287174 -0.232721 
57546 0.291362 -0.0755591 
57547 0.295688 0.0821068 
57548 0.299808 0.240219 
57549 0.304202 0.399072 
57550 -0.348833 -0.21948 
57551 -0.34542 -0.0604335 
57552 -0.341702 0.0992475 
57553 -0.338019 0.259589 
57554 -0.334631 0.420446 
57555 -0.188745 -0.222734 
57556 -0.184951 -0.0642943 
57557 -0.181084 0.0947086 
57558 -0.177235 0.254227 
57559 -0.173355 0.41437 
57560 -0.0303277 -0.225737 
57561 -0.0261457 -0.0681204 
57562 -0.0220887 0.090269 
57563 -0.0178723 0.248971 
57564 -0.0137298 0.408389 
57565 0.126906 -0.228912 
57566 0.131291 -0.0717845 
57567 0.135729 0.085784 
57568 0.14006 0.243795 
57569 0.144451 0.402458 
57570 0.282634 -0.231804 
57571 0.287352 -0.0755684 
57572 0.291926 0.0813246 
57573 0.296644 0.238633 
57574 0.30126 0.396561 
57575 -0.350517 -0.217729 
57576 -0.346607 -0.0590727 
57577 -0.342462 0.100144 
57578 -0.338512 0.259757 
57579 -0.334577 0.420063 
57580 -0.190964 -0.221015 
57581 -0.186762 -0.0632155 
57582 -0.182463 0.0951801 
57583 -0.17812 0.25385 
57584 -0.173936 0.413397 
57585 -0.032949 -0.224436 
57586 -0.0284894 -0.0674669 
57587 -0.0240718 0.0899535 
57588 -0.019478 0.248128 
57589 -0.015019 0.406727 
57590 0.123399 -0.2279 
57591 0.128172 -0.0715604 
57592 0.132818 0.0851227 
57593 0.137754 0.242385 
57594 0.142514 0.400189 
57595 0.27822 -0.231183 
57596 0.283336 -0.0757176 
57597 0.288268 0.0803146 
57598 0.293379 0.236691 
57599 0.298248 0.393888 
57600 -0.352093 -0.21581 
57601 -0.347755 -0.0579636 
57602 -0.343336 0.100705 
57603 -0.339052 0.259802 
57604 -0.334627 0.419494 
57605 -0.193081 -0.219644 
57606 -0.188537 -0.0625142 
57607 -0.18391 0.095251 
57608 -0.17916 0.2534 
57609 -0.174531 0.412318 
57610 -0.0358226 -0.223299 
57611 -0.0308446 -0.0670753 
57612 -0.0260929 0.0899569 
57613 -0.021178 0.247265 
57614 -0.0162139 0.405114 
57615 0.119908 -0.227004 
57616 0.125046 -0.0714039 
57617 0.130136 0.0844117 
57618 0.135244 0.24094 
57619 0.140453 0.398233 
57620 0.273772 -0.23043 
57621 0.279229 -0.0759982 
57622 0.284655 0.0791403 
57623 0.290077 0.234787 
57624 0.295546 0.391177 
57625 -0.353807 -0.214199 
57626 -0.349059 -0.0566998 
57627 -0.344211 0.10115 
57628 -0.339387 0.259574 
57629 -0.334531 0.418714 
57630 -0.195433 -0.218182 
57631 -0.190192 -0.0617589 
57632 -0.185234 0.0952394 
57633 -0.180107 0.252909 
57634 -0.175171 0.410886 
57635 -0.0385511 -0.222301 
57636 -0.0334016 -0.0666448 
57637 -0.0280905 0.0893708 
57638 -0.0227298 0.246114 
57639 -0.0173583 0.403286 
57640 0.116303 -0.226277 
57641 0.121845 -0.0715177 
57642 0.127472 0.0837179 
57643 0.132848 0.23954 
57644 0.138516 0.395707 
57645 0.269565 -0.230168 
57646 0.275342 -0.076398 
57647 0.281108 0.0779577 
57648 0.28677 0.232764 
57649 0.292695 0.388168 
57650 -0.355269 -0.212746 
57651 -0.350276 -0.0560271 
57652 -0.345073 0.101458 
57653 -0.339824 0.259308 
57654 -0.334626 0.417798 
57655 -0.197456 -0.217054 
57656 -0.192018 -0.0612999 
57657 -0.18659 0.0952039 
57658 -0.181198 0.252095 
57659 -0.175559 0.409436 
57660 -0.041423 -0.221342 
57661 -0.0355901 -0.066445 
57662 -0.0300839 0.0888727 
57663 -0.0242853 0.244862 
57664 -0.0185304 0.401234 
57665 0.112792 -0.225647 
57666 0.118834 -0.0716671 
57667 0.124638 0.0828002 
57668 0.130534 0.237849 
57669 0.136534 0.393199 
57670 0.265236 -0.229886 
57671 0.271416 -0.0769073 
57672 0.277433 0.076582 
57673 0.283504 0.230657 
57674 0.289681 0.385335 
57675 -0.357075 -0.211293 
57676 -0.351542 -0.0551682 
57677 -0.345872 0.101691 
57678 -0.340338 0.259004 
57679 -0.334698 0.416657 
57680 -0.19951 -0.216021 
57681 -0.19378 -0.0608127 
57682 -0.188022 0.0950134 
57683 -0.182082 0.251216 
57684 -0.17616 0.407992 
57685 -0.0440885 -0.220645 
57686 -0.0380918 -0.066447 
57687 -0.0319749 0.0883508 
57688 -0.0259479 0.2435 
57689 -0.0198338 0.399226 
57690 0.109368 -0.225167 
57691 0.115659 -0.0719906 
57692 0.121994 0.0817204 
57693 0.128106 0.235952 
57694 0.13448 0.390709 
57695 0.26086 -0.229753 
57696 0.267427 -0.0774064 
57697 0.273734 0.0753162 
57698 0.280357 0.228517 
57699 0.286869 0.38224 
57700 -0.358767 -0.210141 
57701 -0.352719 -0.0544165 
57702 -0.346814 0.101739 
57703 -0.340771 0.258329 
57704 -0.334675 0.415617 
57705 -0.201737 -0.215188 
57706 -0.195589 -0.0606672 
57707 -0.189313 0.0946638 
57708 -0.183105 0.250112 
57709 -0.176895 0.406383 
57710 -0.0468658 -0.220146 
57711 -0.0405463 -0.066463 
57712 -0.0340827 0.0874544 
57713 -0.027592 0.242089 
57714 -0.021009 0.397127 
57715 0.106048 -0.224863 
57716 0.112574 -0.0723744 
57717 0.119015 0.0804991 
57718 0.125748 0.233976 
57719 0.132481 0.387876 
57720 0.256542 -0.229549 
57721 0.263327 -0.0782307 
57722 0.270334 0.0737319 
57723 0.277206 0.226037 
57724 0.283832 0.378939 
57725 -0.360415 -0.209134 
57726 -0.354058 -0.0539714 
57727 -0.34765 0.101784 
57728 -0.341175 0.257636 
57729 -0.334683 0.414304 
57730 -0.203818 -0.214259 
57731 -0.197351 -0.0603047 
57732 -0.19078 0.0941228 
57733 -0.184209 0.249116 
57734 -0.177505 0.404372 
57735 -0.0495421 -0.219637 
57736 -0.0427631 -0.0666869 
57737 -0.0360631 0.0867089 
57738 -0.029279 0.24047 
57739 -0.0224592 0.394694 
57740 0.102529 -0.224618 
57741 0.109416 -0.0729102 
57742 0.1163 0.0792277 
57743 0.123242 0.232035 
57744 0.130249 0.385173 
57745 0.25246 -0.229722 
57746 0.259632 -0.0790919 
57747 0.266572 0.0722187 
57748 0.273746 0.223614 
57749 0.280894 0.375691 
57750 -0.362112 -0.208239 
57751 -0.355236 -0.0535099 
57752 -0.348437 0.101442 
57753 -0.341721 0.256959 
57754 -0.334837 0.41286 
57755 -0.206005 -0.21369 
57756 -0.199154 -0.0603875 
57757 -0.192068 0.0935741 
57758 -0.184993 0.24774 
57759 -0.178109 0.402425 
57760 -0.0522906 -0.219179 
57761 -0.0451596 -0.0667898 
57762 -0.0380353 0.0856879 
57763 -0.0307513 0.238897 
57764 -0.0236948 0.392291 
57765 0.0991852 -0.224646 
57766 0.106273 -0.0735351 
57767 0.113649 0.0780497 
57768 0.120918 0.230102 
57769 0.128411 0.382261 
57770 0.248218 -0.229858 
57771 0.255683 -0.0799814 
57772 0.263149 0.0703378 
57773 0.27063 0.221226 
57774 0.277948 0.372343 
