57350 -0.33338 -0.249944 
57351 -0.333214 -0.0833385 
57352 -0.333251 0.0833099 
57353 -0.333315 0.24998 
57354 -0.333444 0.416624 
57355 -0.166796 -0.250049 
57356 -0.166664 -0.0832922 
57357 -0.166708 0.083349 
57358 -0.166698 0.249949 
57359 -0.166654 0.416677 
57360 0.000107341 -0.24989 
57361 5.2115e-05 -0.0833704 
57362 -4.2152e-05 0.0833711 
57363 0.000111896 0.250071 
57364 5.30285e-06 0.416718 
57365 0.166716 -0.250007 
57366 0.166735 -0.0834097 
57367 0.166791 0.083368 
57368 0.166661 0.249936 
57369 0.166692 0.416531 
57370 0.333419 -0.250133 
57371 0.333306 -0.0832402 
57372 0.333246 0.0834089 
57373 0.333364 0.249918 
57374 0.333181 0.416619 
57375 -0.334702 -0.246884 
57376 -0.334465 -0.0809236 
57377 -0.334024 0.085107 
57378 -0.333793 0.251091 
57379 -0.333537 0.417292 
57380 -0.168808 -0.247243 
57381 -0.168327 -0.081259 
57382 -0.168046 0.084564 
57383 -0.167744 0.250618 
57384 -0.167296 0.416732 
57385 -0.00292498 -0.247478 
57386 -0.00246969 -0.0816799 
57387 -0.00200442 0.0841088 
57388 -0.00164088 0.250176 
57389 -0.00116533 0.416103 
57390 0.163021 -0.247772 
57391 0.163323 -0.0820471 
57392 0.163766 0.0837709 
57393 0.164209 0.249573 
57394 0.164603 0.415614 
57395 0.328702 -0.248115 
57396 0.328923 -0.0823681 
57397 0.329372 0.0834796 
57398 0.329798 0.24906 
57399 0.3304 0.415091 
57400 -0.336013 -0.243859 
57401 -0.335516 -0.0785619 
57402 -0.334876 0.0866494 
57403 -0.334192 0.252156 
57404 -0.333528 0.417768 
57405 -0.170784 -0.244534 
57406 -0.169919 -0.0794418 
57407 -0.169364 0.085733 
57408 -0.168571 0.251104 
57409 -0.16798 0.416582 
57410 -0.0056462 -0.245058 
57411 -0.00480363 -0.0800717 
57412 -0.00408391 0.0849825 
57413 -0.00329581 0.250149 
57414 -0.00242417 0.415487 
57415 0.159254 -0.24555 
57416 0.160055 -0.0808389 
57417 0.160942 0.0841677 
57418 0.161713 0.249174 
57419 0.162539 0.414304 
57420 0.323703 -0.24614 
57421 0.324652 -0.0816085 
57422 0.325588 0.083283 
57423 0.326344 0.24831 
57424 0.327379 0.413113 
57425 -0.337494 -0.241141 
57426 -0.33648 -0.0765981 
57427 -0.335493 0.0880429 
57428 -0.334749 0.253073 
57429 -0.333665 0.418084 
57430 -0.172815 -0.241979 
57431 -0.171694 -0.077575 
57432 -0.170624 0.0869665 
57433 -0.169641 0.251499 
57434 -0.168428 0.416395 
57435 -0.00841674 -0.242841 
57436 -0.00721354 -0.0786199 
57437 -0.00601192 0.085586 
57438 -0.00488534 0.250066 
57439 -0.00369458 0.41474 
57440 0.15554 -0.243646 
57441 0.156768 -0.0796929 
57442 0.158094 0.0843896 
57443 0.159277 0.24857 
57444 0.16041 0.412871 
57445 0.319103 -0.244354 
57446 0.320392 -0.0808917 
57447 0.321748 0.0829678 
57448 0.323002 0.247143 
57449 0.324381 0.411206 
57450 -0.338943 -0.238511 
57451 -0.337749 -0.0744349 
57452 -0.336297 0.0893854 
57453 -0.33495 0.253685 
57454 -0.333714 0.418271 
57455 -0.174943 -0.23966 
57456 -0.173433 -0.0759275 
57457 -0.171965 0.0877797 
57458 -0.170417 0.251917 
57459 -0.169046 0.416086 
57460 -0.0111615 -0.24073 
57461 -0.00967597 -0.0774547 
57462 -0.008242 0.0860737 
57463 -0.0065959 0.2499 
57464 -0.00499414 0.413842 
57465 0.151871 -0.241811 
57466 0.1535 -0.0788117 
57467 0.155207 0.0844685 
57468 0.156821 0.24784 
57469 0.158451 0.411481 
57470 0.314435 -0.242977 
57471 0.316126 -0.0802345 
57472 0.317851 0.0826214 
57473 0.319735 0.245777 
57474 0.3215 0.409357 
57475 -0.340505 -0.235792 
57476 -0.338851 -0.0727836 
57477 -0.337117 0.0905509 
57478 -0.335426 0.254363 
57479 -0.333733 0.418311 
57480 -0.176958 -0.237396 
57481 -0.174954 -0.0745146 
57482 -0.173224 0.0887119 
57483 -0.171537 0.25194 
57484 -0.169684 0.415428 
57485 -0.0139419 -0.238711 
57486 -0.0121414 -0.076328 
57487 -0.0101484 0.0864916 
57488 -0.00819919 0.249376 
57489 -0.00628414 0.412758 
57490 0.148188 -0.240321 
57491 0.150321 -0.0780227 
57492 0.152265 0.08435 
57493 0.154478 0.246869 
57494 0.156437 0.409825 
57495 0.309768 -0.241655 
57496 0.311909 -0.0799927 
57497 0.314156 0.0821379 
57498 0.316326 0.244515 
57499 0.318445 0.407021 
57500 -0.342079 -0.233509 
57501 -0.339974 -0.0710082 
57502 -0.337852 0.0917895 
57503 -0.335727 0.254954 
57504 -0.333783 0.418322 
57505 -0.179044 -0.235282 
57506 -0.176742 -0.0730347 
57507 -0.174687 0.0892601 
57508 -0.172453 0.251941 
57509 -0.170264 0.414808 
57510 -0.0168185 -0.236983 
57511 -0.0145209 -0.0753288 
57512 -0.0121854 0.0866412 
57513 -0.00982514 0.24887 
57514 -0.00738881 0.41133 
57515 0.144495 -0.238766 
57516 0.146965 -0.0775194 
57517 0.149453 0.0840234 
57518 0.152065 0.245966 
57519 0.15447 0.408135 
57520 0.3051 -0.240373 
57521 0.307797 -0.0796154 
57522 0.310441 0.0815078 
57523 0.312965 0.242932 
57524 0.31555 0.404692 
57525 -0.343595 -0.231184 
57526 -0.341077 -0.0693626 
57527 -0.338539 0.0927649 
57528 -0.336219 0.255313 
57529 -0.333766 0.418134 
57530 -0.181067 -0.233394 
57531 -0.178493 -0.0718937 
57532 -0.175947 0.0897958 
57533 -0.173423 0.251866 
57534 -0.170698 0.414037 
57535 -0.0196644 -0.235326 
57536 -0.0169506 -0.0745362 
57537 -0.014193 0.0867519 
57538 -0.0113924 0.248316 
57539 -0.00860948 0.410208 
57540 0.140807 -0.23724 
57541 0.143659 -0.0769549 
57542 0.146594 0.0836998 
57543 0.149541 0.244806 
57544 0.15252 0.406205 
57545 0.300332 -0.23953 
57546 0.303547 -0.079627 
57547 0.30654 0.0807879 
57548 0.30966 0.241259 
57549 0.312531 0.402189 
57550 -0.345147 -0.229143 
57551 -0.342273 -0.0679447 
57552 -0.339336 0.0935969 
57553 -0.336658 0.255688 
57554 -0.333765 0.417735 
57555 -0.183239 -0.231567 
57556 -0.180477 -0.0709122 
57557 -0.177386 0.0902119 
57558 -0.174331 0.251428 
57559 -0.171412 0.413362 
57560 -0.0223908 -0.233847 
57561 -0.0193705 -0.0737893 
57562 -0.0162282 0.0866558 
57563 -0.0129457 0.247567 
57564 -0.00990206 0.408703 
57565 0.137257 -0.236252 
57566 0.14055 -0.0766281 
57567 0.143843 0.0832917 
57568 0.14702 0.24349 
57569 0.15054 0.404235 
57570 0.295937 -0.238653 
57571 0.299379 -0.0795643 
57572 0.3028 0.0798765 
57573 0.306353 0.239574 
57574 0.309748 0.399703 
57575 -0.346729 -0.227176 
57576 -0.343496 -0.0664699 
57577 -0.340205 0.094324 
57578 -0.337117 0.255681 
57579 -0.333824 0.417245 
57580 -0.185436 -0.229791 
57581 -0.182009 -0.0699679 
57582 -0.178647 0.0904141 
57583 -0.175276 0.251231 
57584 -0.171743 0.412117 
57585 -0.0252797 -0.232494 
57586 -0.0216935 -0.0731486 
57587 -0.0180817 0.0866135 
57588 -0.0146774 0.246671 
57589 -0.011006 0.406949 
57590 0.133637 -0.235259 
57591 0.137387 -0.07635 
57592 0.141023 0.0826222 
57593 0.144807 0.242118 
57594 0.148539 0.401977 
57595 0.291311 -0.237982 
57596 0.295234 -0.0796471 
57597 0.299161 0.0788825 
57598 0.303042 0.237681 
57599 0.306885 0.397023 
57600 -0.348361 -0.225379 
57601 -0.344772 -0.0654148 
57602 -0.341118 0.0948911 
57603 -0.337415 0.255594 
57604 -0.333685 0.416724 
57605 -0.187414 -0.228422 
57606 -0.183823 -0.0691042 
57607 -0.180118 0.0906333 
57608 -0.176145 0.250628 
57609 -0.17242 0.411018 
57610 -0.0280942 -0.231409 
57611 -0.0241072 -0.0727976 
57612 -0.0201896 0.0862976 
57613 -0.0162174 0.245629 
57614 -0.0122827 0.405283 
57615 0.129942 -0.234261 
57616 0.134033 -0.0763964 
57617 0.138269 0.0820513 
57618 0.142266 0.240621 
57619 0.146486 0.399717 
57620 0.286859 -0.237231 
57621 0.291079 -0.0800001 
57622 0.29541 0.0776954 
57623 0.299548 0.235734 
57624 0.303942 0.394098 
57625 -0.349957 -0.223742 
57626 -0.345912 -0.0642815 
57627 -0.341997 0.0953487 
57628 -0.337863 0.255564 
57629 -0.333757 0.415941 
57630 -0.18971 -0.227011 
57631 -0.185517 -0.0683923 
57632 -0.181397 0.0905749 
57633 -0.177081 0.249889 
57634 -0.172882 0.409572 
57635 -0.030794 -0.230155 
57636 -0.0265365 -0.0723711 
57637 -0.0221803 0.0859833 
57638 -0.0177738 0.244386 
57639 -0.0135881 0.403472 
57640 0.126418 -0.233591 
57641 0.130927 -0.0763501 
57642 0.135371 0.0811738 
57643 0.139888 0.239038 
57644 0.14447 0.397176 
57645 0.282358 -0.2368 
57646 0.286987 -0.0803374 
57647 0.291531 0.0764336 
57648 0.296342 0.233706 
57649 0.301082 0.391044 
57650 -0.351626 -0.222084 
57651 -0.347155 -0.063408 
57652 -0.342692 0.0956625 
57653 -0.338311 0.255249 
57654 -0.333921 0.414944 
57655 -0.191839 -0.225839 
57656 -0.187243 -0.0677053 
57657 -0.182652 0.090521 
57658 -0.178057 0.249262 
57659 -0.173371 0.408143 
57660 -0.0337582 -0.229413 
57661 -0.0289746 -0.0722673 
57662 -0.0242686 0.0853522 
57663 -0.0193453 0.243162 
57664 -0.0147541 0.401278 
57665 0.122945 -0.232998 
57666 0.127728 -0.0765827 
57667 0.132619 0.0801651 
57668 0.137549 0.237228 
57669 0.142399 0.394642 
57670 0.278069 -0.236488 
57671 0.282935 -0.080951 
57672 0.287982 0.0751637 
57673 0.293055 0.23137 
57674 0.298099 0.388089 
57675 -0.353218 -0.220784 
57676 -0.348395 -0.0625875 
57677 -0.343451 0.0959748 
57678 -0.338636 0.254748 
57679 -0.333881 0.413908 
57680 -0.194061 -0.224767 
57681 -0.189065 -0.0673152 
57682 -0.184053 0.0902727 
57683 -0.179063 0.248291 
57684 -0.174125 0.406593 
57685 -0.0364407 -0.228717 
57686 -0.0313715 -0.072282 
57687 -0.0262876 0.0846688 
57688 -0.0209585 0.241813 
57689 -0.0160978 0.399347 
57690 0.119234 -0.232536 
57691 0.124664 -0.0768033 
57692 0.129699 0.0790954 
57693 0.135128 0.235451 
57694 0.140463 0.392134 
57695 0.273621 -0.236306 
57696 0.278844 -0.0815005 
57697 0.284189 0.0736427 
57698 0.28983 0.229129 
57699 0.295131 0.384932 
57700 -0.354756 -0.219484 
57701 -0.349642 -0.061902 
57702 -0.344368 0.0961139 
57703 -0.339052 0.254315 
57704 -0.333795 0.412702 
57705 -0.19625 -0.223929 
57706 -0.19083 -0.0671899 
57707 -0.185456 0.0898421 
57708 -0.179993 0.247228 
57709 -0.174704 0.404901 
57710 -0.039309 -0.227921 
57711 -0.0337631 -0.072111 
57712 -0.0282462 0.0838437 
57713 -0.0228005 0.240335 
57714 -0.0171371 0.397083 
57715 0.115718 -0.232176 
57716 0.121422 -0.0772574 
57717 0.127077 0.0779464 
57718 0.132725 0.233492 
57719 0.138441 0.389181 
57720 0.269312 -0.236327 
57721 0.274983 -0.0822214 
57722 0.2807 0.0720447 
57723 0.286464 0.226722 
57724 0.292231 0.381517 
57725 -0.356619 -0.21837 
57726 -0.350896 -0.0613474 
57727 -0.345192 0.0959184 
57728 -0.339455 0.253514 
57729 -0.333804 0.411392 
57730 -0.198353 -0.223111 
57731 -0.192549 -0.0670172 
57732 -0.186883 0.0893991 
57733 -0.181004 0.245991 
57734 -0.175211 0.402935 
57735 -0.0420512 -0.227495 
57736 -0.0362836 -0.0722633 
57737 -0.0303535 0.0829477 
57738 -0.0243711 0.238656 
57739 -0.0185714 0.394578 
57740 0.112305 -0.231931 
57741 0.118307 -0.0778228 
57742 0.124265 0.076578 
57743 0.130364 0.231369 
57744 0.136302 0.38648 
57745 0.26484 -0.236332 
57746 0.270874 -0.0830031 
57747 0.277047 0.0703244 
57748 0.283199 0.224228 
57749 0.289206 0.378178 
57750 -0.358334 -0.217426 
57751 -0.352295 -0.0610295 
57752 -0.346139 0.095804 
57753 -0.339835 0.252833 
57754 -0.333831 0.409977 
57755 -0.200536 -0.22235 
57756 -0.194446 -0.0668826 
57757 -0.188206 0.0887357 
57758 -0.182015 0.244826 
57759 -0.175706 0.4009 
57760 -0.0448254 -0.227202 
57761 -0.0385873 -0.0726891 
57762 -0.0323119 0.0819994 
57763 -0.0260538 0.236854 
57764 -0.0198053 0.392175 
57765 0.108795 -0.231932 
57766 0.115159 -0.0784947 
57767 0.121497 0.0752423 
57768 0.127771 0.229245 
57769 0.134168 0.383362 
57770 0.260416 -0.23661 
57771 0.267026 -0.083986 
57772 0.273305 0.0686887 
57773 0.27977 0.221628 
57774 0.286241 0.374814 
57775 -0.360001 -0.216739 
57776 -0.3535 -0.0607052 
57777 -0.346968 0.0953271 
57778 -0.340438 0.251713 
57779 -0.333855 0.408319 
57780 -0.202688 -0.221953 
57781 -0.196008 -0.067087 
57782 -0.189521 0.0880785 
57783 -0.182933 0.243335 
57784 -0.176395 0.398713 
57785 -0.0476429 -0.226981 
57786 -0.040926 -0.0731717 
57787 -0.034389 0.0808141 
57788 -0.0277073 0.235047 
57789 -0.0211127 0.389447 
57790 0.105375 -0.231985 
57791 0.112045 -0.0791362 
57792 0.118736 0.0737272 
57793 0.125414 0.226953 
57794 0.13203 0.380289 
57795 0.256393 -0.236899 
57796 0.263025 -0.0850345 
57797 0.269711 0.0667149 
57798 0.276585 0.218885 
57799 0.283261 0.371329 
57800 -0.361755 -0.216051 
57801 -0.354764 -0.0607133 
57802 -0.347798 0.0949763 
57803 -0.340934 0.250745 
57804 -0.333939 0.406543 
57805 -0.204915 -0.221511 
57806 -0.197833 -0.0671493 
57807 -0.190968 0.0872054 
57808 -0.184128 0.241735 
57809 -0.177057 0.39652 
57810 -0.0502322 -0.226912 
57811 -0.0433679 -0.0737683 
57812 -0.0365524 0.079706 
57813 -0.0294354 0.233178 
57814 -0.0223919 0.386729 
57815 0.102034 -0.232221 
57816 0.109 -0.0800851 
57817 0.115853 0.0720852 
57818 0.122934 0.224623 
57819 0.129847 0.377035 
57820 0.252113 -0.237227 
57821 0.259139 -0.0863777 
57822 0.266212 0.0647448 
57823 0.273118 0.216027 
57824 0.28007 0.367395 
57825 -0.363308 -0.215608 
57826 -0.355952 -0.0606311 
57827 -0.348644 0.0943008 
57828 -0.341406 0.249374 
57829 -0.334132 0.404669 
57830 -0.206961 -0.221335 
57831 -0.199649 -0.0675233 
57832 -0.192508 0.08629 
57833 -0.185078 0.240129 
57834 -0.177869 0.394144 
57835 -0.0531225 -0.226899 
57836 -0.0458638 -0.0743055 
57837 -0.0384556 0.0783355 
57838 -0.0311556 0.23101 
57839 -0.0236965 0.383962 
57840 0.098541 -0.232498 
57841 0.105929 -0.0811551 
57842 0.113155 0.0705037 
57843 0.120527 0.22195 
57844 0.12778 0.373719 
57845 0.247931 -0.237899 
57846 0.255381 -0.0876034 
57847 0.262612 0.0627928 
57848 0.269804 0.213177 
57849 0.277115 0.36377 
