4600 -0.332945 -0.216869 
4601 -0.3335 -0.0169311 
4602 -0.333025 0.183216 
4603 -0.33318 0.383693 
4604 -0.166301 -0.216613 
4605 -0.166648 -0.0162629 
4606 -0.167144 0.183536 
4607 -0.166354 0.383065 
4608 -2.91465e-06 -0.217005 
4609 0.000462846 -0.0165431 
4610 0.000352522 0.183088 
4611 -0.000322603 0.383652 
4612 0.166318 -0.216804 
4613 0.166275 -0.0161797 
4614 0.166894 0.183704 
4615 0.166351 0.383069 
4616 0.333543 -0.216391 
4617 0.3336 -0.0167637 
4618 0.333148 0.183788 
4619 0.333269 0.383162 
4620 -0.313752 -0.201169 
4621 -0.314568 -0.0191426 
4622 -0.314929 0.162351 
4623 -0.316114 0.343475 
4624 -0.16274 -0.20057 
4625 -0.162975 -0.0186798 
4626 -0.16382 0.162971 
4627 -0.163938 0.343975 
4628 -0.0118888 -0.19936 
4629 -0.0122304 -0.0179093 
4630 -0.0129082 0.162544 
4631 -0.0128011 0.344109 
4632 0.139475 -0.199137 
4633 0.139184 -0.0180641 
4634 0.138109 0.162819 
4635 0.138202 0.344576 
4636 0.289611 -0.197973 
4637 0.28989 -0.0171328 
4638 0.289031 0.163748 
4639 0.288366 0.344302 
4640 -0.298826 -0.186688 
4641 -0.299506 -0.020763 
4642 -0.30015 0.144717 
4643 -0.300969 0.310742 
4644 -0.159388 -0.186525 
4645 -0.160905 -0.0197893 
4646 -0.162175 0.145459 
4647 -0.162486 0.311224 
4648 -0.0220662 -0.184868 
4649 -0.0222716 -0.019697 
4650 -0.0235212 0.146001 
4651 -0.0248408 0.311526 
4652 0.116326 -0.184487 
4653 0.115701 -0.018309 
4654 0.114408 0.146842 
4655 0.114001 0.311918 
4656 0.253225 -0.182686 
4657 0.252561 -0.0181638 
4658 0.252029 0.147377 
4659 0.251141 0.31263 
4660 -0.28572 -0.175593 
4661 -0.287202 -0.0221738 
4662 -0.288151 0.13127 
4663 -0.28979 0.284347 
4664 -0.157759 -0.173721 
4665 -0.158821 -0.0212701 
4666 -0.160196 0.132251 
4667 -0.161283 0.285076 
4668 -0.0303788 -0.17278 
4669 -0.0315408 -0.0203376 
4670 -0.0325143 0.13238 
4671 -0.0344043 0.285023 
4672 0.096315 -0.170756 
4673 0.0955789 -0.0190206 
4674 0.0942488 0.132939 
4675 0.0929063 0.285862 
4676 0.22306 -0.169928 
4677 0.221565 -0.0177385 
4678 0.220712 0.134602 
4679 0.219471 0.285795 
4680 -0.274815 -0.164449 
4681 -0.276348 -0.0231873 
4682 -0.278161 0.11922 
4683 -0.279243 0.26146 
4684 -0.15635 -0.163037 
4685 -0.157775 -0.0219013 
4686 -0.159218 0.120293 
4687 -0.160756 0.261639 
4688 -0.0380755 -0.161678 
4689 -0.0393542 -0.0198978 
4690 -0.0416106 0.120851 
4691 -0.0431819 0.262168 
4692 0.0795165 -0.159805 
4693 0.0781961 -0.0186525 
4694 0.0766206 0.121861 
4695 0.0751664 0.263667 
4696 0.196801 -0.158086 
4697 0.194909 -0.0176654 
4698 0.19321 0.122817 
4699 0.191738 0.264259 
4700 -0.266302 -0.155737 
4701 -0.267447 -0.0233471 
4702 -0.269605 0.109416 
4703 -0.271604 0.241659 
4704 -0.155041 -0.153512 
4705 -0.157102 -0.0216436 
4706 -0.158452 0.110513 
4707 -0.160695 0.242563 
4708 -0.0450889 -0.151266 
4709 -0.0463087 -0.0195796 
4710 -0.048302 0.111517 
4711 -0.0506694 0.243235 
4712 0.0640483 -0.149884 
4713 0.0629684 -0.0178858 
4714 0.0606753 0.113398 
4715 0.0588687 0.244169 
4716 0.173227 -0.147333 
4717 0.17214 -0.0172736 
4718 0.170227 0.114343 
4719 0.16855 0.245126 
4720 -0.258611 -0.146494 
4721 -0.26086 -0.0226692 
4722 -0.262137 0.100851 
4723 -0.264881 0.225425 
4724 -0.154125 -0.144471 
4725 -0.156476 -0.0209976 
4726 -0.158602 0.102997 
4727 -0.160827 0.225843 
4728 -0.0513422 -0.142422 
4729 -0.0536827 -0.0198222 
4730 -0.0553616 0.103718 
4731 -0.057522 0.227358 
4732 0.0516688 -0.140498 
4733 0.0487799 -0.0176392 
4734 0.0470066 0.105194 
4735 0.0450736 0.228085 
4736 0.152837 -0.138477 
4737 0.151566 -0.0160012 
4738 0.148617 0.106935 
4739 0.146649 0.229309 
4740 -0.251823 -0.138662 
4741 -0.254378 -0.0224627 
4742 -0.256673 0.0941544 
4743 -0.25897 0.211415 
4744 -0.154495 -0.136637 
4745 -0.156098 -0.0204439 
4746 -0.158267 0.0956029 
4747 -0.160759 0.212266 
4748 -0.0571796 -0.13488 
4749 -0.0588854 -0.0184646 
4750 -0.0613079 0.0968699 
4751 -0.06408 0.21284 
4752 0.0390454 -0.132036 
4753 0.037125 -0.0163054 
4754 0.0349335 0.0990961 
4755 0.0330268 0.21412 
4756 0.134882 -0.12995 
4757 0.132959 -0.0149293 
4758 0.130671 0.100356 
4759 0.128001 0.21589 
4760 -0.246097 -0.131711 
4761 -0.249046 -0.0219686 
4762 -0.251737 0.0879522 
4763 -0.253856 0.199037 
4764 -0.154381 -0.128974 
4765 -0.156414 -0.0197686 
4766 -0.15873 0.0901985 
4767 -0.161241 0.200351 
4768 -0.0624521 -0.127042 
4769 -0.0650892 -0.0180741 
4770 -0.0667611 0.0912173 
4771 -0.0701192 0.200938 
4772 0.0284482 -0.124553 
4773 0.0265657 -0.0156081 
4774 0.0235931 0.0933531 
4775 0.0212299 0.202701 
4776 0.119088 -0.122359 
4777 0.116634 -0.0137327 
4778 0.113648 0.0954055 
4779 0.112154 0.20397 
4780 -0.242035 -0.124819 
4781 -0.244282 -0.0210801 
4782 -0.24641 0.0834331 
4783 -0.249188 0.187564 
4784 -0.154023 -0.122568 
4785 -0.156384 -0.0188744 
4786 -0.159725 0.0854018 
4787 -0.161857 0.189655 
4788 -0.0679026 -0.119759 
4789 -0.0700247 -0.0165395 
4790 -0.0723636 0.0873283 
4791 -0.0751712 0.191114 
4792 0.0183434 -0.117281 
4793 0.0165214 -0.0145352 
4794 0.0137789 0.0883361 
4795 0.0109295 0.191811 
4796 0.104203 -0.114853 
4797 0.101513 -0.0126549 
4798 0.0985815 0.0901501 
4799 0.0962766 0.192783 
4800 -0.237817 -0.118801 
4801 -0.240755 -0.0201402 
4802 -0.24344 0.0796722 
4803 -0.246265 0.178448 
4804 -0.154509 -0.116115 
4805 -0.157517 -0.0169275 
4806 -0.159924 0.0815411 
4807 -0.163037 0.179962 
4808 -0.0717574 -0.113437 
4809 -0.0744472 -0.014884 
4810 -0.0776205 0.0832838 
4811 -0.0796744 0.18181 
4812 0.00906334 -0.110984 
4813 0.006722 -0.0129636 
4814 0.00432779 0.0846426 
4815 0.00190158 0.183123 
4816 0.0901726 -0.107993 
4817 0.0875822 -0.0106695 
4818 0.0850116 0.086526 
4819 0.082819 0.184012 
4820 -0.23435 -0.112806 
4821 -0.236976 -0.0180601 
4822 -0.240316 0.0756134 
4823 -0.243223 0.170032 
4824 -0.15506 -0.109834 
4825 -0.158058 -0.0160026 
4826 -0.16059 0.0778209 
4827 -0.163046 0.171684 
4828 -0.0765321 -0.106999 
4829 -0.0798457 -0.0133541 
4830 -0.0823323 0.0800919 
4831 -0.0847271 0.173541 
4832 0.000701328 -0.103828 
4833 -0.0015284 -0.0114126 
4834 -0.00390213 0.0819733 
4835 -0.00699244 0.175471 
4836 0.0777537 -0.101315 
4837 0.0758124 -0.00852112 
4838 0.07324 0.0833698 
4839 0.0705554 0.176348 
4840 -0.231616 -0.106681 
4841 -0.234477 -0.0171454 
4842 -0.23742 0.0729541 
4843 -0.240269 0.163684 
4844 -0.155903 -0.103627 
4845 -0.158543 -0.0144999 
4846 -0.16155 0.0752771 
4847 -0.164805 0.164519 
4848 -0.0805087 -0.100948 
4849 -0.0838358 -0.0118937 
4850 -0.0863343 0.0775558 
4851 -0.0897676 0.166903 
4852 -0.00638147 -0.0985277 
4853 -0.00991249 -0.00982996 
4854 -0.0126572 0.0794875 
4855 -0.0146573 0.168461 
4856 0.0668937 -0.0952137 
4857 0.0644604 -0.00701691 
4858 0.0609617 0.080741 
4859 0.0585485 0.169497 
4860 -0.228818 -0.101572 
4861 -0.23167 -0.0154115 
4862 -0.234859 0.0708984 
4863 -0.238413 0.157516 
4864 -0.156607 -0.0984737 
4865 -0.159615 -0.013055 
4866 -0.162802 0.0729109 
4867 -0.165952 0.158649 
4868 -0.0847847 -0.0950704 
4869 -0.0880708 -0.0102298 
4870 -0.0903868 0.0746454 
4871 -0.0935395 0.16017 
4872 -0.0143713 -0.0924787 
4873 -0.0168178 -0.00749078 
4874 -0.0193963 0.0767854 
4875 -0.0225045 0.161558 
4876 0.056188 -0.0901131 
4877 0.0529119 -0.00516968 
4878 0.0502968 0.0789435 
4879 0.0478061 0.163465 
4880 -0.226663 -0.0963339 
4881 -0.229783 -0.0133554 
4882 -0.232564 0.0687612 
4883 -0.236231 0.151545 
4884 -0.156802 -0.0926884 
4885 -0.160063 -0.0110159 
4886 -0.163154 0.0709959 
4887 -0.16639 0.153124 
4888 -0.0888952 -0.0899744 
4889 -0.091653 -0.00841928 
4890 -0.0947312 0.0735849 
4891 -0.0982074 0.155096 
4892 -0.020927 -0.0866398 
4893 -0.0237788 -0.0060972 
4894 -0.0267089 0.0755815 
4895 -0.0296986 0.157031 
4896 0.0465687 -0.0842566 
4897 0.0438664 -0.00343678 
4898 0.0408531 0.0778071 
4899 0.0373847 0.158825 
4900 -0.224762 -0.0909544 
4901 -0.227759 -0.0114114 
4902 -0.231216 0.0679569 
4903 -0.234673 0.146952 
4904 -0.158179 -0.0881019 
4905 -0.160909 -0.00867896 
4906 -0.16408 0.0695564 
4907 -0.167506 0.149075 
4908 -0.0919798 -0.0845112 
4909 -0.0951996 -0.0069441 
4910 -0.0989584 0.0715817 
4911 -0.102167 0.150797 
4912 -0.0270758 -0.0816942 
4913 -0.0303806 -0.00360353 
4914 -0.033279 0.0738086 
4915 -0.0364389 0.152312 
4916 0.0375703 -0.0787364 
4917 0.0344914 -0.00132361 
4918 0.0309079 0.075899 
4919 0.0279786 0.154295 
4920 -0.223468 -0.0853271 
4921 -0.226222 -0.00949483 
4922 -0.23013 0.0662867 
4923 -0.233143 0.142498 
4924 -0.159407 -0.0824545 
4925 -0.162721 -0.00670964 
4926 -0.165492 0.069034 
4927 -0.169166 0.144906 
4928 -0.0965077 -0.0794385 
4929 -0.0996706 -0.00496882 
4930 -0.102495 0.0703779 
4931 -0.10573 0.146394 
4932 -0.0338746 -0.0767775 
4933 -0.0362166 -0.00207137 
4934 -0.0396309 0.0729083 
4935 -0.0426879 0.148319 
4936 0.0284023 -0.07373 
4937 0.0254166 0.000613503 
4938 0.022134 0.0751737 
4939 0.0194735 0.149924 
4940 -0.221753 -0.0809545 
4941 -0.225819 -0.00784108 
4942 -0.228332 0.0654631 
4943 -0.231957 0.139426 
4944 -0.160934 -0.0773538 
4945 -0.163657 -0.00459862 
4946 -0.167349 0.0679273 
4947 -0.170089 0.140903 
4948 -0.0994309 -0.0745887 
4949 -0.102873 -0.00250572 
4950 -0.106148 0.070404 
4951 -0.10854 0.142764 
4952 -0.0396147 -0.0717954 
4953 -0.0419142 0.000312062 
4954 -0.0454327 0.0726827 
4955 -0.0481275 0.144993 
4956 0.0199161 -0.0686095 
4957 0.0171236 0.00316226 
4958 0.0144829 0.0746706 
4959 0.0115692 0.146824 
4960 -0.22124 -0.0761796 
4961 -0.224697 -0.00555352 
4962 -0.228267 0.0650185 
4963 -0.230793 0.136095 
4964 -0.161387 -0.0730144 
4965 -0.164929 -0.00253161 
4966 -0.16799 0.0669632 
4967 -0.171633 0.138243 
4968 -0.103191 -0.0694813 
4969 -0.106305 -0.000406924 
4970 -0.109231 0.0693784 
4971 -0.112379 0.139597 
4972 -0.0446382 -0.0666218 
4973 -0.0481004 0.00238883 
4974 -0.0512258 0.0722439 
4975 -0.0539909 0.141755 
4976 0.0125132 -0.0641845 
4977 0.00988202 0.00490752 
4978 0.00678902 0.0739278 
4979 0.00408914 0.143656 
4980 -0.219996 -0.0708999 
4981 -0.223861 -0.00314408 
4982 -0.227319 0.0650082 
4983 -0.230395 0.132896 
4984 -0.162757 -0.0680949 
4985 -0.166158 -0.000206851 
4986 -0.169024 0.0675886 
4987 -0.172776 0.135467 
4988 -0.106135 -0.0648075 
4989 -0.109151 0.00174579 
4990 -0.112522 0.069239 
4991 -0.115385 0.137579 
4992 -0.0503177 -0.0624288 
4993 -0.0535368 0.00503005 
4994 -0.0566139 0.0714233 
4995 -0.0597488 0.138912 
4996 0.00560407 -0.0590607 
4997 0.00190349 0.00683222 
4998 -0.000205013 0.0741352 
4999 -0.0039645 0.140493 
