57550 -0.333372 -0.249979 
57551 -0.333461 -0.08335 
57552 -0.333281 0.0834101 
57553 -0.333289 0.249989 
57554 -0.333242 0.416755 
57555 -0.166575 -0.250041 
57556 -0.166606 -0.0833111 
57557 -0.16666 0.0834086 
57558 -0.166655 0.250132 
57559 -0.166721 0.416593 
57560 -0.000103814 -0.250006 
57561 -9.91748e-05 -0.0833615 
57562 1.46464e-05 0.0834105 
57563 -2.45499e-05 0.250037 
57564 -1.41967e-05 0.416565 
57565 0.166627 -0.249973 
57566 0.166597 -0.0833085 
57567 0.166587 0.0833254 
57568 0.166777 0.249981 
57569 0.166607 0.416667 
57570 0.333333 -0.250094 
57571 0.333472 -0.0833733 
57572 0.333253 0.083361 
57573 0.333387 0.249957 
57574 0.333576 0.416658 
57575 -0.334898 -0.247896 
57576 -0.334507 -0.0819546 
57577 -0.33411 0.0840984 
57578 -0.333605 0.250008 
57579 -0.333281 0.415962 
57580 -0.168947 -0.248185 
57581 -0.168544 -0.0823533 
57582 -0.168104 0.0837013 
57583 -0.167641 0.249523 
57584 -0.167151 0.415511 
57585 -0.00276669 -0.248612 
57586 -0.00258951 -0.082798 
57587 -0.00209303 0.0830432 
57588 -0.00167822 0.248889 
57589 -0.00116313 0.414892 
57590 0.16288 -0.248902 
57591 0.163206 -0.0830925 
57592 0.163779 0.0827545 
57593 0.164193 0.248645 
57594 0.164697 0.414309 
57595 0.32847 -0.249264 
57596 0.32888 -0.0835718 
57597 0.329352 0.0821335 
57598 0.329766 0.247858 
57599 0.330343 0.413736 
57600 -0.336596 -0.246152 
57601 -0.33573 -0.0806505 
57602 -0.33485 0.0847609 
57603 -0.33406 0.250005 
57604 -0.333197 0.415395 
57605 -0.170952 -0.24676 
57606 -0.170277 -0.0816064 
57607 -0.16944 0.0836815 
57608 -0.168621 0.248853 
57609 -0.167599 0.414155 
57610 -0.00590671 -0.247395 
57611 -0.00495741 -0.082275 
57612 -0.00419468 0.0828101 
57613 -0.00322786 0.247951 
57614 -0.00246869 0.413011 
57615 0.159059 -0.248029 
57616 0.159893 -0.0830189 
57617 0.160853 0.0818244 
57618 0.161771 0.246697 
57619 0.162605 0.411804 
57620 0.323693 -0.248769 
57621 0.324596 -0.0838413 
57622 0.325561 0.0808822 
57623 0.326321 0.245649 
57624 0.327247 0.410551 
57625 -0.338196 -0.244333 
57626 -0.33691 -0.0797034 
57627 -0.335647 0.0850415 
57628 -0.334345 0.249921 
57629 -0.333187 0.41456 
57630 -0.17328 -0.245261 
57631 -0.171997 -0.080921 
57632 -0.170748 0.0837446 
57633 -0.169442 0.248309 
57634 -0.168087 0.412672 
57635 -0.00880651 -0.246317 
57636 -0.00750453 -0.0819747 
57637 -0.0061336 0.0823374 
57638 -0.00488806 0.246647 
57639 -0.0036723 0.410876 
57640 0.155272 -0.247286 
57641 0.156539 -0.0831317 
57642 0.15787 0.0808273 
57643 0.159132 0.244982 
57644 0.160487 0.40918 
57645 0.318866 -0.248279 
57646 0.320143 -0.0843745 
57647 0.321585 0.0796116 
57648 0.322853 0.243399 
57649 0.324069 0.407376 
57650 -0.339838 -0.242741 
57651 -0.338194 -0.0785193 
57652 -0.336371 0.085448 
57653 -0.334696 0.249511 
57654 -0.333112 0.413652 
57655 -0.175468 -0.244063 
57656 -0.173874 -0.0802185 
57657 -0.172138 0.0835488 
57658 -0.170396 0.247422 
57659 -0.168536 0.411159 
57660 -0.0117311 -0.245535 
57661 -0.0100128 -0.0816693 
57662 -0.00827499 0.0815939 
57663 -0.00658309 0.245094 
57664 -0.00480427 0.408919 
57665 0.151555 -0.246692 
57666 0.153164 -0.0833574 
57667 0.154917 0.079651 
57668 0.156653 0.243106 
57669 0.158433 0.406329 
57670 0.314159 -0.247959 
57671 0.315922 -0.0848992 
57672 0.317516 0.0779602 
57673 0.319324 0.241075 
57674 0.321116 0.403772 
57675 -0.341608 -0.241363 
57676 -0.339444 -0.0778552 
57677 -0.337309 0.085514 
57678 -0.335189 0.249071 
57679 -0.332967 0.412267 
57680 -0.177663 -0.242963 
57681 -0.175498 -0.0798631 
57682 -0.173449 0.0832217 
57683 -0.171327 0.246265 
57684 -0.169132 0.409452 
57685 -0.0146277 -0.244614 
57686 -0.0125419 -0.0819101 
57687 -0.010347 0.0809732 
57688 -0.00813492 0.243587 
57689 -0.00609005 0.406488 
57690 0.147824 -0.246177 
57691 0.149884 -0.0837531 
57692 0.152023 0.07847 
57693 0.154239 0.241005 
57694 0.156348 0.403495 
57695 0.30951 -0.247785 
57696 0.311728 -0.0857698 
57697 0.313718 0.076217 
57698 0.315865 0.238378 
57699 0.318012 0.40051 
57700 -0.343232 -0.239935 
57701 -0.340508 -0.0772484 
57702 -0.337936 0.0856547 
57703 -0.335436 0.248312 
57704 -0.332903 0.411136 
57705 -0.179928 -0.242048 
57706 -0.177337 -0.0795825 
57707 -0.17485 0.0827593 
57708 -0.172067 0.245208 
57709 -0.169663 0.407395 
57710 -0.0174789 -0.243918 
57711 -0.0150701 -0.0820508 
57712 -0.0123931 0.0801205 
57713 -0.00979586 0.241967 
57714 -0.00739075 0.403977 
57715 0.144162 -0.245906 
57716 0.146629 -0.0842748 
57717 0.149251 0.0772595 
57718 0.151747 0.239053 
57719 0.154185 0.400392 
57720 0.304919 -0.247688 
57721 0.307434 -0.0865674 
57722 0.309901 0.0746041 
57723 0.312364 0.235753 
57724 0.315067 0.39692 
57725 -0.344845 -0.238964 
57726 -0.341737 -0.0767577 
57727 -0.338848 0.0855172 
57728 -0.335917 0.24753 
57729 -0.332819 0.409545 
57730 -0.182159 -0.241304 
57731 -0.179225 -0.0793773 
57732 -0.176201 0.0823121 
57733 -0.173246 0.244061 
57734 -0.170133 0.405613 
57735 -0.0203496 -0.243441 
57736 -0.0174591 -0.0821205 
57737 -0.014508 0.0789843 
57738 -0.0114553 0.24011 
57739 -0.00863135 0.401388 
57740 0.140341 -0.245622 
57741 0.143309 -0.0847097 
57742 0.146245 0.0758288 
57743 0.149225 0.236583 
57744 0.152055 0.397252 
57745 0.300332 -0.247811 
57746 0.303199 -0.0875239 
57747 0.306139 0.0726749 
57748 0.3089 0.232976 
57749 0.311841 0.393081 
57750 -0.346555 -0.237985 
57751 -0.343096 -0.0764512 
57752 -0.339633 0.0851738 
57753 -0.336161 0.246655 
57754 -0.332676 0.408069 
57755 -0.184485 -0.240448 
57756 -0.180934 -0.0794138 
57757 -0.177602 0.0815299 
57758 -0.174163 0.2425 
57759 -0.170751 0.403369 
57760 -0.0231594 -0.243002 
57761 -0.0198098 -0.0826039 
57762 -0.0164702 0.0780716 
57763 -0.0132746 0.238339 
57764 -0.00981811 0.398634 
57765 0.136822 -0.245678 
57766 0.139996 -0.0854241 
57767 0.14352 0.0742736 
57768 0.14672 0.234206 
57769 0.149924 0.393968 
57770 0.295711 -0.2479 
57771 0.299013 -0.0886067 
57772 0.302193 0.0708972 
57773 0.305648 0.230058 
57774 0.308733 0.389348 
57775 -0.348159 -0.237098 
57776 -0.34435 -0.0760429 
57777 -0.34049 0.0849497 
57778 -0.336613 0.245655 
57779 -0.332745 0.406386 
57780 -0.186625 -0.24014 
57781 -0.182629 -0.0795521 
57782 -0.178882 0.0807778 
57783 -0.175251 0.240925 
57784 -0.171373 0.401093 
57785 -0.0260106 -0.242866 
57786 -0.0223468 -0.0830323 
57787 -0.0185813 0.0767179 
57788 -0.0147752 0.236406 
57789 -0.0111088 0.395859 
57790 0.13317 -0.245675 
57791 0.136793 -0.0863133 
57792 0.140521 0.0726477 
57793 0.144074 0.231786 
57794 0.147704 0.390712 
57795 0.29131 -0.248593 
57796 0.294979 -0.0898263 
57797 0.298529 0.0686506 
57798 0.302083 0.227206 
57799 0.305563 0.385559 
57800 -0.349907 -0.236513 
57801 -0.345693 -0.0759805 
57802 -0.341253 0.0844904 
57803 -0.336968 0.244498 
57804 -0.332715 0.404433 
57805 -0.188806 -0.239623 
57806 -0.184483 -0.0798366 
57807 -0.180179 0.0797598 
57808 -0.176019 0.239343 
57809 -0.171873 0.398651 
57810 -0.0288557 -0.242732 
57811 -0.0246888 -0.0835308 
57812 -0.0206644 0.0754546 
57813 -0.0165308 0.234153 
57814 -0.0124155 0.392993 
57815 0.129493 -0.245708 
57816 0.133596 -0.0873546 
57817 0.137818 0.0709417 
57818 0.141524 0.229281 
57819 0.145696 0.3872 
57820 0.28692 -0.248959 
57821 0.290698 -0.0910057 
57822 0.29464 0.0666718 
57823 0.298622 0.224183 
57824 0.302595 0.381545 
57825 -0.351681 -0.236047 
57826 -0.346878 -0.0760884 
57827 -0.342109 0.0836369 
57828 -0.337368 0.243191 
57829 -0.33265 0.402341 
57830 -0.191025 -0.23946 
57831 -0.186315 -0.0801755 
57832 -0.181735 0.0787825 
57833 -0.177171 0.237568 
57834 -0.172555 0.396136 
57835 -0.0316955 -0.242802 
57836 -0.027345 -0.0843739 
57837 -0.0227185 0.0741058 
57838 -0.0183474 0.23211 
57839 -0.0137795 0.389899 
57840 0.126051 -0.246256 
57841 0.130501 -0.0883746 
57842 0.13481 0.0691933 
57843 0.13915 0.226326 
57844 0.143505 0.383741 
57845 0.282473 -0.249689 
57846 0.286556 -0.0924638 
57847 0.290998 0.0644712 
57848 0.295309 0.221127 
57849 0.299391 0.377488 
57850 -0.353384 -0.235601 
57851 -0.348245 -0.0762595 
57852 -0.342973 0.0829829 
57853 -0.337767 0.24173 
57854 -0.332667 0.40017 
57855 -0.193195 -0.239266 
57856 -0.188249 -0.0807722 
57857 -0.183152 0.0775892 
57858 -0.178217 0.235748 
57859 -0.173071 0.393547 
57860 -0.0345279 -0.242933 
57861 -0.0296288 -0.0850948 
57862 -0.0247149 0.0724826 
57863 -0.0199928 0.229754 
57864 -0.0151731 0.386743 
57865 0.122563 -0.246613 
57866 0.127308 -0.089506 
57867 0.131919 0.0672203 
57868 0.136543 0.223748 
57869 0.141312 0.379945 
57870 0.278157 -0.250261 
57871 0.282566 -0.0938121 
57872 0.287166 0.0621662 
57873 0.291732 0.217839 
57874 0.296225 0.373415 
57875 -0.355023 -0.235389 
57876 -0.349534 -0.0764787 
57877 -0.343869 0.0819767 
57878 -0.338471 0.240276 
57879 -0.332822 0.398077 
57880 -0.195289 -0.239337 
57881 -0.189958 -0.0812672 
57882 -0.184702 0.0763278 
57883 -0.179158 0.233712 
57884 -0.173817 0.390749 
57885 -0.0372366 -0.243268 
57886 -0.0320967 -0.0859474 
57887 -0.0267714 0.0707033 
57888 -0.0216891 0.227259 
57889 -0.0166006 0.383519 
57890 0.119093 -0.247094 
57891 0.124155 -0.0907029 
57892 0.129009 0.0653085 
57893 0.134087 0.220939 
57894 0.138997 0.376308 
57895 0.273749 -0.250971 
57896 0.27867 -0.0954804 
57897 0.283521 0.0597808 
57898 0.288162 0.214768 
57899 0.293051 0.369217 
57900 -0.356625 -0.235146 
57901 -0.350728 -0.0770204 
57902 -0.344834 0.0811397 
57903 -0.338726 0.238536 
57904 -0.332827 0.395613 
57905 -0.197419 -0.239517 
57906 -0.191622 -0.0820692 
57907 -0.185983 0.0751005 
57908 -0.180091 0.231571 
57909 -0.174441 0.387949 
57910 -0.0400168 -0.243598 
57911 -0.0345046 -0.0871123 
57912 -0.0288401 0.0690711 
57913 -0.0235165 0.224803 
57914 -0.0181388 0.380029 
57915 0.115731 -0.247781 
57916 0.12091 -0.0920223 
57917 0.126436 0.0632219 
57918 0.131519 0.218021 
57919 0.136768 0.372578 
57920 0.269555 -0.251869 
57921 0.274684 -0.096997 
57922 0.279688 0.0573884 
57923 0.284847 0.211342 
57924 0.289839 0.364857 
57925 -0.358505 -0.23532 
57926 -0.352098 -0.0774997 
57927 -0.345672 0.0798561 
57928 -0.339222 0.236751 
57929 -0.333017 0.393042 
57930 -0.199699 -0.239765 
57931 -0.193521 -0.0827603 
57932 -0.187489 0.0733913 
57933 -0.181268 0.229366 
57934 -0.175089 0.384832 
57935 -0.0427612 -0.244204 
57936 -0.0368363 -0.0883536 
57937 -0.0310474 0.0673403 
57938 -0.0251457 0.222225 
57939 -0.0194511 0.376716 
57940 0.112464 -0.248498 
57941 0.117829 -0.0935836 
57942 0.123386 0.0610575 
57943 0.128972 0.215047 
57944 0.134386 0.368846 
57945 0.265444 -0.252754 
57946 0.270744 -0.098636 
57947 0.275936 0.0548831 
57948 0.281293 0.208115 
57949 0.286681 0.360725 
57950 -0.360095 -0.235464 
57951 -0.353425 -0.0781268 
57952 -0.346601 0.0785033 
57953 -0.339888 0.234698 
57954 -0.333029 0.390314 
57955 -0.201811 -0.240113 
57956 -0.195321 -0.0837764 
57957 -0.188829 0.0719378 
57958 -0.18239 0.227057 
57959 -0.17617 0.381735 
57960 -0.04558 -0.244725 
57961 -0.0392326 -0.0894169 
57962 -0.033135 0.0653764 
57963 -0.0270685 0.219498 
57964 -0.0208139 0.373119 
57965 0.108798 -0.249247 
57966 0.11484 -0.0949574 
57967 0.120498 0.0586958 
57968 0.126392 0.212049 
57969 0.132116 0.364676 
57970 0.261228 -0.253922 
57971 0.266763 -0.100412 
57972 0.272291 0.052419 
57973 0.27763 0.204724 
57974 0.283302 0.356405 
57975 -0.361748 -0.235844 
57976 -0.354653 -0.0790045 
57977 -0.347476 0.0771059 
57978 -0.340381 0.232733 
57979 -0.333269 0.387759 
57980 -0.203868 -0.240724 
57981 -0.197222 -0.0849055 
57982 -0.190241 0.0702072 
57983 -0.183531 0.224721 
57984 -0.176794 0.378515 
57985 -0.0481634 -0.245523 
57986 -0.041701 -0.0907524 
57987 -0.0353817 0.0633277 
57988 -0.0288708 0.216766 
57989 -0.0225408 0.369525 
57990 0.105452 -0.250272 
57991 0.111672 -0.0965838 
57992 0.117676 0.0564472 
57993 0.123747 0.20902 
57994 0.129936 0.360792 
57995 0.257231 -0.25487 
57996 0.262894 -0.102325 
57997 0.268685 0.0498071 
57998 0.274441 0.201163 
57999 0.280062 0.35203 
58000 -0.363465 -0.23622 
58001 -0.356029 -0.0799387 
58002 -0.348422 0.0756385 
58003 -0.34085 0.230564 
58004 -0.333472 0.384797 
58005 -0.206066 -0.24133 
58006 -0.198872 -0.0861954 
58007 -0.191725 0.0683652 
58008 -0.184764 0.222145 
58009 -0.177628 0.375241 
58010 -0.0507793 -0.246259 
58011 -0.0440995 -0.0922351 
58012 -0.0373195 0.0610832 
58013 -0.0306641 0.213896 
58014 -0.0239635 0.366061 
58015 0.102195 -0.251223 
58016 0.108584 -0.098202 
58017 0.114976 0.0541704 
58018 0.121198 0.205773 
58019 0.127531 0.35685 
58020 0.253011 -0.256138 
58021 0.259109 -0.104082 
58022 0.264983 0.0470948 
58023 0.270903 0.197632 
58024 0.276788 0.347638 
58025 -0.365138 -0.236865 
58026 -0.357331 -0.0808662 
58027 -0.349497 0.0742593 
58028 -0.341578 0.228314 
58029 -0.333812 0.381773 
58030 -0.208057 -0.242029 
58031 -0.200859 -0.08745 
58032 -0.193236 0.0664447 
58033 -0.185966 0.219675 
58034 -0.178468 0.37212 
58035 -0.0533032 -0.247217 
58036 -0.0463632 -0.0938055 
58037 -0.0393604 0.0590903 
58038 -0.0325267 0.211193 
58039 -0.0255714 0.362249 
58040 0.099003 -0.252289 
58041 0.105599 -0.0997951 
58042 0.112091 0.0518035 
58043 0.118531 0.202721 
58044 0.125015 0.35268 
58045 0.249064 -0.257344 
58046 0.255173 -0.106182 
58047 0.261308 0.0445437 
58048 0.267351 0.19419 
58049 0.273449 0.343283 
