4640 -0.333164 -0.21635 
4641 -0.333686 -0.0167611 
4642 -0.333063 0.183819 
4643 -0.333823 0.383652 
4644 -0.166863 -0.216565 
4645 -0.166843 -0.0162679 
4646 -0.166488 0.182997 
4647 -0.166338 0.383743 
4648 -0.000255701 -0.216462 
4649 -0.000476091 -0.0169246 
4650 -0.000171206 0.183009 
4651 0.000344382 0.382915 
4652 0.166743 -0.216506 
4653 0.166517 -0.0165547 
4654 0.167165 0.183763 
4655 0.167065 0.383275 
4656 0.333812 -0.21674 
4657 0.332971 -0.0163842 
4658 0.332984 0.183106 
4659 0.333114 0.3836 
4660 -0.313473 -0.199491 
4661 -0.31414 -0.0184051 
4662 -0.315368 0.162973 
4663 -0.315892 0.345012 
4664 -0.162797 -0.199699 
4665 -0.163271 -0.0182491 
4666 -0.163205 0.163428 
4667 -0.16422 0.344493 
4668 -0.0118049 -0.199015 
4669 -0.0121898 -0.0178582 
4670 -0.011927 0.163253 
4671 -0.0132543 0.344553 
4672 0.139441 -0.198025 
4673 0.138911 -0.0166316 
4674 0.138805 0.163941 
4675 0.137876 0.344903 
4676 0.290611 -0.197994 
4677 0.289284 -0.0162257 
4678 0.289228 0.164507 
4679 0.28839 0.345056 
4680 -0.297687 -0.185169 
4681 -0.298849 -0.0191551 
4682 -0.299693 0.146376 
4683 -0.301342 0.312911 
4684 -0.159094 -0.18457 
4685 -0.159957 -0.0180835 
4686 -0.160984 0.14742 
4687 -0.162527 0.312713 
4688 -0.0213467 -0.183331 
4689 -0.0217223 -0.0176629 
4690 -0.0225291 0.147484 
4691 -0.0242231 0.313562 
4692 0.116161 -0.182624 
4693 0.115912 -0.0166105 
4694 0.115088 0.147964 
4695 0.113518 0.313609 
4696 0.253743 -0.181407 
4697 0.252871 -0.0161967 
4698 0.252415 0.148442 
4699 0.251159 0.314462 
4700 -0.28528 -0.172977 
4701 -0.286524 -0.0193609 
4702 -0.287869 0.133756 
4703 -0.289041 0.286599 
4704 -0.156892 -0.171621 
4705 -0.158717 -0.0189999 
4706 -0.15995 0.134172 
4707 -0.160774 0.286496 
4708 -0.0293484 -0.17039 
4709 -0.0305115 -0.0172044 
4710 -0.0319908 0.134541 
4711 -0.0338692 0.28733 
4712 0.0971097 -0.168779 
4713 0.0958275 -0.016536 
4714 0.0945098 0.135353 
4715 0.0937184 0.287604 
4716 0.22392 -0.167101 
4717 0.222027 -0.0154282 
4718 0.221146 0.136531 
4719 0.219548 0.288635 
4720 -0.273844 -0.161753 
4721 -0.275984 -0.0200986 
4722 -0.276893 0.122569 
4723 -0.278507 0.264496 
4724 -0.155691 -0.160196 
4725 -0.157095 -0.0180209 
4726 -0.158702 0.123049 
4727 -0.159957 0.264983 
4728 -0.0376907 -0.158479 
4729 -0.0393068 -0.0172969 
4730 -0.0405967 0.124454 
4731 -0.04152 0.265722 
4732 0.0797751 -0.156791 
4733 0.0785914 -0.0156051 
4734 0.077258 0.125673 
4735 0.0758531 0.265959 
4736 0.197587 -0.155246 
4737 0.195464 -0.0141569 
4738 0.193869 0.126343 
4739 0.192192 0.26721 
4740 -0.265094 -0.152082 
4741 -0.266787 -0.019665 
4742 -0.268587 0.11269 
4743 -0.270566 0.245859 
4744 -0.154008 -0.150144 
4745 -0.155748 -0.0174483 
4746 -0.158133 0.113839 
4747 -0.160027 0.246346 
4748 -0.0442515 -0.147958 
4749 -0.0455012 -0.0161842 
4750 -0.0475 0.115504 
4751 -0.0497223 0.247433 
4752 0.0652612 -0.146318 
4753 0.0640362 -0.0146571 
4754 0.0617542 0.116159 
4755 0.0598198 0.248114 
4756 0.173896 -0.144446 
4757 0.172255 -0.0132234 
4758 0.170794 0.117491 
4759 0.169274 0.248239 
4760 -0.257307 -0.142411 
4761 -0.259346 -0.0186901 
4762 -0.261003 0.10525 
4763 -0.263239 0.229249 
4764 -0.153024 -0.141005 
4765 -0.155884 -0.0168944 
4766 -0.15748 0.10672 
4767 -0.159395 0.23069 
4768 -0.0502871 -0.138661 
4769 -0.0522742 -0.0156413 
4770 -0.0544407 0.10811 
4771 -0.0560799 0.231805 
4772 0.05196 -0.135931 
4773 0.050099 -0.0133432 
4774 0.0481505 0.109372 
4775 0.0464966 0.232428 
4776 0.154151 -0.134216 
4777 0.151856 -0.0114577 
4778 0.150169 0.110411 
4779 0.148001 0.233246 
4780 -0.250968 -0.134198 
4781 -0.25274 -0.017814 
4782 -0.255175 0.099081 
4783 -0.257223 0.215703 
4784 -0.15309 -0.132501 
4785 -0.155263 -0.0158895 
4786 -0.157871 0.0999543 
4787 -0.159524 0.217133 
4788 -0.055667 -0.129968 
4789 -0.0585883 -0.0139413 
4790 -0.0602321 0.102152 
4791 -0.0630482 0.218162 
4792 0.0405196 -0.127142 
4793 0.0383227 -0.012221 
4794 0.0363675 0.103195 
4795 0.0337644 0.218384 
4796 0.135364 -0.125316 
4797 0.133861 -0.0106602 
4798 0.131679 0.104478 
4799 0.129674 0.219443 
4800 -0.244751 -0.126584 
4801 -0.247593 -0.0170663 
4802 -0.249672 0.0931652 
4803 -0.252907 0.203732 
4804 -0.152379 -0.124062 
4805 -0.154875 -0.0142164 
4806 -0.157415 0.0952845 
4807 -0.159692 0.204978 
4808 -0.0616582 -0.122111 
4809 -0.0639304 -0.0129455 
4810 -0.0662325 0.0966642 
4811 -0.0679444 0.205921 
4812 0.0291884 -0.119866 
4813 0.027626 -0.0111693 
4814 0.0253272 0.0978577 
4815 0.022608 0.207164 
4816 0.119804 -0.117309 
4817 0.117193 -0.00922536 
4818 0.114788 0.0997787 
4819 0.112636 0.208234 
4820 -0.240654 -0.119653 
4821 -0.242921 -0.0153511 
4822 -0.245852 0.0888078 
4823 -0.247752 0.193083 
4824 -0.152643 -0.116522 
4825 -0.155811 -0.0131532 
4826 -0.157578 0.09086 
4827 -0.160895 0.194826 
4828 -0.0661537 -0.114567 
4829 -0.0688835 -0.0110323 
4830 -0.0712764 0.092572 
4831 -0.0733904 0.196152 
4832 0.0197024 -0.112421 
4833 0.0171262 -0.00861707 
4834 0.0148047 0.0942094 
4835 0.0120179 0.196864 
4836 0.105441 -0.109103 
4837 0.102208 -0.00694129 
4838 0.100152 0.0952491 
4839 0.0976398 0.198586 
4840 -0.235693 -0.11292 
4841 -0.239122 -0.014223 
4842 -0.241545 0.0856944 
4843 -0.244158 0.18413 
4844 -0.152727 -0.10981 
4845 -0.155796 -0.0121171 
4846 -0.158294 0.0868678 
4847 -0.161644 0.185621 
4848 -0.0711356 -0.107885 
4849 -0.0736762 -0.00922252 
4850 -0.0764048 0.0890136 
4851 -0.0787249 0.18684 
4852 0.0104511 -0.10496 
4853 0.00849959 -0.00688794 
4854 0.0054789 0.0907243 
4855 0.00303695 0.188212 
4856 0.0917006 -0.1018 
4857 0.0894561 -0.00532088 
4858 0.086166 0.0919703 
4859 0.0841896 0.190143 
4860 -0.232634 -0.106029 
4861 -0.235643 -0.011981 
4862 -0.238686 0.0816707 
4863 -0.241287 0.176988 
4864 -0.153138 -0.103401 
4865 -0.156419 -0.00990582 
4866 -0.158862 0.0843098 
4867 -0.162088 0.177657 
4868 -0.0748363 -0.100661 
4869 -0.0775409 -0.00802016 
4870 -0.0806584 0.0857853 
4871 -0.0830227 0.179751 
4872 0.00252506 -0.0983594 
4873 -0.000133483 -0.00516383 
4874 -0.00321657 0.087916 
4875 -0.00542929 0.181312 
4876 0.0796777 -0.0956403 
4877 0.0771109 -0.00265586 
4878 0.0741045 0.0891805 
4879 0.0713968 0.18255 
4880 -0.229831 -0.100575 
4881 -0.232417 -0.00989931 
4882 -0.235914 0.0792858 
4883 -0.238329 0.169652 
4884 -0.154462 -0.0976796 
4885 -0.157416 -0.00806043 
4886 -0.160289 0.0820654 
4887 -0.163155 0.171687 
4888 -0.0796813 -0.0947072 
4889 -0.0819038 -0.00572354 
4890 -0.0852573 0.0833191 
4891 -0.0881205 0.172883 
4892 -0.00581643 -0.0916617 
4893 -0.00785018 -0.00375283 
4894 -0.0106367 0.0853476 
4895 -0.0131393 0.174546 
4896 0.0676422 -0.088876 
4897 0.0650568 -0.000536796 
4898 0.0626391 0.0875084 
4899 0.0604774 0.175729 
4900 -0.227521 -0.0947375 
4901 -0.230111 -0.00892536 
4902 -0.232746 0.0774504 
4903 -0.236612 0.164371 
4904 -0.154851 -0.0912272 
4905 -0.157403 -0.00590382 
4906 -0.160683 0.0793529 
4907 -0.163642 0.165611 
4908 -0.0835176 -0.0883906 
4909 -0.0864205 -0.00324649 
4910 -0.0895821 0.0814775 
4911 -0.0918577 0.167426 
4912 -0.0128208 -0.085583 
4913 -0.0152183 -0.000906631 
4914 -0.0180612 0.0833402 
4915 -0.0205605 0.168551 
4916 0.0572745 -0.0834588 
4917 0.0549004 0.00128605 
4918 0.0516857 0.085231 
4919 0.048941 0.170616 
4920 -0.224411 -0.0887632 
4921 -0.22842 -0.0060419 
4922 -0.230809 0.0762131 
4923 -0.234466 0.158264 
4924 -0.156121 -0.0856628 
4925 -0.159132 -0.00415901 
4926 -0.16155 0.0785389 
4927 -0.164479 0.160782 
4928 -0.0867391 -0.0832312 
4929 -0.0903184 -0.00155269 
4930 -0.0928293 0.0797315 
4931 -0.0960319 0.16202 
4932 -0.0195142 -0.0800088 
4933 -0.0220823 0.00139175 
4934 -0.0251214 0.0825542 
4935 -0.0274307 0.164027 
4936 0.0479612 -0.0777095 
4937 0.0448955 0.00324707 
4938 0.0424077 0.0843915 
4939 0.0395941 0.165497 
4940 -0.223252 -0.0832516 
4941 -0.226577 -0.00470729 
4942 -0.229016 0.0745063 
4943 -0.232307 0.154221 
4944 -0.156642 -0.0801707 
4945 -0.159778 -0.00143371 
4946 -0.163185 0.076502 
4947 -0.165744 0.155629 
4948 -0.0913263 -0.0774099 
4949 -0.093691 0.000442279 
4950 -0.097071 0.0794143 
4951 -0.0998505 0.157656 
4952 -0.0254807 -0.0748384 
4953 -0.0287952 0.00299643 
4954 -0.0320295 0.0807243 
4955 -0.0347191 0.158991 
4956 0.0387111 -0.0716226 
4957 0.0361904 0.00548893 
4958 0.0332679 0.0831735 
4959 0.0306628 0.161226 
4960 -0.221418 -0.077727 
4961 -0.225129 -0.00203829 
4962 -0.22844 0.0739601 
4963 -0.231502 0.149982 
4964 -0.157292 -0.0746506 
4965 -0.160548 0.000169445 
4966 -0.163405 0.0757385 
4967 -0.167439 0.152597 
4968 -0.094332 -0.0726387 
4969 -0.0973951 0.00248087 
4970 -0.0999957 0.0783607 
4971 -0.103692 0.15396 
4972 -0.0321241 -0.0692543 
4973 -0.034347 0.00522263 
4974 -0.0375954 0.079907 
4975 -0.040945 0.155842 
4976 0.0301645 -0.0669202 
4977 0.0274567 0.00810786 
4978 0.0247815 0.0821997 
4979 0.0219609 0.15698 
4980 -0.220343 -0.0728797 
4981 -0.223332 0.000671408 
4982 -0.226745 0.0737478 
4983 -0.230342 0.147347 
4984 -0.158942 -0.0698423 
4985 -0.161403 0.00251465 
4986 -0.164677 0.0753534 
4987 -0.168696 0.148579 
4988 -0.0981496 -0.0674917 
4989 -0.100718 0.00479387 
4990 -0.1041 0.077639 
4991 -0.107262 0.150478 
4992 -0.0381168 -0.0646732 
4993 -0.0406188 0.00759463 
4994 -0.0432006 0.0796464 
4995 -0.0469063 0.15262 
4996 0.0216895 -0.0610319 
4997 0.019429 0.0106068 
4998 0.0162927 0.0816796 
4999 0.0132678 0.153963 
5000 -0.219127 -0.0673704 
5001 -0.222422 0.00271848 
5002 -0.225525 0.0729274 
5003 -0.229423 0.143961 
5004 -0.159629 -0.0653569 
5005 -0.163159 0.00506303 
5006 -0.166411 0.075836 
5007 -0.169665 0.145659 
5008 -0.101028 -0.061674 
5009 -0.104758 0.007798 
5010 -0.10703 0.0778657 
5011 -0.110597 0.147605 
5012 -0.042861 -0.0588024 
5013 -0.0463198 0.0105233 
5014 -0.0488311 0.079405 
5015 -0.0519641 0.149107 
5016 0.0137483 -0.0565608 
5017 0.0117848 0.0128065 
5018 0.00819659 0.0820497 
5019 0.00588349 0.150671 
5020 -0.218684 -0.0628911 
5021 -0.221356 0.00496114 
5022 -0.224579 0.0728568 
5023 -0.228206 0.142231 
5024 -0.160765 -0.0604888 
5025 -0.164779 0.00780845 
5026 -0.168005 0.0750572 
5027 -0.170976 0.143166 
5028 -0.104069 -0.0568853 
5029 -0.107576 0.00978231 
5030 -0.110921 0.0777815 
5031 -0.113302 0.145089 
5032 -0.0483719 -0.0547994 
5033 -0.0515159 0.0127509 
5034 -0.0542142 0.0800254 
5035 -0.0569617 0.14668 
5036 0.0068125 -0.0517898 
5037 0.00407507 0.0149683 
5038 0.00127322 0.081398 
5039 -0.00172323 0.148837 
