58025 -0.333363 -0.249971 
58026 -0.333295 -0.0834192 
58027 -0.333489 0.0832465 
58028 -0.3334 0.249995 
58029 -0.333235 0.41675 
58030 -0.166726 -0.250008 
58031 -0.166608 -0.0833566 
58032 -0.166693 0.0834684 
58033 -0.166553 0.249952 
58034 -0.166693 0.416554 
58035 3.7856e-05 -0.249816 
58036 2.862e-05 -0.0832696 
58037 4.71519e-07 0.0833065 
58038 -2.39312e-06 0.250027 
58039 -4.31208e-05 0.416703 
58040 0.166536 -0.249937 
58041 0.166633 -0.0833638 
58042 0.166718 0.0833774 
58043 0.166737 0.25002 
58044 0.166743 0.416713 
58045 0.333486 -0.250054 
58046 0.333359 -0.0833647 
58047 0.333387 0.0833422 
58048 0.3334 0.25007 
58049 0.333326 0.416768 
58050 -0.334944 -0.250769 
58051 -0.334477 -0.0845435 
58052 -0.334183 0.0814294 
58053 -0.333643 0.247249 
58054 -0.333287 0.413058 
58055 -0.168825 -0.250843 
58056 -0.168334 -0.0849427 
58057 -0.16808 0.0810409 
58058 -0.167724 0.24693 
58059 -0.167289 0.412685 
58060 -0.00278485 -0.251075 
58061 -0.00225777 -0.0851172 
58062 -0.00218945 0.0807503 
58063 -0.00189102 0.246572 
58064 -0.00160938 0.412201 
58065 0.163162 -0.251229 
58066 0.163454 -0.0853574 
58067 0.163498 0.0804568 
58068 0.163832 0.246104 
58069 0.164081 0.411694 
58070 0.328788 -0.251448 
58071 0.329085 -0.0856077 
58072 0.329094 0.0800344 
58073 0.329519 0.245819 
58074 0.329618 0.41134 
58075 -0.336343 -0.251594 
58076 -0.335628 -0.0859713 
58077 -0.334986 0.0794571 
58078 -0.33406 0.244586 
58079 -0.333325 0.409464 
58080 -0.170937 -0.251985 
58081 -0.170097 -0.0863556 
58082 -0.169558 0.0787646 
58083 -0.16886 0.24379 
58084 -0.168191 0.408568 
58085 -0.005444 -0.252244 
58086 -0.00486833 -0.0870979 
58087 -0.00425132 0.0781294 
58088 -0.00379417 0.242848 
58089 -0.00306728 0.407837 
58090 0.159569 -0.252602 
58091 0.16023 -0.0874121 
58092 0.160544 0.0775486 
58093 0.160999 0.242238 
58094 0.161498 0.406685 
58095 0.324636 -0.252978 
58096 0.324877 -0.0880385 
58097 0.325262 0.0769478 
58098 0.325422 0.241281 
58099 0.325797 0.405895 
58100 -0.33807 -0.252428 
58101 -0.336814 -0.0875589 
58102 -0.335637 0.0770909 
58103 -0.334655 0.241554 
58104 -0.33345 0.405771 
58105 -0.172751 -0.253103 
58106 -0.171955 -0.0880896 
58107 -0.170926 0.0761973 
58108 -0.170027 0.240437 
58109 -0.16889 0.404421 
58110 -0.00803647 -0.253456 
58111 -0.00730354 -0.0888644 
58112 -0.00646306 0.0754204 
58113 -0.0056607 0.239388 
58114 -0.00475886 0.403076 
58115 0.156246 -0.254029 
58116 0.156803 -0.0896919 
58117 0.157444 0.0745597 
58118 0.158263 0.238475 
58119 0.158872 0.401571 
58120 0.320185 -0.254525 
58121 0.32074 -0.090358 
58122 0.321149 0.0735995 
58123 0.321747 0.237281 
58124 0.322042 0.400465 
58125 -0.339575 -0.253662 
58126 -0.338093 -0.0890333 
58127 -0.336482 0.0750165 
58128 -0.335092 0.238637 
58129 -0.333616 0.402028 
58130 -0.174867 -0.254124 
58131 -0.173648 -0.0899511 
58132 -0.172418 0.0739042 
58133 -0.171037 0.237139 
58134 -0.169877 0.400207 
58135 -0.0106637 -0.25477 
58136 -0.00952337 -0.0907693 
58137 -0.00871578 0.0726168 
58138 -0.00754363 0.235756 
58139 -0.00651378 0.398378 
58140 0.152808 -0.255401 
58141 0.153737 -0.0917915 
58142 0.154595 0.0715154 
58143 0.155381 0.234323 
58144 0.156101 0.396848 
58145 0.315954 -0.256087 
58146 0.316549 -0.0926538 
58147 0.317133 0.0703523 
58148 0.317851 0.23289 
58149 0.318451 0.395104 
58150 -0.341248 -0.254809 
58151 -0.339314 -0.0907701 
58152 -0.337354 0.0727574 
58153 -0.335604 0.235613 
58154 -0.333803 0.397927 
58155 -0.176794 -0.255562 
58156 -0.175324 -0.0918943 
58157 -0.173715 0.0712677 
58158 -0.172263 0.233823 
58159 -0.170697 0.395819 
58160 -0.0132358 -0.256324 
58161 -0.0120517 -0.0930006 
58162 -0.0108227 0.0698784 
58163 -0.00951554 0.232192 
58164 -0.00816552 0.393755 
58165 0.149613 -0.257132 
58166 0.150554 -0.0939324 
58167 0.1515 0.0685172 
58168 0.152484 0.230317 
58169 0.153518 0.391779 
58170 0.311628 -0.257756 
58171 0.31246 -0.095046 
58172 0.313187 0.0669628 
58173 0.313756 0.228675 
58174 0.314701 0.389653 
58175 -0.342795 -0.256074 
58176 -0.340497 -0.0927415 
58177 -0.338309 0.0701991 
58178 -0.336224 0.232553 
58179 -0.3341 0.393946 
58180 -0.17888 -0.256895 
58181 -0.177006 -0.0938222 
58182 -0.175325 0.0687946 
58183 -0.173388 0.230633 
58184 -0.171758 0.391551 
58185 -0.0159166 -0.257743 
58186 -0.0145451 -0.0949752 
58187 -0.0129999 0.0670683 
58188 -0.0114774 0.228314 
58189 -0.00996523 0.389062 
58190 0.1463 -0.258622 
58191 0.147434 -0.0961978 
58192 0.148532 0.0653653 
58193 0.149524 0.226524 
58194 0.150803 0.386738 
58195 0.307641 -0.2594 
58196 0.308482 -0.0973629 
58197 0.309133 0.0637477 
58198 0.310016 0.22434 
58199 0.310701 0.384341 
58200 -0.344095 -0.257478 
58201 -0.341728 -0.0944038 
58202 -0.339139 0.0678786 
58203 -0.336733 0.229277 
58204 -0.334225 0.389856 
58205 -0.180899 -0.258439 
58206 -0.178705 -0.0957914 
58207 -0.176821 0.0660223 
58208 -0.174696 0.226994 
58209 -0.172679 0.387344 
58210 -0.0184804 -0.259316 
58211 -0.0168099 -0.0971817 
58212 -0.0151813 0.0641818 
58213 -0.0134106 0.224672 
58214 -0.0118369 0.384415 
58215 0.143136 -0.260195 
58216 0.144375 -0.0985164 
58217 0.145541 0.0624283 
58218 0.146805 0.22246 
58219 0.147909 0.381722 
58220 0.303667 -0.261035 
58221 0.304402 -0.0999126 
58222 0.305221 0.0605822 
58223 0.30617 0.220067 
58224 0.307003 0.379036 
58225 -0.34568 -0.25872 
58226 -0.342876 -0.0962605 
58227 -0.340024 0.0653319 
58228 -0.337438 0.225986 
58229 -0.334701 0.385788 
58230 -0.18272 -0.25994 
58231 -0.180577 -0.0977013 
58232 -0.178255 0.0631881 
58233 -0.175984 0.223445 
58234 -0.173672 0.38279 
58235 -0.0210008 -0.260735 
58236 -0.0191302 -0.0993568 
58237 -0.0173337 0.0613737 
58238 -0.0155199 0.220904 
58239 -0.0137051 0.379785 
58240 0.139836 -0.261764 
58241 0.141245 -0.100817 
58242 0.14255 0.0592729 
58243 0.143797 0.218438 
58244 0.145121 0.376759 
58245 0.299514 -0.262783 
58246 0.300339 -0.102227 
58247 0.301303 0.0572722 
58248 0.302196 0.216026 
58249 0.303258 0.373725 
58250 -0.347076 -0.260418 
58251 -0.344131 -0.0982634 
58252 -0.34115 0.062767 
58253 -0.338119 0.222644 
58254 -0.335067 0.381747 
58255 -0.184528 -0.261337 
58256 -0.18214 -0.100134 
58257 -0.179664 0.0604274 
58258 -0.177242 0.219954 
58259 -0.174845 0.378356 
58260 -0.0234269 -0.262585 
58261 -0.0214072 -0.10144 
58262 -0.0195585 0.0584292 
58263 -0.0175826 0.217208 
58264 -0.0156541 0.375011 
58265 0.136683 -0.263476 
58266 0.138113 -0.103135 
58267 0.139463 0.0561743 
58268 0.141006 0.214499 
58269 0.142374 0.371673 
58270 0.295503 -0.264531 
58271 0.296535 -0.104617 
58272 0.297283 0.0539955 
58273 0.298304 0.211728 
58274 0.299272 0.368419 
58275 -0.348652 -0.262023 
58276 -0.345226 -0.100252 
58277 -0.341898 0.059972 
58278 -0.338746 0.219344 
58279 -0.335665 0.377468 
58280 -0.186383 -0.26312 
58281 -0.183901 -0.102075 
58282 -0.181148 0.0577301 
58283 -0.17855 0.216409 
58284 -0.176003 0.373908 
58285 -0.0257968 -0.264061 
58286 -0.02384 -0.103726 
58287 -0.0215903 0.0553868 
58288 -0.0196877 0.213483 
58289 -0.0175439 0.370251 
58290 0.133654 -0.265108 
58291 0.135107 -0.105381 
58292 0.136557 0.0530858 
58293 0.138019 0.210574 
58294 0.139481 0.366848 
58295 0.291809 -0.26593 
58296 0.292587 -0.106992 
58297 0.293686 0.0509156 
58298 0.294421 0.207535 
58299 0.295347 0.363446 
58300 -0.349962 -0.263872 
58301 -0.346457 -0.102577 
58302 -0.342903 0.0573787 
58303 -0.339588 0.215886 
58304 -0.336081 0.373152 
58305 -0.188421 -0.264839 
58306 -0.185497 -0.104306 
58307 -0.182682 0.0548407 
58308 -0.17993 0.212637 
58309 -0.177111 0.369381 
58310 -0.0281898 -0.265741 
58311 -0.0259349 -0.106054 
58312 -0.0238335 0.0525492 
58313 -0.0217391 0.209595 
58314 -0.0196119 0.365715 
58315 0.130545 -0.266794 
58316 0.132105 -0.107714 
58317 0.133544 0.0500551 
58318 0.135023 0.206748 
58319 0.136564 0.361881 
58320 0.287976 -0.267684 
58321 0.28882 -0.109435 
58322 0.289622 0.0477297 
58323 0.290498 0.203622 
58324 0.291386 0.358187 
58325 -0.351322 -0.265627 
58326 -0.347688 -0.104741 
58327 -0.343932 0.0545119 
58328 -0.340362 0.212343 
58329 -0.336663 0.368952 
58330 -0.190236 -0.266507 
58331 -0.187182 -0.10655 
58332 -0.184173 0.051948 
58333 -0.181445 0.209164 
58334 -0.178361 0.364903 
58335 -0.0304997 -0.26737 
58336 -0.0282303 -0.10836 
58337 -0.0259928 0.0495719 
58338 -0.0238738 0.205946 
58339 -0.0215298 0.36095 
58340 0.12749 -0.268439 
58341 0.128974 -0.109967 
58342 0.130531 0.0471876 
58343 0.132198 0.202749 
58344 0.133613 0.357215 
58345 0.284121 -0.269498 
58346 0.285006 -0.111675 
58347 0.28577 0.0445852 
58348 0.286695 0.199724 
58349 0.287485 0.353233 
58350 -0.352714 -0.267325 
58351 -0.348842 -0.107027 
58352 -0.34512 0.0516645 
58353 -0.341149 0.208938 
58354 -0.337395 0.36459 
58355 -0.191852 -0.268065 
58356 -0.188857 -0.108845 
58357 -0.185833 0.0491319 
58358 -0.182622 0.20552 
58359 -0.179771 0.360409 
58360 -0.0328742 -0.269151 
58361 -0.0305082 -0.110552 
58362 -0.0281547 0.0467378 
58363 -0.0259776 0.20218 
58364 -0.023757 0.356312 
58365 0.124584 -0.270088 
58366 0.126127 -0.1123 
58367 0.12756 0.0438797 
58368 0.129159 0.198945 
58369 0.130616 0.352332 
58370 0.280385 -0.270989 
58371 0.281255 -0.113969 
58372 0.28196 0.0415271 
58373 0.282748 0.195634 
58374 0.28354 0.348305 
58375 -0.354104 -0.269217 
58376 -0.350081 -0.109422 
58377 -0.345944 0.0488278 
58378 -0.341981 0.205313 
58379 -0.338018 0.360221 
58380 -0.193655 -0.270129 
58381 -0.190393 -0.111138 
58382 -0.187414 0.0462824 
58383 -0.184265 0.201989 
58384 -0.181281 0.356011 
58385 -0.0351677 -0.27092 
58386 -0.0327083 -0.112879 
58387 -0.0304277 0.0436259 
58388 -0.0282323 0.198575 
58389 -0.0258872 0.351727 
58390 0.121649 -0.271809 
58391 0.123122 -0.114404 
58392 0.124759 0.0411968 
58393 0.12624 0.195115 
58394 0.127662 0.347627 
58395 0.276786 -0.272664 
58396 0.277396 -0.116136 
58397 0.278171 0.0386307 
58398 0.278972 0.191773 
58399 0.279582 0.343479 
58400 -0.35536 -0.271018 
58401 -0.351252 -0.111686 
58402 -0.346937 0.0459569 
58403 -0.342996 0.201798 
58404 -0.338862 0.356004 
58405 -0.195439 -0.27182 
58406 -0.192156 -0.113483 
58407 -0.188964 0.043382 
58408 -0.185816 0.198187 
58409 -0.182538 0.351511 
58410 -0.0374622 -0.272551 
58411 -0.03517 -0.115046 
58412 -0.032627 0.0407653 
58413 -0.0303234 0.194745 
58414 -0.0281377 0.347311 
58415 0.118809 -0.273383 
58416 0.12037 -0.116767 
58417 0.121713 0.0380793 
58418 0.123145 0.19129 
58419 0.12447 0.342822 
58420 0.273291 -0.274121 
58421 0.273693 -0.118395 
58422 0.274392 0.0356062 
58423 0.275019 0.187913 
58424 0.275666 0.338641 
58425 -0.356723 -0.272982 
58426 -0.352374 -0.114142 
58427 -0.348088 0.0429967 
58428 -0.343904 0.198271 
58429 -0.339807 0.351531 
58430 -0.197137 -0.273829 
58431 -0.19385 -0.115727 
58432 -0.190461 0.0404023 
58433 -0.187196 0.194779 
58434 -0.184184 0.347021 
58435 -0.0396568 -0.274273 
58436 -0.0372123 -0.117252 
58437 -0.0348987 0.0379228 
58438 -0.0327063 0.191154 
58439 -0.0303099 0.342673 
58440 0.115997 -0.275089 
58441 0.117497 -0.119059 
58442 0.118793 0.0352687 
58443 0.12003 0.187673 
58444 0.121585 0.338307 
58445 0.269633 -0.275622 
58446 0.270197 -0.120544 
58447 0.270589 0.0327583 
58448 0.270991 0.184307 
58449 0.27153 0.33398 
58450 -0.357903 -0.275066 
58451 -0.353464 -0.11645 
58452 -0.349241 0.0400223 
58453 -0.344816 0.194681 
58454 -0.340641 0.347324 
58455 -0.198828 -0.275632 
58456 -0.195508 -0.11799 
58457 -0.192146 0.0375505 
58458 -0.189033 0.191055 
58459 -0.185661 0.342661 
58460 -0.0419692 -0.276178 
58461 -0.0394581 -0.119538 
58462 -0.0372433 0.0349201 
58463 -0.0348406 0.187489 
58464 -0.032574 0.338134 
58465 0.113245 -0.276508 
58466 0.114495 -0.121161 
58467 0.115973 0.0324841 
58468 0.117269 0.183934 
58469 0.118425 0.33373 
58470 0.26621 -0.277125 
58471 0.266526 -0.122645 
58472 0.266803 0.0298862 
58473 0.267111 0.180569 
58474 0.267554 0.329425 
58475 -0.359293 -0.276939 
58476 -0.354788 -0.11897 
58477 -0.350359 0.0371606 
58478 -0.345977 0.190946 
58479 -0.341654 0.343016 
58480 -0.200528 -0.277344 
58481 -0.197176 -0.120447 
58482 -0.193933 0.034672 
58483 -0.190505 0.18738 
58484 -0.187192 0.338283 
58485 -0.0438819 -0.277736 
58486 -0.041507 -0.121893 
58487 -0.0392727 0.0319699 
58488 -0.0372878 0.184106 
58489 -0.0350167 0.333656 
58490 0.110458 -0.278195 
58491 0.111568 -0.123285 
58492 0.112848 0.0296136 
58493 0.114126 0.180456 
58494 0.115219 0.329317 
58495 0.262752 -0.278563 
58496 0.262782 -0.124573 
58497 0.26312 0.0270869 
58498 0.263259 0.176961 
58499 0.263447 0.32469 
58500 -0.36042 -0.279105 
58501 -0.355924 -0.12125 
58502 -0.351447 0.0342474 
58503 -0.347216 0.187547 
58504 -0.342656 0.338655 
58505 -0.202142 -0.279293 
58506 -0.198776 -0.122641 
58507 -0.195364 0.0316687 
58508 -0.192216 0.18395 
58509 -0.188934 0.33416 
58510 -0.0460708 -0.279345 
58511 -0.0439024 -0.123946 
58512 -0.0417219 0.0293698 
58513 -0.039555 0.180421 
58514 -0.0373545 0.329491 
58515 0.107697 -0.279558 
58516 0.10871 -0.125309 
58517 0.10994 0.0268463 
58518 0.110967 0.176922 
58519 0.112145 0.324843 
58520 0.259262 -0.279853 
58521 0.259283 -0.126625 
58522 0.259427 0.0244843 
58523 0.259306 0.173452 
58524 0.259384 0.32046 
