58100 -0.333406 -0.249992 
58101 -0.333307 -0.0834312 
58102 -0.333333 0.0832422 
58103 -0.333283 0.249947 
58104 -0.333238 0.416607 
58105 -0.166665 -0.24998 
58106 -0.166747 -0.0831645 
58107 -0.166758 0.0833184 
58108 -0.166737 0.249992 
58109 -0.166692 0.416664 
58110 0.000125803 -0.25003 
58111 -5.65207e-05 -0.0833557 
58112 0.000119762 0.0833059 
58113 7.63575e-05 0.250007 
58114 3.6888e-05 0.416632 
58115 0.166702 -0.25002 
58116 0.166742 -0.083399 
58117 0.166564 0.083192 
58118 0.166599 0.25001 
58119 0.166668 0.416612 
58120 0.333321 -0.249976 
58121 0.33329 -0.0833747 
58122 0.333368 0.0834998 
58123 0.333286 0.249986 
58124 0.333228 0.416642 
58125 -0.334902 -0.25115 
58126 -0.334444 -0.0850536 
58127 -0.334164 0.0811137 
58128 -0.333923 0.247001 
58129 -0.333373 0.412736 
58130 -0.168727 -0.251236 
58131 -0.168361 -0.0851783 
58132 -0.168089 0.0809388 
58133 -0.16782 0.24674 
58134 -0.167476 0.412415 
58135 -0.00271858 -0.251335 
58136 -0.0022928 -0.0854232 
58137 -0.002251 0.0805636 
58138 -0.00194406 0.246289 
58139 -0.00167914 0.41198 
58140 0.163061 -0.251434 
58141 0.163394 -0.0855445 
58142 0.163535 0.0802566 
58143 0.163762 0.24592 
58144 0.163923 0.411472 
58145 0.328914 -0.251501 
58146 0.329061 -0.0856965 
58147 0.329313 0.0799387 
58148 0.329335 0.24564 
58149 0.329529 0.41107 
58150 -0.336441 -0.25236 
58151 -0.335609 -0.086585 
58152 -0.335034 0.0787832 
58153 -0.334188 0.243814 
58154 -0.333519 0.408655 
58155 -0.170731 -0.252571 
58156 -0.170092 -0.0868783 
58157 -0.169534 0.0780196 
58158 -0.168909 0.24324 
58159 -0.168369 0.408006 
58160 -0.00518229 -0.25281 
58161 -0.00481387 -0.087491 
58162 -0.00428416 0.0776922 
58163 -0.00391736 0.242585 
58164 -0.0034918 0.40723 
58165 0.159943 -0.253169 
58166 0.160241 -0.0877973 
58167 0.160472 0.0771333 
58168 0.160944 0.241801 
58169 0.161333 0.406312 
58170 0.324718 -0.253259 
58171 0.325058 -0.0882303 
58172 0.325165 0.0766329 
58173 0.325347 0.241231 
58174 0.325617 0.40549 
58175 -0.337717 -0.253694 
58176 -0.336836 -0.0884036 
58177 -0.335902 0.0762797 
58178 -0.334813 0.240687 
58179 -0.333757 0.4046 
58180 -0.172652 -0.253892 
58181 -0.17183 -0.089018 
58182 -0.170983 0.0755938 
58183 -0.170209 0.239762 
58184 -0.169286 0.403437 
58185 -0.00785928 -0.254261 
58186 -0.00726397 -0.0896609 
58187 -0.00651356 0.074703 
58188 -0.00582384 0.238712 
58189 -0.0052005 0.402339 
58190 0.156581 -0.254601 
58191 0.157037 -0.0901895 
58192 0.157514 0.0739706 
58193 0.157857 0.237729 
58194 0.158424 0.401101 
58195 0.320666 -0.25498 
58196 0.320759 -0.0906443 
58197 0.321107 0.073382 
58198 0.321405 0.236792 
58199 0.321734 0.400079 
58200 -0.339367 -0.254896 
58201 -0.337923 -0.0902896 
58202 -0.336745 0.0738288 
58203 -0.335328 0.237285 
58204 -0.33395 0.400585 
58205 -0.17459 -0.255399 
58206 -0.173429 -0.0909862 
58207 -0.17246 0.0729243 
58208 -0.171327 0.236103 
58209 -0.170247 0.399075 
58210 -0.0103704 -0.255838 
58211 -0.00954943 -0.0917609 
58212 -0.00882238 0.0719501 
58213 -0.00786568 0.234927 
58214 -0.00699456 0.397497 
58215 0.153355 -0.256083 
58216 0.153885 -0.0922901 
58217 0.154515 0.0709447 
58218 0.154979 0.233696 
58219 0.155442 0.395942 
58220 0.316308 -0.25661 
58221 0.316792 -0.09309 
58222 0.317037 0.0698368 
58223 0.317391 0.232589 
58224 0.317798 0.394492 
58225 -0.340838 -0.256411 
58226 -0.339279 -0.0923184 
58227 -0.337563 0.0711613 
58228 -0.33593 0.234011 
58229 -0.334306 0.396201 
58230 -0.176535 -0.256822 
58231 -0.175221 -0.0931896 
58232 -0.173799 0.0701177 
58233 -0.172764 0.232499 
58234 -0.171184 0.394413 
58235 -0.0128635 -0.257431 
58236 -0.0119201 -0.0939698 
58237 -0.010899 0.068841 
58238 -0.00992318 0.23114 
58239 -0.00893527 0.392622 
58240 0.14998 -0.257881 
58241 0.150764 -0.0948239 
58242 0.151356 0.0677731 
58243 0.151902 0.229575 
58244 0.152857 0.390831 
58245 0.312332 -0.258214 
58246 0.312683 -0.0956036 
58247 0.313021 0.0665728 
58248 0.31352 0.228117 
58249 0.313921 0.389052 
58250 -0.3421 -0.258001 
58251 -0.340367 -0.0943303 
58252 -0.338474 0.0685061 
58253 -0.336483 0.230691 
58254 -0.334516 0.391983 
58255 -0.178323 -0.258504 
58256 -0.17683 -0.0953599 
58257 -0.175385 0.0671399 
58258 -0.173923 0.228969 
58259 -0.172282 0.389799 
58260 -0.0154239 -0.258969 
58261 -0.0142423 -0.0962008 
58262 -0.01304 0.0659849 
58263 -0.0120586 0.227241 
58264 -0.010866 0.387824 
58265 0.146882 -0.259412 
58266 0.14763 -0.0970779 
58267 0.14846 0.0645526 
58268 0.149144 0.225518 
58269 0.150009 0.385642 
58270 0.308213 -0.259877 
58271 0.30873 -0.0980267 
58272 0.309141 0.0633421 
58273 0.30941 0.223797 
58274 0.309815 0.383618 
58275 -0.343619 -0.259559 
58276 -0.341473 -0.096477 
58277 -0.339438 0.0658132 
58278 -0.337375 0.227125 
58279 -0.335114 0.387778 
58280 -0.180194 -0.260024 
58281 -0.17861 -0.0975294 
58282 -0.176898 0.0643093 
58283 -0.17515 0.225238 
58284 -0.173524 0.385302 
58285 -0.0179151 -0.26065 
58286 -0.0165176 -0.0983825 
58287 -0.0152871 0.0629833 
58288 -0.0139551 0.223404 
58289 -0.0128321 0.382991 
58290 0.143731 -0.261201 
58291 0.144527 -0.0992575 
58292 0.145402 0.0615798 
58293 0.146238 0.221519 
58294 0.147032 0.380648 
58295 0.304391 -0.261644 
58296 0.304706 -0.100344 
58297 0.304975 0.0600468 
58298 0.305389 0.219628 
58299 0.305902 0.378335 
58300 -0.345116 -0.261232 
58301 -0.342629 -0.0987251 
58302 -0.340244 0.0631148 
58303 -0.337986 0.223686 
58304 -0.335744 0.383418 
58305 -0.18214 -0.261726 
58306 -0.180282 -0.0997209 
58307 -0.178478 0.0614475 
58308 -0.17651 0.221604 
58309 -0.174734 0.380845 
58310 -0.0203218 -0.262368 
58311 -0.0188031 -0.100785 
58312 -0.0176509 0.0598907 
58313 -0.0162807 0.219571 
58314 -0.014859 0.37816 
58315 0.140605 -0.262975 
58316 0.141385 -0.101693 
58317 0.142323 0.0582152 
58318 0.14317 0.217397 
58319 0.144023 0.375601 
58320 0.30046 -0.26338 
58321 0.300802 -0.102778 
58322 0.301067 0.0567308 
58323 0.301533 0.215399 
58324 0.301943 0.373227 
58325 -0.346375 -0.262995 
58326 -0.343773 -0.100846 
58327 -0.341273 0.0601392 
58328 -0.338632 0.220137 
58329 -0.33631 0.378912 
58330 -0.184044 -0.263502 
58331 -0.181864 -0.101862 
58332 -0.179873 0.0585449 
58333 -0.177852 0.21791 
58334 -0.175959 0.376121 
58335 -0.0226205 -0.264141 
58336 -0.0211416 -0.103121 
58337 -0.019756 0.0569516 
58338 -0.0182578 0.215672 
58339 -0.016778 0.373242 
58340 0.13755 -0.264488 
58341 0.138466 -0.103924 
58342 0.139386 0.0552207 
58343 0.140178 0.213383 
58344 0.141155 0.370648 
58345 0.296636 -0.264957 
58346 0.296944 -0.10519 
58347 0.297166 0.0538344 
58348 0.297678 0.211149 
58349 0.297927 0.367907 
58350 -0.347797 -0.264832 
58351 -0.344991 -0.103224 
58352 -0.342236 0.0574234 
58353 -0.33949 0.216434 
58354 -0.336754 0.374521 
58355 -0.185727 -0.265247 
58356 -0.183651 -0.104156 
58357 -0.181532 0.0556683 
58358 -0.179442 0.214271 
58359 -0.177196 0.371618 
58360 -0.0250123 -0.265808 
58361 -0.0234203 -0.105331 
58362 -0.0220137 0.0538663 
58363 -0.020409 0.211733 
58364 -0.018947 0.368635 
58365 0.134758 -0.266098 
58366 0.13549 -0.106351 
58367 0.136432 0.0521861 
58368 0.137235 0.2096 
58369 0.138061 0.365578 
58370 0.292735 -0.266707 
58371 0.293081 -0.107435 
58372 0.29328 0.0504928 
58373 0.293622 0.2073 
58374 0.29369 0.362743 
58375 -0.349202 -0.266723 
58376 -0.346197 -0.105314 
58377 -0.343175 0.0545625 
58378 -0.34031 0.213021 
58379 -0.337381 0.370135 
58380 -0.18748 -0.267108 
58381 -0.185162 -0.106503 
58382 -0.183047 0.052621 
58383 -0.180795 0.210479 
58384 -0.178522 0.36708 
58385 -0.027305 -0.267509 
58386 -0.0256834 -0.107624 
58387 -0.0242631 0.0507928 
58388 -0.0227783 0.208037 
58389 -0.0210399 0.363788 
58390 0.131512 -0.267851 
58391 0.132415 -0.108758 
58392 0.133302 0.0491379 
58393 0.134263 0.20567 
58394 0.135126 0.36074 
58395 0.288971 -0.26832 
58396 0.289279 -0.109822 
58397 0.289441 0.0474009 
58398 0.289712 0.203294 
58399 0.289764 0.35777 
58400 -0.350381 -0.268668 
58401 -0.347269 -0.107894 
58402 -0.34425 0.0513931 
58403 -0.341222 0.209331 
58404 -0.338302 0.365702 
58405 -0.189228 -0.268986 
58406 -0.186888 -0.108898 
58407 -0.184603 0.0496977 
58408 -0.182288 0.206883 
58409 -0.180088 0.36249 
58410 -0.0295058 -0.269311 
58411 -0.0279495 -0.109952 
58412 -0.0264686 0.0479307 
58413 -0.0248854 0.204319 
58414 -0.0233634 0.359054 
58415 0.128818 -0.269502 
58416 0.129474 -0.111019 
58417 0.130359 0.0460539 
58418 0.131105 0.201868 
58419 0.131937 0.355932 
58420 0.285286 -0.269774 
58421 0.285458 -0.112028 
58422 0.285573 0.0443804 
58423 0.285657 0.199364 
58424 0.285796 0.352842 
58425 -0.351627 -0.270629 
58426 -0.348491 -0.110153 
58427 -0.345226 0.0486729 
58428 -0.342154 0.205689 
58429 -0.339111 0.361245 
58430 -0.190898 -0.270836 
58431 -0.188576 -0.111158 
58432 -0.186172 0.0467927 
58433 -0.183794 0.203017 
58434 -0.181455 0.358006 
58435 -0.031458 -0.270979 
58436 -0.0302435 -0.112221 
58437 -0.0286332 0.0447416 
58438 -0.0270523 0.200552 
58439 -0.025509 0.354578 
58440 0.125746 -0.271073 
58441 0.126714 -0.113234 
58442 0.127282 0.0430315 
58443 0.128026 0.197944 
58444 0.128815 0.351261 
58445 0.281792 -0.271316 
58446 0.281791 -0.114162 
58447 0.281724 0.0414633 
58448 0.281658 0.19549 
58449 0.281623 0.34794 
58450 -0.352853 -0.272586 
58451 -0.34975 -0.112699 
58452 -0.346256 0.0456077 
58453 -0.343165 0.202057 
58454 -0.339804 0.356712 
58455 -0.192509 -0.272549 
58456 -0.190039 -0.113628 
58457 -0.18767 0.0438144 
58458 -0.185321 0.199443 
58459 -0.182984 0.353282 
58460 -0.033837 -0.272774 
58461 -0.0323746 -0.114434 
58462 -0.0309141 0.0421867 
58463 -0.0294469 0.196854 
58464 -0.0278078 0.350024 
58465 0.123088 -0.272715 
58466 0.123757 -0.11545 
58467 0.124413 0.0402879 
58468 0.125033 0.194123 
58469 0.125717 0.346453 
58470 0.278194 -0.272919 
58471 0.27793 -0.116328 
58472 0.277783 0.0386486 
58473 0.277636 0.191713 
58474 0.277639 0.343096 
58475 -0.354295 -0.274586 
58476 -0.350894 -0.115098 
58477 -0.347297 0.0425747 
58478 -0.344196 0.198382 
58479 -0.340869 0.352413 
58480 -0.194185 -0.274571 
58481 -0.19171 -0.115806 
58482 -0.189313 0.0408823 
58483 -0.186858 0.195667 
58484 -0.184617 0.348928 
58485 -0.0361212 -0.274413 
58486 -0.0346188 -0.116732 
58487 -0.0330621 0.0390708 
58488 -0.03164 0.193179 
58489 -0.0301046 0.345314 
58490 0.12014 -0.274186 
58491 0.120742 -0.117484 
58492 0.121444 0.037375 
58493 0.121916 0.190482 
58494 0.122533 0.341765 
58495 0.274737 -0.274202 
58496 0.274295 -0.11846 
58497 0.27407 0.0357107 
58498 0.273881 0.187986 
58499 0.273356 0.338396 
58500 -0.355308 -0.276591 
58501 -0.351955 -0.117488 
58502 -0.34851 0.0395103 
58503 -0.345359 0.194725 
58504 -0.341838 0.347988 
58505 -0.195699 -0.27641 
58506 -0.193411 -0.118186 
58507 -0.191049 0.0378773 
58508 -0.1885 0.192078 
58509 -0.186235 0.344528 
58510 -0.0380266 -0.276012 
58511 -0.0367787 -0.118961 
58512 -0.0353996 0.0361839 
58513 -0.033969 0.189568 
58514 -0.0326018 0.340938 
58515 0.117432 -0.275877 
58516 0.117844 -0.119678 
58517 0.118461 0.0346744 
58518 0.118828 0.186927 
58519 0.11925 0.337411 
58520 0.271205 -0.275615 
58521 0.270738 -0.120377 
58522 0.270175 0.0330677 
58523 0.269688 0.184287 
58524 0.269172 0.334136 
58525 -0.356604 -0.278744 
58526 -0.35315 -0.120042 
58527 -0.349703 0.0366266 
58528 -0.346259 0.190993 
58529 -0.342904 0.343649 
58530 -0.197413 -0.278198 
58531 -0.19503 -0.120568 
58532 -0.192641 0.0349925 
58533 -0.190295 0.188469 
58534 -0.187958 0.340082 
58535 -0.040237 -0.277738 
58536 -0.0388563 -0.121308 
58537 -0.0375929 0.0333125 
58538 -0.03627 0.185998 
58539 -0.0349518 0.336494 
58540 0.114804 -0.277319 
58541 0.11505 -0.121725 
58542 0.115532 0.0318472 
58543 0.115722 0.18328 
58544 0.115986 0.333029 
58545 0.267857 -0.27685 
58546 0.267065 -0.122194 
58547 0.266373 0.0303222 
58548 0.265637 0.180869 
58549 0.265231 0.329574 
58550 -0.35781 -0.280693 
58551 -0.354235 -0.122487 
58552 -0.350817 0.0336417 
58553 -0.347304 0.187515 
58554 -0.344042 0.339246 
58555 -0.198925 -0.280088 
58556 -0.196568 -0.122881 
58557 -0.194291 0.0320536 
58558 -0.191963 0.18493 
58559 -0.189786 0.335861 
58560 -0.0423487 -0.279248 
58561 -0.0410566 -0.123265 
58562 -0.0397169 0.0306318 
58563 -0.0387065 0.182407 
58564 -0.0374087 0.332223 
58565 0.111995 -0.278704 
58566 0.11227 -0.123699 
58567 0.112324 0.0291135 
58568 0.112619 0.179891 
58569 0.112745 0.328604 
58570 0.264419 -0.277879 
58571 0.263445 -0.124013 
58572 0.262676 0.0277588 
58573 0.261804 0.17746 
58574 0.260861 0.325312 
58575 -0.359076 -0.282882 
58576 -0.35541 -0.124914 
58577 -0.352036 0.0306261 
58578 -0.348524 0.183937 
58579 -0.345296 0.335034 
58580 -0.200483 -0.281902 
58581 -0.198146 -0.125249 
58582 -0.195963 0.0292327 
58583 -0.193658 0.181409 
58584 -0.191555 0.331355 
58585 -0.0444453 -0.28092 
58586 -0.0432386 -0.125448 
58587 -0.0420786 0.0278249 
58588 -0.0411409 0.179056 
58589 -0.0399527 0.327993 
58590 0.109337 -0.280112 
58591 0.10946 -0.125649 
58592 0.109455 0.0265742 
58593 0.109364 0.176519 
58594 0.109612 0.324382 
58595 0.261057 -0.279216 
58596 0.259984 -0.125895 
58597 0.258825 0.0251339 
58598 0.257833 0.174181 
58599 0.256848 0.321023 
