58175 -0.333284 -0.250038 
58176 -0.333287 -0.0832457 
58177 -0.33338 0.0833081 
58178 -0.33334 0.250062 
58179 -0.333327 0.416606 
58180 -0.166667 -0.249939 
58181 -0.166656 -0.0833626 
58182 -0.166585 0.0833554 
58183 -0.166717 0.250026 
58184 -0.166636 0.416698 
58185 5.4653e-05 -0.250019 
58186 -0.000185782 -0.0835222 
58187 6.8941e-05 0.083405 
58188 0.000100564 0.250113 
58189 -4.48187e-05 0.416733 
58190 0.166676 -0.249938 
58191 0.16657 -0.0832887 
58192 0.1666 0.083387 
58193 0.16676 0.250079 
58194 0.166724 0.416756 
58195 0.33329 -0.249988 
58196 0.333429 -0.0833398 
58197 0.333306 0.0834193 
58198 0.33336 0.250051 
58199 0.333286 0.416686 
58200 -0.334748 -0.251432 
58201 -0.334387 -0.0852063 
58202 -0.334192 0.0807558 
58203 -0.333933 0.246666 
58204 -0.333633 0.412374 
58205 -0.168563 -0.251501 
58206 -0.168351 -0.0852182 
58207 -0.168094 0.0805626 
58208 -0.167783 0.246354 
58209 -0.167709 0.412016 
58210 -0.00266313 -0.25153 
58211 -0.00227472 -0.0854818 
58212 -0.00235692 0.0803387 
58213 -0.0020698 0.246167 
58214 -0.00184986 0.411661 
58215 0.163372 -0.251638 
58216 0.163332 -0.0857119 
58217 0.163518 0.0801842 
58218 0.163735 0.245694 
58219 0.163903 0.411276 
58220 0.329071 -0.251691 
58221 0.329192 -0.085817 
58222 0.329192 0.0799406 
58223 0.329134 0.245586 
58224 0.329434 0.41097 
58225 -0.336267 -0.252757 
58226 -0.335672 -0.0873159 
58227 -0.334995 0.078195 
58228 -0.334432 0.243215 
58229 -0.333795 0.407971 
58230 -0.170566 -0.252854 
58231 -0.170073 -0.0875192 
58232 -0.169558 0.0777552 
58233 -0.169072 0.2427 
58234 -0.168593 0.407487 
58235 -0.00513031 -0.25306 
58236 -0.00469834 -0.0877074 
58237 -0.00435141 0.0773838 
58238 -0.00408009 0.242103 
58239 -0.00381173 0.406839 
58240 0.160098 -0.253256 
58241 0.160218 -0.0880316 
58242 0.160415 0.0767033 
58243 0.160655 0.241586 
58244 0.160978 0.405982 
58245 0.324893 -0.253497 
58246 0.324891 -0.0883642 
58247 0.325086 0.076596 
58248 0.325273 0.241079 
58249 0.325256 0.40538 
58250 -0.33771 -0.254396 
58251 -0.33672 -0.089292 
58252 -0.335957 0.0753685 
58253 -0.334976 0.239806 
58254 -0.334085 0.403659 
58255 -0.172402 -0.254693 
58256 -0.171782 -0.0898102 
58257 -0.171073 0.0748752 
58258 -0.170397 0.238896 
58259 -0.16966 0.402767 
58260 -0.00757228 -0.254772 
58261 -0.00718011 -0.0899771 
58262 -0.00666 0.0741815 
58263 -0.00604229 0.238084 
58264 -0.00561558 0.401779 
58265 0.156891 -0.254988 
58266 0.157118 -0.0904033 
58267 0.157267 0.0735746 
58268 0.15769 0.237385 
58269 0.157929 0.400711 
58270 0.320822 -0.255157 
58271 0.320864 -0.0908842 
58272 0.321002 0.0730966 
58273 0.321078 0.236623 
58274 0.32123 0.399899 
58275 -0.33902 -0.256031 
58276 -0.337902 -0.0914635 
58277 -0.336667 0.0726389 
58278 -0.335636 0.23628 
58279 -0.334503 0.399232 
58280 -0.174288 -0.256311 
58281 -0.173433 -0.091918 
58282 -0.172659 0.0720488 
58283 -0.171606 0.235171 
58284 -0.170728 0.398122 
58285 -0.0100106 -0.256393 
58286 -0.00944225 -0.0923203 
58287 -0.00881318 0.0711302 
58288 -0.00818974 0.234269 
58289 -0.00764085 0.396825 
58290 0.153659 -0.25664 
58291 0.153928 -0.0928429 
58292 0.154307 0.0704759 
58293 0.154636 0.233244 
58294 0.15498 0.395601 
58295 0.316833 -0.256845 
58296 0.316894 -0.0934309 
58297 0.316921 0.0697135 
58298 0.317082 0.232348 
58299 0.317247 0.394207 
58300 -0.340382 -0.25773 
58301 -0.339059 -0.0935576 
58302 -0.337736 0.0698238 
58303 -0.33621 0.232816 
58304 -0.334951 0.394802 
58305 -0.176172 -0.257866 
58306 -0.174914 -0.094237 
58307 -0.173954 0.0690583 
58308 -0.172993 0.231459 
58309 -0.171988 0.393326 
58310 -0.0124751 -0.258192 
58311 -0.0118065 -0.0947401 
58312 -0.0111114 0.0681791 
58313 -0.0102377 0.230186 
58314 -0.00962936 0.391826 
58315 0.15054 -0.258348 
58316 0.150897 -0.0952295 
58317 0.151246 0.0671479 
58318 0.151707 0.22917 
58319 0.152019 0.390263 
58320 0.312802 -0.258494 
58321 0.312993 -0.0957137 
58322 0.312948 0.0663388 
58323 0.31302 0.228035 
58324 0.313117 0.388742 
58325 -0.341812 -0.259577 
58326 -0.340075 -0.0958932 
58327 -0.338568 0.0670467 
58328 -0.33708 0.22916 
58329 -0.335439 0.390215 
58330 -0.177999 -0.259591 
58331 -0.176742 -0.0964207 
58332 -0.175543 0.0659689 
58333 -0.174243 0.227727 
58334 -0.173203 0.388595 
58335 -0.0148287 -0.259824 
58336 -0.0139377 -0.0969871 
58337 -0.0132837 0.0649732 
58338 -0.012471 0.226393 
58339 -0.0115776 0.38697 
58340 0.147488 -0.259981 
58341 0.147778 -0.0975653 
58342 0.148157 0.0639779 
58343 0.148581 0.225022 
58344 0.149067 0.385363 
58345 0.308903 -0.260339 
58346 0.308891 -0.0981056 
58347 0.308922 0.0631139 
58348 0.308793 0.223617 
58349 0.308883 0.383498 
58350 -0.342934 -0.261471 
58351 -0.341263 -0.0982134 
58352 -0.339458 0.0639357 
58353 -0.337791 0.225477 
58354 -0.336009 0.385773 
58355 -0.179631 -0.261651 
58356 -0.178225 -0.0988126 
58357 -0.177074 0.063025 
58358 -0.175826 0.22396 
58359 -0.174447 0.383927 
58360 -0.0172086 -0.261563 
58361 -0.0163164 -0.0993958 
58362 -0.0154877 0.0619954 
58363 -0.0147085 0.222444 
58364 -0.0137922 0.381869 
58365 0.144446 -0.261638 
58366 0.14472 -0.0998171 
58367 0.14514 0.06106 
58368 0.145458 0.220867 
58369 0.145928 0.380091 
58370 0.305168 -0.26181 
58371 0.304995 -0.100425 
58372 0.304922 0.0600125 
58373 0.304794 0.219606 
58374 0.304837 0.378091 
58375 -0.344483 -0.263168 
58376 -0.342548 -0.100625 
58377 -0.340542 0.0610563 
58378 -0.338549 0.221761 
58379 -0.336626 0.3813 
58380 -0.181388 -0.263276 
58381 -0.179926 -0.101168 
58382 -0.178606 0.0599884 
58383 -0.177244 0.220122 
58384 -0.175692 0.379287 
58385 -0.0195349 -0.263353 
58386 -0.0185888 -0.101672 
58387 -0.0177834 0.0589654 
58388 -0.0168795 0.218544 
58389 -0.0158845 0.377007 
58390 0.141341 -0.263322 
58391 0.141714 -0.10231 
58392 0.142217 0.0578862 
58393 0.142515 0.216855 
58394 0.142746 0.37511 
58395 0.30122 -0.263412 
58396 0.301247 -0.102951 
58397 0.300916 0.0566936 
58398 0.300795 0.215335 
58399 0.300736 0.372873 
58400 -0.34571 -0.265153 
58401 -0.343584 -0.102878 
58402 -0.341354 0.0581112 
58403 -0.339309 0.217954 
58404 -0.337237 0.376765 
58405 -0.183198 -0.265023 
58406 -0.181592 -0.103407 
58407 -0.180246 0.056999 
58408 -0.178767 0.216268 
58409 -0.177185 0.374508 
58410 -0.0217448 -0.265077 
58411 -0.0209219 -0.104023 
58412 -0.0198953 0.0559438 
58413 -0.0190649 0.214689 
58414 -0.0181828 0.372327 
58415 0.138442 -0.265032 
58416 0.138727 -0.104471 
58417 0.138958 0.0547259 
58418 0.139321 0.212908 
58419 0.13975 0.370064 
58420 0.297516 -0.264964 
58421 0.297185 -0.104928 
58422 0.297001 0.0537161 
58423 0.296855 0.211321 
58424 0.296526 0.367795 
58425 -0.346892 -0.267119 
58426 -0.344743 -0.105291 
58427 -0.342493 0.0550373 
58428 -0.340307 0.214434 
58429 -0.338093 0.372299 
58430 -0.184895 -0.267082 
58431 -0.18328 -0.105742 
58432 -0.181574 0.0540581 
58433 -0.180126 0.212599 
58434 -0.178723 0.369905 
58435 -0.0239658 -0.266817 
58436 -0.0232169 -0.106399 
58437 -0.0222383 0.0527984 
58438 -0.0213134 0.210786 
58439 -0.0204309 0.367437 
58440 0.135458 -0.266778 
58441 0.135738 -0.106829 
58442 0.136107 0.0519001 
58443 0.136334 0.20898 
58444 0.136463 0.365172 
58445 0.293787 -0.266546 
58446 0.293487 -0.107287 
58447 0.293116 0.0507148 
58448 0.292797 0.207388 
58449 0.292309 0.362911 
58450 -0.348122 -0.269122 
58451 -0.345874 -0.107878 
58452 -0.343523 0.052148 
58453 -0.341231 0.210692 
58454 -0.339079 0.367747 
58455 -0.186424 -0.268905 
58456 -0.185026 -0.108206 
58457 -0.183262 0.0508058 
58458 -0.181637 0.208795 
58459 -0.180378 0.365401 
58460 -0.0262827 -0.268574 
58461 -0.0255114 -0.108729 
58462 -0.0246511 0.0498807 
58463 -0.0235307 0.206955 
58464 -0.0227449 0.362799 
58465 0.132764 -0.268284 
58466 0.132874 -0.109159 
58467 0.132983 0.0488031 
58468 0.133262 0.205117 
58469 0.133187 0.360297 
58470 0.290049 -0.268048 
58471 0.289704 -0.109446 
58472 0.289216 0.0478033 
58473 0.288776 0.203563 
58474 0.288087 0.357924 
58475 -0.349428 -0.271238 
58476 -0.346981 -0.110261 
58477 -0.344699 0.0491671 
58478 -0.342234 0.206935 
58479 -0.33996 0.363099 
58480 -0.188217 -0.270687 
58481 -0.186489 -0.110518 
58482 -0.184896 0.0480552 
58483 -0.183381 0.205051 
58484 -0.181752 0.360692 
58485 -0.0284827 -0.270204 
58486 -0.0274904 -0.110913 
58487 -0.0267486 0.0468058 
58488 -0.0258572 0.203213 
58489 -0.0250221 0.358157 
58490 0.129689 -0.269884 
58491 0.129878 -0.111341 
58492 0.130019 0.0458212 
58493 0.130136 0.201483 
58494 0.130195 0.355602 
58495 0.286674 -0.269486 
58496 0.285981 -0.111644 
58497 0.285244 0.044786 
58498 0.284505 0.199625 
58499 0.283878 0.353118 
58500 -0.350525 -0.273278 
58501 -0.3481 -0.112803 
58502 -0.345583 0.046032 
58503 -0.343079 0.203123 
58504 -0.340847 0.358666 
58505 -0.189853 -0.272632 
58506 -0.188245 -0.112963 
58507 -0.186643 0.0450117 
58508 -0.184925 0.201442 
58509 -0.183357 0.356103 
58510 -0.0306192 -0.272018 
58511 -0.0297124 -0.113174 
58512 -0.0291222 0.0439885 
58513 -0.0282267 0.199566 
58514 -0.0273268 0.353583 
58515 0.127028 -0.27149 
58516 0.127013 -0.1134 
58517 0.126973 0.0429568 
58518 0.126871 0.197695 
58519 0.126911 0.350928 
58520 0.282995 -0.270757 
58521 0.282154 -0.113684 
58522 0.281323 0.0419959 
58523 0.280502 0.195965 
58524 0.279699 0.348355 
58525 -0.351799 -0.275163 
58526 -0.349326 -0.115356 
58527 -0.346819 0.0429997 
58528 -0.344279 0.199514 
58529 -0.341803 0.354136 
58530 -0.191402 -0.274442 
58531 -0.189735 -0.115199 
58532 -0.188229 0.042119 
58533 -0.18666 0.197842 
58534 -0.184992 0.351553 
58535 -0.0327287 -0.273736 
58536 -0.0318331 -0.115304 
58537 -0.0313292 0.0411856 
58538 -0.0304559 0.195953 
58539 -0.0298343 0.348916 
58540 0.124352 -0.272861 
58541 0.124119 -0.11545 
58542 0.123922 0.0402173 
58543 0.123598 0.194074 
58544 0.123528 0.346454 
58545 0.279677 -0.272205 
58546 0.278555 -0.115518 
58547 0.277583 0.0392704 
58548 0.276354 0.19242 
58549 0.275411 0.343868 
58550 -0.352977 -0.277328 
58551 -0.350265 -0.117708 
58552 -0.347863 0.0400907 
58553 -0.3454 0.195804 
58554 -0.342922 0.349721 
58555 -0.193016 -0.276399 
58556 -0.191355 -0.117509 
58557 -0.189792 0.0390907 
58558 -0.188262 0.194122 
58559 -0.186867 0.347063 
58560 -0.034811 -0.275349 
58561 -0.0341174 -0.117548 
58562 -0.0335287 0.0383795 
58563 -0.0330092 0.192424 
58564 -0.0323316 0.344536 
58565 0.121664 -0.274257 
58566 0.121402 -0.117593 
58567 0.12101 0.0374437 
58568 0.120743 0.190577 
58569 0.120322 0.341866 
58570 0.276122 -0.273217 
58571 0.274812 -0.117388 
58572 0.273644 0.0366027 
58573 0.272445 0.188887 
58574 0.271083 0.339464 
58575 -0.353971 -0.279368 
58576 -0.351541 -0.120177 
58577 -0.349037 0.0368955 
58578 -0.346426 0.192187 
58579 -0.344228 0.34534 
58580 -0.194406 -0.278101 
58581 -0.19299 -0.119975 
58582 -0.191515 0.0362029 
58583 -0.19008 0.190481 
58584 -0.188508 0.34279 
58585 -0.0367323 -0.276873 
58586 -0.0362823 -0.119636 
58587 -0.0358666 0.035548 
58588 -0.0353345 0.188672 
58589 -0.0349314 0.340116 
58590 0.118934 -0.27567 
58591 0.118358 -0.119572 
58592 0.117824 0.0347772 
58593 0.117329 0.187075 
58594 0.116915 0.337695 
58595 0.272691 -0.27458 
58596 0.2711 -0.119284 
58597 0.269759 0.0341881 
58598 0.268376 0.185535 
58599 0.266936 0.335141 
58600 -0.355207 -0.281424 
58601 -0.352665 -0.122673 
58602 -0.350258 0.0339083 
58603 -0.347722 0.188448 
58604 -0.345462 0.341164 
58605 -0.195911 -0.279899 
58606 -0.194557 -0.122196 
58607 -0.193148 0.0333539 
58608 -0.191801 0.186947 
58609 -0.190489 0.338515 
58610 -0.0387766 -0.278232 
58611 -0.0383509 -0.121784 
58612 -0.0382236 0.0327921 
58613 -0.0378838 0.185301 
58614 -0.037544 0.335907 
58615 0.116294 -0.276938 
58616 0.115695 -0.121383 
58617 0.114868 0.0321869 
58618 0.114242 0.183685 
58619 0.113497 0.333249 
58620 0.269287 -0.275435 
58621 0.267564 -0.120932 
58622 0.266074 0.0316885 
58623 0.264333 0.182331 
58624 0.262706 0.330915 
58625 -0.356152 -0.283417 
58626 -0.353878 -0.124968 
58627 -0.351587 0.0311634 
58628 -0.349155 0.184984 
58629 -0.346563 0.336676 
58630 -0.197483 -0.281704 
58631 -0.196165 -0.124527 
58632 -0.194949 0.0305706 
58633 -0.193601 0.18342 
58634 -0.192341 0.334175 
58635 -0.0406959 -0.279927 
58636 -0.0405646 -0.123685 
58637 -0.040396 0.0301791 
58638 -0.0401973 0.181966 
58639 -0.0399167 0.331668 
58640 0.113643 -0.278281 
58641 0.112834 -0.123184 
58642 0.111917 0.0296488 
58643 0.110999 0.180514 
58644 0.110138 0.329225 
58645 0.266072 -0.276548 
58646 0.264012 -0.122493 
58647 0.262029 0.0293406 
58648 0.260247 0.179028 
58649 0.258446 0.326799 
58650 -0.357466 -0.285443 
58651 -0.354965 -0.127468 
58652 -0.352684 0.0280627 
58653 -0.350284 0.181638 
58654 -0.348083 0.332414 
58655 -0.199035 -0.283376 
58656 -0.197774 -0.126631 
58657 -0.196488 0.0277507 
58658 -0.195254 0.179926 
58659 -0.194252 0.329983 
58660 -0.0427547 -0.281366 
58661 -0.0427782 -0.125807 
58662 -0.0426361 0.0275475 
58663 -0.0427635 0.17873 
58664 -0.0427459 0.327472 
58665 0.111241 -0.279393 
58666 0.110143 -0.124846 
58667 0.108982 0.0273093 
58668 0.107792 0.177481 
58669 0.106688 0.325159 
58670 0.262642 -0.277418 
58671 0.260518 -0.124044 
58672 0.258334 0.0270385 
58673 0.256214 0.175877 
58674 0.254192 0.322852 
