58500 -0.33325 -0.249866 
58501 -0.333301 -0.0832227 
58502 -0.333356 0.0832912 
58503 -0.333325 0.249866 
58504 -0.333376 0.416774 
58505 -0.166767 -0.250045 
58506 -0.166819 -0.0832909 
58507 -0.166677 0.0832138 
58508 -0.16669 0.25004 
58509 -0.166781 0.416654 
58510 3.6809e-05 -0.250037 
58511 0.000198156 -0.0833965 
58512 -2.15909e-06 0.0832122 
58513 -2.3533e-05 0.250087 
58514 -2.20592e-05 0.416558 
58515 0.166604 -0.249976 
58516 0.166709 -0.0832858 
58517 0.1668 0.0832999 
58518 0.166642 0.250085 
58519 0.166681 0.416629 
58520 0.333319 -0.249931 
58521 0.333412 -0.0832634 
58522 0.333264 0.0832984 
58523 0.333318 0.249945 
58524 0.333346 0.41668 
58525 -0.334402 -0.252188 
58526 -0.334369 -0.0858236 
58527 -0.334406 0.0800892 
58528 -0.334391 0.246001 
58529 -0.334299 0.411586 
58530 -0.168151 -0.25194 
58531 -0.168229 -0.0857897 
58532 -0.168335 0.0801475 
58533 -0.168308 0.245844 
58534 -0.168209 0.411649 
58535 -0.00223744 -0.25179 
58536 -0.00231127 -0.0858277 
58537 -0.00235473 0.0801031 
58538 -0.00254227 0.245921 
58539 -0.00243053 0.411579 
58540 0.163606 -0.251275 
58541 0.163622 -0.0853398 
58542 0.163444 0.0802088 
58543 0.163226 0.246069 
58544 0.162996 0.41155 
58545 0.329459 -0.251358 
58546 0.329367 -0.085446 
58547 0.328991 0.0803911 
58548 0.328844 0.245858 
58549 0.328641 0.411321 
58550 -0.335631 -0.254109 
58551 -0.335461 -0.0884555 
58552 -0.3353 0.0768665 
58553 -0.33545 0.241945 
58554 -0.335254 0.40678 
58555 -0.169777 -0.253875 
58556 -0.169866 -0.0882812 
58557 -0.169835 0.0770596 
58558 -0.169964 0.241954 
58559 -0.170032 0.406705 
58560 -0.00436483 -0.253232 
58561 -0.00454805 -0.087956 
58562 -0.00489555 0.0772048 
58563 -0.00499222 0.241955 
58564 -0.00528681 0.406606 
58565 0.160751 -0.252991 
58566 0.160402 -0.0876427 
58567 0.160235 0.0772148 
58568 0.159656 0.241898 
58569 0.159425 0.406355 
58570 0.325843 -0.252455 
58571 0.325159 -0.0873741 
58572 0.324757 0.0775536 
58573 0.324335 0.241937 
58574 0.323814 0.4062 
58575 -0.336536 -0.256154 
58576 -0.336434 -0.0910991 
58577 -0.33644 0.073724 
58578 -0.336319 0.237954 
58579 -0.336371 0.401889 
58580 -0.171382 -0.255585 
58581 -0.171521 -0.0906312 
58582 -0.171587 0.0738383 
58583 -0.171721 0.238107 
58584 -0.171888 0.401825 
58585 -0.00653662 -0.254803 
58586 -0.00681784 -0.090168 
58587 -0.00710951 0.0742554 
58588 -0.00750194 0.238067 
58589 -0.0079533 0.401583 
58590 0.157894 -0.254116 
58591 0.157322 -0.0897466 
58592 0.156934 0.0744095 
58593 0.156269 0.238017 
58594 0.155838 0.401473 
58595 0.321949 -0.253573 
58596 0.321254 -0.08925 
58597 0.320448 0.0746763 
58598 0.319864 0.238074 
58599 0.319052 0.401312 
58600 -0.337601 -0.258372 
58601 -0.33762 -0.0936811 
58602 -0.337616 0.0705809 
58603 -0.337399 0.234138 
58604 -0.337423 0.397087 
58605 -0.172835 -0.257327 
58606 -0.17303 -0.0929211 
58607 -0.173246 0.0707861 
58608 -0.173543 0.234097 
58609 -0.173666 0.396868 
58610 -0.00860914 -0.256296 
58611 -0.00898702 -0.0922705 
58612 -0.00953771 0.0712915 
58613 -0.0100151 0.234366 
58614 -0.0105524 0.396812 
58615 0.155192 -0.255572 
58616 0.154357 -0.0916946 
58617 0.153547 0.0716349 
58618 0.152887 0.234411 
58619 0.152107 0.396642 
58620 0.31843 -0.25463 
58621 0.317241 -0.0911731 
58622 0.316249 0.0718971 
58623 0.315171 0.234531 
58624 0.314199 0.396487 
58625 -0.338724 -0.260196 
58626 -0.338652 -0.0961141 
58627 -0.338518 0.0673411 
58628 -0.338704 0.230212 
58629 -0.338659 0.392401 
58630 -0.174318 -0.259132 
58631 -0.174641 -0.0953866 
58632 -0.174867 0.0677678 
58633 -0.175291 0.230441 
58634 -0.175609 0.392209 
58635 -0.0107772 -0.25791 
58636 -0.0113116 -0.0945618 
58637 -0.0120522 0.0683992 
58638 -0.0126172 0.230431 
58639 -0.0132048 0.392031 
58640 0.152277 -0.256832 
58641 0.151334 -0.0937907 
58642 0.150466 0.0688714 
58643 0.149269 0.230844 
58644 0.148331 0.391868 
58645 0.314681 -0.255617 
58646 0.313359 -0.0927132 
58647 0.311963 0.0693048 
58648 0.310704 0.230874 
58649 0.309486 0.391649 
58650 -0.339629 -0.262355 
58651 -0.33958 -0.098683 
58652 -0.339704 0.0642407 
58653 -0.339858 0.226323 
58654 -0.33977 0.387652 
58655 -0.175705 -0.260953 
58656 -0.176353 -0.0975946 
58657 -0.176597 0.0648469 
58658 -0.177018 0.226735 
58659 -0.177548 0.387587 
58660 -0.0128511 -0.259425 
58661 -0.0135376 -0.0965486 
58662 -0.0143544 0.0655229 
58663 -0.0151716 0.227001 
58664 -0.0160369 0.387433 
58665 0.149603 -0.257828 
58666 0.14833 -0.0954311 
58667 0.147178 0.0662567 
58668 0.145799 0.227207 
58669 0.144781 0.387361 
58670 0.31092 -0.256377 
58671 0.309401 -0.0944325 
58672 0.307629 0.0669189 
58673 0.306354 0.22739 
58674 0.30457 0.38728 
58675 -0.340619 -0.264419 
58676 -0.340709 -0.101184 
58677 -0.34088 0.061271 
58678 -0.341054 0.222642 
58679 -0.341158 0.382962 
58680 -0.177122 -0.262534 
58681 -0.177711 -0.0998345 
58682 -0.178366 0.0620537 
58683 -0.178924 0.223031 
58684 -0.17967 0.382864 
58685 -0.0147065 -0.260855 
58686 -0.0158 -0.0984088 
58687 -0.0167738 0.0628304 
58688 -0.0178326 0.223425 
58689 -0.0189225 0.382917 
58690 0.146821 -0.258776 
58691 0.145361 -0.0971673 
58692 0.143844 0.0637133 
58693 0.142272 0.223657 
58694 0.141052 0.382907 
58695 0.307394 -0.257217 
58696 0.305544 -0.0958463 
58697 0.303652 0.0644963 
58698 0.301645 0.224171 
58699 0.299859 0.38278 
58700 -0.341629 -0.266282 
58701 -0.34181 -0.103534 
58702 -0.342041 0.0581467 
58703 -0.342403 0.218783 
58704 -0.342503 0.378557 
58705 -0.178554 -0.264098 
58706 -0.179272 -0.102019 
58707 -0.180142 0.0592237 
58708 -0.180821 0.219329 
58709 -0.181619 0.37856 
58710 -0.016617 -0.261973 
58711 -0.0179865 -0.10035 
58712 -0.0192957 0.0603121 
58713 -0.0205101 0.219804 
58714 -0.0216453 0.378609 
58715 0.144255 -0.259881 
58716 0.142258 -0.098736 
58717 0.140709 0.0612933 
58718 0.138836 0.220438 
58719 0.137123 0.378673 
58720 0.303974 -0.257791 
58721 0.30162 -0.0973044 
58722 0.299487 0.0622316 
58723 0.297297 0.220831 
58724 0.294953 0.37859 
58725 -0.342325 -0.268076 
58726 -0.342929 -0.10591 
58727 -0.34335 0.0552262 
58728 -0.343712 0.215139 
58729 -0.344123 0.374069 
58730 -0.180138 -0.265566 
58731 -0.180905 -0.104056 
58732 -0.182042 0.0563925 
58733 -0.182841 0.215854 
58734 -0.183652 0.374225 
58735 -0.0186927 -0.263155 
58736 -0.0202267 -0.10228 
58737 -0.021637 0.057657 
58738 -0.023295 0.216567 
58739 -0.0245542 0.374206 
58740 0.141462 -0.260838 
58741 0.139468 -0.100388 
58742 0.137459 0.0590825 
58743 0.135489 0.217275 
58744 0.133338 0.374493 
58745 0.300471 -0.258334 
58746 0.29791 -0.0984319 
58747 0.295312 0.0601601 
58748 0.292782 0.217935 
58749 0.290303 0.374515 
58750 -0.343482 -0.269952 
58751 -0.343868 -0.108214 
58752 -0.344415 0.0522347 
58753 -0.34523 0.211539 
58754 -0.345601 0.369712 
58755 -0.181343 -0.267184 
58756 -0.182501 -0.106031 
58757 -0.183695 0.0536403 
58758 -0.18468 0.212357 
58759 -0.185902 0.369938 
58760 -0.0206304 -0.264373 
58761 -0.0224619 -0.103986 
58762 -0.0239809 0.0551994 
58763 -0.025849 0.213217 
58764 -0.0274389 0.370187 
58765 0.13877 -0.261646 
58766 0.136473 -0.1018 
58767 0.134131 0.0566715 
58768 0.131838 0.214183 
58769 0.129618 0.370424 
58770 0.297031 -0.258848 
58771 0.294101 -0.0997933 
58772 0.291163 0.0582802 
58773 0.288195 0.215019 
58774 0.285464 0.370608 
58775 -0.34429 -0.271628 
58776 -0.345137 -0.110484 
58777 -0.34577 0.0494448 
58778 -0.346317 0.207937 
58779 -0.347106 0.365445 
58780 -0.18272 -0.26849 
58781 -0.184206 -0.107988 
58782 -0.18537 0.0511796 
58783 -0.186716 0.209033 
58784 -0.188049 0.36573 
58785 -0.0225092 -0.265423 
58786 -0.0245885 -0.105611 
58787 -0.0265511 0.052919 
58788 -0.0285758 0.210147 
58789 -0.0304233 0.366191 
58790 0.136181 -0.262387 
58791 0.133553 -0.103144 
58792 0.131012 0.0546127 
58793 0.12834 0.211211 
58794 0.125901 0.366393 
58795 0.293598 -0.259222 
58796 0.290408 -0.100712 
58797 0.287049 0.056309 
58798 0.284003 0.212284 
58799 0.280721 0.366849 
58800 -0.345289 -0.273514 
58801 -0.346089 -0.11272 
58802 -0.347056 0.0466152 
58803 -0.347897 0.204651 
58804 -0.348824 0.361303 
58805 -0.184016 -0.269884 
58806 -0.185667 -0.110087 
58807 -0.187386 0.0486717 
58808 -0.188752 0.205895 
58809 -0.190338 0.361807 
58810 -0.0243283 -0.266412 
58811 -0.0268501 -0.107202 
58812 -0.0289565 0.0506188 
58813 -0.0313484 0.207113 
58814 -0.0333842 0.362221 
58815 0.133588 -0.262801 
58816 0.130641 -0.104458 
58817 0.127724 0.0527508 
58818 0.124895 0.208359 
58819 0.122085 0.362633 
58820 0.290169 -0.259323 
58821 0.286704 -0.101736 
58822 0.282985 0.0545424 
58823 0.27944 0.209571 
58824 0.275923 0.363303 
58825 -0.346145 -0.275222 
58826 -0.34706 -0.114817 
58827 -0.348359 0.0439446 
58828 -0.349378 0.201138 
58829 -0.350533 0.357162 
58830 -0.18525 -0.271186 
58831 -0.187296 -0.111772 
58832 -0.189088 0.0462763 
58833 -0.19081 0.202775 
58834 -0.192616 0.35797 
58835 -0.0263342 -0.267318 
58836 -0.0289101 -0.108635 
58837 -0.0314582 0.0485693 
58838 -0.0338499 0.204198 
58839 -0.0364623 0.358452 
58840 0.131038 -0.263426 
58841 0.127791 -0.10546 
58842 0.124466 0.0508595 
58843 0.121366 0.205401 
58844 0.118276 0.359019 
58845 0.286771 -0.259499 
58846 0.282873 -0.102641 
58847 0.27901 0.0529475 
58848 0.275039 0.207173 
58849 0.271159 0.359818 
58850 -0.346867 -0.276846 
58851 -0.348268 -0.116959 
58852 -0.349535 0.0413727 
58853 -0.35101 0.197973 
58854 -0.352233 0.353275 
58855 -0.186732 -0.272327 
58856 -0.188692 -0.113527 
58857 -0.190826 0.0437938 
58858 -0.192843 0.199769 
58859 -0.194991 0.354137 
58860 -0.0281574 -0.267956 
58861 -0.0311699 -0.110014 
58862 -0.0340358 0.0463518 
58863 -0.0368113 0.201343 
58864 -0.0396023 0.354905 
58865 0.1284 -0.263648 
58866 0.124941 -0.106594 
58867 0.12127 0.0491125 
58868 0.117798 0.203004 
58869 0.114285 0.355652 
58870 0.283444 -0.259346 
58871 0.279087 -0.103245 
58872 0.274841 0.0514014 
58873 0.270622 0.204718 
58874 0.266516 0.356582 
58875 -0.347891 -0.278251 
58876 -0.349392 -0.118942 
58877 -0.350944 0.0385752 
58878 -0.352501 0.194845 
58879 -0.354038 0.34933 
58880 -0.18792 -0.273354 
58881 -0.190389 -0.115125 
58882 -0.192687 0.0416714 
58883 -0.195092 0.19688 
58884 -0.197321 0.350534 
58885 -0.0299831 -0.268635 
58886 -0.0333126 -0.111235 
58887 -0.0364546 0.0444335 
58888 -0.0395799 0.198775 
58889 -0.0424972 0.351443 
58890 0.125863 -0.264 
58891 0.121983 -0.10769 
58892 0.118159 0.0473817 
58893 0.114327 0.200603 
58894 0.11046 0.352371 
58895 0.280105 -0.259313 
58896 0.275366 -0.103772 
58897 0.270816 0.0500825 
58898 0.266203 0.202479 
58899 0.261744 0.353554 
58900 -0.348656 -0.279659 
58901 -0.350441 -0.120861 
58902 -0.352344 0.0363188 
58903 -0.353984 0.191718 
58904 -0.355892 0.345662 
58905 -0.189299 -0.274443 
58906 -0.191984 -0.116562 
58907 -0.194581 0.039461 
58908 -0.197159 0.193927 
58909 -0.19977 0.346895 
58910 -0.0319636 -0.26925 
58911 -0.0352932 -0.112446 
58912 -0.0387634 0.0428354 
58913 -0.0423572 0.196282 
58914 -0.0455915 0.348052 
58915 0.12347 -0.264115 
58916 0.11924 -0.10831 
58917 0.114956 0.045844 
58918 0.110833 0.19851 
58919 0.106632 0.34925 
58920 0.276759 -0.25897 
58921 0.271743 -0.104353 
58922 0.266766 0.0488494 
58923 0.261818 0.200497 
58924 0.257134 0.350476 
58925 -0.349287 -0.280944 
58926 -0.35156 -0.122731 
58927 -0.353549 0.0337772 
58928 -0.355635 0.188904 
58929 -0.357778 0.342156 
58930 -0.190505 -0.275292 
58931 -0.193524 -0.11813 
58932 -0.196351 0.0374641 
58933 -0.199274 0.191387 
58934 -0.202171 0.343548 
58935 -0.0338021 -0.269753 
58936 -0.0376609 -0.113454 
58937 -0.0411819 0.0409243 
58938 -0.0448923 0.193597 
58939 -0.0486489 0.344883 
58940 0.120755 -0.264134 
58941 0.116314 -0.109022 
58942 0.11178 0.0443722 
58943 0.107179 0.19614 
58944 0.102829 0.346305 
58945 0.273441 -0.258756 
58946 0.268196 -0.104527 
58947 0.262776 0.0476995 
58948 0.257502 0.19845 
58949 0.25228 0.347607 
58950 -0.350104 -0.28228 
58951 -0.352576 -0.124527 
58952 -0.354904 0.0316304 
58953 -0.357427 0.185842 
58954 -0.359771 0.338616 
58955 -0.191745 -0.276192 
58956 -0.195107 -0.119471 
58957 -0.198227 0.035436 
58958 -0.201491 0.188738 
58959 -0.204603 0.340193 
58960 -0.0355143 -0.270025 
58961 -0.0395554 -0.114584 
58962 -0.0437514 0.0393857 
58963 -0.047815 0.191313 
58964 -0.0517543 0.341747 
58965 0.118369 -0.263858 
58966 0.113536 -0.109686 
58967 0.108561 0.0429821 
58968 0.103731 0.194035 
58969 0.0988915 0.343446 
58970 0.27034 -0.258043 
58971 0.264527 -0.104817 
58972 0.258819 0.0467246 
58973 0.253153 0.196707 
58974 0.247583 0.344935 
58975 -0.350822 -0.283429 
58976 -0.353729 -0.126061 
58977 -0.356481 0.0294966 
58978 -0.358984 0.183249 
58979 -0.361662 0.335255 
58980 -0.19297 -0.276811 
58981 -0.196601 -0.12062 
58982 -0.20025 0.0335955 
58983 -0.203738 0.186225 
58984 -0.206999 0.336992 
58985 -0.0373045 -0.270268 
58986 -0.0418538 -0.115413 
58987 -0.0462604 0.0377359 
58988 -0.050615 0.189142 
58989 -0.0549693 0.338968 
58990 0.116049 -0.263904 
58991 0.11052 -0.110012 
58992 0.105369 0.042012 
58993 0.100314 0.192151 
58994 0.0950584 0.340812 
58995 0.266976 -0.257461 
58996 0.260872 -0.104799 
58997 0.254916 0.0458003 
58998 0.248856 0.194989 
58999 0.242862 0.342472 
