58550 -0.333341 -0.250053 
58551 -0.333218 -0.0833195 
58552 -0.333408 0.0834133 
58553 -0.333216 0.25003 
58554 -0.333284 0.416711 
58555 -0.166693 -0.249799 
58556 -0.166545 -0.083232 
58557 -0.166759 0.0833707 
58558 -0.166745 0.250101 
58559 -0.166675 0.416666 
58560 2.86677e-05 -0.249929 
58561 -4.46437e-06 -0.0833764 
58562 0.000125517 0.0833229 
58563 8.33825e-05 0.250008 
58564 5.00136e-06 0.416565 
58565 0.166864 -0.25003 
58566 0.166673 -0.0832901 
58567 0.166664 0.0833531 
58568 0.166683 0.250009 
58569 0.166787 0.416772 
58570 0.333268 -0.249937 
58571 0.333304 -0.0833573 
58572 0.333344 0.0832867 
58573 0.3333 0.24994 
58574 0.333352 0.416691 
58575 -0.334402 -0.252085 
58576 -0.334369 -0.0857972 
58577 -0.334304 0.0800512 
58578 -0.334412 0.245985 
58579 -0.334329 0.411712 
58580 -0.168189 -0.251809 
58581 -0.168307 -0.0856329 
58582 -0.168286 0.0802303 
58583 -0.168509 0.245977 
58584 -0.168389 0.411589 
58585 -0.00225108 -0.251565 
58586 -0.00228814 -0.0856356 
58587 -0.00238764 0.0804303 
58588 -0.00255744 0.24608 
58589 -0.00271315 0.411642 
58590 0.163803 -0.251261 
58591 0.163578 -0.0854209 
58592 0.16339 0.0803231 
58593 0.163054 0.246032 
58594 0.162948 0.41161 
58595 0.329465 -0.251158 
58596 0.329309 -0.0853372 
58597 0.328929 0.0804141 
58598 0.328764 0.246069 
58599 0.32856 0.411559 
58600 -0.335501 -0.254168 
58601 -0.335426 -0.0886049 
58602 -0.335499 0.0769802 
58603 -0.335629 0.242095 
58604 -0.335481 0.406902 
58605 -0.169675 -0.253651 
58606 -0.169893 -0.088129 
58607 -0.170025 0.0772436 
58608 -0.170287 0.242123 
58609 -0.170436 0.406709 
58610 -0.00422 -0.253153 
58611 -0.004538 -0.0877725 
58612 -0.00487311 0.077169 
58613 -0.00516381 0.242176 
58614 -0.0053737 0.406758 
58615 0.160814 -0.252657 
58616 0.160436 -0.0873702 
58617 0.160087 0.07749 
58618 0.159663 0.242358 
58619 0.159215 0.406697 
58620 0.325615 -0.251981 
58621 0.325296 -0.0870136 
58622 0.324828 0.0776978 
58623 0.324153 0.242266 
58624 0.323599 0.406558 
58625 -0.336389 -0.256154 
58626 -0.336427 -0.0910833 
58627 -0.336528 0.0736096 
58628 -0.336572 0.238065 
58629 -0.336721 0.40203 
58630 -0.171291 -0.25541 
58631 -0.171584 -0.0904387 
58632 -0.171548 0.0740821 
58633 -0.172025 0.238169 
58634 -0.172348 0.401907 
58635 -0.00654706 -0.254706 
58636 -0.00687658 -0.0899202 
58637 -0.00715741 0.0745555 
58638 -0.00767635 0.23837 
58639 -0.00815686 0.401859 
58640 0.158078 -0.253787 
58641 0.157613 -0.0892544 
58642 0.15679 0.0747487 
58643 0.156088 0.238533 
58644 0.155489 0.401891 
58645 0.322035 -0.253144 
58646 0.321195 -0.0887618 
58647 0.320448 0.0751819 
58648 0.319449 0.23874 
58649 0.318678 0.40167 
58650 -0.337327 -0.258333 
58651 -0.337507 -0.0934528 
58652 -0.33777 0.0706197 
58653 -0.3379 0.234121 
58654 -0.337937 0.397235 
58655 -0.17252 -0.257065 
58656 -0.172996 -0.0928603 
58657 -0.173369 0.071083 
58658 -0.173851 0.234429 
58659 -0.17427 0.39731 
58660 -0.00830133 -0.25615 
58661 -0.00901982 -0.0920186 
58662 -0.00976869 0.0716629 
58663 -0.0102826 0.234566 
58664 -0.0109956 0.397257 
58665 0.1552 -0.254979 
58666 0.154333 -0.0911969 
58667 0.153423 0.072169 
58668 0.152545 0.234956 
58669 0.151728 0.397254 
58670 0.318398 -0.254018 
58671 0.317239 -0.0903549 
58672 0.316135 0.0726004 
58673 0.315037 0.23519 
58674 0.31389 0.397231 
58675 -0.338355 -0.26012 
58676 -0.338662 -0.0961434 
58677 -0.338737 0.0673696 
58678 -0.339087 0.230277 
58679 -0.339367 0.392577 
58680 -0.174104 -0.258766 
58681 -0.174436 -0.0950283 
58682 -0.175143 0.0682361 
58683 -0.175654 0.230626 
58684 -0.176339 0.392578 
58685 -0.0104407 -0.257326 
58686 -0.0112385 -0.0940396 
58687 -0.0122812 0.0690248 
58688 -0.0130741 0.23116 
58689 -0.0139258 0.392675 
58690 0.152454 -0.25603 
58691 0.151277 -0.0929012 
58692 0.150175 0.0696693 
58693 0.149029 0.231466 
58694 0.14773 0.392648 
58695 0.314806 -0.254714 
58696 0.313342 -0.0917923 
58697 0.311911 0.0702301 
58698 0.31057 0.231812 
58699 0.308942 0.392726 
58700 -0.339333 -0.262179 
58701 -0.339799 -0.0985366 
58702 -0.339897 0.0643785 
58703 -0.340265 0.226558 
58704 -0.340675 0.38813 
58705 -0.175452 -0.260472 
58706 -0.176162 -0.0971232 
58707 -0.176846 0.0653236 
58708 -0.177497 0.227084 
58709 -0.178208 0.388109 
58710 -0.0125548 -0.258716 
58711 -0.0136244 -0.0958717 
58712 -0.0145531 0.0661601 
58713 -0.0156631 0.227589 
58714 -0.0166811 0.388154 
58715 0.149767 -0.256954 
58716 0.148391 -0.0945671 
58717 0.146763 0.0671489 
58718 0.145453 0.227891 
58719 0.143985 0.388308 
58720 0.31125 -0.255396 
58721 0.309395 -0.0931499 
58722 0.307688 0.0680765 
58723 0.305849 0.228579 
58724 0.304042 0.388438 
58725 -0.340271 -0.264028 
58726 -0.340649 -0.100877 
58727 -0.341094 0.0614249 
58728 -0.341596 0.22284 
58729 -0.342135 0.383508 
58730 -0.176768 -0.262031 
58731 -0.177732 -0.0991937 
58732 -0.178606 0.0624822 
58733 -0.179681 0.223524 
58734 -0.180516 0.383463 
58735 -0.0143134 -0.259939 
58736 -0.0157515 -0.0976646 
58737 -0.0170202 0.0636575 
58738 -0.0183574 0.224073 
58739 -0.0196115 0.383774 
58740 0.147094 -0.257863 
58741 0.145373 -0.0960495 
58742 0.143777 0.0647964 
58743 0.14175 0.224856 
58744 0.140188 0.384053 
58745 0.307664 -0.255817 
58746 0.305539 -0.0946253 
58747 0.303443 0.0658047 
58748 0.301326 0.225455 
58749 0.299075 0.384227 
58750 -0.341213 -0.265916 
58751 -0.341777 -0.10318 
58752 -0.342395 0.0582962 
58753 -0.343055 0.219264 
58754 -0.343594 0.378974 
58755 -0.178266 -0.263586 
58756 -0.179382 -0.101313 
58757 -0.180355 0.0598246 
58758 -0.181409 0.219937 
58759 -0.182449 0.379386 
58760 -0.0163823 -0.260998 
58761 -0.0180165 -0.0994915 
58762 -0.0193964 0.061226 
58763 -0.0210369 0.22091 
58764 -0.022609 0.379573 
58765 0.144383 -0.258671 
58766 0.1423 -0.0974892 
58767 0.140336 0.0624729 
58768 0.138403 0.221717 
58769 0.136392 0.379905 
58770 0.304195 -0.256169 
58771 0.301534 -0.0957333 
58772 0.299212 0.0640031 
58773 0.296567 0.222515 
58774 0.294342 0.380226 
58775 -0.342054 -0.26758 
58776 -0.34274 -0.105419 
58777 -0.343556 0.0555078 
58778 -0.344438 0.215571 
58779 -0.345292 0.374613 
58780 -0.179583 -0.264807 
58781 -0.180815 -0.103345 
58782 -0.182383 0.0571583 
58783 -0.183436 0.216766 
58784 -0.184792 0.375191 
58785 -0.0183818 -0.262054 
58786 -0.0201882 -0.101114 
58787 -0.0219455 0.0589104 
58788 -0.0239124 0.217721 
58789 -0.0255478 0.375572 
58790 0.141749 -0.259178 
58791 0.13931 -0.0988656 
58792 0.137079 0.0603449 
58793 0.134784 0.218694 
58794 0.132428 0.375939 
58795 0.300594 -0.25656 
58796 0.297885 -0.0967945 
58797 0.295048 0.0619713 
58798 0.292132 0.219741 
58799 0.289437 0.376341 
58800 -0.342899 -0.269405 
58801 -0.343919 -0.107782 
58802 -0.344974 0.0528594 
58803 -0.345925 0.212082 
58804 -0.346762 0.370489 
58805 -0.180977 -0.266207 
58806 -0.182489 -0.105168 
58807 -0.184034 0.0545989 
58808 -0.185397 0.213322 
58809 -0.187086 0.371099 
58810 -0.0202486 -0.263024 
58811 -0.0224648 -0.102703 
58812 -0.0244507 0.0566275 
58813 -0.026613 0.214636 
58814 -0.0285831 0.371584 
58815 0.139104 -0.259854 
58816 0.136485 -0.100193 
58817 0.13384 0.0583942 
58818 0.131231 0.215762 
58819 0.128633 0.372169 
58820 0.297206 -0.256698 
58821 0.294073 -0.0977586 
58822 0.290878 0.0602238 
58823 0.287703 0.217003 
58824 0.284663 0.372739 
58825 -0.343802 -0.271151 
58826 -0.345033 -0.109898 
58827 -0.346211 0.0501265 
58828 -0.347399 0.20879 
58829 -0.348655 0.366474 
58830 -0.182246 -0.267441 
58831 -0.184017 -0.107049 
58832 -0.185866 0.0522745 
58833 -0.187691 0.210193 
58834 -0.189281 0.367038 
58835 -0.0222442 -0.263859 
58836 -0.0245566 -0.104031 
58837 -0.0268001 0.0544334 
58838 -0.0291955 0.211631 
58839 -0.0316761 0.36764 
58840 0.136492 -0.260332 
58841 0.133619 -0.101379 
58842 0.130734 0.0564514 
58843 0.127584 0.213067 
58844 0.124795 0.368503 
58845 0.293753 -0.256618 
58846 0.290212 -0.0984878 
58847 0.286687 0.0585753 
58848 0.283236 0.214411 
58849 0.279781 0.369238 
58850 -0.344716 -0.272578 
58851 -0.345952 -0.111873 
58852 -0.34747 0.0473253 
58853 -0.348772 0.205392 
58854 -0.35022 0.362225 
58855 -0.183565 -0.268586 
58856 -0.18556 -0.10882 
58857 -0.18762 0.0498209 
58858 -0.189709 0.207261 
58859 -0.191707 0.363166 
58860 -0.0239596 -0.264614 
58861 -0.026678 -0.105648 
58862 -0.0293638 0.0522726 
58863 -0.0319756 0.208894 
58864 -0.034734 0.364094 
58865 0.133983 -0.26052 
58866 0.130555 -0.102375 
58867 0.127343 0.0547339 
58868 0.124132 0.210625 
58869 0.120876 0.36498 
58870 0.290316 -0.256749 
58871 0.286432 -0.0991154 
58872 0.282459 0.0570553 
58873 0.278805 0.212089 
58874 0.27483 0.365796 
58875 -0.345416 -0.27409 
58876 -0.347045 -0.114006 
58877 -0.348698 0.0448804 
58878 -0.350353 0.202365 
58879 -0.351996 0.358332 
58880 -0.184843 -0.269726 
58881 -0.187246 -0.110324 
58882 -0.18945 0.0475722 
58883 -0.191782 0.204146 
58884 -0.194069 0.359459 
58885 -0.0259482 -0.265248 
58886 -0.0288587 -0.10686 
58887 -0.0319106 0.0503352 
58888 -0.0347855 0.206254 
58889 -0.0378892 0.360688 
58890 0.131418 -0.260807 
58891 0.127742 -0.103317 
58892 0.124026 0.0530095 
58893 0.120511 0.207883 
58894 0.11693 0.361535 
58895 0.287028 -0.256552 
58896 0.282719 -0.099784 
58897 0.278487 0.0558256 
58898 0.274321 0.209832 
58899 0.270124 0.362732 
58900 -0.346288 -0.275592 
58901 -0.348188 -0.115848 
58902 -0.350103 0.0424292 
58903 -0.351966 0.199214 
58904 -0.353771 0.354605 
58905 -0.185961 -0.270615 
58906 -0.188653 -0.111895 
58907 -0.191406 0.0453974 
58908 -0.194006 0.201405 
58909 -0.19645 0.355925 
58910 -0.0278637 -0.265835 
58911 -0.0311036 -0.107935 
58912 -0.03433 0.0484125 
58913 -0.0376508 0.20359 
58914 -0.0407851 0.35694 
58915 0.128751 -0.261053 
58916 0.124855 -0.10408 
58917 0.120882 0.0513635 
58918 0.117043 0.205554 
58919 0.113019 0.358415 
58920 0.283785 -0.256237 
58921 0.279129 -0.100223 
58922 0.274432 0.0542634 
58923 0.269923 0.207791 
58924 0.26519 0.359722 
58925 -0.347085 -0.276886 
58926 -0.349281 -0.117706 
58927 -0.351435 0.0400325 
58928 -0.353703 0.196186 
58929 -0.355845 0.351075 
58930 -0.187261 -0.271451 
58931 -0.190341 -0.113227 
58932 -0.193262 0.0434395 
58933 -0.196083 0.198601 
58934 -0.198976 0.352258 
58935 -0.0296172 -0.266308 
58936 -0.0333566 -0.10894 
58937 -0.0368002 0.0468222 
58938 -0.0403984 0.201092 
58939 -0.043971 0.353963 
58940 0.126259 -0.261005 
58941 0.121853 -0.104856 
58942 0.11767 0.0498934 
58943 0.113365 0.203262 
58944 0.109148 0.355376 
58945 0.280154 -0.255813 
58946 0.275216 -0.100649 
58947 0.27022 0.0532161 
58948 0.265317 0.205764 
58949 0.260468 0.356775 
58950 -0.347947 -0.27811 
58951 -0.350388 -0.119492 
58952 -0.352693 0.0377224 
58953 -0.355285 0.193355 
58954 -0.357757 0.347343 
58955 -0.188754 -0.272222 
58956 -0.191885 -0.1148 
58957 -0.195231 0.041425 
58958 -0.198225 0.196004 
58959 -0.201358 0.349164 
58960 -0.0315728 -0.266693 
58961 -0.0355004 -0.109939 
58962 -0.0392203 0.04509 
58963 -0.0432109 0.198741 
58964 -0.0471558 0.35091 
58965 0.12382 -0.260923 
58966 0.119094 -0.10556 
58967 0.114311 0.0486099 
58968 0.109823 0.201311 
58969 0.105345 0.352549 
58970 0.277045 -0.255335 
58971 0.271571 -0.100844 
58972 0.26622 0.0522159 
58973 0.261034 0.203864 
58974 0.255614 0.354229 
58975 -0.348677 -0.279288 
58976 -0.351464 -0.121056 
58977 -0.35424 0.0357023 
58978 -0.35703 0.190501 
58979 -0.359752 0.343893 
58980 -0.189799 -0.272969 
58981 -0.193539 -0.115916 
58982 -0.197047 0.0394402 
58983 -0.20055 0.193482 
58984 -0.203999 0.346007 
58985 -0.0332271 -0.266747 
58986 -0.0374969 -0.110863 
58987 -0.0418085 0.0435724 
58988 -0.0461957 0.196462 
58989 -0.0502467 0.347953 
58990 0.121147 -0.26078 
58991 0.1163 -0.105798 
58992 0.111069 0.0474711 
58993 0.106127 0.199361 
58994 0.101238 0.349793 
58995 0.273763 -0.254752 
58996 0.26807 -0.100926 
58997 0.26227 0.0512434 
58998 0.256434 0.20222 
58999 0.250964 0.351609 
59000 -0.349441 -0.280259 
59001 -0.352709 -0.122527 
59002 -0.35575 0.0333674 
59003 -0.358783 0.187938 
59004 -0.361749 0.340642 
59005 -0.191102 -0.27342 
59006 -0.194922 -0.117031 
59007 -0.198958 0.0378338 
59008 -0.202685 0.191172 
59009 -0.206513 0.342934 
59010 -0.034982 -0.266929 
59011 -0.0397596 -0.111586 
59012 -0.0444243 0.0421626 
59013 -0.048925 0.194398 
59014 -0.0536624 0.344929 
59015 0.118844 -0.26036 
59016 0.113252 -0.106143 
59017 0.107902 0.0464306 
59018 0.102729 0.197528 
59019 0.0973722 0.347079 
59020 0.270324 -0.254026 
59021 0.264105 -0.100856 
59022 0.258146 0.0506574 
59023 0.252065 0.200613 
59024 0.246098 0.349218 
59025 -0.350226 -0.2812 
59026 -0.353727 -0.124017 
59027 -0.357032 0.0314464 
59028 -0.360509 0.185212 
59029 -0.363668 0.337704 
59030 -0.192212 -0.274051 
59031 -0.196612 -0.11808 
59032 -0.200799 0.0361962 
59033 -0.204959 0.188846 
59034 -0.209128 0.340038 
59035 -0.0368784 -0.266881 
59036 -0.0418189 -0.112178 
59037 -0.0469839 0.0408779 
59038 -0.0517983 0.192475 
59039 -0.0565025 0.342359 
59040 0.116274 -0.259859 
59041 0.110523 -0.106534 
59042 0.104699 0.0454551 
59043 0.0992159 0.195934 
59044 0.0933832 0.344775 
59045 0.267006 -0.253085 
59046 0.260669 -0.100752 
59047 0.254165 0.0499445 
59048 0.247724 0.19925 
59049 0.241526 0.34701 
