4700 -0.333151 -0.216387 
4701 -0.333128 -0.0168756 
4702 -0.333002 0.183468 
4703 -0.333599 0.383173 
4704 -0.16676 -0.216425 
4705 -0.167116 -0.0170167 
4706 -0.166182 0.183228 
4707 -0.166251 0.383554 
4708 0.000341858 -0.216973 
4709 0.000306137 -0.0165673 
4710 -0.000120704 0.183664 
4711 0.000169837 0.383724 
4712 0.166227 -0.216283 
4713 0.166428 -0.0165821 
4714 0.166197 0.183791 
4715 0.166799 0.383251 
4716 0.333201 -0.21629 
4717 0.333465 -0.0166461 
4718 0.333245 0.182951 
4719 0.332884 0.383815 
4720 -0.313871 -0.198295 
4721 -0.31383 -0.0168995 
4722 -0.314325 0.164765 
4723 -0.314746 0.345784 
4724 -0.162183 -0.197504 
4725 -0.162844 -0.01647 
4726 -0.162774 0.165228 
4727 -0.16366 0.346462 
4728 -0.0111902 -0.197699 
4729 -0.0112265 -0.016025 
4730 -0.0119207 0.165113 
4731 -0.0129528 0.346491 
4732 0.139434 -0.196561 
4733 0.139221 -0.0158192 
4734 0.138517 0.165533 
4735 0.137975 0.346482 
4736 0.290168 -0.195932 
4737 0.290164 -0.0151292 
4738 0.28955 0.165861 
4739 0.288752 0.346121 
4740 -0.297261 -0.182279 
4741 -0.298427 -0.0163006 
4742 -0.299537 0.149692 
4743 -0.299838 0.316004 
4744 -0.158219 -0.181829 
4745 -0.160071 -0.0157167 
4746 -0.160609 0.150155 
4747 -0.161315 0.316277 
4748 -0.0206296 -0.180543 
4749 -0.0210057 -0.0149862 
4750 -0.0225676 0.149928 
4751 -0.0231015 0.315964 
4752 0.117529 -0.17928 
4753 0.116838 -0.0140169 
4754 0.115764 0.151041 
4755 0.114892 0.315964 
4756 0.254334 -0.178913 
4757 0.254115 -0.013411 
4758 0.252575 0.151328 
4759 0.251962 0.316744 
4760 -0.284081 -0.169207 
4761 -0.284829 -0.0164559 
4762 -0.286304 0.136884 
4763 -0.288365 0.290043 
4764 -0.156388 -0.167415 
4765 -0.157679 -0.0146669 
4766 -0.15845 0.137858 
4767 -0.15999 0.291115 
4768 -0.0287204 -0.166878 
4769 -0.0302904 -0.0138446 
4770 -0.0311598 0.138096 
4771 -0.0324614 0.291 
4772 0.0983023 -0.164718 
4773 0.0969553 -0.0128826 
4774 0.0952767 0.139244 
4775 0.0943522 0.291498 
4776 0.224425 -0.163823 
4777 0.22263 -0.0119591 
4778 0.222279 0.139831 
4779 0.220961 0.292074 
4780 -0.272888 -0.157286 
4781 -0.274115 -0.0153537 
4782 -0.27589 0.126505 
4783 -0.27753 0.268744 
4784 -0.154507 -0.155307 
4785 -0.15541 -0.0142907 
4786 -0.157232 0.128159 
4787 -0.158796 0.269288 
4788 -0.0361805 -0.153379 
4789 -0.0381151 -0.0121936 
4790 -0.0396336 0.128335 
4791 -0.0412045 0.270463 
4792 0.0807594 -0.1518 
4793 0.0797121 -0.0109203 
4794 0.0787822 0.129393 
4795 0.0773565 0.270436 
4796 0.197873 -0.150334 
4797 0.196411 -0.0100992 
4798 0.195585 0.130858 
4799 0.194393 0.270923 
4800 -0.263274 -0.146149 
4801 -0.265813 -0.0142663 
4802 -0.26751 0.118926 
4803 -0.269241 0.250772 
4804 -0.1529 -0.144551 
4805 -0.154216 -0.0121271 
4806 -0.156675 0.119396 
4807 -0.158022 0.252061 
4808 -0.0424275 -0.142585 
4809 -0.0447308 -0.0113602 
4810 -0.046686 0.121125 
4811 -0.0480557 0.252701 
4812 0.0665836 -0.140247 
4813 0.0648484 -0.00961611 
4814 0.063416 0.122163 
4815 0.061839 0.253757 
4816 0.175497 -0.138851 
4817 0.17325 -0.00789103 
4818 0.172079 0.122443 
4819 0.170632 0.253826 
4820 -0.255855 -0.136767 
4821 -0.257259 -0.0120873 
4822 -0.259695 0.111524 
4823 -0.262254 0.236203 
4824 -0.151804 -0.133967 
4825 -0.153426 -0.010337 
4826 -0.156342 0.112876 
4827 -0.158251 0.237109 
4828 -0.0484543 -0.132545 
4829 -0.0509014 -0.0088818 
4830 -0.052476 0.113801 
4831 -0.0549554 0.237925 
4832 0.0538331 -0.130085 
4833 0.0512411 -0.0078005 
4834 0.0501337 0.115394 
4835 0.0474433 0.237966 
4836 0.154912 -0.128232 
4837 0.153221 -0.00621996 
4838 0.15164 0.116432 
4839 0.15019 0.239696 
4840 -0.248889 -0.127385 
4841 -0.251183 -0.0106481 
4842 -0.253423 0.105904 
4843 -0.255867 0.222912 
4844 -0.150833 -0.125116 
4845 -0.153013 -0.00894327 
4846 -0.155665 0.107251 
4847 -0.1574 0.224148 
4848 -0.0545178 -0.122934 
4849 -0.056321 -0.00718448 
4850 -0.0585054 0.108358 
4851 -0.0607495 0.225089 
4852 0.0416816 -0.121103 
4853 0.0400139 -0.00519287 
4854 0.0379279 0.109725 
4855 0.0358694 0.22517 
4856 0.137296 -0.118387 
4857 0.135155 -0.0040044 
4858 0.133147 0.111206 
4859 0.13145 0.226341 
4860 -0.243044 -0.118473 
4861 -0.245712 -0.00857484 
4862 -0.248249 0.101539 
4863 -0.250674 0.21192 
4864 -0.151143 -0.116957 
4865 -0.153825 -0.00750473 
4866 -0.155726 0.102365 
4867 -0.158397 0.212197 
4868 -0.0600028 -0.114429 
4869 -0.0622722 -0.00504948 
4870 -0.0639716 0.104471 
4871 -0.0659444 0.213211 
4872 0.0311331 -0.112113 
4873 0.028806 -0.00375494 
4874 0.0267055 0.105711 
4875 0.0243557 0.214325 
4876 0.120738 -0.109706 
4877 0.119171 -0.00108609 
4878 0.117079 0.106672 
4879 0.114991 0.215277 
4880 -0.237927 -0.111541 
4881 -0.240727 -0.00736507 
4882 -0.243638 0.0972307 
4883 -0.24627 0.201699 
4884 -0.151066 -0.109119 
4885 -0.152922 -0.00481985 
4886 -0.155445 0.0988351 
4887 -0.158848 0.203354 
4888 -0.0640649 -0.106737 
4889 -0.0662616 -0.00339956 
4890 -0.0694387 0.100138 
4891 -0.0717659 0.203946 
4892 0.0212471 -0.103815 
4893 0.0192969 -0.000746399 
4894 0.0165721 0.101708 
4895 0.0144237 0.20489 
4896 0.106448 -0.10193 
4897 0.104499 0.000962002 
4898 0.102441 0.10334 
4899 0.0997148 0.206028 
4900 -0.233587 -0.103869 
4901 -0.236859 -0.00469575 
4902 -0.239793 0.0944464 
4903 -0.242312 0.19296 
4904 -0.151499 -0.100884 
4905 -0.153538 -0.00293636 
4906 -0.156698 0.0961656 
4907 -0.159282 0.194592 
4908 -0.0693524 -0.0990983 
4909 -0.0716803 -0.000614448 
4910 -0.0738072 0.0973483 
4911 -0.0761807 0.195664 
4912 0.012505 -0.0963275 
4913 0.0100918 0.000816688 
4914 0.00748748 0.098699 
4915 0.0054697 0.196654 
4916 0.0930815 -0.0941576 
4917 0.0913539 0.00307981 
4918 0.0891644 0.101089 
4919 0.0868651 0.198332 
4920 -0.230468 -0.0969427 
4921 -0.233137 -0.00287154 
4922 -0.235806 0.0919987 
4923 -0.238916 0.185764 
4924 -0.151192 -0.0943632 
4925 -0.154157 -0.000906251 
4926 -0.157242 0.0930648 
4927 -0.159656 0.186981 
4928 -0.0730269 -0.0915834 
4929 -0.0755494 0.00124291 
4930 -0.0782825 0.0950883 
4931 -0.0809135 0.188915 
4932 0.00390143 -0.0896582 
4933 0.0019066 0.00388975 
4934 -0.000826941 0.0969328 
4935 -0.00335753 0.190224 
4936 0.0813031 -0.0867348 
4937 0.0784089 0.00574929 
4938 0.0761524 0.0985479 
4939 0.0745687 0.190909 
4940 -0.227156 -0.0906319 
4941 -0.230227 -0.00056244 
4942 -0.233433 0.0895725 
4943 -0.235698 0.180001 
4944 -0.151458 -0.0878899 
4945 -0.154351 0.00179054 
4946 -0.157465 0.0908992 
4947 -0.160212 0.18135 
4948 -0.0772039 -0.0853679 
4949 -0.0795474 0.00397051 
4950 -0.0823303 0.0928507 
4951 -0.0848826 0.182902 
4952 -0.00352363 -0.0828893 
4953 -0.00590755 0.0059583 
4954 -0.008569 0.0944455 
4955 -0.010832 0.183887 
4956 0.0698294 -0.0796136 
4957 0.0675941 0.00842616 
4958 0.0654132 0.0967748 
4959 0.0629111 0.185008 
4960 -0.224187 -0.0836904 
4961 -0.227978 0.0018633 
4962 -0.230707 0.0881078 
4963 -0.233173 0.174355 
4964 -0.152868 -0.0817345 
4965 -0.155563 0.00445981 
4966 -0.158473 0.0895263 
4967 -0.160982 0.175631 
4968 -0.0807967 -0.0786523 
4969 -0.0842794 0.00661162 
4970 -0.0863828 0.0918364 
4971 -0.0889947 0.17731 
4972 -0.010061 -0.0763387 
4973 -0.0126658 0.00812423 
4974 -0.0160911 0.0932223 
4975 -0.0177394 0.178576 
4976 0.0592029 -0.0732263 
4977 0.0570756 0.0108462 
4978 0.0544162 0.0950722 
4979 0.0523497 0.180235 
4980 -0.221889 -0.0775736 
4981 -0.225715 0.00434276 
4982 -0.228355 0.0867756 
4983 -0.231775 0.169642 
4984 -0.153705 -0.0750827 
4985 -0.156615 0.00692743 
4986 -0.159099 0.0890483 
4987 -0.161808 0.17059 
4988 -0.0847064 -0.0724345 
4989 -0.087954 0.00888497 
4990 -0.0899722 0.0903809 
4991 -0.0936068 0.172373 
4992 -0.016931 -0.0698806 
4993 -0.0198265 0.0114303 
4994 -0.0225486 0.0918636 
4995 -0.0252794 0.173473 
4996 0.0494082 -0.0672455 
4997 0.0470046 0.0128021 
4998 0.0445903 0.0939145 
4999 0.0428444 0.174966 
5000 -0.220463 -0.0722233 
5001 -0.223757 0.00665399 
5002 -0.226021 0.08638 
5003 -0.229177 0.165494 
5004 -0.154187 -0.0696879 
5005 -0.157154 0.00859352 
5006 -0.160114 0.08789 
5007 -0.162679 0.167247 
5008 -0.0887669 -0.0665582 
5009 -0.0907922 0.011669 
5010 -0.093981 0.0897248 
5011 -0.0966836 0.168595 
5012 -0.0238104 -0.064546 
5013 -0.0262025 0.0134538 
5014 -0.0286961 0.0918529 
5015 -0.0318391 0.16994 
5016 0.0410317 -0.0617401 
5017 0.0386868 0.016074 
5018 0.0358112 0.0932797 
5019 0.0335439 0.171166 
5020 -0.218721 -0.0659575 
5021 -0.221499 0.00892783 
5022 -0.22476 0.0850565 
5023 -0.227955 0.162308 
5024 -0.154661 -0.0633985 
5025 -0.15769 0.0113846 
5026 -0.160842 0.0875365 
5027 -0.163863 0.163525 
5028 -0.0919133 -0.0613267 
5029 -0.0949534 0.0143505 
5030 -0.0975775 0.0888201 
5031 -0.100345 0.164802 
5032 -0.0293026 -0.0587814 
5033 -0.0321072 0.0164092 
5034 -0.034732 0.0906409 
5035 -0.0371727 0.165928 
5036 0.0319132 -0.0558065 
5037 0.0298853 0.0183255 
5038 0.0275604 0.0927779 
5039 0.0245202 0.168144 
5040 -0.217752 -0.0613851 
5041 -0.22107 0.0118552 
5042 -0.224041 0.0856928 
5043 -0.226622 0.159142 
5044 -0.156261 -0.0582176 
5045 -0.158636 0.0140614 
5046 -0.162059 0.0868887 
5047 -0.164442 0.159912 
5048 -0.0952511 -0.0556272 
5049 -0.0983307 0.0161105 
5050 -0.100687 0.0892419 
5051 -0.103372 0.161888 
5052 -0.0356488 -0.0532074 
5053 -0.0383678 0.019099 
5054 -0.0406617 0.0911383 
5055 -0.0430372 0.162903 
5056 0.0239016 -0.0509013 
5057 0.0221928 0.0213757 
5058 0.0189535 0.0931238 
5059 0.0171145 0.164347 
5060 -0.216772 -0.05596 
5061 -0.219643 0.0150593 
5062 -0.222648 0.0852728 
5063 -0.225432 0.155994 
5064 -0.157191 -0.0531443 
5065 -0.160039 0.0166188 
5066 -0.162695 0.0870371 
5067 -0.165835 0.15743 
5068 -0.0982856 -0.0508081 
5069 -0.10122 0.0192045 
5070 -0.104498 0.0887392 
5071 -0.106684 0.159346 
5072 -0.0405963 -0.047732 
5073 -0.0438091 0.0214223 
5074 -0.0455228 0.0911816 
5075 -0.0485039 0.160479 
5076 0.0168655 -0.0457027 
5077 0.0140056 0.0236414 
5078 0.0112936 0.0925746 
5079 0.00864088 0.161712 
5080 -0.2156 -0.0507991 
5081 -0.218668 0.0169714 
5082 -0.221785 0.0860685 
5083 -0.224648 0.154459 
5084 -0.158503 -0.0482931 
5085 -0.161452 0.0196386 
5086 -0.164353 0.0870077 
5087 -0.167538 0.155907 
5088 -0.101375 -0.0453873 
5089 -0.104468 0.0218382 
5090 -0.107054 0.0890361 
5091 -0.110329 0.156716 
5092 -0.0461924 -0.0427438 
5093 -0.0482305 0.0241041 
5094 -0.0510758 0.0914975 
5095 -0.053878 0.158162 
5096 0.00904568 -0.0400213 
5097 0.00722956 0.0257334 
5098 0.00487263 0.0928108 
5099 0.0021749 0.159817 
