58900 -0.333292 -0.249974 
58901 -0.333272 -0.0835154 
58902 -0.333477 0.0832059 
58903 -0.333308 0.250018 
58904 -0.333272 0.41671 
58905 -0.166675 -0.25012 
58906 -0.166638 -0.0833432 
58907 -0.166612 0.0833108 
58908 -0.166682 0.249963 
58909 -0.166619 0.416694 
58910 6.10909e-05 -0.249836 
58911 5.89704e-06 -0.0832546 
58912 -0.000203683 0.0832905 
58913 9.82565e-05 0.249993 
58914 2.74516e-05 0.416723 
58915 0.166625 -0.250019 
58916 0.166757 -0.0833426 
58917 0.16673 0.0832429 
58918 0.166686 0.249987 
58919 0.166732 0.416645 
58920 0.333345 -0.250086 
58921 0.33332 -0.0832809 
58922 0.333311 0.0833917 
58923 0.333309 0.24998 
58924 0.333352 0.41657 
58925 -0.334102 -0.251325 
58926 -0.334385 -0.0851162 
58927 -0.334597 0.0808901 
58928 -0.33499 0.246946 
58929 -0.335288 0.412669 
58930 -0.167839 -0.25089 
58931 -0.168338 -0.0847624 
58932 -0.168638 0.0812495 
58933 -0.168966 0.247119 
58934 -0.169227 0.412741 
58935 -0.00201494 -0.250272 
58936 -0.00238848 -0.0844194 
58937 -0.00267952 0.0815581 
58938 -0.00297688 0.24734 
58939 -0.00337014 0.412968 
58940 0.164042 -0.249804 
58941 0.163536 -0.0839146 
58942 0.163169 0.0817776 
58943 0.162632 0.247501 
58944 0.16229 0.41323 
58945 0.329687 -0.249409 
58946 0.329187 -0.0835248 
58947 0.328903 0.0822807 
58948 0.328311 0.24793 
58949 0.327859 0.413388 
58950 -0.334766 -0.252404 
58951 -0.335517 -0.0870492 
58952 -0.336074 0.0784001 
58953 -0.336737 0.243581 
58954 -0.337304 0.408753 
58955 -0.169312 -0.251396 
58956 -0.16998 -0.0860952 
58957 -0.1706 0.0790211 
58958 -0.171412 0.244163 
58959 -0.171948 0.409207 
58960 -0.00376919 -0.250524 
58961 -0.00457348 -0.085386 
58962 -0.00537948 0.0797178 
58963 -0.00604249 0.24474 
58964 -0.00694477 0.409581 
58965 0.161264 -0.249557 
58966 0.160437 -0.0843235 
58967 0.159594 0.080466 
58968 0.158678 0.245274 
58969 0.15788 0.409893 
58970 0.325874 -0.248611 
58971 0.325059 -0.0835779 
58972 0.32408 0.0810379 
58973 0.323239 0.245845 
58974 0.32242 0.410448 
58975 -0.335561 -0.25367 
58976 -0.336478 -0.0887307 
58977 -0.337507 0.076036 
58978 -0.338319 0.240663 
58979 -0.339328 0.404984 
58980 -0.170491 -0.25217 
58981 -0.171509 -0.0874382 
58982 -0.172502 0.0772224 
58983 -0.173679 0.2414 
58984 -0.17458 0.405667 
58985 -0.00583513 -0.250682 
58986 -0.00696159 -0.0861725 
58987 -0.00796508 0.0781076 
58988 -0.0093084 0.242316 
58989 -0.0103858 0.406184 
58990 0.158374 -0.2492 
58991 0.157236 -0.0849119 
58992 0.156082 0.0791681 
58993 0.154729 0.243086 
58994 0.153629 0.406894 
58995 0.32233 -0.247864 
58996 0.320971 -0.0835279 
58997 0.319791 0.0802486 
58998 0.318372 0.243841 
58999 0.316926 0.407486 
59000 -0.336306 -0.254559 
59001 -0.337606 -0.0902084 
59002 -0.338845 0.0738573 
59003 -0.340112 0.237749 
59004 -0.341405 0.401233 
59005 -0.171733 -0.252642 
59006 -0.173083 -0.0883446 
59007 -0.174483 0.0752286 
59008 -0.175891 0.238893 
59009 -0.177417 0.402158 
59010 -0.00781696 -0.250781 
59011 -0.00920938 -0.086873 
59012 -0.0107677 0.0767615 
59013 -0.0124444 0.23998 
59014 -0.0138159 0.403063 
59015 0.155744 -0.248747 
59016 0.15415 -0.0852107 
59017 0.152546 0.0779683 
59018 0.150729 0.241141 
59019 0.149186 0.403807 
59020 0.318717 -0.246805 
59021 0.316954 -0.0835176 
59022 0.315128 0.0794738 
59023 0.313368 0.242141 
59024 0.311642 0.404736 
59025 -0.337133 -0.255562 
59026 -0.338672 -0.0916435 
59027 -0.340366 0.0717967 
59028 -0.341894 0.235092 
59029 -0.343523 0.397897 
59030 -0.172912 -0.252965 
59031 -0.174773 -0.0895954 
59032 -0.176542 0.0735839 
59033 -0.178253 0.236633 
59034 -0.180013 0.398886 
59035 -0.00957575 -0.250484 
59036 -0.0116681 -0.0873223 
59037 -0.0132895 0.0752524 
59038 -0.0152114 0.237788 
59039 -0.0172798 0.400044 
59040 0.15306 -0.248106 
59041 0.151088 -0.0854183 
59042 0.148963 0.0771209 
59043 0.146968 0.239307 
59044 0.144787 0.401195 
59045 0.315108 -0.245716 
59046 0.312854 -0.0832346 
59047 0.310561 0.078814 
59048 0.308609 0.240691 
59049 0.306318 0.402295 
59050 -0.337757 -0.256246 
59051 -0.339587 -0.0929649 
59052 -0.341683 0.0698856 
59053 -0.34357 0.232477 
59054 -0.34562 0.394625 
59055 -0.17417 -0.253178 
59056 -0.176344 -0.0904492 
59057 -0.178537 0.0720516 
59058 -0.180581 0.234082 
59059 -0.182839 0.39585 
59060 -0.0115557 -0.250287 
59061 -0.0138259 -0.0879272 
59062 -0.0160104 0.0741021 
59063 -0.0184382 0.235785 
59064 -0.0207078 0.39708 
59065 0.150411 -0.24741 
59066 0.147858 -0.085479 
59067 0.145625 0.0762723 
59068 0.14291 0.237539 
59069 0.140509 0.398489 
59070 0.311454 -0.244536 
59071 0.308844 -0.0827801 
59072 0.306124 0.0783704 
59073 0.303518 0.239318 
59074 0.300904 0.399794 
59075 -0.338449 -0.256893 
59076 -0.340757 -0.0943061 
59077 -0.343058 0.0680436 
59078 -0.345596 0.229973 
59079 -0.347815 0.391476 
59080 -0.175452 -0.253291 
59081 -0.17802 -0.0913033 
59082 -0.180463 0.0705293 
59083 -0.183078 0.232 
59084 -0.185643 0.393033 
59085 -0.0133675 -0.249878 
59086 -0.0161443 -0.0884458 
59087 -0.0189019 0.0730574 
59088 -0.0214581 0.234035 
59089 -0.0242508 0.394589 
59090 0.147618 -0.246381 
59091 0.144977 -0.0854041 
59092 0.141939 0.0755169 
59093 0.13908 0.235963 
59094 0.136335 0.395968 
59095 0.308003 -0.243104 
59096 0.304745 -0.0823653 
59097 0.301858 0.0780057 
59098 0.298699 0.23799 
59099 0.295509 0.397572 
59100 -0.339107 -0.257508 
59101 -0.341925 -0.095334 
59102 -0.34455 0.0663759 
59103 -0.347358 0.227598 
59104 -0.350018 0.388494 
59105 -0.176643 -0.253421 
59106 -0.179622 -0.0919795 
59107 -0.18245 0.0692385 
59108 -0.185499 0.229897 
59109 -0.18844 0.39018 
59110 -0.0152168 -0.249377 
59111 -0.0184175 -0.0885948 
59112 -0.0214793 0.0720462 
59113 -0.0245155 0.232218 
59114 -0.0276565 0.392078 
59115 0.145086 -0.245724 
59116 0.141782 -0.0851926 
59117 0.13858 0.0749098 
59118 0.135269 0.234542 
59119 0.131917 0.393911 
59120 0.304365 -0.241701 
59121 0.300848 -0.0817663 
59122 0.29742 0.0776633 
59123 0.293961 0.236897 
59124 0.29056 0.395717 
59125 -0.339818 -0.25777 
59126 -0.34288 -0.0963605 
59127 -0.346064 0.0646927 
59128 -0.349157 0.225415 
59129 -0.352353 0.385561 
59130 -0.177968 -0.253235 
59131 -0.181188 -0.0924227 
59132 -0.184582 0.0680249 
59133 -0.187851 0.227939 
59134 -0.191118 0.38763 
59135 -0.0171311 -0.248746 
59136 -0.0206911 -0.0885358 
59137 -0.0241998 0.0712071 
59138 -0.0276163 0.230717 
59139 -0.0311035 0.389658 
59140 0.142476 -0.244438 
59141 0.138772 -0.0848659 
59142 0.135059 0.0745481 
59143 0.131455 0.23327 
59144 0.127688 0.391667 
59145 0.300696 -0.240063 
59146 0.296943 -0.0809334 
59147 0.293009 0.0776031 
59148 0.289178 0.23587 
59149 0.285288 0.39375 
59150 -0.340653 -0.258056 
59151 -0.344045 -0.0972597 
59152 -0.347577 0.0632272 
59153 -0.351113 0.223263 
59154 -0.354646 0.382808 
59155 -0.179205 -0.253059 
59156 -0.182765 -0.0929098 
59157 -0.186594 0.0668577 
59158 -0.190307 0.226319 
59159 -0.19382 0.385097 
59160 -0.0190113 -0.248169 
59161 -0.0228699 -0.0886341 
59162 -0.026711 0.0704201 
59163 -0.0306074 0.229226 
59164 -0.0345785 0.387481 
59165 0.139782 -0.243229 
59166 0.135667 -0.0842765 
59167 0.131636 0.0740341 
59168 0.12761 0.232216 
59169 0.123523 0.389883 
59170 0.297227 -0.238315 
59171 0.292945 -0.0801988 
59172 0.288735 0.0775861 
59173 0.284345 0.235089 
59174 0.280206 0.392121 
59175 -0.341207 -0.258185 
59176 -0.345158 -0.0980318 
59177 -0.349133 0.0617939 
59178 -0.352998 0.221379 
59179 -0.356871 0.380356 
59180 -0.180324 -0.252642 
59181 -0.184362 -0.0932991 
59182 -0.188491 0.0659924 
59183 -0.192657 0.224644 
59184 -0.196755 0.38288 
59185 -0.0208739 -0.247396 
59186 -0.0251897 -0.0885479 
59187 -0.0294498 0.0698002 
59188 -0.0337284 0.227888 
59189 -0.0379724 0.385493 
59190 0.137159 -0.241822 
59191 0.132567 -0.0838796 
59192 0.128227 0.0738087 
59193 0.123731 0.231108 
59194 0.119291 0.387992 
59195 0.29374 -0.236434 
59196 0.289159 -0.0791627 
59197 0.284298 0.0779627 
59198 0.279785 0.234274 
59199 0.275104 0.390405 
59200 -0.341831 -0.258233 
59201 -0.34612 -0.0986871 
59202 -0.350534 0.0607384 
59203 -0.3549 0.219541 
59204 -0.359273 0.378039 
59205 -0.181473 -0.252159 
59206 -0.186016 -0.0933244 
59207 -0.190498 0.0649201 
59208 -0.195219 0.223127 
59209 -0.199516 0.380683 
59210 -0.022777 -0.246276 
59211 -0.0275682 -0.0882326 
59212 -0.0320869 0.0695099 
59213 -0.0368215 0.226594 
59214 -0.0414279 0.383738 
59215 0.134458 -0.240443 
59216 0.129651 -0.0831886 
59217 0.124636 0.0737175 
59218 0.119823 0.230264 
59219 0.114967 0.386291 
59220 0.290311 -0.234569 
59221 0.285043 -0.0781531 
59222 0.280067 0.0780306 
59223 0.275037 0.233741 
59224 0.270037 0.389121 
59225 -0.34248 -0.258264 
59226 -0.347282 -0.0989817 
59227 -0.352101 0.0595576 
59228 -0.356799 0.217661 
59229 -0.361539 0.375867 
59230 -0.182902 -0.251771 
59231 -0.187759 -0.093381 
59232 -0.19263 0.0643759 
59233 -0.197559 0.221763 
59234 -0.202387 0.378752 
59235 -0.0246094 -0.245193 
59236 -0.0297814 -0.0878062 
59237 -0.0348817 0.0692301 
59238 -0.0398815 0.225773 
59239 -0.0447993 0.381895 
59240 0.131811 -0.238952 
59241 0.126536 -0.0824381 
59242 0.121276 0.0738382 
59243 0.11606 0.229523 
59244 0.110833 0.384935 
59245 0.286632 -0.232632 
59246 0.281136 -0.0768736 
59247 0.275856 0.0784781 
59248 0.270487 0.233234 
59249 0.265006 0.387808 
59250 -0.34335 -0.257925 
59251 -0.348552 -0.0993503 
59252 -0.353685 0.058653 
59253 -0.35873 0.216277 
59254 -0.363847 0.373634 
59255 -0.184115 -0.250956 
59256 -0.189406 -0.0934796 
59257 -0.194652 0.0637765 
59258 -0.199976 0.220566 
59259 -0.20528 0.377004 
59260 -0.026593 -0.244041 
59261 -0.0320057 -0.0873423 
59262 -0.0374075 0.0687596 
59263 -0.0429394 0.224796 
59264 -0.0483948 0.380321 
59265 0.129067 -0.23732 
59266 0.123596 -0.0814986 
59267 0.117971 0.0738812 
59268 0.112361 0.22887 
59269 0.106831 0.383525 
59270 0.283053 -0.230376 
59271 0.277364 -0.0755391 
59272 0.271522 0.0787689 
59273 0.265824 0.232973 
59274 0.260045 0.38672 
59275 -0.344033 -0.257458 
59276 -0.349623 -0.0997327 
59277 -0.355115 0.0578955 
59278 -0.360725 0.214957 
59279 -0.366276 0.37168 
59280 -0.185269 -0.25006 
59281 -0.190967 -0.0932178 
59282 -0.196644 0.0634085 
59283 -0.20241 0.219514 
59284 -0.208063 0.375292 
59285 -0.0284431 -0.242748 
59286 -0.034218 -0.0868592 
59287 -0.040235 0.068768 
59288 -0.045908 0.223917 
59289 -0.0517854 0.378893 
59290 0.126637 -0.235384 
59291 0.120464 -0.0804278 
59292 0.11447 0.0741215 
59293 0.108532 0.228307 
59294 0.102645 0.382276 
59295 0.279585 -0.228181 
59296 0.273436 -0.0741932 
59297 0.267359 0.0793307 
59298 0.261241 0.232893 
59299 0.255137 0.385698 
59300 -0.344795 -0.257048 
59301 -0.350716 -0.0999273 
59302 -0.356785 0.057137 
59303 -0.362683 0.213585 
59304 -0.368616 0.370061 
59305 -0.186602 -0.24912 
59306 -0.192636 -0.0929903 
59307 -0.19871 0.0629499 
59308 -0.204731 0.218724 
59309 -0.210786 0.373837 
59310 -0.0303891 -0.241472 
59311 -0.036429 -0.0860981 
59312 -0.0427695 0.0687159 
59313 -0.0490748 0.223211 
59314 -0.0550297 0.377602 
59315 0.123886 -0.233658 
59316 0.117528 -0.079339 
59317 0.111235 0.0745251 
59318 0.104769 0.228074 
59319 0.098464 0.381351 
59320 0.275928 -0.225911 
59321 0.26957 -0.0727799 
59322 0.263221 0.0801667 
59323 0.256717 0.232726 
59324 0.250253 0.385008 
59325 -0.34553 -0.256564 
59326 -0.35183 -0.0998243 
59327 -0.358244 0.056602 
59328 -0.364603 0.212604 
59329 -0.371057 0.368279 
59330 -0.187832 -0.248053 
59331 -0.194308 -0.0924759 
59332 -0.200578 0.0627693 
59333 -0.207347 0.217787 
59334 -0.213695 0.3723 
59335 -0.0322189 -0.239834 
59336 -0.0388874 -0.0853813 
59337 -0.0453114 0.0687545 
59338 -0.0519904 0.222644 
59339 -0.0585469 0.376366 
59340 0.121126 -0.231587 
59341 0.114465 -0.0782127 
59342 0.107938 0.0749371 
59343 0.101192 0.227753 
59344 0.0943765 0.380338 
59345 0.272589 -0.223503 
59346 0.265578 -0.0712042 
59347 0.258991 0.0808853 
59348 0.252265 0.232629 
59349 0.245569 0.384346 
59350 -0.346257 -0.255787 
59351 -0.353022 -0.0997269 
59352 -0.359787 0.0560338 
59353 -0.366556 0.211652 
59354 -0.373267 0.366943 
59355 -0.189043 -0.246897 
59356 -0.195868 -0.0920994 
59357 -0.202799 0.0626124 
59358 -0.209636 0.2171 
59359 -0.216527 0.371211 
59360 -0.0341578 -0.238054 
59361 -0.0410492 -0.0845061 
59362 -0.048007 0.0690859 
59363 -0.0549631 0.222423 
59364 -0.0617104 0.375499 
59365 0.118563 -0.229643 
59366 0.11156 -0.0768035 
59367 0.104366 0.0755854 
59368 0.0974999 0.227653 
59369 0.0904792 0.379628 
59370 0.268944 -0.221207 
59371 0.261883 -0.0695263 
59372 0.254943 0.081719 
59373 0.247864 0.232791 
59374 0.24081 0.383672 
59375 -0.347092 -0.254855 
59376 -0.354206 -0.099542 
59377 -0.361427 0.0557773 
59378 -0.368644 0.210734 
59379 -0.375695 0.365613 
59380 -0.190287 -0.245575 
59381 -0.197624 -0.0914007 
59382 -0.204954 0.0626208 
59383 -0.212125 0.216458 
59384 -0.21923 0.370242 
59385 -0.0361932 -0.236271 
59386 -0.0434039 -0.0834543 
59387 -0.0505761 0.0694006 
59388 -0.0580063 0.222046 
59389 -0.0652646 0.374486 
59390 0.115846 -0.227487 
59391 0.108462 -0.07557 
59392 0.101191 0.0760728 
59393 0.0939573 0.227713 
59394 0.0866959 0.378986 
59395 0.265543 -0.21868 
59396 0.258098 -0.0677186 
59397 0.250801 0.0826349 
59398 0.243432 0.233017 
59399 0.236074 0.38316 
