59050 -0.333224 -0.250013 
59051 -0.333458 -0.0832572 
59052 -0.333254 0.0834118 
59053 -0.333281 0.250082 
59054 -0.333374 0.416639 
59055 -0.166619 -0.249828 
59056 -0.166708 -0.0831895 
59057 -0.166671 0.0833163 
59058 -0.166673 0.249854 
59059 -0.166808 0.416629 
59060 -0.000128332 -0.250176 
59061 2.0637e-05 -0.0833633 
59062 -9.96153e-05 0.0833952 
59063 -5.49649e-05 0.250095 
59064 1.32826e-05 0.416656 
59065 0.166668 -0.249907 
59066 0.16664 -0.0833357 
59067 0.166662 0.0834187 
59068 0.166629 0.250037 
59069 0.166643 0.416644 
59070 0.333305 -0.249852 
59071 0.333339 -0.0833126 
59072 0.333281 0.083284 
59073 0.333463 0.249954 
59074 0.333406 0.416681 
59075 -0.333908 -0.250587 
59076 -0.334354 -0.0846483 
59077 -0.334824 0.0814978 
59078 -0.335192 0.247355 
59079 -0.335539 0.413413 
59080 -0.167891 -0.250188 
59081 -0.168302 -0.0841272 
59082 -0.168633 0.0818273 
59083 -0.169026 0.247807 
59084 -0.169547 0.413709 
59085 -0.00201212 -0.249708 
59086 -0.00244276 -0.0835249 
59087 -0.00271727 0.0823252 
59088 -0.00301478 0.248044 
59089 -0.00356401 0.413902 
59090 0.16387 -0.249023 
59091 0.163406 -0.083237 
59092 0.163079 0.0825556 
59093 0.162639 0.248373 
59094 0.162131 0.414161 
59095 0.329559 -0.248679 
59096 0.329252 -0.0828195 
59097 0.328683 0.0830289 
59098 0.328192 0.248797 
59099 0.327744 0.414282 
59100 -0.334688 -0.251206 
59101 -0.335535 -0.085647 
59102 -0.336259 0.0798099 
59103 -0.337133 0.244968 
59104 -0.337682 0.410202 
59105 -0.169106 -0.249975 
59106 -0.169938 -0.0847893 
59107 -0.170827 0.0804913 
59108 -0.171628 0.245661 
59109 -0.172604 0.410806 
59110 -0.00395476 -0.249044 
59111 -0.00469104 -0.0838721 
59112 -0.00564054 0.0813549 
59113 -0.00632889 0.246348 
59114 -0.00723345 0.411034 
59115 0.161138 -0.247936 
59116 0.160347 -0.0828807 
59117 0.159362 0.0821076 
59118 0.15855 0.24681 
59119 0.157687 0.411804 
59120 0.325897 -0.246983 
59121 0.325013 -0.0820312 
59122 0.324042 0.0827888 
59123 0.32307 0.247523 
59124 0.322203 0.412151 
59125 -0.335527 -0.251511 
59126 -0.33649 -0.0866189 
59127 -0.337784 0.078115 
59128 -0.338812 0.24284 
59129 -0.340206 0.407241 
59130 -0.170263 -0.249958 
59131 -0.171514 -0.0853523 
59132 -0.172912 0.0793329 
59133 -0.174022 0.24367 
59134 -0.175301 0.408049 
59135 -0.00575559 -0.248337 
59136 -0.00708581 -0.0839539 
59137 -0.00827317 0.0803282 
59138 -0.00966409 0.244545 
59139 -0.0108747 0.40876 
59140 0.158424 -0.246853 
59141 0.157194 -0.082637 
59142 0.15584 0.081621 
59143 0.154574 0.245527 
59144 0.153216 0.409456 
59145 0.322287 -0.245159 
59146 0.320936 -0.0811117 
59147 0.319387 0.082649 
59148 0.318072 0.246579 
59149 0.316774 0.410178 
59150 -0.335999 -0.2518 
59151 -0.337824 -0.0876002 
59152 -0.339286 0.0766824 
59153 -0.340923 0.240686 
59154 -0.342415 0.404525 
59155 -0.171556 -0.249607 
59156 -0.173141 -0.0856938 
59157 -0.174979 0.0781081 
59158 -0.176445 0.241871 
59159 -0.178095 0.405463 
59160 -0.00765832 -0.247428 
59161 -0.0093708 -0.0838049 
59162 -0.011139 0.0795797 
59163 -0.0127897 0.243078 
59164 -0.0143454 0.406462 
59165 0.155691 -0.245322 
59166 0.15397 -0.0820602 
59167 0.152121 0.0812048 
59168 0.150581 0.244493 
59169 0.148821 0.407424 
59170 0.318508 -0.243249 
59171 0.316638 -0.0800879 
59172 0.314958 0.08288 
59173 0.312952 0.245718 
59174 0.311275 0.408625 
59175 -0.336746 -0.251951 
59176 -0.338742 -0.0881692 
59177 -0.340627 0.0752905 
59178 -0.342723 0.238557 
59179 -0.344706 0.401845 
59180 -0.17276 -0.24918 
59181 -0.174832 -0.0859296 
59182 -0.176946 0.0771229 
59183 -0.178948 0.240131 
59184 -0.180957 0.403101 
59185 -0.00946248 -0.24644 
59186 -0.0117295 -0.0836332 
59187 -0.0138291 0.0791371 
59188 -0.0157702 0.241757 
59189 -0.0180772 0.404211 
59190 0.152996 -0.243959 
59191 0.150571 -0.0814124 
59192 0.148549 0.0809536 
59193 0.146413 0.243417 
59194 0.144361 0.405648 
59195 0.314841 -0.241482 
59196 0.312636 -0.078972 
59197 0.310307 0.0829965 
59198 0.308183 0.245007 
59199 0.305925 0.406829 
59200 -0.337354 -0.252026 
59201 -0.339824 -0.0888026 
59202 -0.342291 0.0739541 
59203 -0.344713 0.236771 
59204 -0.34718 0.399477 
59205 -0.17411 -0.248711 
59206 -0.176442 -0.0861479 
59207 -0.179033 0.0762655 
59208 -0.18144 0.238644 
59209 -0.183906 0.401009 
59210 -0.011548 -0.245606 
59211 -0.0139416 -0.0834014 
59212 -0.0165358 0.0786684 
59213 -0.0191122 0.240674 
59214 -0.0215052 0.402445 
59215 0.150201 -0.242346 
59216 0.147575 -0.0807418 
59217 0.145112 0.0810307 
59218 0.142628 0.24249 
59219 0.139996 0.403925 
59220 0.311072 -0.2393 
59221 0.308488 -0.0779066 
59222 0.305838 0.0831216 
59223 0.303346 0.244417 
59224 0.300538 0.405505 
59225 -0.338154 -0.251771 
59226 -0.340963 -0.0893794 
59227 -0.343817 0.0728312 
59228 -0.346622 0.235013 
59229 -0.349432 0.397168 
59230 -0.175247 -0.247912 
59231 -0.178234 -0.0861796 
59232 -0.180968 0.075574 
59233 -0.184025 0.23728 
59234 -0.18668 0.398776 
59235 -0.0132853 -0.244291 
59236 -0.0164615 -0.0830904 
59237 -0.0192481 0.0784276 
59238 -0.0223316 0.239524 
59239 -0.0251061 0.400577 
59240 0.147471 -0.240843 
59241 0.144589 -0.0798512 
59242 0.141492 0.0810244 
59243 0.138658 0.241721 
59244 0.135604 0.402379 
59245 0.307464 -0.237071 
59246 0.304457 -0.0768372 
59247 0.301369 0.0837138 
59248 0.298507 0.243938 
59249 0.295408 0.40412 
59250 -0.338773 -0.251441 
59251 -0.342164 -0.0896704 
59252 -0.345216 0.0719842 
59253 -0.3485 0.233379 
59254 -0.35194 0.394888 
59255 -0.17645 -0.247247 
59256 -0.179799 -0.0862305 
59257 -0.183164 0.0750371 
59258 -0.186505 0.236124 
59259 -0.189774 0.397004 
59260 -0.0154332 -0.243004 
59261 -0.018651 -0.0823645 
59262 -0.0219062 0.0780082 
59263 -0.0253226 0.238668 
59264 -0.0287045 0.399041 
59265 0.144842 -0.23894 
59266 0.141408 -0.0787768 
59267 0.138062 0.0811053 
59268 0.134645 0.241228 
59269 0.131196 0.400995 
59270 0.303785 -0.234776 
59271 0.300508 -0.0752626 
59272 0.297034 0.0843078 
59273 0.293586 0.243619 
59274 0.290248 0.402883 
59275 -0.339419 -0.251083 
59276 -0.343179 -0.0899808 
59277 -0.346774 0.0710641 
59278 -0.350644 0.232141 
59279 -0.354411 0.393013 
59280 -0.177822 -0.24634 
59281 -0.181462 -0.0858414 
59282 -0.185209 0.0745283 
59283 -0.188772 0.234906 
59284 -0.192678 0.395339 
59285 -0.0171575 -0.241777 
59286 -0.0208305 -0.0817676 
59287 -0.0246733 0.0779565 
59288 -0.0283603 0.237805 
59289 -0.0321901 0.397498 
59290 0.142057 -0.23707 
59291 0.138227 -0.0776719 
59292 0.134542 0.0814398 
59293 0.130812 0.240616 
59294 0.127131 0.399725 
59295 0.300101 -0.232267 
59296 0.296331 -0.0737291 
59297 0.292681 0.084933 
59298 0.2889 0.243382 
59299 0.285001 0.401859 
59300 -0.340096 -0.250448 
59301 -0.344204 -0.0900606 
59302 -0.34832 0.0703965 
59303 -0.352541 0.230684 
59304 -0.3567 0.391142 
59305 -0.179048 -0.245275 
59306 -0.183128 -0.0856296 
59307 -0.187436 0.074218 
59308 -0.191421 0.233993 
59309 -0.195444 0.393694 
59310 -0.0191782 -0.240166 
59311 -0.0232637 -0.0810568 
59312 -0.0274616 0.07799 
59313 -0.0315127 0.237079 
59314 -0.0357805 0.396097 
59315 0.13931 -0.235233 
59316 0.135204 -0.0765995 
59317 0.131108 0.0819581 
59318 0.126912 0.240268 
59319 0.12276 0.398523 
59320 0.296486 -0.229845 
59321 0.292385 -0.0721282 
59322 0.288373 0.0855492 
59323 0.284145 0.243364 
59324 0.279974 0.401056 
59325 -0.340777 -0.250018 
59326 -0.345437 -0.0900569 
59327 -0.350054 0.0697114 
59328 -0.354499 0.229616 
59329 -0.359128 0.389503 
59330 -0.180351 -0.244197 
59331 -0.184836 -0.0849984 
59332 -0.189357 0.0739381 
59333 -0.19387 0.233228 
59334 -0.198289 0.392146 
59335 -0.0210274 -0.238453 
59336 -0.0256438 -0.0801772 
59337 -0.0300463 0.0781947 
59338 -0.0346131 0.236499 
59339 -0.0390699 0.394929 
59340 0.136573 -0.232964 
59341 0.132069 -0.0752227 
59342 0.127655 0.0823393 
59343 0.123133 0.240013 
59344 0.118536 0.397669 
59345 0.292901 -0.227319 
59346 0.288396 -0.0705565 
59347 0.283922 0.0863658 
59348 0.279462 0.243304 
59349 0.275008 0.40033 
59350 -0.341531 -0.249069 
59351 -0.346424 -0.0899038 
59352 -0.351447 0.0693849 
59353 -0.356457 0.228529 
59354 -0.361394 0.388005 
59355 -0.181526 -0.242883 
59356 -0.186364 -0.0845413 
59357 -0.191305 0.0739357 
59358 -0.196267 0.232458 
59359 -0.201249 0.390903 
59360 -0.0231483 -0.236635 
59361 -0.0279073 -0.0791958 
59362 -0.0328248 0.0784266 
59363 -0.0376633 0.236179 
59364 -0.042692 0.393922 
59365 0.133872 -0.230747 
59366 0.129045 -0.0739248 
59367 0.124095 0.0829442 
59368 0.119275 0.239814 
59369 0.114537 0.396867 
59370 0.289101 -0.22487 
59371 0.284538 -0.0688508 
59372 0.2795 0.087345 
59373 0.274847 0.243628 
59374 0.269874 0.399697 
59375 -0.342274 -0.248074 
59376 -0.347634 -0.0897185 
59377 -0.353035 0.0689202 
59378 -0.358476 0.227821 
59379 -0.363951 0.386664 
59380 -0.182756 -0.241446 
59381 -0.188113 -0.0839368 
59382 -0.19356 0.0739032 
59383 -0.198821 0.231774 
59384 -0.204233 0.389845 
59385 -0.0248749 -0.235045 
59386 -0.0302029 -0.0781194 
59387 -0.0354692 0.0787003 
59388 -0.0407067 0.235884 
59389 -0.0458792 0.393027 
59390 0.131051 -0.228666 
59391 0.125928 -0.0723996 
59392 0.120881 0.0836311 
59393 0.115482 0.239889 
59394 0.110388 0.396138 
59395 0.285717 -0.222149 
59396 0.280332 -0.0669245 
59397 0.275347 0.0884889 
59398 0.270149 0.243912 
59399 0.265121 0.399407 
59400 -0.342959 -0.247067 
59401 -0.348713 -0.0892347 
59402 -0.354748 0.0688296 
59403 -0.360451 0.227116 
59404 -0.366323 0.385302 
59405 -0.184027 -0.24014 
59406 -0.189864 -0.0830644 
59407 -0.195396 0.0741741 
59408 -0.201201 0.231456 
59409 -0.207024 0.388759 
59410 -0.026961 -0.233065 
59411 -0.0324567 -0.0769144 
59412 -0.0382565 0.0791735 
59413 -0.043819 0.235672 
59414 -0.0495026 0.39229 
59415 0.128277 -0.226218 
59416 0.122977 -0.071045 
59417 0.117261 0.0844122 
59418 0.111801 0.239999 
59419 0.106216 0.395625 
59420 0.28195 -0.219474 
59421 0.276551 -0.0650703 
59422 0.271109 0.0894345 
59423 0.265741 0.244293 
59424 0.260254 0.398976 
59425 -0.343599 -0.24596 
59426 -0.349842 -0.0887136 
59427 -0.35617 0.0688835 
59428 -0.362396 0.226443 
59429 -0.368795 0.384307 
59430 -0.185427 -0.238451 
59431 -0.191439 -0.0821618 
59432 -0.197436 0.074242 
59433 -0.203647 0.231069 
59434 -0.209793 0.388067 
59435 -0.0287817 -0.230967 
59436 -0.0350168 -0.0757431 
59437 -0.0409363 0.0798761 
59438 -0.0468574 0.235656 
59439 -0.0527958 0.391604 
59440 0.125638 -0.223756 
59441 0.119738 -0.0692868 
59442 0.113938 0.0853889 
59443 0.108246 0.240074 
59444 0.102287 0.395289 
59445 0.278191 -0.216481 
59446 0.272465 -0.0630009 
59447 0.26675 0.090784 
59448 0.261175 0.244587 
59449 0.255414 0.398621 
59450 -0.344462 -0.244763 
59451 -0.35113 -0.0881038 
59452 -0.357716 0.0688292 
59453 -0.364348 0.226029 
59454 -0.371022 0.383554 
59455 -0.186763 -0.236716 
59456 -0.193082 -0.0812603 
59457 -0.199586 0.0747012 
59458 -0.2061 0.230752 
59459 -0.212537 0.387245 
59460 -0.0309407 -0.228876 
59461 -0.0372384 -0.074338 
59462 -0.0435773 0.0805643 
59463 -0.0498595 0.235572 
59464 -0.0561368 0.391069 
59465 0.122848 -0.221263 
59466 0.116725 -0.0676459 
59467 0.110598 0.0863149 
59468 0.104398 0.240451 
59469 0.0981721 0.394989 
59470 0.274391 -0.213631 
59471 0.268727 -0.0610041 
59472 0.262773 0.0919187 
59473 0.256658 0.245082 
59474 0.2506 0.398695 
59475 -0.345302 -0.24319 
59476 -0.352256 -0.0873696 
59477 -0.359338 0.0689679 
59478 -0.366534 0.225589 
59479 -0.373489 0.382679 
59480 -0.187803 -0.234953 
59481 -0.194829 -0.0799245 
59482 -0.201696 0.0751391 
59483 -0.208539 0.230811 
59484 -0.215398 0.386696 
59485 -0.0329842 -0.226772 
59486 -0.03954 -0.0728527 
59487 -0.0461363 0.0812605 
59488 -0.0527273 0.235862 
59489 -0.059516 0.390707 
59490 0.119902 -0.218526 
59491 0.113604 -0.0657921 
59492 0.107294 0.0872586 
59493 0.100755 0.240731 
59494 0.0943908 0.394745 
59495 0.270893 -0.210671 
59496 0.264576 -0.0588331 
59497 0.258501 0.0932401 
59498 0.252324 0.245759 
59499 0.245952 0.398431 
59500 -0.346019 -0.241912 
59501 -0.353517 -0.0865136 
59502 -0.360814 0.0692123 
59503 -0.368421 0.225362 
59504 -0.375867 0.382082 
59505 -0.189156 -0.233072 
59506 -0.196476 -0.0789078 
59507 -0.203774 0.0757809 
59508 -0.211079 0.230759 
59509 -0.218337 0.386163 
59510 -0.034978 -0.224412 
59511 -0.0418348 -0.0712718 
59512 -0.0487888 0.082348 
59513 -0.055718 0.235968 
59514 -0.0627894 0.39037 
59515 0.117317 -0.21597 
59516 0.110567 -0.0639387 
59517 0.103877 0.0884469 
59518 0.0972439 0.241301 
59519 0.0904231 0.394654 
59520 0.267263 -0.207608 
59521 0.260865 -0.0566994 
59522 0.254277 0.0946035 
59523 0.247998 0.24649 
59524 0.241497 0.398521 
59525 -0.346776 -0.240175 
59526 -0.354722 -0.0854874 
59527 -0.362519 0.0697145 
59528 -0.370408 0.225337 
59529 -0.378305 0.381573 
59530 -0.190729 -0.231041 
59531 -0.198179 -0.0776181 
59532 -0.205889 0.0765348 
59533 -0.213317 0.230984 
59534 -0.221009 0.385879 
59535 -0.0369377 -0.222161 
59536 -0.0442617 -0.0696992 
59537 -0.0515015 0.0832611 
59538 -0.0586241 0.236469 
59539 -0.0660269 0.390171 
59540 0.114381 -0.213361 
59541 0.107453 -0.0620504 
59542 0.10053 0.0896572 
59543 0.0935313 0.241924 
59544 0.086657 0.39456 
59545 0.263663 -0.204574 
59546 0.25686 -0.05449 
59547 0.250347 0.0961313 
59548 0.2436 0.247151 
59549 0.237012 0.398714 
