59250 -0.333408 -0.249991 
59251 -0.333384 -0.0832695 
59252 -0.333208 0.08333 
59253 -0.333263 0.250168 
59254 -0.333368 0.416815 
59255 -0.166656 -0.250084 
59256 -0.166643 -0.0834082 
59257 -0.166722 0.0832878 
59258 -0.166607 0.250012 
59259 -0.166709 0.416678 
59260 -1.14773e-05 -0.250133 
59261 -0.000113122 -0.083427 
59262 -6.36872e-05 0.0831943 
59263 -1.13069e-05 0.250089 
59264 -6.69699e-05 0.416738 
59265 0.166539 -0.249919 
59266 0.166608 -0.083403 
59267 0.166669 0.0833646 
59268 0.166763 0.25001 
59269 0.166846 0.416671 
59270 0.333338 -0.250039 
59271 0.333272 -0.0833793 
59272 0.333267 0.083368 
59273 0.333366 0.249893 
59274 0.333259 0.416747 
59275 -0.333923 -0.249542 
59276 -0.33446 -0.0835744 
59277 -0.334842 0.0823379 
59278 -0.335384 0.248419 
59279 -0.33583 0.414517 
59280 -0.167916 -0.248991 
59281 -0.16833 -0.0830211 
59282 -0.168764 0.0828562 
59283 -0.169183 0.248827 
59284 -0.169726 0.414761 
59285 -0.0019382 -0.2485 
59286 -0.00242168 -0.0825486 
59287 -0.00283773 0.0832008 
59288 -0.00326209 0.249149 
59289 -0.00353276 0.415109 
59290 0.163688 -0.247896 
59291 0.163418 -0.0820396 
59292 0.162988 0.0837249 
59293 0.162591 0.24947 
59294 0.162148 0.415392 
59295 0.329502 -0.24745 
59296 0.328946 -0.0816098 
59297 0.328802 0.0840375 
59298 0.328221 0.249837 
59299 0.327823 0.415595 
59300 -0.334558 -0.248862 
59301 -0.335643 -0.0835884 
59302 -0.336399 0.0817781 
59303 -0.337224 0.247189 
59304 -0.338138 0.412704 
59305 -0.169084 -0.247952 
59306 -0.169983 -0.0826783 
59307 -0.170876 0.0826259 
59308 -0.171635 0.24783 
59309 -0.172671 0.41327 
59310 -0.003851 -0.246891 
59311 -0.00476539 -0.0816913 
59312 -0.00551997 0.0833024 
59313 -0.00643668 0.248431 
59314 -0.0073533 0.413667 
59315 0.160943 -0.245741 
59316 0.160208 -0.0807571 
59317 0.159415 0.0841759 
59318 0.158489 0.249242 
59319 0.157751 0.41413 
59320 0.325623 -0.244652 
59321 0.324856 -0.0798247 
59322 0.324137 0.0849619 
59323 0.323209 0.24982 
59324 0.322405 0.414838 
59325 -0.335286 -0.248177 
59326 -0.336568 -0.0836761 
59327 -0.337858 0.0812181 
59328 -0.339263 0.246106 
59329 -0.340614 0.410797 
59330 -0.170395 -0.24663 
59331 -0.171766 -0.0822029 
59332 -0.173066 0.0824351 
59333 -0.174222 0.246869 
59334 -0.175503 0.411643 
59335 -0.00583909 -0.244943 
59336 -0.00716291 -0.0808556 
59337 -0.0084065 0.0835932 
59338 -0.00970673 0.247958 
59339 -0.0109272 0.412393 
59340 0.158213 -0.243443 
59341 0.156909 -0.0793219 
59342 0.155686 0.084653 
59343 0.154486 0.248776 
59344 0.153234 0.413163 
59345 0.321803 -0.241895 
59346 0.320555 -0.0780654 
59347 0.319427 0.0858703 
59348 0.318264 0.249832 
59349 0.31701 0.413966 
59350 -0.335801 -0.247293 
59351 -0.337597 -0.0832709 
59352 -0.339439 0.080907 
59353 -0.341386 0.244934 
59354 -0.343222 0.409352 
59355 -0.171619 -0.245222 
59356 -0.173209 -0.0816128 
59357 -0.175016 0.0822621 
59358 -0.17688 0.246296 
59359 -0.178548 0.410455 
59360 -0.00798989 -0.243194 
59361 -0.00946509 -0.07972 
59362 -0.0112625 0.0838469 
59363 -0.0129672 0.24749 
59364 -0.0146047 0.411181 
59365 0.155475 -0.240992 
59366 0.153649 -0.0779409 
59367 0.152087 0.0853538 
59368 0.150417 0.248807 
59369 0.148784 0.412155 
59370 0.317946 -0.238982 
59371 0.316352 -0.0761622 
59372 0.314831 0.0869664 
59373 0.313417 0.250018 
59374 0.311665 0.413409 
59375 -0.336501 -0.246222 
59376 -0.338897 -0.0830062 
59377 -0.341151 0.0803739 
59378 -0.343322 0.24415 
59379 -0.345599 0.40781 
59380 -0.172839 -0.243751 
59381 -0.174922 -0.0807854 
59382 -0.177065 0.0824492 
59383 -0.179283 0.24563 
59384 -0.181525 0.409217 
59385 -0.00983799 -0.241234 
59386 -0.011899 -0.0785593 
59387 -0.0138749 0.0841856 
59388 -0.0159745 0.247071 
59389 -0.0182223 0.410398 
59390 0.15255 -0.238486 
59391 0.150513 -0.0763916 
59392 0.148491 0.0861944 
59393 0.146443 0.248842 
59394 0.144531 0.411597 
59395 0.314156 -0.236055 
59396 0.31211 -0.0740245 
59397 0.310201 0.087943 
59398 0.308459 0.250223 
59399 0.306601 0.412713 
59400 -0.337271 -0.245315 
59401 -0.339924 -0.0825413 
59402 -0.342489 0.0802421 
59403 -0.345217 0.243279 
59404 -0.348044 0.406636 
59405 -0.174164 -0.242185 
59406 -0.17672 -0.0798813 
59407 -0.179349 0.0824585 
59408 -0.181803 0.245233 
59409 -0.184427 0.408067 
59410 -0.0117982 -0.23896 
59411 -0.0142673 -0.0771431 
59412 -0.0166231 0.0848457 
59413 -0.0192357 0.24708 
59414 -0.0216449 0.409524 
59415 0.149635 -0.236095 
59416 0.147426 -0.0746885 
59417 0.14505 0.0870245 
59418 0.142716 0.248926 
59419 0.140318 0.410998 
59420 0.310331 -0.232969 
59421 0.308042 -0.0719777 
59422 0.305923 0.0890596 
59423 0.303762 0.250655 
59424 0.301462 0.412391 
59425 -0.337898 -0.244051 
59426 -0.341015 -0.0818605 
59427 -0.344164 0.0802896 
59428 -0.347421 0.242827 
59429 -0.350618 0.405566 
59430 -0.175358 -0.2405 
59431 -0.178387 -0.0789611 
59432 -0.181351 0.0828839 
59433 -0.184311 0.244864 
59434 -0.187375 0.407273 
59435 -0.0137712 -0.236864 
59436 -0.0164882 -0.0759554 
59437 -0.0195071 0.0852936 
59438 -0.0224297 0.246776 
59439 -0.0250735 0.408824 
59440 0.14676 -0.233364 
59441 0.14401 -0.072725 
59442 0.141538 0.0879927 
59443 0.138669 0.249069 
59444 0.136078 0.410359 
59445 0.306483 -0.229935 
59446 0.303917 -0.069751 
59447 0.301363 0.0905603 
59448 0.29887 0.251275 
59449 0.296267 0.412045 
59450 -0.338621 -0.242555 
59451 -0.342186 -0.0813597 
59452 -0.345774 0.0803049 
59453 -0.34936 0.242217 
59454 -0.352868 0.404669 
59455 -0.176714 -0.238552 
59456 -0.180038 -0.0778467 
59457 -0.183423 0.0832108 
59458 -0.186803 0.244743 
59459 -0.19018 0.406426 
59460 -0.0158937 -0.234515 
59461 -0.0189816 -0.0745053 
59462 -0.0221362 0.0862162 
59463 -0.0254327 0.247036 
59464 -0.0287298 0.408346 
59465 0.144108 -0.230781 
59466 0.140846 -0.0709015 
59467 0.137927 0.0890639 
59468 0.134823 0.249365 
59469 0.131729 0.410125 
59470 0.302722 -0.226756 
59471 0.299796 -0.067678 
59472 0.297068 0.0919703 
59473 0.294208 0.251839 
59474 0.291482 0.411981 
59475 -0.339351 -0.241171 
59476 -0.343291 -0.0806444 
59477 -0.347431 0.0805295 
59478 -0.351329 0.241976 
59479 -0.355276 0.403769 
59480 -0.177925 -0.23662 
59481 -0.18166 -0.0766105 
59482 -0.185448 0.0837691 
59483 -0.189365 0.244613 
59484 -0.193076 0.40584 
59485 -0.0178594 -0.232228 
59486 -0.0215585 -0.0728725 
59487 -0.0249933 0.0871046 
59488 -0.0284054 0.247168 
59489 -0.032133 0.407879 
59490 0.141097 -0.227836 
59491 0.137701 -0.0689251 
59492 0.134388 0.0901286 
59493 0.13105 0.249843 
59494 0.127701 0.410086 
59495 0.2989 -0.223522 
59496 0.295759 -0.0650756 
59497 0.292604 0.0932943 
59498 0.289596 0.252477 
59499 0.286555 0.411866 
59500 -0.340053 -0.239441 
59501 -0.34451 -0.0794674 
59502 -0.348753 0.0808108 
59503 -0.353215 0.241622 
59504 -0.357627 0.403202 
59505 -0.179489 -0.234717 
59506 -0.183474 -0.075377 
59507 -0.187541 0.0842763 
59508 -0.191738 0.244686 
59509 -0.195864 0.405383 
59510 -0.0199111 -0.229654 
59511 -0.0237742 -0.071209 
59512 -0.0275792 0.0879545 
59513 -0.0315512 0.247561 
59514 -0.0354172 0.407724 
59515 0.138168 -0.225 
59516 0.134616 -0.0672134 
59517 0.130932 0.0913975 
59518 0.127287 0.250381 
59519 0.123721 0.409876 
59520 0.295028 -0.220313 
59521 0.291676 -0.0629742 
59522 0.288391 0.0949327 
59523 0.284824 0.253261 
59524 0.281534 0.41197 
59525 -0.340741 -0.237773 
59526 -0.345722 -0.07858 
59527 -0.350477 0.0813764 
59528 -0.355302 0.241666 
59529 -0.360157 0.402727 
59530 -0.180764 -0.232523 
59531 -0.185088 -0.0740571 
59532 -0.189653 0.085118 
59533 -0.19415 0.244845 
59534 -0.19873 0.405163 
59535 -0.0220499 -0.22734 
59536 -0.0261133 -0.0694788 
59537 -0.0303219 0.0889629 
59538 -0.0344633 0.248019 
59539 -0.0387302 0.407409 
59540 0.135291 -0.222072 
59541 0.131542 -0.0649543 
59542 0.127525 0.0927193 
59543 0.123691 0.251105 
59544 0.119721 0.409746 
59545 0.291219 -0.216767 
59546 0.287617 -0.0605472 
59547 0.284114 0.096481 
59548 0.280462 0.254099 
59549 0.276705 0.412054 
59550 -0.34174 -0.235969 
59551 -0.346858 -0.0774519 
59552 -0.352011 0.0816463 
59553 -0.3572 0.241564 
59554 -0.362511 0.402267 
59555 -0.182111 -0.230302 
59556 -0.186853 -0.0725617 
59557 -0.191731 0.0859642 
59558 -0.196737 0.245184 
59559 -0.201528 0.404777 
59560 -0.0240444 -0.224635 
59561 -0.0285258 -0.0675938 
59562 -0.0330247 0.0901155 
59563 -0.0374035 0.248457 
59564 -0.042079 0.407412 
59565 0.132451 -0.219246 
59566 0.128129 -0.0627993 
59567 0.124011 0.0941315 
59568 0.119953 0.251766 
59569 0.115766 0.409873 
59570 0.28734 -0.213662 
59571 0.28354 -0.0581095 
59572 0.279788 0.0980829 
59573 0.275897 0.254799 
59574 0.272049 0.412374 
59575 -0.342395 -0.233968 
59576 -0.348116 -0.0762057 
59577 -0.353684 0.0825236 
59578 -0.359277 0.241845 
59579 -0.364925 0.402015 
59580 -0.183416 -0.227944 
59581 -0.188593 -0.071006 
59582 -0.193795 0.0868425 
59583 -0.198899 0.245417 
59584 -0.20422 0.404797 
59585 -0.0260541 -0.22209 
59586 -0.0309799 -0.0656628 
59587 -0.0356736 0.0912686 
59588 -0.0405108 0.248922 
59589 -0.0452412 0.407541 
59590 0.129597 -0.216122 
59591 0.125136 -0.0606427 
59592 0.120813 0.0954309 
59593 0.116388 0.252514 
59594 0.111876 0.410071 
59595 0.283583 -0.210315 
59596 0.279556 -0.0555415 
59597 0.275573 0.0998048 
59598 0.271536 0.255858 
59599 0.267553 0.41276 
59600 -0.343333 -0.232046 
59601 -0.349327 -0.0747101 
59602 -0.355177 0.0833354 
59603 -0.361182 0.242152 
59604 -0.367159 0.402068 
59605 -0.184875 -0.225631 
59606 -0.190359 -0.0692421 
59607 -0.195778 0.0878138 
59608 -0.201334 0.245885 
59609 -0.206969 0.404791 
59610 -0.0282241 -0.219399 
59611 -0.0334017 -0.0638364 
59612 -0.0382879 0.0925627 
59613 -0.043383 0.249662 
59614 -0.0485848 0.407646 
59615 0.126556 -0.212918 
59616 0.121992 -0.0585289 
59617 0.117372 0.0970853 
59618 0.112756 0.253205 
59619 0.108075 0.410464 
59620 0.279817 -0.206918 
59621 0.275618 -0.0530779 
59622 0.271435 0.101545 
59623 0.267089 0.256877 
59624 0.262993 0.413201 
59625 -0.344071 -0.22987 
59626 -0.350377 -0.0732028 
59627 -0.356757 0.0842897 
59628 -0.363042 0.242577 
59629 -0.369576 0.401868 
59630 -0.186188 -0.22309 
59631 -0.192063 -0.0675458 
59632 -0.197981 0.0891573 
59633 -0.203877 0.246578 
59634 -0.20977 0.405023 
59635 -0.0302975 -0.216591 
59636 -0.0356211 -0.0617967 
59637 -0.0409275 0.0937476 
59638 -0.0463733 0.25037 
59639 -0.0516765 0.407811 
59640 0.123677 -0.209966 
59641 0.118898 -0.0562506 
59642 0.114002 0.098466 
59643 0.109094 0.254104 
59644 0.10442 0.410742 
59645 0.27593 -0.203505 
59646 0.271499 -0.0504954 
59647 0.267152 0.103296 
59648 0.26286 0.257939 
59649 0.258418 0.413435 
59650 -0.345032 -0.2276 
59651 -0.351604 -0.0716213 
59652 -0.358284 0.0851307 
59653 -0.36503 0.24307 
59654 -0.371786 0.40197 
59655 -0.18769 -0.220601 
59656 -0.193817 -0.0656143 
59657 -0.199858 0.0902034 
59658 -0.206099 0.247226 
59659 -0.212242 0.40521 
59660 -0.0324421 -0.213697 
59661 -0.0380106 -0.0597137 
59662 -0.0436053 0.0952239 
59663 -0.0492316 0.251209 
59664 -0.0548121 0.408197 
59665 0.120733 -0.206809 
59666 0.115719 -0.0537527 
59667 0.110613 0.100225 
59668 0.105691 0.255231 
59669 0.100638 0.411118 
59670 0.272011 -0.200236 
59671 0.267701 -0.048013 
59672 0.263269 0.10505 
59673 0.258743 0.259033 
59674 0.25405 0.414063 
59675 -0.345931 -0.225245 
59676 -0.352861 -0.0701366 
59677 -0.359796 0.0864521 
59678 -0.366913 0.243771 
59679 -0.373869 0.40235 
59680 -0.189069 -0.217967 
59681 -0.195541 -0.0638032 
59682 -0.202022 0.091568 
59683 -0.208274 0.247967 
59684 -0.21499 0.405563 
59685 -0.0346654 -0.210929 
59686 -0.0404558 -0.0576191 
59687 -0.0462114 0.0968154 
59688 -0.0521042 0.252034 
59689 -0.057897 0.408698 
59690 0.117804 -0.203729 
59691 0.112548 -0.0514578 
59692 0.107535 0.101866 
59693 0.102149 0.256202 
59694 0.0968759 0.411664 
59695 0.268286 -0.196658 
59696 0.263628 -0.0454674 
59697 0.259122 0.106809 
59698 0.254433 0.260238 
59699 0.249839 0.414665 
59700 -0.346773 -0.222954 
59701 -0.354024 -0.0682999 
59702 -0.361436 0.0874726 
59703 -0.368793 0.244507 
59704 -0.376204 0.402785 
59705 -0.190835 -0.215287 
59706 -0.197448 -0.0618491 
59707 -0.204056 0.0927894 
59708 -0.210677 0.248707 
59709 -0.217447 0.40591 
59710 -0.0369093 -0.207973 
59711 -0.0428572 -0.0553165 
59712 -0.0487046 0.0982245 
59713 -0.0549833 0.253038 
59714 -0.0609952 0.409268 
59715 0.114713 -0.200456 
59716 0.109542 -0.0491258 
59717 0.104275 0.10351 
59718 0.0988094 0.257238 
59719 0.093406 0.412196 
59720 0.26446 -0.193035 
59721 0.259884 -0.0429789 
59722 0.255005 0.108619 
59723 0.250342 0.261341 
59724 0.245483 0.415275 
59725 -0.347754 -0.22036 
59726 -0.355439 -0.0664007 
59727 -0.362926 0.0887199 
59728 -0.370679 0.245383 
59729 -0.378479 0.40341 
59730 -0.19225 -0.212791 
59731 -0.199298 -0.0598063 
59732 -0.205991 0.0941798 
59733 -0.21292 0.249576 
59734 -0.219984 0.406543 
59735 -0.0390338 -0.204927 
59736 -0.045171 -0.0531859 
59737 -0.0514123 0.0999228 
59738 -0.0576157 0.254176 
59739 -0.0638272 0.4096 
59740 0.11187 -0.197371 
59741 0.106609 -0.0467998 
59742 0.100821 0.105189 
59743 0.0954092 0.258322 
59744 0.0897107 0.41283 
59745 0.260676 -0.189802 
59746 0.255817 -0.040322 
59747 0.25115 0.110601 
59748 0.24617 0.262498 
59749 0.24147 0.415916 
