59425 -0.33333 -0.250027 
59426 -0.333316 -0.0833373 
59427 -0.333344 0.0832932 
59428 -0.333307 0.250164 
59429 -0.333335 0.416663 
59430 -0.166577 -0.250019 
59431 -0.166719 -0.0834411 
59432 -0.1667 0.0834072 
59433 -0.166551 0.249958 
59434 -0.166637 0.416635 
59435 -7.2937e-05 -0.250016 
59436 8.90211e-05 -0.0832948 
59437 -6.47005e-06 0.0832605 
59438 -9.44599e-05 0.249996 
59439 -9.90147e-05 0.41654 
59440 0.16663 -0.249956 
59441 0.166657 -0.0833396 
59442 0.166697 0.0833866 
59443 0.166612 0.249894 
59444 0.16679 0.416585 
59445 0.333332 -0.249926 
59446 0.333312 -0.0835086 
59447 0.333436 0.0832195 
59448 0.333333 0.250037 
59449 0.333432 0.416571 
59450 -0.333809 -0.248567 
59451 -0.334436 -0.0824889 
59452 -0.335002 0.0834291 
59453 -0.335374 0.249511 
59454 -0.335934 0.41554 
59455 -0.167975 -0.248116 
59456 -0.168419 -0.0822318 
59457 -0.168814 0.0838275 
59458 -0.169246 0.249717 
59459 -0.169545 0.415955 
59460 -0.00203229 -0.247636 
59461 -0.0025541 -0.0817864 
59462 -0.00294899 0.0840984 
59463 -0.00309054 0.250145 
59464 -0.00361608 0.416094 
59465 0.163703 -0.246978 
59466 0.163467 -0.0814082 
59467 0.163146 0.0844099 
59468 0.162691 0.250288 
59469 0.162379 0.416295 
59470 0.329364 -0.246681 
59471 0.329087 -0.0809354 
59472 0.328728 0.0847713 
59473 0.328414 0.250707 
59474 0.32806 0.416366 
59475 -0.334805 -0.246878 
59476 -0.335488 -0.0815609 
59477 -0.33633 0.0836324 
59478 -0.337326 0.249262 
59479 -0.338253 0.414689 
59480 -0.169272 -0.246066 
59481 -0.170001 -0.0808917 
59482 -0.170779 0.0844123 
59483 -0.171694 0.249626 
59484 -0.172618 0.415257 
59485 -0.0041368 -0.244958 
59486 -0.00486253 -0.0799299 
59487 -0.00560075 0.0849876 
59488 -0.00634537 0.250422 
59489 -0.00711733 0.415647 
59490 0.160734 -0.243991 
59491 0.159936 -0.0792678 
59492 0.159439 0.0856684 
59493 0.158703 0.250726 
59494 0.158057 0.416021 
59495 0.325282 -0.243173 
59496 0.324732 -0.0784494 
59497 0.324132 0.0863111 
59498 0.323635 0.251311 
59499 0.322794 0.416403 
59500 -0.335394 -0.245262 
59501 -0.336711 -0.080648 
59502 -0.337989 0.0839786 
59503 -0.339362 0.2489 
59504 -0.340809 0.414116 
59505 -0.170642 -0.243762 
59506 -0.171739 -0.0794645 
59507 -0.173044 0.0851085 
59508 -0.174211 0.249684 
59509 -0.175383 0.414699 
59510 -0.00622629 -0.242462 
59511 -0.00722494 -0.0784299 
59512 -0.00828727 0.0860238 
59513 -0.00943872 0.250581 
59514 -0.0105298 0.415362 
59515 0.157798 -0.241033 
59516 0.156846 -0.0770384 
59517 0.155858 0.0870601 
59518 0.154708 0.251253 
59519 0.153818 0.415852 
59520 0.321326 -0.239478 
59521 0.320485 -0.0759886 
59522 0.319595 0.0881243 
59523 0.318666 0.252153 
59524 0.317802 0.416519 
59525 -0.335977 -0.243396 
59526 -0.337784 -0.0796218 
59527 -0.33961 0.0846322 
59528 -0.341321 0.248937 
59529 -0.343012 0.413608 
59530 -0.171827 -0.241617 
59531 -0.173329 -0.0780946 
59532 -0.174954 0.0857426 
59533 -0.176574 0.249923 
59534 -0.178247 0.414442 
59535 -0.00812896 -0.239677 
59536 -0.00965489 -0.0765049 
59537 -0.0111374 0.0870607 
59538 -0.0125992 0.250912 
59539 -0.0139609 0.41517 
59540 0.154731 -0.237883 
59541 0.153393 -0.0747984 
59542 0.152219 0.0884951 
59543 0.150936 0.251977 
59544 0.14959 0.415861 
59545 0.317433 -0.236072 
59546 0.316212 -0.0734136 
59547 0.31505 0.0896134 
59548 0.313924 0.253004 
59549 0.312833 0.416707 
59550 -0.336767 -0.241451 
59551 -0.338986 -0.0783499 
59552 -0.340909 0.0851041 
59553 -0.343243 0.249076 
59554 -0.345395 0.413267 
59555 -0.173182 -0.239265 
59556 -0.175182 -0.0763686 
59557 -0.177078 0.086712 
59558 -0.17909 0.25002 
59559 -0.181086 0.414187 
59560 -0.0102724 -0.237033 
59561 -0.0121081 -0.0744824 
59562 -0.013895 0.0881756 
59563 -0.0156283 0.251448 
59564 -0.0174839 0.415065 
59565 0.151891 -0.234661 
59566 0.150282 -0.0726203 
59567 0.148728 0.0897574 
59568 0.147035 0.252813 
59569 0.145517 0.416027 
59570 0.313386 -0.23253 
59571 0.311839 -0.0706673 
59572 0.310611 0.0914008 
59573 0.309256 0.254018 
59574 0.307885 0.416844 
59575 -0.337501 -0.239381 
59576 -0.340016 -0.0770837 
59577 -0.342652 0.0858669 
59578 -0.3452 0.249118 
59579 -0.347795 0.412909 
59580 -0.174543 -0.236696 
59581 -0.176858 -0.0747923 
59582 -0.179153 0.0877247 
59583 -0.181416 0.250615 
59584 -0.18377 0.414016 
59585 -0.0123956 -0.234171 
59586 -0.0145319 -0.0726528 
59587 -0.0165665 0.0896285 
59588 -0.018714 0.252083 
59589 -0.0207464 0.41508 
59590 0.148856 -0.231536 
59591 0.147097 -0.0702578 
59592 0.145088 0.0914408 
59593 0.143129 0.253373 
59594 0.141602 0.416123 
59595 0.309266 -0.228789 
59596 0.307853 -0.0680919 
59597 0.306155 0.093296 
59598 0.304463 0.25504 
59599 0.302967 0.41718 
59600 -0.338234 -0.237231 
59601 -0.341139 -0.0755762 
59602 -0.34417 0.0864567 
59603 -0.347152 0.249307 
59604 -0.350204 0.412851 
59605 -0.175983 -0.234282 
59606 -0.178488 -0.0730645 
59607 -0.181242 0.0887222 
59608 -0.183882 0.251054 
59609 -0.186633 0.414091 
59610 -0.0144973 -0.231284 
59611 -0.0169945 -0.0704717 
59612 -0.0193906 0.0908639 
59613 -0.0217129 0.252805 
59614 -0.0241336 0.415093 
59615 0.14592 -0.228151 
59616 0.143772 -0.0679223 
59617 0.14172 0.0930229 
59618 0.139622 0.254528 
59619 0.137518 0.416354 
59620 0.30532 -0.225241 
59621 0.303617 -0.0652501 
59622 0.301731 0.0951659 
59623 0.300082 0.256088 
59624 0.2982 0.417575 
59625 -0.33901 -0.235105 
59626 -0.342324 -0.073999 
59627 -0.345645 0.0875667 
59628 -0.349051 0.249796 
59629 -0.352492 0.412911 
59630 -0.177395 -0.231713 
59631 -0.180438 -0.0711688 
59632 -0.183323 0.0899132 
59633 -0.1863 0.251713 
59634 -0.189458 0.414262 
59635 -0.0167474 -0.228307 
59636 -0.0193198 -0.068538 
59637 -0.0219961 0.0921775 
59638 -0.0246518 0.253601 
59639 -0.0273742 0.415447 
59640 0.142986 -0.224867 
59641 0.140595 -0.0653631 
59642 0.138271 0.0946589 
59643 0.135972 0.255446 
59644 0.133685 0.416791 
59645 0.301382 -0.22159 
59646 0.29942 -0.0626709 
59647 0.297353 0.0969462 
59648 0.295447 0.257066 
59649 0.293527 0.418013 
59650 -0.339775 -0.232644 
59651 -0.343512 -0.0724521 
59652 -0.34724 0.0887228 
59653 -0.35098 0.250393 
59654 -0.354687 0.412988 
59655 -0.17871 -0.22899 
59656 -0.18195 -0.0693782 
59657 -0.185305 0.0912058 
59658 -0.188637 0.252429 
59659 -0.192085 0.414385 
59660 -0.0187774 -0.225178 
59661 -0.021747 -0.066095 
59662 -0.0247695 0.0937584 
59663 -0.0276481 0.254441 
59664 -0.0305081 0.415734 
59665 0.139875 -0.221541 
59666 0.137373 -0.0630406 
59667 0.134841 0.0962441 
59668 0.132357 0.256249 
59669 0.129775 0.417117 
59670 0.297467 -0.217914 
59671 0.295229 -0.0598717 
59672 0.293206 0.0987291 
59673 0.291074 0.258237 
59674 0.288916 0.418633 
59675 -0.340703 -0.230324 
59676 -0.344725 -0.0707281 
59677 -0.348716 0.0895805 
59678 -0.352923 0.25105 
59679 -0.35705 0.413227 
59680 -0.180241 -0.226384 
59681 -0.183832 -0.0673624 
59682 -0.187346 0.0925186 
59683 -0.191072 0.253119 
59684 -0.194648 0.414842 
59685 -0.0210581 -0.222164 
59686 -0.0241647 -0.0639762 
59687 -0.0273172 0.0953201 
59688 -0.0305266 0.255247 
59689 -0.0336409 0.416172 
59690 0.136803 -0.218093 
59691 0.134316 -0.0605297 
59692 0.131607 0.0979294 
59693 0.128808 0.257337 
59694 0.125984 0.417721 
59695 0.293589 -0.214119 
59696 0.291243 -0.0571656 
59697 0.288911 0.100825 
59698 0.286582 0.259457 
59699 0.284373 0.419186 
59700 -0.34152 -0.227814 
59701 -0.345894 -0.0689518 
59702 -0.350241 0.0909324 
59703 -0.354891 0.251769 
59704 -0.359186 0.413628 
59705 -0.181681 -0.223333 
59706 -0.185528 -0.0651776 
59707 -0.189456 0.0938865 
59708 -0.193176 0.254031 
59709 -0.197245 0.415238 
59710 -0.0232306 -0.21909 
59711 -0.0266188 -0.0616041 
59712 -0.02996 0.0968902 
59713 -0.033467 0.25629 
59714 -0.0367533 0.416888 
59715 0.133762 -0.214758 
59716 0.130928 -0.0580554 
59717 0.128093 0.0997866 
59718 0.125102 0.258432 
59719 0.122244 0.41818 
59720 0.289422 -0.210565 
59721 0.287039 -0.054325 
59722 0.284656 0.102579 
59723 0.282459 0.260727 
59724 0.279952 0.419818 
59725 -0.342429 -0.225165 
59726 -0.347157 -0.0670897 
59727 -0.351874 0.0922562 
59728 -0.356497 0.252763 
59729 -0.361418 0.414211 
59730 -0.183265 -0.220493 
59731 -0.187451 -0.0630975 
59732 -0.191491 0.0955064 
59733 -0.19561 0.25501 
59734 -0.199878 0.415764 
59735 -0.0254443 -0.216037 
59736 -0.0289459 -0.0592886 
59737 -0.0326343 0.0984414 
59738 -0.0361925 0.257261 
59739 -0.0397919 0.417391 
59740 0.130817 -0.211411 
59741 0.12776 -0.0553982 
59742 0.124825 0.101682 
59743 0.12184 0.259686 
59744 0.118558 0.41895 
59745 0.285553 -0.206856 
59746 0.283113 -0.051695 
59747 0.2807 0.104645 
59748 0.2781 0.262059 
59749 0.275585 0.42054 
59750 -0.343238 -0.222665 
59751 -0.348474 -0.0650759 
59752 -0.353369 0.0937153 
59753 -0.35849 0.25366 
59754 -0.363543 0.414729 
59755 -0.184844 -0.217585 
59756 -0.189113 -0.0610036 
59757 -0.19355 0.0968734 
59758 -0.197881 0.256037 
59759 -0.202388 0.416316 
59760 -0.0276368 -0.212888 
59761 -0.0314742 -0.0568914 
59762 -0.0352671 0.0999863 
59763 -0.0389618 0.258424 
59764 -0.0427587 0.41797 
59765 0.12767 -0.207934 
59766 0.124586 -0.0528488 
59767 0.121391 0.103389 
59768 0.118323 0.260852 
59769 0.115063 0.419682 
59770 0.281491 -0.203311 
59771 0.2789 -0.0488959 
59772 0.276531 0.106591 
59773 0.273903 0.263144 
59774 0.271274 0.42114 
59775 -0.344323 -0.219812 
59776 -0.349647 -0.0629586 
59777 -0.354922 0.0949687 
59778 -0.360171 0.254589 
59779 -0.365654 0.415507 
59780 -0.18623 -0.214594 
59781 -0.190839 -0.0586839 
59782 -0.195474 0.0985404 
59783 -0.200025 0.257265 
59784 -0.204694 0.417043 
59785 -0.0299753 -0.209588 
59786 -0.0339566 -0.0545684 
59787 -0.0377887 0.101896 
59788 -0.041791 0.259618 
59789 -0.0458368 0.418814 
59790 0.124562 -0.204547 
59791 0.121395 -0.0503371 
59792 0.118234 0.105266 
59793 0.114908 0.2621 
59794 0.111668 0.42044 
59795 0.277524 -0.199579 
59796 0.274978 -0.0460893 
59797 0.27232 0.10855 
59798 0.269782 0.264573 
59799 0.267127 0.42178 
59800 -0.345541 -0.217104 
59801 -0.350914 -0.0609137 
59802 -0.356491 0.0967335 
59803 -0.361979 0.255632 
59804 -0.367696 0.416264 
59805 -0.187859 -0.211643 
59806 -0.192663 -0.0564591 
59807 -0.197409 0.100155 
59808 -0.202298 0.258344 
59809 -0.207238 0.417829 
59810 -0.0323145 -0.206304 
59811 -0.0362392 -0.0520932 
59812 -0.0403672 0.103649 
59813 -0.044563 0.26083 
59814 -0.048648 0.419426 
59815 0.12141 -0.201137 
59816 0.118206 -0.047777 
59817 0.114824 0.107179 
59818 0.111481 0.263455 
59819 0.108028 0.421049 
59820 0.27365 -0.19599 
59821 0.270797 -0.0435016 
59822 0.268267 0.11056 
59823 0.265684 0.265861 
59824 0.262855 0.422688 
59825 -0.346395 -0.214064 
59826 -0.352205 -0.0587012 
59827 -0.357958 0.0982846 
59828 -0.363711 0.256926 
59829 -0.369675 0.417161 
59830 -0.18945 -0.208648 
59831 -0.194442 -0.0542748 
59832 -0.199548 0.101915 
59833 -0.204491 0.259535 
59834 -0.209672 0.418721 
59835 -0.0346316 -0.203125 
59836 -0.0388539 -0.0495637 
59837 -0.0428193 0.105455 
59838 -0.0472012 0.262077 
59839 -0.0514755 0.420241 
59840 0.118438 -0.197751 
59841 0.115053 -0.0450972 
59842 0.111697 0.108912 
59843 0.108139 0.264463 
59844 0.104684 0.421841 
59845 0.269411 -0.192448 
59846 0.266822 -0.0407417 
59847 0.264187 0.112515 
59848 0.261673 0.267136 
59849 0.258877 0.423347 
59850 -0.34752 -0.211404 
59851 -0.353328 -0.0563896 
59852 -0.359471 0.0999684 
59853 -0.365575 0.258231 
59854 -0.371675 0.418029 
59855 -0.191229 -0.205546 
59856 -0.196397 -0.0517709 
59857 -0.201352 0.103657 
59858 -0.206677 0.260729 
59859 -0.211957 0.41943 
59860 -0.0370473 -0.199975 
59861 -0.041134 -0.047129 
59862 -0.0454146 0.10731 
59863 -0.0498099 0.263349 
59864 -0.0543057 0.421091 
59865 0.115191 -0.194404 
59866 0.111962 -0.0425564 
59867 0.108297 0.110914 
59868 0.104952 0.265918 
59869 0.101358 0.422542 
59870 0.265568 -0.189106 
59871 0.262972 -0.0380545 
59872 0.260323 0.114311 
59873 0.257749 0.268328 
59874 0.25505 0.424185 
59875 -0.348592 -0.208398 
59876 -0.354794 -0.0540118 
59877 -0.361003 0.101835 
59878 -0.367263 0.259544 
59879 -0.373719 0.418994 
59880 -0.192905 -0.202482 
59881 -0.198124 -0.0492517 
59882 -0.203334 0.10538 
59883 -0.208716 0.262021 
59884 -0.214149 0.420526 
59885 -0.0393524 -0.196755 
59886 -0.043631 -0.044861 
59887 -0.0480147 0.10911 
59888 -0.0525654 0.264631 
59889 -0.0569749 0.421946 
59890 0.112086 -0.191123 
59891 0.108665 -0.0401464 
59892 0.105204 0.112874 
59893 0.10171 0.267118 
59894 0.0982064 0.423477 
59895 0.26164 -0.185543 
59896 0.25898 -0.0355408 
59897 0.256258 0.11621 
59898 0.2538 0.269716 
59899 0.251065 0.424793 
59900 -0.349876 -0.205253 
59901 -0.356086 -0.0517554 
59902 -0.362579 0.103537 
59903 -0.369137 0.260811 
59904 -0.375612 0.420215 
59905 -0.194616 -0.199388 
59906 -0.200043 -0.0470255 
59907 -0.20533 0.107336 
59908 -0.210786 0.263469 
59909 -0.216362 0.421608 
59910 -0.0418032 -0.193545 
59911 -0.0460434 -0.0421928 
59912 -0.0504114 0.110842 
59913 -0.0548986 0.26602 
59914 -0.0596147 0.422933 
59915 0.108964 -0.187733 
59916 0.105569 -0.0374739 
59917 0.101966 0.11454 
59918 0.0985627 0.268475 
59919 0.0949293 0.424291 
59920 0.257728 -0.182166 
59921 0.255037 -0.032968 
59922 0.252479 0.118099 
59923 0.249863 0.271016 
59924 0.247078 0.425494 
