59450 -0.333147 -0.250062 
59451 -0.33325 -0.083398 
59452 -0.333378 0.0833454 
59453 -0.333379 0.250122 
59454 -0.333273 0.416654 
59455 -0.166638 -0.250166 
59456 -0.166661 -0.0832961 
59457 -0.166721 0.0833552 
59458 -0.166708 0.250063 
59459 -0.166683 0.416609 
59460 6.47455e-05 -0.249958 
59461 6.30992e-05 -0.0833235 
59462 -7.18766e-05 0.0832626 
59463 -5.79405e-05 0.249809 
59464 -3.27365e-05 0.416627 
59465 0.166702 -0.249993 
59466 0.16663 -0.0832898 
59467 0.166647 0.083324 
59468 0.166642 0.250177 
59469 0.166651 0.416738 
59470 0.333268 -0.250105 
59471 0.333151 -0.083387 
59472 0.333429 0.0832688 
59473 0.333256 0.250082 
59474 0.333247 0.416707 
59475 -0.334113 -0.248435 
59476 -0.334409 -0.0823949 
59477 -0.334898 0.0835921 
59478 -0.33527 0.249633 
59479 -0.335831 0.415944 
59480 -0.167965 -0.248013 
59481 -0.168335 -0.0820268 
59482 -0.168821 0.0839967 
59483 -0.169105 0.249936 
59484 -0.16964 0.415919 
59485 -0.00205425 -0.247435 
59486 -0.00241001 -0.0816317 
59487 -0.00278101 0.0842204 
59488 -0.00324951 0.250197 
59489 -0.00356891 0.416187 
59490 0.163824 -0.246966 
59491 0.163414 -0.0812783 
59492 0.163006 0.0845582 
59493 0.162762 0.250446 
59494 0.162365 0.416341 
59495 0.329382 -0.246358 
59496 0.32901 -0.0808854 
59497 0.328833 0.0849628 
59498 0.328335 0.250672 
59499 0.328086 0.416722 
59500 -0.334663 -0.246854 
59501 -0.335441 -0.0814993 
59502 -0.336405 0.0838423 
59503 -0.33735 0.249465 
59504 -0.338152 0.415245 
59505 -0.169256 -0.245753 
59506 -0.170075 -0.0805483 
59507 -0.170897 0.0845515 
59508 -0.171712 0.250005 
59509 -0.172394 0.415529 
59510 -0.00406967 -0.244864 
59511 -0.00494397 -0.0799044 
59512 -0.00557756 0.0853377 
59513 -0.00628127 0.250567 
59514 -0.00715078 0.415961 
59515 0.160663 -0.243869 
59516 0.160027 -0.0790451 
59517 0.159595 0.0858773 
59518 0.158691 0.251082 
59519 0.158098 0.416261 
59520 0.325192 -0.242892 
59521 0.324702 -0.0782368 
59522 0.324083 0.0866081 
59523 0.323436 0.251702 
59524 0.32294 0.41668 
59525 -0.3353 -0.244838 
59526 -0.336738 -0.0802318 
59527 -0.337932 0.0842383 
59528 -0.339303 0.249227 
59529 -0.340559 0.414661 
59530 -0.170559 -0.243523 
59531 -0.171751 -0.0791211 
59532 -0.173008 0.0853152 
59533 -0.174227 0.250034 
59534 -0.175306 0.415049 
59535 -0.00617378 -0.242099 
59536 -0.00723069 -0.0780655 
59537 -0.00841724 0.0862315 
59538 -0.0094565 0.250716 
59539 -0.0105975 0.415879 
59540 0.157779 -0.240719 
59541 0.156749 -0.0768314 
59542 0.155717 0.0873348 
59543 0.154944 0.251694 
59544 0.153977 0.416342 
59545 0.321275 -0.239268 
59546 0.320386 -0.0756384 
59547 0.319611 0.0881942 
59548 0.318752 0.252289 
59549 0.317874 0.416866 
59550 -0.336035 -0.242775 
59551 -0.337718 -0.0791104 
59552 -0.339572 0.0850851 
59553 -0.341277 0.249485 
59554 -0.342962 0.414086 
59555 -0.172098 -0.241028 
59556 -0.173515 -0.0775341 
59557 -0.174974 0.0861246 
59558 -0.176608 0.25033 
59559 -0.178117 0.414943 
59560 -0.00842772 -0.239286 
59561 -0.00987799 -0.0758968 
59562 -0.0110003 0.0875004 
59563 -0.0123539 0.251336 
59564 -0.0139286 0.415597 
59565 0.154824 -0.237466 
59566 0.153539 -0.0743984 
59567 0.152376 0.0887451 
59568 0.151006 0.252386 
59569 0.149763 0.416357 
59570 0.317296 -0.235624 
59571 0.316068 -0.07312 
59572 0.31514 0.0899116 
59573 0.314143 0.253315 
59574 0.312963 0.417074 
59575 -0.336755 -0.24083 
59576 -0.338908 -0.0777983 
59577 -0.341094 0.0857833 
59578 -0.343102 0.249513 
59579 -0.345337 0.414006 
59580 -0.17326 -0.238678 
59581 -0.175145 -0.0760412 
59582 -0.17709 0.0872522 
59583 -0.178998 0.250708 
59584 -0.180864 0.414907 
59585 -0.01038 -0.236344 
59586 -0.0120884 -0.0741306 
59587 -0.0138576 0.088728 
59588 -0.0154337 0.251981 
59589 -0.0172593 0.415777 
59590 0.151726 -0.234219 
59591 0.150399 -0.0721865 
59592 0.148635 0.0903426 
59593 0.147164 0.253162 
59594 0.145735 0.416489 
59595 0.313302 -0.231909 
59596 0.311867 -0.07031 
59597 0.310575 0.0918888 
59598 0.309519 0.254298 
59599 0.308042 0.417378 
59600 -0.337548 -0.238872 
59601 -0.3401 -0.0763703 
59602 -0.342547 0.086467 
59603 -0.345133 0.250023 
59604 -0.347653 0.413822 
59605 -0.174564 -0.236252 
59606 -0.176947 -0.0740158 
59607 -0.179172 0.0882416 
59608 -0.181427 0.251372 
59609 -0.183656 0.41491 
59610 -0.0125347 -0.233464 
59611 -0.0145457 -0.0719978 
59612 -0.0165137 0.0901462 
59613 -0.018539 0.252688 
59614 -0.0205945 0.415735 
59615 0.148632 -0.230869 
59616 0.146971 -0.0698123 
59617 0.145126 0.0919979 
59618 0.14349 0.254137 
59619 0.141751 0.416839 
59620 0.309137 -0.228344 
59621 0.307744 -0.0675918 
59622 0.306384 0.0935996 
59623 0.304747 0.255296 
59624 0.303339 0.417739 
59625 -0.338269 -0.236331 
59626 -0.341189 -0.0747944 
59627 -0.344111 0.0874977 
59628 -0.347202 0.250314 
59629 -0.350002 0.413864 
59630 -0.175999 -0.233444 
59631 -0.178575 -0.072335 
59632 -0.181172 0.0895761 
59633 -0.183754 0.251815 
59634 -0.186456 0.415004 
59635 -0.0146392 -0.230432 
59636 -0.0170426 -0.0699311 
59637 -0.0191606 0.0915661 
59638 -0.0216434 0.253485 
59639 -0.0238167 0.416076 
59640 0.145794 -0.227498 
59641 0.143821 -0.067357 
59642 0.141662 0.0934965 
59643 0.139709 0.255071 
59644 0.137776 0.417117 
59645 0.305146 -0.224623 
59646 0.303436 -0.064873 
59647 0.301764 0.0955901 
59648 0.300163 0.256586 
59649 0.298585 0.418263 
59650 -0.339075 -0.234103 
59651 -0.342336 -0.073122 
59652 -0.345633 0.0885898 
59653 -0.348918 0.250853 
59654 -0.352269 0.414074 
59655 -0.177458 -0.230729 
59656 -0.180456 -0.0703299 
59657 -0.183282 0.0906699 
59658 -0.186249 0.252592 
59659 -0.189117 0.41517 
59660 -0.0168905 -0.227478 
59661 -0.0193232 -0.0677115 
59662 -0.0219111 0.0930159 
59663 -0.0245863 0.254247 
59664 -0.0269632 0.416358 
59665 0.142644 -0.224187 
59666 0.140516 -0.0647901 
59667 0.13828 0.0952863 
59668 0.136117 0.25597 
59669 0.133915 0.417635 
59670 0.301279 -0.220878 
59671 0.299328 -0.0620497 
59672 0.297629 0.0974603 
59673 0.295861 0.25777 
59674 0.293945 0.418616 
59675 -0.339956 -0.231571 
59676 -0.34356 -0.0713914 
59677 -0.347161 0.0896257 
59678 -0.350825 0.251521 
59679 -0.354572 0.414096 
59680 -0.178871 -0.228031 
59681 -0.182041 -0.0683486 
59682 -0.185321 0.0921408 
59683 -0.188505 0.25349 
59684 -0.191782 0.41558 
59685 -0.0191382 -0.224373 
59686 -0.0218304 -0.0653036 
59687 -0.0246339 0.0945423 
59688 -0.02745 0.255222 
59689 -0.0301569 0.416839 
59690 0.139674 -0.220803 
59691 0.137272 -0.0621903 
59692 0.134946 0.0970672 
59693 0.132553 0.257003 
59694 0.130251 0.41805 
59695 0.297254 -0.217384 
59696 0.295249 -0.0592505 
59697 0.293354 0.0993992 
59698 0.291259 0.258896 
59699 0.289391 0.419434 
59700 -0.340764 -0.229107 
59701 -0.344837 -0.0697701 
59702 -0.34871 0.0908636 
59703 -0.352685 0.252319 
59704 -0.356644 0.414739 
59705 -0.180344 -0.225117 
59706 -0.18387 -0.066346 
59707 -0.187373 0.093475 
59708 -0.190935 0.25435 
59709 -0.194491 0.4159 
59710 -0.0213184 -0.221249 
59711 -0.0241749 -0.0630673 
59712 -0.0271633 0.0961081 
59713 -0.0302982 0.256262 
59714 -0.0333142 0.417268 
59715 0.136675 -0.217462 
59716 0.133977 -0.0598079 
59717 0.13149 0.0986944 
59718 0.128998 0.258282 
59719 0.126432 0.418534 
59720 0.29323 -0.213642 
59721 0.291133 -0.0565284 
59722 0.2891 0.101357 
59723 0.287029 0.26013 
59724 0.284848 0.419976 
59725 -0.341584 -0.226488 
59726 -0.345885 -0.0676633 
59727 -0.350225 0.0922505 
59728 -0.35458 0.253067 
59729 -0.358847 0.415177 
59730 -0.181858 -0.222194 
59731 -0.185723 -0.0641311 
59732 -0.189292 0.0950724 
59733 -0.193108 0.255154 
59734 -0.196847 0.416537 
59735 -0.0233746 -0.218085 
59736 -0.0266925 -0.0606442 
59737 -0.0299333 0.0976662 
59738 -0.0330399 0.257334 
59739 -0.0363681 0.417769 
59740 0.133654 -0.214075 
59741 0.130751 -0.0572416 
59742 0.128128 0.100566 
59743 0.125476 0.259379 
59744 0.122681 0.419195 
59745 0.289137 -0.209938 
59746 0.287071 -0.0536846 
59747 0.284763 0.103299 
59748 0.282775 0.26148 
59749 0.280352 0.420501 
59750 -0.342544 -0.223832 
59751 -0.347062 -0.0656413 
59752 -0.35172 0.0936833 
59753 -0.356439 0.253989 
59754 -0.361064 0.415721 
59755 -0.183407 -0.219408 
59756 -0.187553 -0.0619047 
59757 -0.191403 0.0965741 
59758 -0.195461 0.25621 
59759 -0.199511 0.417072 
59760 -0.0256173 -0.214924 
59761 -0.0292026 -0.0582797 
59762 -0.0325078 0.0994739 
59763 -0.0358807 0.258517 
59764 -0.0393388 0.418519 
59765 0.130377 -0.210502 
59766 0.12783 -0.0546704 
59767 0.124851 0.102451 
59768 0.122078 0.260669 
59769 0.119255 0.419993 
59770 0.285247 -0.206167 
59771 0.282905 -0.051111 
59772 0.280764 0.105274 
59773 0.278501 0.262723 
59774 0.276176 0.421261 
59775 -0.343559 -0.22105 
59776 -0.348405 -0.0635415 
59777 -0.353317 0.095167 
59778 -0.358216 0.255268 
59779 -0.363167 0.416406 
59780 -0.184968 -0.216325 
59781 -0.189243 -0.0596168 
59782 -0.19343 0.0981557 
59783 -0.197496 0.257312 
59784 -0.201834 0.417863 
59785 -0.0279221 -0.211666 
59786 -0.0316159 -0.0559076 
59787 -0.0351178 0.101334 
59788 -0.0386756 0.25952 
59789 -0.0422659 0.419177 
59790 0.127365 -0.207114 
59791 0.124491 -0.052006 
59792 0.121625 0.104224 
59793 0.11857 0.261759 
59794 0.115613 0.420612 
59795 0.2811 -0.202604 
59796 0.27899 -0.0482897 
59797 0.276615 0.107194 
59798 0.274249 0.263994 
59799 0.272046 0.422023 
59800 -0.344478 -0.218324 
59801 -0.349722 -0.0615178 
59802 -0.354859 0.0966472 
59803 -0.360006 0.256244 
59804 -0.365208 0.417329 
59805 -0.186455 -0.213323 
59806 -0.190847 -0.0574383 
59807 -0.195336 0.0999069 
59808 -0.199842 0.258589 
59809 -0.204347 0.418771 
59810 -0.0302624 -0.208495 
59811 -0.0340787 -0.053404 
59812 -0.0378815 0.103026 
59813 -0.0413192 0.260911 
59814 -0.0452448 0.41997 
59815 0.124234 -0.203595 
59816 0.121257 -0.0493266 
59817 0.118307 0.106106 
59818 0.115228 0.262985 
59819 0.112049 0.42145 
59820 0.277166 -0.198943 
59821 0.274846 -0.0455849 
59822 0.272534 0.109327 
59823 0.270079 0.265205 
59824 0.267885 0.422721 
59825 -0.345644 -0.215397 
59826 -0.350944 -0.0592913 
59827 -0.356297 0.0982076 
59828 -0.361817 0.257452 
59829 -0.367348 0.417927 
59830 -0.188254 -0.210272 
59831 -0.192708 -0.0550551 
59832 -0.197445 0.101677 
59833 -0.201962 0.259777 
59834 -0.206832 0.419393 
59835 -0.0326127 -0.205134 
59836 -0.0363776 -0.0507836 
59837 -0.0402396 0.104774 
59838 -0.0440773 0.262122 
59839 -0.048025 0.420702 
59840 0.121252 -0.200308 
59841 0.118129 -0.0468461 
59842 0.114905 0.108038 
59843 0.111962 0.264303 
59844 0.108774 0.422259 
59845 0.27317 -0.195275 
59846 0.270727 -0.0428686 
59847 0.268439 0.11121 
59848 0.266224 0.26671 
59849 0.263706 0.423458 
59850 -0.346677 -0.212333 
59851 -0.352271 -0.0570704 
59852 -0.35792 0.0999934 
59853 -0.363461 0.258669 
59854 -0.369325 0.418943 
59855 -0.189661 -0.207165 
59856 -0.194625 -0.0527487 
59857 -0.199404 0.103368 
59858 -0.20419 0.261061 
59859 -0.209045 0.42033 
59860 -0.0350147 -0.20201 
59861 -0.038866 -0.0485086 
59862 -0.0428326 0.106554 
59863 -0.0468074 0.263279 
59864 -0.0508273 0.421597 
59865 0.118053 -0.196836 
59866 0.114876 -0.0442007 
59867 0.111822 0.109791 
59868 0.108648 0.265633 
59869 0.105548 0.422952 
59870 0.269205 -0.191781 
59871 0.266876 -0.0401179 
59872 0.264414 0.113167 
59873 0.262102 0.267872 
59874 0.259791 0.42429 
59875 -0.347829 -0.209609 
59876 -0.353643 -0.0547279 
59877 -0.359489 0.101757 
59878 -0.365443 0.259945 
59879 -0.371297 0.420039 
59880 -0.191531 -0.204071 
59881 -0.196506 -0.0502091 
59882 -0.201308 0.105114 
59883 -0.20627 0.26238 
59884 -0.211171 0.421422 
59885 -0.0372835 -0.198717 
59886 -0.0413593 -0.0459634 
59887 -0.045149 0.108386 
59888 -0.0493719 0.264778 
59889 -0.0535323 0.422535 
59890 0.114927 -0.193392 
59891 0.111759 -0.0416164 
59892 0.108539 0.111816 
59893 0.105377 0.266982 
59894 0.102002 0.423843 
59895 0.265031 -0.188471 
59896 0.262875 -0.0375246 
59897 0.260484 0.115064 
59898 0.258115 0.26914 
59899 0.255737 0.424974 
59900 -0.348808 -0.206299 
59901 -0.354877 -0.0523633 
59902 -0.360836 0.103649 
59903 -0.367007 0.261291 
59904 -0.3731 0.420942 
59905 -0.193345 -0.200958 
59906 -0.198264 -0.0479357 
59907 -0.203223 0.107012 
59908 -0.208349 0.26367 
59909 -0.213666 0.422266 
59910 -0.0395846 -0.195381 
59911 -0.0438328 -0.0435238 
59912 -0.0477639 0.110264 
59913 -0.052009 0.265904 
59914 -0.0561955 0.423402 
59915 0.111688 -0.190139 
59916 0.108512 -0.0391762 
59917 0.105322 0.113677 
59918 0.102263 0.268231 
59919 0.0990072 0.42466 
59920 0.261096 -0.184865 
59921 0.258852 -0.034702 
59922 0.256568 0.116985 
59923 0.254215 0.270521 
59924 0.252012 0.425653 
59925 -0.350177 -0.203441 
59926 -0.356318 -0.0498288 
59927 -0.362478 0.10537 
59928 -0.368554 0.262748 
59929 -0.37507 0.422301 
59930 -0.195096 -0.19777 
59931 -0.200036 -0.0453645 
59932 -0.205279 0.108861 
59933 -0.21054 0.265084 
59934 -0.215706 0.423318 
59935 -0.0421912 -0.192382 
59936 -0.0461878 -0.0408757 
59937 -0.0502791 0.112247 
59938 -0.0545799 0.267231 
59939 -0.0588389 0.424447 
59940 0.108571 -0.186781 
59941 0.105443 -0.0365375 
59942 0.10225 0.115544 
59943 0.0990424 0.269434 
59944 0.0958962 0.425544 
59945 0.257107 -0.181365 
59946 0.254931 -0.0322799 
59947 0.252717 0.11875 
59948 0.250502 0.271692 
59949 0.248212 0.426501 
