4900 -0.333704 -0.216169 
4901 -0.33313 -0.0171545 
4902 -0.333324 0.183529 
4903 -0.333381 0.383592 
4904 -0.166417 -0.216564 
4905 -0.166199 -0.0166415 
4906 -0.166697 0.182851 
4907 -0.166609 0.382979 
4908 0.000339948 -0.216329 
4909 -0.000343409 -0.0170995 
4910 -0.00033481 0.18357 
4911 0.000256523 0.383724 
4912 0.166715 -0.216749 
4913 0.166709 -0.0171321 
4914 0.166564 0.183689 
4915 0.166635 0.383617 
4916 0.333613 -0.216173 
4917 0.33297 -0.016293 
4918 0.333318 0.182959 
4919 0.333791 0.383005 
4920 -0.311657 -0.193161 
4921 -0.312925 -0.0116872 
4922 -0.313312 0.169579 
4923 -0.312961 0.351233 
4924 -0.160476 -0.192852 
4925 -0.161 -0.011921 
4926 -0.161829 0.169031 
4927 -0.162058 0.351386 
4928 -0.0100444 -0.192236 
4929 -0.0102341 -0.0111172 
4930 -0.0110295 0.169645 
4931 -0.0109925 0.351274 
4932 0.141449 -0.192408 
4933 0.140822 -0.0113548 
4934 0.140691 0.170352 
4935 0.139559 0.350798 
4936 0.291949 -0.191775 
4937 0.291493 -0.0104693 
4938 0.291248 0.170298 
4939 0.290614 0.351293 
4940 -0.294832 -0.173192 
4941 -0.295935 -0.00739696 
4942 -0.296463 0.158195 
4943 -0.297616 0.324255 
4944 -0.156143 -0.172537 
4945 -0.157029 -0.00743378 
4946 -0.158093 0.158113 
4947 -0.158793 0.324596 
4948 -0.0181183 -0.17149 
4949 -0.0189281 -0.00644212 
4950 -0.0200268 0.158998 
4951 -0.0204084 0.324895 
4952 0.119319 -0.171627 
4953 0.11869 -0.00570292 
4954 0.11858 0.159673 
4955 0.117926 0.325106 
4956 0.256292 -0.170133 
4957 0.255784 -0.00552014 
4958 0.255273 0.159888 
4959 0.255385 0.325242 
4960 -0.279896 -0.156816 
4961 -0.281218 -0.00330717 
4962 -0.282992 0.149091 
4963 -0.283393 0.303147 
4964 -0.152257 -0.155086 
4965 -0.154167 -0.0025584 
4966 -0.154653 0.150334 
4967 -0.156091 0.302445 
4968 -0.0252691 -0.153862 
4969 -0.0260573 -0.00238263 
4970 -0.0276308 0.15073 
4971 -0.0279586 0.303179 
4972 0.101095 -0.153103 
4973 0.0997883 -0.000944303 
4974 0.0990695 0.150526 
4975 0.0985615 0.303673 
4976 0.227426 -0.152561 
4977 0.226362 -0.000784336 
4978 0.225798 0.151526 
4979 0.225417 0.303321 
4980 -0.26878 -0.141162 
4981 -0.270004 0.000241792 
4982 -0.270795 0.142731 
4983 -0.272371 0.284817 
4984 -0.149679 -0.139497 
4985 -0.150975 0.00186509 
4986 -0.152426 0.143077 
4987 -0.154013 0.284933 
4988 -0.0325092 -0.138946 
4989 -0.0329996 0.00263819 
4990 -0.0343595 0.143418 
4991 -0.0353253 0.285521 
4992 0.0853569 -0.137207 
4993 0.0841964 0.00350171 
4994 0.0828847 0.143821 
4995 0.0825346 0.28527 
4996 0.201433 -0.136238 
4997 0.200628 0.00451555 
4998 0.200309 0.145214 
4999 0.198709 0.285601 
5000 -0.258566 -0.127135 
5001 -0.259983 0.00429714 
5002 -0.261605 0.136758 
5003 -0.262606 0.269537 
5004 -0.147961 -0.125724 
5005 -0.149262 0.00513152 
5006 -0.150917 0.137576 
5007 -0.152354 0.269687 
5008 -0.0380185 -0.124934 
5009 -0.0393731 0.00617884 
5010 -0.0405546 0.137769 
5011 -0.042129 0.269753 
5012 0.0713792 -0.123737 
5013 0.0699627 0.00708411 
5014 0.0686163 0.139091 
5015 0.067601 0.270258 
5016 0.179141 -0.121587 
5017 0.178577 0.00804156 
5018 0.177227 0.139697 
5019 0.176888 0.270833 
5020 -0.249403 -0.115284 
5021 -0.251647 0.00852479 
5022 -0.25317 0.131734 
5023 -0.254988 0.256585 
5024 -0.14587 -0.113561 
5025 -0.147972 0.00969976 
5026 -0.149069 0.133139 
5027 -0.151377 0.256551 
5028 -0.043463 -0.112295 
5029 -0.0451917 0.0104258 
5030 -0.0464476 0.133679 
5031 -0.0480963 0.257413 
5032 0.0587386 -0.11096 
5033 0.0576612 0.0113891 
5034 0.0556796 0.134392 
5035 0.054749 0.257336 
5036 0.160309 -0.109806 
5037 0.158507 0.0123032 
5038 0.158149 0.135048 
5039 0.156493 0.257458 
5040 -0.242272 -0.104363 
5041 -0.244797 0.0121822 
5042 -0.246486 0.128152 
5043 -0.248214 0.245397 
5044 -0.1449 -0.102643 
5045 -0.14731 0.013297 
5046 -0.148894 0.12894 
5047 -0.149872 0.245677 
5048 -0.0482001 -0.101504 
5049 -0.0501027 0.0143683 
5050 -0.051426 0.130057 
5051 -0.0527292 0.24602 
5052 0.0473572 -0.0990747 
5053 0.0462729 0.0157986 
5054 0.044362 0.131069 
5055 0.0433129 0.246396 
5056 0.142855 -0.0978929 
5057 0.140994 0.0169974 
5058 0.140005 0.132237 
5059 0.138822 0.247326 
5060 -0.236586 -0.0937265 
5061 -0.23814 0.0154015 
5062 -0.240609 0.125765 
5063 -0.241918 0.236292 
5064 -0.144601 -0.0919268 
5065 -0.146159 0.016845 
5066 -0.147785 0.126803 
5067 -0.14987 0.236408 
5068 -0.0531151 -0.0910238 
5069 -0.0552427 0.0177685 
5070 -0.0566042 0.127709 
5071 -0.0580631 0.236969 
5072 0.0375262 -0.0893534 
5073 0.0359525 0.0191893 
5074 0.0342133 0.127909 
5075 0.0326471 0.237307 
5076 0.126843 -0.0876797 
5077 0.125341 0.0209982 
5078 0.124797 0.129559 
5079 0.123197 0.237949 
5080 -0.231067 -0.0846154 
5081 -0.23268 0.01951 
5082 -0.235193 0.123322 
5083 -0.236846 0.2279 
5084 -0.143517 -0.0826549 
5085 -0.146202 0.0207208 
5086 -0.147321 0.124639 
5087 -0.149772 0.229084 
5088 -0.0571285 -0.0809038 
5089 -0.0596371 0.0218188 
5090 -0.060875 0.124858 
5091 -0.0623281 0.229027 
5092 0.0283297 -0.0794241 
5093 0.0269173 0.0234113 
5094 0.0249099 0.125953 
5095 0.0238058 0.229717 
5096 0.113279 -0.0779561 
5097 0.111517 0.0247419 
5098 0.110684 0.127189 
5099 0.108621 0.230184 
5100 -0.226014 -0.0759476 
5101 -0.228235 0.0234476 
5102 -0.230433 0.122117 
5103 -0.232666 0.221329 
5104 -0.143226 -0.0743442 
5105 -0.14582 0.0240676 
5106 -0.14769 0.122754 
5107 -0.14956 0.221939 
5108 -0.0622052 -0.0720777 
5109 -0.0638911 0.0254309 
5110 -0.0650447 0.123273 
5111 -0.0663613 0.222569 
5112 0.0196385 -0.0705384 
5113 0.0175137 0.0263884 
5114 0.0164596 0.125002 
5115 0.0154495 0.222818 
5116 0.100469 -0.0691674 
5117 0.0986147 0.0281645 
5118 0.0974413 0.125107 
5119 0.0961463 0.222946 
5120 -0.221885 -0.0677626 
5121 -0.224243 0.0267275 
5122 -0.22652 0.121194 
5123 -0.228235 0.215486 
5124 -0.143479 -0.0654872 
5125 -0.145547 0.0280762 
5126 -0.147672 0.121422 
5127 -0.149707 0.21619 
5128 -0.0657555 -0.0640974 
5129 -0.0675913 0.0285808 
5130 -0.0690808 0.122545 
5131 -0.0703668 0.216628 
5132 0.0114548 -0.0622967 
5133 0.0102702 0.0298993 
5134 0.00885533 0.123088 
5135 0.00717939 0.216599 
5136 0.0880743 -0.0605272 
5137 0.0871552 0.0317535 
5138 0.0860837 0.124151 
5139 0.0837802 0.217005 
5140 -0.21904 -0.0595291 
5141 -0.221049 0.0304634 
5142 -0.22346 0.119541 
5143 -0.225651 0.210825 
5144 -0.143582 -0.0581701 
5145 -0.145821 0.0313407 
5146 -0.147197 0.120462 
5147 -0.150006 0.211219 
5148 -0.0699297 -0.0566325 
5149 -0.0715485 0.0320648 
5150 -0.0730307 0.121648 
5151 -0.0744685 0.211248 
5152 0.00433791 -0.0549681 
5153 0.00267825 0.0335223 
5154 0.00138158 0.122309 
5155 -0.000287781 0.211724 
5156 0.0778268 -0.0534213 
5157 0.0759277 0.0345577 
5158 0.0748545 0.122869 
5159 0.0735474 0.212273 
5160 -0.216234 -0.0518742 
5161 -0.217648 0.0333486 
5162 -0.22037 0.119895 
5163 -0.221768 0.206408 
5164 -0.144595 -0.0507982 
5165 -0.145647 0.0349672 
5166 -0.148245 0.120678 
5167 -0.150259 0.206497 
5168 -0.0730602 -0.0485065 
5169 -0.0750318 0.0355465 
5170 -0.0765875 0.121552 
5171 -0.0783049 0.206715 
5172 -0.00254944 -0.0472709 
5173 -0.00391229 0.0370413 
5174 -0.00567544 0.12179 
5175 -0.00711838 0.207077 
5176 0.066769 -0.0455874 
5177 0.0659747 0.0386148 
5178 0.0642688 0.122979 
5179 0.0631354 0.207427 
5180 -0.213068 -0.0454775 
5181 -0.216017 0.0370828 
5182 -0.217651 0.11951 
5183 -0.2198 0.202116 
5184 -0.144669 -0.0440684 
5185 -0.146457 0.0384141 
5186 -0.148831 0.119649 
5187 -0.150617 0.202607 
5188 -0.0769422 -0.0424319 
5189 -0.0783826 0.0392804 
5190 -0.0798638 0.120707 
5191 -0.0814231 0.203344 
5192 -0.00922484 -0.0409194 
5193 -0.0105121 0.0402224 
5194 -0.0117617 0.122096 
5195 -0.0132664 0.203545 
5196 0.05829 -0.0392325 
5197 0.0560603 0.0420566 
5198 0.055039 0.122266 
5199 0.0538839 0.20409 
5200 -0.211111 -0.038874 
5201 -0.212912 0.0396652 
5202 -0.215128 0.119011 
5203 -0.217916 0.19921 
5204 -0.145657 -0.0365528 
5205 -0.147469 0.0410154 
5206 -0.148594 0.120117 
5207 -0.151098 0.199133 
5208 -0.079936 -0.0359371 
5209 -0.0812095 0.0425008 
5210 -0.082804 0.120323 
5211 -0.0850042 0.199435 
5212 -0.0152958 -0.0336272 
5213 -0.0164646 0.0437508 
5214 -0.0177355 0.121652 
5215 -0.0199059 0.200161 
5216 0.049326 -0.0320604 
5217 0.0482155 0.045142 
5218 0.046361 0.122325 
5219 0.0447324 0.1999 
5220 -0.209432 -0.0326029 
5221 -0.211293 0.0431775 
5222 -0.21318 0.119868 
5223 -0.215291 0.195968 
5224 -0.146114 -0.0303094 
5225 -0.147738 0.0444429 
5226 -0.149226 0.120174 
5227 -0.151262 0.196466 
5228 -0.0827139 -0.0292819 
5229 -0.0845335 0.0460718 
5230 -0.0866477 0.120903 
5231 -0.0883702 0.196953 
5232 -0.020829 -0.0276246 
5233 -0.0223652 0.0464661 
5234 -0.0241681 0.121497 
5235 -0.0250571 0.197428 
5236 0.0404691 -0.0259786 
5237 0.039885 0.0478728 
5238 0.0382081 0.122184 
5239 0.0365535 0.197335 
5240 -0.2075 -0.0265268 
5241 -0.209823 0.0463909 
5242 -0.211729 0.120259 
5243 -0.213962 0.193258 
5244 -0.146781 -0.0244023 
5245 -0.148463 0.04788 
5246 -0.149922 0.120759 
5247 -0.152494 0.193644 
5248 -0.0862233 -0.0238111 
5249 -0.0877124 0.0485819 
5250 -0.0889226 0.121238 
5251 -0.0909237 0.19429 
5252 -0.026463 -0.0214264 
5253 -0.0281467 0.0501681 
5254 -0.0286484 0.122131 
5255 -0.0301005 0.194515 
5256 0.0328968 -0.0208694 
5257 0.0313767 0.0506965 
5258 0.0303224 0.12244 
5259 0.0294485 0.194666 
5260 -0.206241 -0.0203863 
5261 -0.208759 0.0501837 
5262 -0.210574 0.12065 
5263 -0.212571 0.191559 
5264 -0.147368 -0.018984 
5265 -0.149457 0.0503705 
5266 -0.150686 0.121553 
5267 -0.152421 0.191944 
5268 -0.0895842 -0.0178214 
5269 -0.0905737 0.0517025 
5270 -0.0928333 0.121303 
5271 -0.0942859 0.19246 
5272 -0.0314138 -0.016207 
5273 -0.0324919 0.052849 
5274 -0.0346039 0.121951 
5275 -0.0354742 0.192021 
5276 0.025749 -0.0150103 
5277 0.0247847 0.0534281 
5278 0.0233892 0.122968 
5279 0.0221946 0.192474 
5280 -0.20529 -0.0150328 
5281 -0.207631 0.0527314 
5282 -0.20968 0.121205 
5283 -0.211239 0.189886 
5284 -0.14891 -0.0133375 
5285 -0.150477 0.0533294 
5286 -0.151634 0.122054 
5287 -0.153398 0.18994 
5288 -0.0917853 -0.01259 
5289 -0.0940723 0.0549832 
5290 -0.0949099 0.122248 
5291 -0.0967898 0.189897 
5292 -0.036649 -0.0108202 
5293 -0.0381621 0.0558958 
5294 -0.0389017 0.123171 
5295 -0.0404372 0.190101 
5296 0.0183319 -0.00955072 
5297 0.0179197 0.0567895 
5298 0.0162389 0.123936 
5299 0.0153587 0.190882 
