5000 -0.333558 -0.216422 
5001 -0.333222 -0.0170729 
5002 -0.332924 0.183046 
5003 -0.333301 0.383075 
5004 -0.166785 -0.216223 
5005 -0.166783 -0.0169564 
5006 -0.166883 0.183609 
5007 -0.166255 0.383588 
5008 -0.000302249 -0.216445 
5009 0.000228994 -0.017125 
5010 -0.00023493 0.183132 
5011 2.14362e-05 0.383336 
5012 0.167087 -0.216858 
5013 0.166325 -0.0166602 
5014 0.166281 0.182863 
5015 0.166963 0.383079 
5016 0.333549 -0.216417 
5017 0.333475 -0.0165216 
5018 0.332935 0.183322 
5019 0.333133 0.383316 
5020 -0.311668 -0.190682 
5021 -0.31177 -0.00974945 
5022 -0.311676 0.171187 
5023 -0.312665 0.353089 
5024 -0.159624 -0.190708 
5025 -0.160519 -0.0097268 
5026 -0.1609 0.171487 
5027 -0.161332 0.35295 
5028 -0.00911047 -0.190793 
5029 -0.00961357 -0.00952164 
5030 -0.0097621 0.17171 
5031 -0.00972064 0.353124 
5032 0.142016 -0.18993 
5033 0.14121 -0.00878478 
5034 0.141102 0.171739 
5035 0.141213 0.352746 
5036 0.292187 -0.189383 
5037 0.291997 -0.0092825 
5038 0.291869 0.172109 
5039 0.291211 0.352584 
5040 -0.293286 -0.169656 
5041 -0.294371 -0.00383506 
5042 -0.29517 0.162451 
5043 -0.295353 0.32803 
5044 -0.154648 -0.169093 
5045 -0.155486 -0.00321303 
5046 -0.156563 0.16212 
5047 -0.156519 0.328325 
5048 -0.0170676 -0.16829 
5049 -0.0179639 -0.00242872 
5050 -0.0182849 0.162687 
5051 -0.0189571 0.328026 
5052 0.120246 -0.167494 
5053 0.120561 -0.00240253 
5054 0.120163 0.162743 
5055 0.11921 0.32827 
5056 0.257248 -0.166616 
5057 0.257234 -0.00249606 
5058 0.2573 0.162828 
5059 0.256401 0.328396 
5060 -0.278058 -0.150257 
5061 -0.279172 0.00193696 
5062 -0.28042 0.155102 
5063 -0.2812 0.308494 
5064 -0.151155 -0.149525 
5065 -0.151383 0.00234048 
5066 -0.152232 0.154906 
5067 -0.153876 0.30823 
5068 -0.0241693 -0.148685 
5069 -0.0247147 0.00309394 
5070 -0.025695 0.155598 
5071 -0.025809 0.307916 
5072 0.102928 -0.148273 
5073 0.102046 0.00370871 
5074 0.101836 0.155973 
5075 0.101217 0.30823 
5076 0.228258 -0.147491 
5077 0.227927 0.00448696 
5078 0.228205 0.155779 
5079 0.227073 0.308588 
5080 -0.265745 -0.133815 
5081 -0.267111 0.00716927 
5082 -0.267902 0.148776 
5083 -0.269692 0.29157 
5084 -0.148084 -0.132962 
5085 -0.149071 0.00806083 
5086 -0.149303 0.149411 
5087 -0.150832 0.291246 
5088 -0.0302449 -0.132364 
5089 -0.0311228 0.00812572 
5090 -0.0316032 0.150117 
5091 -0.0327447 0.29149 
5092 0.0869505 -0.131092 
5093 0.0864175 0.00879812 
5094 0.085268 0.150057 
5095 0.0847667 0.291777 
5096 0.203522 -0.130345 
5097 0.20321 0.0103819 
5098 0.203025 0.150805 
5099 0.202593 0.29111 
5100 -0.255712 -0.119992 
5101 -0.256516 0.0122303 
5102 -0.257751 0.145 
5103 -0.25983 0.277328 
5104 -0.14533 -0.11802 
5105 -0.146643 0.0132818 
5106 -0.147113 0.144656 
5107 -0.149129 0.277167 
5108 -0.0355975 -0.117693 
5109 -0.0363715 0.0141782 
5110 -0.0379017 0.145459 
5111 -0.0384771 0.277721 
5112 0.0737648 -0.116338 
5113 0.0726729 0.0149084 
5114 0.0715447 0.145996 
5115 0.070967 0.277305 
5116 0.18159 -0.115429 
5117 0.181519 0.0149286 
5118 0.180608 0.146349 
5119 0.179972 0.277753 
5120 -0.246891 -0.106368 
5121 -0.248142 0.0175852 
5122 -0.249952 0.140995 
5123 -0.25052 0.265107 
5124 -0.14377 -0.105652 
5125 -0.144538 0.0179059 
5126 -0.145432 0.141323 
5127 -0.147165 0.265186 
5128 -0.0409927 -0.104109 
5129 -0.0418199 0.0183688 
5130 -0.0427223 0.141522 
5131 -0.043682 0.265453 
5132 0.0611541 -0.103446 
5133 0.0605657 0.0196102 
5134 0.0596478 0.141769 
5135 0.0591163 0.2656 
5136 0.162745 -0.102099 
5137 0.162458 0.0203017 
5138 0.161652 0.142328 
5139 0.161035 0.265702 
5140 -0.239484 -0.0949121 
5141 -0.240942 0.0217191 
5142 -0.241915 0.138048 
5143 -0.243748 0.255594 
5144 -0.14156 -0.0936948 
5145 -0.14322 0.0224033 
5146 -0.144849 0.138335 
5147 -0.145942 0.25489 
5148 -0.0459052 -0.0919582 
5149 -0.0467082 0.0228104 
5150 -0.0477411 0.138994 
5151 -0.0482338 0.254774 
5152 0.0502144 -0.0911067 
5153 0.0493698 0.0238657 
5154 0.0482624 0.139195 
5155 0.0477332 0.255671 
5156 0.145439 -0.0897987 
5157 0.144548 0.0248867 
5158 0.14399 0.140024 
5159 0.143758 0.255599 
5160 -0.233206 -0.0833931 
5161 -0.234483 0.0265022 
5162 -0.235357 0.136163 
5163 -0.237152 0.246412 
5164 -0.140946 -0.0819765 
5165 -0.142287 0.027151 
5166 -0.143443 0.136626 
5167 -0.145008 0.246914 
5168 -0.0496222 -0.0813309 
5169 -0.0511028 0.0275765 
5170 -0.0522781 0.136829 
5171 -0.053393 0.246678 
5172 0.0402606 -0.079492 
5173 0.0394354 0.027887 
5174 0.0389161 0.137453 
5175 0.0376791 0.246914 
5176 0.129681 -0.0787053 
5177 0.129714 0.0294465 
5178 0.128734 0.137811 
5179 0.127953 0.246654 
5180 -0.227405 -0.0733051 
5181 -0.229132 0.0303576 
5182 -0.230599 0.134901 
5183 -0.231648 0.239627 
5184 -0.140636 -0.0722517 
5185 -0.142001 0.0311987 
5186 -0.143054 0.134869 
5187 -0.143887 0.239166 
5188 -0.0541865 -0.0708597 
5189 -0.0550575 0.0315955 
5190 -0.0566095 0.134962 
5191 -0.0570063 0.238608 
5192 0.0317533 -0.0702358 
5193 0.0302189 0.0321965 
5194 0.0299189 0.135256 
5195 0.0282476 0.238668 
5196 0.116167 -0.0686826 
5197 0.115265 0.0337539 
5198 0.115236 0.135807 
5199 0.11437 0.23883 
5200 -0.221994 -0.0642431 
5201 -0.223777 0.0343329 
5202 -0.225259 0.133397 
5203 -0.226762 0.233169 
5204 -0.140026 -0.0631938 
5205 -0.141576 0.034709 
5206 -0.142285 0.133096 
5207 -0.143646 0.232543 
5208 -0.0578682 -0.0615253 
5209 -0.0592588 0.0358575 
5210 -0.060581 0.13375 
5211 -0.0616845 0.232894 
5212 0.022619 -0.0602458 
5213 0.0217958 0.0362862 
5214 0.0213773 0.133879 
5215 0.020885 0.232727 
5216 0.103566 -0.059389 
5217 0.102378 0.037183 
5218 0.102583 0.134739 
5219 0.101056 0.231976 
5220 -0.218243 -0.0557161 
5221 -0.219591 0.0384726 
5222 -0.221694 0.132745 
5223 -0.222805 0.22709 
5224 -0.139238 -0.0540817 
5225 -0.140959 0.039409 
5226 -0.14191 0.133184 
5227 -0.14334 0.22688 
5228 -0.062147 -0.0530003 
5229 -0.0624797 0.0395172 
5230 -0.0640366 0.13327 
5231 -0.0654206 0.22691 
5232 0.0157631 -0.0521373 
5233 0.0142634 0.0408061 
5234 0.0132258 0.133478 
5235 0.0131221 0.226967 
5236 0.0924018 -0.0507867 
5237 0.0911738 0.0410541 
5238 0.0901768 0.133143 
5239 0.0898418 0.226579 
5240 -0.214766 -0.0471421 
5241 -0.215959 0.0415191 
5242 -0.217755 0.131803 
5243 -0.218869 0.221972 
5244 -0.139548 -0.0459006 
5245 -0.141095 0.0428926 
5246 -0.1421 0.132491 
5247 -0.143207 0.222448 
5248 -0.0656418 -0.0450867 
5249 -0.0661083 0.0435236 
5250 -0.0675449 0.132586 
5251 -0.0681789 0.22225 
5252 0.00859591 -0.0438555 
5253 0.0073683 0.0443586 
5254 0.00612456 0.13231 
5255 0.00597786 0.221637 
5256 0.0810752 -0.042873 
5257 0.0801599 0.0443909 
5258 0.0799929 0.133189 
5259 0.0795264 0.221671 
5260 -0.211531 -0.0394787 
5261 -0.213283 0.0460082 
5262 -0.214233 0.131602 
5263 -0.215853 0.218159 
5264 -0.139609 -0.0391376 
5265 -0.140979 0.04624 
5266 -0.142188 0.13147 
5267 -0.143778 0.217664 
5268 -0.0689454 -0.0379937 
5269 -0.0700023 0.0469104 
5270 -0.0706744 0.132268 
5271 -0.0716553 0.217792 
5272 0.00145818 -0.0370265 
5273 0.000870417 0.047125 
5274 -0.000165891 0.132164 
5275 -0.000482627 0.217141 
5276 0.0707952 -0.0356488 
5277 0.071036 0.048081 
5278 0.0697467 0.132854 
5279 0.0689261 0.217269 
5280 -0.208567 -0.0328285 
5281 -0.210611 0.0495373 
5282 -0.212029 0.131884 
5283 -0.213575 0.214066 
5284 -0.140328 -0.0322082 
5285 -0.140946 0.0495745 
5286 -0.142158 0.132061 
5287 -0.144087 0.213938 
5288 -0.0717162 -0.0307496 
5289 -0.0735867 0.0503362 
5290 -0.0743237 0.131905 
5291 -0.075394 0.214258 
5292 -0.00438743 -0.0293789 
5293 -0.00541927 0.0504813 
5294 -0.00645883 0.13251 
5295 -0.00677425 0.213912 
5296 0.0622716 -0.0286589 
5297 0.0610712 0.0510811 
5298 0.060392 0.131948 
5299 0.0605909 0.214031 
5300 -0.206278 -0.0259415 
5301 -0.208206 0.0521737 
5302 -0.209485 0.131288 
5303 -0.210576 0.210944 
5304 -0.140875 -0.0253965 
5305 -0.141713 0.0530155 
5306 -0.142577 0.131738 
5307 -0.144214 0.211573 
5308 -0.0749824 -0.023758 
5309 -0.0767318 0.0539601 
5310 -0.0770678 0.132038 
5311 -0.078395 0.210824 
5312 -0.0105962 -0.0236547 
5313 -0.0117095 0.0545704 
5314 -0.0123923 0.132027 
5315 -0.0125172 0.210614 
5316 0.0536492 -0.0226032 
5317 0.0526469 0.0545261 
5318 0.0527423 0.132232 
5319 0.0520266 0.210736 
5320 -0.204534 -0.0197275 
5321 -0.205691 0.0562536 
5322 -0.207421 0.131702 
5323 -0.208698 0.208131 
5324 -0.141678 -0.0187864 
5325 -0.141883 0.0562131 
5326 -0.143664 0.132401 
5327 -0.144779 0.208564 
5328 -0.0783129 -0.0180718 
5329 -0.0796112 0.0569648 
5330 -0.0799746 0.13238 
5331 -0.0812656 0.208003 
5332 -0.0168264 -0.0166786 
5333 -0.0167284 0.0575765 
5334 -0.0172969 0.132132 
5335 -0.0182776 0.207978 
5336 0.0456354 -0.0160909 
5337 0.0447357 0.0581127 
5338 0.0438348 0.132747 
5339 0.0439444 0.20682 
5340 -0.202787 -0.0135636 
5341 -0.204442 0.0592539 
5342 -0.205739 0.132285 
5343 -0.206446 0.206486 
5344 -0.141792 -0.0132317 
5345 -0.143174 0.0598748 
5346 -0.143549 0.132905 
5347 -0.145075 0.20567 
5348 -0.0812786 -0.0116434 
5349 -0.0821502 0.0598531 
5350 -0.0835058 0.132882 
5351 -0.0837248 0.205003 
5352 -0.0219793 -0.0111033 
5353 -0.0225 0.0601269 
5354 -0.0227868 0.132461 
5355 -0.023596 0.205345 
5356 0.037732 -0.0107669 
5357 0.0369003 0.0608805 
5358 0.0362534 0.132008 
5359 0.0361012 0.204406 
5360 -0.201943 -0.0075941 
5361 -0.203039 0.0620464 
5362 -0.20406 0.13339 
5363 -0.205223 0.204547 
5364 -0.143037 -0.00715134 
5365 -0.143705 0.0628592 
5366 -0.144937 0.132996 
5367 -0.145981 0.203922 
5368 -0.0847645 -0.00613586 
5369 -0.0847571 0.0625125 
5370 -0.0862661 0.132563 
5371 -0.0868043 0.202914 
5372 -0.0263273 -0.00589146 
5373 -0.0270076 0.063663 
5374 -0.0280842 0.132471 
5375 -0.0287091 0.202353 
5376 0.0303579 -0.00554104 
5377 0.0297672 0.0632832 
5378 0.0293258 0.132428 
5379 0.0288195 0.202288 
5380 -0.200964 -0.0029272 
5381 -0.201164 0.0656308 
5382 -0.202179 0.1335 
5383 -0.204221 0.202499 
5384 -0.144046 -0.00204825 
5385 -0.144813 0.0657229 
5386 -0.14571 0.133485 
5387 -0.146503 0.201401 
5388 -0.0873649 -0.00121554 
5389 -0.0882828 0.0654604 
5390 -0.0889969 0.133624 
5391 -0.0894177 0.201326 
5392 -0.0312268 -0.00112127 
5393 -0.032328 0.0657827 
5394 -0.032945 0.133573 
5395 -0.0333902 0.201167 
5396 0.0228825 0.000183529 
5397 0.0231499 0.0665726 
5398 0.0231947 0.133261 
5399 0.0219824 0.19979 
