5060 -0.333704 -0.216782 
5061 -0.333267 -0.0161992 
5062 -0.333154 0.183768 
5063 -0.333602 0.383803 
5064 -0.166551 -0.216711 
5065 -0.16658 -0.0167369 
5066 -0.166887 0.183131 
5067 -0.166653 0.383803 
5068 0.000343636 -0.216248 
5069 0.000105795 -0.016463 
5070 -0.000394271 0.183177 
5071 -0.000131941 0.383609 
5072 0.166376 -0.216251 
5073 0.166924 -0.016653 
5074 0.166361 0.183106 
5075 0.166515 0.383814 
5076 0.33372 -0.216911 
5077 0.333521 -0.0162824 
5078 0.333071 0.183067 
5079 0.332862 0.383656 
5080 -0.310661 -0.190125 
5081 -0.310745 -0.00875692 
5082 -0.311619 0.172708 
5083 -0.311731 0.353987 
5084 -0.159349 -0.189747 
5085 -0.15959 -0.0087581 
5086 -0.16071 0.172385 
5087 -0.160492 0.354467 
5088 -0.00895425 -0.189785 
5089 -0.0086154 -0.00816096 
5090 -0.00945745 0.172474 
5091 -0.00968906 0.353785 
5092 0.14205 -0.188923 
5093 0.141486 -0.00791957 
5094 0.14145 0.17265 
5095 0.141059 0.35428 
5096 0.292094 -0.188578 
5097 0.292418 -0.00810977 
5098 0.292444 0.173095 
5099 0.292075 0.353426 
5100 -0.292204 -0.167174 
5101 -0.293156 -0.001691 
5102 -0.293276 0.164226 
5103 -0.294575 0.330792 
5104 -0.154151 -0.166248 
5105 -0.154212 -0.000983472 
5106 -0.155006 0.164794 
5107 -0.155721 0.330369 
5108 -0.0160972 -0.165719 
5109 -0.0163964 -0.000972815 
5110 -0.0165948 0.164492 
5111 -0.0175588 0.33011 
5112 0.121771 -0.165142 
5113 0.121381 -0.000158099 
5114 0.121161 0.164927 
5115 0.120888 0.329906 
5116 0.258047 -0.164774 
5117 0.25855 -0.000548716 
5118 0.258114 0.165057 
5119 0.258059 0.330176 
5120 -0.27775 -0.147781 
5121 -0.277675 0.0051945 
5122 -0.279217 0.158079 
5123 -0.279667 0.311094 
5124 -0.150007 -0.146995 
5125 -0.150224 0.00569713 
5126 -0.150904 0.158376 
5127 -0.15191 0.31138 
5128 -0.0226571 -0.146737 
5129 -0.023681 0.00595944 
5130 -0.0239506 0.158249 
5131 -0.0248721 0.310416 
5132 0.103532 -0.145443 
5133 0.102928 0.00620318 
5134 0.102999 0.157834 
5135 0.101973 0.31083 
5136 0.229138 -0.144773 
5137 0.22943 0.00650257 
5138 0.229324 0.157951 
5139 0.228833 0.310786 
5140 -0.264799 -0.130534 
5141 -0.265403 0.0111118 
5142 -0.266401 0.152792 
5143 -0.267432 0.295413 
5144 -0.146855 -0.130031 
5145 -0.147509 0.0115635 
5146 -0.148471 0.152677 
5147 -0.149249 0.294684 
5148 -0.0292059 -0.129443 
5149 -0.0289635 0.011608 
5150 -0.0297831 0.153308 
5151 -0.0306756 0.294969 
5152 0.0878937 -0.128639 
5153 0.0877384 0.011946 
5154 0.0869495 0.152846 
5155 0.0873309 0.294333 
5156 0.205178 -0.127028 
5157 0.204213 0.0126898 
5158 0.204274 0.153242 
5159 0.203756 0.293845 
5160 -0.253851 -0.115768 
5161 -0.255 0.0161027 
5162 -0.256383 0.148833 
5163 -0.256736 0.281868 
5164 -0.14423 -0.114921 
5165 -0.144353 0.0173813 
5166 -0.145161 0.148756 
5167 -0.146091 0.281065 
5168 -0.0343936 -0.113312 
5169 -0.0343948 0.0177377 
5170 -0.035249 0.148917 
5171 -0.0364554 0.281354 
5172 0.0745324 -0.11293 
5173 0.0738026 0.0180807 
5174 0.0733796 0.148941 
5175 0.0728885 0.280984 
5176 0.182794 -0.112219 
5177 0.182378 0.018358 
5178 0.182903 0.149425 
5179 0.182467 0.279986 
5180 -0.244738 -0.101453 
5181 -0.245942 0.0217378 
5182 -0.246747 0.145231 
5183 -0.248208 0.270077 
5184 -0.14134 -0.100887 
5185 -0.142327 0.0220714 
5186 -0.143491 0.145986 
5187 -0.144528 0.269677 
5188 -0.0388091 -0.0996308 
5189 -0.0394184 0.0223157 
5190 -0.0408952 0.145258 
5191 -0.0408194 0.269555 
5192 0.0632971 -0.0987387 
5193 0.0627739 0.0233296 
5194 0.0615496 0.146198 
5195 0.0611137 0.268631 
5196 0.164053 -0.0985372 
5197 0.163949 0.0238101 
5198 0.163079 0.146365 
5199 0.162742 0.268461 
5200 -0.236895 -0.0900062 
5201 -0.238193 0.0261299 
5202 -0.239653 0.142802 
5203 -0.240803 0.260527 
5204 -0.139873 -0.088655 
5205 -0.140965 0.0265825 
5206 -0.142539 0.142942 
5207 -0.143306 0.260212 
5208 -0.0440123 -0.0878774 
5209 -0.0448972 0.0273589 
5210 -0.0450898 0.142855 
5211 -0.0461357 0.259106 
5212 0.0524315 -0.0867815 
5213 0.0510927 0.0284648 
5214 0.0508072 0.143422 
5215 0.0502754 0.258711 
5216 0.147046 -0.0861899 
5217 0.147112 0.0287983 
5218 0.146013 0.143026 
5219 0.146567 0.259294 
5220 -0.230506 -0.0785621 
5221 -0.232009 0.031116 
5222 -0.232979 0.141071 
5223 -0.23443 0.25217 
5224 -0.138636 -0.0770172 
5225 -0.139865 0.0318852 
5226 -0.14135 0.140994 
5227 -0.141903 0.251333 
5228 -0.0478939 -0.0767968 
5229 -0.048334 0.031821 
5230 -0.049887 0.141238 
5231 -0.050694 0.250981 
5232 0.0420307 -0.0756915 
5233 0.0415744 0.0323711 
5234 0.0409759 0.14118 
5235 0.0404433 0.250627 
5236 0.132289 -0.0748439 
5237 0.131484 0.0328897 
5238 0.131318 0.141584 
5239 0.131443 0.250752 
5240 -0.224687 -0.0683283 
5241 -0.226416 0.0358772 
5242 -0.227395 0.139467 
5243 -0.22809 0.244495 
5244 -0.138406 -0.0670355 
5245 -0.139436 0.0358564 
5246 -0.13983 0.139835 
5247 -0.140608 0.24359 
5248 -0.0517257 -0.0662047 
5249 -0.0531944 0.0363892 
5250 -0.0538205 0.140023 
5251 -0.053803 0.244153 
5252 0.0335971 -0.0656248 
5253 0.0323797 0.0366476 
5254 0.0328379 0.139865 
5255 0.031372 0.243272 
5256 0.118116 -0.0647049 
5257 0.118285 0.0371991 
5258 0.118022 0.139515 
5259 0.117257 0.242725 
5260 -0.220361 -0.0581669 
5261 -0.221607 0.0398034 
5262 -0.222145 0.138428 
5263 -0.223737 0.23779 
5264 -0.137768 -0.0575326 
5265 -0.138543 0.0405443 
5266 -0.139942 0.138258 
5267 -0.140618 0.237489 
5268 -0.0559397 -0.0572132 
5269 -0.0564129 0.0409798 
5270 -0.0571392 0.138981 
5271 -0.0575808 0.237353 
5272 0.0249092 -0.0558327 
5273 0.0248555 0.0407653 
5274 0.0238475 0.138819 
5275 0.023879 0.236575 
5276 0.105618 -0.0556923 
5277 0.105033 0.0418627 
5278 0.104939 0.13914 
5279 0.104889 0.236174 
5280 -0.21566 -0.0503384 
5281 -0.217056 0.0433278 
5282 -0.21847 0.137838 
5283 -0.218833 0.232776 
5284 -0.137429 -0.0492234 
5285 -0.137748 0.0436785 
5286 -0.139267 0.137691 
5287 -0.140186 0.231975 
5288 -0.0591591 -0.0480719 
5289 -0.0604068 0.0442073 
5290 -0.0609964 0.137692 
5291 -0.0615474 0.231352 
5292 0.017762 -0.0480342 
5293 0.0174272 0.0445807 
5294 0.0169104 0.138073 
5295 0.0163431 0.231713 
5296 0.0945131 -0.0473303 
5297 0.0934002 0.0447805 
5298 0.0933677 0.13741 
5299 0.0936822 0.231224 
5300 -0.212413 -0.0420467 
5301 -0.212799 0.0473061 
5302 -0.214044 0.137831 
5303 -0.215814 0.228007 
5304 -0.137254 -0.04057 
5305 -0.13837 0.0482901 
5306 -0.138714 0.137618 
5307 -0.139358 0.227044 
5308 -0.0629043 -0.0404665 
5309 -0.0640258 0.0483598 
5310 -0.0640169 0.137289 
5311 -0.06491 0.227211 
5312 0.0106269 -0.0397766 
5313 0.0098839 0.04855 
5314 0.0100051 0.137205 
5315 0.00967818 0.226924 
5316 0.0832319 -0.0388452 
5317 0.0828858 0.0488679 
5318 0.0833523 0.137192 
5319 0.0832809 0.226365 
5320 -0.208652 -0.033853 
5321 -0.210385 0.0511385 
5322 -0.210809 0.137307 
5323 -0.212373 0.223679 
5324 -0.136874 -0.033467 
5325 -0.137865 0.0512696 
5326 -0.138622 0.137229 
5327 -0.139747 0.223119 
5328 -0.0660151 -0.0332047 
5329 -0.0669639 0.0521759 
5330 -0.0679784 0.136826 
5331 -0.0685205 0.222757 
5332 0.00419353 -0.0317658 
5333 0.00342131 0.0516825 
5334 0.00335146 0.136852 
5335 0.00308531 0.222209 
5336 0.0740048 -0.0315019 
5337 0.0735766 0.0527425 
5338 0.0731733 0.136852 
5339 0.0732071 0.22107 
5340 -0.206128 -0.0267147 
5341 -0.206703 0.0549408 
5342 -0.2079 0.136959 
5343 -0.209469 0.220595 
5344 -0.137879 -0.0262414 
5345 -0.137943 0.0554938 
5346 -0.138799 0.137079 
5347 -0.139841 0.219607 
5348 -0.0697394 -0.0260384 
5349 -0.0699421 0.0549567 
5350 -0.0701796 0.136635 
5351 -0.0712533 0.21917 
5352 -0.00186081 -0.0257703 
5353 -0.00270942 0.0550504 
5354 -0.00283353 0.137051 
5355 -0.00336395 0.218425 
5356 0.0643516 -0.0249226 
5357 0.0644951 0.0554338 
5358 0.0643888 0.136136 
5359 0.0644877 0.217763 
5360 -0.203891 -0.0205074 
5361 -0.204843 0.058266 
5362 -0.205249 0.137337 
5363 -0.2061 0.216652 
5364 -0.138392 -0.0195007 
5365 -0.138372 0.058234 
5366 -0.139362 0.137539 
5367 -0.140329 0.216553 
5368 -0.0731594 -0.0195063 
5369 -0.0728858 0.0580522 
5370 -0.0732766 0.136895 
5371 -0.0739584 0.215512 
5372 -0.00779738 -0.0190304 
5373 -0.00849014 0.0590283 
5374 -0.00827567 0.136737 
5375 -0.00875991 0.214915 
5376 0.0555365 -0.018827 
5377 0.056072 0.0589114 
5378 0.0561071 0.136 
5379 0.0554489 0.214322 
5380 -0.20161 -0.0139972 
5381 -0.202918 0.0615763 
5382 -0.203135 0.137488 
5383 -0.204167 0.213677 
5384 -0.138523 -0.0131448 
5385 -0.139488 0.0619779 
5386 -0.14 0.137037 
5387 -0.140602 0.213122 
5388 -0.0756276 -0.0128413 
5389 -0.0762128 0.0612276 
5390 -0.0764574 0.136676 
5391 -0.0772468 0.213087 
5392 -0.0134744 -0.0126179 
5393 -0.0143409 0.0615753 
5394 -0.0142422 0.136415 
5395 -0.014356 0.211995 
5396 0.0476559 -0.0121769 
5397 0.0472632 0.0619429 
5398 0.0476086 0.135804 
5399 0.0475157 0.210943 
5400 -0.199792 -0.00776576 
5401 -0.20108 0.0642753 
5402 -0.201719 0.13775 
5403 -0.202213 0.211945 
5404 -0.139364 -0.00752877 
5405 -0.139829 0.0642732 
5406 -0.139811 0.137656 
5407 -0.140855 0.210767 
5408 -0.0784639 -0.00749417 
5409 -0.0789652 0.0641399 
5410 -0.0796502 0.13661 
5411 -0.0799922 0.210242 
5412 -0.0191005 -0.00666704 
5413 -0.019148 0.0647052 
5414 -0.0187995 0.136145 
5415 -0.0189422 0.209326 
5416 0.040134 -0.00638897 
5417 0.040346 0.0647212 
5418 0.0405181 0.135728 
5419 0.040385 0.208575 
5420 -0.198933 -0.0021067 
5421 -0.199845 0.068078 
5422 -0.199891 0.137897 
5423 -0.200454 0.209718 
5424 -0.13999 -0.00235084 
5425 -0.140427 0.0670898 
5426 -0.140635 0.137449 
5427 -0.141252 0.208484 
5428 -0.0814797 -0.0019495 
5429 -0.0819566 0.066954 
5430 -0.0818033 0.137523 
5431 -0.0822753 0.207398 
5432 -0.0236957 -0.0018168 
5433 -0.0241307 0.0672337 
5434 -0.0239858 0.136902 
5435 -0.0240524 0.207113 
5436 0.0331894 -0.00163808 
5437 0.0326079 0.0669365 
5438 0.0336478 0.136586 
5439 0.0335611 0.205523 
5440 -0.197905 0.00328128 
5441 -0.197842 0.0708492 
5442 -0.198198 0.138448 
5443 -0.199345 0.207424 
5444 -0.140281 0.00272555 
5445 -0.141535 0.0707341 
5446 -0.141877 0.138623 
5447 -0.141933 0.20684 
5448 -0.0846224 0.00306321 
5449 -0.0844514 0.0704837 
5450 -0.0847284 0.137781 
5451 -0.0847977 0.205161 
5452 -0.0284143 0.00344116 
5453 -0.0293577 0.0701606 
5454 -0.0289734 0.137054 
5455 -0.0292995 0.204743 
5456 0.0264649 0.00391325 
5457 0.0267821 0.0696752 
5458 0.026806 0.13616 
5459 0.0271076 0.203961 
