5100 -0.333829 -0.216926 
5101 -0.332995 -0.0169373 
5102 -0.333385 0.183055 
5103 -0.333725 0.38342 
5104 -0.166946 -0.216636 
5105 -0.166881 -0.0167637 
5106 -0.166979 0.183524 
5107 -0.166388 0.382933 
5108 0.000431092 -0.216787 
5109 -0.000166147 -0.0165932 
5110 -0.000244113 0.18378 
5111 -0.000158057 0.38349 
5112 0.166953 -0.217052 
5113 0.166905 -0.0169996 
5114 0.166784 0.183786 
5115 0.166755 0.383488 
5116 0.333395 -0.216371 
5117 0.333636 -0.0167107 
5118 0.333008 0.183401 
5119 0.333099 0.383328 
5120 -0.310235 -0.18931 
5121 -0.311078 -0.00814148 
5122 -0.311623 0.173317 
5123 -0.311303 0.355034 
5124 -0.159299 -0.188527 
5125 -0.159303 -0.00817047 
5126 -0.160272 0.173334 
5127 -0.160614 0.354607 
5128 -0.00804294 -0.188167 
5129 -0.00845979 -0.00797591 
5130 -0.0088795 0.173275 
5131 -0.00849493 0.354875 
5132 0.142162 -0.188564 
5133 0.142229 -0.00788842 
5134 0.142489 0.173129 
5135 0.141701 0.354844 
5136 0.292411 -0.187663 
5137 0.292958 -0.00716062 
5138 0.292185 0.173868 
5139 0.29282 0.354778 
5140 -0.292042 -0.165606 
5141 -0.292016 -8.12611e-05 
5142 -0.293383 0.166047 
5143 -0.293204 0.33182 
5144 -0.153463 -0.165346 
5145 -0.154269 -0.000555144 
5146 -0.154235 0.165548 
5147 -0.154488 0.331371 
5148 -0.0159221 -0.165241 
5149 -0.0161148 0.000166067 
5150 -0.0162806 0.16593 
5151 -0.0168201 0.331098 
5152 0.12142 -0.164754 
5153 0.122043 0.000420725 
5154 0.121405 0.165657 
5155 0.120867 0.331408 
5156 0.259053 -0.163743 
5157 0.258495 0.000260407 
5158 0.258682 0.165955 
5159 0.25864 0.33106 
5160 -0.276785 -0.146075 
5161 -0.277738 0.00701771 
5162 -0.277662 0.159899 
5163 -0.279153 0.313124 
5164 -0.148866 -0.145817 
5165 -0.149221 0.00705387 
5166 -0.149863 0.160021 
5167 -0.150984 0.31278 
5168 -0.0226483 -0.144906 
5169 -0.0222241 0.00711269 
5170 -0.0228467 0.159694 
5171 -0.0237802 0.312372 
5172 0.104207 -0.143967 
5173 0.104322 0.00722142 
5174 0.103329 0.160035 
5175 0.103895 0.312284 
5176 0.230023 -0.143128 
5177 0.229689 0.0077251 
5178 0.230072 0.16003 
5179 0.230165 0.311863 
5180 -0.263554 -0.128954 
5181 -0.264167 0.0127199 
5182 -0.265109 0.154977 
5183 -0.266174 0.29722 
5184 -0.145559 -0.127776 
5185 -0.146745 0.0132243 
5186 -0.146864 0.155078 
5187 -0.147196 0.296995 
5188 -0.027875 -0.127033 
5189 -0.0280604 0.013753 
5190 -0.0286731 0.154329 
5191 -0.0298298 0.296564 
5192 0.0895257 -0.126158 
5193 0.0882818 0.0142038 
5194 0.0889607 0.155127 
5195 0.0885821 0.295656 
5196 0.205508 -0.126033 
5197 0.205022 0.0147777 
5198 0.205495 0.154744 
5199 0.205281 0.295438 
5200 -0.252831 -0.113532 
5201 -0.254125 0.0186066 
5202 -0.254968 0.151388 
5203 -0.255964 0.283285 
5204 -0.14291 -0.111862 
5205 -0.143288 0.0192223 
5206 -0.144079 0.151461 
5207 -0.145002 0.28373 
5208 -0.0328927 -0.111289 
5209 -0.0338583 0.0192806 
5210 -0.03381 0.151377 
5211 -0.0345676 0.283254 
5212 0.0752081 -0.110559 
5213 0.0750483 0.0193803 
5214 0.0754685 0.151443 
5215 0.0747594 0.28221 
5216 0.184478 -0.109745 
5217 0.183947 0.0200142 
5218 0.183362 0.15104 
5219 0.183789 0.281811 
5220 -0.243456 -0.0994151 
5221 -0.244314 0.0240026 
5222 -0.246147 0.147695 
5223 -0.246171 0.272284 
5224 -0.140617 -0.0982648 
5225 -0.140904 0.0241984 
5226 -0.141762 0.148169 
5227 -0.142768 0.271759 
5228 -0.0379062 -0.0978913 
5229 -0.0390332 0.0243527 
5230 -0.0392662 0.148103 
5231 -0.0398155 0.271937 
5232 0.0638471 -0.0973896 
5233 0.0636011 0.0251014 
5234 0.062981 0.148098 
5235 0.0626761 0.270838 
5236 0.165354 -0.0961588 
5237 0.165402 0.026022 
5238 0.164998 0.147608 
5239 0.165169 0.270512 
5240 -0.235659 -0.0872009 
5241 -0.236561 0.0292147 
5242 -0.237962 0.14531 
5243 -0.238616 0.263264 
5244 -0.138562 -0.0856276 
5245 -0.139767 0.0299548 
5246 -0.139956 0.145593 
5247 -0.140797 0.262721 
5248 -0.0425302 -0.0857325 
5249 -0.0429326 0.0303132 
5250 -0.0435849 0.145645 
5251 -0.0442251 0.262072 
5252 0.0528773 -0.0850847 
5253 0.0531246 0.0302098 
5254 0.0521364 0.145538 
5255 0.0525774 0.261156 
5256 0.148573 -0.0843031 
5257 0.147773 0.0307321 
5258 0.148477 0.145168 
5259 0.147449 0.261354 
5260 -0.229648 -0.075781 
5261 -0.229865 0.034464 
5262 -0.231414 0.143681 
5263 -0.232607 0.254212 
5264 -0.138062 -0.0743431 
5265 -0.138258 0.0344934 
5266 -0.139347 0.143928 
5267 -0.139694 0.254268 
5268 -0.0466515 -0.0742896 
5269 -0.046938 0.0349106 
5270 -0.0482373 0.143374 
5271 -0.0478968 0.253448 
5272 0.0431394 -0.0736249 
5273 0.0429353 0.0347974 
5274 0.0424561 0.143794 
5275 0.0424281 0.252471 
5276 0.133512 -0.0725378 
5277 0.133502 0.0350801 
5278 0.132618 0.143538 
5279 0.132495 0.252596 
5280 -0.223671 -0.0648652 
5281 -0.224565 0.0384874 
5282 -0.225617 0.143106 
5283 -0.225923 0.246899 
5284 -0.136585 -0.0646617 
5285 -0.137768 0.0385249 
5286 -0.138312 0.14251 
5287 -0.13857 0.246552 
5288 -0.0511046 -0.0642305 
5289 -0.0508367 0.0390313 
5290 -0.0511821 0.141891 
5291 -0.051803 0.245747 
5292 0.0349693 -0.0627687 
5293 0.0344703 0.0387767 
5294 0.0346372 0.142182 
5295 0.0334686 0.245313 
5296 0.119332 -0.0624254 
5297 0.119542 0.0396757 
5298 0.119035 0.142291 
5299 0.119023 0.245233 
5300 -0.218105 -0.0558146 
5301 -0.219147 0.0429361 
5302 -0.219938 0.141769 
5303 -0.221681 0.240825 
5304 -0.136446 -0.0549428 
5305 -0.13679 0.0426381 
5306 -0.137905 0.141855 
5307 -0.138478 0.240256 
5308 -0.0548432 -0.0547637 
5309 -0.0545949 0.0431516 
5310 -0.0553545 0.141381 
5311 -0.0562512 0.239397 
5312 0.0265335 -0.0538592 
5313 0.0266872 0.0435933 
5314 0.026103 0.14141 
5315 0.0261134 0.238776 
5316 0.107017 -0.0535732 
5317 0.106492 0.0434586 
5318 0.106559 0.141211 
5319 0.106452 0.238756 
5320 -0.213893 -0.046568 
5321 -0.21538 0.0464686 
5322 -0.215691 0.14119 
5323 -0.217172 0.235609 
5324 -0.135821 -0.0467748 
5325 -0.136066 0.0465106 
5326 -0.136646 0.141088 
5327 -0.137465 0.235383 
5328 -0.0582456 -0.0461899 
5329 -0.0586044 0.0469887 
5330 -0.0585024 0.140811 
5331 -0.0588887 0.233935 
5332 0.0186325 -0.0447953 
5333 0.0193127 0.0468618 
5334 0.0188684 0.140362 
5335 0.0186407 0.233182 
5336 0.0957318 -0.0445654 
5337 0.0955646 0.046883 
5338 0.0955918 0.140354 
5339 0.0957108 0.232744 
5340 -0.21002 -0.0385102 
5341 -0.211094 0.0502497 
5342 -0.212211 0.14027 
5343 -0.213237 0.23071 
5344 -0.135723 -0.0379245 
5345 -0.136132 0.0509758 
5346 -0.136264 0.139818 
5347 -0.137357 0.230213 
5348 -0.0619276 -0.0377291 
5349 -0.0621904 0.0506309 
5350 -0.0619341 0.140292 
5351 -0.062681 0.228941 
5352 0.011889 -0.0376719 
5353 0.0115038 0.0511735 
5354 0.0116416 0.139922 
5355 0.0117435 0.228664 
5356 0.0848408 -0.0363893 
5357 0.0847029 0.0506919 
5358 0.0850678 0.139231 
5359 0.0855878 0.227433 
5360 -0.207204 -0.0311744 
5361 -0.208192 0.0543073 
5362 -0.208219 0.140348 
5363 -0.209115 0.226592 
5364 -0.136119 -0.0305299 
5365 -0.136063 0.0542654 
5366 -0.137151 0.140108 
5367 -0.136985 0.225506 
5368 -0.0648923 -0.0306144 
5369 -0.0654698 0.0538718 
5370 -0.065568 0.13904 
5371 -0.0653531 0.225235 
5372 0.00511426 -0.0299715 
5373 0.00515488 0.0539515 
5374 0.00551296 0.138642 
5375 0.00540974 0.224259 
5376 0.0753287 -0.0292812 
5377 0.0754668 0.0542025 
5378 0.0751956 0.138839 
5379 0.0750602 0.223278 
5380 -0.204607 -0.0238971 
5381 -0.20517 0.0581512 
5382 -0.206199 0.139973 
5383 -0.206256 0.222909 
5384 -0.135804 -0.0235114 
5385 -0.135956 0.0573833 
5386 -0.13664 0.139839 
5387 -0.136902 0.221844 
5388 -0.0681125 -0.0231376 
5389 -0.0683683 0.0573844 
5390 -0.0684997 0.138791 
5391 -0.0681209 0.221731 
5392 -0.000391137 -0.0231123 
5393 -0.000978875 0.0572435 
5394 -0.000712387 0.138515 
5395 -0.000293785 0.220251 
5396 0.0662602 -0.0229764 
5397 0.0659657 0.0577021 
5398 0.065873 0.137903 
5399 0.0670155 0.219659 
5400 -0.202261 -0.0169566 
5401 -0.2025 0.0611491 
5402 -0.203484 0.140545 
5403 -0.20354 0.220143 
5404 -0.135913 -0.017473 
5405 -0.136154 0.0607386 
5406 -0.137382 0.139902 
5407 -0.136902 0.218693 
5408 -0.0713476 -0.0167297 
5409 -0.0707187 0.0608867 
5410 -0.0713231 0.13912 
5411 -0.0712268 0.218067 
5412 -0.00688189 -0.0162458 
5413 -0.00611687 0.0604148 
5414 -0.00686441 0.138466 
5415 -0.00678983 0.216535 
5416 0.0572204 -0.0167374 
5417 0.0574403 0.0609334 
5418 0.0584517 0.137987 
5419 0.058377 0.215833 
5420 -0.199747 -0.0110727 
5421 -0.200668 0.0639459 
5422 -0.200581 0.140714 
5423 -0.201366 0.216489 
5424 -0.136843 -0.0112276 
5425 -0.136963 0.064243 
5426 -0.137675 0.139841 
5427 -0.138016 0.216273 
5428 -0.0744477 -0.0107303 
5429 -0.0740862 0.0639147 
5430 -0.0738797 0.139138 
5431 -0.0745143 0.214658 
5432 -0.0120732 -0.0103552 
5433 -0.0120424 0.0640973 
5434 -0.0117696 0.138461 
5435 -0.0113428 0.21393 
5436 0.0492423 -0.0110762 
5437 0.049557 0.0633072 
5438 0.050386 0.137888 
5439 0.0502334 0.212804 
5440 -0.198331 -0.00511163 
5441 -0.199104 0.0674477 
5442 -0.199217 0.140525 
5443 -0.199868 0.214697 
5444 -0.137295 -0.0057631 
5445 -0.1376 0.0673271 
5446 -0.137673 0.140035 
5447 -0.138241 0.213313 
5448 -0.0769929 -0.00479838 
5449 -0.0770085 0.0665078 
5450 -0.0767782 0.139149 
5451 -0.0770991 0.212203 
5452 -0.0176565 -0.00533995 
5453 -0.0166103 0.0667303 
5454 -0.0167709 0.138273 
5455 -0.0170096 0.21081 
5456 0.0422293 -0.00546308 
5457 0.0419899 0.0663285 
5458 0.0423883 0.137966 
5459 0.0430607 0.21006 
5460 -0.197169 0.000614269 
5461 -0.197168 0.0699797 
5462 -0.197675 0.1405 
5463 -0.197286 0.211794 
5464 -0.138174 -0.000318976 
5465 -0.138462 0.0696303 
5466 -0.13787 0.140021 
5467 -0.138779 0.210599 
5468 -0.0796136 0.000228096 
5469 -0.0794979 0.0694434 
5470 -0.080121 0.139047 
5471 -0.0790645 0.210092 
5472 -0.0227682 0.000425067 
5473 -0.0217621 0.068846 
5474 -0.0219598 0.138492 
5475 -0.02127 0.208232 
5476 0.0347361 0.000450252 
5477 0.0350086 0.0686104 
5478 0.0354635 0.138041 
5479 0.0360372 0.206902 
5480 -0.195235 0.00536333 
5481 -0.196217 0.0727024 
5482 -0.195551 0.140934 
5483 -0.195739 0.210311 
5484 -0.138704 0.00552601 
5485 -0.139244 0.0729011 
5486 -0.138482 0.14028 
5487 -0.138404 0.20864 
5488 -0.082406 0.00528926 
5489 -0.0821896 0.0719459 
5490 -0.0820575 0.138998 
5491 -0.0825581 0.207383 
5492 -0.0266594 0.00481669 
5493 -0.0268666 0.0715429 
5494 -0.0266653 0.139069 
5495 -0.0257617 0.205763 
5496 0.0280699 0.00434628 
5497 0.0287465 0.0709789 
5498 0.0290932 0.138131 
5499 0.0297252 0.204577 
