5180 -0.333754 -0.217058 
5181 -0.333281 -0.016714 
5182 -0.333626 0.183527 
5183 -0.333516 0.383234 
5184 -0.166849 -0.217046 
5185 -0.166294 -0.0166859 
5186 -0.166628 0.183186 
5187 -0.167097 0.383822 
5188 -0.000324507 -0.217091 
5189 1.51038e-05 -0.016238 
5190 -0.000278819 0.183119 
5191 4.53049e-05 0.383346 
5192 0.166789 -0.216697 
5193 0.167039 -0.0168691 
5194 0.166933 0.182871 
5195 0.166682 0.383429 
5196 0.333175 -0.217011 
5197 0.332913 -0.016211 
5198 0.333544 0.183259 
5199 0.33364 0.38331 
5200 -0.309571 -0.187789 
5201 -0.309853 -0.00698027 
5202 -0.310625 0.174656 
5203 -0.310705 0.35573 
5204 -0.15899 -0.188335 
5205 -0.159299 -0.00663826 
5206 -0.158904 0.174509 
5207 -0.159452 0.355468 
5208 -0.00806621 -0.187776 
5209 -0.00771415 -0.0068862 
5210 -0.0085536 0.174372 
5211 -0.00824745 0.356083 
5212 0.143182 -0.187186 
5213 0.143044 -0.00676452 
5214 0.142408 0.174715 
5215 0.14239 0.355488 
5216 0.293503 -0.187012 
5217 0.29296 -0.00686212 
5218 0.292958 0.173804 
5219 0.293179 0.355046 
5220 -0.290717 -0.163916 
5221 -0.29169 0.00161224 
5222 -0.291669 0.167411 
5223 -0.291949 0.333952 
5224 -0.152285 -0.163308 
5225 -0.153312 0.0019225 
5226 -0.152728 0.167996 
5227 -0.153262 0.333539 
5228 -0.0145591 -0.163208 
5229 -0.0151978 0.00176536 
5230 -0.0152211 0.166928 
5231 -0.0147542 0.33307 
5232 0.122783 -0.162591 
5233 0.12303 0.00219507 
5234 0.123062 0.167517 
5235 0.122254 0.332664 
5236 0.259192 -0.162157 
5237 0.260234 0.00261647 
5238 0.260038 0.167568 
5239 0.260091 0.331955 
5240 -0.275502 -0.142749 
5241 -0.275909 0.00885483 
5242 -0.276637 0.162682 
5243 -0.276659 0.315174 
5244 -0.147902 -0.142873 
5245 -0.147815 0.00945879 
5246 -0.148334 0.16176 
5247 -0.149009 0.314753 
5248 -0.0213178 -0.142189 
5249 -0.0211883 0.00960723 
5250 -0.0215134 0.161751 
5251 -0.0211113 0.314986 
5252 0.105446 -0.142019 
5253 0.105379 0.00931593 
5254 0.105294 0.16152 
5255 0.105299 0.313838 
5256 0.231585 -0.141892 
5257 0.231408 0.00987192 
5258 0.231706 0.161686 
5259 0.231812 0.313586 
5260 -0.261927 -0.125219 
5261 -0.262664 0.0158755 
5262 -0.263209 0.158038 
5263 -0.263418 0.299894 
5264 -0.144154 -0.124628 
5265 -0.143988 0.0160346 
5266 -0.144402 0.157455 
5267 -0.145439 0.299701 
5268 -0.0263581 -0.124776 
5269 -0.0266206 0.0165634 
5270 -0.0264328 0.157505 
5271 -0.0270199 0.29882 
5272 0.091057 -0.12407 
5273 0.0904802 0.0165944 
5274 0.0910027 0.157362 
5275 0.0901416 0.298193 
5276 0.207024 -0.123608 
5277 0.207112 0.0165739 
5278 0.207723 0.156889 
5279 0.207365 0.298271 
5280 -0.250653 -0.10905 
5281 -0.251165 0.0221745 
5282 -0.25227 0.154699 
5283 -0.252426 0.28691 
5284 -0.140417 -0.108643 
5285 -0.141132 0.0221242 
5286 -0.141735 0.15405 
5287 -0.141919 0.286789 
5288 -0.0313198 -0.108063 
5289 -0.0316311 0.0224303 
5290 -0.0315689 0.154295 
5291 -0.0321867 0.285905 
5292 0.0775968 -0.108405 
5293 0.0771931 0.0226502 
5294 0.0777212 0.153224 
5295 0.0773528 0.28537 
5296 0.185923 -0.10755 
5297 0.18619 0.0224636 
5298 0.186274 0.153667 
5299 0.186208 0.284163 
5300 -0.241407 -0.0956307 
5301 -0.242105 0.0283672 
5302 -0.242817 0.152009 
5303 -0.242785 0.276092 
5304 -0.138735 -0.0949441 
5305 -0.138971 0.0279994 
5306 -0.139086 0.151694 
5307 -0.139521 0.275889 
5308 -0.0360978 -0.0947464 
5309 -0.0358911 0.0283551 
5310 -0.0362767 0.151326 
5311 -0.0359744 0.274375 
5312 0.0662379 -0.0940592 
5313 0.0659581 0.028074 
5314 0.0655846 0.151235 
5315 0.0660705 0.273941 
5316 0.167383 -0.0936069 
5317 0.167455 0.0278896 
5318 0.167744 0.150705 
5319 0.168352 0.273003 
5320 -0.233986 -0.0823265 
5321 -0.234189 0.0330186 
5322 -0.234212 0.149518 
5323 -0.234977 0.26649 
5324 -0.136802 -0.0820255 
5325 -0.136899 0.0331205 
5326 -0.137176 0.149453 
5327 -0.137565 0.265876 
5328 -0.0403434 -0.0816239 
5329 -0.0403047 0.0331107 
5330 -0.0402283 0.148941 
5331 -0.0403117 0.265362 
5332 0.0549433 -0.0814497 
5333 0.0552753 0.0337357 
5334 0.0561057 0.148645 
5335 0.0557107 0.264487 
5336 0.150217 -0.0808027 
5337 0.150874 0.032988 
5338 0.150629 0.14847 
5339 0.151734 0.263438 
5340 -0.226529 -0.0706734 
5341 -0.227558 0.038403 
5342 -0.227725 0.147871 
5343 -0.228134 0.259098 
5344 -0.135247 -0.0705618 
5345 -0.134976 0.0385529 
5346 -0.135705 0.147666 
5347 -0.136403 0.257922 
5348 -0.0440894 -0.0704767 
5349 -0.0442038 0.03795 
5350 -0.0447636 0.147629 
5351 -0.0439416 0.25688 
5352 0.0458191 -0.0700233 
5353 0.0461177 0.0381626 
5354 0.0461484 0.14666 
5355 0.0466245 0.256126 
5356 0.135364 -0.0697708 
5357 0.136027 0.0376938 
5358 0.136312 0.145758 
5359 0.13667 0.254827 
5360 -0.221115 -0.060207 
5361 -0.22165 0.0432178 
5362 -0.221204 0.147348 
5363 -0.221814 0.251561 
5364 -0.133822 -0.0600959 
5365 -0.134674 0.0429963 
5366 -0.134573 0.146159 
5367 -0.134223 0.250815 
5368 -0.0478122 -0.0599589 
5369 -0.0484119 0.0421744 
5370 -0.0480789 0.145947 
5371 -0.0482094 0.249383 
5372 0.0370271 -0.0595628 
5373 0.0374589 0.0419625 
5374 0.0372485 0.144904 
5375 0.0379932 0.24808 
5376 0.121568 -0.0593982 
5377 0.122646 0.0422349 
5378 0.122352 0.144748 
5379 0.12286 0.24708 
5380 -0.216041 -0.0512278 
5381 -0.215803 0.0472265 
5382 -0.216445 0.14586 
5383 -0.216347 0.245463 
5384 -0.133207 -0.0512869 
5385 -0.133288 0.0468558 
5386 -0.133388 0.145032 
5387 -0.13403 0.24375 
5388 -0.0515705 -0.0507605 
5389 -0.0520492 0.0462712 
5390 -0.0510687 0.144659 
5391 -0.0513062 0.243425 
5392 0.0290569 -0.0509985 
5393 0.0292586 0.046436 
5394 0.0296299 0.144366 
5395 0.0300699 0.241551 
5396 0.109693 -0.0503682 
5397 0.110074 0.0464489 
5398 0.110987 0.143515 
5399 0.110928 0.24096 
5400 -0.211043 -0.0429236 
5401 -0.211952 0.0514049 
5402 -0.211493 0.145193 
5403 -0.212393 0.239653 
5404 -0.133135 -0.0419248 
5405 -0.133101 0.0508205 
5406 -0.133044 0.144143 
5407 -0.133256 0.2387 
5408 -0.0555848 -0.0426272 
5409 -0.0548901 0.0508917 
5410 -0.0550236 0.143836 
5411 -0.0544412 0.237264 
5412 0.0218231 -0.0423679 
5413 0.0218603 0.05036 
5414 0.0229599 0.142926 
5415 0.0231447 0.236124 
5416 0.0985621 -0.0423792 
5417 0.0985379 0.0501895 
5418 0.0991864 0.141924 
5419 0.0994933 0.235315 
5420 -0.206978 -0.0341642 
5421 -0.207689 0.0546875 
5422 -0.20784 0.144609 
5423 -0.208038 0.234653 
5424 -0.132917 -0.0347639 
5425 -0.132939 0.0540423 
5426 -0.132209 0.143984 
5427 -0.132221 0.234183 
5428 -0.0582542 -0.0347073 
5429 -0.0583505 0.0543696 
5430 -0.0583165 0.142713 
5431 -0.0575248 0.232546 
5432 0.0147235 -0.0341646 
5433 0.0148943 0.0536786 
5434 0.015636 0.142256 
5435 0.0164056 0.230846 
5436 0.0881826 -0.0347527 
5437 0.0887793 0.0527761 
5438 0.0892342 0.140883 
5439 0.0892715 0.229859 
5440 -0.203893 -0.0271182 
5441 -0.203879 0.0585244 
5442 -0.203973 0.143986 
5443 -0.203986 0.230284 
5444 -0.132875 -0.0266745 
5445 -0.132693 0.0576036 
5446 -0.132693 0.143022 
5447 -0.131974 0.229545 
5448 -0.0617989 -0.0274231 
5449 -0.0617617 0.0568809 
5450 -0.0614907 0.142428 
5451 -0.0603236 0.227973 
5452 0.00893559 -0.0271784 
5453 0.00888891 0.0570776 
5454 0.00939989 0.141015 
5455 0.0103085 0.226988 
5456 0.0780748 -0.0276997 
5457 0.078836 0.0564895 
5458 0.0798404 0.140683 
5459 0.0798489 0.225122 
5460 -0.201585 -0.0203313 
5461 -0.201036 0.0615154 
5462 -0.201632 0.144457 
5463 -0.200773 0.227202 
5464 -0.133089 -0.0199507 
5465 -0.132179 0.0611032 
5466 -0.132151 0.143328 
5467 -0.132106 0.22557 
5468 -0.0650481 -0.0208133 
5469 -0.0644026 0.0607559 
5470 -0.064409 0.142016 
5471 -0.0634931 0.224073 
5472 0.00236014 -0.0202592 
5473 0.003111 0.0597998 
5474 0.00321934 0.140796 
5475 0.00445683 0.222331 
5476 0.0693215 -0.0205203 
5477 0.0700532 0.0592275 
5478 0.071032 0.139512 
5479 0.0711703 0.221407 
5480 -0.198456 -0.0132206 
5481 -0.198959 0.0649593 
5482 -0.198271 0.143517 
5483 -0.198624 0.223504 
5484 -0.133379 -0.0136433 
5485 -0.132567 0.0636745 
5486 -0.132411 0.142245 
5487 -0.132072 0.22222 
5488 -0.0677347 -0.0140626 
5489 -0.0673764 0.0634741 
5490 -0.0669959 0.141941 
5491 -0.0666104 0.220084 
5492 -0.00304385 -0.0142455 
5493 -0.0024031 0.0628615 
5494 -0.001718 0.140216 
5495 -0.000807872 0.218962 
5496 0.0605091 -0.0147245 
5497 0.0612976 0.0616405 
5498 0.0618644 0.138952 
5499 0.06334 0.21695 
5500 -0.196558 -0.00812254 
5501 -0.196469 0.0677409 
5502 -0.196612 0.143916 
5503 -0.196467 0.219929 
5504 -0.133302 -0.00795009 
5505 -0.133122 0.0665352 
5506 -0.132465 0.142131 
5507 -0.132418 0.218267 
5508 -0.0711543 -0.00882584 
5509 -0.0699137 0.0663548 
5510 -0.0694294 0.140919 
5511 -0.0685704 0.217002 
5512 -0.00843292 -0.00847238 
5513 -0.0081079 0.0651802 
5514 -0.00682038 0.139794 
5515 -0.00628843 0.215452 
5516 0.0522474 -0.00986979 
5517 0.0534882 0.0647613 
5518 0.0540641 0.139254 
5519 0.055885 0.213592 
5520 -0.194828 -0.00259828 
5521 -0.194098 0.0708769 
5522 -0.193884 0.143353 
5523 -0.193989 0.216963 
5524 -0.134037 -0.00307179 
5525 -0.133545 0.0696314 
5526 -0.13258 0.142553 
5527 -0.132586 0.215621 
5528 -0.073773 -0.00317178 
5529 -0.0734093 0.0684153 
5530 -0.0722239 0.141156 
5531 -0.0718274 0.214158 
5532 -0.0139235 -0.00359952 
5533 -0.0133801 0.0678109 
5534 -0.011949 0.139403 
5535 -0.0109123 0.212299 
5536 0.0454758 -0.00377989 
5537 0.0461602 0.0664578 
5538 0.0473062 0.138531 
5539 0.0485125 0.210854 
5540 -0.193005 0.00338196 
5541 -0.193198 0.0726426 
5542 -0.192787 0.143921 
5543 -0.191809 0.214316 
5544 -0.134758 0.00255631 
5545 -0.13369 0.0721635 
5546 -0.133815 0.141806 
5547 -0.132573 0.212674 
5548 -0.0767451 0.00159311 
5549 -0.0753778 0.0713662 
5550 -0.074392 0.140656 
5551 -0.0742771 0.210649 
5552 -0.0186221 0.000866221 
5553 -0.0183317 0.0702579 
5554 -0.016671 0.139401 
5555 -0.0158484 0.209425 
5556 0.0379491 0.00101666 
5557 0.0388163 0.0686813 
5558 0.0405527 0.13808 
5559 0.0416116 0.207571 
5560 -0.191586 0.00742146 
5561 -0.191504 0.0757301 
5562 -0.190759 0.143867 
5563 -0.190537 0.212235 
5564 -0.135107 0.0073097 
5565 -0.134171 0.0740657 
5566 -0.1343 0.141759 
5567 -0.133559 0.210031 
5568 -0.0795585 0.0061375 
5569 -0.0784198 0.0733674 
5570 -0.0771978 0.140688 
5571 -0.0769305 0.20876 
5572 -0.0237329 0.00595009 
5573 -0.022583 0.0724919 
5574 -0.0219682 0.138913 
5575 -0.0209027 0.206566 
5576 0.0315472 0.00466317 
5577 0.0326235 0.0712406 
5578 0.033186 0.138142 
5579 0.0352613 0.204657 
