5200 -0.333762 -0.21651 
5201 -0.333337 -0.0170207 
5202 -0.333041 0.183485 
5203 -0.333221 0.382972 
5204 -0.166799 -0.216747 
5205 -0.166365 -0.0167304 
5206 -0.166713 0.182892 
5207 -0.166357 0.383577 
5208 -0.000401202 -0.216272 
5209 6.02742e-05 -0.0163238 
5210 0.000317024 0.183214 
5211 -0.000101367 0.383306 
5212 0.166974 -0.216658 
5213 0.166537 -0.0163595 
5214 0.166195 0.183319 
5215 0.166867 0.382879 
5216 0.333336 -0.216833 
5217 0.333246 -0.0171452 
5218 0.332939 0.183756 
5219 0.333534 0.383458 
5220 -0.309583 -0.187383 
5221 -0.310418 -0.00654785 
5222 -0.310266 0.174284 
5223 -0.310159 0.356612 
5224 -0.158353 -0.187707 
5225 -0.159024 -0.00675459 
5226 -0.159138 0.174477 
5227 -0.158668 0.356431 
5228 -0.00797978 -0.187607 
5229 -0.00774424 -0.0069846 
5230 -0.00813184 0.175002 
5231 -0.00820589 0.355543 
5232 0.143319 -0.186893 
5233 0.142412 -0.00610925 
5234 0.142566 0.174244 
5235 0.142675 0.355923 
5236 0.29286 -0.187525 
5237 0.292962 -0.00641609 
5238 0.293441 0.174615 
5239 0.293124 0.355515 
5240 -0.290704 -0.163416 
5241 -0.29094 0.00174074 
5242 -0.291155 0.167781 
5243 -0.291661 0.334692 
5244 -0.152306 -0.162977 
5245 -0.152751 0.00240859 
5246 -0.152566 0.167649 
5247 -0.152625 0.333754 
5248 -0.0150178 -0.162528 
5249 -0.0149671 0.00234407 
5250 -0.015186 0.16772 
5251 -0.0146082 0.333966 
5252 0.122409 -0.162841 
5253 0.122916 0.00263962 
5254 0.12241 0.167333 
5255 0.123078 0.332885 
5256 0.259515 -0.162436 
5257 0.25996 0.00245236 
5258 0.260137 0.167526 
5259 0.260559 0.332471 
5260 -0.2746 -0.142443 
5261 -0.275675 0.00975651 
5262 -0.27532 0.163288 
5263 -0.27588 0.316105 
5264 -0.147215 -0.142418 
5265 -0.148123 0.00960808 
5266 -0.148085 0.162853 
5267 -0.147981 0.315915 
5268 -0.0201768 -0.141717 
5269 -0.0205865 0.00970583 
5270 -0.020785 0.162337 
5271 -0.0211517 0.315017 
5272 0.106182 -0.141221 
5273 0.105962 0.0101824 
5274 0.106325 0.162017 
5275 0.105637 0.314304 
5276 0.231365 -0.141197 
5277 0.231605 0.0102178 
5278 0.232016 0.161507 
5279 0.232261 0.313421 
5280 -0.261824 -0.124718 
5281 -0.26194 0.0170632 
5282 -0.262768 0.158758 
5283 -0.262947 0.300468 
5284 -0.14369 -0.124279 
5285 -0.143833 0.0169759 
5286 -0.144341 0.157915 
5287 -0.144187 0.299976 
5288 -0.0264974 -0.124006 
5289 -0.026101 0.0173256 
5290 -0.0266989 0.157524 
5291 -0.0260695 0.299479 
5292 0.0906244 -0.123207 
5293 0.0906352 0.0172904 
5294 0.0912496 0.158155 
5295 0.0909168 0.298525 
5296 0.207316 -0.122656 
5297 0.207251 0.0165436 
5298 0.20749 0.157329 
5299 0.207686 0.298443 
5300 -0.250891 -0.108449 
5301 -0.250533 0.0229776 
5302 -0.251911 0.155833 
5303 -0.25186 0.28766 
5304 -0.14067 -0.108057 
5305 -0.140915 0.0231836 
5306 -0.140626 0.155066 
5307 -0.141663 0.287001 
5308 -0.0313976 -0.10771 
5309 -0.0312677 0.0233592 
5310 -0.0306617 0.154267 
5311 -0.0307357 0.286577 
5312 0.0777922 -0.107411 
5313 0.0784089 0.0228393 
5314 0.0784986 0.154631 
5315 0.0779103 0.285321 
5316 0.186027 -0.106828 
5317 0.18601 0.0232413 
5318 0.18684 0.153385 
5319 0.187249 0.284828 
5320 -0.241233 -0.093906 
5321 -0.241629 0.028494 
5322 -0.241937 0.152735 
5323 -0.241972 0.277057 
5324 -0.138162 -0.0936535 
5325 -0.137776 0.0288178 
5326 -0.13812 0.151854 
5327 -0.138669 0.275834 
5328 -0.0358864 -0.0936169 
5329 -0.0353953 0.0283752 
5330 -0.0357827 0.15131 
5331 -0.0358446 0.275191 
5332 0.0658455 -0.0937335 
5333 0.0668983 0.0289105 
5334 0.066718 0.15102 
5335 0.0672538 0.274697 
5336 0.167682 -0.0932674 
5337 0.16769 0.0283413 
5338 0.16783 0.150893 
5339 0.168655 0.273627 
5340 -0.233356 -0.0820152 
5341 -0.233709 0.03407 
5342 -0.234229 0.150451 
5343 -0.234356 0.267297 
5344 -0.136511 -0.0809729 
5345 -0.135807 0.0344601 
5346 -0.136037 0.149932 
5347 -0.136097 0.26647 
5348 -0.0392992 -0.0811638 
5349 -0.0395784 0.0343158 
5350 -0.0401132 0.149877 
5351 -0.0400554 0.26605 
5352 0.0562548 -0.08058 
5353 0.0564484 0.0334015 
5354 0.0565845 0.148589 
5355 0.0562474 0.265112 
5356 0.151075 -0.0812273 
5357 0.151415 0.0333986 
5358 0.152125 0.148616 
5359 0.152206 0.263746 
5360 -0.226264 -0.0701578 
5361 -0.226752 0.0394432 
5362 -0.22708 0.149294 
5363 -0.227063 0.25901 
5364 -0.134708 -0.0698118 
5365 -0.134205 0.0391735 
5366 -0.135212 0.147968 
5367 -0.134561 0.258335 
5368 -0.0433957 -0.0700194 
5369 -0.043441 0.0381667 
5370 -0.0433577 0.147307 
5371 -0.0435149 0.257322 
5372 0.0466894 -0.0697035 
5373 0.0463475 0.0387945 
5374 0.0466139 0.147358 
5375 0.0476611 0.256767 
5376 0.136033 -0.06934 
5377 0.136794 0.0379286 
5378 0.137154 0.146953 
5379 0.137823 0.25508 
5380 -0.219954 -0.0596032 
5381 -0.220492 0.0433998 
5382 -0.220264 0.147556 
5383 -0.220519 0.251889 
5384 -0.133781 -0.0599369 
5385 -0.133524 0.0430707 
5386 -0.133658 0.147219 
5387 -0.133696 0.251318 
5388 -0.0473252 -0.0596447 
5389 -0.0473864 0.0430942 
5390 -0.0475274 0.145857 
5391 -0.0469744 0.250242 
5392 0.0379566 -0.0600475 
5393 0.0377149 0.0429486 
5394 0.0390094 0.1455 
5395 0.0389458 0.248722 
5396 0.122613 -0.0598849 
5397 0.123104 0.0419661 
5398 0.123901 0.144496 
5399 0.123806 0.24806 
5400 -0.215192 -0.0499763 
5401 -0.215601 0.0475017 
5402 -0.215635 0.146799 
5403 -0.21555 0.245639 
5404 -0.133148 -0.0503208 
5405 -0.132891 0.0479841 
5406 -0.13234 0.146246 
5407 -0.132239 0.244335 
5408 -0.0511993 -0.0499096 
5409 -0.0504708 0.0467092 
5410 -0.0502408 0.145468 
5411 -0.0503377 0.243343 
5412 0.0303078 -0.0506617 
5413 0.0301864 0.0471875 
5414 0.0303364 0.144016 
5415 0.0310045 0.242038 
5416 0.109767 -0.0507169 
5417 0.110982 0.046817 
5418 0.11116 0.143566 
5419 0.111679 0.240826 
5420 -0.210959 -0.0415778 
5421 -0.210748 0.0521635 
5422 -0.210903 0.146217 
5423 -0.210737 0.240337 
5424 -0.132297 -0.0412946 
5425 -0.132468 0.0517598 
5426 -0.132174 0.145411 
5427 -0.131495 0.239667 
5428 -0.0549265 -0.0419847 
5429 -0.05402 0.050504 
5430 -0.0536309 0.143702 
5431 -0.0532765 0.237717 
5432 0.0226099 -0.04241 
5433 0.0226091 0.0504085 
5434 0.0234213 0.143604 
5435 0.0240386 0.236432 
5436 0.0986969 -0.0419181 
5437 0.0994114 0.050283 
5438 0.100236 0.142829 
5439 0.100943 0.23529 
5440 -0.206519 -0.0339472 
5441 -0.20664 0.055431 
5442 -0.206745 0.145638 
5443 -0.206633 0.23518 
5444 -0.131701 -0.0343796 
5445 -0.132169 0.0552317 
5446 -0.131118 0.144148 
5447 -0.131565 0.233789 
5448 -0.0582453 -0.0344451 
5449 -0.0578196 0.0540674 
5450 -0.057458 0.143644 
5451 -0.0561699 0.232392 
5452 0.0160858 -0.0342234 
5453 0.01651 0.0540297 
5454 0.016728 0.142226 
5455 0.0169703 0.231543 
5456 0.0883861 -0.0346068 
5457 0.0893861 0.0529733 
5458 0.0897685 0.141283 
5459 0.0906697 0.230276 
5460 -0.203595 -0.0259409 
5461 -0.203094 0.0593894 
5462 -0.202786 0.144545 
5463 -0.202959 0.231132 
5464 -0.131918 -0.0268867 
5465 -0.131299 0.0580404 
5466 -0.131351 0.14389 
5467 -0.131285 0.229875 
5468 -0.0612087 -0.027035 
5469 -0.0602537 0.0575315 
5470 -0.0603634 0.143012 
5471 -0.0592672 0.228157 
5472 0.00950726 -0.0267705 
5473 0.00971876 0.0566149 
5474 0.0109095 0.141506 
5475 0.0108697 0.226313 
5476 0.0786191 -0.0275263 
5477 0.0791207 0.0563162 
5478 0.0805881 0.140352 
5479 0.0812905 0.225209 
5480 -0.200064 -0.0197664 
5481 -0.200549 0.0626321 
5482 -0.199971 0.144429 
5483 -0.200248 0.226948 
5484 -0.131827 -0.0202613 
5485 -0.13168 0.0612518 
5486 -0.131599 0.143406 
5487 -0.13122 0.22563 
5488 -0.0644652 -0.0203028 
5489 -0.0631666 0.0611512 
5490 -0.0630049 0.142159 
5491 -0.0622124 0.223736 
5492 0.0031729 -0.0209352 
5493 0.00433864 0.0604649 
5494 0.00431325 0.141264 
5495 0.00565209 0.222791 
5496 0.0698592 -0.0209635 
5497 0.0704224 0.058956 
5498 0.0717531 0.139854 
5499 0.0727605 0.221203 
5500 -0.198171 -0.012748 
5501 -0.19812 0.0653458 
5502 -0.197186 0.144026 
5503 -0.197379 0.223982 
5504 -0.131714 -0.0139621 
5505 -0.131642 0.0642115 
5506 -0.130893 0.142702 
5507 -0.131101 0.222174 
5508 -0.0671325 -0.0143096 
5509 -0.0662624 0.0639534 
5510 -0.0656529 0.141953 
5511 -0.0648732 0.220156 
5512 -0.00244244 -0.014873 
5513 -0.00137111 0.0626225 
5514 -0.000669256 0.140325 
5515 0.000254467 0.219159 
5516 0.060973 -0.0155046 
5517 0.0622096 0.0616418 
5518 0.0633316 0.139373 
5519 0.0644917 0.217039 
5520 -0.195626 -0.00754662 
5521 -0.195612 0.0685776 
5522 -0.194771 0.143639 
5523 -0.194386 0.220852 
5524 -0.13223 -0.0084036 
5525 -0.132342 0.0668699 
5526 -0.131024 0.142388 
5527 -0.130509 0.218821 
5528 -0.0698325 -0.00841574 
5529 -0.0692471 0.0661377 
5530 -0.0681122 0.14089 
5531 -0.0673223 0.217298 
5532 -0.00771636 -0.00885342 
5533 -0.00716633 0.0653458 
5534 -0.00608494 0.140471 
5535 -0.00515471 0.215267 
5536 0.0536707 -0.00916664 
5537 0.0545549 0.0647416 
5538 0.0551733 0.138713 
5539 0.0563252 0.213769 
5540 -0.193492 -0.00235798 
5541 -0.19309 0.0711053 
5542 -0.192742 0.144044 
5543 -0.192463 0.21751 
5544 -0.133503 -0.00244135 
5545 -0.132769 0.0694022 
5546 -0.131892 0.142123 
5547 -0.131073 0.215658 
5548 -0.0732576 -0.00341698 
5549 -0.0717857 0.0690275 
5550 -0.0708361 0.141146 
5551 -0.0699274 0.214152 
5552 -0.0132695 -0.00379649 
5553 -0.0119107 0.0678815 
5554 -0.0110523 0.139133 
5555 -0.00967861 0.211598 
5556 0.0456361 -0.00426956 
5557 0.0469355 0.0663993 
5558 0.048232 0.138128 
5559 0.0495293 0.210396 
5560 -0.192719 0.00323047 
5561 -0.19201 0.0736313 
5562 -0.191418 0.143857 
5563 -0.190157 0.214893 
5564 -0.133836 0.00286521 
5565 -0.13334 0.071699 
5566 -0.132409 0.14205 
5567 -0.131152 0.212283 
5568 -0.0758536 0.00190447 
5569 -0.0746494 0.0707011 
5570 -0.0732206 0.140268 
5571 -0.0728102 0.210916 
5572 -0.0178519 0.000964119 
5573 -0.0173693 0.0699715 
5574 -0.0160288 0.139153 
5575 -0.0143177 0.208618 
5576 0.0390558 0.000250344 
5577 0.0398162 0.0687268 
5578 0.0415488 0.13738 
5579 0.0422573 0.207078 
5580 -0.191198 0.00769915 
5581 -0.190306 0.0756416 
5582 -0.189645 0.144039 
5583 -0.188701 0.2123 
5584 -0.134515 0.00678352 
5585 -0.133598 0.0746625 
5586 -0.133016 0.141878 
5587 -0.131608 0.210565 
5588 -0.0780852 0.00631751 
5589 -0.0770305 0.0727524 
5590 -0.0759614 0.140791 
5591 -0.0753171 0.207948 
5592 -0.0230614 0.00551058 
5593 -0.0215288 0.0714692 
5594 -0.0200943 0.138923 
5595 -0.0195045 0.20602 
5596 0.0318076 0.00490632 
5597 0.0332652 0.0704542 
5598 0.0348142 0.136838 
5599 0.0361679 0.203801 
