5280 -0.3338 -0.217069 
5281 -0.332866 -0.0167999 
5282 -0.333615 0.182977 
5283 -0.333701 0.383816 
5284 -0.166334 -0.216369 
5285 -0.166651 -0.0162329 
5286 -0.166923 0.182917 
5287 -0.166364 0.382976 
5288 -0.000371736 -0.216305 
5289 0.0001238 -0.0162997 
5290 -0.000254469 0.183462 
5291 0.000104712 0.383574 
5292 0.166683 -0.216437 
5293 0.166741 -0.0163609 
5294 0.167117 0.182881 
5295 0.166322 0.38323 
5296 0.332849 -0.216744 
5297 0.333017 -0.0165049 
5298 0.333472 0.183609 
5299 0.333418 0.382916 
5300 -0.309247 -0.186719 
5301 -0.309701 -0.00602934 
5302 -0.309779 0.174953 
5303 -0.309856 0.35733 
5304 -0.158659 -0.186962 
5305 -0.157881 -0.00578886 
5306 -0.158067 0.175581 
5307 -0.157894 0.356399 
5308 -0.00778837 -0.187099 
5309 -0.0070101 -0.00608767 
5310 -0.00771957 0.174894 
5311 -0.00715818 0.356275 
5312 0.143054 -0.186841 
5313 0.143635 -0.00570363 
5314 0.143945 0.175275 
5315 0.14388 0.355536 
5316 0.294094 -0.186544 
5317 0.2935 -0.00616658 
5318 0.293954 0.174488 
5319 0.293955 0.355521 
5320 -0.289434 -0.161875 
5321 -0.29026 0.00300872 
5322 -0.289782 0.169053 
5323 -0.290535 0.335481 
5324 -0.151037 -0.162032 
5325 -0.1517 0.00355807 
5326 -0.152019 0.168898 
5327 -0.15159 0.334874 
5328 -0.0137624 -0.161693 
5329 -0.0134512 0.00313836 
5330 -0.0133776 0.168128 
5331 -0.0132613 0.33413 
5332 0.123429 -0.161965 
5333 0.123662 0.00338557 
5334 0.123938 0.16827 
5335 0.124024 0.334077 
5336 0.260751 -0.16128 
5337 0.261399 0.0030518 
5338 0.261806 0.167518 
5339 0.261857 0.333064 
5340 -0.273387 -0.140507 
5341 -0.2739 0.0111395 
5342 -0.27432 0.16443 
5343 -0.274227 0.317621 
5344 -0.146281 -0.141256 
5345 -0.145979 0.0115303 
5346 -0.146229 0.163497 
5347 -0.146643 0.316279 
5348 -0.0196741 -0.140757 
5349 -0.0196803 0.010732 
5350 -0.0190272 0.163426 
5351 -0.0186836 0.316192 
5352 0.107227 -0.140824 
5353 0.1069 0.0109085 
5354 0.107221 0.162507 
5355 0.107566 0.315345 
5356 0.232377 -0.14023 
5357 0.233416 0.0111212 
5358 0.233792 0.162427 
5359 0.233875 0.314146 
5360 -0.259711 -0.122873 
5361 -0.259896 0.0186172 
5362 -0.260145 0.160512 
5363 -0.260335 0.30285 
5364 -0.141881 -0.122081 
5365 -0.141581 0.0181581 
5366 -0.142251 0.160264 
5367 -0.141465 0.301476 
5368 -0.0247648 -0.122231 
5369 -0.024782 0.0185658 
5370 -0.0243554 0.159302 
5371 -0.0243721 0.300596 
5372 0.0920861 -0.122664 
5373 0.0924345 0.0176109 
5374 0.0931864 0.158235 
5375 0.0933364 0.299322 
5376 0.208487 -0.122031 
5377 0.209654 0.0180142 
5378 0.209562 0.157809 
5379 0.210275 0.299138 
5380 -0.248903 -0.106319 
5381 -0.249241 0.0252678 
5382 -0.248373 0.157508 
5383 -0.24858 0.289719 
5384 -0.138585 -0.106843 
5385 -0.138684 0.0245815 
5386 -0.1389 0.156214 
5387 -0.138313 0.289117 
5388 -0.028826 -0.106074 
5389 -0.0285634 0.0248769 
5390 -0.0287711 0.155714 
5391 -0.0285862 0.287586 
5392 0.0797525 -0.106256 
5393 0.0802419 0.0239168 
5394 0.0804087 0.15497 
5395 0.0806393 0.286201 
5396 0.18737 -0.106663 
5397 0.188213 0.023311 
5398 0.189211 0.154111 
5399 0.18956 0.285723 
5400 -0.239232 -0.0920939 
5401 -0.23955 0.0312553 
5402 -0.238819 0.154521 
5403 -0.23937 0.278441 
5404 -0.136398 -0.092074 
5405 -0.136294 0.0299402 
5406 -0.1356 0.153332 
5407 -0.134963 0.277675 
5408 -0.0339846 -0.0920702 
5409 -0.0332322 0.030375 
5410 -0.0324766 0.152984 
5411 -0.0323669 0.275888 
5412 0.0684577 -0.092112 
5413 0.069117 0.0295711 
5414 0.0692821 0.152531 
5415 0.0698558 0.275656 
5416 0.169235 -0.0923653 
5417 0.170427 0.02895 
5418 0.170788 0.15142 
5419 0.171338 0.274034 
5420 -0.230458 -0.0792712 
5421 -0.230304 0.036113 
5422 -0.230629 0.152363 
5423 -0.230427 0.269222 
5424 -0.133537 -0.0798167 
5425 -0.133912 0.0358327 
5426 -0.132925 0.151719 
5427 -0.133345 0.267976 
5428 -0.037232 -0.0797869 
5429 -0.0372588 0.0354103 
5430 -0.036803 0.150376 
5431 -0.0357529 0.26637 
5432 0.0580149 -0.0802109 
5433 0.0582756 0.0343671 
5434 0.0594503 0.149346 
5435 0.0603621 0.265462 
5436 0.152697 -0.0801445 
5437 0.153668 0.0343355 
5438 0.154705 0.148956 
5439 0.155385 0.263842 
5440 -0.224069 -0.0684557 
5441 -0.223509 0.0407371 
5442 -0.223108 0.150407 
5443 -0.223504 0.261158 
5444 -0.132351 -0.0681665 
5445 -0.132155 0.0399779 
5446 -0.132 0.149306 
5447 -0.130775 0.259751 
5448 -0.0410133 -0.06894 
5449 -0.0411152 0.0391434 
5450 -0.0403786 0.149039 
5451 -0.0402309 0.258526 
5452 0.0482449 -0.0689539 
5453 0.0490485 0.0394757 
5454 0.0500292 0.147723 
5455 0.0506402 0.256664 
5456 0.137695 -0.0691025 
5457 0.138858 0.038537 
5458 0.140347 0.146323 
5459 0.141376 0.255345 
5460 -0.217871 -0.0583594 
5461 -0.217452 0.0448621 
5462 -0.217079 0.148839 
5463 -0.216457 0.253208 
5464 -0.130619 -0.0581332 
5465 -0.130365 0.0440866 
5466 -0.12979 0.148171 
5467 -0.12946 0.252611 
5468 -0.0450535 -0.0591317 
5469 -0.0444504 0.0439638 
5470 -0.0434624 0.147166 
5471 -0.043356 0.250239 
5472 0.0404891 -0.0587746 
5473 0.0405623 0.0429893 
5474 0.0421344 0.145655 
5475 0.0428311 0.248619 
5476 0.124703 -0.0591288 
5477 0.125279 0.04254 
5478 0.127266 0.144235 
5479 0.127484 0.247264 
5480 -0.211882 -0.0487024 
5481 -0.21203 0.0496633 
5482 -0.211157 0.147759 
5483 -0.211587 0.247375 
5484 -0.130139 -0.049371 
5485 -0.129458 0.0484659 
5486 -0.128863 0.146796 
5487 -0.128615 0.24559 
5488 -0.0488536 -0.0501786 
5489 -0.0480228 0.0473424 
5490 -0.0467956 0.145788 
5491 -0.0466023 0.244264 
5492 0.0326303 -0.0505526 
5493 0.0330354 0.0463744 
5494 0.0344457 0.144524 
5495 0.0348304 0.24181 
5496 0.112808 -0.0507606 
5497 0.113912 0.0463455 
5498 0.115242 0.143276 
5499 0.116282 0.240815 
5500 -0.207698 -0.040672 
5501 -0.207532 0.0528091 
5502 -0.206433 0.147081 
5503 -0.206219 0.241892 
5504 -0.129828 -0.0411403 
5505 -0.128624 0.0518827 
5506 -0.128323 0.145617 
5507 -0.127666 0.239992 
5508 -0.0519539 -0.0411386 
5509 -0.0514525 0.0507525 
5510 -0.0504569 0.144312 
5511 -0.0489491 0.23828 
5512 0.0247045 -0.0418113 
5513 0.025923 0.0503776 
5514 0.0274197 0.142927 
5515 0.0281355 0.236217 
5516 0.101003 -0.0425097 
5517 0.102058 0.0488892 
5518 0.103674 0.142066 
5519 0.104661 0.233911 
5520 -0.204127 -0.0326633 
5521 -0.203537 0.0564448 
5522 -0.202286 0.145833 
5523 -0.201599 0.235961 
5524 -0.129537 -0.0337119 
5525 -0.128084 0.0554892 
5526 -0.127954 0.144871 
5527 -0.126944 0.234623 
5528 -0.0545943 -0.0337681 
5529 -0.0540071 0.054735 
5530 -0.0535522 0.14305 
5531 -0.0520941 0.232887 
5532 0.0186881 -0.0343795 
5533 0.0197933 0.0529227 
5534 0.0206917 0.141737 
5535 0.0214861 0.230607 
5536 0.0913686 -0.0353932 
5537 0.0924068 0.0519518 
5538 0.0935694 0.139845 
5539 0.0954026 0.228411 
5540 -0.200054 -0.0261559 
5541 -0.199191 0.0598794 
5542 -0.198568 0.145585 
5543 -0.197834 0.231787 
5544 -0.128623 -0.0265928 
5545 -0.128333 0.0579319 
5546 -0.127341 0.144163 
5547 -0.126729 0.229795 
5548 -0.0580691 -0.0274354 
5549 -0.0575411 0.057599 
5550 -0.0558695 0.141961 
5551 -0.0548076 0.22802 
5552 0.0118163 -0.0278734 
5553 0.0133983 0.0559728 
5554 0.0148671 0.140703 
5555 0.0157099 0.225865 
5556 0.0809578 -0.0285317 
5557 0.082918 0.0547536 
5558 0.0845947 0.13923 
5559 0.0852058 0.223285 
5560 -0.196958 -0.019135 
5561 -0.196096 0.0619347 
5562 -0.195632 0.144222 
5563 -0.194982 0.226799 
5564 -0.128524 -0.0203219 
5565 -0.127605 0.0615681 
5566 -0.126527 0.142522 
5567 -0.126385 0.2246 
5568 -0.0610021 -0.0213878 
5569 -0.0604314 0.0597037 
5570 -0.0587946 0.141044 
5571 -0.0574926 0.222842 
5572 0.00590457 -0.0222093 
5573 0.00733369 0.058552 
5574 0.00839806 0.139177 
5575 0.0103935 0.221161 
5576 0.072805 -0.0221986 
5577 0.0734441 0.0576008 
5578 0.0752188 0.138337 
5579 0.0768608 0.218874 
5580 -0.194804 -0.0133319 
5581 -0.193793 0.0646605 
5582 -0.192713 0.143761 
5583 -0.192414 0.22323 
5584 -0.129005 -0.0140442 
5585 -0.128227 0.0633337 
5586 -0.127426 0.142646 
5587 -0.125752 0.221295 
5588 -0.0637572 -0.0155879 
5589 -0.0632418 0.0623525 
5590 -0.0611748 0.140426 
5591 -0.0598318 0.218832 
5592 6.93882e-05 -0.0166453 
5593 0.00134892 0.0612343 
5594 0.00323443 0.138747 
5595 0.00508035 0.21657 
5596 0.0639695 -0.0173284 
5597 0.0660429 0.0601629 
5598 0.0674796 0.136741 
5599 0.0688937 0.215164 
5600 -0.192108 -0.00813172 
5601 -0.191335 0.067794 
5602 -0.191012 0.143086 
5603 -0.18925 0.219384 
5604 -0.12954 -0.00886361 
5605 -0.128578 0.0663149 
5606 -0.12722 0.141406 
5607 -0.126164 0.217018 
5608 -0.06718 -0.0100673 
5609 -0.0654735 0.0650776 
5610 -0.0641626 0.140113 
5611 -0.0628717 0.21501 
5612 -0.00550744 -0.0114895 
5613 -0.00396697 0.0630082 
5614 -0.00243829 0.137632 
5615 -0.000378925 0.212508 
5616 0.0558859 -0.012384 
5617 0.0581387 0.0613289 
5618 0.0593381 0.135702 
5619 0.0611072 0.2107 
5620 -0.190885 -0.00311529 
5621 -0.189776 0.070154 
5622 -0.188031 0.142553 
5623 -0.187695 0.215746 
5624 -0.129643 -0.00382511 
5625 -0.12851 0.0679618 
5626 -0.127232 0.141021 
5627 -0.125572 0.213764 
5628 -0.0701111 -0.00500131 
5629 -0.0686567 0.0670478 
5630 -0.0670521 0.138583 
5631 -0.0657912 0.21122 
5632 -0.0102528 -0.0060582 
5633 -0.0088007 0.0653864 
5634 -0.00685483 0.136832 
5635 -0.00480695 0.209048 
5636 0.0491585 -0.00689096 
5637 0.0503538 0.0639023 
5638 0.0523527 0.134792 
5639 0.0539393 0.207132 
5640 -0.189348 0.00130766 
5641 -0.187345 0.0714244 
5642 -0.186636 0.142133 
5643 -0.185739 0.21281 
5644 -0.130586 0.000558706 
5645 -0.12883 0.0696344 
5646 -0.127983 0.14006 
5647 -0.126137 0.210895 
5648 -0.0727246 -0.000571298 
5649 -0.0706674 0.0683506 
5650 -0.0696226 0.137731 
5651 -0.0672927 0.207688 
5652 -0.0155199 -0.0022754 
5653 -0.0136255 0.0673039 
5654 -0.01191 0.13578 
5655 -0.00943992 0.20531 
5656 0.0416589 -0.00275353 
5657 0.0432285 0.0654251 
5658 0.0456618 0.134629 
5659 0.0468351 0.203494 
5660 -0.187812 0.00612763 
5661 -0.186078 0.073987 
5662 -0.184721 0.141346 
5663 -0.183738 0.209877 
5664 -0.1307 0.00451936 
5665 -0.129583 0.0723464 
5666 -0.127794 0.139707 
5667 -0.126326 0.207047 
5668 -0.0749783 0.00361596 
5669 -0.0734723 0.0704135 
5670 -0.0720791 0.137114 
5671 -0.0705891 0.204654 
5672 -0.0192595 0.00247929 
5673 -0.0176797 0.0682652 
5674 -0.0157368 0.135005 
5675 -0.0145419 0.202664 
5676 0.0353891 0.000460444 
5677 0.0374525 0.0664912 
5678 0.0389414 0.132908 
5679 0.0410187 0.200204 
