5660 -0.333659 -0.216375 
5661 -0.332906 -0.0168169 
5662 -0.333491 0.18287 
5663 -0.333827 0.38334 
5664 -0.166824 -0.216206 
5665 -0.166512 -0.0168386 
5666 -0.166881 0.183269 
5667 -0.166518 0.382944 
5668 0.000233434 -0.217006 
5669 0.000482514 -0.0163921 
5670 0.000436496 0.18331 
5671 0.00042568 0.383632 
5672 0.166721 -0.21635 
5673 0.167021 -0.016714 
5674 0.166777 0.183828 
5675 0.166746 0.382945 
5676 0.333206 -0.216744 
5677 0.333571 -0.0168613 
5678 0.333072 0.183458 
5679 0.3332 0.383338 
5680 -0.307346 -0.189053 
5681 -0.307307 -0.00751138 
5682 -0.306551 0.172853 
5683 -0.305883 0.354559 
5684 -0.156235 -0.188901 
5685 -0.155855 -0.00847896 
5686 -0.155641 0.172687 
5687 -0.154787 0.354061 
5688 -0.00547796 -0.189297 
5689 -0.00479018 -0.00891176 
5690 -0.00461339 0.17213 
5691 -0.00411091 0.353177 
5692 0.145071 -0.190023 
5693 0.145687 -0.00889169 
5694 0.146498 0.171541 
5695 0.146467 0.353155 
5696 0.295452 -0.190003 
5697 0.295616 -0.00973975 
5698 0.296557 0.171714 
5699 0.296825 0.351589 
5700 -0.28567 -0.166153 
5701 -0.285185 -0.00118759 
5702 -0.285059 0.16452 
5703 -0.284302 0.330144 
5704 -0.148241 -0.1671 
5705 -0.146706 -0.00121161 
5706 -0.146872 0.164079 
5707 -0.145393 0.329216 
5708 -0.00981079 -0.166691 
5709 -0.00955545 -0.00227896 
5710 -0.00887087 0.162793 
5711 -0.00759901 0.328163 
5712 0.126897 -0.167599 
5713 0.128421 -0.00312732 
5714 0.128946 0.162045 
5715 0.130169 0.327631 
5716 0.264387 -0.168442 
5717 0.264617 -0.00341441 
5718 0.266066 0.161531 
5719 0.26715 0.325971 
5720 -0.268839 -0.147564 
5721 -0.267393 0.00489417 
5722 -0.266316 0.157724 
5723 -0.265671 0.309794 
5724 -0.141659 -0.148513 
5725 -0.140697 0.00376169 
5726 -0.138797 0.155924 
5727 -0.138444 0.309077 
5728 -0.0146153 -0.148766 
5729 -0.0132154 0.00316668 
5730 -0.0126394 0.155219 
5731 -0.0109406 0.306934 
5732 0.111574 -0.14908 
5733 0.113045 0.00184485 
5734 0.114253 0.153547 
5735 0.114939 0.305339 
5736 0.237727 -0.149634 
5737 0.238421 0.00128949 
5738 0.23976 0.152204 
5739 0.241553 0.303876 
5740 -0.254007 -0.131073 
5741 -0.252357 0.00931511 
5742 -0.251643 0.151258 
5743 -0.25009 0.292839 
5744 -0.135775 -0.132239 
5745 -0.134302 0.00869239 
5746 -0.133752 0.149883 
5747 -0.131652 0.291172 
5748 -0.0185926 -0.132915 
5749 -0.0174668 0.00747879 
5750 -0.0157509 0.148433 
5751 -0.0143501 0.289192 
5752 0.0985348 -0.133723 
5753 0.0996036 0.0063653 
5754 0.101451 0.146234 
5755 0.10247 0.286935 
5756 0.214751 -0.134514 
5757 0.216489 0.00540937 
5758 0.217237 0.145263 
5759 0.219614 0.285643 
5760 -0.241455 -0.117672 
5761 -0.239754 0.0135138 
5762 -0.238568 0.145126 
5763 -0.237264 0.277102 
5764 -0.131695 -0.119245 
5765 -0.12974 0.0119308 
5766 -0.128179 0.143389 
5767 -0.126929 0.274775 
5768 -0.0219939 -0.120348 
5769 -0.0207738 0.0110448 
5770 -0.0192318 0.141949 
5771 -0.0175456 0.273143 
5772 0.0866177 -0.120691 
5773 0.0881952 0.00976612 
5774 0.0902866 0.139678 
5775 0.0916266 0.27094 
5776 0.194669 -0.122408 
5777 0.196068 0.00811549 
5778 0.198295 0.138197 
5779 0.199685 0.26913 
5780 -0.231005 -0.106077 
5781 -0.229483 0.0169423 
5782 -0.227497 0.140458 
5783 -0.226173 0.263506 
5784 -0.127888 -0.107755 
5785 -0.126697 0.0148259 
5786 -0.124832 0.13795 
5787 -0.122944 0.261488 
5788 -0.026116 -0.109124 
5789 -0.023471 0.0138768 
5790 -0.0220409 0.136602 
5791 -0.0199437 0.259151 
5792 0.0761663 -0.110075 
5793 0.0774293 0.0120758 
5794 0.0798503 0.134005 
5795 0.0821829 0.256325 
5796 0.176514 -0.111319 
5797 0.178467 0.0107335 
5798 0.180844 0.132574 
5799 0.182487 0.253872 
5800 -0.222421 -0.0967825 
5801 -0.220045 0.0190677 
5802 -0.218667 0.134837 
5803 -0.21592 0.251806 
5804 -0.124855 -0.0975623 
5805 -0.123329 0.0179563 
5806 -0.121308 0.133033 
5807 -0.119123 0.249066 
5808 -0.0285614 -0.098784 
5809 -0.0270906 0.0153418 
5810 -0.0245069 0.130979 
5811 -0.0227226 0.246662 
5812 0.0659464 -0.100721 
5813 0.0681885 0.0139986 
5814 0.0707315 0.128745 
5815 0.07295 0.243577 
5816 0.161579 -0.101304 
5817 0.163056 0.0127975 
5818 0.165654 0.126787 
5819 0.167517 0.24125 
5820 -0.214049 -0.0876861 
5821 -0.212346 0.0212783 
5822 -0.210303 0.130608 
5823 -0.208463 0.24007 
5824 -0.12278 -0.0889817 
5825 -0.120981 0.0195532 
5826 -0.118209 0.128488 
5827 -0.116773 0.237485 
5828 -0.0320471 -0.0910155 
5829 -0.0302395 0.0177244 
5830 -0.0275304 0.126194 
5831 -0.0250998 0.23435 
5832 0.0576991 -0.0919505 
5833 0.0596237 0.0161574 
5834 0.0624132 0.123583 
5835 0.0645091 0.232276 
5836 0.147518 -0.0942201 
5837 0.149251 0.0135363 
5838 0.15138 0.121178 
5839 0.153896 0.229529 
5840 -0.208009 -0.0805181 
5841 -0.205574 0.0232713 
5842 -0.203282 0.127008 
5843 -0.200465 0.230446 
5844 -0.121019 -0.0822763 
5845 -0.119038 0.0213506 
5846 -0.115952 0.124358 
5847 -0.113899 0.227779 
5848 -0.0352362 -0.08369 
5849 -0.0324309 0.0189081 
5850 -0.0308853 0.121907 
5851 -0.0285188 0.224343 
5852 0.0503807 -0.0849527 
5853 0.0522999 0.0166877 
5854 0.0543549 0.119506 
5855 0.0573432 0.221455 
5856 0.134477 -0.0872522 
5857 0.13653 0.0151868 
5858 0.139221 0.116609 
5859 0.141944 0.218754 
5860 -0.20127 -0.073566 
5861 -0.199533 0.0246163 
5862 -0.197158 0.122541 
5863 -0.194872 0.220746 
5864 -0.119651 -0.0759271 
5865 -0.117387 0.0220987 
5866 -0.114411 0.120211 
5867 -0.112179 0.217876 
5868 -0.0383529 -0.0774554 
5869 -0.0356852 0.0200435 
5870 -0.0331568 0.117593 
5871 -0.0301977 0.215079 
5872 0.0423133 -0.0792835 
5873 0.0454204 0.0174216 
5874 0.0477712 0.114818 
5875 0.0506487 0.211454 
5876 0.122863 -0.0808726 
5877 0.125616 0.0151771 
5878 0.128004 0.112163 
5879 0.130125 0.208865 
5880 -0.197154 -0.0678474 
5881 -0.193822 0.0253032 
5882 -0.191344 0.118841 
5883 -0.18865 0.211866 
5884 -0.118181 -0.0702233 
5885 -0.115856 0.0226471 
5886 -0.112782 0.115909 
5887 -0.110318 0.209165 
5888 -0.0411115 -0.0722952 
5889 -0.0383474 0.0210171 
5890 -0.0358489 0.112819 
5891 -0.0328543 0.205598 
5892 0.036026 -0.0741607 
5893 0.0381085 0.0184566 
5894 0.0417213 0.110646 
5895 0.0438384 0.202829 
5896 0.111717 -0.0754254 
5897 0.114275 0.015729 
5898 0.117871 0.108292 
5899 0.119786 0.19975 
5900 -0.192729 -0.0634772 
5901 -0.189459 0.0261899 
5902 -0.186659 0.114804 
5903 -0.184587 0.204183 
5904 -0.117819 -0.0653607 
5905 -0.114929 0.0235126 
5906 -0.111843 0.111771 
5907 -0.109255 0.200614 
5908 -0.043504 -0.0669032 
5909 -0.0404731 0.0210455 
5910 -0.0385926 0.10893 
5911 -0.0353554 0.198003 
5912 0.029765 -0.0695358 
5913 0.0322904 0.0188654 
5914 0.0352775 0.106089 
5915 0.0374547 0.194505 
5916 0.10206 -0.0709334 
5917 0.104679 0.0159787 
5918 0.10769 0.104166 
5919 0.110578 0.191267 
5920 -0.188895 -0.0590107 
5921 -0.186031 0.0263775 
5922 -0.18316 0.111741 
5923 -0.179932 0.196562 
5924 -0.11667 -0.0615649 
5925 -0.113786 0.0237764 
5926 -0.111493 0.108319 
5927 -0.108862 0.193863 
5928 -0.0461172 -0.063378 
5929 -0.0437401 0.0210221 
5930 -0.040377 0.105179 
5931 -0.0378509 0.190031 
5932 0.0234232 -0.0655902 
5933 0.0259909 0.0182495 
5934 0.0292575 0.102214 
5935 0.0327973 0.186646 
5936 0.0931515 -0.06681 
5937 0.0958333 0.0162556 
5938 0.0983694 0.10029 
5939 0.101783 0.18365 
5940 -0.185312 -0.0552019 
5941 -0.182085 0.0265267 
5942 -0.179514 0.108013 
5943 -0.175791 0.189927 
5944 -0.116681 -0.0573353 
5945 -0.113565 0.0232919 
5946 -0.110612 0.105031 
5947 -0.107873 0.186507 
5948 -0.048801 -0.0593916 
5949 -0.0457 0.0210509 
5950 -0.0429911 0.102089 
5951 -0.0401437 0.182747 
5952 0.0180148 -0.0615554 
5953 0.0211084 0.0184268 
5954 0.0243713 0.0990607 
5955 0.0266614 0.179479 
5956 0.0842893 -0.063935 
5957 0.0877221 0.0155912 
5958 0.0903836 0.0964444 
5959 0.0931719 0.175772 
5960 -0.182596 -0.0519636 
5961 -0.178684 0.0259466 
5962 -0.175961 0.10414 
5963 -0.172628 0.182683 
5964 -0.117039 -0.0540471 
5965 -0.113688 0.0239265 
5966 -0.11057 0.101131 
5967 -0.107243 0.179311 
5968 -0.0515148 -0.0564053 
5969 -0.048135 0.0207239 
5970 -0.0450348 0.0986248 
5971 -0.0428609 0.176351 
5972 0.0122947 -0.059331 
5973 0.016057 0.0185654 
5974 0.0187566 0.0951437 
5975 0.0217547 0.172089 
5976 0.0766479 -0.0607043 
5977 0.0795063 0.0160456 
5978 0.0820464 0.0919673 
5979 0.0855975 0.169361 
5980 -0.17999 -0.0496759 
5981 -0.176708 0.0259675 
5982 -0.173532 0.100862 
5983 -0.170509 0.176359 
5984 -0.116554 -0.0520593 
5985 -0.113691 0.0228258 
5986 -0.109882 0.0982289 
5987 -0.10734 0.173177 
5988 -0.0544879 -0.0541492 
5989 -0.0506075 0.0202903 
5990 -0.047553 0.0946157 
5991 -0.0449547 0.169548 
5992 0.00766777 -0.0563548 
5993 0.0112899 0.0177746 
5994 0.0141256 0.0915277 
5995 0.0170822 0.166179 
5996 0.0686718 -0.0586222 
5997 0.0717584 0.0146766 
5998 0.0755588 0.0887954 
5999 0.0779818 0.162654 
6000 -0.177042 -0.0473911 
6001 -0.17407 0.025717 
6002 -0.170838 0.0972715 
6003 -0.168183 0.170512 
6004 -0.116583 -0.0492262 
6005 -0.113582 0.0227207 
6006 -0.110734 0.0944209 
6007 -0.107477 0.167007 
6008 -0.0563027 -0.0523966 
6009 -0.0532535 0.0200334 
6010 -0.050341 0.0918051 
6011 -0.0467658 0.163399 
6012 0.00301445 -0.0542883 
6013 0.00596604 0.0166344 
6014 0.00901743 0.0878673 
6015 0.0121365 0.159452 
6016 0.0621221 -0.0567996 
6017 0.0646262 0.0146532 
6018 0.068217 0.0855126 
6019 0.071643 0.155983 
6020 -0.175312 -0.0455947 
6021 -0.172069 0.0242914 
6022 -0.169295 0.0947564 
6023 -0.165192 0.164485 
6024 -0.117216 -0.047296 
6025 -0.113655 0.0221883 
6026 -0.110553 0.090888 
6027 -0.106897 0.16083 
6028 -0.0587325 -0.0498525 
6029 -0.0560636 0.0191025 
6030 -0.0521286 0.0881316 
6031 -0.0488373 0.157239 
6032 -0.00132862 -0.0522839 
6033 0.00156123 0.0160253 
6034 0.00492249 0.0849428 
6035 0.00778108 0.153681 
6036 0.0551774 -0.0550254 
6037 0.0587274 0.0137305 
6038 0.0617477 0.0817389 
6039 0.0643253 0.149739 
6040 -0.174248 -0.0438915 
6041 -0.170582 0.0235272 
6042 -0.167005 0.0909467 
6043 -0.163372 0.158796 
6044 -0.116986 -0.045751 
6045 -0.113908 0.0204227 
6046 -0.110642 0.0874769 
6047 -0.107295 0.154784 
6048 -0.0617999 -0.0487026 
6049 -0.0582172 0.0175448 
6050 -0.0543024 0.0849455 
6051 -0.05172 0.151325 
6052 -0.0065454 -0.0507559 
6053 -0.00326299 0.0147837 
6054 0.00017518 0.0818453 
6055 0.00385085 0.148071 
6056 0.0481466 -0.0537492 
6057 0.0519995 0.0124237 
6058 0.0556629 0.0783635 
6059 0.0589379 0.14456 
