5680 -0.333603 -0.216497 
5681 -0.333448 -0.0163265 
5682 -0.333251 0.183436 
5683 -0.33292 0.382946 
5684 -0.166849 -0.217138 
5685 -0.166657 -0.0164525 
5686 -0.167001 0.182867 
5687 -0.166368 0.383026 
5688 0.000457007 -0.216852 
5689 -0.000122249 -0.0170278 
5690 -0.000248734 0.183829 
5691 -0.000112885 0.382995 
5692 0.166746 -0.216947 
5693 0.167032 -0.0166028 
5694 0.166789 0.182878 
5695 0.166765 0.383195 
5696 0.333639 -0.216437 
5697 0.33369 -0.0171414 
5698 0.332905 0.183733 
5699 0.333373 0.383742 
5700 -0.307477 -0.188951 
5701 -0.306838 -0.00852558 
5702 -0.306841 0.173281 
5703 -0.305712 0.354287 
5704 -0.156485 -0.189405 
5705 -0.155505 -0.008761 
5706 -0.155557 0.172658 
5707 -0.154706 0.353967 
5708 -0.0048796 -0.190192 
5709 -0.00492842 -0.00889022 
5710 -0.00431057 0.171795 
5711 -0.00401879 0.352623 
5712 0.145092 -0.18982 
5713 0.145915 -0.00978398 
5714 0.145898 0.171408 
5715 0.146539 0.35226 
5716 0.295562 -0.19049 
5717 0.296252 -0.00992068 
5718 0.296225 0.171363 
5719 0.297064 0.351351 
5720 -0.285926 -0.166882 
5721 -0.284716 -0.00105124 
5722 -0.284194 0.164531 
5723 -0.283675 0.329982 
5724 -0.147635 -0.167003 
5725 -0.146778 -0.00237869 
5726 -0.14638 0.16365 
5727 -0.145853 0.328797 
5728 -0.00973606 -0.168268 
5729 -0.00895045 -0.00272844 
5730 -0.00831855 0.162806 
5731 -0.00726471 0.327674 
5732 0.126856 -0.168144 
5733 0.127745 -0.00327823 
5734 0.129008 0.161593 
5735 0.129613 0.326681 
5736 0.264595 -0.168365 
5737 0.26527 -0.00455401 
5738 0.266165 0.160902 
5739 0.267346 0.325437 
5740 -0.268114 -0.148327 
5741 -0.267651 0.00380847 
5742 -0.266625 0.156659 
5743 -0.265104 0.309492 
5744 -0.141326 -0.149227 
5745 -0.140232 0.00262144 
5746 -0.138858 0.155467 
5747 -0.137638 0.308153 
5748 -0.0142456 -0.150006 
5749 -0.0126554 0.00230596 
5750 -0.0123873 0.154382 
5751 -0.011142 0.306649 
5752 0.111986 -0.149895 
5753 0.113206 0.000686232 
5754 0.11468 0.153129 
5755 0.11568 0.30483 
5756 0.237771 -0.151089 
5757 0.23942 0.000303705 
5758 0.240719 0.151121 
5759 0.241211 0.303042 
5760 -0.254001 -0.133004 
5761 -0.252514 0.00852445 
5762 -0.251022 0.149855 
5763 -0.249593 0.291845 
5764 -0.135536 -0.133777 
5765 -0.13382 0.00718722 
5766 -0.13248 0.148603 
5767 -0.131791 0.289773 
5768 -0.0182391 -0.13395 
5769 -0.0165338 0.00614458 
5770 -0.0157801 0.146855 
5771 -0.013699 0.287721 
5772 0.098253 -0.135492 
5773 0.0997673 0.00520187 
5774 0.101236 0.145249 
5775 0.103215 0.2858 
5776 0.21455 -0.136419 
5777 0.216864 0.00417221 
5778 0.21801 0.144046 
5779 0.220038 0.283664 
5780 -0.241044 -0.119489 
5781 -0.239935 0.0120777 
5782 -0.238141 0.144173 
5783 -0.236338 0.27552 
5784 -0.131416 -0.120844 
5785 -0.129592 0.0107609 
5786 -0.128324 0.142001 
5787 -0.126161 0.273972 
5788 -0.0218835 -0.121032 
5789 -0.0198289 0.00939305 
5790 -0.0183121 0.140179 
5791 -0.0169587 0.271099 
5792 0.0870791 -0.122417 
5793 0.0890497 0.00836189 
5794 0.0900365 0.138531 
5795 0.0918663 0.269068 
5796 0.194774 -0.12344 
5797 0.197225 0.00616989 
5798 0.198171 0.136934 
5799 0.200033 0.266746 
5800 -0.230242 -0.108061 
5801 -0.229037 0.0148806 
5802 -0.226656 0.13796 
5803 -0.22527 0.261576 
5804 -0.127969 -0.109189 
5805 -0.125679 0.0129683 
5806 -0.124209 0.136881 
5807 -0.122226 0.25974 
5808 -0.0251777 -0.110501 
5809 -0.0238469 0.0119854 
5810 -0.0219824 0.134643 
5811 -0.0193645 0.257103 
5812 0.0764323 -0.111707 
5813 0.0784702 0.00980025 
5814 0.0805588 0.132193 
5815 0.0821039 0.25484 
5816 0.177546 -0.112509 
5817 0.179398 0.00822093 
5818 0.181319 0.130808 
5819 0.183838 0.252069 
5820 -0.221076 -0.0978424 
5821 -0.219208 0.017343 
5822 -0.217834 0.133174 
5823 -0.215629 0.249699 
5824 -0.125064 -0.0993273 
5825 -0.123139 0.0155729 
5826 -0.120965 0.130686 
5827 -0.118979 0.247073 
5828 -0.0282151 -0.100795 
5829 -0.0263895 0.01436 
5830 -0.0242988 0.128786 
5831 -0.0225359 0.244173 
5832 0.0671115 -0.102941 
5833 0.0692722 0.0123912 
5834 0.0708477 0.12697 
5835 0.0737929 0.241787 
5836 0.16138 -0.103924 
5837 0.163963 0.0104252 
5838 0.166201 0.124723 
5839 0.167846 0.239262 
5840 -0.213815 -0.0896088 
5841 -0.211917 0.0188811 
5842 -0.209588 0.128356 
5843 -0.207182 0.238165 
5844 -0.122364 -0.0914158 
5845 -0.120687 0.0177108 
5846 -0.11763 0.126436 
5847 -0.11608 0.235519 
5848 -0.0313918 -0.0929817 
5849 -0.0297389 0.0156534 
5850 -0.0274256 0.124274 
5851 -0.0244468 0.232461 
5852 0.0585371 -0.0945158 
5853 0.0606237 0.013811 
5854 0.0627385 0.121955 
5855 0.0650751 0.229868 
5856 0.148139 -0.096229 
5857 0.149557 0.01142 
5858 0.152425 0.119287 
5859 0.154524 0.226863 
5860 -0.206838 -0.0828645 
5861 -0.204941 0.0206925 
5862 -0.202213 0.124146 
5863 -0.200195 0.228295 
5864 -0.120326 -0.0847012 
5865 -0.118341 0.0182307 
5866 -0.11601 0.121852 
5867 -0.113814 0.224594 
5868 -0.0350787 -0.0859592 
5869 -0.0318157 0.0169293 
5870 -0.0296021 0.119004 
5871 -0.0279158 0.222441 
5872 0.0500495 -0.0879088 
5873 0.0526439 0.0143281 
5874 0.0549441 0.116319 
5875 0.0582777 0.218888 
5876 0.134738 -0.089267 
5877 0.137493 0.0126081 
5878 0.1396 0.113903 
5879 0.142398 0.216462 
5880 -0.20088 -0.0759805 
5881 -0.199092 0.0222608 
5882 -0.196138 0.119619 
5883 -0.194011 0.218866 
5884 -0.118861 -0.0784196 
5885 -0.116748 0.0193295 
5886 -0.113687 0.117215 
5887 -0.111017 0.215722 
5888 -0.0374473 -0.0795663 
5889 -0.0353981 0.0168828 
5890 -0.0320606 0.114542 
5891 -0.0298145 0.212131 
5892 0.0434837 -0.0816497 
5893 0.0461231 0.0153852 
5894 0.0478945 0.112457 
5895 0.0512851 0.209037 
5896 0.123281 -0.0838481 
5897 0.125567 0.0130861 
5898 0.128794 0.110024 
5899 0.131478 0.206574 
5900 -0.195827 -0.0707925 
5901 -0.193659 0.0230122 
5902 -0.191303 0.115945 
5903 -0.187838 0.209126 
5904 -0.118221 -0.0729435 
5905 -0.115189 0.0198709 
5906 -0.112713 0.113169 
5907 -0.109521 0.206293 
5908 -0.0403909 -0.0743862 
5909 -0.0381098 0.0177952 
5910 -0.0350101 0.110056 
5911 -0.0327568 0.202913 
5912 0.036403 -0.0768984 
5913 0.0387126 0.0152542 
5914 0.0415745 0.107926 
5915 0.0445715 0.200383 
5916 0.112654 -0.0785318 
5917 0.115375 0.0131451 
5918 0.118286 0.104913 
5919 0.120557 0.196645 
5920 -0.191742 -0.0660627 
5921 -0.18883 0.0226105 
5922 -0.1864 0.11238 
5923 -0.183752 0.201021 
5924 -0.11687 -0.0684904 
5925 -0.114458 0.020765 
5926 -0.111633 0.109527 
5927 -0.109042 0.197797 
5928 -0.0429296 -0.0703857 
5929 -0.0406943 0.0176688 
5930 -0.0370392 0.106247 
5931 -0.0345034 0.195016 
5932 0.0297386 -0.0726314 
5933 0.0331818 0.0152184 
5934 0.0358321 0.103747 
5935 0.0383038 0.191304 
5936 0.102901 -0.0744122 
5937 0.105569 0.0131255 
5938 0.108849 0.100392 
5939 0.110919 0.188736 
5940 -0.187382 -0.0616299 
5941 -0.184521 0.0227556 
5942 -0.181639 0.107906 
5943 -0.179441 0.193271 
5944 -0.116349 -0.0639463 
5945 -0.114015 0.0205832 
5946 -0.11053 0.105874 
5947 -0.107295 0.189859 
5948 -0.0458666 -0.0666111 
5949 -0.0433234 0.0180439 
5950 -0.0403296 0.102689 
5951 -0.0370732 0.186939 
5952 0.0246276 -0.0686551 
5953 0.0272423 0.0157777 
5954 0.02979 0.0999028 
5955 0.0330608 0.183966 
5956 0.0939879 -0.070281 
5957 0.0961264 0.0126633 
5958 0.0992514 0.0971589 
5959 0.102 0.180821 
5960 -0.184264 -0.0583113 
5961 -0.181243 0.0234802 
5962 -0.177933 0.104662 
5963 -0.175499 0.186162 
5964 -0.11626 -0.0610973 
5965 -0.11281 0.0201489 
5966 -0.109793 0.101917 
5967 -0.107517 0.182612 
5968 -0.0484116 -0.0631233 
5969 -0.0455508 0.0174005 
5970 -0.0418731 0.0989366 
5971 -0.0388117 0.179835 
5972 0.0189477 -0.065005 
5973 0.0221096 0.0156351 
5974 0.0245781 0.0958963 
5975 0.0272736 0.17575 
5976 0.0848106 -0.0668862 
5977 0.0877104 0.0131351 
5978 0.0906736 0.0930875 
5979 0.0941611 0.172976 
5980 -0.181824 -0.0555887 
5981 -0.178402 0.022742 
5982 -0.174805 0.101116 
5983 -0.171966 0.179899 
5984 -0.115747 -0.057388 
5985 -0.112906 0.0200644 
5986 -0.109769 0.0976314 
5987 -0.106219 0.175567 
5988 -0.0513065 -0.0597463 
5989 -0.0477972 0.0178155 
5990 -0.045166 0.0948207 
5991 -0.041982 0.172162 
5992 0.0135079 -0.0626853 
5993 0.0169264 0.0145141 
5994 0.0198067 0.0917305 
5995 0.0230091 0.169459 
5996 0.0773204 -0.0641446 
5997 0.0806063 0.012067 
5998 0.083731 0.0893113 
5999 0.0865175 0.165809 
6000 -0.178464 -0.0527338 
6001 -0.176052 0.0225537 
6002 -0.172849 0.097499 
6003 -0.169553 0.172956 
6004 -0.116194 -0.0553607 
6005 -0.112229 0.0197442 
6006 -0.109294 0.0940015 
6007 -0.105913 0.169208 
6008 -0.0531533 -0.0578995 
6009 -0.0505462 0.0164811 
6010 -0.047247 0.0914974 
6011 -0.043782 0.165337 
6012 0.00842742 -0.0595094 
6013 0.0118745 0.0139497 
6014 0.0150247 0.0881421 
6015 0.018151 0.161995 
6016 0.0692851 -0.0621505 
6017 0.0730091 0.0115095 
6018 0.0759376 0.0850267 
6019 0.0786736 0.159195 
6020 -0.177071 -0.0510492 
6021 -0.173386 0.0215269 
6022 -0.169863 0.094025 
6023 -0.166602 0.166803 
6024 -0.115836 -0.0527768 
6025 -0.112299 0.0189583 
6026 -0.109341 0.0907244 
6027 -0.10582 0.16297 
6028 -0.0558139 -0.0561113 
6029 -0.0527022 0.0159154 
6030 -0.0494493 0.0875571 
6031 -0.0458306 0.159599 
6032 0.00408254 -0.0584996 
6033 0.00708808 0.0135827 
6034 0.0101228 0.0844369 
6035 0.0137297 0.155709 
6036 0.0624304 -0.0601446 
6037 0.0657498 0.0105041 
6038 0.0685057 0.0815294 
6039 0.072481 0.152721 
6040 -0.17517 -0.0494146 
6041 -0.171814 0.0207849 
6042 -0.168191 0.0906034 
6043 -0.164407 0.160526 
6044 -0.116487 -0.0511813 
6045 -0.112826 0.0180879 
6046 -0.109678 0.0873694 
6047 -0.106272 0.15662 
6048 -0.0583911 -0.0541285 
6049 -0.0547939 0.0153852 
6050 -0.0515341 0.0846012 
6051 -0.0484512 0.153258 
6052 -0.000995626 -0.0560678 
6053 0.0018942 0.0123599 
6054 0.00539183 0.080687 
6055 0.00875602 0.149757 
6056 0.0554752 -0.0590326 
6057 0.0593669 0.00970041 
6058 0.0627823 0.0773976 
6059 0.0652889 0.145957 
6060 -0.173451 -0.0478397 
6061 -0.169435 0.0196185 
6062 -0.166788 0.0871016 
6063 -0.163016 0.154134 
6064 -0.117017 -0.0498582 
6065 -0.113595 0.0166177 
6066 -0.110127 0.0841792 
6067 -0.106364 0.15128 
6068 -0.0601585 -0.0531416 
6069 -0.057479 0.0136823 
6070 -0.0539289 0.0809871 
6071 -0.0506109 0.147361 
6072 -0.00575794 -0.0546702 
6073 -0.00219767 0.0109664 
6074 0.00181184 0.0778586 
6075 0.00419379 0.143605 
6076 0.0494968 -0.0572801 
6077 0.0525726 0.00800842 
6078 0.0563303 0.0745682 
6079 0.0595651 0.140436 
