5740 -0.333666 -0.217083 
5741 -0.333273 -0.0167549 
5742 -0.332861 0.182989 
5743 -0.333159 0.383784 
5744 -0.167072 -0.216528 
5745 -0.166688 -0.0169076 
5746 -0.16645 0.183414 
5747 -0.166378 0.383248 
5748 -0.000132339 -0.217063 
5749 1.87494e-05 -0.0170975 
5750 0.000212386 0.183301 
5751 2.55911e-06 0.383045 
5752 0.166993 -0.217005 
5753 0.166387 -0.0161857 
5754 0.166512 0.18307 
5755 0.166799 0.382874 
5756 0.333409 -0.216867 
5757 0.333121 -0.0162667 
5758 0.332905 0.183774 
5759 0.332871 0.383712 
5760 -0.307304 -0.190842 
5761 -0.306821 -0.00888506 
5762 -0.306175 0.172061 
5763 -0.305449 0.35268 
5764 -0.155999 -0.190336 
5765 -0.155485 -0.0100227 
5766 -0.15454 0.171323 
5767 -0.154426 0.352665 
5768 -0.00518986 -0.190852 
5769 -0.00450947 -0.00984614 
5770 -0.00359539 0.170366 
5771 -0.00355106 0.351568 
5772 0.145357 -0.191637 
5773 0.146445 -0.0106826 
5774 0.146353 0.170647 
5775 0.147608 0.351476 
5776 0.296134 -0.191158 
5777 0.296762 -0.01135 
5778 0.296928 0.169758 
5779 0.297447 0.350326 
5780 -0.285437 -0.169171 
5781 -0.284412 -0.00309305 
5782 -0.283284 0.161962 
5783 -0.282534 0.32761 
5784 -0.147542 -0.16946 
5785 -0.146411 -0.00397987 
5786 -0.145227 0.161099 
5787 -0.144483 0.326986 
5788 -0.00969695 -0.170372 
5789 -0.00805544 -0.00526729 
5790 -0.00732405 0.1606 
5791 -0.00679833 0.325586 
5792 0.128266 -0.170662 
5793 0.129322 -0.00619536 
5794 0.130184 0.159251 
5795 0.130791 0.324087 
5796 0.264649 -0.171402 
5797 0.265769 -0.00655684 
5798 0.266838 0.158537 
5799 0.267924 0.323206 
5800 -0.267198 -0.151694 
5801 -0.26632 0.00131309 
5802 -0.265066 0.153273 
5803 -0.264048 0.306027 
5804 -0.140421 -0.152447 
5805 -0.138934 1.75409e-05 
5806 -0.137745 0.152023 
5807 -0.136517 0.304289 
5808 -0.0138751 -0.153327 
5809 -0.0121539 -0.00145289 
5810 -0.0115334 0.150788 
5811 -0.0103369 0.30297 
5812 0.11235 -0.153788 
5813 0.11411 -0.00182315 
5814 0.115499 0.149521 
5815 0.116118 0.301166 
5816 0.238452 -0.153978 
5817 0.239742 -0.0032371 
5818 0.24127 0.147945 
5819 0.242975 0.299395 
5820 -0.252369 -0.136951 
5821 -0.251614 0.00414466 
5822 -0.249528 0.146101 
5823 -0.248842 0.287147 
5824 -0.134203 -0.137504 
5825 -0.133677 0.00307121 
5826 -0.132108 0.144234 
5827 -0.130386 0.285562 
5828 -0.017379 -0.138613 
5829 -0.016051 0.0021684 
5830 -0.0145889 0.142916 
5831 -0.0124286 0.283405 
5832 0.0995593 -0.139316 
5833 0.101358 0.00123928 
5834 0.102967 0.140725 
5835 0.10462 0.281361 
5836 0.216087 -0.139994 
5837 0.217969 -0.000562493 
5838 0.219551 0.139893 
5839 0.220876 0.279335 
5840 -0.240334 -0.124011 
5841 -0.237941 0.00706786 
5842 -0.236501 0.139464 
5843 -0.234744 0.270671 
5844 -0.129577 -0.124958 
5845 -0.128508 0.0057982 
5846 -0.126197 0.137809 
5847 -0.125251 0.268852 
5848 -0.0204177 -0.126254 
5849 -0.0188061 0.00472392 
5850 -0.0174794 0.135172 
5851 -0.0152565 0.266055 
5852 0.08805 -0.127487 
5853 0.0900237 0.00312696 
5854 0.091257 0.133258 
5855 0.0933635 0.264784 
5856 0.196437 -0.128499 
5857 0.19804 0.00174239 
5858 0.199522 0.131754 
5859 0.20152 0.26263 
5860 -0.229298 -0.113079 
5861 -0.227844 0.00957583 
5862 -0.225825 0.132553 
5863 -0.223675 0.256607 
5864 -0.126096 -0.114639 
5865 -0.124713 0.00797243 
5866 -0.122301 0.130736 
5867 -0.120209 0.254352 
5868 -0.0235791 -0.1159 
5869 -0.0224669 0.0058511 
5870 -0.0195564 0.128625 
5871 -0.0180549 0.251506 
5872 0.0781966 -0.11744 
5873 0.0801956 0.00422547 
5874 0.0812737 0.127185 
5875 0.0834908 0.249121 
5876 0.178795 -0.118199 
5877 0.180652 0.00277601 
5878 0.183369 0.125235 
5879 0.184889 0.246859 
5880 -0.220385 -0.10426 
5881 -0.218471 0.0109478 
5882 -0.216256 0.127145 
5883 -0.213503 0.243116 
5884 -0.122869 -0.106037 
5885 -0.120973 0.00956846 
5886 -0.118909 0.124599 
5887 -0.117163 0.240856 
5888 -0.0270578 -0.107125 
5889 -0.0246095 0.00813248 
5890 -0.0231984 0.123064 
5891 -0.0207614 0.238341 
5892 0.0681458 -0.108622 
5893 0.070538 0.00555763 
5894 0.072837 0.120203 
5895 0.0755224 0.235264 
5896 0.163048 -0.110178 
5897 0.166021 0.00429377 
5898 0.167584 0.118136 
5899 0.169735 0.232667 
5900 -0.21222 -0.0970046 
5901 -0.209822 0.0128095 
5902 -0.207427 0.122374 
5903 -0.205062 0.230883 
5904 -0.120587 -0.098056 
5905 -0.118145 0.0101759 
5906 -0.116056 0.119762 
5907 -0.114255 0.228714 
5908 -0.030104 -0.099598 
5909 -0.0273998 0.00866069 
5910 -0.0258873 0.117065 
5911 -0.0227305 0.22519 
5912 0.0595866 -0.101341 
5913 0.0627809 0.0067188 
5914 0.0650642 0.114713 
5915 0.0666824 0.222623 
5916 0.149515 -0.10332 
5917 0.151609 0.00425091 
5918 0.153811 0.111968 
5919 0.156445 0.220034 
5920 -0.205205 -0.0905 
5921 -0.203022 0.013644 
5922 -0.200182 0.117183 
5923 -0.198293 0.220522 
5924 -0.119158 -0.0919136 
5925 -0.116679 0.0114935 
5926 -0.113536 0.114384 
5927 -0.11114 0.217102 
5928 -0.0331116 -0.0931617 
5929 -0.0306363 0.00890047 
5930 -0.0278037 0.111411 
5931 -0.0253908 0.214122 
5932 0.0522292 -0.0951538 
5933 0.0550005 0.00723453 
5934 0.0572714 0.109426 
5935 0.060045 0.211589 
5936 0.13676 -0.096999 
5937 0.138857 0.00446941 
5938 0.141952 0.106919 
5939 0.144122 0.208506 
5940 -0.199388 -0.0844831 
5941 -0.197144 0.0141727 
5942 -0.193735 0.112007 
5943 -0.191082 0.210108 
5944 -0.117278 -0.0865484 
5945 -0.114784 0.0119018 
5946 -0.112427 0.109683 
5947 -0.109388 0.207406 
5948 -0.036109 -0.0875273 
5949 -0.033149 0.00940812 
5950 -0.0306143 0.107163 
5951 -0.0281589 0.204338 
5952 0.0447695 -0.0895355 
5953 0.0474591 0.00729517 
5954 0.0505216 0.104561 
5955 0.0532909 0.200611 
5956 0.125519 -0.0912631 
5957 0.127569 0.00452363 
5958 0.130555 0.101718 
5959 0.132869 0.198485 
5960 -0.194323 -0.079365 
5961 -0.191689 0.0135251 
5962 -0.188456 0.107033 
5963 -0.185623 0.201126 
5964 -0.115988 -0.0810961 
5965 -0.113736 0.0121059 
5966 -0.110433 0.104326 
5967 -0.10762 0.19759 
5968 -0.0383486 -0.0830036 
5969 -0.0355982 0.00884499 
5970 -0.0327658 0.102276 
5971 -0.0304691 0.194878 
5972 0.0380843 -0.0848876 
5973 0.0408374 0.00742487 
5974 0.0438221 0.0992167 
5975 0.046394 0.191754 
5976 0.114675 -0.0875805 
5977 0.117144 0.00497255 
5978 0.120213 0.0961507 
5979 0.123178 0.188251 
5980 -0.190084 -0.075417 
5981 -0.186792 0.0143493 
5982 -0.183983 0.102966 
5983 -0.181245 0.192243 
5984 -0.114766 -0.0769857 
5985 -0.111942 0.0112303 
5986 -0.109226 0.100028 
5987 -0.10668 0.188769 
5988 -0.0414026 -0.0792447 
5989 -0.0383549 0.00891368 
5990 -0.0349184 0.0968737 
5991 -0.0322332 0.185763 
5992 0.0320368 -0.0813047 
5993 0.0353905 0.00607132 
5994 0.0383574 0.0948904 
5995 0.0411082 0.182893 
5996 0.104784 -0.0832384 
5997 0.107792 0.00433227 
5998 0.1103 0.0917575 
5999 0.113191 0.178877 
6000 -0.186094 -0.0717196 
6001 -0.182455 0.0134134 
6002 -0.18024 0.0992429 
6003 -0.176698 0.184073 
6004 -0.114529 -0.0734197 
6005 -0.111457 0.0113357 
6006 -0.108514 0.0954996 
6007 -0.105107 0.180848 
6008 -0.0440121 -0.0758765 
6009 -0.0407428 0.00848359 
6010 -0.0381329 0.0928963 
6011 -0.0351366 0.177316 
6012 0.0264698 -0.0783186 
6013 0.0298046 0.00576431 
6014 0.0327938 0.0899072 
6015 0.0351177 0.174232 
6016 0.0953637 -0.080247 
6017 0.0990119 0.00318165 
6018 0.101729 0.0873347 
6019 0.104895 0.170452 
6020 -0.182117 -0.0689646 
6021 -0.179275 0.0127387 
6022 -0.176285 0.0944452 
6023 -0.173277 0.17572 
6024 -0.113594 -0.0706667 
6025 -0.111318 0.0102776 
6026 -0.107818 0.091812 
6027 -0.104957 0.172694 
6028 -0.0465318 -0.0735464 
6029 -0.0428588 0.00766893 
6030 -0.0402356 0.0880977 
6031 -0.0368882 0.169507 
6032 0.0212646 -0.074988 
6033 0.0243441 0.00543031 
6034 0.0268606 0.0857178 
6035 0.0301225 0.16575 
6036 0.0876821 -0.0769341 
6037 0.0904706 0.00294023 
6038 0.0936373 0.083039 
6039 0.0965898 0.162582 
6040 -0.179558 -0.0657653 
6041 -0.175645 0.0126426 
6042 -0.173205 0.0903692 
6043 -0.169478 0.168336 
6044 -0.113704 -0.068738 
6045 -0.110003 0.00992734 
6046 -0.107175 0.0872625 
6047 -0.104415 0.165021 
6048 -0.0485984 -0.071089 
6049 -0.0455289 0.00700244 
6050 -0.0419546 0.0840747 
6051 -0.039305 0.161692 
6052 0.0160122 -0.0725952 
6053 0.0185517 0.00423227 
6054 0.0216616 0.0815035 
6055 0.0248067 0.158602 
6056 0.0790577 -0.0749569 
6057 0.0826952 0.00145272 
6058 0.0852238 0.0784854 
6059 0.0887897 0.1556 
6060 -0.177132 -0.0645239 
6061 -0.173426 0.01135 
6062 -0.170588 0.0867166 
6063 -0.167179 0.161967 
6064 -0.113049 -0.0665592 
6065 -0.10983 0.00852683 
6066 -0.106767 0.0838288 
6067 -0.104115 0.158376 
6068 -0.0514971 -0.0689136 
6069 -0.0483287 0.00619602 
6070 -0.0449189 0.0801736 
6071 -0.0416366 0.155181 
6072 0.0107574 -0.0708731 
6073 0.0142103 0.00305722 
6074 0.0172902 0.07696 
6075 0.0199331 0.151102 
6076 0.0720625 -0.0731842 
6077 0.0746268 0.000491069 
6078 0.0778113 0.0737927 
6079 0.0815923 0.147463 
6080 -0.173907 -0.0620484 
6081 -0.170917 0.010089 
6082 -0.168139 0.0825619 
6083 -0.164906 0.154602 
6084 -0.113582 -0.0649653 
6085 -0.11021 0.00769531 
6086 -0.107041 0.079161 
6087 -0.103636 0.151801 
6088 -0.053516 -0.0676244 
6089 -0.0502055 0.0049336 
6090 -0.04665 0.0758906 
6091 -0.043364 0.147958 
6092 0.00608769 -0.0695019 
6093 0.00888578 0.00221449 
6094 0.0125695 0.0728787 
6095 0.0161196 0.144439 
6096 0.0648756 -0.072006 
6097 0.0684713 -0.000665152 
6098 0.0711826 0.0702973 
6099 0.0740161 0.141041 
6100 -0.172814 -0.061482 
6101 -0.168835 0.00853751 
6102 -0.165446 0.079188 
6103 -0.162315 0.148175 
6104 -0.114262 -0.0632807 
6105 -0.110128 0.00611987 
6106 -0.106859 0.0757977 
6107 -0.103607 0.14526 
6108 -0.0562431 -0.0655766 
6109 -0.0523272 0.00279369 
6110 -0.0490159 0.07244 
6111 -0.0456554 0.141491 
6112 0.00143075 -0.0680016 
6113 0.0049479 0.000758687 
6114 0.00795743 0.0694041 
6115 0.0116037 0.138257 
6116 0.0588326 -0.0704986 
6117 0.0616212 -0.00176654 
6118 0.0645075 0.0666256 
6119 0.0682246 0.13403 
6120 -0.170436 -0.0601754 
6121 -0.167578 0.00702769 
6122 -0.163766 0.0743994 
6123 -0.160786 0.142734 
6124 -0.114294 -0.0619889 
6125 -0.110561 0.00451915 
6126 -0.106982 0.0712102 
6127 -0.103698 0.138444 
6128 -0.0581109 -0.0653234 
6129 -0.0550241 0.00183613 
6130 -0.0510558 0.068895 
6131 -0.0479421 0.135163 
6132 -0.00291104 -0.0675207 
6133 0.000475429 -0.00134228 
6134 0.00344353 0.0652232 
6135 0.0075537 0.131631 
6136 0.0516559 -0.0698901 
6137 0.0556944 -0.00337321 
6138 0.0583429 0.0627551 
6139 0.0612456 0.128534 
