5800 -0.333113 -0.216506 
5801 -0.333606 -0.0167353 
5802 -0.333287 0.183351 
5803 -0.332862 0.382865 
5804 -0.166774 -0.216218 
5805 -0.16703 -0.016497 
5806 -0.16663 0.183444 
5807 -0.166954 0.382979 
5808 0.000286908 -0.216896 
5809 0.000425815 -0.0168764 
5810 0.000467195 0.183761 
5811 0.000126505 0.383791 
5812 0.16641 -0.21632 
5813 0.166796 -0.0167277 
5814 0.167001 0.182896 
5815 0.166215 0.383491 
5816 0.333696 -0.216594 
5817 0.332969 -0.016682 
5818 0.332901 0.18306 
5819 0.333147 0.383573 
5820 -0.30624 -0.191588 
5821 -0.305783 -0.0102869 
5822 -0.30522 0.170839 
5823 -0.305237 0.352118 
5824 -0.155739 -0.192085 
5825 -0.155164 -0.0109726 
5826 -0.154455 0.169633 
5827 -0.153892 0.350684 
5828 -0.00493209 -0.192663 
5829 -0.00407789 -0.0111522 
5830 -0.00360668 0.169142 
5831 -0.00303779 0.350808 
5832 0.146149 -0.192697 
5833 0.146049 -0.0117908 
5834 0.146869 0.16931 
5835 0.1479 0.349475 
5836 0.296121 -0.193006 
5837 0.297015 -0.012619 
5838 0.297021 0.168471 
5839 0.298181 0.348677 
5840 -0.284994 -0.17201 
5841 -0.283456 -0.00578369 
5842 -0.283538 0.160154 
5843 -0.281789 0.325591 
5844 -0.146454 -0.171791 
5845 -0.145948 -0.00653721 
5846 -0.144797 0.159042 
5847 -0.144173 0.32436 
5848 -0.00917518 -0.17224 
5849 -0.00835375 -0.00729306 
5850 -0.00694208 0.157419 
5851 -0.006209 0.32326 
5852 0.128327 -0.173447 
5853 0.129311 -0.00770302 
5854 0.130581 0.156447 
5855 0.131501 0.322121 
5856 0.266016 -0.173458 
5857 0.266473 -0.009048 
5858 0.267933 0.155667 
5859 0.268714 0.320593 
5860 -0.267149 -0.154909 
5861 -0.265441 -0.00210062 
5862 -0.263925 0.149872 
5863 -0.263555 0.302729 
5864 -0.139857 -0.155804 
5865 -0.138646 -0.00352972 
5866 -0.137404 0.149303 
5867 -0.135853 0.301195 
5868 -0.0123739 -0.156218 
5869 -0.0110539 -0.00400305 
5870 -0.00978065 0.147958 
5871 -0.00880985 0.299301 
5872 0.113575 -0.157372 
5873 0.114718 -0.00526388 
5874 0.116174 0.145822 
5875 0.117804 0.298123 
5876 0.239746 -0.157457 
5877 0.241233 -0.0062951 
5878 0.241928 0.145159 
5879 0.243393 0.296181 
5880 -0.251236 -0.141216 
5881 -0.249904 0.000692286 
5882 -0.248853 0.141343 
5883 -0.247155 0.283291 
5884 -0.133628 -0.142146 
5885 -0.132267 -0.000964314 
5886 -0.130613 0.139994 
5887 -0.129416 0.280659 
5888 -0.0160927 -0.143162 
5889 -0.0146957 -0.00188778 
5890 -0.0132283 0.138381 
5891 -0.0116782 0.279355 
5892 0.100591 -0.14403 
5893 0.102643 -0.00363625 
5894 0.103916 0.136648 
5895 0.105294 0.276922 
5896 0.216743 -0.144283 
5897 0.218653 -0.00480657 
5898 0.21986 0.134768 
5899 0.221408 0.275207 
5900 -0.239061 -0.129743 
5901 -0.236852 0.00196636 
5902 -0.235444 0.134124 
5903 -0.233476 0.265482 
5904 -0.129104 -0.130019 
5905 -0.127473 0.000983863 
5906 -0.124845 0.132221 
5907 -0.123881 0.263734 
5908 -0.0196635 -0.131586 
5909 -0.0178082 -0.000382171 
5910 -0.0160025 0.130581 
5911 -0.0137088 0.261548 
5912 0.0897404 -0.132241 
5913 0.0910674 -0.001688 
5914 0.0934508 0.128468 
5915 0.0952708 0.258862 
5916 0.197438 -0.133488 
5917 0.199406 -0.00316297 
5918 0.201523 0.126496 
5919 0.202886 0.257069 
5920 -0.228074 -0.119526 
5921 -0.225932 0.00382009 
5922 -0.223693 0.126754 
5923 -0.221524 0.250149 
5924 -0.125322 -0.121006 
5925 -0.122521 0.00192187 
5926 -0.120953 0.125273 
5927 -0.118809 0.247953 
5928 -0.0225273 -0.121793 
5929 -0.0201889 0.000688529 
5930 -0.018209 0.122496 
5931 -0.0160854 0.245926 
5932 0.079386 -0.12351 
5933 0.0817102 -0.000900549 
5934 0.0832188 0.12085 
5935 0.0849914 0.243011 
5936 0.180698 -0.124737 
5937 0.182156 -0.003263 
5938 0.183943 0.118923 
5939 0.186135 0.240226 
5940 -0.218499 -0.111301 
5941 -0.216327 0.0043339 
5942 -0.214092 0.120484 
5943 -0.211679 0.236743 
5944 -0.121521 -0.112389 
5945 -0.119073 0.00329941 
5946 -0.117027 0.11803 
5947 -0.115089 0.234228 
5948 -0.0250974 -0.113971 
5949 -0.0235252 0.000812926 
5950 -0.0208718 0.116503 
5951 -0.0186167 0.230977 
5952 0.0705139 -0.115629 
5953 0.0719441 -0.000332561 
5954 0.0745127 0.113649 
5955 0.0770016 0.228284 
5956 0.165129 -0.116903 
5957 0.167371 -0.00263416 
5958 0.169656 0.111651 
5959 0.171995 0.225744 
5960 -0.210753 -0.104288 
5961 -0.208554 0.00501288 
5962 -0.205942 0.114625 
5963 -0.203386 0.224392 
5964 -0.119075 -0.105564 
5965 -0.117224 0.00360778 
5966 -0.114271 0.112596 
5967 -0.111944 0.221377 
5968 -0.0284138 -0.10722 
5969 -0.0261937 0.00151136 
5970 -0.0238435 0.109358 
5971 -0.02121 0.218619 
5972 0.0617991 -0.10873 
5973 0.0643016 -0.000528789 
5974 0.0662078 0.107387 
5975 0.0687747 0.215527 
5976 0.150758 -0.110435 
5977 0.153715 -0.0025298 
5978 0.155831 0.104641 
5979 0.158075 0.212677 
5980 -0.203896 -0.0980577 
5981 -0.201094 0.00526752 
5982 -0.198639 0.109398 
5983 -0.195901 0.212158 
5984 -0.116654 -0.0997453 
5985 -0.114031 0.00356421 
5986 -0.111589 0.106824 
5987 -0.109536 0.209884 
5988 -0.0313741 -0.101706 
5989 -0.0288422 0.000974424 
5990 -0.0257545 0.103612 
5991 -0.0231608 0.20605 
5992 0.053761 -0.103338 
5993 0.0566096 -0.00110873 
5994 0.0592481 0.101557 
5995 0.0617212 0.203659 
5996 0.138222 -0.105147 
5997 0.141509 -0.00335012 
5998 0.143998 0.0984475 
5999 0.146472 0.200194 
6000 -0.197472 -0.0927473 
6001 -0.19523 0.00507582 
6002 -0.192182 0.103749 
6003 -0.189734 0.201337 
6004 -0.115043 -0.0944468 
6005 -0.112894 0.00330646 
6006 -0.109609 0.101107 
6007 -0.107132 0.198446 
6008 -0.0335926 -0.0967497 
6009 -0.0311247 0.00109639 
6010 -0.0286751 0.098227 
6011 -0.0255314 0.196037 
6012 0.0466083 -0.0983307 
6013 0.0496771 -0.00118032 
6014 0.0520538 0.0960477 
6015 0.0545984 0.192537 
6016 0.127353 -0.0999286 
6017 0.129879 -0.00384996 
6018 0.13212 0.0932118 
6019 0.135372 0.189694 
6020 -0.191934 -0.0885609 
6021 -0.18982 0.00469597 
6022 -0.187069 0.0986664 
6023 -0.184075 0.192014 
6024 -0.114408 -0.0907868 
6025 -0.110838 0.00261275 
6026 -0.108109 0.0960442 
6027 -0.105256 0.18894 
6028 -0.0361683 -0.0923424 
6029 -0.0338302 0.000247983 
6030 -0.0307352 0.0933496 
6031 -0.0280884 0.185817 
6032 0.0404744 -0.0942142 
6033 0.0436993 -0.00211461 
6034 0.0456907 0.0902734 
6035 0.0487937 0.182752 
6036 0.117249 -0.0965852 
6037 0.119337 -0.0042892 
6038 0.12201 0.0870756 
6039 0.12475 0.179677 
6040 -0.18806 -0.0853016 
6041 -0.184753 0.00393729 
6042 -0.181928 0.0929714 
6043 -0.179006 0.182196 
6044 -0.112964 -0.0872706 
6045 -0.110507 0.00165295 
6046 -0.107164 0.0910023 
6047 -0.104233 0.178837 
6048 -0.0387367 -0.0894365 
6049 -0.0355617 -0.000819895 
6050 -0.0330749 0.0879259 
6051 -0.0300785 0.176266 
6052 0.0342193 -0.0912277 
6053 0.0374513 -0.00320292 
6054 0.0397347 0.0848051 
6055 0.0427528 0.172414 
6056 0.107066 -0.0933526 
6057 0.109734 -0.00537799 
6058 0.11254 0.081831 
6059 0.115166 0.169564 
6060 -0.183285 -0.0820688 
6061 -0.180972 0.00308206 
6062 -0.177714 0.0888311 
6063 -0.174564 0.173889 
6064 -0.1118 -0.0837928 
6065 -0.108771 0.000948251 
6066 -0.106357 0.0858439 
6067 -0.103029 0.170107 
6068 -0.0412924 -0.0857944 
6069 -0.0383462 -0.00200547 
6070 -0.0358922 0.0824312 
6071 -0.0327121 0.16713 
6072 0.0289219 -0.0885792 
6073 0.0317431 -0.00446939 
6074 0.0345727 0.0800816 
6075 0.0373525 0.163757 
6076 0.0985586 -0.0899953 
6077 0.101322 -0.00674912 
6078 0.103775 0.0766898 
6079 0.106564 0.160251 
6080 -0.180543 -0.0794636 
6081 -0.17665 0.00280314 
6082 -0.173916 0.0839561 
6083 -0.17119 0.165052 
6084 -0.111167 -0.0812957 
6085 -0.108547 -0.000363699 
6086 -0.105919 0.0806162 
6087 -0.102495 0.16226 
6088 -0.0438377 -0.0839325 
6089 -0.0412436 -0.00250979 
6090 -0.0378967 0.0782287 
6091 -0.0350983 0.159268 
6092 0.0236599 -0.0860924 
6093 0.0261632 -0.00483107 
6094 0.0289092 0.0756761 
6095 0.0326495 0.15601 
6096 0.0895906 -0.0874061 
6097 0.0932292 -0.00809602 
6098 0.0952775 0.0722558 
6099 0.0983964 0.152122 
6100 -0.176496 -0.0772512 
6101 -0.173439 0.00142706 
6102 -0.17101 0.0796961 
6103 -0.167101 0.157796 
6104 -0.111299 -0.0797162 
6105 -0.108481 -0.00112637 
6106 -0.105405 0.0769199 
6107 -0.101429 0.153874 
6108 -0.0465368 -0.0817524 
6109 -0.042733 -0.00407388 
6110 -0.040143 0.0737245 
6111 -0.0366646 0.150631 
6112 0.0181758 -0.0836373 
6113 0.0214388 -0.00699435 
6114 0.0240345 0.0702501 
6115 0.0270224 0.147684 
6116 0.0816754 -0.0858776 
6117 0.0852266 -0.00900046 
6118 0.087543 0.067837 
6119 0.0911743 0.1443 
6120 -0.173906 -0.0757845 
6121 -0.170896 -0.000202406 
6122 -0.167823 0.0747417 
6123 -0.164172 0.150684 
6124 -0.111046 -0.0774884 
6125 -0.108332 -0.00288115 
6126 -0.104616 0.0720154 
6127 -0.101894 0.147151 
6128 -0.0483527 -0.0802952 
6129 -0.0455985 -0.005636 
6130 -0.042647 0.0689871 
6131 -0.0386532 0.143627 
6132 0.0132332 -0.0821144 
6133 0.0168822 -0.00841001 
6134 0.0194386 0.0658754 
6135 0.0229155 0.139576 
6136 0.0748138 -0.0843105 
6137 0.0774035 -0.0110146 
6138 0.0810383 0.0629582 
6139 0.0837898 0.136385 
6140 -0.171416 -0.0744024 
6141 -0.168666 -0.00143542 
6142 -0.165073 0.0710244 
6143 -0.16232 0.143566 
6144 -0.111314 -0.0767512 
6145 -0.108245 -0.0044895 
6146 -0.10465 0.0681508 
6147 -0.101674 0.139928 
6148 -0.0505921 -0.0789936 
6149 -0.0472064 -0.00752953 
6150 -0.0447706 0.0648057 
6151 -0.0408238 0.136266 
6152 0.00922054 -0.0806713 
6153 0.0121447 -0.00931057 
6154 0.0151057 0.0616344 
6155 0.0179161 0.132601 
6156 0.0676771 -0.0837674 
6157 0.0708951 -0.012636 
6158 0.0742399 0.0588306 
6159 0.0769014 0.12982 
6160 -0.169815 -0.0738304 
6161 -0.16677 -0.00357709 
6162 -0.163252 0.0662114 
6163 -0.159755 0.136514 
6164 -0.111506 -0.0759503 
6165 -0.107981 -0.00642203 
6166 -0.104918 0.0638175 
6167 -0.101087 0.133245 
6168 -0.0528247 -0.0782785 
6169 -0.050183 -0.00844442 
6170 -0.0462063 0.0605768 
6171 -0.0432928 0.128858 
6172 0.00415216 -0.0804904 
6173 0.00748231 -0.0111924 
6174 0.0106755 0.0576362 
6175 0.0140655 0.126101 
6176 0.0609587 -0.0824554 
6177 0.0645122 -0.0136526 
6178 0.0669551 0.0541101 
6179 0.0704811 0.122726 
6180 -0.167577 -0.0728544 
6181 -0.16439 -0.00484537 
6182 -0.161268 0.0626575 
6183 -0.157409 0.12974 
6184 -0.111262 -0.0751964 
6185 -0.108483 -0.00787988 
6186 -0.104876 0.0596866 
6187 -0.101753 0.126006 
6188 -0.055464 -0.0776652 
6189 -0.0521468 -0.0103315 
6190 -0.0483788 0.0559621 
6191 -0.0455131 0.123174 
6192 -0.000165335 -0.0796169 
6193 0.00351384 -0.0128726 
6194 0.00610018 0.0536501 
6195 0.00953692 0.119715 
6196 0.0549794 -0.0822202 
6197 0.0583615 -0.0161793 
6198 0.0615416 0.0497299 
6199 0.0645099 0.116092 
