5820 -0.333682 -0.217007 
5821 -0.333703 -0.0162748 
5822 -0.33289 0.183291 
5823 -0.333226 0.38362 
5824 -0.166608 -0.217019 
5825 -0.167064 -0.016198 
5826 -0.166853 0.183611 
5827 -0.166247 0.383347 
5828 0.000192389 -0.216224 
5829 0.00032935 -0.0166047 
5830 0.000182372 0.183389 
5831 0.000221297 0.383623 
5832 0.167107 -0.216476 
5833 0.1671 -0.0165284 
5834 0.166194 0.182956 
5835 0.166731 0.382958 
5836 0.333379 -0.217074 
5837 0.333408 -0.0164016 
5838 0.333781 0.183483 
5839 0.332894 0.382981 
5840 -0.306704 -0.192566 
5841 -0.305515 -0.0113518 
5842 -0.305524 0.170628 
5843 -0.305393 0.351172 
5844 -0.155257 -0.192944 
5845 -0.154568 -0.011095 
5846 -0.154098 0.169105 
5847 -0.153538 0.350811 
5848 -0.00418189 -0.192553 
5849 -0.00380239 -0.0115715 
5850 -0.003644 0.168558 
5851 -0.00346932 0.35028 
5852 0.146382 -0.193086 
5853 0.14687 -0.0119032 
5854 0.146741 0.16871 
5855 0.147534 0.349188 
5856 0.296565 -0.19315 
5857 0.297116 -0.0131639 
5858 0.297603 0.167504 
5859 0.29767 0.348493 
5860 -0.284425 -0.172403 
5861 -0.283288 -0.00654555 
5862 -0.282382 0.158657 
5863 -0.282135 0.3246 
5864 -0.14684 -0.173339 
5865 -0.144997 -0.00741042 
5866 -0.145082 0.158236 
5867 -0.143254 0.323299 
5868 -0.00820569 -0.17318 
5869 -0.00759558 -0.00876272 
5870 -0.00656159 0.156765 
5871 -0.00568368 0.322501 
5872 0.12876 -0.173607 
5873 0.130114 -0.00923538 
5874 0.130227 0.155638 
5875 0.131791 0.320509 
5876 0.266373 -0.174467 
5877 0.266958 -0.010149 
5878 0.26799 0.155103 
5879 0.269 0.319594 
5880 -0.266381 -0.155609 
5881 -0.265605 -0.00314071 
5882 -0.264301 0.148975 
5883 -0.263169 0.301586 
5884 -0.138932 -0.156824 
5885 -0.137675 -0.00478801 
5886 -0.136868 0.147678 
5887 -0.135571 0.29976 
5888 -0.0119625 -0.158057 
5889 -0.0110793 -0.00604139 
5890 -0.00932989 0.145824 
5891 -0.0088421 0.29876 
5892 0.113865 -0.158238 
5893 0.114863 -0.00625166 
5894 0.116801 0.145397 
5895 0.117898 0.296742 
5896 0.239638 -0.158916 
5897 0.241236 -0.00744051 
5898 0.24257 0.143467 
5899 0.243361 0.294662 
5900 -0.251271 -0.14289 
5901 -0.249692 -0.0012312 
5902 -0.248154 0.139886 
5903 -0.246655 0.281442 
5904 -0.133244 -0.143109 
5905 -0.13215 -0.00254883 
5906 -0.130377 0.138834 
5907 -0.128264 0.279375 
5908 -0.0158576 -0.144834 
5909 -0.0145211 -0.00386773 
5910 -0.0127958 0.137345 
5911 -0.0115353 0.277654 
5912 0.101441 -0.145326 
5913 0.102452 -0.00459462 
5914 0.104018 0.135629 
5915 0.10617 0.275831 
5916 0.217704 -0.14676 
5917 0.218668 -0.00672459 
5918 0.220651 0.133625 
5919 0.222085 0.273937 
5920 -0.238461 -0.130701 
5921 -0.237071 0.00025736 
5922 -0.23475 0.132243 
5923 -0.233242 0.263576 
5924 -0.128055 -0.132468 
5925 -0.126292 -0.00120136 
5926 -0.124678 0.130138 
5927 -0.122594 0.261296 
5928 -0.0187517 -0.133677 
5929 -0.0173075 -0.00232077 
5930 -0.0156765 0.128725 
5931 -0.0132832 0.259815 
5932 0.0898749 -0.134712 
5933 0.0921259 -0.00374625 
5934 0.0932392 0.126605 
5935 0.0955748 0.256962 
5936 0.198334 -0.13584 
5937 0.200304 -0.00551401 
5938 0.201435 0.124443 
5939 0.20325 0.254669 
5940 -0.227305 -0.122059 
5941 -0.225238 0.00140026 
5942 -0.223072 0.124723 
5943 -0.221108 0.248362 
5944 -0.124826 -0.122605 
5945 -0.122716 0.000357956 
5946 -0.119964 0.123202 
5947 -0.118499 0.245565 
5948 -0.0220769 -0.124554 
5949 -0.0197028 -0.00169862 
5950 -0.0177817 0.120919 
5951 -0.0155957 0.24342 
5952 0.0796685 -0.125352 
5953 0.0818874 -0.00366796 
5954 0.0833893 0.118574 
5955 0.0855811 0.240488 
5956 0.181199 -0.12671 
5957 0.183241 -0.00492354 
5958 0.185044 0.116389 
5959 0.186953 0.238627 
5960 -0.218345 -0.11358 
5961 -0.215647 0.00278795 
5962 -0.213763 0.118387 
5963 -0.211513 0.234537 
5964 -0.120766 -0.115012 
5965 -0.118544 0.000400542 
5966 -0.116981 0.115944 
5967 -0.114969 0.231075 
5968 -0.0250557 -0.116586 
5969 -0.0225995 -0.00115246 
5970 -0.0201111 0.113596 
5971 -0.0182476 0.228801 
5972 0.0706827 -0.11735 
5973 0.0727808 -0.00282051 
5974 0.0750384 0.111957 
5975 0.0769183 0.226065 
5976 0.165324 -0.118835 
5977 0.167819 -0.00494022 
5978 0.169625 0.109275 
5979 0.172153 0.223595 
5980 -0.209773 -0.106179 
5981 -0.207761 0.00299784 
5982 -0.205247 0.111709 
5983 -0.202781 0.221865 
5984 -0.118122 -0.108411 
5985 -0.116186 0.000260309 
5986 -0.114118 0.109916 
5987 -0.111299 0.218955 
5988 -0.0276355 -0.110262 
5989 -0.0253225 -0.00138028 
5990 -0.0227345 0.107739 
5991 -0.0202251 0.215897 
5992 0.0621531 -0.111338 
5993 0.0645119 -0.00327461 
5994 0.0674977 0.104473 
5995 0.0699098 0.212524 
5996 0.151533 -0.113037 
5997 0.153893 -0.00475441 
5998 0.156424 0.102633 
5999 0.158938 0.20973 
6000 -0.203437 -0.100887 
6001 -0.200942 0.00232761 
6002 -0.197547 0.106592 
6003 -0.195403 0.209867 
6004 -0.116636 -0.10244 
6005 -0.113925 0.00027612 
6006 -0.111432 0.103796 
6007 -0.108975 0.206833 
6008 -0.0309198 -0.104634 
6009 -0.0276616 -0.00188999 
6010 -0.0250531 0.100666 
6011 -0.0225869 0.203305 
6012 0.0545824 -0.106018 
6013 0.0569045 -0.0031687 
6014 0.0593203 0.0981784 
6015 0.062661 0.200476 
6016 0.139665 -0.107167 
6017 0.141976 -0.00547394 
6018 0.144614 0.0965996 
6019 0.147223 0.197903 
6020 -0.197027 -0.0964028 
6021 -0.194413 0.00261793 
6022 -0.191571 0.100203 
6023 -0.189101 0.198402 
6024 -0.115086 -0.0980218 
6025 -0.112205 4.79447e-05 
6026 -0.109113 0.0982354 
6027 -0.106851 0.19527 
6028 -0.0335594 -0.0993353 
6029 -0.0304136 -0.00191775 
6030 -0.027423 0.0950317 
6031 -0.0256062 0.192741 
6032 0.0478224 -0.10102 
6033 0.0502934 -0.0043968 
6034 0.0532034 0.0925657 
6035 0.0554849 0.189667 
6036 0.127548 -0.103503 
6037 0.13083 -0.00675032 
6038 0.133123 0.089996 
6039 0.136028 0.187141 
6040 -0.191576 -0.0916433 
6041 -0.18919 0.00189207 
6042 -0.186342 0.0956485 
6043 -0.183556 0.188529 
6044 -0.113748 -0.0935955 
6045 -0.110287 -0.000477403 
6046 -0.107233 0.0924871 
6047 -0.104704 0.185983 
6048 -0.0357115 -0.0959818 
6049 -0.0332703 -0.0027583 
6050 -0.030362 0.0899468 
6051 -0.0277564 0.182875 
6052 0.0414242 -0.0972786 
6053 0.0445004 -0.00507816 
6054 0.0472116 0.0873635 
6055 0.049766 0.17881 
6056 0.118092 -0.0996113 
6057 0.120616 -0.00758573 
6058 0.123171 0.0843997 
6059 0.125139 0.176267 
6060 -0.18672 -0.0880567 
6061 -0.184154 0.000526412 
6062 -0.180895 0.0905605 
6063 -0.177722 0.179305 
6064 -0.112251 -0.0905373 
6065 -0.109188 -0.00149661 
6066 -0.106528 0.0869097 
6067 -0.103938 0.175674 
6068 -0.0383385 -0.0917881 
6069 -0.0354175 -0.00402375 
6070 -0.032606 0.0849613 
6071 -0.0298437 0.172321 
6072 0.0349591 -0.0939824 
6073 0.0380135 -0.00584981 
6074 0.0403951 0.0813117 
6075 0.0431928 0.169238 
6076 0.107725 -0.0959263 
6077 0.110443 -0.00885564 
6078 0.113028 0.0792819 
6079 0.116281 0.166189 
6080 -0.183004 -0.0849749 
6081 -0.180036 -0.000521153 
6082 -0.176897 0.0850203 
6083 -0.173638 0.170455 
6084 -0.111216 -0.0872106 
6085 -0.108711 -0.00245562 
6086 -0.105123 0.0820582 
6087 -0.10224 0.166567 
6088 -0.0403589 -0.0900008 
6089 -0.0372298 -0.00449684 
6090 -0.0345751 0.0797178 
6091 -0.0317368 0.16404 
6092 0.0300212 -0.0919678 
6093 0.0321708 -0.00773897 
6094 0.0356587 0.0763576 
6095 0.0379034 0.160576 
6096 0.0990093 -0.0931863 
6097 0.101504 -0.0100197 
6098 0.10429 0.0735713 
6099 0.107712 0.157558 
6100 -0.179412 -0.0834527 
6101 -0.176033 -0.00163222 
6102 -0.173248 0.080473 
6103 -0.170131 0.162381 
6104 -0.110715 -0.0855833 
6105 -0.108021 -0.00397269 
6106 -0.104973 0.0777858 
6107 -0.101749 0.158563 
6108 -0.0433158 -0.0872185 
6109 -0.0404226 -0.00664719 
6110 -0.0374209 0.0747114 
6111 -0.033501 0.155291 
6112 0.024589 -0.0895628 
6113 0.0273303 -0.0089783 
6114 0.0303223 0.072114 
6115 0.0328431 0.151983 
6116 0.0909609 -0.0914354 
6117 0.0939027 -0.0115852 
6118 0.0964534 0.0692086 
6119 0.0996361 0.148526 
6120 -0.176497 -0.0808954 
6121 -0.173193 -0.00303635 
6122 -0.169902 0.0757193 
6123 -0.166922 0.153466 
6124 -0.110604 -0.0837368 
6125 -0.107195 -0.00560747 
6126 -0.104049 0.0727713 
6127 -0.100553 0.150844 
6128 -0.0455063 -0.085574 
6129 -0.0420923 -0.00796873 
6130 -0.0394178 0.0700131 
6131 -0.0356922 0.146782 
6132 0.0194741 -0.0874415 
6133 0.0221566 -0.0100767 
6134 0.0248464 0.0668315 
6135 0.0279518 0.143972 
6136 0.0825924 -0.0898109 
6137 0.0859482 -0.0123703 
6138 0.0884357 0.0643478 
6139 0.0917879 0.141032 
6140 -0.17364 -0.0791329 
6141 -0.170575 -0.00367652 
6142 -0.166514 0.0712174 
6143 -0.164002 0.146415 
6144 -0.110351 -0.0814057 
6145 -0.107474 -0.00632738 
6146 -0.103667 0.0684333 
6147 -0.100297 0.142708 
6148 -0.0477218 -0.08356 
6149 -0.0444288 -0.00967015 
6150 -0.0413021 0.0653397 
6151 -0.0386375 0.139399 
6152 0.014563 -0.0861343 
6153 0.0168747 -0.0121173 
6154 0.0208541 0.0625021 
6155 0.0229209 0.136711 
6156 0.0757965 -0.0880171 
6157 0.0786214 -0.0141915 
6158 0.0816602 0.0598587 
6159 0.0846228 0.133142 
6160 -0.171499 -0.0783463 
6161 -0.167481 -0.00585799 
6162 -0.164204 0.0670041 
6163 -0.160926 0.138652 
6164 -0.110359 -0.0806462 
6165 -0.10737 -0.00815859 
6166 -0.103374 0.0635853 
6167 -0.100615 0.135747 
6168 -0.0501096 -0.0832285 
6169 -0.046378 -0.0111346 
6170 -0.0433162 0.0610446 
6171 -0.0400644 0.132576 
6172 0.009882 -0.084748 
6173 0.0127336 -0.0138 
6174 0.0159624 0.0574287 
6175 0.0193246 0.129211 
6176 0.068987 -0.0868169 
6177 0.0720763 -0.0158587 
6178 0.0742762 0.0548556 
6179 0.077235 0.126118 
6180 -0.16893 -0.0778763 
6181 -0.165733 -0.00791769 
6182 -0.16247 0.0622624 
6183 -0.159053 0.132448 
6184 -0.110362 -0.0802673 
6185 -0.107203 -0.0104754 
6186 -0.103321 0.0589812 
6187 -0.100113 0.129183 
6188 -0.0517797 -0.0823844 
6189 -0.0489458 -0.0126191 
6190 -0.0454253 0.0561624 
6191 -0.0430993 0.12582 
6192 0.00572187 -0.0838701 
6193 0.00817211 -0.015433 
6194 0.01138 0.0530724 
6195 0.0148164 0.121975 
6196 0.0623337 -0.0860331 
6197 0.0648139 -0.0180568 
6198 0.0684018 0.0506664 
6199 0.0715487 0.118337 
6200 -0.166833 -0.0770431 
6201 -0.164119 -0.00890541 
6202 -0.160516 0.0576837 
6203 -0.156868 0.125669 
6204 -0.110576 -0.0795819 
6205 -0.107272 -0.0116209 
6206 -0.103707 0.0551515 
6207 -0.100983 0.121899 
6208 -0.0540689 -0.0819681 
6209 -0.0507418 -0.0147328 
6210 -0.0484573 0.0523475 
6211 -0.0453031 0.118818 
6212 0.000981419 -0.083778 
6213 0.00410794 -0.01733 
6214 0.00741616 0.0494971 
6215 0.0101095 0.115503 
6216 0.0561744 -0.0856616 
6217 0.0588654 -0.0203037 
6218 0.0620765 0.0463663 
6219 0.0645185 0.11213 
