5940 -0.333689 -0.216851 
5941 -0.333318 -0.0170052 
5942 -0.333778 0.183677 
5943 -0.333398 0.383306 
5944 -0.166625 -0.216856 
5945 -0.166667 -0.0162963 
5946 -0.166285 0.183524 
5947 -0.166457 0.383078 
5948 -0.000377075 -0.216291 
5949 -0.000455291 -0.0170073 
5950 0.000370727 0.183422 
5951 -0.000252461 0.383436 
5952 0.166974 -0.21666 
5953 0.166769 -0.0162455 
5954 0.167133 0.18312 
5955 0.167019 0.383467 
5956 0.333095 -0.216428 
5957 0.332988 -0.0168287 
5958 0.333227 0.182885 
5959 0.333095 0.383469 
5960 -0.306076 -0.195164 
5961 -0.305031 -0.0135182 
5962 -0.304899 0.167308 
5963 -0.304515 0.348683 
5964 -0.154145 -0.19523 
5965 -0.154026 -0.0142449 
5966 -0.15371 0.166524 
5967 -0.153037 0.347854 
5968 -0.0037719 -0.195441 
5969 -0.0032748 -0.0150723 
5970 -0.00294955 0.165753 
5971 -0.00204237 0.347239 
5972 0.146486 -0.196003 
5973 0.147195 -0.015489 
5974 0.1484 0.165941 
5975 0.148209 0.346101 
5976 0.297679 -0.196364 
5977 0.298381 -0.0156568 
5978 0.298533 0.164946 
5979 0.299118 0.345594 
5980 -0.283423 -0.177991 
5981 -0.282575 -0.0121652 
5982 -0.281719 0.153677 
5983 -0.280805 0.319473 
5984 -0.145434 -0.178328 
5985 -0.143959 -0.012591 
5986 -0.143144 0.152438 
5987 -0.142251 0.318164 
5988 -0.00682704 -0.179132 
5989 -0.00595533 -0.0131306 
5990 -0.00568265 0.151648 
5991 -0.00407426 0.316734 
5992 0.130842 -0.179717 
5993 0.131431 -0.0146704 
5994 0.132472 0.150129 
5995 0.132635 0.315686 
5996 0.267528 -0.179534 
5997 0.268294 -0.0154677 
5998 0.269534 0.14925 
5999 0.269988 0.314537 
6000 -0.264835 -0.164274 
6001 -0.263489 -0.0111643 
6002 -0.262344 0.141281 
6003 -0.260324 0.293506 
6004 -0.137115 -0.164547 
6005 -0.135558 -0.0117191 
6006 -0.134437 0.140345 
6007 -0.133835 0.292838 
6008 -0.00981942 -0.165579 
6009 -0.00851782 -0.0133011 
6010 -0.00771721 0.138912 
6011 -0.00627581 0.290689 
6012 0.115895 -0.166264 
6013 0.117468 -0.0141143 
6014 0.11845 0.13712 
6015 0.120288 0.289206 
6016 0.242568 -0.166727 
6017 0.243051 -0.015374 
6018 0.244997 0.136189 
6019 0.245875 0.287742 
6020 -0.248917 -0.151949 
6021 -0.247352 -0.0108091 
6022 -0.245658 0.130892 
6023 -0.24386 0.272554 
6024 -0.13123 -0.152688 
6025 -0.128879 -0.0117388 
6026 -0.127429 0.128854 
6027 -0.126458 0.270595 
6028 -0.0136769 -0.154172 
6029 -0.0121801 -0.0135929 
6030 -0.00996143 0.12754 
6031 -0.00868819 0.268392 
6032 0.104277 -0.154976 
6033 0.104892 -0.0145887 
6034 0.106446 0.126013 
6035 0.108488 0.26679 
6036 0.220307 -0.155785 
6037 0.221899 -0.0160699 
6038 0.223711 0.124556 
6039 0.224936 0.264457 
6040 -0.235974 -0.142344 
6041 -0.233787 -0.0105273 
6042 -0.232591 0.121247 
6043 -0.230198 0.252991 
6044 -0.125157 -0.14363 
6045 -0.123727 -0.0117712 
6046 -0.122184 0.118889 
6047 -0.119753 0.250674 
6048 -0.015678 -0.145088 
6049 -0.014647 -0.0135768 
6050 -0.0120382 0.117718 
6051 -0.010486 0.248703 
6052 0.0934363 -0.146087 
6053 0.0945015 -0.0153063 
6054 0.0960819 0.115434 
6055 0.0979412 0.246602 
6056 0.201014 -0.146539 
6057 0.202927 -0.0166616 
6058 0.20425 0.114054 
6059 0.206045 0.243967 
6060 -0.224233 -0.134353 
6061 -0.222692 -0.0111261 
6062 -0.220769 0.112581 
6063 -0.218133 0.235447 
6064 -0.121509 -0.135389 
6065 -0.119513 -0.0125798 
6066 -0.117194 0.110149 
6067 -0.11559 0.232895 
6068 -0.0191514 -0.137301 
6069 -0.0171628 -0.0145989 
6070 -0.0150022 0.108275 
6071 -0.0126919 0.23105 
6072 0.0834834 -0.137972 
6073 0.0847475 -0.0158744 
6074 0.0867352 0.106246 
6075 0.0893429 0.228668 
6076 0.185078 -0.139519 
6077 0.185983 -0.0171142 
6078 0.188182 0.104811 
6079 0.190145 0.225823 
6080 -0.214669 -0.12759 
6081 -0.212957 -0.0123532 
6082 -0.210103 0.104124 
6083 -0.207564 0.220251 
6084 -0.117946 -0.129697 
6085 -0.115397 -0.013604 
6086 -0.113678 0.101696 
6087 -0.11133 0.217607 
6088 -0.0214103 -0.130698 
6089 -0.0187327 -0.0149564 
6090 -0.0172099 0.0996758 
6091 -0.0147058 0.214415 
6092 0.074633 -0.132043 
6093 0.0770198 -0.0169573 
6094 0.0784039 0.0975383 
6095 0.0805658 0.211904 
6096 0.169162 -0.133589 
6097 0.1717 -0.0191098 
6098 0.173708 0.0954169 
6099 0.175891 0.209614 
6100 -0.206706 -0.122497 
6101 -0.203636 -0.0133432 
6102 -0.201156 0.0968639 
6103 -0.199368 0.205377 
6104 -0.115126 -0.123568 
6105 -0.112266 -0.014255 
6106 -0.110392 0.0945956 
6107 -0.107392 0.203157 
6108 -0.0233403 -0.125566 
6109 -0.0213186 -0.0170576 
6110 -0.0187423 0.0919941 
6111 -0.0167309 0.200855 
6112 0.0662028 -0.126533 
6113 0.0692238 -0.0180111 
6114 0.0711813 0.0898455 
6115 0.0735234 0.197612 
6116 0.156215 -0.128516 
6117 0.157817 -0.0197899 
6118 0.160545 0.0872251 
6119 0.162873 0.195463 
6120 -0.199372 -0.118324 
6121 -0.196358 -0.0145678 
6122 -0.194492 0.0895723 
6123 -0.191569 0.192986 
6124 -0.112213 -0.119494 
6125 -0.109485 -0.0162075 
6126 -0.107111 0.0874342 
6127 -0.105154 0.189785 
6128 -0.0261468 -0.120516 
6129 -0.023408 -0.0182262 
6130 -0.0218536 0.0852041 
6131 -0.0188273 0.187557 
6132 0.0594 -0.122029 
6133 0.061257 -0.0195097 
6134 0.063456 0.082483 
6135 0.0660024 0.184577 
6136 0.143606 -0.123858 
6137 0.146012 -0.0220039 
6138 0.148 0.0799462 
6139 0.150111 0.182319 
6140 -0.192766 -0.113914 
6141 -0.18967 -0.0155305 
6142 -0.187872 0.0824659 
6143 -0.184696 0.180924 
6144 -0.109818 -0.11545 
6145 -0.107433 -0.0177934 
6146 -0.104763 0.0798221 
6147 -0.102748 0.177925 
6148 -0.0286364 -0.116984 
6149 -0.0257681 -0.0192709 
6150 -0.0232609 0.0779668 
6151 -0.0208481 0.175655 
6152 0.0529606 -0.119394 
6153 0.0554411 -0.0213576 
6154 0.0574223 0.0754166 
6155 0.0599587 0.172545 
6156 0.132569 -0.12008 
6157 0.135557 -0.0235722 
6158 0.137303 0.0735705 
6159 0.139732 0.16955 
6160 -0.1869 -0.111208 
6161 -0.184154 -0.0169009 
6162 -0.181474 0.0758318 
6163 -0.17936 0.169285 
6164 -0.108832 -0.112345 
6165 -0.105581 -0.0191856 
6166 -0.103199 0.073375 
6167 -0.101169 0.167073 
6168 -0.0304862 -0.114479 
6169 -0.0281981 -0.0216092 
6170 -0.025714 0.0713169 
6171 -0.0230613 0.163553 
6172 0.0458456 -0.115566 
6173 0.0488922 -0.0236533 
6174 0.0511722 0.0685956 
6175 0.053841 0.160927 
6176 0.123274 -0.117937 
6177 0.125 -0.0258783 
6178 0.127 0.066839 
6179 0.129858 0.157792 
6180 -0.182212 -0.108777 
6181 -0.179671 -0.0192176 
6182 -0.177083 0.0698241 
6183 -0.174138 0.158876 
6184 -0.107166 -0.109897 
6185 -0.104243 -0.0212161 
6186 -0.101558 0.067341 
6187 -0.0987882 0.156161 
6188 -0.0326176 -0.111966 
6189 -0.030523 -0.023508 
6190 -0.0274381 0.0648087 
6191 -0.0254629 0.153045 
6192 0.0403185 -0.113732 
6193 0.0428512 -0.0248712 
6194 0.0458445 0.0624915 
6195 0.0480787 0.150658 
6196 0.113286 -0.115189 
6197 0.115831 -0.027742 
6198 0.118162 0.0602869 
6199 0.120655 0.148177 
6200 -0.177914 -0.106793 
6201 -0.174841 -0.0210875 
6202 -0.172026 0.0648233 
6203 -0.16945 0.149614 
6204 -0.106353 -0.108509 
6205 -0.103476 -0.0230334 
6206 -0.100239 0.0617884 
6207 -0.0978941 0.146945 
6208 -0.0357692 -0.110022 
6209 -0.0330206 -0.0248599 
6210 -0.0297491 0.0595466 
6211 -0.026938 0.143445 
6212 0.0346263 -0.111835 
6213 0.0373728 -0.0271156 
6214 0.0399541 0.0567879 
6215 0.0425917 0.140312 
6216 0.104402 -0.113727 
6217 0.107331 -0.0291088 
6218 0.109482 0.0538767 
6219 0.111841 0.137883 
6220 -0.17369 -0.105416 
6221 -0.170984 -0.0231853 
6222 -0.167794 0.0584111 
6223 -0.1655 0.139991 
6224 -0.105039 -0.107053 
6225 -0.102997 -0.02541 
6226 -0.0999638 0.0557871 
6227 -0.0971266 0.137605 
6228 -0.0371143 -0.108922 
6229 -0.0344563 -0.027525 
6230 -0.0316112 0.0537521 
6231 -0.0290653 0.134294 
6232 0.0302905 -0.110388 
6233 0.032822 -0.0293731 
6234 0.034915 0.0514976 
6235 0.0380915 0.131823 
6236 0.0968053 -0.112054 
6237 0.0988797 -0.031564 
6238 0.101509 0.0484239 
6239 0.104393 0.128422 
6240 -0.170727 -0.103571 
6241 -0.16751 -0.0254604 
6242 -0.165352 0.0530176 
6243 -0.161746 0.131247 
6244 -0.104934 -0.105722 
6245 -0.101863 -0.0270496 
6246 -0.099302 0.0512685 
6247 -0.096486 0.128382 
6248 -0.0396693 -0.10705 
6249 -0.0364103 -0.0293221 
6250 -0.0343351 0.0480017 
6251 -0.0314957 0.125756 
6252 0.0245168 -0.10962 
6253 0.0274078 -0.0318673 
6254 0.029905 0.0459051 
6255 0.0323996 0.122715 
6256 0.0892988 -0.111369 
6257 0.091534 -0.0339147 
6258 0.0934656 0.0431901 
6259 0.0968247 0.12009 
6260 -0.168208 -0.102618 
6261 -0.165257 -0.026819 
6262 -0.161794 0.0482592 
6263 -0.158787 0.123749 
6264 -0.104896 -0.10512 
6265 -0.10202 -0.0298528 
6266 -0.0986392 0.0458528 
6267 -0.0962973 0.120367 
6268 -0.0417765 -0.106781 
6269 -0.0391743 -0.0321264 
6270 -0.0366263 0.0433282 
6271 -0.0333785 0.117685 
6272 0.0200676 -0.108213 
6273 0.02315 -0.0334772 
6274 0.025634 0.0404968 
6275 0.028089 0.114041 
6276 0.0813554 -0.109836 
6277 0.08387 -0.0355411 
6278 0.0863255 0.038092 
6279 0.0894967 0.11179 
6280 -0.165122 -0.102184 
6281 -0.162308 -0.0292851 
6282 -0.159329 0.0433183 
6283 -0.156535 0.115509 
6284 -0.103914 -0.104162 
6285 -0.101378 -0.0321063 
6286 -0.0987011 0.0404309 
6287 -0.0960391 0.112409 
6288 -0.044166 -0.106188 
6289 -0.0410637 -0.0341455 
6290 -0.0383664 0.0381487 
6291 -0.0357389 0.109125 
6292 0.0159944 -0.107644 
6293 0.0188717 -0.036328 
6294 0.0215908 0.0355103 
6295 0.0236715 0.106698 
6296 0.0752031 -0.109396 
6297 0.0773769 -0.0380022 
6298 0.0796539 0.0325645 
6299 0.0830089 0.103636 
6300 -0.163051 -0.102442 
6301 -0.159793 -0.0315262 
6302 -0.15686 0.0381201 
6303 -0.154462 0.107901 
6304 -0.104463 -0.103804 
6305 -0.10092 -0.0343192 
6306 -0.098616 0.0358121 
6307 -0.0953122 0.105388 
6308 -0.0456862 -0.105686 
6309 -0.043342 -0.036699 
6310 -0.0406802 0.0325468 
6311 -0.0374917 0.102283 
6312 0.011671 -0.107996 
6313 0.0144531 -0.0385719 
6314 0.0171679 0.0306698 
6315 0.019313 0.0988519 
6316 0.0684637 -0.10927 
6317 0.0711081 -0.0408425 
6318 0.0732881 0.0275305 
6319 0.0763088 0.0962553 
6320 -0.160643 -0.102042 
6321 -0.15843 -0.0340879 
6322 -0.154759 0.033303 
6323 -0.151794 0.100763 
6324 -0.103969 -0.103826 
6325 -0.101275 -0.0368076 
6326 -0.0987059 0.0305374 
6327 -0.09581 0.0974024 
6328 -0.0481744 -0.105682 
6329 -0.0450694 -0.0386165 
6330 -0.0420614 0.0280862 
6331 -0.0395947 0.0950784 
6332 0.00785392 -0.107742 
6333 0.00991026 -0.0406444 
6334 0.0130855 0.0255939 
6335 0.0150798 0.0918623 
6336 0.0625366 -0.109072 
6337 0.0655501 -0.0430889 
6338 0.0680853 0.0235997 
6339 0.0696814 0.0891679 
