6460 -0.333146 -0.216529 
6461 -0.332917 -0.0165351 
6462 -0.333708 0.183765 
6463 -0.333148 0.383224 
6464 -0.166748 -0.216556 
6465 -0.166377 -0.0170464 
6466 -0.166311 0.18363 
6467 -0.166786 0.383476 
6468 0.000272706 -0.216387 
6469 0.000419104 -0.0163729 
6470 -0.000324389 0.183151 
6471 -0.000108025 0.383211 
6472 0.166228 -0.216338 
6473 0.166956 -0.0171567 
6474 0.166203 0.183456 
6475 0.166984 0.383356 
6476 0.333225 -0.216867 
6477 0.333052 -0.0162977 
6478 0.333012 0.183495 
6479 0.333187 0.383232 
6480 -0.301497 -0.206296 
6481 -0.302037 -0.0248164 
6482 -0.301844 0.156858 
6483 -0.301854 0.338405 
6484 -0.150221 -0.205934 
6485 -0.150345 -0.0241985 
6486 -0.150699 0.157167 
6487 -0.1501 0.338425 
6488 0.000891877 -0.205556 
6489 0.000879778 -0.0247026 
6490 0.000835388 0.15676 
6491 0.00122914 0.337716 
6492 0.151788 -0.205631 
6493 0.151271 -0.0242646 
6494 0.15108 0.156485 
6495 0.151128 0.337346 
6496 0.302634 -0.205123 
6497 0.3022 -0.0240473 
6498 0.302316 0.15592 
6499 0.301712 0.337212 
6500 -0.276031 -0.19748 
6501 -0.276209 -0.030759 
6502 -0.275167 0.134685 
6503 -0.274926 0.30085 
6504 -0.137335 -0.196979 
6505 -0.137085 -0.0315849 
6506 -0.137265 0.134491 
6507 -0.13643 0.300089 
6508 0.000568518 -0.196936 
6509 0.000798482 -0.0316664 
6510 0.000765262 0.134721 
6511 0.000719714 0.299377 
6512 0.138739 -0.197278 
6513 0.138434 -0.0309192 
6514 0.138252 0.133787 
6515 0.138836 0.299014 
6516 0.276586 -0.196371 
6517 0.275926 -0.0314378 
6518 0.275659 0.133653 
6519 0.27625 0.29899 
6520 -0.254683 -0.190107 
6521 -0.253956 -0.0375301 
6522 -0.253973 0.115884 
6523 -0.254082 0.268589 
6524 -0.126281 -0.190516 
6525 -0.126468 -0.0368775 
6526 -0.126624 0.115118 
6527 -0.125957 0.267522 
6528 0.000919986 -0.190296 
6529 0.000736969 -0.0372261 
6530 0.000894 0.11482 
6531 0.000888836 0.267038 
6532 0.127505 -0.189859 
6533 0.128065 -0.0372522 
6534 0.12783 0.115355 
6535 0.127575 0.266781 
6536 0.254368 -0.189098 
6537 0.254211 -0.0367545 
6538 0.25344 0.114419 
6539 0.253735 0.266328 
6540 -0.236109 -0.184754 
6541 -0.236572 -0.0430813 
6542 -0.236238 0.0995525 
6543 -0.235552 0.241184 
6544 -0.117808 -0.184649 
6545 -0.117485 -0.0429591 
6546 -0.117222 0.0991806 
6547 -0.116755 0.240454 
6548 0.000659287 -0.184359 
6549 0.000762927 -0.042773 
6550 0.000656848 0.0983365 
6551 0.000677121 0.239793 
6552 0.117762 -0.18388 
6553 0.11828 -0.0427268 
6554 0.118393 0.0988141 
6555 0.117801 0.239089 
6556 0.235363 -0.183451 
6557 0.234971 -0.042233 
6558 0.2342 0.0984262 
6559 0.234619 0.238252 
6560 -0.221145 -0.180412 
6561 -0.220969 -0.0476319 
6562 -0.220516 0.0849543 
6563 -0.220139 0.216248 
6564 -0.10991 -0.179803 
6565 -0.10997 -0.0480539 
6566 -0.110361 0.0839153 
6567 -0.109399 0.215492 
6568 0.000327311 -0.179823 
6569 0.000297987 -0.0470374 
6570 -0.000437307 0.0842897 
6571 -0.000307664 0.214943 
6572 0.109255 -0.178947 
6573 0.109163 -0.0471366 
6574 0.109491 0.083574 
6575 0.108972 0.214305 
6576 0.218276 -0.178607 
6577 0.218544 -0.0471169 
6578 0.217464 0.0837076 
6579 0.217207 0.213804 
6580 -0.208385 -0.176808 
6581 -0.207359 -0.0527124 
6582 -0.207393 0.0717377 
6583 -0.20662 0.195719 
6584 -0.104259 -0.176117 
6585 -0.103545 -0.0521011 
6586 -0.104121 0.0712381 
6587 -0.103799 0.194764 
6588 -0.000305917 -0.176036 
6589 -0.000711847 -0.0515007 
6590 -0.0008794 0.0714556 
6591 -0.000749689 0.193783 
6592 0.102382 -0.175396 
6593 0.101249 -0.0516021 
6594 0.101913 0.0715875 
6595 0.100842 0.193135 
6596 0.203872 -0.174614 
6597 0.203595 -0.0512604 
6598 0.202754 0.0711183 
6599 0.202509 0.192939 
6600 -0.196142 -0.173411 
6601 -0.19573 -0.0564463 
6602 -0.195397 0.0598235 
6603 -0.195918 0.176221 
6604 -0.0983739 -0.172946 
6605 -0.098683 -0.056541 
6606 -0.0984917 0.060003 
6607 -0.0980706 0.17554 
6608 -0.00119879 -0.172553 
6609 -0.00122586 -0.055969 
6610 -0.00214937 0.0602962 
6611 -0.00138086 0.175584 
6612 0.095017 -0.171732 
6613 0.094206 -0.0555806 
6614 0.0941058 0.0594175 
6615 0.0939754 0.174283 
6616 0.190773 -0.171039 
6617 0.189897 -0.0550705 
6618 0.189792 0.0593445 
6619 0.189367 0.173609 
6620 -0.186365 -0.170611 
6621 -0.186163 -0.0608644 
6622 -0.186439 0.0499614 
6623 -0.18557 0.159767 
6624 -0.0935375 -0.170408 
6625 -0.0937521 -0.0596753 
6626 -0.094049 0.0501165 
6627 -0.0941614 0.158588 
6628 -0.00255397 -0.169631 
6629 -0.0025775 -0.0593333 
6630 -0.00249546 0.0498681 
6631 -0.00314125 0.157935 
6632 0.0884766 -0.169261 
6633 0.0887031 -0.0591356 
6634 0.0880866 0.0491887 
6635 0.0876475 0.157763 
6636 0.179486 -0.167741 
6637 0.178762 -0.0593405 
6638 0.1775 0.0491518 
6639 0.177137 0.157063 
6640 -0.178101 -0.169299 
6641 -0.177377 -0.0642067 
6642 -0.177587 0.0407174 
6643 -0.176978 0.143731 
6644 -0.0901295 -0.167578 
6645 -0.0898377 -0.0631339 
6646 -0.0903393 0.0398272 
6647 -0.0905997 0.143676 
6648 -0.00355066 -0.167247 
6649 -0.00375079 -0.0630019 
6650 -0.0040637 0.0399684 
6651 -0.00372126 0.142842 
6652 0.0833032 -0.166639 
6653 0.0818786 -0.0631604 
6654 0.0813228 0.0401543 
6655 0.0815882 0.143195 
6656 0.16865 -0.165692 
6657 0.167493 -0.0621804 
6658 0.166469 0.0403319 
6659 0.166419 0.142829 
6660 -0.170125 -0.166751 
6661 -0.169748 -0.0672797 
6662 -0.169615 0.0312488 
6663 -0.16991 0.130158 
6664 -0.0872854 -0.16636 
6665 -0.0865047 -0.066871 
6666 -0.0875309 0.0318713 
6667 -0.0876582 0.129682 
6668 -0.00407471 -0.165529 
6669 -0.0046708 -0.0661849 
6670 -0.0053384 0.0321465 
6671 -0.0053245 0.129459 
6672 0.0776787 -0.163792 
6673 0.0762936 -0.0656395 
6674 0.0765314 0.0320157 
6675 0.0753665 0.128857 
6676 0.158389 -0.163032 
6677 0.157909 -0.0659545 
6678 0.15699 0.0317086 
6679 0.156486 0.129132 
6680 -0.163197 -0.165263 
6681 -0.163226 -0.0702618 
6682 -0.163492 0.0233055 
6683 -0.163035 0.117847 
6684 -0.0838381 -0.164204 
6685 -0.0845753 -0.0698947 
6686 -0.0846074 0.024374 
6687 -0.0848043 0.117524 
6688 -0.00556452 -0.16342 
6689 -0.0062287 -0.0693668 
6690 -0.00694912 0.0240657 
6691 -0.00704998 0.116624 
6692 0.0726417 -0.162144 
6693 0.0718767 -0.0685469 
6694 0.0710888 0.0240979 
6695 0.069945 0.117124 
6696 0.149557 -0.161346 
6697 0.148806 -0.0681411 
6698 0.14719 0.0246023 
6699 0.146396 0.116974 
6700 -0.157215 -0.163778 
6701 -0.157293 -0.0733002 
6702 -0.15708 0.0170113 
6703 -0.157491 0.106051 
6704 -0.0811435 -0.162836 
6705 -0.0820608 -0.0725999 
6706 -0.0822932 0.0172733 
6707 -0.083038 0.10561 
6708 -0.00699237 -0.162147 
6709 -0.00701049 -0.0724499 
6710 -0.00745052 0.0172797 
6711 -0.00820553 0.105872 
6712 0.0674641 -0.160943 
6713 0.0667911 -0.0719731 
6714 0.0657906 0.017702 
6715 0.0648448 0.105403 
6716 0.140876 -0.160203 
6717 0.140118 -0.0710959 
6718 0.13937 0.0176168 
6719 0.138204 0.105144 
6720 -0.151679 -0.16311 
6721 -0.152336 -0.0758832 
6722 -0.152354 0.0103472 
6723 -0.152417 0.0952811 
6724 -0.0800664 -0.161448 
6725 -0.0797916 -0.0756183 
6726 -0.0807084 0.00986266 
6727 -0.0804313 0.0951045 
6728 -0.00777369 -0.160517 
6729 -0.0087399 -0.0750938 
6730 -0.00974419 0.0107126 
6731 -0.00981418 0.0950763 
6732 0.0633705 -0.159083 
6733 0.0622091 -0.0736113 
6734 0.0610067 0.0113972 
6735 0.0600595 0.0948991 
6736 0.133385 -0.158143 
6737 0.131655 -0.0730987 
6738 0.131009 0.0116282 
6739 0.129927 0.0955971 
6740 -0.147183 -0.161866 
6741 -0.147635 -0.0783751 
6742 -0.148035 0.00404918 
6743 -0.148251 0.0862346 
6744 -0.0774653 -0.16086 
6745 -0.0783891 -0.0779103 
6746 -0.0787817 0.00436637 
6747 -0.0793742 0.0862423 
6748 -0.00963939 -0.159139 
6749 -0.00955332 -0.0771412 
6750 -0.0108179 0.00440235 
6751 -0.0116941 0.0855226 
6752 0.0585318 -0.158091 
6753 0.0574308 -0.0765647 
6754 0.056692 0.00521713 
6755 0.0558223 0.0857158 
6756 0.125791 -0.157006 
6757 0.1248 -0.0757867 
6758 0.123761 0.00594946 
6759 0.122865 0.0863878 
6760 -0.142544 -0.160961 
6761 -0.143302 -0.0812162 
6762 -0.143907 -0.00236022 
6763 -0.144795 0.0766041 
6764 -0.0763716 -0.159903 
6765 -0.0768619 -0.0803365 
6766 -0.0781404 -0.00183938 
6767 -0.0785988 0.0766291 
6768 -0.0106488 -0.158204 
6769 -0.0117842 -0.0790398 
6770 -0.0127301 -0.00109358 
6771 -0.0127698 0.0773966 
6772 0.0547092 -0.156702 
6773 0.0531075 -0.078638 
6774 0.0523635 -0.000353101 
6775 0.0510124 0.0774581 
6776 0.118863 -0.155428 
6777 0.118159 -0.0776349 
6778 0.116419 0.000576487 
6779 0.115276 0.0778271 
6780 -0.139332 -0.160214 
6781 -0.139466 -0.0830765 
6782 -0.139968 -0.00700027 
6783 -0.141374 0.0682816 
6784 -0.0754535 -0.159051 
6785 -0.0755694 -0.0819778 
6786 -0.0766314 -0.00610407 
6787 -0.0778875 0.0688381 
6788 -0.0116642 -0.15704 
6789 -0.0126587 -0.0811391 
6790 -0.0138862 -0.00619944 
6791 -0.0150684 0.0689426 
6792 0.0508268 -0.155877 
6793 0.049522 -0.0803121 
6794 0.0478605 -0.00481812 
6795 0.0471587 0.069541 
6796 0.113021 -0.1544 
6797 0.111093 -0.0794826 
6798 0.110307 -0.00461965 
6799 0.108223 0.0701134 
6800 -0.135916 -0.159119 
6801 -0.136821 -0.0849897 
6802 -0.137463 -0.0118812 
6803 -0.137692 0.0608361 
6804 -0.0742129 -0.157862 
6805 -0.0757192 -0.0838357 
6806 -0.0760187 -0.0107675 
6807 -0.0772415 0.0616176 
6808 -0.0134046 -0.156725 
6809 -0.0143428 -0.0827861 
6810 -0.0160152 -0.0101819 
6811 -0.0167374 0.0617154 
6812 0.0465235 -0.155171 
6813 0.0455251 -0.0824013 
6814 0.0441666 -0.00953646 
6815 0.043169 0.0625234 
6816 0.106802 -0.152825 
6817 0.104825 -0.0807084 
6818 0.103765 -0.00880026 
6819 0.102386 0.0620286 
6820 -0.132648 -0.158089 
6821 -0.1339 -0.0869536 
6822 -0.134594 -0.0167781 
6823 -0.135134 0.054136 
6824 -0.0732391 -0.156452 
6825 -0.0745952 -0.0862764 
6826 -0.0751225 -0.0159096 
6827 -0.076214 0.0544165 
6828 -0.015073 -0.155122 
6829 -0.0165051 -0.0848494 
6830 -0.0171627 -0.0147944 
6831 -0.0186357 0.05499 
6832 0.0433661 -0.153286 
6833 0.0421419 -0.0831332 
6834 0.0404704 -0.0138804 
6835 0.0394949 0.0549806 
6836 0.100324 -0.152264 
6837 0.0987625 -0.0821166 
6838 0.0980064 -0.0128131 
6839 0.0963952 0.0560391 
6840 -0.130546 -0.157928 
6841 -0.131303 -0.0887819 
6842 -0.132293 -0.0207447 
6843 -0.13285 0.0472199 
6844 -0.0734445 -0.15581 
6845 -0.0746438 -0.0874611 
6846 -0.0748405 -0.0197618 
6847 -0.0766298 0.0483771 
6848 -0.0166514 -0.154224 
6849 -0.0173007 -0.086621 
6850 -0.0190222 -0.0187025 
6851 -0.0196762 0.0488252 
6852 0.040134 -0.152814 
6853 0.0384662 -0.0850222 
6854 0.0365123 -0.0175106 
6855 0.0355662 0.0489858 
6856 0.0946947 -0.151004 
6857 0.0933826 -0.0841148 
6858 0.0922185 -0.0172819 
6859 0.0903016 0.0494538 
