6540 -0.33361 -0.21649 
6541 -0.332909 -0.0168449 
6542 -0.332886 0.183185 
6543 -0.333622 0.383399 
6544 -0.16644 -0.216395 
6545 -0.167131 -0.0162721 
6546 -0.166168 0.183101 
6547 -0.166477 0.383536 
6548 0.000316116 -0.217099 
6549 9.04979e-05 -0.0162843 
6550 -0.000495002 0.183737 
6551 9.45581e-05 0.383207 
6552 0.167079 -0.216318 
6553 0.166724 -0.0165842 
6554 0.166931 0.182934 
6555 0.1666 0.383687 
6556 0.333574 -0.216456 
6557 0.332926 -0.0170534 
6558 0.333716 0.183014 
6559 0.333464 0.383053 
6560 -0.301653 -0.206313 
6561 -0.301544 -0.0252703 
6562 -0.301148 0.156823 
6563 -0.300637 0.337721 
6564 -0.149802 -0.206519 
6565 -0.149549 -0.0244999 
6566 -0.150329 0.156429 
6567 -0.150269 0.337238 
6568 0.00100181 -0.205856 
6569 0.00133573 -0.0248404 
6570 0.000800779 0.156517 
6571 0.00136623 0.337093 
6572 0.152381 -0.20567 
6573 0.151889 -0.024708 
6574 0.152243 0.15604 
6575 0.152129 0.336648 
6576 0.303273 -0.20589 
6577 0.302682 -0.0242344 
6578 0.302226 0.155857 
6579 0.30251 0.337099 
6580 -0.27482 -0.197918 
6581 -0.275382 -0.0320734 
6582 -0.274473 0.1342 
6583 -0.275148 0.299621 
6584 -0.135987 -0.198131 
6585 -0.136582 -0.0315677 
6586 -0.136623 0.134022 
6587 -0.136724 0.299406 
6588 0.00241608 -0.197859 
6589 0.0020423 -0.0314337 
6590 0.00194701 0.134076 
6591 0.00157229 0.298861 
6592 0.140015 -0.197603 
6593 0.140021 -0.0313279 
6594 0.13915 0.134207 
6595 0.139289 0.299006 
6596 0.278098 -0.197322 
6597 0.277515 -0.0316685 
6598 0.277154 0.133845 
6599 0.276442 0.298517 
6600 -0.252839 -0.192018 
6601 -0.253433 -0.0385378 
6602 -0.252634 0.11463 
6603 -0.252986 0.267647 
6604 -0.124927 -0.191074 
6605 -0.12476 -0.0382014 
6606 -0.124904 0.114863 
6607 -0.125333 0.266829 
6608 0.00226569 -0.190975 
6609 0.00252001 -0.0376513 
6610 0.00203908 0.115115 
6611 0.00133957 0.267141 
6612 0.12929 -0.189862 
6613 0.128755 -0.0374039 
6614 0.128786 0.114419 
6615 0.12804 0.266427 
6616 0.25607 -0.189933 
6617 0.255364 -0.0374575 
6618 0.255137 0.114253 
6619 0.25457 0.26575 
6620 -0.23433 -0.185971 
6621 -0.235068 -0.0443016 
6622 -0.235142 0.0984631 
6623 -0.234703 0.239242 
6624 -0.115639 -0.185151 
6625 -0.116254 -0.0434062 
6626 -0.116464 0.0977516 
6627 -0.116151 0.239122 
6628 0.00237473 -0.184467 
6629 0.00212159 -0.0437048 
6630 0.00157997 0.098254 
6631 0.00196513 0.238878 
6632 0.120211 -0.184195 
6633 0.120188 -0.0431626 
6634 0.119073 0.0980234 
6635 0.118635 0.238439 
6636 0.237483 -0.184115 
6637 0.236943 -0.0427347 
6638 0.236562 0.0979747 
6639 0.235673 0.238209 
6640 -0.219405 -0.181756 
6641 -0.219112 -0.0484107 
6642 -0.219304 0.0837909 
6643 -0.219317 0.216033 
6644 -0.108449 -0.180858 
6645 -0.107938 -0.0480115 
6646 -0.108122 0.0836636 
6647 -0.109125 0.215591 
6648 0.00244711 -0.18056 
6649 0.00210244 -0.0479857 
6650 0.00134059 0.083535 
6651 0.00136967 0.214652 
6652 0.112126 -0.179385 
6653 0.111495 -0.0479218 
6654 0.110585 0.083315 
6655 0.109954 0.214747 
6656 0.221523 -0.178324 
6657 0.220261 -0.0468948 
6658 0.219943 0.0840025 
6659 0.219008 0.214292 
6660 -0.205734 -0.17744 
6661 -0.205578 -0.0537209 
6662 -0.205504 0.0712518 
6663 -0.205368 0.194844 
6664 -0.101892 -0.176714 
6665 -0.101781 -0.0524864 
6666 -0.102508 0.0707144 
6667 -0.102686 0.194114 
6668 0.00142771 -0.175891 
6669 0.00152058 -0.0518853 
6670 0.000985872 0.0706079 
6671 0.000551337 0.193594 
6672 0.104815 -0.175565 
6673 0.103867 -0.0521162 
6674 0.103116 0.0708335 
6675 0.102218 0.193995 
6676 0.206468 -0.174559 
6677 0.205827 -0.0511569 
6678 0.205146 0.0709867 
6679 0.20445 0.193412 
6680 -0.194092 -0.17465 
6681 -0.19366 -0.0572049 
6682 -0.193965 0.0592624 
6683 -0.194485 0.175809 
6684 -0.0955418 -0.173879 
6685 -0.0960726 -0.05635 
6686 -0.0970652 0.0592922 
6687 -0.0970164 0.175796 
6688 0.00143592 -0.172096 
6689 0.000710179 -0.056245 
6690 0.000407183 0.0600203 
6691 -0.000158004 0.175173 
6692 0.0981417 -0.171274 
6693 0.0971463 -0.056042 
6694 0.0960618 0.0597759 
6695 0.0958279 0.175459 
6696 0.193998 -0.170631 
6697 0.192354 -0.055116 
6698 0.192141 0.0600204 
6699 0.190856 0.17498 
6700 -0.183613 -0.172026 
6701 -0.184204 -0.0615482 
6702 -0.184316 0.0491404 
6703 -0.184651 0.159058 
6704 -0.0915843 -0.17102 
6705 -0.0912419 -0.060429 
6706 -0.0922565 0.0497654 
6707 -0.0926737 0.158641 
6708 0.000230434 -0.169577 
6709 0.00028127 -0.0596142 
6710 -0.000567035 0.0495161 
6711 -0.00169378 0.158678 
6712 0.091566 -0.168866 
6713 0.090498 -0.0584635 
6714 0.0894466 0.0503502 
6715 0.0893234 0.158738 
6716 0.182291 -0.167367 
6717 0.18097 -0.058111 
6718 0.180015 0.0506486 
6719 0.178878 0.158147 
6720 -0.174668 -0.169899 
6721 -0.175276 -0.0650101 
6722 -0.175868 0.0401376 
6723 -0.17586 0.143882 
6724 -0.0871991 -0.168365 
6725 -0.0878566 -0.0640497 
6726 -0.0884083 0.0407258 
6727 -0.0886696 0.143718 
6728 -0.000464622 -0.166697 
6729 -0.00136315 -0.0629295 
6730 -0.00225832 0.0407247 
6731 -0.00216637 0.143942 
6732 0.0863993 -0.166036 
6733 0.0852638 -0.0619467 
6734 0.0834626 0.0411594 
6735 0.082929 0.143779 
6736 0.171834 -0.164548 
6737 0.169891 -0.0608428 
6738 0.168739 0.0418259 
6739 0.168098 0.143498 
6740 -0.166804 -0.167572 
6741 -0.167143 -0.0672119 
6742 -0.167394 0.0316196 
6743 -0.168636 0.130415 
6744 -0.0833815 -0.165576 
6745 -0.084563 -0.066913 
6746 -0.0850937 0.031726 
6747 -0.0854722 0.130151 
6748 -0.00154727 -0.1642 
6749 -0.00168054 -0.066154 
6750 -0.00299464 0.0330122 
6751 -0.00367607 0.130694 
6752 0.0806927 -0.163107 
6753 0.0799113 -0.0650197 
6754 0.0781963 0.0329765 
6755 0.0768225 0.130775 
6756 0.161672 -0.16199 
6757 0.159954 -0.0634836 
6758 0.159485 0.0335071 
6759 0.15756 0.130553 
6760 -0.159669 -0.165219 
6761 -0.160599 -0.070774 
6762 -0.161122 0.0239617 
6763 -0.161635 0.118225 
6764 -0.0807418 -0.163554 
6765 -0.0813188 -0.0696089 
6766 -0.0821879 0.0245724 
6767 -0.083295 0.118416 
6768 -0.00214117 -0.162269 
6769 -0.00343077 -0.0679966 
6770 -0.00469766 0.0250754 
6771 -0.0049304 0.118543 
6772 0.0752192 -0.161316 
6773 0.074239 -0.0675019 
6774 0.0731049 0.0255379 
6775 0.0724955 0.118926 
6776 0.152859 -0.159762 
6777 0.151395 -0.0658893 
6778 0.149623 0.026482 
6779 0.148921 0.11894 
6780 -0.154302 -0.164056 
6781 -0.154216 -0.0727123 
6782 -0.155775 0.0175469 
6783 -0.155923 0.106335 
6784 -0.0781376 -0.162325 
6785 -0.0787605 -0.0718249 
6786 -0.0798643 0.0183597 
6787 -0.0804992 0.10695 
6788 -0.00372271 -0.160995 
6789 -0.00454737 -0.0702623 
6790 -0.00588382 0.0185587 
6791 -0.00667005 0.107602 
6792 0.0713018 -0.158931 
6793 0.0697456 -0.0692181 
6794 0.068775 0.0188246 
6795 0.0669949 0.107973 
6796 0.14484 -0.15733 
6797 0.143431 -0.0688015 
6798 0.141505 0.0198752 
6799 0.140201 0.107946 
6800 -0.148796 -0.161724 
6801 -0.149344 -0.0748677 
6802 -0.149643 0.0113677 
6803 -0.150816 0.097114 
6804 -0.0759929 -0.160051 
6805 -0.0772602 -0.0738242 
6806 -0.077824 0.0112378 
6807 -0.0790285 0.0967287 
6808 -0.00462595 -0.158956 
6809 -0.00614001 -0.0731203 
6810 -0.00653635 0.0121537 
6811 -0.00791089 0.0979762 
6812 0.0663363 -0.157007 
6813 0.0653399 -0.0716988 
6814 0.0632239 0.0132097 
6815 0.0619737 0.0975677 
6816 0.136695 -0.155339 
6817 0.135139 -0.0702519 
6818 0.133823 0.0146648 
6819 0.131598 0.0978348 
6820 -0.143921 -0.160425 
6821 -0.144443 -0.0775654 
6822 -0.145069 0.00533593 
6823 -0.14619 0.0869664 
6824 -0.0746709 -0.159129 
6825 -0.0757613 -0.0765936 
6826 -0.0763997 0.00655408 
6827 -0.0779829 0.0883115 
6828 -0.00563686 -0.15757 
6829 -0.00731899 -0.0748377 
6830 -0.00873434 0.00710621 
6831 -0.00970833 0.0882372 
6832 0.0622013 -0.154907 
6833 0.0606645 -0.073031 
6834 0.0591661 0.00798988 
6835 0.0580817 0.0888617 
6836 0.129576 -0.153407 
6837 0.127773 -0.071992 
6838 0.126193 0.00915048 
6839 0.124551 0.0891478 
6840 -0.13976 -0.158882 
6841 -0.140828 -0.0797048 
6842 -0.141525 0.000354579 
6843 -0.142195 0.0787983 
6844 -0.0732664 -0.157065 
6845 -0.0741419 -0.0781411 
6846 -0.07533 0.00120529 
6847 -0.0762515 0.0795089 
6848 -0.00654091 -0.155856 
6849 -0.00871066 -0.0764426 
6850 -0.0102647 0.0022748 
6851 -0.0109764 0.0796425 
6852 0.0578445 -0.154085 
6853 0.0563888 -0.0750603 
6854 0.0550216 0.00263578 
6855 0.0536366 0.0810837 
6856 0.122776 -0.15165 
6857 0.121333 -0.0734722 
6858 0.11948 0.00421991 
6859 0.117274 0.0809336 
6860 -0.135261 -0.158127 
6861 -0.136678 -0.0807328 
6862 -0.138207 -0.0049285 
6863 -0.139004 0.0711845 
6864 -0.0711798 -0.155684 
6865 -0.0728136 -0.0794312 
6866 -0.0742372 -0.00400516 
6867 -0.0760199 0.0714586 
6868 -0.00814115 -0.154345 
6869 -0.0097761 -0.0780266 
6870 -0.0116192 -0.00263535 
6871 -0.0126594 0.0727893 
6872 0.054476 -0.152473 
6873 0.0529155 -0.0767968 
6874 0.0512875 -0.000957839 
6875 0.048881 0.0734784 
6876 0.115912 -0.15053 
6877 0.114183 -0.0748783 
6878 0.112263 -0.000508087 
6879 0.110597 0.0740484 
6880 -0.132384 -0.156942 
6881 -0.133966 -0.0826853 
6882 -0.134903 -0.00878565 
6883 -0.136237 0.0636058 
6884 -0.0705272 -0.154213 
6885 -0.0719216 -0.0806852 
6886 -0.0734133 -0.00835964 
6887 -0.0746385 0.0643017 
6888 -0.00915254 -0.152656 
6889 -0.011236 -0.0791092 
6890 -0.0127224 -0.00677765 
6891 -0.0149351 0.065699 
6892 0.0505969 -0.150298 
6893 0.0491074 -0.0781689 
6894 0.0467298 -0.00586659 
6895 0.04531 0.066433 
6896 0.11034 -0.148487 
6897 0.108477 -0.0757701 
6898 0.106512 -0.00388576 
6899 0.104579 0.0671614 
6900 -0.129398 -0.154968 
6901 -0.130562 -0.0837853 
6902 -0.131735 -0.0136267 
6903 -0.134013 0.0573376 
6904 -0.0694667 -0.15354 
6905 -0.0715043 -0.0825842 
6906 -0.0729269 -0.0118497 
6907 -0.0751116 0.0584373 
6908 -0.0109985 -0.151614 
6909 -0.0125018 -0.0805974 
6910 -0.0148463 -0.0108494 
6911 -0.0160425 0.0589104 
6912 0.0473915 -0.149046 
6913 0.045178 -0.0790319 
6914 0.042935 -0.00934533 
6915 0.0412496 0.0602912 
6916 0.104963 -0.146948 
6917 0.102304 -0.0769415 
6918 0.100448 -0.00756128 
6919 0.098564 0.060675 
6920 -0.126146 -0.154306 
6921 -0.128061 -0.0857664 
6922 -0.129868 -0.0164441 
6923 -0.131179 0.0510913 
6924 -0.0688442 -0.151994 
6925 -0.0707041 -0.0837718 
6926 -0.0730135 -0.0151784 
6927 -0.0745119 0.0519688 
6928 -0.0128654 -0.149325 
6929 -0.0148359 -0.0821441 
6930 -0.0166223 -0.0142184 
6931 -0.0177042 0.0529023 
6932 0.0436508 -0.148004 
6933 0.0413729 -0.0801872 
6934 0.0396664 -0.0125756 
6935 0.0379626 0.0542461 
6936 0.0993384 -0.145105 
6937 0.0971009 -0.0785212 
6938 0.0947995 -0.010893 
6939 0.0929595 0.0549802 
