6860 -0.333549 -0.217156 
6861 -0.333694 -0.0164916 
6862 -0.333353 0.182852 
6863 -0.333134 0.383282 
6864 -0.166451 -0.21695 
6865 -0.166581 -0.0165407 
6866 -0.16677 0.182834 
6867 -0.166769 0.383245 
6868 -0.000107368 -0.216401 
6869 0.000382095 -0.0162124 
6870 -0.00030377 0.183637 
6871 0.000449423 0.383816 
6872 0.166325 -0.216798 
6873 0.166175 -0.0163911 
6874 0.16669 0.183162 
6875 0.166565 0.383161 
6876 0.333496 -0.216998 
6877 0.333195 -0.0169831 
6878 0.333144 0.183137 
6879 0.333318 0.383242 
6880 -0.299791 -0.204902 
6881 -0.299994 -0.0229974 
6882 -0.300479 0.158819 
6883 -0.300927 0.339813 
6884 -0.147645 -0.204342 
6885 -0.148031 -0.0222054 
6886 -0.148424 0.159007 
6887 -0.149431 0.34051 
6888 0.00315687 -0.203879 
6889 0.00312401 -0.0221376 
6890 0.00232896 0.158666 
6891 0.00251582 0.34059 
6892 0.154786 -0.202731 
6893 0.153831 -0.0215331 
6894 0.153159 0.159618 
6895 0.152858 0.340616 
6896 0.305589 -0.203127 
6897 0.305214 -0.0218707 
6898 0.304389 0.159981 
6899 0.303801 0.340054 
6900 -0.271497 -0.194302 
6901 -0.272635 -0.0277151 
6902 -0.272751 0.138617 
6903 -0.274114 0.304587 
6904 -0.132597 -0.193712 
6905 -0.133862 -0.0276749 
6906 -0.134066 0.13879 
6907 -0.135309 0.304495 
6908 0.00574018 -0.192648 
6909 0.00504047 -0.026446 
6910 0.00418354 0.139642 
6911 0.00320136 0.305141 
6912 0.14356 -0.191892 
6913 0.143321 -0.0262815 
6914 0.141952 0.139424 
6915 0.141444 0.305033 
6916 0.281411 -0.191205 
6917 0.281044 -0.0254303 
6918 0.27955 0.139967 
6919 0.27867 0.30558 
6920 -0.248912 -0.185754 
6921 -0.249521 -0.0316315 
6922 -0.250838 0.121785 
6923 -0.251711 0.274907 
6924 -0.120053 -0.184152 
6925 -0.120963 -0.0315745 
6926 -0.121957 0.122475 
6927 -0.123142 0.275251 
6928 0.00698488 -0.183731 
6929 0.00656509 -0.0298626 
6930 0.00527564 0.122873 
6931 0.00443234 0.275016 
6932 0.134661 -0.182233 
6933 0.133451 -0.0292538 
6934 0.132417 0.12298 
6935 0.131354 0.275745 
6936 0.260954 -0.181139 
6937 0.260541 -0.0285117 
6938 0.259342 0.123599 
6939 0.257459 0.275836 
6940 -0.228897 -0.178316 
6941 -0.230367 -0.0353356 
6942 -0.231574 0.107014 
6943 -0.233041 0.249416 
6944 -0.110425 -0.176449 
6945 -0.110929 -0.0344452 
6946 -0.112107 0.108303 
6947 -0.113278 0.249769 
6948 0.00827602 -0.175407 
6949 0.00731321 -0.0330381 
6950 0.00541638 0.109108 
6951 0.00479028 0.249865 
6952 0.12619 -0.17373 
6953 0.124594 -0.0315266 
6954 0.123647 0.109958 
6955 0.121835 0.250804 
6956 0.243838 -0.171878 
6957 0.242214 -0.0305752 
6958 0.240779 0.110716 
6959 0.239541 0.251122 
6960 -0.212539 -0.171141 
6961 -0.214178 -0.0384284 
6962 -0.215093 0.0946697 
6963 -0.216458 0.227437 
6964 -0.101134 -0.169862 
6965 -0.103203 -0.0361437 
6966 -0.104358 0.0960543 
6967 -0.105503 0.228354 
6968 0.00926117 -0.167634 
6969 0.00736571 -0.0353205 
6970 0.0063207 0.0967148 
6971 0.00419322 0.228549 
6972 0.119657 -0.166198 
6973 0.118001 -0.0338386 
6974 0.115791 0.0975742 
6975 0.114439 0.229782 
6976 0.228577 -0.163975 
6977 0.226364 -0.0324245 
6978 0.225272 0.0988716 
6979 0.223604 0.230063 
6980 -0.197984 -0.165514 
6981 -0.200342 -0.0398878 
6982 -0.201818 0.0841309 
6983 -0.202971 0.208702 
6984 -0.0938079 -0.163249 
6985 -0.095342 -0.0390232 
6986 -0.0974576 0.086051 
6987 -0.0993431 0.209409 
6988 0.00950212 -0.161034 
6989 0.00739163 -0.0370034 
6990 0.00656161 0.0868181 
6991 0.00439649 0.21008 
6992 0.112633 -0.158751 
6993 0.110525 -0.035835 
6994 0.109153 0.0875852 
6995 0.106945 0.210873 
6996 0.215284 -0.156746 
6997 0.212519 -0.0340269 
6998 0.210877 0.0891284 
6999 0.209019 0.212012 
7000 -0.185602 -0.159475 
7001 -0.188026 -0.0417213 
7002 -0.189623 0.0756867 
7003 -0.191564 0.19298 
7004 -0.0873141 -0.15727 
7005 -0.0893209 -0.040064 
7006 -0.0914209 0.0763492 
7007 -0.0934592 0.193435 
7008 0.0100987 -0.154945 
7009 0.0075631 -0.0380289 
7010 0.00623057 0.0784782 
7011 0.00377044 0.194686 
7012 0.106198 -0.152939 
7013 0.10396 -0.0366958 
7014 0.102401 0.0798793 
7015 0.10026 0.195748 
7016 0.202208 -0.150558 
7017 0.200752 -0.0347159 
7018 0.198542 0.0806353 
7019 0.196495 0.196584 
7020 -0.175573 -0.154504 
7021 -0.177507 -0.0427023 
7022 -0.179609 0.0680334 
7023 -0.180813 0.17818 
7024 -0.0827923 -0.152116 
7025 -0.0845341 -0.0413976 
7026 -0.0869162 0.0690323 
7027 -0.0886741 0.179807 
7028 0.00949234 -0.149449 
7029 0.0075698 -0.0395422 
7030 0.00562318 0.0703993 
7031 0.00272566 0.180848 
7032 0.100716 -0.147202 
7033 0.0986456 -0.037122 
7034 0.0966713 0.0721896 
7035 0.0942024 0.181232 
7036 0.191875 -0.14446 
7037 0.188954 -0.0357288 
7038 0.186922 0.07333 
7039 0.184507 0.182126 
7040 -0.165832 -0.149189 
7041 -0.167545 -0.0439583 
7042 -0.169915 0.0609758 
7043 -0.172411 0.165277 
7044 -0.0782714 -0.146333 
7045 -0.080279 -0.042049 
7046 -0.0822662 0.062285 
7047 -0.0847044 0.166558 
7048 0.0089639 -0.144425 
7049 0.00738446 -0.040092 
7050 0.00486358 0.0646793 
7051 0.0026257 0.16831 
7052 0.0957853 -0.142116 
7053 0.0929897 -0.0383833 
7054 0.0912555 0.0662058 
7055 0.0888765 0.168824 
7056 0.181506 -0.139203 
7057 0.179334 -0.0354212 
7058 0.176515 0.0678343 
7059 0.173496 0.17059 
7060 -0.157352 -0.144513 
7061 -0.159972 -0.0445104 
7062 -0.162168 0.0548038 
7063 -0.164392 0.154823 
7064 -0.073711 -0.142324 
7065 -0.0763142 -0.0428555 
7066 -0.0783413 0.0568222 
7067 -0.0809253 0.155521 
7068 0.0089621 -0.139707 
7069 0.00657766 -0.0403982 
7070 0.00382222 0.0581795 
7071 0.00170646 0.156878 
7072 0.0906629 -0.136592 
7073 0.0878388 -0.0376223 
7074 0.085907 0.0605175 
7075 0.0835263 0.158553 
7076 0.171747 -0.133748 
7077 0.169282 -0.036325 
7078 0.167088 0.0617781 
7079 0.164113 0.159999 
7080 -0.150206 -0.14009 
7081 -0.152313 -0.0448448 
7082 -0.155516 0.0500957 
7083 -0.158033 0.144849 
7084 -0.0704351 -0.137928 
7085 -0.0734398 -0.0427315 
7086 -0.0757507 0.05169 
7087 -0.0780801 0.14617 
7088 0.00756605 -0.134322 
7089 0.00542649 -0.0408412 
7090 0.00286108 0.0536934 
7091 0.000256647 0.148012 
7092 0.0856317 -0.131744 
7093 0.0829918 -0.037989 
7094 0.0805647 0.0558364 
7095 0.0778764 0.148739 
7096 0.16365 -0.129186 
7097 0.161027 -0.0358952 
7098 0.157736 0.0573366 
7099 0.15501 0.150265 
7100 -0.143662 -0.136173 
7101 -0.146155 -0.0455562 
7102 -0.148846 0.0460018 
7103 -0.151492 0.136396 
7104 -0.0677518 -0.13292 
7105 -0.0707626 -0.0430164 
7106 -0.0728501 0.047771 
7107 -0.0760029 0.137199 
7108 0.00714155 -0.130646 
7109 0.00446156 -0.0402419 
7110 0.00180397 0.0495425 
7111 -0.00129511 0.138949 
7112 0.0819425 -0.127594 
7113 0.0784882 -0.0381468 
7114 0.0760331 0.0511094 
7115 0.0735189 0.140491 
7116 0.155842 -0.124216 
7117 0.152968 -0.0358472 
7118 0.149756 0.0539833 
7119 0.14684 0.142747 
7120 -0.138016 -0.132022 
7121 -0.140762 -0.0453626 
7122 -0.143803 0.0415643 
7123 -0.14662 0.128182 
7124 -0.0659694 -0.12904 
7125 -0.0686676 -0.0420605 
7126 -0.070922 0.0443467 
7127 -0.0743215 0.130444 
7128 0.00591765 -0.126493 
7129 0.00318895 -0.0394807 
7130 0.00106559 0.0455955 
7131 -0.00267299 0.131811 
7132 0.0773381 -0.123056 
7133 0.0748545 -0.0373933 
7134 0.0719204 0.0483132 
7135 0.068364 0.133552 
7136 0.147843 -0.120594 
7137 0.14538 -0.0352908 
7138 0.142229 0.0500953 
7139 0.139334 0.135 
7140 -0.133492 -0.128025 
7141 -0.135773 -0.0442268 
7142 -0.138574 0.0386371 
7143 -0.141359 0.121737 
7144 -0.0637776 -0.124667 
7145 -0.0668907 -0.0423241 
7146 -0.0695498 0.0407791 
7147 -0.0725375 0.123099 
7148 0.00570938 -0.1219 
7149 0.00268048 -0.0393738 
7150 -0.000654668 0.0431314 
7151 -0.00380897 0.125211 
7152 0.0737797 -0.118849 
7153 0.0699986 -0.036629 
7154 0.0672718 0.0446855 
7155 0.0644414 0.127222 
7156 0.141073 -0.115999 
7157 0.137901 -0.0343166 
7158 0.134616 0.0476968 
7159 0.131561 0.12887 
7160 -0.128534 -0.124572 
7161 -0.131551 -0.0438851 
7162 -0.134793 0.0358211 
7163 -0.137125 0.115019 
7164 -0.0616003 -0.121192 
7165 -0.0649589 -0.0413525 
7166 -0.0676525 0.0379705 
7167 -0.0714109 0.117237 
7168 0.00426813 -0.117707 
7169 0.000683842 -0.0387929 
7170 -0.00202584 0.0401607 
7171 -0.00537206 0.118831 
7172 0.0699459 -0.114743 
7173 0.0669048 -0.0359107 
7174 0.0632896 0.0426573 
7175 0.0603454 0.121379 
7176 0.134657 -0.111758 
7177 0.13131 -0.0334916 
7178 0.127556 0.0452644 
7179 0.125032 0.122664 
7180 -0.124531 -0.120322 
7181 -0.127427 -0.0433461 
7182 -0.131086 0.0335581 
7183 -0.134012 0.109617 
7184 -0.0607446 -0.117127 
7185 -0.0638126 -0.0409394 
7186 -0.066371 0.0353456 
7187 -0.0699604 0.11231 
7188 0.00288613 -0.114102 
7189 -0.000671468 -0.0378911 
7190 -0.00341364 0.0384797 
7191 -0.00632496 0.114131 
7192 0.0661554 -0.110395 
7193 0.0625592 -0.0352062 
7194 0.0594857 0.0402427 
7195 0.0567366 0.115715 
7196 0.127798 -0.107357 
7197 0.12479 -0.0320596 
7198 0.121464 0.0426308 
7199 0.118801 0.11781 
7200 -0.120826 -0.116719 
7201 -0.124761 -0.0425472 
7202 -0.127383 0.0316003 
7203 -0.130332 0.105315 
7204 -0.0591235 -0.113496 
7205 -0.0631232 -0.0397924 
7206 -0.0661544 0.0337338 
7207 -0.0685806 0.107679 
7208 0.0015035 -0.110034 
7209 -0.00183052 -0.0367895 
7210 -0.00478576 0.035916 
7211 -0.00825497 0.109076 
7212 0.0625013 -0.107085 
7213 0.0585619 -0.0345681 
7214 0.0554486 0.0389388 
7215 0.0527508 0.111884 
7216 0.122349 -0.1043 
7217 0.118351 -0.0316266 
7218 0.115341 0.0414204 
7219 0.112277 0.113578 
7220 -0.118139 -0.11346 
7221 -0.121606 -0.0420244 
7222 -0.124909 0.0299167 
7223 -0.128367 0.101188 
7224 -0.0581302 -0.109602 
7225 -0.0623279 -0.0385772 
7226 -0.0652302 0.0325389 
7227 -0.0686164 0.103409 
7228 0.000301831 -0.106914 
7229 -0.00323229 -0.0359432 
7230 -0.00602984 0.0345828 
7231 -0.00967481 0.105206 
7232 0.0586363 -0.103326 
7233 0.0554316 -0.0326054 
7234 0.0517503 0.0372681 
7235 0.0482275 0.107468 
7236 0.115938 -0.0994678 
7237 0.112748 -0.0303202 
7238 0.10917 0.0401246 
7239 0.106331 0.109249 
7240 -0.11515 -0.109344 
7241 -0.118604 -0.0408848 
7242 -0.12205 0.028059 
7243 -0.125498 0.0968981 
7244 -0.0581537 -0.106035 
7245 -0.0617108 -0.0369748 
7246 -0.0650918 0.0307764 
7247 -0.0682223 0.099587 
7248 -0.000729682 -0.10231 
7249 -0.00429304 -0.0340532 
7250 -0.00736518 0.0334216 
7251 -0.0106328 0.101899 
7252 0.0552642 -0.0998138 
7253 0.051416 -0.0315499 
7254 0.0488557 0.036566 
7255 0.0451503 0.103774 
7256 0.110946 -0.0957165 
7257 0.107683 -0.0282889 
7258 0.103964 0.038792 
7259 0.10032 0.105948 
