6940 -0.333055 -0.216687 
6941 -0.333699 -0.016335 
6942 -0.333739 0.183344 
6943 -0.332974 0.383091 
6944 -0.166981 -0.216958 
6945 -0.166477 -0.0161874 
6946 -0.167135 0.183041 
6947 -0.166193 0.383215 
6948 0.00034861 -0.2169 
6949 2.86555e-06 -0.0163571 
6950 5.37456e-05 0.183343 
6951 -5.96219e-05 0.382907 
6952 0.166921 -0.216923 
6953 0.166724 -0.0171496 
6954 0.166881 0.183399 
6955 0.16652 0.382862 
6956 0.332973 -0.216926 
6957 0.333584 -0.0171258 
6958 0.333332 0.183073 
6959 0.332862 0.383602 
6960 -0.29957 -0.203376 
6961 -0.299775 -0.0219145 
6962 -0.30042 0.160703 
6963 -0.300526 0.341863 
6964 -0.147532 -0.202345 
6965 -0.147805 -0.0206566 
6966 -0.148806 0.160981 
6967 -0.149009 0.341763 
6968 0.00380659 -0.202675 
6969 0.00279688 -0.0202145 
6970 0.00301465 0.160489 
6971 0.00240123 0.342185 
6972 0.154946 -0.201226 
6973 0.154261 -0.0206719 
6974 0.15335 0.160553 
6975 0.153407 0.3419 
6976 0.305384 -0.201332 
6977 0.30499 -0.0198624 
6978 0.304949 0.161431 
6979 0.304078 0.342099 
6980 -0.271236 -0.192134 
6981 -0.271567 -0.024883 
6982 -0.273275 0.141693 
6983 -0.273602 0.307643 
6984 -0.132642 -0.191186 
6985 -0.133174 -0.0243675 
6986 -0.133997 0.142238 
6987 -0.134409 0.3077 
6988 0.00637569 -0.190321 
6989 0.00599023 -0.0242039 
6990 0.00475462 0.142071 
6991 0.00366609 0.308051 
6992 0.144176 -0.189264 
6993 0.143945 -0.0232134 
6994 0.142419 0.142383 
6995 0.141531 0.308668 
6996 0.282319 -0.188247 
6997 0.281073 -0.0221979 
6998 0.280327 0.142869 
6999 0.279652 0.308912 
7000 -0.248109 -0.181717 
7001 -0.248807 -0.0278773 
7002 -0.25011 0.12525 
7003 -0.251315 0.278738 
7004 -0.119185 -0.18024 
7005 -0.121045 -0.026582 
7006 -0.121399 0.12674 
7007 -0.12262 0.279658 
7008 0.00856405 -0.17899 
7009 0.0066607 -0.0260994 
7010 0.00584349 0.126876 
7011 0.00497367 0.280229 
7012 0.135313 -0.177816 
7013 0.134128 -0.0251052 
7014 0.133245 0.128117 
7015 0.132246 0.279916 
7016 0.262234 -0.176569 
7017 0.261535 -0.0242 
7018 0.260352 0.128393 
7019 0.258786 0.281123 
7020 -0.228041 -0.173603 
7021 -0.229995 -0.0302437 
7022 -0.230673 0.112434 
7023 -0.231792 0.254641 
7024 -0.109021 -0.171153 
7025 -0.110741 -0.0291548 
7026 -0.111511 0.113342 
7027 -0.11345 0.255732 
7028 0.00935861 -0.170281 
7029 0.00867511 -0.0277604 
7030 0.00688241 0.114139 
7031 0.00538205 0.25613 
7032 0.127291 -0.167885 
7033 0.126238 -0.0267728 
7034 0.124511 0.115336 
7035 0.122867 0.256672 
7036 0.245628 -0.166627 
7037 0.243738 -0.0248551 
7038 0.242191 0.115568 
7039 0.240181 0.25732 
7040 -0.211525 -0.165279 
7041 -0.212893 -0.0320346 
7042 -0.214831 0.101231 
7043 -0.215945 0.23444 
7044 -0.0997821 -0.163542 
7045 -0.101592 -0.0299628 
7046 -0.102897 0.102466 
7047 -0.104769 0.234463 
7048 0.0104821 -0.161611 
7049 0.00847745 -0.0292674 
7050 0.00710487 0.103268 
7051 0.00572826 0.235873 
7052 0.120574 -0.15935 
7053 0.119352 -0.0279101 
7054 0.116862 0.104193 
7055 0.115241 0.236669 
7056 0.2303 -0.157479 
7057 0.228715 -0.0264502 
7058 0.22622 0.105194 
7059 0.22428 0.23755 
7060 -0.197048 -0.157948 
7061 -0.198433 -0.032843 
7062 -0.200265 0.0912761 
7063 -0.202847 0.216911 
7064 -0.0930183 -0.156163 
7065 -0.09469 -0.0314103 
7066 -0.0964248 0.0927452 
7067 -0.0977619 0.216929 
7068 0.0112322 -0.153523 
7069 0.00899886 -0.0298214 
7070 0.00699801 0.0939912 
7071 0.00546024 0.217728 
7072 0.113743 -0.151903 
7073 0.112523 -0.0284125 
7074 0.110712 0.0959883 
7075 0.108313 0.219441 
7076 0.216487 -0.149553 
7077 0.214151 -0.0260867 
7078 0.212126 0.0970688 
7079 0.210924 0.220054 
7080 -0.184541 -0.151755 
7081 -0.18693 -0.0337151 
7082 -0.188835 0.0834036 
7083 -0.190505 0.200761 
7084 -0.086535 -0.149211 
7085 -0.0884284 -0.0317337 
7086 -0.090143 0.0851845 
7087 -0.0928155 0.201735 
7088 0.0117634 -0.147306 
7089 0.00968555 -0.0297218 
7090 0.00758384 0.0868419 
7091 0.00481416 0.202685 
7092 0.108356 -0.145093 
7093 0.106499 -0.0283792 
7094 0.103406 0.0884845 
7095 0.101686 0.2041 
7096 0.204674 -0.142866 
7097 0.202232 -0.0265596 
7098 0.199485 0.0893249 
7099 0.197862 0.205144 
7100 -0.173846 -0.144994 
7101 -0.176017 -0.0339246 
7102 -0.178027 0.0766417 
7103 -0.179969 0.187265 
7104 -0.0808972 -0.142517 
7105 -0.0829599 -0.0322983 
7106 -0.0855291 0.0779466 
7107 -0.0879516 0.189132 
7108 0.0109711 -0.140925 
7109 0.00921613 -0.029983 
7110 0.00716699 0.0800847 
7111 0.00390023 0.189757 
7112 0.102981 -0.137979 
7113 0.100343 -0.0282184 
7114 0.0980801 0.0814516 
7115 0.0961037 0.191315 
7116 0.193398 -0.136051 
7117 0.191367 -0.0264511 
7118 0.188332 0.083415 
7119 0.186276 0.192107 
7120 -0.164511 -0.139395 
7121 -0.166734 -0.0342779 
7122 -0.169316 0.0712789 
7123 -0.171155 0.175965 
7124 -0.0757307 -0.137263 
7125 -0.0787025 -0.0317063 
7126 -0.0812424 0.0722853 
7127 -0.0832587 0.17678 
7128 0.010984 -0.134178 
7129 0.00865941 -0.0302427 
7130 0.00634789 0.0741639 
7131 0.00391085 0.178504 
7132 0.0978508 -0.131673 
7133 0.0947883 -0.027339 
7134 0.0921857 0.076108 
7135 0.0901006 0.179958 
7136 0.183123 -0.12932 
7137 0.180828 -0.0252521 
7138 0.178434 0.0777041 
7139 0.175587 0.181607 
7140 -0.155345 -0.134461 
7141 -0.158072 -0.0339008 
7142 -0.16115 0.0655502 
7143 -0.163624 0.165567 
7144 -0.0717238 -0.131852 
7145 -0.0743691 -0.0322204 
7146 -0.077504 0.0672111 
7147 -0.0798377 0.166832 
7148 0.0106306 -0.128728 
7149 0.00771061 -0.0294519 
7150 0.00499875 0.0694527 
7151 0.00274467 0.168708 
7152 0.0924272 -0.126442 
7153 0.0904269 -0.0275312 
7154 0.0870115 0.0712248 
7155 0.0844972 0.170434 
7156 0.174137 -0.123101 
7157 0.17114 -0.0254483 
7158 0.168498 0.0731015 
7159 0.166076 0.17132 
7160 -0.148164 -0.129159 
7161 -0.151 -0.0333317 
7162 -0.153716 0.0614281 
7163 -0.156397 0.156215 
7164 -0.0692646 -0.126509 
7165 -0.0719142 -0.0316148 
7166 -0.0742331 0.0635049 
7167 -0.0766958 0.158566 
7168 0.0097467 -0.123755 
7169 0.00759702 -0.028881 
7170 0.00431927 0.065104 
7171 0.00205566 0.159744 
7172 0.087925 -0.120646 
7173 0.0858154 -0.0261477 
7174 0.0821912 0.0676033 
7175 0.0798526 0.161426 
7176 0.165952 -0.117358 
7177 0.16314 -0.0242291 
7178 0.160073 0.0694257 
7179 0.156833 0.162362 
7180 -0.142057 -0.12453 
7181 -0.144598 -0.0330591 
7182 -0.147359 0.0575137 
7183 -0.150941 0.14853 
7184 -0.0658857 -0.121188 
7185 -0.069271 -0.0304205 
7186 -0.0716569 0.0595085 
7187 -0.0748003 0.150624 
7188 0.00940354 -0.118421 
7189 0.00648942 -0.0279587 
7190 0.00364224 0.0623834 
7191 0.00109478 0.151622 
7192 0.0836957 -0.115634 
7193 0.0810822 -0.0252024 
7194 0.0781417 0.0643309 
7195 0.0753741 0.153235 
7196 0.158242 -0.112128 
7197 0.154557 -0.0229291 
7198 0.151519 0.0666486 
7199 0.14865 0.155184 
7200 -0.136702 -0.119215 
7201 -0.139166 -0.0323905 
7202 -0.142079 0.0543963 
7203 -0.145487 0.141989 
7204 -0.0639452 -0.115914 
7205 -0.0666517 -0.0295266 
7206 -0.0698644 0.057254 
7207 -0.0720852 0.143912 
7208 0.0087412 -0.113075 
7209 0.00585857 -0.0269648 
7210 0.00272887 0.0594336 
7211 -0.000486863 0.145526 
7212 0.079357 -0.110516 
7213 0.0767669 -0.0240418 
7214 0.0740452 0.060988 
7215 0.0708822 0.146848 
7216 0.150571 -0.107348 
7217 0.147689 -0.0219458 
7218 0.143972 0.063682 
7219 0.141545 0.148388 
7220 -0.131006 -0.115184 
7221 -0.134658 -0.0315522 
7222 -0.137412 0.0523778 
7223 -0.140455 0.135653 
7224 -0.0612336 -0.11123 
7225 -0.0644582 -0.0287063 
7226 -0.0677219 0.0539766 
7227 -0.0707854 0.13774 
7228 0.00724892 -0.108598 
7229 0.00392107 -0.0256192 
7230 0.00105059 0.057147 
7231 -0.00150759 0.139633 
7232 0.075872 -0.105045 
7233 0.0727506 -0.0227732 
7234 0.0696816 0.0586508 
7235 0.0666057 0.140766 
7236 0.143528 -0.102094 
7237 0.14055 -0.0201113 
7238 0.137326 0.0614878 
7239 0.134268 0.143372 
7240 -0.127005 -0.110164 
7241 -0.129408 -0.0304575 
7242 -0.133285 0.0500494 
7243 -0.13642 0.130548 
7244 -0.0595219 -0.107223 
7245 -0.0624755 -0.0276688 
7246 -0.0659038 0.0521377 
7247 -0.0692247 0.132028 
7248 0.00597304 -0.103474 
7249 0.00328152 -0.0242214 
7250 -0.000393857 0.0551787 
7251 -0.00318891 0.133937 
7252 0.0716868 -0.101098 
7253 0.068543 -0.0220592 
7254 0.0656907 0.05677 
7255 0.0623099 0.136362 
7256 0.136697 -0.0978755 
7257 0.13388 -0.0190075 
7258 0.130096 0.0590929 
7259 0.127604 0.13804 
7260 -0.122676 -0.105526 
7261 -0.126058 -0.0282535 
7262 -0.129695 0.0482711 
7263 -0.131994 0.12584 
7264 -0.0580303 -0.102901 
7265 -0.0611638 -0.0263353 
7266 -0.0646023 0.0505727 
7267 -0.0684765 0.127222 
7268 0.00521128 -0.099073 
7269 0.00223608 -0.0234415 
7270 -0.00150013 0.0532798 
7271 -0.00479382 0.129517 
7272 0.0678168 -0.0961459 
7273 0.0651047 -0.0205411 
7274 0.0617832 0.055213 
7275 0.058338 0.131224 
7276 0.130627 -0.0933626 
7277 0.127045 -0.017041 
7278 0.12352 0.0580098 
7279 0.120767 0.133773 
7280 -0.11951 -0.10108 
7281 -0.122334 -0.0276462 
7282 -0.126011 0.046826 
7283 -0.129028 0.12093 
7284 -0.0571047 -0.0979503 
7285 -0.0604644 -0.0245713 
7286 -0.0641656 0.0493809 
7287 -0.0668977 0.123236 
7288 0.00390624 -0.0949822 
7289 0.000751509 -0.0214094 
7290 -0.00265012 0.0516787 
7291 -0.00642752 0.125074 
7292 0.064913 -0.0917877 
7293 0.0612611 -0.018142 
7294 0.0576123 0.0540117 
7295 0.0548854 0.127145 
7296 0.124136 -0.0886859 
7297 0.120916 -0.0158649 
7298 0.118439 0.0569378 
7299 0.114509 0.129708 
7300 -0.115834 -0.097402 
7301 -0.119884 -0.0255231 
7302 -0.122444 0.0458375 
7303 -0.125942 0.117448 
7304 -0.0562887 -0.0934988 
7305 -0.0600897 -0.022751 
7306 -0.0635011 0.0483443 
7307 -0.066847 0.119954 
7308 0.00266981 -0.0904533 
7309 -0.00114373 -0.0198346 
7310 -0.00409852 0.0507777 
7311 -0.00761092 0.122113 
7312 0.0615195 -0.0875295 
7313 0.0578995 -0.0163902 
7314 0.0542837 0.0532479 
7315 0.0509041 0.123857 
7316 0.119287 -0.0835778 
7317 0.115617 -0.0142232 
7318 0.112028 0.0562864 
7319 0.109351 0.126268 
7320 -0.113304 -0.0933655 
7321 -0.116869 -0.0240643 
7322 -0.12072 0.0453167 
7323 -0.123437 0.114447 
7324 -0.0557431 -0.0894705 
7325 -0.0589048 -0.0214036 
7326 -0.0628668 0.0475306 
7327 -0.0656204 0.116274 
7328 0.00118721 -0.0861728 
7329 -0.0016399 -0.0181125 
7330 -0.00576854 0.0508974 
7331 -0.00851051 0.118498 
7332 0.0575212 -0.0829579 
7333 0.0538534 -0.0150343 
7334 0.0508205 0.0527066 
7335 0.047307 0.121402 
7336 0.113039 -0.0800596 
7337 0.110377 -0.0118213 
7338 0.106375 0.0556553 
7339 0.103728 0.123241 
