7000 -0.333045 -0.216657 
7001 -0.333651 -0.0168666 
7002 -0.333635 0.18298 
7003 -0.333156 0.382997 
7004 -0.16653 -0.21668 
7005 -0.16697 -0.0162184 
7006 -0.167162 0.183523 
7007 -0.166508 0.382896 
7008 -0.000349449 -0.21654 
7009 0.000480815 -0.0170297 
7010 -0.000262305 0.183081 
7011 -9.19983e-05 0.383511 
7012 0.166452 -0.217059 
7013 0.16704 -0.0161861 
7014 0.166636 0.183304 
7015 0.167012 0.383064 
7016 0.333588 -0.216981 
7017 0.333675 -0.0162495 
7018 0.333584 0.183684 
7019 0.333242 0.383335 
7020 -0.299408 -0.202019 
7021 -0.299325 -0.0198046 
7022 -0.300052 0.161933 
7023 -0.300052 0.343056 
7024 -0.147332 -0.20142 
7025 -0.147588 -0.0201912 
7026 -0.147871 0.161482 
7027 -0.149018 0.342901 
7028 0.00433793 -0.200889 
7029 0.0032968 -0.0189847 
7030 0.00310274 0.161643 
7031 0.00231757 0.34337 
7032 0.155539 -0.200199 
7033 0.15472 -0.0187371 
7034 0.153746 0.161882 
7035 0.15387 0.343755 
7036 0.306282 -0.199877 
7037 0.305958 -0.0184427 
7038 0.305114 0.162782 
7039 0.304588 0.343942 
7040 -0.270755 -0.189351 
7041 -0.27221 -0.0228492 
7042 -0.2729 0.143667 
7043 -0.273101 0.310218 
7044 -0.132042 -0.188498 
7045 -0.132715 -0.022162 
7046 -0.13309 0.144048 
7047 -0.134366 0.310606 
7048 0.00670044 -0.187052 
7049 0.005953 -0.0213727 
7050 0.00470459 0.144749 
7051 0.00445396 0.311151 
7052 0.14519 -0.186511 
7053 0.144407 -0.0201992 
7054 0.14382 0.145725 
7055 0.142384 0.310958 
7056 0.283256 -0.185447 
7057 0.281942 -0.0199758 
7058 0.281042 0.146207 
7059 0.280451 0.311755 
7060 -0.247771 -0.178557 
7061 -0.248829 -0.0248945 
7062 -0.250146 0.129438 
7063 -0.25037 0.283149 
7064 -0.119009 -0.177076 
7065 -0.120301 -0.0231776 
7066 -0.121385 0.129472 
7067 -0.122495 0.282992 
7068 0.00913143 -0.175432 
7069 0.00735611 -0.0228936 
7070 0.00621011 0.130797 
7071 0.00494984 0.283844 
7072 0.136115 -0.174911 
7073 0.135406 -0.0212098 
7074 0.13403 0.131598 
7075 0.13228 0.283873 
7076 0.263689 -0.173249 
7077 0.261827 -0.020758 
7078 0.261263 0.13255 
7079 0.259983 0.284657 
7080 -0.227898 -0.168761 
7081 -0.22875 -0.0260768 
7082 -0.230462 0.116394 
7083 -0.231405 0.259968 
7084 -0.107992 -0.167628 
7085 -0.109303 -0.0243079 
7086 -0.111611 0.117466 
7087 -0.113152 0.259777 
7088 0.0108999 -0.16537 
7089 0.00904117 -0.023165 
7090 0.00743993 0.119242 
7091 0.00612408 0.261132 
7092 0.128561 -0.164212 
7093 0.127219 -0.0218207 
7094 0.125319 0.12001 
7095 0.124031 0.261379 
7096 0.246142 -0.1621 
7097 0.24474 -0.0207792 
7098 0.243606 0.120353 
7099 0.24168 0.262119 
7100 -0.210951 -0.159823 
7101 -0.21188 -0.0267458 
7102 -0.213806 0.106272 
7103 -0.215391 0.240238 
7104 -0.0996777 -0.15809 
7105 -0.100443 -0.0248169 
7106 -0.10316 0.107796 
7107 -0.104353 0.240231 
7108 0.0119147 -0.156418 
7109 0.009939 -0.023648 
7110 0.00825469 0.109221 
7111 0.00635776 0.241092 
7112 0.121431 -0.154724 
7113 0.119537 -0.0223045 
7114 0.118105 0.109878 
7115 0.116597 0.242588 
7116 0.231567 -0.152668 
7117 0.229803 -0.0203053 
7118 0.227317 0.111398 
7119 0.225966 0.242998 
7120 -0.195579 -0.152466 
7121 -0.197527 -0.0267338 
7122 -0.199556 0.0980759 
7123 -0.201526 0.223262 
7124 -0.0912113 -0.14963 
7125 -0.0931661 -0.0251831 
7126 -0.0959636 0.0993761 
7127 -0.0979272 0.223465 
7128 0.0125386 -0.147483 
7129 0.00994034 -0.0232862 
7130 0.00791129 0.100893 
7131 0.00668004 0.224547 
7132 0.115575 -0.145722 
7133 0.112974 -0.0222521 
7134 0.111343 0.101869 
7135 0.109578 0.225514 
7136 0.217519 -0.143198 
7137 0.215367 -0.0201706 
7138 0.213289 0.103195 
7139 0.211835 0.226215 
7140 -0.183144 -0.145463 
7141 -0.185861 -0.0267781 
7142 -0.18829 0.0908149 
7143 -0.19027 0.207963 
7144 -0.0852574 -0.14268 
7145 -0.0868585 -0.0252815 
7146 -0.089117 0.0918184 
7147 -0.0914181 0.20935 
7148 0.0128656 -0.140469 
7149 0.0100133 -0.0232743 
7150 0.0079559 0.0936644 
7151 0.00626584 0.210257 
7152 0.109683 -0.137977 
7153 0.107621 -0.0218699 
7154 0.105303 0.0952537 
7155 0.103181 0.210989 
7156 0.206129 -0.135928 
7157 0.203924 -0.0196266 
7158 0.201863 0.0965257 
7159 0.198975 0.212338 
7160 -0.172401 -0.138451 
7161 -0.174947 -0.0267 
7162 -0.176903 0.0844677 
7163 -0.179743 0.195801 
7164 -0.0797148 -0.135488 
7165 -0.0824381 -0.0245819 
7166 -0.0845243 0.086338 
7167 -0.086742 0.197069 
7168 0.0130081 -0.132768 
7169 0.0100005 -0.0225158 
7170 0.00772986 0.0874649 
7171 0.00530154 0.197505 
7172 0.104456 -0.13088 
7173 0.101866 -0.0207001 
7174 0.099377 0.0889178 
7175 0.0965028 0.198702 
7176 0.194714 -0.127779 
7177 0.192564 -0.0182458 
7178 0.189754 0.0905473 
7179 0.1882 0.200498 
7180 -0.163313 -0.13147 
7181 -0.165836 -0.0264231 
7182 -0.168384 0.0786941 
7183 -0.170935 0.184199 
7184 -0.0750457 -0.128585 
7185 -0.0776117 -0.0239715 
7186 -0.0798394 0.0805031 
7187 -0.0820785 0.186152 
7188 0.0125419 -0.126731 
7189 0.0102975 -0.0218415 
7190 0.0071133 0.0825275 
7191 0.00523185 0.186667 
7192 0.0992438 -0.123652 
7193 0.0963313 -0.0198124 
7194 0.0942895 0.0840325 
7195 0.0911491 0.18814 
7196 0.184808 -0.121172 
7197 0.182549 -0.0175476 
7198 0.179642 0.0857362 
7199 0.176984 0.189852 
7200 -0.154998 -0.12619 
7201 -0.15754 -0.0254941 
7202 -0.16014 0.0750333 
7203 -0.162744 0.174835 
7204 -0.071121 -0.12315 
7205 -0.0732841 -0.0236077 
7206 -0.0765241 0.0767763 
7207 -0.0785362 0.175822 
7208 0.0122816 -0.119711 
7209 0.00899871 -0.0210683 
7210 0.0071318 0.0788286 
7211 0.00416269 0.17761 
7212 0.0942134 -0.116903 
7213 0.0915084 -0.0185592 
7214 0.0887288 0.0802251 
7215 0.0864011 0.179446 
7216 0.175544 -0.114259 
7217 0.173313 -0.0162964 
7218 0.170597 0.0824692 
7219 0.167935 0.181024 
7220 -0.146723 -0.119884 
7221 -0.149666 -0.0244272 
7222 -0.15271 0.0709077 
7223 -0.155686 0.166743 
7224 -0.0673071 -0.117291 
7225 -0.0701354 -0.0223396 
7226 -0.0729658 0.0727504 
7227 -0.0754159 0.168399 
7228 0.0112788 -0.114022 
7229 0.00885473 -0.0199712 
7230 0.00614711 0.0753817 
7231 0.00299366 0.169558 
7232 0.0894092 -0.111111 
7233 0.0871539 -0.0175719 
7234 0.0840495 0.0766505 
7235 0.0810636 0.170585 
7236 0.167262 -0.108454 
7237 0.164485 -0.0151876 
7238 0.16203 0.078507 
7239 0.159406 0.172609 
7240 -0.140537 -0.114725 
7241 -0.143202 -0.0232213 
7242 -0.146026 0.0675671 
7243 -0.149448 0.158822 
7244 -0.0643059 -0.111475 
7245 -0.0671826 -0.0210493 
7246 -0.0706525 0.0699462 
7247 -0.0735129 0.160691 
7248 0.0111147 -0.108414 
7249 0.00751415 -0.0182154 
7250 0.00505957 0.0717473 
7251 0.00201151 0.162188 
7252 0.0855355 -0.105324 
7253 0.0821661 -0.0157965 
7254 0.0800195 0.0739729 
7255 0.0771286 0.163532 
7256 0.159967 -0.102523 
7257 0.156314 -0.013334 
7258 0.153773 0.0765035 
7259 0.150744 0.165924 
7260 -0.134386 -0.109206 
7261 -0.137621 -0.0221464 
7262 -0.140919 0.0649671 
7263 -0.144301 0.152194 
7264 -0.0617945 -0.106196 
7265 -0.0651072 -0.0195367 
7266 -0.0683741 0.0677736 
7267 -0.071662 0.154153 
7268 0.0101091 -0.103256 
7269 0.00692317 -0.0167999 
7270 0.00390047 0.0694954 
7271 0.000600129 0.156128 
7272 0.0817611 -0.100386 
7273 0.0787361 -0.0139887 
7274 0.0755251 0.0717405 
7275 0.0725996 0.157312 
7276 0.151696 -0.0969676 
7277 0.148766 -0.0119581 
7278 0.145917 0.0737611 
7279 0.143486 0.159549 
7280 -0.129516 -0.103878 
7281 -0.133094 -0.0200048 
7282 -0.136463 0.0633548 
7283 -0.139567 0.147339 
7284 -0.0601677 -0.100325 
7285 -0.0631765 -0.0177229 
7286 -0.0664176 0.0653522 
7287 -0.0690259 0.149165 
7288 0.0095013 -0.0977758 
7289 0.00629964 -0.0145741 
7290 0.00269756 0.0680742 
7291 -0.000157435 0.150709 
7292 0.0775314 -0.094569 
7293 0.0739525 -0.0128078 
7294 0.0709312 0.0695935 
7295 0.0686557 0.152448 
7296 0.145181 -0.0911176 
7297 0.142501 -0.0091959 
7298 0.138789 0.0719765 
7299 0.135663 0.15411 
7300 -0.124903 -0.09924 
7301 -0.128657 -0.0188463 
7302 -0.131624 0.0619697 
7303 -0.134613 0.142199 
7304 -0.0584985 -0.0956978 
7305 -0.0615214 -0.0161882 
7306 -0.0643093 0.0637533 
7307 -0.0675906 0.14401 
7308 0.00803445 -0.0922603 
7309 0.00519054 -0.0131464 
7310 0.00189118 0.0662735 
7311 -0.00163545 0.145618 
7312 0.0741041 -0.089363 
7313 0.0700643 -0.0103559 
7314 0.0669928 0.0690253 
7315 0.0642936 0.148148 
7316 0.138723 -0.0862884 
7317 0.135083 -0.00784098 
7318 0.132503 0.0708892 
7319 0.129672 0.149814 
7320 -0.121387 -0.0939883 
7321 -0.124573 -0.0166895 
7322 -0.127862 0.0605215 
7323 -0.131444 0.137412 
7324 -0.056822 -0.0907306 
7325 -0.060482 -0.0136488 
7326 -0.0629977 0.0631824 
7327 -0.0663329 0.139551 
7328 0.00673441 -0.0877123 
7329 0.0041205 -0.0110923 
7330 0.000186034 0.0650317 
7331 -0.00279316 0.141213 
7332 0.0698255 -0.0840803 
7333 0.066674 -0.00887614 
7334 0.063804 0.0676958 
7335 0.0599047 0.143208 
7336 0.132547 -0.0815543 
7337 0.12954 -0.00547335 
7338 0.125915 0.0700627 
7339 0.123268 0.145494 
7340 -0.117189 -0.0897186 
7341 -0.120904 -0.0149196 
7342 -0.124 0.0590314 
7343 -0.127736 0.134282 
7344 -0.0551854 -0.0857239 
7345 -0.0586785 -0.0120762 
7346 -0.0620173 0.0618428 
7347 -0.0658657 0.135571 
7348 0.00608471 -0.0826325 
7349 0.00208469 -0.00952381 
7350 -0.000641277 0.0646003 
7351 -0.00418094 0.138017 
7352 0.066424 -0.0794321 
7353 0.0635249 -0.00666297 
7354 0.0594511 0.0667264 
7355 0.0564153 0.140299 
7356 0.126585 -0.0769478 
7357 0.123407 -0.00345559 
7358 0.120363 0.0694145 
7359 0.117008 0.142254 
7360 -0.11404 -0.0847515 
7361 -0.117894 -0.0131215 
7362 -0.12168 0.0587182 
7363 -0.12526 0.130915 
7364 -0.0542833 -0.0809299 
7365 -0.0576422 -0.00965425 
7366 -0.0616069 0.060867 
7367 -0.0652673 0.133163 
7368 0.00488326 -0.0778135 
7369 0.00129518 -0.00724521 
7370 -0.00248283 0.0634562 
7371 -0.0054117 0.134999 
7372 0.0633644 -0.0746634 
7373 0.0592088 -0.00474812 
7374 0.0565409 0.0661774 
7375 0.0526365 0.136569 
7376 0.12099 -0.0721499 
7377 0.117749 -0.00116779 
7378 0.114181 0.0687822 
7379 0.111115 0.138494 
7380 -0.111958 -0.0801199 
7381 -0.114984 -0.0109294 
7382 -0.11884 0.0584835 
7383 -0.122584 0.127877 
7384 -0.0538272 -0.0771602 
7385 -0.0574558 -0.00821735 
7386 -0.0608927 0.0608552 
7387 -0.0640107 0.129624 
7388 0.00359401 -0.0740099 
7389 -0.000101386 -0.00531597 
7390 -0.00406238 0.0633567 
7391 -0.00702006 0.13205 
7392 0.059854 -0.0705652 
7393 0.0561228 -0.0024203 
7394 0.0525667 0.0661789 
7395 0.0496369 0.133916 
7396 0.115024 -0.0669854 
7397 0.111672 0.000286748 
7398 0.108875 0.0688069 
7399 0.105587 0.135894 
