7100 -0.333266 -0.216608 
7101 -0.333678 -0.0166583 
7102 -0.333736 0.183662 
7103 -0.333278 0.383523 
7104 -0.167155 -0.216363 
7105 -0.167113 -0.0162468 
7106 -0.167065 0.183644 
7107 -0.16709 0.383191 
7108 0.000362761 -0.216376 
7109 -3.02658e-05 -0.0167088 
7110 -9.97762e-05 0.183757 
7111 -0.000157815 0.383184 
7112 0.166426 -0.217084 
7113 0.166609 -0.0164157 
7114 0.16639 0.183314 
7115 0.166496 0.383211 
7116 0.333416 -0.216933 
7117 0.333734 -0.0169065 
7118 0.333721 0.182895 
7119 0.333048 0.383323 
7120 -0.298826 -0.199927 
7121 -0.299593 -0.0182936 
7122 -0.299393 0.16415 
7123 -0.300442 0.345967 
7124 -0.147341 -0.199268 
7125 -0.147603 -0.017167 
7126 -0.148237 0.164701 
7127 -0.148061 0.345828 
7128 0.00462754 -0.198564 
7129 0.00365562 -0.0168936 
7130 0.00305613 0.164452 
7131 0.00326242 0.346092 
7132 0.155217 -0.198282 
7133 0.155369 -0.0161183 
7134 0.154812 0.16467 
7135 0.154015 0.346775 
7136 0.306687 -0.197664 
7137 0.305618 -0.0159398 
7138 0.305823 0.165422 
7139 0.305515 0.346619 
7140 -0.270419 -0.185191 
7141 -0.271045 -0.0182364 
7142 -0.272363 0.148644 
7143 -0.272911 0.315199 
7144 -0.130726 -0.184044 
7145 -0.1319 -0.0178347 
7146 -0.13243 0.148734 
7147 -0.13371 0.315892 
7148 0.00727186 -0.183366 
7149 0.00707877 -0.0166103 
7150 0.00547589 0.149698 
7151 0.00507051 0.315696 
7152 0.145974 -0.182582 
7153 0.145142 -0.0159588 
7154 0.144001 0.150011 
7155 0.14317 0.31565 
7156 0.283971 -0.181583 
7157 0.283195 -0.0157438 
7158 0.282074 0.150181 
7159 0.281339 0.316417 
7160 -0.246469 -0.172464 
7161 -0.24767 -0.0186444 
7162 -0.249209 0.135085 
7163 -0.250465 0.289418 
7164 -0.117991 -0.170749 
7165 -0.119538 -0.017714 
7166 -0.120249 0.135954 
7167 -0.121277 0.290025 
7168 0.0099761 -0.170138 
7169 0.00865481 -0.0162678 
7170 0.00793804 0.137315 
7171 0.00610533 0.290533 
7172 0.137429 -0.167867 
7173 0.136666 -0.0152037 
7174 0.135536 0.137622 
7175 0.133844 0.290853 
7176 0.264848 -0.167211 
7177 0.263342 -0.0144903 
7178 0.262261 0.13884 
7179 0.261461 0.291729 
7180 -0.225952 -0.161165 
7181 -0.227669 -0.0177546 
7182 -0.229381 0.124862 
7183 -0.230751 0.268528 
7184 -0.10694 -0.159107 
7185 -0.108546 -0.0165447 
7186 -0.109856 0.12632 
7187 -0.112008 0.268704 
7188 0.011601 -0.157336 
7189 0.0101378 -0.0156137 
7190 0.00923027 0.127165 
7191 0.00775715 0.269122 
7192 0.130799 -0.156565 
7193 0.128585 -0.0145063 
7194 0.12706 0.128145 
7195 0.125357 0.269667 
7196 0.247689 -0.154281 
7197 0.246985 -0.0128447 
7198 0.244888 0.129346 
7199 0.242993 0.270839 
7200 -0.209406 -0.15123 
7201 -0.210727 -0.017693 
7202 -0.212551 0.116041 
7203 -0.21509 0.250244 
7204 -0.0972677 -0.148615 
7205 -0.0994137 -0.0157483 
7206 -0.101452 0.117862 
7207 -0.103065 0.250326 
7208 0.0128326 -0.147283 
7209 0.0112125 -0.0144717 
7210 0.00937354 0.118294 
7211 0.00802871 0.251316 
7212 0.123309 -0.144937 
7213 0.121463 -0.0125525 
7214 0.120026 0.120118 
7215 0.118209 0.252006 
7216 0.233616 -0.143422 
7217 0.231378 -0.0113502 
7218 0.229984 0.121425 
7219 0.227585 0.253571 
7220 -0.195021 -0.141741 
7221 -0.196308 -0.0159605 
7222 -0.198646 0.109177 
7223 -0.200445 0.234597 
7224 -0.090297 -0.139561 
7225 -0.0915092 -0.0146838 
7226 -0.0937448 0.110123 
7227 -0.0963618 0.235093 
7228 0.0139635 -0.137816 
7229 0.0117504 -0.012925 
7230 0.0102073 0.111729 
7231 0.00817623 0.236228 
7232 0.11731 -0.135276 
7233 0.11497 -0.0109058 
7234 0.113631 0.113271 
7235 0.111619 0.236955 
7236 0.220203 -0.133555 
7237 0.21794 -0.00940071 
7238 0.216086 0.114095 
7239 0.214272 0.237786 
7240 -0.182053 -0.132859 
7241 -0.183851 -0.0150031 
7242 -0.186472 0.103089 
7243 -0.188737 0.221146 
7244 -0.0827727 -0.131021 
7245 -0.0850685 -0.0130413 
7246 -0.0873545 0.104946 
7247 -0.089929 0.222199 
7248 0.0143926 -0.128331 
7249 0.011932 -0.0111442 
7250 0.00990203 0.105605 
7251 0.00777954 0.222828 
7252 0.111629 -0.126446 
7253 0.109831 -0.0090571 
7254 0.107403 0.10789 
7255 0.105103 0.22408 
7256 0.208203 -0.123784 
7257 0.20573 -0.00791596 
7258 0.203925 0.108935 
7259 0.201481 0.225445 
7260 -0.170305 -0.125264 
7261 -0.173438 -0.0134831 
7262 -0.175199 0.0974291 
7263 -0.177998 0.209915 
7264 -0.0779603 -0.122715 
7265 -0.0802504 -0.0111176 
7266 -0.0827211 0.0994165 
7267 -0.0851221 0.210543 
7268 0.0146742 -0.120034 
7269 0.012166 -0.00974659 
7270 0.00993377 0.101598 
7271 0.00779004 0.212189 
7272 0.106338 -0.117438 
7273 0.104288 -0.00766224 
7274 0.10229 0.103167 
7275 0.0993651 0.213654 
7276 0.197531 -0.115233 
7277 0.195656 -0.00505364 
7278 0.193123 0.103993 
7279 0.190589 0.214035 
7280 -0.160897 -0.117666 
7281 -0.163577 -0.0121549 
7282 -0.165967 0.0933975 
7283 -0.168457 0.199345 
7284 -0.0723273 -0.114554 
7285 -0.0755193 -0.0102002 
7286 -0.0777754 0.0953619 
7287 -0.0807281 0.200522 
7288 0.0147976 -0.112104 
7289 0.0125721 -0.00778622 
7290 0.00967222 0.097225 
7291 0.00740718 0.202299 
7292 0.101395 -0.109398 
7293 0.0991323 -0.00546902 
7294 0.0967519 0.0987152 
7295 0.0945856 0.203773 
7296 0.187615 -0.107347 
7297 0.185127 -0.00350301 
7298 0.183056 0.100513 
7299 0.180574 0.204516 
7300 -0.152347 -0.110152 
7301 -0.155017 -0.0104599 
7302 -0.157769 0.0900313 
7303 -0.160328 0.19082 
7304 -0.0689492 -0.107819 
7305 -0.0712827 -0.00794975 
7306 -0.0735492 0.0920382 
7307 -0.0769886 0.192715 
7308 0.0149649 -0.105283 
7309 0.0122405 -0.00565481 
7310 0.00931871 0.0943331 
7311 0.00645498 0.1939 
7312 0.0969836 -0.102338 
7313 0.0947761 -0.00282573 
7314 0.0921744 0.0956741 
7315 0.0895591 0.195642 
7316 0.179173 -0.0995729 
7317 0.176446 -0.00146972 
7318 0.173389 0.0974796 
7319 0.170706 0.197095 
7320 -0.144507 -0.104102 
7321 -0.147387 -0.00848864 
7322 -0.151152 0.0877953 
7323 -0.153609 0.183858 
7324 -0.0649326 -0.100931 
7325 -0.0676853 -0.00587234 
7326 -0.07089 0.0896276 
7327 -0.0739598 0.185106 
7328 0.0144463 -0.0984092 
7329 0.0109742 -0.0036372 
7330 0.00881277 0.0910846 
7331 0.00609104 0.186304 
7332 0.0922083 -0.095708 
7333 0.0896743 -0.00112367 
7334 0.0869747 0.093781 
7335 0.0841456 0.187714 
7336 0.170064 -0.0927984 
7337 0.167694 0.00136765 
7338 0.165249 0.0957378 
7339 0.162155 0.189051 
7340 -0.138836 -0.0972281 
7341 -0.140841 -0.00600122 
7342 -0.14407 0.0858238 
7343 -0.146915 0.177124 
7344 -0.0620621 -0.0949447 
7345 -0.0647397 -0.00320049 
7346 -0.068216 0.0878737 
7347 -0.0705481 0.178364 
7348 0.0136066 -0.0918828 
7349 0.0103056 -0.00121542 
7350 0.00760365 0.0890025 
7351 0.00475325 0.180718 
7352 0.0888508 -0.0887361 
7353 0.0853122 0.00128227 
7354 0.0828283 0.0914722 
7355 0.0801744 0.181586 
7356 0.162936 -0.0855506 
7357 0.15951 0.00344736 
7358 0.15742 0.0934011 
7359 0.153875 0.183414 
7360 -0.132189 -0.0911878 
7361 -0.135267 -0.0042603 
7362 -0.13879 0.0833355 
7363 -0.141954 0.171523 
7364 -0.0596778 -0.0878577 
7365 -0.0620111 -0.0012217 
7366 -0.0652751 0.0861239 
7367 -0.0687112 0.173442 
7368 0.0127962 -0.0852693 
7369 0.00946303 0.00146546 
7370 0.00716188 0.0877015 
7371 0.00444765 0.175162 
7372 0.084335 -0.0822458 
7373 0.0815428 0.00363761 
7374 0.0782755 0.0894946 
7375 0.0758539 0.176125 
7376 0.155288 -0.0799292 
7377 0.15232 0.0059821 
7378 0.149786 0.091859 
7379 0.146801 0.178212 
7380 -0.126829 -0.0857546 
7381 -0.130399 -0.00150155 
7382 -0.13327 0.0819846 
7383 -0.13713 0.166545 
7384 -0.0575185 -0.0821165 
7385 -0.0605266 0.00151133 
7386 -0.0629975 0.0846314 
7387 -0.0663164 0.168021 
7388 0.0116128 -0.0791238 
7389 0.00923835 0.00375506 
7390 0.00564035 0.0870266 
7391 0.00322628 0.169864 
7392 0.0803469 -0.0769589 
7393 0.0775883 0.00658621 
7394 0.0750743 0.089154 
7395 0.0715999 0.171231 
7396 0.148333 -0.0732416 
7397 0.145489 0.00897643 
7398 0.142697 0.0906527 
7399 0.139734 0.173178 
7400 -0.122638 -0.0792394 
7401 -0.125933 0.000998125 
7402 -0.129585 0.0814296 
7403 -0.132665 0.162356 
7404 -0.0559491 -0.0769533 
7405 -0.0582032 0.00385381 
7406 -0.0622282 0.083765 
7407 -0.0649899 0.163901 
7408 0.0110925 -0.073591 
7409 0.00818161 0.0061641 
7410 0.00469589 0.0862079 
7411 0.00139261 0.16618 
7412 0.0768808 -0.0707181 
7413 0.0737774 0.00831219 
7414 0.0705096 0.0878331 
7415 0.0681634 0.168022 
7416 0.141488 -0.0681725 
7417 0.139115 0.011391 
7418 0.135702 0.0904503 
7419 0.132928 0.169636 
7420 -0.118663 -0.0741435 
7421 -0.122362 0.00310663 
7422 -0.12482 0.0807317 
7423 -0.1281 0.158274 
7424 -0.0537753 -0.0710408 
7425 -0.0573511 0.00636399 
7426 -0.0606653 0.0835224 
7427 -0.0639424 0.161055 
7428 0.0100942 -0.0676113 
7429 0.00638979 0.00824635 
7430 0.00359755 0.0858092 
7431 0.000845869 0.162271 
7432 0.0729464 -0.0649661 
7433 0.0698061 0.0112044 
7434 0.0671094 0.0876046 
7435 0.063699 0.163956 
7436 0.135252 -0.0622795 
7437 0.132845 0.0134235 
7438 0.130258 0.0899703 
7439 0.12711 0.165391 
7440 -0.114985 -0.0688289 
7441 -0.118242 0.0061381 
7442 -0.121722 0.0810226 
7443 -0.124702 0.155188 
7444 -0.0532678 -0.0661431 
7445 -0.0556634 0.00879108 
7446 -0.0595867 0.0831677 
7447 -0.0628857 0.157263 
7448 0.00848781 -0.06248 
7449 0.00528309 0.0113487 
7450 0.00273803 0.0846818 
7451 -0.00028682 0.158939 
7452 0.0693285 -0.059185 
7453 0.0663052 0.0141079 
7454 0.0640435 0.087235 
7455 0.0610383 0.161178 
7456 0.12999 -0.0564341 
7457 0.12675 0.0159609 
7458 0.124466 0.0897901 
7459 0.121122 0.163329 
7460 -0.111853 -0.0636788 
7461 -0.114702 0.00800759 
7462 -0.118723 0.0804191 
7463 -0.121497 0.153266 
7464 -0.0520823 -0.060021 
7465 -0.0553666 0.0106915 
7466 -0.0580113 0.0826823 
7467 -0.0610823 0.155404 
7468 0.00758983 -0.0570445 
7469 0.00479418 0.0135192 
7470 0.000863251 0.0855396 
7471 -0.00158336 0.156274 
7472 0.0659553 -0.054225 
7473 0.0633206 0.016316 
7474 0.0605003 0.0874153 
7475 0.0572268 0.158093 
7476 0.124275 -0.0511196 
7477 0.12123 0.0189193 
7478 0.118287 0.089907 
7479 0.115088 0.16077 
7480 -0.109378 -0.058214 
7481 -0.111999 0.0109166 
7482 -0.115937 0.0807351 
7483 -0.119226 0.150371 
7484 -0.051477 -0.0558227 
7485 -0.0539044 0.0141358 
7486 -0.0577429 0.0830232 
7487 -0.0611129 0.152424 
7488 0.00613699 -0.0523184 
7489 0.00281309 0.0161755 
7490 0.000339637 0.0850709 
7491 -0.00293638 0.154245 
7492 0.062627 -0.0496925 
7493 0.0601446 0.0190489 
7494 0.0570537 0.0875848 
7495 0.0533478 0.15607 
7496 0.118973 -0.0468152 
7497 0.11583 0.0212995 
7498 0.112699 0.0897399 
7499 0.109981 0.158097 
