7180 -0.333816 -0.216816 
7181 -0.333672 -0.0162582 
7182 -0.33326 0.183531 
7183 -0.332997 0.383373 
7184 -0.166245 -0.217007 
7185 -0.166167 -0.0167368 
7186 -0.166291 0.183559 
7187 -0.166621 0.382883 
7188 0.000434874 -0.217142 
7189 -0.000221845 -0.0167277 
7190 -0.00027491 0.183311 
7191 0.000273142 0.382913 
7192 0.166656 -0.216801 
7193 0.167052 -0.0170746 
7194 0.166244 0.182881 
7195 0.166786 0.383321 
7196 0.333363 -0.216321 
7197 0.332908 -0.0161673 
7198 0.332906 0.183241 
7199 0.333092 0.383378 
7200 -0.298973 -0.198117 
7201 -0.298557 -0.0157793 
7202 -0.299747 0.16583 
7203 -0.299977 0.347824 
7204 -0.147205 -0.197194 
7205 -0.147515 -0.0152853 
7206 -0.148199 0.166851 
7207 -0.148303 0.347914 
7208 0.00504537 -0.197123 
7209 0.00442739 -0.0149164 
7210 0.00356974 0.166319 
7211 0.00377186 0.348 
7212 0.155672 -0.195651 
7213 0.155711 -0.0146157 
7214 0.155344 0.166682 
7215 0.154372 0.348536 
7216 0.307464 -0.195867 
7217 0.306993 -0.0139254 
7218 0.30661 0.167039 
7219 0.305693 0.348576 
7220 -0.269515 -0.181539 
7221 -0.27117 -0.0150373 
7222 -0.271662 0.152653 
7223 -0.272596 0.319515 
7224 -0.130547 -0.180785 
7225 -0.131143 -0.0136599 
7226 -0.132529 0.152564 
7227 -0.13355 0.320118 
7228 0.00835844 -0.179071 
7229 0.00740665 -0.0135629 
7230 0.00697252 0.152963 
7231 0.00594279 0.319526 
7232 0.147384 -0.178944 
7233 0.145668 -0.0127134 
7234 0.144746 0.154102 
7235 0.144246 0.320523 
7236 0.284926 -0.177843 
7237 0.28387 -0.011112 
7238 0.282965 0.154169 
7239 0.282698 0.320494 
7240 -0.246303 -0.167748 
7241 -0.24664 -0.0130199 
7242 -0.2484 0.1411 
7243 -0.249942 0.295369 
7244 -0.116785 -0.166298 
7245 -0.118727 -0.0121309 
7246 -0.119816 0.1415 
7247 -0.121307 0.295957 
7248 0.0107668 -0.164155 
7249 0.00992073 -0.0108321 
7250 0.00866909 0.143121 
7251 0.0077478 0.296471 
7252 0.13874 -0.162819 
7253 0.137347 -0.00972018 
7254 0.136403 0.142939 
7255 0.135503 0.296686 
7256 0.26628 -0.161541 
7257 0.264939 -0.00911966 
7258 0.264046 0.144228 
7259 0.262122 0.296919 
7260 -0.225208 -0.155089 
7261 -0.226994 -0.0110308 
7262 -0.228819 0.131908 
7263 -0.230172 0.275273 
7264 -0.106199 -0.153147 
7265 -0.107636 -0.0100395 
7266 -0.108781 0.13332 
7267 -0.110572 0.27608 
7268 0.0130239 -0.151591 
7269 0.0118452 -0.00886952 
7270 0.00978366 0.134232 
7271 0.00865138 0.277133 
7272 0.131286 -0.150036 
7273 0.129857 -0.00763755 
7274 0.128318 0.134899 
7275 0.126732 0.277674 
7276 0.249093 -0.14826 
7277 0.247707 -0.00576441 
7278 0.24681 0.136192 
7279 0.245069 0.277932 
7280 -0.207954 -0.142868 
7281 -0.210243 -0.00928498 
7282 -0.211885 0.124274 
7283 -0.21401 0.258573 
7284 -0.0963137 -0.140956 
7285 -0.0984232 -0.00806414 
7286 -0.100414 0.125224 
7287 -0.101996 0.258886 
7288 0.0147225 -0.139723 
7289 0.0132245 -0.0065137 
7290 0.010789 0.126622 
7291 0.00915195 0.259968 
7292 0.125618 -0.137836 
7293 0.12293 -0.00449827 
7294 0.121219 0.127613 
7295 0.120145 0.260949 
7296 0.235139 -0.135774 
7297 0.232957 -0.00352905 
7298 0.231849 0.128838 
7299 0.230044 0.261547 
7300 -0.19311 -0.133014 
7301 -0.195156 -0.00694525 
7302 -0.197298 0.118763 
7303 -0.199836 0.244338 
7304 -0.0885734 -0.13043 
7305 -0.0909892 -0.00518617 
7306 -0.0930055 0.119964 
7307 -0.0943159 0.245068 
7308 0.0160139 -0.128486 
7309 0.0139401 -0.00420778 
7310 0.011675 0.120823 
7311 0.00924594 0.245563 
7312 0.119596 -0.126363 
7313 0.117055 -0.00206123 
7314 0.115148 0.122566 
7315 0.113789 0.246881 
7316 0.222208 -0.124188 
7317 0.219662 -0.000940992 
7318 0.218664 0.123468 
7319 0.216531 0.247816 
7320 -0.179982 -0.123204 
7321 -0.183096 -0.00532742 
7322 -0.184859 0.113706 
7323 -0.187686 0.232202 
7324 -0.0820273 -0.120753 
7325 -0.0838027 -0.00335545 
7326 -0.086099 0.114783 
7327 -0.0879274 0.232999 
7328 0.0168147 -0.119194 
7329 0.0144841 -0.00183236 
7330 0.0120197 0.116272 
7331 0.00995268 0.234036 
7332 0.113218 -0.116399 
7333 0.111381 0.000554037 
7334 0.109031 0.117812 
7335 0.107839 0.234866 
7336 0.210289 -0.113924 
7337 0.208628 0.00251495 
7338 0.205878 0.11924 
7339 0.203866 0.235813 
7340 -0.16879 -0.114434 
7341 -0.171217 -0.00238881 
7342 -0.174638 0.109445 
7343 -0.17666 0.221298 
7344 -0.0755389 -0.112467 
7345 -0.0779266 -0.000399826 
7346 -0.080465 0.110925 
7347 -0.0830235 0.222119 
7348 0.0170142 -0.109301 
7349 0.0147482 0.00106283 
7350 0.0117652 0.112016 
7351 0.00978804 0.223381 
7352 0.108762 -0.106825 
7353 0.106331 0.00327514 
7354 0.104034 0.113366 
7355 0.102076 0.224392 
7356 0.199531 -0.104956 
7357 0.198079 0.00529995 
7358 0.19544 0.11488 
7359 0.19309 0.226 
7360 -0.15931 -0.1059 
7361 -0.162009 -0.000127781 
7362 -0.164656 0.105998 
7363 -0.167195 0.211735 
7364 -0.0711286 -0.104054 
7365 -0.0739093 0.00195559 
7366 -0.0756428 0.107746 
7367 -0.0788563 0.212909 
7368 0.0171648 -0.101115 
7369 0.0146932 0.00356635 
7370 0.0115487 0.108801 
7371 0.00926495 0.214378 
7372 0.103678 -0.0986512 
7373 0.100985 0.00621431 
7374 0.0995177 0.110323 
7375 0.0969531 0.215913 
7376 0.19031 -0.0960462 
7377 0.187967 0.00777436 
7378 0.185395 0.112472 
7379 0.183438 0.216754 
7380 -0.151015 -0.0986602 
7381 -0.15366 0.00218505 
7382 -0.155779 0.103582 
7383 -0.159134 0.204012 
7384 -0.0664116 -0.0953939 
7385 -0.0690764 0.00474644 
7386 -0.0721393 0.105076 
7387 -0.0745955 0.205748 
7388 0.0169183 -0.0932866 
7389 0.0136647 0.00672395 
7390 0.0116697 0.106817 
7391 0.00911641 0.206533 
7392 0.099402 -0.0909096 
7393 0.096514 0.0091923 
7394 0.0945727 0.108321 
7395 0.0914052 0.207958 
7396 0.18092 -0.0882937 
7397 0.178452 0.0112998 
7398 0.176325 0.10988 
7399 0.174533 0.209716 
7400 -0.14292 -0.0910567 
7401 -0.146049 0.00548025 
7402 -0.148783 0.101158 
7403 -0.152151 0.197132 
7404 -0.0630532 -0.0881018 
7405 -0.0657073 0.00719493 
7406 -0.0681929 0.103209 
7407 -0.0710594 0.19849 
7408 0.0163371 -0.085632 
7409 0.0135465 0.00917732 
7410 0.0107221 0.104488 
7411 0.00801969 0.200464 
7412 0.0946563 -0.0828389 
7413 0.0925324 0.0120793 
7414 0.0896119 0.106518 
7415 0.087297 0.202 
7416 0.172525 -0.0799155 
7417 0.170014 0.0135887 
7418 0.167894 0.107859 
7419 0.16575 0.203212 
7420 -0.137003 -0.0842208 
7421 -0.139848 0.00770662 
7422 -0.142684 0.0999647 
7423 -0.144956 0.19196 
7424 -0.0603904 -0.0807211 
7425 -0.0623499 0.00996467 
7426 -0.0653364 0.101558 
7427 -0.0685744 0.193094 
7428 0.0152107 -0.0781131 
7429 0.0128526 0.0121686 
7430 0.0104808 0.103184 
7431 0.00727616 0.19443 
7432 0.0903559 -0.0754477 
7433 0.0877228 0.0150258 
7434 0.0860923 0.10522 
7435 0.0828472 0.196096 
7436 0.164795 -0.0731952 
7437 0.162522 0.0171498 
7438 0.160111 0.107338 
7439 0.157931 0.197213 
7440 -0.130639 -0.0769316 
7441 -0.13363 0.0101866 
7442 -0.136757 0.0981898 
7443 -0.13929 0.187117 
7444 -0.05756 -0.0740553 
7445 -0.0601016 0.0126613 
7446 -0.0634161 0.10055 
7447 -0.0656754 0.187768 
7448 0.0152296 -0.0714906 
7449 0.0125828 0.0147917 
7450 0.0096611 0.102168 
7451 0.00663401 0.189385 
7452 0.0871598 -0.069077 
7453 0.0838693 0.0179356 
7454 0.0811103 0.104522 
7455 0.0793989 0.191244 
7456 0.15766 -0.0658119 
7457 0.155003 0.0194682 
7458 0.152932 0.106324 
7459 0.150211 0.192807 
7460 -0.125365 -0.0703167 
7461 -0.128621 0.0135236 
7462 -0.130943 0.0981413 
7463 -0.133933 0.182224 
7464 -0.0555029 -0.0681436 
7465 -0.0581227 0.0158807 
7466 -0.0609817 0.0994219 
7467 -0.0642013 0.183724 
7468 0.0142405 -0.0655437 
7469 0.0113692 0.0177962 
7470 0.00867687 0.101909 
7471 0.00619301 0.184878 
7472 0.0833431 -0.061955 
7473 0.0798842 0.0200122 
7474 0.0773872 0.103121 
7475 0.0747877 0.186397 
7476 0.151232 -0.0601029 
7477 0.148818 0.0225676 
7478 0.145488 0.105488 
7479 0.143003 0.18852 
7480 -0.120355 -0.064819 
7481 -0.123893 0.0164162 
7482 -0.126801 0.0975098 
7483 -0.130308 0.178487 
7484 -0.0529835 -0.0613769 
7485 -0.0562796 0.018895 
7486 -0.0588603 0.0993102 
7487 -0.0623203 0.179824 
7488 0.0129996 -0.0591451 
7489 0.0101009 0.0211627 
7490 0.00820321 0.101265 
7491 0.0052175 0.181457 
7492 0.0795157 -0.0565715 
7493 0.0765637 0.0238042 
7494 0.0741802 0.103017 
7495 0.0710787 0.183358 
7496 0.14471 -0.0538322 
7497 0.14248 0.0251987 
7498 0.139639 0.105427 
7499 0.136854 0.184411 
7500 -0.116206 -0.0587002 
7501 -0.119294 0.0192285 
7502 -0.122784 0.0968457 
7503 -0.125494 0.175233 
7504 -0.0517175 -0.0560254 
7505 -0.0549154 0.0213773 
7506 -0.057477 0.0990537 
7507 -0.0604227 0.1775 
7508 0.0126914 -0.0525311 
7509 0.00932036 0.024303 
7510 0.00696715 0.101295 
7511 0.00350618 0.17829 
7512 0.075361 -0.0502374 
7513 0.073015 0.0262819 
7514 0.070186 0.102714 
7515 0.0676875 0.179902 
7516 0.138302 -0.0470917 
7517 0.135658 0.0281584 
7518 0.132941 0.10521 
7519 0.131102 0.181488 
7520 -0.113095 -0.0525682 
7521 -0.115547 0.02227 
7522 -0.118634 0.0977385 
7523 -0.122527 0.173064 
7524 -0.0505134 -0.050142 
7525 -0.0536166 0.0248826 
7526 -0.0562143 0.0998487 
7527 -0.0597093 0.174523 
7528 0.0112932 -0.0475916 
7529 0.00827763 0.0270175 
7530 0.00531492 0.100861 
7531 0.0023634 0.175934 
7532 0.0719738 -0.0440829 
7533 0.0699871 0.0288029 
7534 0.0673061 0.103132 
7535 0.0642421 0.177145 
7536 0.132747 -0.0412485 
7537 0.130371 0.0319868 
7538 0.127111 0.105428 
7539 0.125128 0.179149 
7540 -0.109366 -0.0465407 
7541 -0.112566 0.0255688 
7542 -0.1156 0.0976544 
7543 -0.118885 0.170152 
7544 -0.0492255 -0.0442143 
7545 -0.0525893 0.0276243 
7546 -0.0555222 0.100087 
7547 -0.0578605 0.172112 
7548 0.0099742 -0.0418329 
7549 0.00739318 0.0302806 
7550 0.0043582 0.102102 
7551 0.00180993 0.173454 
7552 0.0690959 -0.0384842 
7553 0.0662469 0.0318109 
7554 0.0632469 0.103254 
7555 0.0608077 0.175179 
7556 0.127567 -0.0366584 
7557 0.124691 0.0344685 
7558 0.122501 0.105237 
7559 0.119009 0.176515 
7560 -0.106487 -0.0416404 
7561 -0.109704 0.028186 
7562 -0.112624 0.0981452 
7563 -0.115918 0.168372 
7564 -0.0485963 -0.0385375 
7565 -0.0520715 0.0300841 
7566 -0.0547802 0.100269 
7567 -0.057149 0.170284 
7568 0.0089683 -0.0363789 
7569 0.00583078 0.033337 
7570 0.00296364 0.102354 
7571 0.000614697 0.171452 
7572 0.0652406 -0.033523 
7573 0.0633391 0.0348697 
7574 0.0605062 0.104595 
7575 0.0577967 0.173238 
7576 0.121985 -0.0308395 
7577 0.119392 0.0369537 
7578 0.116672 0.106241 
7579 0.114198 0.17439 
