7240 -0.333439 -0.216879 
7241 -0.333104 -0.0163632 
7242 -0.333101 0.183228 
7243 -0.333449 0.383155 
7244 -0.166256 -0.217045 
7245 -0.167153 -0.0170096 
7246 -0.166469 0.18371 
7247 -0.166403 0.383206 
7248 0.000166602 -0.216677 
7249 0.000329427 -0.0166565 
7250 2.83624e-05 0.183373 
7251 -0.000494599 0.383723 
7252 0.166713 -0.216542 
7253 0.166714 -0.016674 
7254 0.166327 0.183431 
7255 0.166246 0.383014 
7256 0.333141 -0.217026 
7257 0.333691 -0.0165492 
7258 0.333281 0.183598 
7259 0.333759 0.383231 
7260 -0.298333 -0.196173 
7261 -0.298717 -0.0142498 
7262 -0.299687 0.16741 
7263 -0.300325 0.349535 
7264 -0.146675 -0.196012 
7265 -0.147036 -0.0142712 
7266 -0.147227 0.168029 
7267 -0.148471 0.34986 
7268 0.00472642 -0.195457 
7269 0.00437835 -0.0133829 
7270 0.00380508 0.168376 
7271 0.00318767 0.350611 
7272 0.156044 -0.194397 
7273 0.156119 -0.0134294 
7274 0.155889 0.168271 
7275 0.155293 0.349898 
7276 0.307959 -0.193704 
7277 0.306694 -0.0126075 
7278 0.30648 0.168456 
7279 0.305962 0.350273 
7280 -0.269685 -0.178572 
7281 -0.270121 -0.0122845 
7282 -0.271579 0.15554 
7283 -0.271909 0.322287 
7284 -0.129989 -0.177855 
7285 -0.130593 -0.0107801 
7286 -0.132321 0.155554 
7287 -0.132376 0.323279 
7288 0.00894119 -0.177004 
7289 0.00781172 -0.00983794 
7290 0.00748689 0.156514 
7291 0.00604002 0.322694 
7292 0.147051 -0.175754 
7293 0.146906 -0.00928598 
7294 0.146111 0.157231 
7295 0.145257 0.323683 
7296 0.285655 -0.175016 
7297 0.28471 -0.00833162 
7298 0.284466 0.157025 
7299 0.283262 0.323887 
7300 -0.245457 -0.163651 
7301 -0.24663 -0.00946302 
7302 -0.247951 0.1449 
7303 -0.249443 0.299702 
7304 -0.116681 -0.161787 
7305 -0.118139 -0.00780784 
7306 -0.118768 0.145714 
7307 -0.120504 0.300256 
7308 0.0122659 -0.160885 
7309 0.0106978 -0.00675824 
7310 0.00898642 0.146621 
7311 0.00821738 0.30064 
7312 0.139282 -0.159686 
7313 0.138015 -0.00559338 
7314 0.137687 0.14792 
7315 0.136097 0.301432 
7316 0.266852 -0.157796 
7317 0.266311 -0.00518479 
7318 0.264889 0.148241 
7319 0.263785 0.301142 
7320 -0.22538 -0.150084 
7321 -0.226779 -0.0059096 
7322 -0.228336 0.137082 
7323 -0.230074 0.281118 
7324 -0.105275 -0.148627 
7325 -0.106503 -0.0054736 
7326 -0.108503 0.137633 
7327 -0.110154 0.281174 
7328 0.0143499 -0.146863 
7329 0.0123346 -0.0034847 
7330 0.0114456 0.138504 
7331 0.00941548 0.28188 
7332 0.132602 -0.144698 
7333 0.130819 -0.00296443 
7334 0.129434 0.139434 
7335 0.128861 0.282201 
7336 0.251074 -0.143094 
7337 0.249612 -0.00125864 
7338 0.247776 0.140506 
7339 0.24708 0.283079 
7340 -0.207046 -0.137767 
7341 -0.209161 -0.0032036 
7342 -0.211521 0.130716 
7343 -0.212559 0.265036 
7344 -0.095331 -0.135792 
7345 -0.0968467 -0.00216435 
7346 -0.0990922 0.132079 
7347 -0.10094 0.266037 
7348 0.0159859 -0.133543 
7349 0.0140384 -0.000905508 
7350 0.0124245 0.132894 
7351 0.0101267 0.266618 
7352 0.126314 -0.131761 
7353 0.124816 0.000750205 
7354 0.123266 0.134259 
7355 0.120976 0.267036 
7356 0.236549 -0.129941 
7357 0.23488 0.00241672 
7358 0.233162 0.134644 
7359 0.231841 0.267266 
7360 -0.192903 -0.126797 
7361 -0.194744 -0.000617939 
7362 -0.196483 0.125463 
7363 -0.198922 0.251654 
7364 -0.0877159 -0.123972 
7365 -0.0891288 0.00147309 
7366 -0.0913249 0.126865 
7367 -0.0937805 0.25214 
7368 0.017154 -0.122183 
7369 0.0144735 0.00247113 
7370 0.0135415 0.127757 
7371 0.0109754 0.253128 
7372 0.120869 -0.120528 
7373 0.118552 0.00399427 
7374 0.116972 0.129205 
7375 0.114887 0.253327 
7376 0.222991 -0.118128 
7377 0.221296 0.00562837 
7378 0.219868 0.130265 
7379 0.218759 0.254714 
7380 -0.179671 -0.115705 
7381 -0.181388 0.00196547 
7382 -0.183732 0.120737 
7383 -0.1859 0.239747 
7384 -0.0805532 -0.113812 
7385 -0.0828502 0.00367464 
7386 -0.0852218 0.122633 
7387 -0.0873902 0.241143 
7388 0.0176358 -0.111615 
7389 0.0152236 0.00580459 
7390 0.0139654 0.123253 
7391 0.0111362 0.241816 
7392 0.114874 -0.110122 
7393 0.112997 0.00702314 
7394 0.111604 0.124558 
7395 0.108938 0.242574 
7396 0.211438 -0.107371 
7397 0.210154 0.00881378 
7398 0.20835 0.125954 
7399 0.206222 0.242977 
7400 -0.168039 -0.106939 
7401 -0.170928 0.00584721 
7402 -0.173282 0.117797 
7403 -0.175352 0.230038 
7404 -0.0750053 -0.104496 
7405 -0.0768889 0.0076363 
7406 -0.0796186 0.118753 
7407 -0.0813598 0.23076 
7408 0.0177052 -0.101538 
7409 0.0159038 0.00874509 
7410 0.0134142 0.120012 
7411 0.0111745 0.231881 
7412 0.110219 -0.099343 
7413 0.107835 0.0105185 
7414 0.106271 0.121313 
7415 0.103584 0.232661 
7416 0.201023 -0.0975583 
7417 0.199541 0.0130643 
7418 0.197041 0.123333 
7419 0.195221 0.23341 
7420 -0.158548 -0.0976148 
7421 -0.160591 0.00866744 
7422 -0.163631 0.114735 
7423 -0.165563 0.22129 
7424 -0.0699073 -0.0955891 
7425 -0.0721829 0.010654 
7426 -0.0742704 0.116237 
7427 -0.0772024 0.222335 
7428 0.018457 -0.0931176 
7429 0.0161145 0.012328 
7430 0.0133224 0.117847 
7431 0.0115568 0.22349 
7432 0.105031 -0.0910526 
7433 0.103589 0.0137004 
7434 0.101139 0.119599 
7435 0.0988691 0.224208 
7436 0.19205 -0.088638 
7437 0.189379 0.0164658 
7438 0.188034 0.120588 
7439 0.185767 0.225615 
7440 -0.150024 -0.0897112 
7441 -0.152083 0.0114394 
7442 -0.154979 0.112718 
7443 -0.15778 0.214452 
7444 -0.0650385 -0.0869205 
7445 -0.0681582 0.0133239 
7446 -0.0701064 0.113822 
7447 -0.0723233 0.215738 
7448 0.0183555 -0.0844046 
7449 0.0162088 0.015262 
7450 0.0129359 0.115988 
7451 0.0111669 0.216013 
7452 0.100845 -0.0821637 
7453 0.0982763 0.0178429 
7454 0.0960503 0.117583 
7455 0.0940396 0.217654 
7456 0.182949 -0.0801324 
7457 0.180428 0.0196399 
7458 0.178502 0.119284 
7459 0.17613 0.218309 
7460 -0.142078 -0.0809328 
7461 -0.144232 0.0151385 
7462 -0.147692 0.110886 
7463 -0.149877 0.207404 
7464 -0.0612204 -0.0793766 
7465 -0.0642199 0.0170302 
7466 -0.0666076 0.112657 
7467 -0.0691413 0.209363 
7468 0.0181094 -0.0767006 
7469 0.0156143 0.0191894 
7470 0.0127372 0.114747 
7471 0.0110192 0.210176 
7472 0.0968787 -0.0742182 
7473 0.0946284 0.0206701 
7474 0.0916612 0.115443 
7475 0.0894259 0.210843 
7476 0.174547 -0.0712171 
7477 0.172171 0.0230407 
7478 0.170652 0.117912 
7479 0.168046 0.212408 
7480 -0.135368 -0.0741319 
7481 -0.138008 0.0175221 
7482 -0.14047 0.110528 
7483 -0.142889 0.202026 
7484 -0.0585257 -0.0714512 
7485 -0.06075 0.0202504 
7486 -0.0636092 0.111248 
7487 -0.0664026 0.203571 
7488 0.0177888 -0.0693825 
7489 0.0146433 0.0218711 
7490 0.0125746 0.113499 
7491 0.010462 0.204716 
7492 0.0922083 -0.066504 
7493 0.0906659 0.0239513 
7494 0.0876325 0.115124 
7495 0.0852039 0.206165 
7496 0.167104 -0.0641441 
7497 0.16444 0.0264457 
7498 0.162688 0.116814 
7499 0.160327 0.207183 
7500 -0.129562 -0.0666373 
7501 -0.1322 0.0210417 
7502 -0.134551 0.108961 
7503 -0.137665 0.198065 
7504 -0.0563027 -0.0639194 
7505 -0.0584079 0.0235043 
7506 -0.0610304 0.111451 
7507 -0.0633535 0.199037 
7508 0.0166879 -0.0621539 
7509 0.0145803 0.0257352 
7510 0.0119993 0.112768 
7511 0.00952628 0.200496 
7512 0.0889119 -0.0593091 
7513 0.086707 0.0277052 
7514 0.0836884 0.114599 
7515 0.0816942 0.201384 
7516 0.160265 -0.0572731 
7517 0.15729 0.0290898 
7518 0.155449 0.115977 
7519 0.153513 0.20274 
7520 -0.12349 -0.0603062 
7521 -0.126405 0.0241755 
7522 -0.129874 0.10869 
7523 -0.132742 0.193737 
7524 -0.0533527 -0.0572073 
7525 -0.0565776 0.0263472 
7526 -0.059222 0.110872 
7527 -0.0619668 0.195259 
7528 0.01564 -0.0548882 
7529 0.0134866 0.0283686 
7530 0.0111469 0.112378 
7531 0.00806953 0.196546 
7532 0.0845204 -0.0521063 
7533 0.0826257 0.0302482 
7534 0.0798384 0.11423 
7535 0.0778082 0.197331 
7536 0.153203 -0.0504711 
7537 0.150517 0.0325515 
7538 0.148973 0.115676 
7539 0.14615 0.199086 
7540 -0.118706 -0.0534857 
7541 -0.121563 0.0273634 
7542 -0.124922 0.109206 
7543 -0.128036 0.190348 
7544 -0.0519359 -0.0511484 
7545 -0.0545034 0.0300875 
7546 -0.0568909 0.110612 
7547 -0.059305 0.191867 
7548 0.0155975 -0.0488126 
7549 0.013106 0.0313061 
7550 0.00976105 0.112051 
7551 0.0077588 0.193075 
7552 0.081181 -0.0454969 
7553 0.0791534 0.0336101 
7554 0.0765314 0.113389 
7555 0.0744571 0.194111 
7556 0.146592 -0.0436292 
7557 0.144736 0.0353514 
7558 0.142192 0.115847 
7559 0.139543 0.195212 
7560 -0.115455 -0.0467888 
7561 -0.117421 0.0305211 
7562 -0.12071 0.108688 
7563 -0.123512 0.187831 
7564 -0.049626 -0.0445497 
7565 -0.0530121 0.03247 
7566 -0.0553753 0.110409 
7567 -0.058091 0.189032 
7568 0.0139871 -0.0418478 
7569 0.0116127 0.0346009 
7570 0.00905948 0.112329 
7571 0.00647886 0.190402 
7572 0.0782219 -0.0396858 
7573 0.0755075 0.0373733 
7574 0.073013 0.114017 
7575 0.0707969 0.191487 
7576 0.140745 -0.0369714 
7577 0.138938 0.0391901 
7578 0.13598 0.115547 
7579 0.133946 0.19238 
7580 -0.111683 -0.0409419 
7581 -0.114207 0.034281 
7582 -0.116525 0.109463 
7583 -0.120031 0.185341 
7584 -0.0486937 -0.0387298 
7585 -0.0516802 0.0360581 
7586 -0.0540432 0.110999 
7587 -0.0567837 0.185987 
7588 0.0127526 -0.0367146 
7589 0.0108179 0.0384624 
7590 0.00774262 0.11311 
7591 0.0053091 0.187966 
7592 0.0743689 -0.0336746 
7593 0.0723782 0.0399853 
7594 0.0692464 0.114387 
7595 0.0671882 0.188671 
7596 0.134424 -0.0318135 
7597 0.132991 0.0424049 
7598 0.130182 0.116055 
7599 0.12851 0.190511 
7600 -0.108196 -0.0357006 
7601 -0.110871 0.0367229 
7602 -0.114088 0.109536 
7603 -0.116362 0.183017 
7604 -0.0479214 -0.0327414 
7605 -0.0505765 0.0388974 
7606 -0.0525599 0.111537 
7607 -0.0555526 0.184048 
7608 0.0122668 -0.0301641 
7609 0.00923131 0.0414672 
7610 0.00718804 0.11362 
7611 0.00431677 0.18578 
7612 0.0709171 -0.0283339 
7613 0.0690853 0.0429905 
7614 0.0663188 0.114388 
7615 0.0643067 0.186258 
7616 0.12978 -0.0252543 
7617 0.127117 0.0455124 
7618 0.125066 0.116789 
7619 0.123182 0.187909 
7620 -0.104899 -0.0293714 
7621 -0.107561 0.0397626 
7622 -0.110732 0.110493 
7623 -0.113578 0.180843 
7624 -0.0472989 -0.0269366 
7625 -0.0499604 0.0425067 
7626 -0.0519295 0.112349 
7627 -0.0548906 0.182523 
7628 0.0109527 -0.0252381 
7629 0.00811878 0.0441593 
7630 0.0062179 0.113895 
7631 0.00331205 0.184157 
7632 0.0678491 -0.0228336 
7633 0.0655279 0.0467393 
7634 0.0627682 0.115147 
7635 0.0606386 0.185219 
7636 0.124488 -0.0203217 
7637 0.12202 0.0485583 
7638 0.120191 0.116772 
7639 0.117275 0.185954 
