7260 -0.333313 -0.216263 
7261 -0.333079 -0.0167762 
7262 -0.332917 0.183279 
7263 -0.333691 0.383464 
7264 -0.166963 -0.216817 
7265 -0.166993 -0.0169091 
7266 -0.166791 0.183607 
7267 -0.166877 0.383259 
7268 0.000248449 -0.216291 
7269 0.000436153 -0.0165198 
7270 0.00041964 0.183706 
7271 0.000297256 0.383007 
7272 0.166432 -0.216781 
7273 0.167127 -0.0163918 
7274 0.166267 0.183239 
7275 0.166886 0.383456 
7276 0.333684 -0.216395 
7277 0.333072 -0.0164346 
7278 0.333664 0.183515 
7279 0.333122 0.383029 
7280 -0.298737 -0.195469 
7281 -0.299155 -0.0137492 
7282 -0.29921 0.168339 
7283 -0.299745 0.350743 
7284 -0.146141 -0.195533 
7285 -0.146959 -0.0129676 
7286 -0.14742 0.168565 
7287 -0.148243 0.350228 
7288 0.00514213 -0.194728 
7289 0.00500134 -0.0129983 
7290 0.0046241 0.169147 
7291 0.00339743 0.350556 
7292 0.156834 -0.194644 
7293 0.156169 -0.0129158 
7294 0.155328 0.169194 
7295 0.154838 0.350567 
7296 0.307856 -0.193695 
7297 0.307063 -0.0124096 
7298 0.30636 0.168962 
7299 0.305869 0.351244 
7300 -0.269046 -0.177469 
7301 -0.269844 -0.0106174 
7302 -0.271474 0.156048 
7303 -0.272232 0.323374 
7304 -0.130337 -0.176771 
7305 -0.131308 -0.0101686 
7306 -0.132053 0.157286 
7307 -0.13289 0.32342 
7308 0.00865835 -0.176431 
7309 0.0087019 -0.00914797 
7310 0.00753504 0.157466 
7311 0.00629451 0.324521 
7312 0.147573 -0.174671 
7313 0.146562 -0.00850482 
7314 0.145776 0.158154 
7315 0.144954 0.324654 
7316 0.286325 -0.173561 
7317 0.285452 -0.00776898 
7318 0.284545 0.158209 
7319 0.283578 0.324652 
7320 -0.245076 -0.161701 
7321 -0.246845 -0.00825342 
7322 -0.248072 0.14658 
7323 -0.248739 0.301686 
7324 -0.11588 -0.161201 
7325 -0.117939 -0.00650809 
7326 -0.119191 0.147192 
7327 -0.119585 0.301868 
7328 0.0121889 -0.159593 
7329 0.0111053 -0.00622902 
7330 0.00985197 0.147919 
7331 0.00895531 0.302414 
7332 0.139833 -0.157925 
7333 0.139191 -0.00451183 
7334 0.137628 0.149092 
7335 0.136399 0.302367 
7336 0.267525 -0.157301 
7337 0.266196 -0.00332838 
7338 0.264742 0.149248 
7339 0.264077 0.30293 
7340 -0.224172 -0.148065 
7341 -0.226485 -0.00438791 
7342 -0.227547 0.138663 
7343 -0.229319 0.282646 
7344 -0.104411 -0.146155 
7345 -0.106539 -0.00397177 
7346 -0.108265 0.139394 
7347 -0.109231 0.283434 
7348 0.0139119 -0.145531 
7349 0.0129776 -0.00233464 
7350 0.010986 0.140817 
7351 0.0101314 0.283612 
7352 0.133196 -0.143726 
7353 0.132019 -0.00149681 
7354 0.13071 0.141591 
7355 0.128641 0.284038 
7356 0.250611 -0.142189 
7357 0.250196 0.000266135 
7358 0.248165 0.141975 
7359 0.24763 0.284466 
7360 -0.206734 -0.135411 
7361 -0.208677 -0.00150847 
7362 -0.21043 0.13232 
7363 -0.212732 0.266923 
7364 -0.0953739 -0.134035 
7365 -0.0966375 -0.000487922 
7366 -0.0984653 0.133304 
7367 -0.100445 0.267571 
7368 0.0159915 -0.131912 
7369 0.0139274 0.000811151 
7370 0.0128736 0.134795 
7371 0.0111185 0.267866 
7372 0.126785 -0.130228 
7373 0.124788 0.0022688 
7374 0.123203 0.136065 
7375 0.121571 0.268618 
7376 0.23666 -0.128746 
7377 0.235119 0.00439503 
7378 0.234203 0.137181 
7379 0.232391 0.269339 
7380 -0.192657 -0.12374 
7381 -0.193765 0.00175041 
7382 -0.195794 0.127315 
7383 -0.19812 0.254156 
7384 -0.08665 -0.121827 
7385 -0.0886303 0.00302255 
7386 -0.0913761 0.129037 
7387 -0.0925787 0.254589 
7388 0.017076 -0.119937 
7389 0.0149585 0.00469516 
7390 0.0134164 0.130344 
7391 0.0117074 0.254781 
7392 0.12114 -0.118694 
7393 0.119039 0.00598858 
7394 0.117578 0.131141 
7395 0.115637 0.25642 
7396 0.224119 -0.116738 
7397 0.222519 0.00751186 
7398 0.220571 0.132574 
7399 0.219335 0.256877 
7400 -0.178693 -0.11389 
7401 -0.181456 0.00441509 
7402 -0.183151 0.123945 
7403 -0.186188 0.242314 
7404 -0.0806532 -0.111345 
7405 -0.0827286 0.00628673 
7406 -0.0840252 0.124746 
7407 -0.08644 0.24335 
7408 0.0183065 -0.109439 
7409 0.0156545 0.00849181 
7410 0.0137306 0.126082 
7411 0.012459 0.243941 
7412 0.115205 -0.107741 
7413 0.113216 0.0101108 
7414 0.111856 0.126768 
7415 0.109712 0.244935 
7416 0.212804 -0.105671 
7417 0.210275 0.011396 
7418 0.208863 0.128051 
7419 0.206707 0.245322 
7420 -0.168255 -0.104189 
7421 -0.170061 0.00800503 
7422 -0.172495 0.119909 
7423 -0.175331 0.232797 
7424 -0.0739531 -0.101472 
7425 -0.0765805 0.0100553 
7426 -0.0786026 0.121369 
7427 -0.0809846 0.233513 
7428 0.018531 -0.0994164 
7429 0.0164066 0.0112264 
7430 0.0139211 0.123384 
7431 0.0126037 0.234491 
7432 0.110249 -0.0971304 
7433 0.10907 0.0129641 
7434 0.106751 0.124335 
7435 0.104984 0.235823 
7436 0.20195 -0.0948986 
7437 0.200542 0.0147538 
7438 0.198087 0.125174 
7439 0.19614 0.236807 
7440 -0.158334 -0.0951267 
7441 -0.160308 0.0109657 
7442 -0.163278 0.117606 
7443 -0.16556 0.224968 
7444 -0.0688503 -0.0929945 
7445 -0.0719961 0.0129839 
7446 -0.0737644 0.118707 
7447 -0.0759674 0.225841 
7448 0.0191396 -0.0907051 
7449 0.0163064 0.015269 
7450 0.0146758 0.120543 
7451 0.012231 0.226529 
7452 0.105617 -0.0877253 
7453 0.103598 0.0165659 
7454 0.102094 0.121745 
7455 0.10005 0.227785 
7456 0.192718 -0.0861548 
7457 0.18996 0.0191307 
7458 0.188596 0.123017 
7459 0.186911 0.227894 
7460 -0.148776 -0.0865705 
7461 -0.151623 0.0145547 
7462 -0.154729 0.11621 
7463 -0.157043 0.217725 
7464 -0.0649251 -0.0841026 
7465 -0.067241 0.0166713 
7466 -0.0695992 0.117769 
7467 -0.0718894 0.218735 
7468 0.0188573 -0.0814886 
7469 0.0168038 0.0184104 
7470 0.0137504 0.118907 
7471 0.0119743 0.219488 
7472 0.101574 -0.0789182 
7473 0.0989768 0.0202263 
7474 0.097383 0.120077 
7475 0.0947896 0.220484 
7476 0.183744 -0.0771999 
7477 0.181775 0.0220972 
7478 0.179124 0.121171 
7479 0.17752 0.221594 
7480 -0.141338 -0.0785367 
7481 -0.1436 0.017894 
7482 -0.146437 0.114793 
7483 -0.149514 0.210889 
7484 -0.060976 -0.0759044 
7485 -0.0638117 0.0202718 
7486 -0.0664741 0.11631 
7487 -0.0687359 0.212078 
7488 0.0183268 -0.0734984 
7489 0.0155985 0.0215061 
7490 0.013867 0.117886 
7491 0.0109733 0.213174 
7492 0.0972144 -0.0707876 
7493 0.0954694 0.0236093 
7494 0.0927546 0.11891 
7495 0.0911326 0.214763 
7496 0.175355 -0.0690707 
7497 0.172964 0.0259482 
7498 0.171022 0.120595 
7499 0.168756 0.215849 
7500 -0.134967 -0.0709357 
7501 -0.137845 0.0215127 
7502 -0.140298 0.113244 
7503 -0.142877 0.205629 
7504 -0.0578091 -0.0687189 
7505 -0.0600921 0.023547 
7506 -0.0631242 0.11455 
7507 -0.0655735 0.206579 
7508 0.0174695 -0.0662512 
7509 0.0152521 0.0250454 
7510 0.0129245 0.116369 
7511 0.0109809 0.208017 
7512 0.0932826 -0.0639049 
7513 0.0911614 0.0270239 
7514 0.0891304 0.118068 
7515 0.0867496 0.209421 
7516 0.168055 -0.0613998 
7517 0.165554 0.0290793 
7518 0.163111 0.119631 
7519 0.161034 0.209886 
7520 -0.129054 -0.06362 
7521 -0.131706 0.0249427 
7522 -0.133853 0.112511 
7523 -0.136372 0.201677 
7524 -0.055064 -0.0607801 
7525 -0.0579232 0.0266281 
7526 -0.060623 0.114515 
7527 -0.0630521 0.202757 
7528 0.0176041 -0.0585397 
7529 0.0152764 0.0281144 
7530 0.0122855 0.11603 
7531 0.00970432 0.20337 
7532 0.0896865 -0.0559899 
7533 0.0874673 0.0305219 
7534 0.0849775 0.117333 
7535 0.0821933 0.204896 
7536 0.16052 -0.0541838 
7537 0.158002 0.0327566 
7538 0.156333 0.118744 
7539 0.154396 0.206333 
7540 -0.123792 -0.0565074 
7541 -0.125756 0.0275098 
7542 -0.128401 0.112796 
7543 -0.131738 0.1974 
7544 -0.0531813 -0.0537761 
7545 -0.0552965 0.0299715 
7546 -0.0583587 0.114061 
7547 -0.0605776 0.198472 
7548 0.0166888 -0.0521169 
7549 0.0144414 0.0313468 
7550 0.012201 0.115203 
7551 0.00947524 0.200231 
7552 0.0851688 -0.0491273 
7553 0.0833621 0.0340537 
7554 0.0811732 0.116831 
7555 0.0786898 0.200727 
7556 0.15353 -0.0466089 
7557 0.151631 0.0355117 
7558 0.149649 0.118539 
7559 0.147517 0.201813 
7560 -0.118911 -0.0495637 
7561 -0.121828 0.0307391 
7562 -0.123921 0.112621 
7563 -0.126653 0.194378 
7564 -0.0507385 -0.0476201 
7565 -0.0535019 0.0335085 
7566 -0.0565167 0.114364 
7567 -0.0588581 0.195577 
7568 0.0158828 -0.0446815 
7569 0.0137927 0.0351211 
7570 0.0113884 0.115361 
7571 0.0089388 0.196318 
7572 0.0822078 -0.04243 
7573 0.0801872 0.0366209 
7574 0.0773257 0.116716 
7575 0.074835 0.197901 
7576 0.147907 -0.0404717 
7577 0.145316 0.0394724 
7578 0.142846 0.118374 
7579 0.140816 0.199115 
7580 -0.114099 -0.0432916 
7581 -0.117554 0.0339704 
7582 -0.119512 0.112862 
7583 -0.12299 0.190926 
7584 -0.0496565 -0.0414699 
7585 -0.0518138 0.0359717 
7586 -0.0544325 0.114733 
7587 -0.0573255 0.192342 
7588 0.0145138 -0.0391548 
7589 0.0121876 0.038275 
7590 0.00958683 0.116225 
7591 0.00777414 0.193803 
7592 0.0785435 -0.0364067 
7593 0.0758835 0.0404171 
7594 0.0737536 0.117651 
7595 0.0718828 0.194958 
7596 0.141653 -0.0338492 
7597 0.139262 0.0423807 
7598 0.137028 0.118591 
7599 0.135012 0.196314 
7600 -0.111078 -0.0372957 
7601 -0.113858 0.0371299 
7602 -0.116213 0.113127 
7603 -0.119238 0.189027 
7604 -0.0476993 -0.0348105 
7605 -0.0507015 0.0400376 
7606 -0.0528856 0.114348 
7607 -0.0563001 0.190286 
7608 0.0135542 -0.0330759 
7609 0.0109929 0.0413762 
7610 0.00940743 0.116638 
7611 0.00693644 0.191741 
7612 0.0754695 -0.0305327 
7613 0.0729371 0.0438756 
7614 0.0702412 0.117545 
7615 0.0682065 0.192589 
7616 0.135558 -0.0279802 
7617 0.13401 0.0455968 
7618 0.131967 0.119318 
7619 0.129697 0.193799 
7620 -0.107804 -0.0312531 
7621 -0.110648 0.0407621 
7622 -0.112498 0.113354 
7623 -0.1156 0.187366 
7624 -0.0470721 -0.0294209 
7625 -0.0498608 0.0422907 
7626 -0.0517248 0.115497 
7627 -0.0549788 0.188611 
7628 0.0130548 -0.026749 
7629 0.0100108 0.0447453 
7630 0.00761927 0.116996 
7631 0.00598266 0.189356 
7632 0.0719876 -0.0244432 
7633 0.0690665 0.0469455 
7634 0.0668744 0.118509 
7635 0.0652301 0.190151 
7636 0.130345 -0.0228423 
7637 0.128003 0.0488173 
7638 0.126047 0.11939 
7639 0.12391 0.191709 
7640 -0.104898 -0.0263582 
7641 -0.10749 0.0442694 
7642 -0.109514 0.114183 
7643 -0.112997 0.184985 
7644 -0.04595 -0.0235995 
7645 -0.0485542 0.045798 
7646 -0.0508243 0.115744 
7647 -0.0540686 0.186227 
7648 0.0117465 -0.0212164 
7649 0.00913423 0.0482498 
7650 0.00664861 0.117462 
7651 0.004856 0.187057 
7652 0.0685811 -0.0192252 
7653 0.0665413 0.0499464 
7654 0.0640054 0.118651 
7655 0.0616799 0.188721 
7656 0.124988 -0.0165256 
7657 0.123301 0.0518009 
7658 0.120328 0.120197 
7659 0.118557 0.190073 
