7280 -0.333189 -0.216277 
7281 -0.332913 -0.0169753 
7282 -0.333525 0.18288 
7283 -0.332918 0.383474 
7284 -0.166509 -0.217093 
7285 -0.16632 -0.0162438 
7286 -0.166233 0.183296 
7287 -0.166413 0.383151 
7288 -6.51838e-05 -0.216798 
7289 -0.000463015 -0.0163472 
7290 0.000268963 0.183522 
7291 -0.000496288 0.383548 
7292 0.16649 -0.216291 
7293 0.166798 -0.0168569 
7294 0.166607 0.183 
7295 0.166263 0.383056 
7296 0.332866 -0.216815 
7297 0.333168 -0.0164583 
7298 0.332958 0.183577 
7299 0.333464 0.383011 
7300 -0.29798 -0.195798 
7301 -0.298792 -0.0134674 
7302 -0.298894 0.16911 
7303 -0.299347 0.351501 
7304 -0.145969 -0.19475 
7305 -0.14637 -0.0130286 
7306 -0.147277 0.169447 
7307 -0.147824 0.351216 
7308 0.00555854 -0.194751 
7309 0.00494234 -0.0127036 
7310 0.0046024 0.169199 
7311 0.00398523 0.351009 
7312 0.156242 -0.194158 
7313 0.155745 -0.0120712 
7314 0.155914 0.16917 
7315 0.155181 0.351267 
7316 0.307466 -0.193416 
7317 0.307141 -0.0121369 
7318 0.306974 0.170125 
7319 0.306587 0.351986 
7320 -0.269618 -0.177164 
7321 -0.270514 -0.0102956 
7322 -0.270805 0.157787 
7323 -0.272485 0.324991 
7324 -0.129372 -0.175591 
7325 -0.131049 -0.00881669 
7326 -0.131316 0.158019 
7327 -0.132259 0.325063 
7328 0.00919354 -0.17552 
7329 0.0081683 -0.00802919 
7330 0.00785052 0.158068 
7331 0.00626809 0.324871 
7332 0.147883 -0.17397 
7333 0.146666 -0.00788276 
7334 0.145849 0.158789 
7335 0.14529 0.325517 
7336 0.286367 -0.173151 
7337 0.285193 -0.00735083 
7338 0.284393 0.159568 
7339 0.284252 0.325387 
7340 -0.244744 -0.161088 
7341 -0.246507 -0.00674313 
7342 -0.247418 0.147626 
7343 -0.248648 0.302429 
7344 -0.116028 -0.160058 
7345 -0.117741 -0.00545205 
7346 -0.118578 0.148297 
7347 -0.120157 0.303409 
7348 0.0119747 -0.158127 
7349 0.0107079 -0.00471478 
7350 0.010508 0.149271 
7351 0.00898665 0.303863 
7352 0.140218 -0.15656 
7353 0.139331 -0.00362069 
7354 0.138494 0.14985 
7355 0.137154 0.303851 
7356 0.267339 -0.155719 
7357 0.266784 -0.00246953 
7358 0.265973 0.150331 
7359 0.264587 0.30468 
7360 -0.22482 -0.146304 
7361 -0.226084 -0.00307509 
7362 -0.227223 0.140646 
7363 -0.229482 0.284949 
7364 -0.104325 -0.145227 
7365 -0.106507 -0.001511 
7366 -0.10801 0.1413 
7367 -0.109307 0.284656 
7368 0.0144337 -0.143467 
7369 0.0133849 -0.000559976 
7370 0.0113853 0.142157 
7371 0.0106891 0.285958 
7372 0.133667 -0.141951 
7373 0.132064 0.000507788 
7374 0.13022 0.143128 
7375 0.129004 0.286027 
7376 0.251656 -0.140809 
7377 0.250601 0.00137889 
7378 0.248708 0.144337 
7379 0.247766 0.286204 
7380 -0.206994 -0.133717 
7381 -0.208675 0.000563839 
7382 -0.210944 0.13486 
7383 -0.212466 0.268713 
7384 -0.0948567 -0.13188 
7385 -0.096621 0.00204637 
7386 -0.0980995 0.135338 
7387 -0.0999007 0.26953 
7388 0.0166682 -0.129981 
7389 0.0147705 0.00347908 
7390 0.0132057 0.13643 
7391 0.0118004 0.26997 
7392 0.126766 -0.128067 
7393 0.125432 0.00490991 
7394 0.12435 0.137332 
7395 0.122839 0.27076 
7396 0.237402 -0.127015 
7397 0.235252 0.00623775 
7398 0.234091 0.138243 
7399 0.233155 0.271594 
7400 -0.192252 -0.121828 
7401 -0.193501 0.00333691 
7402 -0.195718 0.130133 
7403 -0.19768 0.255702 
7404 -0.0867009 -0.120241 
7405 -0.0887195 0.00482905 
7406 -0.0904389 0.131062 
7407 -0.0922882 0.257135 
7408 0.0172058 -0.118218 
7409 0.0155311 0.00708907 
7410 0.0137592 0.131834 
7411 0.0125579 0.257868 
7412 0.121776 -0.116657 
7413 0.119157 0.00857212 
7414 0.118475 0.132999 
7415 0.115904 0.258536 
7416 0.2246 -0.114407 
7417 0.223065 0.00945432 
7418 0.220964 0.134255 
7419 0.21953 0.259282 
7420 -0.179272 -0.111782 
7421 -0.180727 0.00697029 
7422 -0.183047 0.126139 
7423 -0.185496 0.245537 
7424 -0.0800394 -0.109722 
7425 -0.0815054 0.00894637 
7426 -0.0837702 0.127437 
7427 -0.0861002 0.24539 
7428 0.0185103 -0.107695 
7429 0.0166896 0.0102876 
7430 0.0148808 0.128216 
7431 0.0125199 0.246512 
7432 0.115809 -0.104821 
7433 0.114405 0.0124525 
7434 0.112005 0.129216 
7435 0.110848 0.247765 
7436 0.212679 -0.103365 
7437 0.211346 0.0134561 
7438 0.209447 0.130918 
7439 0.2081 0.247891 
7440 -0.167758 -0.101842 
7441 -0.169564 0.0108824 
7442 -0.171718 0.122885 
7443 -0.174519 0.235619 
7444 -0.0743433 -0.0988071 
7445 -0.0759977 0.012385 
7446 -0.0784933 0.124675 
7447 -0.080439 0.236111 
7448 0.0188345 -0.0970202 
7449 0.0166259 0.0140702 
7450 0.0151087 0.125441 
7451 0.0130037 0.237636 
7452 0.110625 -0.0945677 
7453 0.109588 0.0158881 
7454 0.10714 0.127177 
7455 0.105342 0.237778 
7456 0.202516 -0.0930032 
7457 0.200617 0.0177268 
7458 0.198866 0.127584 
7459 0.196886 0.239265 
7460 -0.157734 -0.092377 
7461 -0.160279 0.0138541 
7462 -0.162165 0.120281 
7463 -0.164516 0.227768 
7464 -0.0686966 -0.0896532 
7465 -0.0708427 0.0161408 
7466 -0.0732019 0.122318 
7467 -0.0756164 0.228674 
7468 0.01919 -0.0874776 
7469 0.0173165 0.0176145 
7470 0.0147378 0.123466 
7471 0.0125384 0.229393 
7472 0.105978 -0.0855522 
7473 0.104097 0.0196662 
7474 0.102917 0.124781 
7475 0.100592 0.230457 
7476 0.193364 -0.083468 
7477 0.190651 0.0208882 
7478 0.18962 0.125671 
7479 0.187144 0.230759 
7480 -0.148823 -0.0839264 
7481 -0.151181 0.0177754 
7482 -0.153826 0.118679 
7483 -0.155903 0.220791 
7484 -0.0645838 -0.0812141 
7485 -0.0666888 0.0197238 
7486 -0.0689726 0.11984 
7487 -0.0709694 0.221476 
7488 0.0192774 -0.0784539 
7489 0.0171301 0.0209214 
7490 0.0144441 0.121283 
7491 0.012792 0.222858 
7492 0.102343 -0.0769923 
7493 0.10028 0.0230238 
7494 0.0982258 0.12281 
7495 0.0961381 0.223449 
7496 0.184508 -0.0741956 
7497 0.182242 0.0245777 
7498 0.180297 0.124573 
7499 0.178033 0.223881 
7500 -0.14109 -0.0753946 
7501 -0.143182 0.0214076 
7502 -0.146037 0.117218 
7503 -0.148724 0.214004 
7504 -0.0603095 -0.0726036 
7505 -0.0627668 0.0228622 
7506 -0.0650848 0.11903 
7507 -0.0674116 0.215462 
7508 0.0188827 -0.0702846 
7509 0.016738 0.024283 
7510 0.0144269 0.120892 
7511 0.0125323 0.216609 
7512 0.0977545 -0.068023 
7513 0.0960593 0.0269285 
7514 0.093536 0.121668 
7515 0.0915175 0.21721 
7516 0.176107 -0.0656989 
7517 0.174064 0.0284655 
7518 0.172091 0.123042 
7519 0.169903 0.218357 
7520 -0.134412 -0.0677172 
7521 -0.136784 0.0242493 
7522 -0.139435 0.116833 
7523 -0.142037 0.209777 
7524 -0.0573688 -0.0655606 
7525 -0.0597864 0.0259188 
7526 -0.0627389 0.118131 
7527 -0.0650341 0.210665 
7528 0.0180252 -0.0629975 
7529 0.0161379 0.028324 
7530 0.0136535 0.119841 
7531 0.0112479 0.21103 
7532 0.0938665 -0.0603415 
7533 0.0915013 0.0304384 
7534 0.0900229 0.12068 
7535 0.087115 0.211909 
7536 0.168043 -0.0582082 
7537 0.16672 0.0319188 
7538 0.164118 0.122241 
7539 0.162222 0.213625 
7540 -0.128697 -0.0600244 
7541 -0.131198 0.0280291 
7542 -0.133026 0.116588 
7543 -0.135896 0.204516 
7544 -0.0551296 -0.0575373 
7545 -0.0568091 0.0298708 
7546 -0.0596833 0.118018 
7547 -0.0623395 0.206143 
7548 0.0180351 -0.0550923 
7549 0.0155635 0.0318276 
7550 0.0136701 0.119526 
7551 0.0112178 0.20697 
7552 0.0903515 -0.0529029 
7553 0.0873928 0.0334995 
7554 0.0856547 0.120236 
7555 0.0834657 0.207859 
7556 0.161153 -0.0505402 
7557 0.159414 0.0351738 
7558 0.157679 0.12196 
7559 0.155478 0.209396 
7560 -0.12307 -0.0536648 
7561 -0.125691 0.0314656 
7562 -0.128612 0.115605 
7563 -0.130573 0.200666 
7564 -0.0525727 -0.0504789 
7565 -0.055162 0.0327305 
7566 -0.056971 0.117523 
7567 -0.0601341 0.202198 
7568 0.0169576 -0.0490642 
7569 0.0147443 0.0349558 
7570 0.0129854 0.11937 
7571 0.010437 0.202902 
7572 0.085963 -0.046394 
7573 0.0844415 0.0365243 
7574 0.0820467 0.120287 
7575 0.0800905 0.20455 
7576 0.154767 -0.0440839 
7577 0.152648 0.0387948 
7578 0.150273 0.122223 
7579 0.149026 0.205512 
7580 -0.118565 -0.0469113 
7581 -0.120382 0.035008 
7582 -0.123494 0.115944 
7583 -0.125681 0.19783 
7584 -0.0502042 -0.0440197 
7585 -0.0527375 0.0360657 
7586 -0.0553686 0.117459 
7587 -0.0582891 0.198936 
7588 0.0165697 -0.0416806 
7589 0.0141782 0.03848 
7590 0.0115613 0.119079 
7591 0.00949334 0.200002 
7592 0.0825542 -0.0392238 
7593 0.0800882 0.0404652 
7594 0.0781974 0.120324 
7595 0.0758806 0.20122 
7596 0.148098 -0.0375706 
7597 0.146531 0.0423142 
7598 0.14413 0.122389 
7599 0.141692 0.201919 
7600 -0.114322 -0.0398635 
7601 -0.117068 0.0380927 
7602 -0.119492 0.115905 
7603 -0.12166 0.195391 
7604 -0.0490218 -0.0376773 
7605 -0.0513243 0.0392833 
7606 -0.0536963 0.117788 
7607 -0.0561919 0.196031 
7608 0.0154459 -0.0351371 
7609 0.0130738 0.0418746 
7610 0.0105124 0.118988 
7611 0.00876 0.197034 
7612 0.0791122 -0.0335457 
7613 0.0773417 0.0432752 
7614 0.0749516 0.121159 
7615 0.0726814 0.198356 
7616 0.141711 -0.0315275 
7617 0.140048 0.0450269 
7618 0.138217 0.122288 
7619 0.136683 0.19895 
7620 -0.110176 -0.0336783 
7621 -0.112601 0.041364 
7622 -0.115366 0.116699 
7623 -0.117638 0.192414 
7624 -0.0480172 -0.0315295 
7625 -0.0497947 0.0435014 
7626 -0.0525805 0.118569 
7627 -0.0544827 0.193586 
7628 0.0144526 -0.0295243 
7629 0.0122019 0.0446867 
7630 0.00960883 0.119599 
7631 0.00728691 0.194707 
7632 0.0761547 -0.027031 
7633 0.0737391 0.0469454 
7634 0.0714639 0.121484 
7635 0.0690916 0.195602 
7636 0.136534 -0.0252808 
7637 0.134292 0.048936 
7638 0.132941 0.122198 
7639 0.130918 0.196971 
7640 -0.106867 -0.0285282 
7641 -0.109894 0.0441712 
7642 -0.112561 0.117178 
7643 -0.114861 0.19047 
7644 -0.0469353 -0.0254419 
7645 -0.049015 0.0461267 
7646 -0.0511502 0.118839 
7647 -0.0538462 0.191529 
7648 0.0132283 -0.0234789 
7649 0.0107559 0.0477023 
7650 0.0084514 0.119916 
7651 0.0068061 0.192879 
7652 0.0728704 -0.0214582 
7653 0.0700495 0.0501704 
7654 0.0680091 0.122008 
7655 0.0661339 0.193976 
7656 0.130825 -0.0195561 
7657 0.128768 0.0517039 
7658 0.126653 0.122827 
7659 0.125013 0.19481 
7660 -0.104451 -0.0228892 
7661 -0.106135 0.0475676 
7662 -0.10895 0.118309 
7663 -0.111947 0.189057 
7664 -0.04587 -0.0199842 
7665 -0.0478436 0.0490968 
7666 -0.0502324 0.119186 
7667 -0.052801 0.190029 
7668 0.0123195 -0.0183828 
7669 0.0102491 0.051358 
7670 0.00775357 0.121281 
7671 0.00533086 0.190836 
7672 0.0688411 -0.015456 
7673 0.0675773 0.0525993 
7674 0.0654076 0.122867 
7675 0.0632865 0.192472 
7676 0.125305 -0.0136077 
7677 0.123815 0.0549271 
7678 0.121648 0.124083 
7679 0.120448 0.193607 
