7380 -0.333136 -0.216179 
7381 -0.333062 -0.016264 
7382 -0.333169 0.183625 
7383 -0.333799 0.383597 
7384 -0.166553 -0.216503 
7385 -0.16671 -0.0161855 
7386 -0.167032 0.183332 
7387 -0.166841 0.3832 
7388 -9.39403e-06 -0.216275 
7389 -4.54347e-05 -0.0167059 
7390 -0.000388146 0.183709 
7391 -0.000232867 0.383826 
7392 0.166606 -0.217146 
7393 0.166252 -0.0166244 
7394 0.166619 0.183471 
7395 0.166845 0.383008 
7396 0.332866 -0.21677 
7397 0.333085 -0.0163294 
7398 0.332997 0.183405 
7399 0.333219 0.383547 
7400 -0.29786 -0.193223 
7401 -0.29855 -0.0107092 
7402 -0.298968 0.171954 
7403 -0.299776 0.353904 
7404 -0.146455 -0.192786 
7405 -0.146383 -0.0105685 
7406 -0.146449 0.17134 
7407 -0.146871 0.354382 
7408 0.00534464 -0.191832 
7409 0.00561236 -0.0100072 
7410 0.00520248 0.17205 
7411 0.00428416 0.353477 
7412 0.157531 -0.191422 
7413 0.156571 -0.0100469 
7414 0.156228 0.172392 
7415 0.155641 0.354119 
7416 0.307958 -0.191391 
7417 0.30836 -0.00939599 
7418 0.30783 0.172029 
7419 0.307335 0.35403 
7420 -0.268454 -0.172846 
7421 -0.269507 -0.00523207 
7422 -0.270482 0.162288 
7423 -0.270942 0.329981 
7424 -0.128889 -0.171451 
7425 -0.130148 -0.00503883 
7426 -0.130881 0.16254 
7427 -0.131548 0.329939 
7428 0.010077 -0.170725 
7429 0.00910527 -0.00389363 
7430 0.00866456 0.162994 
7431 0.00828858 0.330524 
7432 0.148807 -0.169939 
7433 0.148668 -0.0039427 
7434 0.14762 0.163641 
7435 0.147188 0.330421 
7436 0.287039 -0.169396 
7437 0.286906 -0.00282238 
7438 0.286077 0.163919 
7439 0.285192 0.330394 
7440 -0.243837 -0.154798 
7441 -0.245434 0.000206844 
7442 -0.246241 0.15438 
7443 -0.247607 0.309785 
7444 -0.115162 -0.154035 
7445 -0.116628 0.000584188 
7446 -0.117354 0.15528 
7447 -0.118035 0.310551 
7448 0.0139534 -0.152946 
7449 0.0124133 0.00105203 
7450 0.0116912 0.15612 
7451 0.0105406 0.310584 
7452 0.141684 -0.151085 
7453 0.140758 0.00263299 
7454 0.13936 0.1561 
7455 0.138747 0.310878 
7456 0.269087 -0.150496 
7457 0.268088 0.00285941 
7458 0.267908 0.157242 
7459 0.267158 0.310655 
7460 -0.223311 -0.138849 
7461 -0.225226 0.00491857 
7462 -0.226483 0.149252 
7463 -0.22734 0.293639 
7464 -0.102891 -0.137719 
7465 -0.104167 0.00545541 
7466 -0.106044 0.14955 
7467 -0.107574 0.294019 
7468 0.0161953 -0.136569 
7469 0.0149849 0.00661372 
7470 0.0135134 0.15004 
7471 0.0130389 0.294295 
7472 0.13536 -0.13448 
7473 0.133827 0.00827058 
7474 0.133233 0.150576 
7475 0.132015 0.294177 
7476 0.253378 -0.134048 
7477 0.252353 0.00892356 
7478 0.251869 0.151404 
7479 0.250921 0.294204 
7480 -0.20524 -0.125022 
7481 -0.207226 0.00965591 
7482 -0.208731 0.144191 
7483 -0.210283 0.279093 
7484 -0.0937863 -0.122905 
7485 -0.09448 0.0107326 
7486 -0.0963008 0.145284 
7487 -0.0979376 0.279987 
7488 0.0175831 -0.121875 
7489 0.0168057 0.0118536 
7490 0.0150569 0.145827 
7491 0.0139104 0.279631 
7492 0.129434 -0.120694 
7493 0.128137 0.0126114 
7494 0.126787 0.146904 
7495 0.124906 0.280313 
7496 0.239156 -0.118572 
7497 0.237783 0.0138022 
7498 0.236911 0.146847 
7499 0.23609 0.280466 
7500 -0.190138 -0.111709 
7501 -0.19235 0.0144557 
7502 -0.194399 0.140257 
7503 -0.195621 0.267639 
7504 -0.0853844 -0.110161 
7505 -0.0870055 0.0149091 
7506 -0.0887054 0.141478 
7507 -0.0899228 0.267998 
7508 0.0195322 -0.108952 
7509 0.0179089 0.0166718 
7510 0.0168226 0.142379 
7511 0.015529 0.268567 
7512 0.123743 -0.107176 
7513 0.121738 0.0172923 
7514 0.120782 0.143318 
7515 0.119121 0.268801 
7516 0.226327 -0.10579 
7517 0.225548 0.0193677 
7518 0.224804 0.143685 
7519 0.223093 0.269016 
7520 -0.177619 -0.0999338 
7521 -0.179323 0.0180416 
7522 -0.180644 0.138097 
7523 -0.183064 0.256899 
7524 -0.0780384 -0.0987608 
7525 -0.079972 0.0196178 
7526 -0.0810971 0.138189 
7527 -0.0833229 0.257373 
7528 0.0208563 -0.0967923 
7529 0.0192108 0.0212994 
7530 0.0177116 0.139058 
7531 0.0159388 0.258256 
7532 0.118002 -0.0953793 
7533 0.116604 0.0224945 
7534 0.115691 0.140696 
7535 0.113782 0.258678 
7536 0.21594 -0.0931043 
7537 0.213971 0.0240025 
7538 0.212829 0.141406 
7539 0.211782 0.25922 
7540 -0.165221 -0.0893954 
7541 -0.168136 0.0228202 
7542 -0.169968 0.135878 
7543 -0.1713 0.248285 
7544 -0.0720882 -0.0878846 
7545 -0.0734327 0.0237466 
7546 -0.0753555 0.136724 
7547 -0.0771816 0.249575 
7548 0.0214873 -0.0861162 
7549 0.0194309 0.0260028 
7550 0.0176819 0.137432 
7551 0.0159829 0.249988 
7552 0.113206 -0.0840695 
7553 0.111978 0.027263 
7554 0.110321 0.138099 
7555 0.10883 0.250112 
7556 0.205731 -0.0819595 
7557 0.20437 0.0280357 
7558 0.202844 0.139247 
7559 0.201759 0.250372 
7560 -0.155388 -0.0796765 
7561 -0.157728 0.0274866 
7562 -0.159484 0.134296 
7563 -0.162201 0.241779 
7564 -0.0662575 -0.0781908 
7565 -0.0680424 0.0285521 
7566 -0.0702716 0.135455 
7567 -0.0726024 0.241447 
7568 0.021122 -0.0759702 
7569 0.0196107 0.0302959 
7570 0.0184782 0.135585 
7571 0.0166713 0.242541 
7572 0.10944 -0.0744597 
7573 0.10707 0.0313631 
7574 0.106427 0.137015 
7575 0.104836 0.24337 
7576 0.195657 -0.0725031 
7577 0.194689 0.0328527 
7578 0.19342 0.137776 
7579 0.191483 0.243327 
7580 -0.147059 -0.070436 
7581 -0.149279 0.0314534 
7582 -0.151218 0.1325 
7583 -0.152685 0.234987 
7584 -0.0618885 -0.0688032 
7585 -0.0644186 0.0328525 
7586 -0.0659273 0.134016 
7587 -0.0681157 0.235989 
7588 0.0215985 -0.0668486 
7589 0.0200559 0.0338556 
7590 0.0186838 0.134888 
7591 0.0167539 0.235813 
7592 0.104898 -0.0648134 
7593 0.102859 0.0357674 
7594 0.101344 0.135478 
7595 0.100656 0.236728 
7596 0.186786 -0.0631397 
7597 0.18562 0.036575 
7598 0.184098 0.13683 
7599 0.182952 0.23698 
7600 -0.139054 -0.0610947 
7601 -0.141435 0.0348367 
7602 -0.143539 0.132527 
7603 -0.14517 0.229544 
7604 -0.0582052 -0.059488 
7605 -0.0598574 0.0368288 
7606 -0.0618116 0.133499 
7607 -0.0637958 0.23023 
7608 0.0217295 -0.0581275 
7609 0.0194671 0.0378094 
7610 0.0177422 0.134286 
7611 0.0163488 0.231069 
7612 0.10068 -0.0557499 
7613 0.0990932 0.039413 
7614 0.0975634 0.135569 
7615 0.0962497 0.231274 
7616 0.179301 -0.0542995 
7617 0.177918 0.0409617 
7618 0.176095 0.136263 
7619 0.174663 0.2322 
7620 -0.132315 -0.0535811 
7621 -0.134214 0.0392223 
7622 -0.136011 0.131299 
7623 -0.138596 0.224842 
7624 -0.0550454 -0.0514389 
7625 -0.0572929 0.040416 
7626 -0.0590389 0.132972 
7627 -0.0608614 0.225088 
7628 0.0208462 -0.0494463 
7629 0.01933 0.0413761 
7630 0.0177489 0.134092 
7631 0.0157056 0.226411 
7632 0.0970725 -0.0479715 
7633 0.0954175 0.043613 
7634 0.0941829 0.134705 
7635 0.0922582 0.226671 
7636 0.171622 -0.0454864 
7637 0.169875 0.0443099 
7638 0.168477 0.135895 
7639 0.167596 0.227046 
7640 -0.125813 -0.0456718 
7641 -0.127673 0.0429564 
7642 -0.130041 0.131748 
7643 -0.132187 0.22071 
7644 -0.0523787 -0.04346 
7645 -0.0536956 0.0443397 
7646 -0.0556662 0.132382 
7647 -0.0574828 0.221881 
7648 0.0209413 -0.0414149 
7649 0.0187315 0.045406 
7650 0.017695 0.133256 
7651 0.0152801 0.221961 
7652 0.0928101 -0.04041 
7653 0.0912633 0.0473423 
7654 0.0901717 0.134191 
7655 0.0880988 0.222676 
7656 0.164104 -0.037893 
7657 0.16331 0.0481933 
7658 0.162341 0.135435 
7659 0.160436 0.222858 
7660 -0.120315 -0.0381715 
7661 -0.122562 0.0465337 
7662 -0.124323 0.131883 
7663 -0.126898 0.217729 
7664 -0.0495905 -0.0361053 
7665 -0.0520452 0.0482708 
7666 -0.0532278 0.132653 
7667 -0.0554525 0.218324 
7668 0.0204978 -0.0351382 
7669 0.0182081 0.0494571 
7670 0.0169885 0.133646 
7671 0.0147906 0.21825 
7672 0.0890224 -0.0332961 
7673 0.0880612 0.0503403 
7674 0.0860879 0.135071 
7675 0.0853463 0.218873 
7676 0.158304 -0.0307409 
7677 0.156856 0.0522543 
7678 0.155136 0.135596 
7679 0.154222 0.21912 
7680 -0.11611 -0.0314253 
7681 -0.117649 0.0505791 
7682 -0.119275 0.132119 
7683 -0.121399 0.214426 
7684 -0.0473676 -0.029471 
7685 -0.0495992 0.0520355 
7686 -0.0513201 0.133133 
7687 -0.0535937 0.215381 
7688 0.0194547 -0.0278735 
7689 0.0179552 0.052454 
7690 0.0155817 0.133831 
7691 0.0148477 0.215089 
7692 0.0857228 -0.026462 
7693 0.0842015 0.0541962 
7694 0.0834087 0.135139 
7695 0.0818259 0.216035 
7696 0.151775 -0.0245649 
7697 0.150569 0.0550585 
7698 0.149065 0.135621 
7699 0.147976 0.216548 
7700 -0.111366 -0.0249979 
7701 -0.113205 0.0541281 
7702 -0.115894 0.132628 
7703 -0.11773 0.211528 
7704 -0.0462684 -0.022944 
7705 -0.0478324 0.0554152 
7706 -0.049293 0.133802 
7707 -0.0520353 0.212356 
7708 0.0184438 -0.021357 
7709 0.0165897 0.0559486 
7710 0.014852 0.134544 
7711 0.0135138 0.212644 
7712 0.0820506 -0.0199952 
7713 0.081467 0.0572159 
7714 0.0795975 0.134866 
7715 0.0785537 0.213661 
7716 0.145906 -0.0176088 
7717 0.144088 0.0585557 
7718 0.143083 0.135768 
7719 0.142056 0.213615 
7720 -0.107794 -0.0183689 
7721 -0.109949 0.0570343 
7722 -0.111807 0.13307 
7723 -0.113109 0.209812 
7724 -0.0450334 -0.0164944 
7725 -0.046145 0.058722 
7726 -0.048346 0.133989 
7727 -0.049824 0.209729 
7728 0.017069 -0.0148332 
7729 0.0163821 0.0601495 
7730 0.0140883 0.135286 
7731 0.013219 0.210152 
7732 0.0786207 -0.0132899 
7733 0.0775062 0.0606396 
7734 0.0760047 0.136199 
7735 0.0747417 0.211085 
7736 0.140499 -0.0114686 
7737 0.138865 0.0621922 
7738 0.137662 0.136493 
7739 0.136335 0.211243 
7740 -0.104542 -0.0126215 
7741 -0.106438 0.0605576 
7742 -0.108088 0.133561 
7743 -0.109602 0.207915 
7744 -0.0434312 -0.0110354 
7745 -0.0450107 0.0622462 
7746 -0.0473214 0.134909 
7747 -0.048987 0.208772 
7748 0.016761 -0.00961968 
7749 0.0153822 0.0625446 
7750 0.013858 0.135625 
7751 0.0115721 0.208899 
7752 0.0759509 -0.00763058 
7753 0.0745476 0.0639202 
7754 0.0733071 0.136297 
7755 0.0715907 0.208728 
7756 0.134173 -0.00583863 
7757 0.133642 0.0649005 
7758 0.132096 0.136956 
7759 0.131287 0.209129 
7760 -0.100803 -0.00684859 
7761 -0.103498 0.0635654 
7762 -0.105431 0.135054 
7763 -0.106628 0.205999 
7764 -0.0431293 -0.00505544 
7765 -0.0440148 0.0651524 
7766 -0.0463862 0.135848 
7767 -0.0475875 0.20683 
7768 0.0150886 -0.00361588 
7769 0.0143144 0.0664598 
7770 0.0124855 0.136265 
7771 0.0107673 0.207278 
7772 0.0724231 -0.00189011 
7773 0.0717104 0.0674553 
7774 0.0703848 0.137136 
7775 0.0690227 0.207424 
7776 0.129417 -0.000958822 
7777 0.12825 0.0684942 
7778 0.127102 0.137789 
7779 0.126121 0.207664 
