740 -0.333643 -0.216792 
741 -0.333187 -0.0169856 
742 -0.333348 0.183093 
743 -0.333669 0.382931 
744 -0.166956 -0.216724 
745 -0.167155 -0.0164504 
746 -0.166373 0.183379 
747 -0.166295 0.382851 
748 -0.000227115 -0.216535 
749 0.000317567 -0.0165749 
750 -0.000325121 0.183254 
751 4.71854e-05 0.383765 
752 0.166444 -0.216194 
753 0.166847 -0.0162413 
754 0.16668 0.183733 
755 0.166379 0.382861 
756 0.332846 -0.216503 
757 0.333 -0.0162671 
758 0.333411 0.183213 
759 0.33374 0.383307 
760 -0.323121 -0.193926 
761 -0.322582 -0.00784326 
762 -0.322716 0.177882 
763 -0.321809 0.363643 
764 -0.167907 -0.193482 
765 -0.167521 -0.00872094 
766 -0.167481 0.177015 
767 -0.166765 0.362598 
768 -0.0140856 -0.193771 
769 -0.0134392 -0.00917611 
770 -0.0129704 0.176823 
771 -0.0127571 0.362036 
772 0.14028 -0.194469 
773 0.141154 -0.00883228 
774 0.141599 0.176456 
775 0.142193 0.36104 
776 0.294756 -0.195004 
777 0.295112 -0.00961578 
778 0.295693 0.175427 
779 0.296313 0.360873 
780 -0.314987 -0.173366 
781 -0.313641 -0.000628939 
782 -0.312978 0.172957 
783 -0.312207 0.345917 
784 -0.170383 -0.174006 
785 -0.169337 -0.00144425 
786 -0.168803 0.171729 
787 -0.16797 0.345377 
788 -0.0258596 -0.175006 
789 -0.0252027 -0.00154912 
790 -0.0244066 0.171363 
791 -0.0233148 0.343638 
792 0.117457 -0.174709 
793 0.118598 -0.0025688 
794 0.119002 0.170263 
795 0.120345 0.342745 
796 0.260615 -0.175447 
797 0.261323 -0.00369685 
798 0.262969 0.169307 
799 0.263311 0.340839 
800 -0.307739 -0.155676 
801 -0.307131 0.0057502 
802 -0.305501 0.16885 
803 -0.304202 0.330656 
804 -0.17274 -0.156537 
805 -0.170755 0.00515368 
806 -0.170347 0.166974 
807 -0.168798 0.329371 
808 -0.0374836 -0.158146 
809 -0.0365835 0.00440261 
810 -0.0352896 0.166058 
811 -0.0332298 0.327872 
812 0.0972743 -0.158681 
813 0.0982098 0.00288557 
814 0.100208 0.164442 
815 0.101227 0.325335 
816 0.230867 -0.158729 
817 0.232581 0.0022472 
818 0.233505 0.163129 
819 0.235324 0.324459 
820 -0.302328 -0.140804 
821 -0.300513 0.0115898 
822 -0.298974 0.164179 
823 -0.29784 0.317681 
824 -0.174288 -0.141767 
825 -0.173657 0.0109083 
826 -0.171278 0.162763 
827 -0.170084 0.315693 
828 -0.0473247 -0.143144 
829 -0.046026 0.00908188 
830 -0.0440663 0.161296 
831 -0.0427167 0.312728 
832 0.0782531 -0.144174 
833 0.0798975 0.0077917 
834 0.0817448 0.159172 
835 0.0832212 0.311445 
836 0.204656 -0.144978 
837 0.205558 0.00671274 
838 0.208012 0.157481 
839 0.209906 0.308884 
840 -0.297898 -0.127686 
841 -0.295697 0.0170498 
842 -0.294539 0.161186 
843 -0.292433 0.305879 
844 -0.177144 -0.128326 
845 -0.175326 0.0150087 
846 -0.173693 0.15885 
847 -0.171608 0.302552 
848 -0.0573991 -0.129439 
849 -0.0549226 0.0138026 
850 -0.0532014 0.157131 
851 -0.051398 0.299993 
852 0.0622239 -0.131353 
853 0.0640317 0.011818 
854 0.0655223 0.154249 
855 0.0678054 0.297822 
856 0.180023 -0.132643 
857 0.182697 0.00997624 
858 0.184316 0.152153 
859 0.186306 0.295635 
860 -0.293835 -0.115439 
861 -0.292275 0.0214497 
862 -0.289605 0.157841 
863 -0.287861 0.294025 
864 -0.179995 -0.11703 
865 -0.177618 0.0187404 
866 -0.175239 0.155474 
867 -0.173637 0.291687 
868 -0.0659085 -0.118568 
869 -0.0641326 0.0166821 
870 -0.0621613 0.153175 
871 -0.0598934 0.288794 
872 0.0463471 -0.120368 
873 0.0489935 0.0150908 
874 0.05154 0.150198 
875 0.0529786 0.285463 
876 0.159105 -0.121587 
877 0.160791 0.0129611 
878 0.163652 0.14856 
879 0.165224 0.282938 
880 -0.29154 -0.105116 
881 -0.288835 0.0247363 
882 -0.286013 0.154422 
883 -0.28408 0.284363 
884 -0.182801 -0.106278 
885 -0.180245 0.0223039 
886 -0.177854 0.1517 
887 -0.175034 0.281598 
888 -0.0740611 -0.108424 
889 -0.0715095 0.0206524 
890 -0.0692587 0.148918 
891 -0.0669175 0.277933 
892 0.0323469 -0.110048 
893 0.0346229 0.0180222 
894 0.0375183 0.146139 
895 0.0397714 0.2747 
896 0.138464 -0.111578 
897 0.141161 0.0165634 
898 0.144303 0.144316 
899 0.146313 0.271485 
900 -0.288273 -0.0954174 
901 -0.286501 0.0282682 
902 -0.283233 0.151896 
903 -0.280373 0.274841 
904 -0.184715 -0.0973462 
905 -0.18234 0.0255212 
906 -0.17943 0.148535 
907 -0.177379 0.272209 
908 -0.0822554 -0.0995409 
909 -0.0801016 0.0234848 
910 -0.0774377 0.145542 
911 -0.0738163 0.26857 
912 0.0191767 -0.101075 
913 0.0224874 0.0213505 
914 0.0246414 0.142942 
915 0.0274208 0.26507 
916 0.120345 -0.102975 
917 0.122989 0.0186049 
918 0.126083 0.140065 
919 0.128648 0.261381 
920 -0.287205 -0.0878211 
921 -0.284257 0.0303658 
922 -0.2813 0.148339 
923 -0.277864 0.26629 
924 -0.187776 -0.089344 
925 -0.185158 0.0281764 
926 -0.182462 0.14576 
927 -0.179212 0.262539 
928 -0.0894254 -0.0910195 
929 -0.0867409 0.0253366 
930 -0.0840815 0.142369 
931 -0.0807556 0.259702 
932 0.00711131 -0.0928054 
933 0.0100484 0.0230009 
934 0.0137007 0.139455 
935 0.0165858 0.255451 
936 0.103906 -0.0950555 
937 0.10707 0.0204476 
938 0.109319 0.136738 
939 0.112477 0.252106 
940 -0.285077 -0.0794335 
941 -0.28213 0.0324736 
942 -0.27921 0.145953 
943 -0.276691 0.258502 
944 -0.190441 -0.082409 
945 -0.187955 0.0298383 
946 -0.184864 0.142135 
947 -0.181958 0.255145 
948 -0.0966911 -0.0840823 
949 -0.0940647 0.0271091 
950 -0.0908425 0.139352 
951 -0.087309 0.25124 
952 -0.00419256 -0.0865483 
953 -0.0011814 0.0252135 
954 0.00219118 0.136245 
955 0.00545984 0.246776 
956 0.0880829 -0.0881771 
957 0.0913102 0.0220594 
958 0.0943633 0.132942 
959 0.0976911 0.243372 
960 -0.284442 -0.0734625 
961 -0.281669 0.0349008 
962 -0.277567 0.142627 
963 -0.27521 0.25142 
964 -0.193604 -0.0754608 
965 -0.190731 0.0320398 
966 -0.18702 0.139325 
967 -0.184264 0.246965 
968 -0.103144 -0.077524 
969 -0.100005 0.029053 
970 -0.097559 0.136293 
971 -0.094244 0.243589 
972 -0.0142201 -0.0797566 
973 -0.0112172 0.0259118 
974 -0.00789228 0.133162 
975 -0.00510708 0.239176 
976 0.0738594 -0.0821508 
977 0.0771375 0.023673 
978 0.0800753 0.129937 
979 0.0832293 0.235266 
980 -0.283631 -0.0674275 
981 -0.280667 0.036719 
982 -0.276741 0.140378 
983 -0.273696 0.244115 
984 -0.196514 -0.0698516 
985 -0.193181 0.0335434 
986 -0.190126 0.13682 
987 -0.186859 0.23975 
988 -0.110025 -0.0724696 
989 -0.10707 0.0307571 
990 -0.103701 0.132738 
991 -0.100152 0.23556 
992 -0.024727 -0.0749496 
993 -0.021565 0.0274833 
994 -0.0180793 0.129554 
995 -0.0145881 0.232139 
996 0.0603241 -0.0772478 
997 0.0631271 0.0245563 
998 0.0669291 0.125946 
999 0.0698393 0.227374 
1000 -0.283658 -0.0615685 
1001 -0.279938 0.0380585 
1002 -0.276277 0.137719 
1003 -0.273364 0.236975 
1004 -0.199258 -0.0640696 
1005 -0.196424 0.0341825 
1006 -0.19206 0.134267 
1007 -0.189319 0.233059 
1008 -0.115946 -0.0673865 
1009 -0.112672 0.0316136 
1010 -0.109756 0.130415 
1011 -0.105551 0.228718 
1012 -0.0345193 -0.0698651 
1013 -0.0302246 0.0282601 
1014 -0.0270398 0.126884 
1015 -0.024068 0.224129 
1016 0.0468039 -0.0717688 
1017 0.0506436 0.0253199 
1018 0.0537445 0.122728 
1019 0.0578744 0.220668 
1020 -0.283288 -0.057117 
1021 -0.280261 0.0382727 
1022 -0.276 0.134496 
1023 -0.272271 0.231136 
1024 -0.20232 -0.0602564 
1025 -0.198559 0.0359947 
1026 -0.195514 0.13124 
1027 -0.191867 0.226456 
1028 -0.122288 -0.0627741 
1029 -0.118603 0.0326267 
1030 -0.115592 0.12764 
1031 -0.111887 0.221819 
1032 -0.0434455 -0.0648879 
1033 -0.039945 0.0295384 
1034 -0.0364733 0.123131 
1035 -0.0325119 0.21812 
1036 0.0350468 -0.0680372 
1037 0.0385738 0.0262715 
1038 0.0421504 0.119533 
1039 0.045184 0.213556 
1040 -0.284033 -0.0528396 
1041 -0.280214 0.0393556 
1042 -0.275918 0.132042 
1043 -0.271766 0.224959 
1044 -0.205084 -0.0555542 
1045 -0.202106 0.0359665 
1046 -0.198132 0.127721 
1047 -0.193832 0.219982 
1048 -0.127978 -0.0584677 
1049 -0.124912 0.0330724 
1050 -0.120987 0.123904 
1051 -0.117057 0.215234 
1052 -0.0523268 -0.0614092 
1053 -0.0481045 0.0296765 
1054 -0.0449394 0.120931 
1055 -0.0412484 0.211434 
1056 0.0236503 -0.0637049 
1057 0.0273857 0.0262961 
1058 0.0308363 0.116628 
1059 0.0347511 0.207108 
1060 -0.283752 -0.0493617 
1061 -0.280493 0.0399368 
1062 -0.276736 0.129631 
1063 -0.272791 0.218316 
1064 -0.208413 -0.0527487 
1065 -0.204358 0.0367336 
1066 -0.200971 0.125221 
1067 -0.197374 0.214039 
1068 -0.133821 -0.0554177 
1069 -0.13026 0.0336558 
1070 -0.125949 0.121052 
1071 -0.122823 0.209387 
1072 -0.0604864 -0.0577714 
1073 -0.0564275 0.0297544 
1074 -0.0530928 0.117197 
1075 -0.0489545 0.205551 
1076 0.0125923 -0.0605728 
1077 0.0162767 0.0266618 
1078 0.0202707 0.113903 
1079 0.0239661 0.200816 
1080 -0.285269 -0.0462476 
1081 -0.280781 0.0403581 
1082 -0.277009 0.126323 
1083 -0.272413 0.213061 
1084 -0.21209 -0.0488305 
1085 -0.207197 0.0372188 
1086 -0.20381 0.122975 
1087 -0.199276 0.207972 
1088 -0.139019 -0.0516095 
1089 -0.135174 0.0330059 
1090 -0.131512 0.118131 
1091 -0.127757 0.203327 
1092 -0.0679397 -0.0551721 
1093 -0.0640102 0.0303478 
1094 -0.0600022 0.114974 
1095 -0.0567526 0.199609 
1096 0.00251926 -0.0581507 
1097 0.00557439 0.0266845 
1098 0.00971256 0.111235 
1099 0.0133728 0.194502 
1100 -0.285528 -0.043894 
1101 -0.2814 0.0400517 
1102 -0.276962 0.1238 
1103 -0.272944 0.206677 
1104 -0.215228 -0.0464073 
1105 -0.210319 0.0368904 
1106 -0.206257 0.119337 
1107 -0.202517 0.202491 
1108 -0.14512 -0.0489011 
1109 -0.140571 0.0329726 
1110 -0.136977 0.115366 
1111 -0.132469 0.198077 
1112 -0.0759674 -0.0526233 
1113 -0.0723935 0.0292805 
1114 -0.0681964 0.111471 
1115 -0.0645757 0.193793 
1116 -0.00755596 -0.0553512 
1117 -0.00337198 0.0263799 
1118 -0.000182442 0.108199 
1119 0.00383868 0.189475 
1120 -0.286797 -0.0412622 
1121 -0.282474 0.039687 
1122 -0.278422 0.120739 
1123 -0.273905 0.201609 
1124 -0.21786 -0.0444924 
1125 -0.21421 0.0362821 
1126 -0.20941 0.117123 
1127 -0.205904 0.196858 
1128 -0.149609 -0.0465758 
1129 -0.145821 0.0332235 
1130 -0.14184 0.112569 
1131 -0.138257 0.192225 
1132 -0.0830544 -0.0504338 
1133 -0.0794911 0.0295137 
1134 -0.0755063 0.108424 
1135 -0.0710194 0.188081 
1136 -0.0173298 -0.0534801 
1137 -0.0130871 0.0257398 
1138 -0.00902064 0.105166 
1139 -0.00570311 0.183174 
