7580 -0.333259 -0.21686 
7581 -0.333503 -0.0166012 
7582 -0.332859 0.183061 
7583 -0.333275 0.382986 
7584 -0.166854 -0.216552 
7585 -0.166571 -0.0167219 
7586 -0.166985 0.182851 
7587 -0.166213 0.383439 
7588 -0.000407289 -0.217036 
7589 -0.000235667 -0.0170353 
7590 -0.000190276 0.182971 
7591 0.000145126 0.383168 
7592 0.166881 -0.216781 
7593 0.166824 -0.0164383 
7594 0.166998 0.183808 
7595 0.166984 0.383544 
7596 0.333716 -0.216469 
7597 0.333426 -0.0167994 
7598 0.33347 0.18353 
7599 0.333672 0.383597 
7600 -0.297093 -0.189387 
7601 -0.297268 -0.00646696 
7602 -0.298225 0.175964 
7603 -0.298395 0.358789 
7604 -0.145439 -0.188803 
7605 -0.145794 -0.00682185 
7606 -0.145535 0.175451 
7607 -0.14638 0.358546 
7608 0.00651621 -0.188955 
7609 0.00600367 -0.00647286 
7610 0.00603951 0.176198 
7611 0.0059949 0.357888 
7612 0.158292 -0.188123 
7613 0.158474 -0.00661313 
7614 0.157919 0.17553 
7615 0.158018 0.358497 
7616 0.30988 -0.187906 
7617 0.309499 -0.00640393 
7618 0.309455 0.176055 
7619 0.309739 0.357889 
7620 -0.268099 -0.16557 
7621 -0.268135 0.00200724 
7622 -0.268551 0.169951 
7623 -0.269185 0.338161 
7624 -0.127536 -0.165457 
7625 -0.128097 0.00195525 
7626 -0.12835 0.169917 
7627 -0.129457 0.338285 
7628 0.0120236 -0.164347 
7629 0.0109781 0.00277274 
7630 0.010699 0.169943 
7631 0.0107399 0.338005 
7632 0.151075 -0.163688 
7633 0.150011 0.00316576 
7634 0.15062 0.169529 
7635 0.149475 0.337814 
7636 0.289296 -0.163941 
7637 0.288997 0.00366499 
7638 0.289186 0.169904 
7639 0.288601 0.337474 
7640 -0.242618 -0.145246 
7641 -0.243277 0.00945232 
7642 -0.244071 0.165661 
7643 -0.24545 0.321477 
7644 -0.113736 -0.144609 
7645 -0.113617 0.0104581 
7646 -0.114633 0.165313 
7647 -0.115572 0.320386 
7648 0.0156059 -0.144112 
7649 0.0156059 0.0109088 
7650 0.0149485 0.165191 
7651 0.0144044 0.321014 
7652 0.144309 -0.143528 
7653 0.143606 0.010653 
7654 0.143484 0.165417 
7655 0.143119 0.320496 
7656 0.271794 -0.142886 
7657 0.271722 0.0111989 
7658 0.271415 0.165194 
7659 0.271682 0.320365 
7660 -0.22149 -0.126847 
7661 -0.222775 0.0168608 
7662 -0.223716 0.161825 
7663 -0.224286 0.306582 
7664 -0.100724 -0.126257 
7665 -0.101422 0.0170635 
7666 -0.102533 0.161833 
7667 -0.103079 0.306498 
7668 0.0186936 -0.12532 
7669 0.0177918 0.0181775 
7670 0.0176169 0.16155 
7671 0.0172181 0.305788 
7672 0.137762 -0.124614 
7673 0.137725 0.0184685 
7674 0.137327 0.162388 
7675 0.137219 0.305896 
7676 0.256683 -0.124323 
7677 0.256443 0.0184979 
7678 0.256387 0.161918 
7679 0.256062 0.305509 
7680 -0.203431 -0.111391 
7681 -0.204191 0.0230632 
7682 -0.205684 0.159056 
7683 -0.206544 0.29498 
7684 -0.0909231 -0.110028 
7685 -0.0912518 0.0245063 
7686 -0.0920226 0.158967 
7687 -0.0933597 0.294402 
7688 0.0206727 -0.109629 
7689 0.0202689 0.0240182 
7690 0.0201622 0.159025 
7691 0.0191927 0.294457 
7692 0.132107 -0.108656 
7693 0.131748 0.0252419 
7694 0.132043 0.159507 
7695 0.131148 0.293517 
7696 0.243467 -0.108221 
7697 0.243132 0.0258133 
7698 0.242388 0.159731 
7699 0.2429 0.293847 
7700 -0.187748 -0.0975481 
7701 -0.189466 0.0294917 
7702 -0.189707 0.157265 
7703 -0.191185 0.284589 
7704 -0.0818534 -0.0966128 
7705 -0.083069 0.0303804 
7706 -0.0839859 0.157109 
7707 -0.0842649 0.284045 
7708 0.0226525 -0.0954503 
7709 0.0224916 0.0301147 
7710 0.0221467 0.156604 
7711 0.0208427 0.284131 
7712 0.127339 -0.0947772 
7713 0.127272 0.0309181 
7714 0.126654 0.156529 
7715 0.126189 0.283273 
7716 0.230626 -0.0934662 
7717 0.231221 0.0310136 
7718 0.230977 0.157184 
7719 0.230137 0.283081 
7720 -0.174527 -0.0845929 
7721 -0.175311 0.0352567 
7722 -0.176621 0.155546 
7723 -0.177244 0.275998 
7724 -0.075157 -0.0832953 
7725 -0.0752092 0.0352727 
7726 -0.0763704 0.155689 
7727 -0.0769831 0.275091 
7728 0.0238579 -0.0828663 
7729 0.0237289 0.036446 
7730 0.0227314 0.155302 
7731 0.0225941 0.275226 
7732 0.122139 -0.08104 
7733 0.122608 0.0368869 
7734 0.121315 0.155654 
7735 0.12137 0.274955 
7736 0.21965 -0.0807736 
7737 0.220456 0.0369046 
7738 0.219565 0.154944 
7739 0.220077 0.274514 
7740 -0.162842 -0.0724991 
7741 -0.164207 0.0404083 
7742 -0.165198 0.154153 
7743 -0.165524 0.268004 
7744 -0.0681451 -0.0715786 
7745 -0.0690456 0.0414424 
7746 -0.0702473 0.154014 
7747 -0.0705855 0.267755 
7748 0.0256434 -0.0708452 
7749 0.0244465 0.041243 
7750 0.0239853 0.154431 
7751 0.0237648 0.267374 
7752 0.118295 -0.0693608 
7753 0.117598 0.0423124 
7754 0.117249 0.154479 
7755 0.117007 0.266947 
7756 0.210096 -0.0692513 
7757 0.210473 0.0420252 
7758 0.209608 0.154231 
7759 0.210193 0.266197 
7760 -0.152295 -0.0618904 
7761 -0.15339 0.0456228 
7762 -0.154259 0.152827 
7763 -0.155561 0.261804 
7764 -0.0625674 -0.0609151 
7765 -0.0635202 0.0462651 
7766 -0.0648146 0.153529 
7767 -0.0655709 0.260768 
7768 0.0259056 -0.0604401 
7769 0.0253045 0.04651 
7770 0.0248071 0.153613 
7771 0.0241015 0.260873 
7772 0.113715 -0.0592046 
7773 0.11337 0.0470049 
7774 0.113021 0.153375 
7775 0.11315 0.259726 
7776 0.200957 -0.0584519 
7777 0.20123 0.0473676 
7778 0.200533 0.152962 
7779 0.200426 0.260027 
7780 -0.142872 -0.0513878 
7781 -0.143878 0.050241 
7782 -0.145685 0.153219 
7783 -0.146044 0.255483 
7784 -0.0585944 -0.0509798 
7785 -0.0589248 0.0506159 
7786 -0.0593711 0.152775 
7787 -0.0602575 0.255113 
7788 0.025567 -0.0502183 
7789 0.0260629 0.0514083 
7790 0.0256299 0.152643 
7791 0.0246431 0.254359 
7792 0.109677 -0.0495456 
7793 0.109282 0.0508301 
7794 0.108744 0.152727 
7795 0.109455 0.254223 
7796 0.192276 -0.0487058 
7797 0.19275 0.051197 
7798 0.192519 0.151962 
7799 0.192303 0.253682 
7800 -0.135323 -0.0425247 
7801 -0.1359 0.05461 
7802 -0.136771 0.152842 
7803 -0.138283 0.250673 
7804 -0.0539994 -0.0415878 
7805 -0.0547417 0.0547739 
7806 -0.0556885 0.15234 
7807 -0.0562066 0.25008 
7808 0.0264498 -0.0414391 
7809 0.0256377 0.0551252 
7810 0.0253041 0.152457 
7811 0.0253212 0.249818 
7812 0.106061 -0.0408979 
7813 0.105881 0.0557889 
7814 0.105391 0.15224 
7815 0.104864 0.249558 
7816 0.184433 -0.0395083 
7817 0.184417 0.0556536 
7818 0.184984 0.151517 
7819 0.185207 0.24892 
7820 -0.128407 -0.034334 
7821 -0.128855 0.0589022 
7822 -0.130042 0.152179 
7823 -0.131099 0.246643 
7824 -0.0512011 -0.0339818 
7825 -0.0515529 0.0588643 
7826 -0.052074 0.152248 
7827 -0.0526245 0.245492 
7828 0.0263394 -0.0324619 
7829 0.0260302 0.0596293 
7830 0.0248341 0.152129 
7831 0.0254162 0.244681 
7832 0.101555 -0.0327159 
7833 0.101861 0.0593381 
7834 0.10228 0.152071 
7835 0.101838 0.244857 
7836 0.177657 -0.031759 
7837 0.177664 0.0592005 
7838 0.177882 0.151299 
7839 0.177245 0.244114 
7840 -0.121636 -0.0267895 
7841 -0.123163 0.063111 
7842 -0.123894 0.152745 
7843 -0.123998 0.242762 
7844 -0.0474205 -0.025438 
7845 -0.0485358 0.0625886 
7846 -0.0483385 0.152263 
7847 -0.0493491 0.241641 
7848 0.0258662 -0.0253203 
7849 0.0254856 0.0632594 
7850 0.0250944 0.151432 
7851 0.025031 0.241185 
7852 0.0983614 -0.0249187 
7853 0.0979605 0.0636061 
7854 0.0986093 0.151062 
7855 0.0986828 0.240141 
7856 0.170929 -0.0238916 
7857 0.170621 0.0630459 
7858 0.170417 0.150769 
7859 0.170557 0.239655 
7860 -0.116359 -0.0190129 
7861 -0.116804 0.0666516 
7862 -0.117679 0.15262 
7863 -0.118209 0.238756 
7864 -0.0449872 -0.0183056 
7865 -0.0459881 0.0662954 
7866 -0.045845 0.152349 
7867 -0.0466796 0.238632 
7868 0.0249801 -0.0181288 
7869 0.0247118 0.0667032 
7870 0.0243939 0.151987 
7871 0.0248238 0.237275 
7872 0.0953172 -0.0179909 
7873 0.0952503 0.0671818 
7874 0.0952537 0.151561 
7875 0.0947282 0.23682 
7876 0.163634 -0.0171726 
7877 0.163964 0.0670662 
7878 0.164875 0.151144 
7879 0.164415 0.235805 
7880 -0.111144 -0.0119075 
7881 -0.112342 0.0704531 
7882 -0.112267 0.152498 
7883 -0.113467 0.235925 
7884 -0.0432976 -0.0115167 
7885 -0.0434084 0.0698726 
7886 -0.0438936 0.152379 
7887 -0.0442776 0.234624 
7888 0.0240592 -0.0114175 
7889 0.0249016 0.0702419 
7890 0.0244402 0.152328 
7891 0.0239279 0.234432 
7892 0.0918652 -0.0106079 
7893 0.091845 0.069909 
7894 0.0913911 0.150957 
7895 0.0921097 0.233003 
7896 0.158214 -0.010504 
7897 0.158393 0.0699758 
7898 0.157902 0.150787 
7899 0.158588 0.232804 
7900 -0.107576 -0.0053242 
7901 -0.107429 0.0729932 
7902 -0.107743 0.153321 
7903 -0.108423 0.233631 
7904 -0.0409569 -0.00547342 
7905 -0.0411015 0.0729514 
7906 -0.0414535 0.152859 
7907 -0.0416913 0.232568 
7908 0.023381 -0.00466443 
7909 0.0232584 0.0732731 
7910 0.0233904 0.151609 
7911 0.0239311 0.231526 
7912 0.0881954 -0.00479946 
7913 0.0886353 0.0730694 
7914 0.0881599 0.151219 
7915 0.0884463 0.230462 
7916 0.151963 -0.00420197 
7917 0.152121 0.0732735 
7918 0.152865 0.151377 
7919 0.152894 0.228964 
7920 -0.10287 0.00038391 
7921 -0.103314 0.0761352 
7922 -0.103506 0.153791 
7923 -0.103847 0.230291 
7924 -0.0396738 0.000582246 
7925 -0.0400132 0.0764707 
7926 -0.040055 0.152646 
7927 -0.039892 0.229773 
7928 0.0227963 0.000768403 
7929 0.0228413 0.0758397 
7930 0.0231135 0.152276 
7931 0.0226626 0.228579 
7932 0.0853502 0.00132186 
7933 0.0849774 0.0758254 
7934 0.0858631 0.151534 
7935 0.086019 0.227387 
7936 0.146037 0.000853871 
7937 0.147043 0.0753258 
7938 0.147588 0.150991 
7939 0.147941 0.226363 
7940 -0.100144 0.00586016 
7941 -0.100478 0.0797256 
7942 -0.100127 0.153304 
7943 -0.100336 0.228651 
7944 -0.0383216 0.00644185 
7945 -0.038438 0.0796444 
7946 -0.0383326 0.152924 
7947 -0.0385742 0.227447 
7948 0.0214173 0.00591014 
7949 0.0219144 0.0786901 
7950 0.0223965 0.152342 
7951 0.0222922 0.226231 
7952 0.0814316 0.0065685 
7953 0.0820756 0.0790955 
7954 0.0826044 0.151959 
7955 0.082844 0.224664 
7956 0.14058 0.00645387 
7957 0.141577 0.0785943 
7958 0.142284 0.150827 
7959 0.142967 0.224433 
7960 -0.0970676 0.0111737 
7961 -0.0966716 0.082387 
7962 -0.0971169 0.153905 
7963 -0.0974949 0.226409 
7964 -0.0375323 0.0113244 
7965 -0.0374527 0.0816418 
7966 -0.0376241 0.152942 
7967 -0.0375622 0.22505 
7968 0.021051 0.0115769 
7969 0.0215191 0.0817677 
7970 0.021163 0.152448 
7971 0.0211418 0.223504 
7972 0.0783662 0.0107608 
7973 0.0794005 0.0814214 
7974 0.0793818 0.151621 
7975 0.080375 0.222853 
7976 0.135999 0.0110894 
7977 0.136551 0.080629 
7978 0.13738 0.150522 
7979 0.137434 0.221242 
