7600 -0.333325 -0.21644 
7601 -0.33379 -0.0166991 
7602 -0.33361 0.183254 
7603 -0.333632 0.383193 
7604 -0.166802 -0.216216 
7605 -0.166768 -0.01626 
7606 -0.167096 0.18335 
7607 -0.166947 0.383148 
7608 0.000151534 -0.217073 
7609 0.000311633 -0.0166987 
7610 7.1731e-05 0.183445 
7611 1.74728e-05 0.382945 
7612 0.166919 -0.21653 
7613 0.166374 -0.0164115 
7614 0.16665 0.183256 
7615 0.166347 0.383284 
7616 0.333275 -0.21692 
7617 0.333355 -0.0167072 
7618 0.333507 0.183481 
7619 0.332854 0.383224 
7620 -0.297274 -0.188928 
7621 -0.297428 -0.00612378 
7622 -0.297994 0.176227 
7623 -0.297973 0.358692 
7624 -0.145054 -0.18809 
7625 -0.145194 -0.00642059 
7626 -0.145837 0.175563 
7627 -0.145584 0.35844 
7628 0.00707844 -0.188336 
7629 0.00599091 -0.00620687 
7630 0.00592888 0.175787 
7631 0.00599527 0.358658 
7632 0.158065 -0.188059 
7633 0.157759 -0.00610648 
7634 0.158055 0.17565 
7635 0.157775 0.358245 
7636 0.309477 -0.18811 
7637 0.309885 -0.00540331 
7638 0.309255 0.175993 
7639 0.309153 0.358154 
7640 -0.267779 -0.165487 
7641 -0.267861 0.00228072 
7642 -0.268425 0.170457 
7643 -0.268965 0.338603 
7644 -0.127451 -0.164722 
7645 -0.12801 0.00288663 
7646 -0.128633 0.170204 
7647 -0.129463 0.338389 
7648 0.0121235 -0.164328 
7649 0.0110023 0.00320522 
7650 0.0110003 0.17061 
7651 0.0108651 0.337921 
7652 0.150999 -0.163429 
7653 0.150263 0.00308579 
7654 0.150139 0.170128 
7655 0.150391 0.337542 
7656 0.289877 -0.163443 
7657 0.289837 0.00326613 
7658 0.289269 0.17101 
7659 0.288883 0.338035 
7660 -0.242364 -0.14439 
7661 -0.242919 0.0106538 
7662 -0.244375 0.165708 
7663 -0.244362 0.321367 
7664 -0.113652 -0.144213 
7665 -0.113749 0.010784 
7666 -0.114705 0.16615 
7667 -0.114854 0.321414 
7668 0.0160273 -0.143643 
7669 0.0154197 0.0107633 
7670 0.0147874 0.16602 
7671 0.0147269 0.321027 
7672 0.144651 -0.142215 
7673 0.143645 0.0118546 
7674 0.143542 0.165905 
7675 0.143707 0.321094 
7676 0.27193 -0.142225 
7677 0.272014 0.0121335 
7678 0.272233 0.166383 
7679 0.271729 0.32093 
7680 -0.221829 -0.126736 
7681 -0.222796 0.0175481 
7682 -0.223053 0.162665 
7683 -0.2241 0.307831 
7684 -0.101277 -0.12555 
7685 -0.102116 0.0183461 
7686 -0.102196 0.162916 
7687 -0.103357 0.307613 
7688 0.019298 -0.124565 
7689 0.0189021 0.0190006 
7690 0.0179242 0.162623 
7691 0.01741 0.307622 
7692 0.138659 -0.124358 
7693 0.137597 0.0191848 
7694 0.137538 0.162511 
7695 0.136967 0.307242 
7696 0.256724 -0.123586 
7697 0.256405 0.0197072 
7698 0.256497 0.162304 
7699 0.256888 0.30642 
7700 -0.203365 -0.110254 
7701 -0.204352 0.0241896 
7702 -0.205576 0.160395 
7703 -0.206261 0.295795 
7704 -0.0905082 -0.10987 
7705 -0.0912294 0.0246287 
7706 -0.0925728 0.159474 
7707 -0.0931064 0.295766 
7708 0.0214831 -0.10877 
7709 0.0211735 0.0254887 
7710 0.0205331 0.159791 
7711 0.0196647 0.295144 
7712 0.132505 -0.108401 
7713 0.132761 0.0252296 
7714 0.131965 0.159538 
7715 0.131722 0.294676 
7716 0.243329 -0.107297 
7717 0.243564 0.0258975 
7718 0.2433 0.159708 
7719 0.243085 0.294028 
7720 -0.187747 -0.0962177 
7721 -0.188456 0.0303018 
7722 -0.189962 0.158416 
7723 -0.190407 0.286052 
7724 -0.0819444 -0.0951075 
7725 -0.0823664 0.0310926 
7726 -0.083216 0.158338 
7727 -0.0842467 0.285588 
7728 0.0230946 -0.0942445 
7729 0.0228528 0.0313833 
7730 0.0217671 0.157763 
7731 0.0216836 0.285155 
7732 0.128032 -0.093875 
7733 0.127678 0.0322884 
7734 0.127121 0.15777 
7735 0.126369 0.284193 
7736 0.23168 -0.0933761 
7737 0.231606 0.0325399 
7738 0.231262 0.158098 
7739 0.23079 0.283614 
7740 -0.174272 -0.0835793 
7741 -0.175113 0.036366 
7742 -0.175617 0.156011 
7743 -0.176972 0.277174 
7744 -0.0749775 -0.082842 
7745 -0.0751327 0.0370554 
7746 -0.0756832 0.156329 
7747 -0.0763847 0.276771 
7748 0.0240379 -0.0815998 
7749 0.0236212 0.0367409 
7750 0.0236125 0.15647 
7751 0.0235776 0.275994 
7752 0.123061 -0.0806645 
7753 0.122898 0.0377453 
7754 0.121928 0.156323 
7755 0.121934 0.27528 
7756 0.220256 -0.0803564 
7757 0.220352 0.0377348 
7758 0.220675 0.156069 
7759 0.220787 0.274648 
7760 -0.162071 -0.0718225 
7761 -0.16372 0.042205 
7762 -0.164641 0.154897 
7763 -0.165365 0.269471 
7764 -0.0684182 -0.0703237 
7765 -0.0689785 0.0424872 
7766 -0.0694855 0.155508 
7767 -0.0705608 0.269134 
7768 0.025003 -0.0702009 
7769 0.0253641 0.0419481 
7770 0.0242893 0.155131 
7771 0.0244052 0.268363 
7772 0.118416 -0.0688488 
7773 0.11832 0.0431595 
7774 0.117578 0.154778 
7775 0.117667 0.267638 
7776 0.210607 -0.0681327 
7777 0.210208 0.0434207 
7778 0.210456 0.154932 
7779 0.210476 0.267383 
7780 -0.152152 -0.0610292 
7781 -0.153185 0.0469087 
7782 -0.153829 0.154884 
7783 -0.154572 0.262473 
7784 -0.0627596 -0.0601319 
7785 -0.0632421 0.0472013 
7786 -0.0641107 0.154842 
7787 -0.0648259 0.262449 
7788 0.0265657 -0.0591808 
7789 0.0259631 0.0470823 
7790 0.0253714 0.154228 
7791 0.0252736 0.261487 
7792 0.114108 -0.0588332 
7793 0.114323 0.0479834 
7794 0.11381 0.153819 
7795 0.113924 0.260847 
7796 0.201665 -0.0572465 
7797 0.201846 0.0476812 
7798 0.201839 0.154282 
7799 0.201194 0.260123 
7800 -0.142797 -0.0505389 
7801 -0.143813 0.0509712 
7802 -0.144585 0.154291 
7803 -0.145111 0.257528 
7804 -0.0575048 -0.0498626 
7805 -0.0581928 0.051885 
7806 -0.0588973 0.154112 
7807 -0.0591927 0.256994 
7808 0.0265953 -0.0496272 
7809 0.0256754 0.0517145 
7810 0.025976 0.153397 
7811 0.0252236 0.255532 
7812 0.109885 -0.0485502 
7813 0.109892 0.0523973 
7814 0.109399 0.152879 
7815 0.109868 0.255534 
7816 0.192613 -0.0476873 
7817 0.193402 0.0522544 
7818 0.192943 0.153183 
7819 0.19306 0.254665 
7820 -0.135279 -0.0418571 
7821 -0.135382 0.0557829 
7822 -0.136827 0.154142 
7823 -0.136977 0.251783 
7824 -0.0543366 -0.0412852 
7825 -0.0543426 0.0555366 
7826 -0.0545003 0.153223 
7827 -0.0553393 0.251 
7828 0.026591 -0.0404306 
7829 0.0261414 0.0557908 
7830 0.0258584 0.153219 
7831 0.0252584 0.250255 
7832 0.105884 -0.0398293 
7833 0.106239 0.05624 
7834 0.105978 0.152415 
7835 0.10608 0.250336 
7836 0.185542 -0.0396601 
7837 0.185401 0.0568003 
7838 0.185439 0.152339 
7839 0.185602 0.248844 
7840 -0.127855 -0.033485 
7841 -0.12821 0.0594129 
7842 -0.129003 0.15344 
7843 -0.130398 0.247258 
7844 -0.0508097 -0.0329638 
7845 -0.0505685 0.0602543 
7846 -0.0516137 0.152828 
7847 -0.0516259 0.247001 
7848 0.0264228 -0.0318895 
7849 0.0264363 0.0600752 
7850 0.0261302 0.15259 
7851 0.0259125 0.24599 
7852 0.102885 -0.0316935 
7853 0.10205 0.0606615 
7854 0.102347 0.152115 
7855 0.102826 0.245834 
7856 0.178042 -0.0309834 
7857 0.178112 0.0606813 
7858 0.178797 0.151729 
7859 0.179108 0.245053 
7860 -0.121373 -0.025506 
7861 -0.12237 0.064096 
7862 -0.122937 0.153306 
7863 -0.123322 0.243801 
7864 -0.0471556 -0.0245115 
7865 -0.0474701 0.0639777 
7866 -0.048564 0.153407 
7867 -0.0488223 0.242536 
7868 0.0262868 -0.0243855 
7869 0.0256783 0.063647 
7870 0.025926 0.152766 
7871 0.0257374 0.241739 
7872 0.0985477 -0.0239966 
7873 0.0988274 0.0637078 
7874 0.0987233 0.152506 
7875 0.0989694 0.241277 
7876 0.17077 -0.0232612 
7877 0.171341 0.0636048 
7878 0.171145 0.152062 
7879 0.171449 0.240346 
7880 -0.115837 -0.0180657 
7881 -0.11619 0.0671494 
7882 -0.117032 0.153593 
7883 -0.117996 0.239938 
7884 -0.0448309 -0.0176693 
7885 -0.0449657 0.0674991 
7886 -0.0455634 0.153148 
7887 -0.0458144 0.239448 
7888 0.0252882 -0.0175462 
7889 0.0258991 0.066936 
7890 0.0256828 0.152707 
7891 0.0257033 0.238084 
7892 0.0951459 -0.0172294 
7893 0.0953978 0.0675816 
7894 0.0954913 0.152011 
7895 0.0962623 0.23751 
7896 0.164632 -0.0162466 
7897 0.164749 0.067139 
7898 0.165656 0.151851 
7899 0.165777 0.236579 
7900 -0.111367 -0.0108738 
7901 -0.111494 0.0704529 
7902 -0.111973 0.154027 
7903 -0.112308 0.236922 
7904 -0.043098 -0.0106087 
7905 -0.042747 0.0706449 
7906 -0.0426503 0.153195 
7907 -0.0436201 0.23571 
7908 0.0244583 -0.0108873 
7909 0.0246444 0.0702277 
7910 0.0250919 0.152523 
7911 0.0249615 0.235239 
7912 0.0915562 -0.0108697 
7913 0.0924214 0.0700933 
7914 0.0921094 0.151573 
7915 0.0931038 0.233925 
7916 0.158664 -0.0104869 
7917 0.158358 0.0699847 
7918 0.15937 0.151367 
7919 0.159766 0.232744 
7920 -0.107139 -0.00514643 
7921 -0.107401 0.0737967 
7922 -0.107088 0.153956 
7923 -0.1077 0.233746 
7924 -0.0408568 -0.00520818 
7925 -0.0406863 0.0737978 
7926 -0.0410486 0.153463 
7927 -0.0407103 0.233022 
7928 0.023733 -0.00453359 
7929 0.0243448 0.0738576 
7930 0.0245254 0.152678 
7931 0.024405 0.231898 
7932 0.0885919 -0.00457896 
7933 0.0889031 0.0731729 
7934 0.089267 0.152302 
7935 0.0894925 0.231259 
7936 0.151979 -0.00410144 
7937 0.153287 0.0733108 
7938 0.153329 0.15087 
7939 0.154362 0.229404 
7940 -0.103069 0.000933218 
7941 -0.103275 0.0773954 
7942 -0.103567 0.154505 
7943 -0.103186 0.231539 
7944 -0.0394741 0.00143897 
7945 -0.0395629 0.0765271 
7946 -0.0397641 0.153604 
7947 -0.0394414 0.230769 
7948 0.0232553 0.00141231 
7949 0.023482 0.077029 
7950 0.0233388 0.152782 
7951 0.0240748 0.229645 
7952 0.0852411 0.00121747 
7953 0.0858603 0.0759506 
7954 0.0859383 0.152448 
7955 0.0866354 0.228049 
7956 0.147055 0.000922404 
7957 0.147197 0.0763905 
7958 0.148082 0.150962 
7959 0.148316 0.226921 
7960 -0.0997365 0.00664023 
7961 -0.0995589 0.0803818 
7962 -0.0996013 0.154404 
7963 -0.0993798 0.229111 
7964 -0.0381042 0.00600223 
7965 -0.0384901 0.0795781 
7966 -0.038196 0.153731 
7967 -0.037765 0.2279 
7968 0.0219307 0.00617087 
7969 0.0222262 0.079491 
7970 0.0232322 0.152576 
7971 0.0231908 0.226468 
7972 0.0822626 0.00614557 
7973 0.0827242 0.079404 
7974 0.0830292 0.151584 
7975 0.0834161 0.225139 
7976 0.141714 0.00666005 
7977 0.141855 0.0782543 
7978 0.142801 0.151489 
7979 0.143641 0.224222 
7980 -0.0964007 0.011986 
7981 -0.0968085 0.0824884 
7982 -0.0965215 0.155005 
7983 -0.0965084 0.227286 
7984 -0.0369742 0.0120482 
7985 -0.0372413 0.082837 
7986 -0.036343 0.153762 
7987 -0.0369323 0.225347 
7988 0.0211135 0.0116736 
7989 0.0216082 0.0814664 
7990 0.0217332 0.152727 
7991 0.0226661 0.224525 
7992 0.078542 0.0115968 
7993 0.0797053 0.0816589 
7994 0.0797856 0.152392 
7995 0.080776 0.222543 
7996 0.135928 0.0111026 
7997 0.137 0.0809119 
7998 0.137982 0.151393 
7999 0.138347 0.222177 
