7620 -0.332841 -0.216622 
7621 -0.333764 -0.0168245 
7622 -0.333053 0.183036 
7623 -0.333391 0.3833 
7624 -0.166647 -0.216354 
7625 -0.166836 -0.0168352 
7626 -0.167085 0.183632 
7627 -0.166257 0.383135 
7628 -0.000130205 -0.21626 
7629 0.000216473 -0.017011 
7630 -0.0002606 0.183823 
7631 0.000416456 0.383628 
7632 0.166928 -0.216877 
7633 0.166854 -0.0161838 
7634 0.166183 0.183363 
7635 0.166754 0.383684 
7636 0.333638 -0.216227 
7637 0.332986 -0.016638 
7638 0.333521 0.183098 
7639 0.333074 0.383791 
7640 -0.297233 -0.18872 
7641 -0.297635 -0.00625297 
7642 -0.298234 0.17612 
7643 -0.298015 0.359037 
7644 -0.144861 -0.188283 
7645 -0.144987 -0.00574225 
7646 -0.146062 0.176411 
7647 -0.145786 0.359194 
7648 0.00652353 -0.188129 
7649 0.00611448 -0.0055756 
7650 0.00616233 0.176226 
7651 0.00632626 0.359237 
7652 0.158749 -0.188204 
7653 0.157714 -0.00624636 
7654 0.158258 0.175915 
7655 0.15796 0.358407 
7656 0.309481 -0.187559 
7657 0.309614 -0.00559974 
7658 0.309889 0.176623 
7659 0.309304 0.358315 
7660 -0.26709 -0.16499 
7661 -0.267731 0.00319675 
7662 -0.268647 0.170752 
7663 -0.268751 0.338966 
7664 -0.127789 -0.164028 
7665 -0.128508 0.00362005 
7666 -0.128393 0.171376 
7667 -0.129202 0.339179 
7668 0.0120527 -0.164111 
7669 0.0111181 0.00366373 
7670 0.0117346 0.170727 
7671 0.0113006 0.33841 
7672 0.150501 -0.163547 
7673 0.150496 0.00384718 
7674 0.150808 0.171125 
7675 0.150219 0.33836 
7676 0.289686 -0.162333 
7677 0.289291 0.00368812 
7678 0.289132 0.170564 
7679 0.289551 0.338645 
7680 -0.242964 -0.143634 
7681 -0.243577 0.0110054 
7682 -0.243862 0.166491 
7683 -0.244902 0.322334 
7684 -0.112567 -0.143658 
7685 -0.113921 0.0115866 
7686 -0.113838 0.166646 
7687 -0.114401 0.322545 
7688 0.0157101 -0.142509 
7689 0.0156283 0.012243 
7690 0.0152381 0.166981 
7691 0.0149712 0.321505 
7692 0.14405 -0.141987 
7693 0.144295 0.0122259 
7694 0.144315 0.166848 
7695 0.143868 0.321444 
7696 0.272369 -0.142003 
7697 0.272093 0.0123988 
7698 0.272023 0.166263 
7699 0.272075 0.320991 
7700 -0.221678 -0.125349 
7701 -0.222415 0.0181895 
7702 -0.222577 0.163008 
7703 -0.223781 0.309095 
7704 -0.100402 -0.125429 
7705 -0.101053 0.0192547 
7706 -0.101863 0.163373 
7707 -0.10265 0.308227 
7708 0.019342 -0.124238 
7709 0.01856 0.0191071 
7710 0.018699 0.163217 
7711 0.0178688 0.307718 
7712 0.138894 -0.123297 
7713 0.13854 0.019892 
7714 0.138417 0.163005 
7715 0.138286 0.307922 
7716 0.257488 -0.122671 
7717 0.25714 0.019467 
7718 0.257133 0.163145 
7719 0.256778 0.307591 
7720 -0.203498 -0.10915 
7721 -0.204469 0.0255988 
7722 -0.204392 0.160719 
7723 -0.20592 0.296899 
7724 -0.0901614 -0.109144 
7725 -0.090704 0.0260479 
7726 -0.0916798 0.160954 
7727 -0.0919044 0.296294 
7728 0.0211231 -0.108201 
7729 0.0213632 0.0264751 
7730 0.0205086 0.161069 
7731 0.020221 0.296021 
7732 0.132634 -0.107675 
7733 0.132731 0.0261852 
7734 0.133038 0.160497 
7735 0.132031 0.295465 
7736 0.243275 -0.107016 
7737 0.244053 0.0267583 
7738 0.243983 0.160142 
7739 0.24363 0.294754 
7740 -0.187913 -0.0955602 
7741 -0.18802 0.0318403 
7742 -0.18962 0.158841 
7743 -0.19 0.286562 
7744 -0.0812798 -0.0947347 
7745 -0.0825133 0.0314154 
7746 -0.0833609 0.158599 
7747 -0.083335 0.286355 
7748 0.0234369 -0.0934394 
7749 0.0227874 0.0326479 
7750 0.0228304 0.158965 
7751 0.0219179 0.285835 
7752 0.127978 -0.0934234 
7753 0.128097 0.0329684 
7754 0.127716 0.158814 
7755 0.12772 0.284939 
7756 0.231527 -0.0927675 
7757 0.231477 0.0329996 
7758 0.232291 0.158815 
7759 0.231594 0.284605 
7760 -0.174579 -0.0820282 
7761 -0.175311 0.0374609 
7762 -0.175558 0.157078 
7763 -0.17632 0.278482 
7764 -0.0742927 -0.0813391 
7765 -0.0748056 0.0376014 
7766 -0.0750069 0.157632 
7767 -0.0763295 0.277826 
7768 0.0242998 -0.0811219 
7769 0.0241547 0.0377995 
7770 0.0242124 0.156904 
7771 0.0234225 0.277445 
7772 0.123208 -0.0803526 
7773 0.123258 0.0384468 
7774 0.122854 0.156722 
7775 0.123268 0.276353 
7776 0.221199 -0.0799098 
7777 0.221459 0.038268 
7778 0.221388 0.157355 
7779 0.220668 0.275753 
7780 -0.161959 -0.0708748 
7781 -0.162819 0.0424524 
7782 -0.163791 0.156107 
7783 -0.164861 0.271105 
7784 -0.0675943 -0.069403 
7785 -0.0679705 0.0425993 
7786 -0.0686279 0.15603 
7787 -0.0690435 0.269755 
7788 0.0253554 -0.0688651 
7789 0.0257416 0.0431493 
7790 0.0250221 0.156446 
7791 0.0253479 0.269085 
7792 0.119202 -0.0683451 
7793 0.118753 0.0432168 
7794 0.118668 0.155325 
7795 0.118135 0.268606 
7796 0.211148 -0.067864 
7797 0.211576 0.0437324 
7798 0.211367 0.155794 
7799 0.211086 0.268059 
7800 -0.152049 -0.0600294 
7801 -0.152171 0.047663 
7802 -0.153574 0.155137 
7803 -0.154014 0.264211 
7804 -0.0623469 -0.0588055 
7805 -0.0628876 0.0476087 
7806 -0.0636342 0.155278 
7807 -0.0639499 0.263262 
7808 0.0259303 -0.0584345 
7809 0.026467 0.047847 
7810 0.0259793 0.155475 
7811 0.0255035 0.26302 
7812 0.114391 -0.0573635 
7813 0.114825 0.0483896 
7814 0.114124 0.155149 
7815 0.113977 0.261889 
7816 0.202079 -0.0575969 
7817 0.202025 0.0483228 
7818 0.201842 0.154495 
7819 0.202024 0.261347 
7820 -0.14292 -0.0494919 
7821 -0.143825 0.0521103 
7822 -0.143896 0.154785 
7823 -0.144835 0.258603 
7824 -0.0580859 -0.0494475 
7825 -0.0583013 0.0529192 
7826 -0.0588818 0.154451 
7827 -0.0588393 0.258002 
7828 0.0266603 -0.0490524 
7829 0.0268942 0.0521584 
7830 0.0259356 0.154699 
7831 0.0257681 0.257063 
7832 0.110754 -0.0483405 
7833 0.11061 0.0526425 
7834 0.110068 0.154567 
7835 0.110865 0.25621 
7836 0.193612 -0.0479144 
7837 0.193637 0.0524604 
7838 0.194425 0.153685 
7839 0.19443 0.25545 
7840 -0.135124 -0.0411651 
7841 -0.13532 0.0566421 
7842 -0.136145 0.155057 
7843 -0.136849 0.252893 
7844 -0.0534674 -0.0399218 
7845 -0.0543339 0.0571147 
7846 -0.0540083 0.154644 
7847 -0.0546098 0.25219 
7848 0.0264408 -0.0395848 
7849 0.0265369 0.0569655 
7850 0.0269549 0.153941 
7851 0.0268015 0.251869 
7852 0.106516 -0.0395825 
7853 0.106218 0.0565459 
7854 0.106562 0.15361 
7855 0.106483 0.25081 
7856 0.185205 -0.0384259 
7857 0.185547 0.0571998 
7858 0.186762 0.153247 
7859 0.186337 0.25037 
7860 -0.127457 -0.0322485 
7861 -0.12846 0.0611993 
7862 -0.129141 0.15473 
7863 -0.128849 0.248507 
7864 -0.050254 -0.0320228 
7865 -0.0507048 0.0604921 
7866 -0.0502449 0.153994 
7867 -0.0510948 0.248105 
7868 0.026707 -0.0312346 
7869 0.0269522 0.0607129 
7870 0.0263464 0.153691 
7871 0.0264598 0.247232 
7872 0.102911 -0.0308773 
7873 0.102853 0.0606316 
7874 0.103398 0.153534 
7875 0.103893 0.245777 
7876 0.177811 -0.0303852 
7877 0.178391 0.0609525 
7878 0.179066 0.152184 
7879 0.179968 0.245176 
7880 -0.12109 -0.0247399 
7881 -0.122045 0.0644554 
7882 -0.122732 0.154342 
7883 -0.123183 0.244342 
7884 -0.0472193 -0.0243569 
7885 -0.0472682 0.0642887 
7886 -0.0470693 0.153517 
7887 -0.0481452 0.244028 
7888 0.0263191 -0.023785 
7889 0.0267843 0.0640297 
7890 0.0267626 0.153419 
7891 0.026341 0.242762 
7892 0.098792 -0.0238386 
7893 0.0995361 0.0645329 
7894 0.0996469 0.152563 
7895 0.0998449 0.241732 
7896 0.171267 -0.0229253 
7897 0.171555 0.0641019 
7898 0.172724 0.15214 
7899 0.172748 0.241189 
7900 -0.115382 -0.0168476 
7901 -0.116571 0.0680582 
7902 -0.116834 0.15402 
7903 -0.117243 0.241289 
7904 -0.044726 -0.0169472 
7905 -0.0450338 0.0678453 
7906 -0.0447684 0.153584 
7907 -0.044485 0.239696 
7908 0.0259464 -0.0172518 
7909 0.0264654 0.0674219 
7910 0.0263049 0.152899 
7911 0.0262413 0.239369 
7912 0.0957624 -0.016222 
7913 0.0966014 0.0673128 
7914 0.0965529 0.152425 
7915 0.0963592 0.237901 
7916 0.165097 -0.0164564 
7917 0.165756 0.0677565 
7918 0.165909 0.151464 
7919 0.166288 0.236526 
7920 -0.111099 -0.0102102 
7921 -0.110982 0.0718648 
7922 -0.110964 0.154613 
7923 -0.111369 0.238436 
7924 -0.0429149 -0.0101754 
7925 -0.042928 0.0719054 
7926 -0.0420667 0.153506 
7927 -0.0426373 0.23684 
7928 0.0248162 -0.0102436 
7929 0.0259274 0.0706468 
7930 0.0256355 0.153326 
7931 0.0256368 0.235186 
7932 0.0925816 -0.0102887 
7933 0.0925634 0.071029 
7934 0.0929163 0.152153 
7935 0.0941216 0.234281 
7936 0.158604 -0.0102932 
7937 0.159765 0.0709156 
7938 0.159952 0.151316 
7939 0.160353 0.233357 
7940 -0.10661 -0.00440689 
7941 -0.106659 0.0749653 
7942 -0.106576 0.154207 
7943 -0.107294 0.234886 
7944 -0.0403674 -0.00409412 
7945 -0.0402109 0.0746465 
7946 -0.040912 0.153673 
7947 -0.0403164 0.233396 
7948 0.024167 -0.00453722 
7949 0.024542 0.0741792 
7950 0.02544 0.152713 
7951 0.0250381 0.23261 
7952 0.0891979 -0.00430745 
7953 0.089246 0.0734482 
7954 0.0904677 0.152754 
7955 0.0906993 0.231234 
7956 0.153072 -0.00428864 
7957 0.153169 0.073103 
7958 0.15462 0.15145 
7959 0.155278 0.230096 
7960 -0.102866 0.00107408 
7961 -0.102916 0.0778487 
7962 -0.103162 0.154447 
7963 -0.102615 0.232665 
7964 -0.0389445 0.0016819 
7965 -0.0392882 0.0771094 
7966 -0.0392172 0.153592 
7967 -0.0390256 0.230692 
7968 0.0235287 0.000966405 
7969 0.0243335 0.0772417 
7970 0.0243077 0.152786 
7971 0.0251217 0.230053 
7972 0.0852595 0.00164503 
7973 0.0862419 0.0760639 
7974 0.0865348 0.151887 
7975 0.0880698 0.228138 
7976 0.147066 0.00125864 
7977 0.148269 0.0761404 
7978 0.148859 0.150998 
7979 0.150129 0.226772 
7980 -0.09914 0.00726277 
7981 -0.0992222 0.0807758 
7982 -0.0994338 0.155287 
7983 -0.098912 0.230116 
7984 -0.0384307 0.00701311 
7985 -0.0374293 0.080307 
7986 -0.0376629 0.153633 
7987 -0.0365066 0.228348 
7988 0.0229796 0.00666562 
7989 0.0229496 0.0795271 
7990 0.0233587 0.153083 
7991 0.0246653 0.227104 
7992 0.0823269 0.00614163 
7993 0.0835709 0.0787882 
7994 0.0839982 0.152401 
7995 0.0845441 0.226062 
7996 0.141916 0.00670671 
7997 0.142938 0.0785625 
7998 0.143405 0.150775 
7999 0.144993 0.224 
8000 -0.0960981 0.0115556 
8001 -0.0961978 0.0833152 
8002 -0.095679 0.154994 
8003 -0.0957468 0.227865 
8004 -0.0370899 0.01138 
8005 -0.0364885 0.0823894 
8006 -0.0364837 0.154165 
8007 -0.0361623 0.226435 
8008 0.0216037 0.0119374 
8009 0.0217943 0.0820051 
8010 0.0223368 0.152995 
8011 0.0235175 0.224731 
8012 0.0789659 0.0115242 
8013 0.0806984 0.081583 
8014 0.0806532 0.152046 
8015 0.0814423 0.222843 
8016 0.136761 0.0115176 
8017 0.137342 0.0805657 
8018 0.138558 0.150875 
8019 0.139852 0.221669 
