800 -0.3334 -0.216695 
801 -0.333543 -0.0169626 
802 -0.333314 0.183148 
803 -0.333686 0.383441 
804 -0.166418 -0.216477 
805 -0.166843 -0.0164069 
806 -0.16704 0.182888 
807 -0.166367 0.3836 
808 5.69497e-05 -0.216917 
809 0.000174013 -0.0161683 
810 -0.000483077 0.183176 
811 -0.00042985 0.383453 
812 0.166962 -0.216183 
813 0.166315 -0.0168093 
814 0.167104 0.183691 
815 0.16628 0.383276 
816 0.333689 -0.216715 
817 0.333765 -0.0168441 
818 0.332996 0.182835 
819 0.333481 0.383444 
820 -0.323171 -0.193785 
821 -0.322653 -0.00877915 
822 -0.322317 0.177477 
823 -0.321804 0.363279 
824 -0.169011 -0.193803 
825 -0.168498 -0.00890868 
826 -0.167382 0.176179 
827 -0.167636 0.361808 
828 -0.0146963 -0.194971 
829 -0.0137848 -0.00918893 
830 -0.0128217 0.176023 
831 -0.0128923 0.361315 
832 0.139775 -0.194434 
833 0.140821 -0.0100161 
834 0.141029 0.175332 
835 0.141613 0.360839 
836 0.294077 -0.194685 
837 0.295151 -0.0098639 
838 0.294776 0.174471 
839 0.296224 0.359855 
840 -0.315957 -0.174894 
841 -0.314508 -0.0015687 
842 -0.313755 0.171559 
843 -0.312651 0.344668 
844 -0.170959 -0.17464 
845 -0.170255 -0.00210399 
846 -0.169375 0.170883 
847 -0.167944 0.343831 
848 -0.0265118 -0.176032 
849 -0.0261969 -0.00273008 
850 -0.0249778 0.169372 
851 -0.0236665 0.342474 
852 0.116683 -0.17653 
853 0.118147 -0.00386796 
854 0.119052 0.168167 
855 0.119969 0.341275 
856 0.2597 -0.17674 
857 0.260482 -0.00433993 
858 0.261508 0.16744 
859 0.262688 0.340072 
860 -0.309528 -0.157879 
861 -0.307348 0.00427094 
862 -0.306557 0.166493 
863 -0.305083 0.329158 
864 -0.173303 -0.158521 
865 -0.172494 0.00298037 
866 -0.171294 0.164902 
867 -0.16913 0.327157 
868 -0.03832 -0.159634 
869 -0.0366706 0.00213929 
870 -0.0357079 0.163725 
871 -0.0346216 0.32538 
872 0.0960942 -0.159812 
873 0.0969865 0.00136288 
874 0.0986622 0.162053 
875 0.0997841 0.32333 
876 0.230011 -0.161123 
877 0.230858 0.000597154 
878 0.232337 0.160888 
879 0.233875 0.322465 
880 -0.303867 -0.142491 
881 -0.302235 0.00978312 
882 -0.300347 0.161897 
883 -0.298922 0.314706 
884 -0.175792 -0.144254 
885 -0.174642 0.0086113 
886 -0.172851 0.160265 
887 -0.170921 0.313096 
888 -0.0492138 -0.145359 
889 -0.0477625 0.00690899 
890 -0.046127 0.158945 
891 -0.0436753 0.310293 
892 0.0769039 -0.145978 
893 0.0793879 0.00554569 
894 0.0806041 0.157053 
895 0.0827497 0.308563 
896 0.203395 -0.147395 
897 0.204388 0.00438578 
898 0.206731 0.155461 
899 0.208335 0.306461 
900 -0.299102 -0.130073 
901 -0.296966 0.0140242 
902 -0.295812 0.157999 
903 -0.292931 0.302221 
904 -0.179006 -0.130967 
905 -0.17703 0.011921 
906 -0.174337 0.155597 
907 -0.172439 0.299355 
908 -0.0583976 -0.132357 
909 -0.0566721 0.0103426 
910 -0.0544155 0.154059 
911 -0.0525886 0.29665 
912 0.060511 -0.13383 
913 0.0618418 0.00895155 
914 0.0645583 0.151561 
915 0.0663736 0.294513 
916 0.178897 -0.134566 
917 0.180677 0.00693766 
918 0.182409 0.149925 
919 0.184159 0.291536 
920 -0.295657 -0.119264 
921 -0.293616 0.0180347 
922 -0.291355 0.154099 
923 -0.289286 0.290427 
924 -0.181844 -0.119959 
925 -0.179122 0.0155808 
926 -0.17693 0.151867 
927 -0.175001 0.287904 
928 -0.0674492 -0.12156 
929 -0.0657192 0.0139406 
930 -0.0629457 0.149159 
931 -0.0607721 0.285229 
932 0.0444733 -0.122793 
933 0.04694 0.012187 
934 0.0497267 0.146749 
935 0.0515056 0.28174 
936 0.156703 -0.12464 
937 0.158584 0.00996029 
938 0.160769 0.144178 
939 0.163262 0.279684 
940 -0.293093 -0.108924 
941 -0.290146 0.0211766 
942 -0.287394 0.150905 
943 -0.285643 0.280535 
944 -0.184081 -0.110152 
945 -0.181284 0.0190402 
946 -0.178958 0.148043 
947 -0.176511 0.276887 
948 -0.076172 -0.111779 
949 -0.0737409 0.0165897 
950 -0.0713206 0.145416 
951 -0.0690142 0.273766 
952 0.0302467 -0.114034 
953 0.0336317 0.0147065 
954 0.0351155 0.143043 
955 0.0383792 0.270556 
956 0.137218 -0.115432 
957 0.139112 0.0125639 
958 0.141759 0.139716 
959 0.143874 0.267759 
960 -0.290781 -0.100417 
961 -0.287813 0.0238373 
962 -0.284959 0.146807 
963 -0.281965 0.270346 
964 -0.187458 -0.102117 
965 -0.18466 0.0215213 
966 -0.181478 0.143554 
967 -0.17859 0.266386 
968 -0.0841557 -0.103343 
969 -0.0819353 0.0187107 
970 -0.0790836 0.141129 
971 -0.075753 0.263606 
972 0.0178659 -0.105696 
973 0.0197051 0.0164739 
974 0.0228382 0.138174 
975 0.0252819 0.25971 
976 0.118421 -0.107419 
977 0.121412 0.0138643 
978 0.123913 0.135692 
979 0.1264 0.256727 
980 -0.288437 -0.0919043 
981 -0.285509 0.0253814 
982 -0.282648 0.143231 
983 -0.280099 0.261365 
984 -0.189941 -0.094524 
985 -0.186885 0.0229583 
986 -0.183651 0.139836 
987 -0.181027 0.25733 
988 -0.091843 -0.096525 
989 -0.0885742 0.0202092 
990 -0.0863123 0.137091 
991 -0.0835091 0.253569 
992 0.00552636 -0.0980282 
993 0.00832865 0.0184193 
994 0.0106744 0.134508 
995 0.0140583 0.25084 
996 0.101882 -0.0997083 
997 0.104647 0.0156115 
998 0.106791 0.131629 
999 0.110111 0.247311 
1000 -0.288041 -0.0857221 
1001 -0.284052 0.0273746 
1002 -0.281111 0.139669 
1003 -0.278004 0.252348 
1004 -0.193077 -0.0872392 
1005 -0.190012 0.0251872 
1006 -0.18645 0.136828 
1007 -0.184042 0.248747 
1008 -0.099404 -0.0898197 
1009 -0.0963199 0.0221459 
1010 -0.0932017 0.133898 
1011 -0.0903863 0.244848 
1012 -0.00612018 -0.0913027 
1013 -0.00356267 0.0192364 
1014 -0.000130863 0.13086 
1015 0.00301563 0.24083 
1016 0.0863372 -0.0941543 
1017 0.088816 0.016552 
1018 0.0916418 0.127727 
1019 0.094278 0.237362 
1020 -0.287052 -0.0795216 
1021 -0.283598 0.0288384 
1022 -0.279777 0.137058 
1023 -0.276863 0.244649 
1024 -0.195815 -0.0812988 
1025 -0.19269 0.0263031 
1026 -0.188931 0.133395 
1027 -0.18588 0.240272 
1028 -0.105688 -0.0837215 
1029 -0.10297 0.0228642 
1030 -0.0999048 0.129585 
1031 -0.0964025 0.236239 
1032 -0.0171387 -0.0854771 
1033 -0.013971 0.0201022 
1034 -0.0109117 0.126367 
1035 -0.00784883 0.232778 
1036 0.070748 -0.0878772 
1037 0.07439 0.0180626 
1038 0.0770199 0.123354 
1039 0.0805968 0.228718 
1040 -0.286352 -0.0743093 
1041 -0.282573 0.0295888 
1042 -0.279504 0.133361 
1043 -0.275295 0.237041 
1044 -0.199068 -0.0762422 
1045 -0.195124 0.0269864 
1046 -0.192274 0.130223 
1047 -0.188225 0.232284 
1048 -0.112265 -0.0780867 
1049 -0.108829 0.0238044 
1050 -0.105337 0.12674 
1051 -0.102189 0.228267 
1052 -0.0266421 -0.0806678 
1053 -0.0234049 0.0216022 
1054 -0.0206123 0.122863 
1055 -0.0167611 0.224821 
1056 0.056984 -0.0828608 
1057 0.0604747 0.0183386 
1058 0.0637862 0.120092 
1059 0.0672201 0.221289 
1060 -0.285738 -0.0688035 
1061 -0.282415 0.031051 
1062 -0.27912 0.130222 
1063 -0.275407 0.2295 
1064 -0.201969 -0.071962 
1065 -0.19855 0.0274655 
1066 -0.194424 0.126733 
1067 -0.191707 0.224865 
1068 -0.11892 -0.0736158 
1069 -0.115512 0.0243866 
1070 -0.111855 0.122585 
1071 -0.108314 0.220679 
1072 -0.0368131 -0.0761972 
1073 -0.0335397 0.0216767 
1074 -0.0294975 0.119003 
1075 -0.0261852 0.217192 
1076 0.0444703 -0.0783938 
1077 0.047485 0.0186437 
1078 0.051338 0.115892 
1079 0.0544812 0.21313 
1080 -0.286148 -0.0648335 
1081 -0.282189 0.0307868 
1082 -0.277913 0.126349 
1083 -0.274637 0.222129 
1084 -0.205055 -0.0675199 
1085 -0.201297 0.0276311 
1086 -0.197683 0.123068 
1087 -0.194287 0.217973 
1088 -0.125094 -0.0703037 
1089 -0.121655 0.024656 
1090 -0.118249 0.119116 
1091 -0.114304 0.213548 
1092 -0.046131 -0.072649 
1093 -0.0424492 0.0218651 
1094 -0.03841 0.11599 
1095 -0.0358001 0.210099 
1096 0.032482 -0.0745587 
1097 0.035858 0.0190289 
1098 0.0387558 0.112769 
1099 0.0423431 0.205754 
1100 -0.28589 -0.0613332 
1101 -0.282174 0.0310503 
1102 -0.278028 0.123958 
1103 -0.274215 0.215828 
1104 -0.208068 -0.0634456 
1105 -0.204112 0.0277982 
1106 -0.200193 0.119442 
1107 -0.197222 0.211175 
1108 -0.130984 -0.0661712 
1109 -0.127088 0.0251535 
1110 -0.123178 0.115644 
1111 -0.119429 0.207306 
1112 -0.054905 -0.069512 
1113 -0.0512011 0.0214789 
1114 -0.0471671 0.112165 
1115 -0.0435567 0.20293 
1116 0.0205308 -0.0719195 
1117 0.0240532 0.0188028 
1118 0.028063 0.10904 
1119 0.0308366 0.198905 
1120 -0.286284 -0.0579461 
1121 -0.282496 0.0315242 
1122 -0.2789 0.120441 
1123 -0.274678 0.2091 
1124 -0.210815 -0.0604722 
1125 -0.207341 0.0282212 
1126 -0.203876 0.116662 
1127 -0.199554 0.204793 
1128 -0.136776 -0.0636783 
1129 -0.133178 0.0247867 
1130 -0.129331 0.113155 
1131 -0.124957 0.200811 
1132 -0.0626876 -0.0657381 
1133 -0.0592238 0.0215686 
1134 -0.0557935 0.108625 
1135 -0.0521741 0.19642 
1136 0.00964778 -0.068431 
1137 0.0130521 0.018203 
1138 0.0165159 0.105189 
1139 0.0210221 0.191549 
1140 -0.287567 -0.0559176 
1141 -0.283714 0.0314071 
1142 -0.279066 0.11657 
1143 -0.274825 0.202801 
1144 -0.214229 -0.0580724 
1145 -0.209971 0.0272484 
1146 -0.20621 0.112662 
1147 -0.202887 0.198176 
1148 -0.142338 -0.0612612 
1149 -0.13849 0.0244433 
1150 -0.134199 0.109788 
1151 -0.130496 0.194608 
1152 -0.0710914 -0.0639812 
1153 -0.0671106 0.0206969 
1154 -0.0634318 0.105056 
1155 -0.0593674 0.190267 
1156 -0.000564275 -0.0662865 
1157 0.0030524 0.0177069 
1158 0.00701007 0.10229 
1159 0.00989814 0.18577 
1160 -0.287928 -0.0533334 
1161 -0.28417 0.0303248 
1162 -0.28011 0.113941 
1163 -0.275447 0.196894 
1164 -0.217472 -0.0561905 
1165 -0.2134 0.026974 
1166 -0.209348 0.109853 
1167 -0.205167 0.192783 
1168 -0.147189 -0.0591437 
1169 -0.143351 0.0232607 
1170 -0.139565 0.10641 
1171 -0.135947 0.188218 
1172 -0.0781209 -0.0615977 
1173 -0.0743986 0.0200786 
1174 -0.0709154 0.102579 
1175 -0.0670791 0.184118 
1176 -0.0103389 -0.0645059 
1177 -0.00638799 0.017095 
1178 -0.00350626 0.097988 
1179 0.00061188 0.179743 
1180 -0.28899 -0.0508886 
1181 -0.285384 0.0301719 
1182 -0.281199 0.11006 
1183 -0.276694 0.190738 
1184 -0.220182 -0.0537693 
1185 -0.216591 0.0266174 
1186 -0.212803 0.106363 
1187 -0.208283 0.186096 
1188 -0.153089 -0.0571072 
1189 -0.148781 0.0234177 
1190 -0.1445 0.102102 
1191 -0.140717 0.182254 
1192 -0.0855814 -0.0596664 
1193 -0.0825316 0.01966 
1194 -0.0786553 0.0983459 
1195 -0.074857 0.177326 
1196 -0.0204235 -0.0624549 
1197 -0.0161182 0.0166896 
1198 -0.0130049 0.0945917 
1199 -0.00893885 0.173412 
