8020 -0.333343 -0.216404 
8021 -0.333203 -0.0167134 
8022 -0.333211 0.183183 
8023 -0.332892 0.383597 
8024 -0.166501 -0.216187 
8025 -0.16712 -0.0163467 
8026 -0.16631 0.183122 
8027 -0.166252 0.383621 
8028 -0.000277301 -0.216622 
8029 -0.000387645 -0.0168066 
8030 3.77067e-05 0.183337 
8031 0.000280672 0.383407 
8032 0.166905 -0.216913 
8033 0.166616 -0.0168123 
8034 0.166791 0.183779 
8035 0.16671 0.383736 
8036 0.333758 -0.216787 
8037 0.33341 -0.0162238 
8038 0.332928 0.183704 
8039 0.333069 0.383658 
8040 -0.297684 -0.189324 
8041 -0.297563 -0.00584001 
8042 -0.297189 0.176916 
8043 -0.296779 0.360121 
8044 -0.14482 -0.18895 
8045 -0.144393 -0.00612498 
8046 -0.144531 0.176212 
8047 -0.144126 0.359234 
8048 0.00678695 -0.189679 
8049 0.00763183 -0.00628534 
8050 0.00750994 0.175962 
8051 0.00846541 0.358774 
8052 0.159288 -0.18921 
8053 0.159152 -0.0066061 
8054 0.159431 0.175684 
8055 0.160017 0.35872 
8056 0.310499 -0.188965 
8057 0.311437 -0.0071378 
8058 0.311764 0.17546 
8059 0.312148 0.357696 
8060 -0.267627 -0.16603 
8061 -0.267144 0.00213241 
8062 -0.267219 0.171386 
8063 -0.266066 0.340489 
8064 -0.127397 -0.165559 
8065 -0.12637 0.00178327 
8066 -0.125768 0.170976 
8067 -0.125671 0.33922 
8068 0.0129386 -0.166621 
8069 0.0131636 0.00156465 
8070 0.0142921 0.169504 
8071 0.014927 0.338353 
8072 0.152348 -0.166593 
8073 0.153331 0.00133202 
8074 0.154181 0.169259 
8075 0.154649 0.337323 
8076 0.292085 -0.166823 
8077 0.292381 0.000417405 
8078 0.293634 0.16832 
8079 0.293714 0.335767 
8080 -0.242342 -0.146048 
8081 -0.242527 0.00990358 
8082 -0.241141 0.166574 
8083 -0.24127 0.323184 
8084 -0.112339 -0.146588 
8085 -0.112239 0.008849 
8086 -0.110606 0.165474 
8087 -0.109832 0.32134 
8088 0.0173104 -0.146875 
8089 0.0184195 0.00811624 
8090 0.018739 0.163913 
8091 0.0198265 0.319948 
8092 0.14618 -0.147256 
8093 0.147601 0.00793116 
8094 0.1486 0.163511 
8095 0.149826 0.318746 
8096 0.274796 -0.147528 
8097 0.276556 0.00707569 
8098 0.276937 0.162185 
8099 0.278145 0.317829 
8100 -0.221851 -0.128915 
8101 -0.220525 0.0167123 
8102 -0.22014 0.161733 
8103 -0.218987 0.30773 
8104 -0.100443 -0.130041 
8105 -0.0986812 0.0154192 
8106 -0.0979011 0.16101 
8107 -0.0971566 0.306278 
8108 0.0204945 -0.130686 
8109 0.0222581 0.0147834 
8110 0.0234194 0.159698 
8111 0.023567 0.3048 
8112 0.140642 -0.130546 
8113 0.141761 0.0139117 
8114 0.143476 0.158618 
8115 0.144397 0.3028 
8116 0.261004 -0.131714 
8117 0.26231 0.0123551 
8118 0.263669 0.157007 
8119 0.264182 0.301244 
8120 -0.202923 -0.115011 
8121 -0.201883 0.0210751 
8122 -0.200959 0.157628 
8123 -0.200071 0.295546 
8124 -0.0896722 -0.114954 
8125 -0.088002 0.020131 
8126 -0.0875995 0.156293 
8127 -0.0863896 0.293455 
8128 0.0230958 -0.115825 
8129 0.0251217 0.0195338 
8130 0.0259414 0.154858 
8131 0.0276752 0.290875 
8132 0.135374 -0.117244 
8133 0.137455 0.0185199 
8134 0.13896 0.153942 
8135 0.140263 0.288843 
8136 0.247185 -0.117714 
8137 0.249266 0.017493 
8138 0.250834 0.152541 
8139 0.252474 0.287272 
8140 -0.187467 -0.101578 
8141 -0.186538 0.0256198 
8142 -0.185377 0.154563 
8143 -0.183623 0.283301 
8144 -0.0810466 -0.103243 
8145 -0.07985 0.0248667 
8146 -0.0776115 0.153304 
8147 -0.0764678 0.281271 
8148 0.0256944 -0.103422 
8149 0.0271036 0.0234648 
8150 0.0288975 0.150905 
8151 0.029667 0.278667 
8152 0.1312 -0.104355 
8153 0.132929 0.0224044 
8154 0.134271 0.149741 
8155 0.136179 0.276646 
8156 0.236246 -0.1058 
8157 0.237215 0.0212789 
8158 0.239034 0.147857 
8159 0.241403 0.275018 
8160 -0.173915 -0.0909545 
8161 -0.17236 0.030161 
8162 -0.171265 0.151262 
8163 -0.169273 0.273275 
8164 -0.0727796 -0.0922153 
8165 -0.0716987 0.0287569 
8166 -0.0700725 0.149377 
8167 -0.06809 0.270369 
8168 0.0271749 -0.0924838 
8169 0.0291519 0.0272788 
8170 0.0306354 0.147775 
8171 0.0323783 0.268607 
8172 0.12683 -0.0941807 
8173 0.128705 0.0259857 
8174 0.130368 0.145321 
8175 0.131807 0.265555 
8176 0.225573 -0.0949243 
8177 0.226886 0.024077 
8178 0.22938 0.143357 
8179 0.231316 0.263732 
8180 -0.162312 -0.0813042 
8181 -0.161019 0.0329063 
8182 -0.158819 0.148156 
8183 -0.157754 0.263592 
8184 -0.06644 -0.0828837 
8185 -0.0649718 0.0318251 
8186 -0.0627886 0.145536 
8187 -0.0613823 0.260459 
8188 0.0283468 -0.0834554 
8189 0.0303307 0.0297385 
8190 0.0324403 0.14351 
8191 0.034349 0.258452 
8192 0.122402 -0.0847677 
8193 0.123839 0.0284292 
8194 0.126101 0.142044 
8195 0.128154 0.255418 
8196 0.214992 -0.0856236 
8197 0.21805 0.0270669 
8198 0.219502 0.139702 
8199 0.221871 0.253099 
8200 -0.151597 -0.0722026 
8201 -0.150367 0.0361593 
8202 -0.148427 0.14478 
8203 -0.145916 0.254258 
8204 -0.0615558 -0.0739998 
8205 -0.0588743 0.0338855 
8206 -0.0568632 0.142446 
8207 -0.0552543 0.25169 
8208 0.0284816 -0.0752075 
8209 0.0305736 0.0320421 
8210 0.0332719 0.140355 
8211 0.0347109 0.249526 
8212 0.117602 -0.0766086 
8213 0.119831 0.0302761 
8214 0.122307 0.138139 
8215 0.124927 0.24655 
8216 0.206313 -0.0776697 
8217 0.208852 0.0291076 
8218 0.210971 0.136432 
8219 0.213674 0.243995 
8220 -0.14255 -0.0650878 
8221 -0.140363 0.0380942 
8222 -0.138572 0.142352 
8223 -0.136972 0.246655 
8224 -0.0561125 -0.0662082 
8225 -0.0543414 0.0363121 
8226 -0.0520136 0.13948 
8227 -0.0496662 0.243313 
8228 0.029528 -0.0684186 
8229 0.0311716 0.0345395 
8230 0.0340729 0.137697 
8231 0.0360202 0.240164 
8232 0.11432 -0.0697243 
8233 0.116626 0.032476 
8234 0.118913 0.134514 
8235 0.120893 0.237458 
8236 0.198112 -0.0705356 
8237 0.200599 0.0311062 
8238 0.203647 0.132641 
8239 0.20555 0.235303 
8240 -0.134526 -0.0583555 
8241 -0.132252 0.0399748 
8242 -0.130723 0.139188 
8243 -0.127823 0.238787 
8244 -0.0519536 -0.0599076 
8245 -0.0501576 0.0380283 
8246 -0.0476275 0.136514 
8247 -0.0455656 0.236143 
8248 0.0292998 -0.0615577 
8249 0.0322616 0.0365562 
8250 0.0338775 0.134555 
8251 0.0365951 0.233127 
8252 0.110036 -0.0629434 
8253 0.112901 0.0339258 
8254 0.11515 0.131289 
8255 0.117842 0.229347 
8256 0.190815 -0.0651543 
8257 0.192976 0.0323081 
8258 0.19529 0.129176 
8259 0.198232 0.226782 
8260 -0.12728 -0.0528213 
8261 -0.125363 0.0420684 
8262 -0.123036 0.13634 
8263 -0.120274 0.231992 
8264 -0.048765 -0.0545769 
8265 -0.0460328 0.0392221 
8266 -0.0433822 0.134245 
8267 -0.0417338 0.228147 
8268 0.0293168 -0.0565222 
8269 0.0314296 0.0373307 
8270 0.0347932 0.131194 
8271 0.0371296 0.224936 
8272 0.106564 -0.057537 
8273 0.109168 0.0349443 
8274 0.111736 0.129023 
8275 0.114661 0.222247 
8276 0.182833 -0.0592675 
8277 0.185912 0.0329368 
8278 0.18899 0.125627 
8279 0.19094 0.219528 
8280 -0.121238 -0.0479259 
8281 -0.119117 0.0431177 
8282 -0.116318 0.133593 
8283 -0.114212 0.2249 
8284 -0.0459424 -0.0498276 
8285 -0.0431697 0.0405113 
8286 -0.0402231 0.131509 
8287 -0.0378924 0.221982 
8288 0.0287085 -0.0515277 
8289 0.0314968 0.0385804 
8290 0.0339858 0.128503 
8291 0.0372538 0.218274 
8292 0.102647 -0.0529756 
8293 0.105873 0.0356703 
8294 0.108709 0.125177 
8295 0.111616 0.215673 
8296 0.176073 -0.0548996 
8297 0.178671 0.0334873 
8298 0.182316 0.122644 
8299 0.185303 0.212373 
8300 -0.115386 -0.043291 
8301 -0.113221 0.0437507 
8302 -0.110261 0.130962 
8303 -0.107773 0.218206 
8304 -0.0430191 -0.0450827 
8305 -0.0399231 0.0415421 
8306 -0.0375307 0.128113 
8307 -0.0352329 0.215701 
8308 0.0287958 -0.0467594 
8309 0.0311735 0.0388082 
8310 0.0337204 0.125612 
8311 0.0365766 0.211663 
8312 0.0992116 -0.0485558 
8313 0.10277 0.0367986 
8314 0.105547 0.122624 
8315 0.107812 0.208807 
8316 0.16996 -0.0505614 
8317 0.172821 0.0341851 
8318 0.175176 0.119288 
8319 0.178385 0.204947 
8320 -0.110297 -0.0394284 
8321 -0.107876 0.0442608 
8322 -0.104623 0.128221 
8323 -0.102588 0.212643 
8324 -0.0407307 -0.0414117 
8325 -0.0376745 0.0424816 
8326 -0.0356351 0.125309 
8327 -0.0325293 0.209415 
8328 0.0282889 -0.0431675 
8329 0.0306654 0.0392545 
8330 0.0335823 0.12262 
8331 0.0368975 0.205959 
8332 0.0955806 -0.045571 
8333 0.0985805 0.0366267 
8334 0.101913 0.119481 
8335 0.104937 0.202189 
8336 0.16321 -0.0473096 
8337 0.166939 0.0347415 
8338 0.16997 0.116808 
8339 0.172658 0.198436 
8340 -0.10574 -0.0355544 
8341 -0.10279 0.0448346 
8342 -0.100766 0.125894 
8343 -0.0970689 0.206208 
8344 -0.0392538 -0.0375747 
8345 -0.0363836 0.0426373 
8346 -0.0337125 0.12222 
8347 -0.0305912 0.202716 
8348 0.0271039 -0.0399509 
8349 0.0297071 0.0400949 
8350 0.0336005 0.119274 
8351 0.0366163 0.199641 
8352 0.0930364 -0.0421756 
8353 0.095986 0.0369356 
8354 0.098969 0.116477 
8355 0.101615 0.196273 
8356 0.157918 -0.0442645 
8357 0.160857 0.0347183 
8358 0.163882 0.113488 
8359 0.167586 0.193204 
8360 -0.102267 -0.0319901 
8361 -0.0992505 0.0448247 
8362 -0.0960127 0.12328 
8363 -0.0933478 0.201405 
8364 -0.0381427 -0.0344462 
8365 -0.0341053 0.0424713 
8366 -0.0319961 0.120099 
8367 -0.0288387 0.19698 
8368 0.0258403 -0.0369083 
8369 0.0290664 0.0395934 
8370 0.0329852 0.116774 
8371 0.035249 0.193735 
8372 0.0897603 -0.0392141 
8373 0.0930257 0.0373045 
8374 0.096168 0.113142 
8375 0.0986894 0.190643 
8376 0.151484 -0.0417909 
8377 0.155307 0.0345622 
8378 0.157937 0.11026 
8379 0.161238 0.186684 
8380 -0.0984453 -0.029567 
8381 -0.0957128 0.0448644 
8382 -0.0931056 0.119883 
8383 -0.0896003 0.19588 
8384 -0.0363299 -0.0318744 
8385 -0.033215 0.0422029 
8386 -0.0304096 0.116478 
8387 -0.0271012 0.191536 
8388 0.0249028 -0.0349465 
8389 0.0288888 0.0392792 
8390 0.0318786 0.114052 
8391 0.0353269 0.188297 
8392 0.0859279 -0.0365291 
8393 0.0891533 0.0367878 
8394 0.0930124 0.110445 
8395 0.0958657 0.185116 
8396 0.146745 -0.0394235 
8397 0.1498 0.0343018 
8398 0.152637 0.107268 
8399 0.156774 0.181493 
8400 -0.0961863 -0.027497 
8401 -0.0923279 0.0443725 
8402 -0.0893761 0.117252 
8403 -0.0860751 0.190156 
8404 -0.0354619 -0.0301823 
8405 -0.0320291 0.0417125 
8406 -0.029251 0.114521 
8407 -0.0261561 0.186103 
8408 0.0242866 -0.0326527 
8409 0.0269726 0.0387593 
8410 0.0311033 0.110506 
8411 0.0343182 0.183309 
8412 0.08245 -0.0348349 
8413 0.085844 0.0357649 
8414 0.0901117 0.107503 
8415 0.0927976 0.178986 
8416 0.141527 -0.0376765 
8417 0.145006 0.0330819 
8418 0.147902 0.104701 
8419 0.151192 0.175602 
