8040 -0.3338 -0.217165 
8041 -0.332882 -0.0165668 
8042 -0.333574 0.182877 
8043 -0.333303 0.383379 
8044 -0.166796 -0.216761 
8045 -0.166809 -0.0171533 
8046 -0.166222 0.18298 
8047 -0.16677 0.383014 
8048 9.58728e-05 -0.216571 
8049 0.00011851 -0.0165019 
8050 -0.000228379 0.183012 
8051 -0.000210305 0.383534 
8052 0.166998 -0.217101 
8053 0.166239 -0.016205 
8054 0.166354 0.183194 
8055 0.166907 0.383252 
8056 0.333481 -0.21703 
8057 0.333822 -0.0166447 
8058 0.333614 0.183617 
8059 0.333447 0.383482 
8060 -0.297281 -0.189126 
8061 -0.296952 -0.00664097 
8062 -0.297252 0.1762 
8063 -0.296523 0.359478 
8064 -0.145404 -0.189518 
8065 -0.144565 -0.00699863 
8066 -0.144641 0.175918 
8067 -0.144724 0.359337 
8068 0.00710343 -0.189268 
8069 0.00711117 -0.00692029 
8070 0.00774422 0.175263 
8071 0.00795767 0.358073 
8072 0.158735 -0.189952 
8073 0.159299 -0.00680164 
8074 0.159474 0.175734 
8075 0.160004 0.357766 
8076 0.310924 -0.190152 
8077 0.311294 -0.00747691 
8078 0.311521 0.175121 
8079 0.311883 0.357887 
8080 -0.267604 -0.166584 
8081 -0.266984 0.00232545 
8082 -0.266483 0.170306 
8083 -0.266376 0.33966 
8084 -0.127102 -0.166876 
8085 -0.127008 0.00107095 
8086 -0.12573 0.169807 
8087 -0.126017 0.338338 
8088 0.0132755 -0.166929 
8089 0.0136424 0.00126563 
8090 0.0144043 0.168835 
8091 0.014366 0.337516 
8092 0.152035 -0.167567 
8093 0.153002 0.000857033 
8094 0.154101 0.168884 
8095 0.154842 0.336844 
8096 0.292098 -0.167482 
8097 0.292628 0.000336779 
8098 0.293872 0.16815 
8099 0.294674 0.33534 
8100 -0.242537 -0.147108 
8101 -0.242626 0.00882423 
8102 -0.241215 0.165162 
8103 -0.240555 0.321893 
8104 -0.112826 -0.146868 
8105 -0.11208 0.00834133 
8106 -0.110497 0.16449 
8107 -0.110493 0.320893 
8108 0.016775 -0.147765 
8109 0.017741 0.0079025 
8110 0.0187105 0.163402 
8111 0.0195397 0.31945 
8112 0.146008 -0.147787 
8113 0.14767 0.00685434 
8114 0.148704 0.1624 
8115 0.149447 0.318152 
8116 0.275583 -0.148601 
8117 0.276204 0.00643389 
8118 0.277387 0.161441 
8119 0.279146 0.317036 
8120 -0.221424 -0.130184 
8121 -0.22113 0.0149679 
8122 -0.219525 0.161076 
8123 -0.218971 0.307108 
8124 -0.10013 -0.130839 
8125 -0.0992418 0.014023 
8126 -0.0979524 0.160023 
8127 -0.096781 0.305951 
8128 0.0208561 -0.131087 
8129 0.0221427 0.0137481 
8130 0.0228502 0.158398 
8131 0.0239953 0.303836 
8132 0.141369 -0.131705 
8133 0.142562 0.011919 
8134 0.143717 0.157321 
8135 0.1452 0.302415 
8136 0.260204 -0.132937 
8137 0.261717 0.0113543 
8138 0.263234 0.156039 
8139 0.264905 0.300627 
8140 -0.203864 -0.115976 
8141 -0.202032 0.0202338 
8142 -0.201079 0.156548 
8143 -0.199921 0.293477 
8144 -0.090028 -0.116854 
8145 -0.0880984 0.019525 
8146 -0.0872584 0.154989 
8147 -0.0855398 0.291935 
8148 0.0236832 -0.11779 
8149 0.0243648 0.0184617 
8150 0.0258361 0.154013 
8151 0.0276878 0.289854 
8152 0.135407 -0.118159 
8153 0.137755 0.0171494 
8154 0.138548 0.152045 
8155 0.140891 0.288317 
8156 0.247727 -0.119386 
8157 0.24923 0.0153719 
8158 0.251081 0.151031 
8159 0.252694 0.286117 
8160 -0.187723 -0.103407 
8161 -0.186364 0.0250068 
8162 -0.18512 0.152969 
8163 -0.184199 0.28239 
8164 -0.0808438 -0.104091 
8165 -0.0790385 0.0233935 
8166 -0.0782493 0.151248 
8167 -0.0761233 0.27947 
8168 0.025505 -0.105525 
8169 0.0269292 0.022378 
8170 0.029029 0.149283 
8171 0.0304079 0.277845 
8172 0.131336 -0.106546 
8173 0.132729 0.0205502 
8174 0.134115 0.147912 
8175 0.136125 0.275723 
8176 0.235868 -0.106886 
8177 0.23777 0.0193811 
8178 0.239871 0.145968 
8179 0.241975 0.273217 
8180 -0.174336 -0.0931155 
8181 -0.172998 0.0281938 
8182 -0.171159 0.149927 
8183 -0.169617 0.27163 
8184 -0.0733053 -0.093582 
8185 -0.0718771 0.0263636 
8186 -0.0696336 0.147207 
8187 -0.0679152 0.269258 
8188 0.0272334 -0.0948713 
8189 0.0292149 0.0252451 
8190 0.0306804 0.145822 
8191 0.0325412 0.266567 
8192 0.12672 -0.0957829 
8193 0.128114 0.02356 
8194 0.130199 0.143452 
8195 0.131991 0.26447 
8196 0.224981 -0.097106 
8197 0.227322 0.0217317 
8198 0.229943 0.141839 
8199 0.23167 0.261742 
8200 -0.161917 -0.0833879 
8201 -0.16081 0.0316816 
8202 -0.159165 0.146693 
8203 -0.156911 0.260968 
8204 -0.0670509 -0.0841126 
8205 -0.0650867 0.0295233 
8206 -0.0634766 0.144105 
8207 -0.0612596 0.259101 
8208 0.0277506 -0.0859949 
8209 0.0303823 0.0282983 
8210 0.0323035 0.142173 
8211 0.0339436 0.256101 
8212 0.122533 -0.0866549 
8213 0.123952 0.0264742 
8214 0.126763 0.139787 
8215 0.129035 0.253184 
8216 0.215315 -0.0880542 
8217 0.217978 0.024902 
8218 0.219798 0.137364 
8219 0.221887 0.250979 
8220 -0.15163 -0.0753235 
8221 -0.150269 0.0336827 
8222 -0.147979 0.14252 
8223 -0.145982 0.252203 
8224 -0.0607981 -0.07648 
8225 -0.0594314 0.0317742 
8226 -0.0567182 0.140211 
8227 -0.0547035 0.249453 
8228 0.0291879 -0.0774166 
8229 0.0312149 0.0303675 
8230 0.033576 0.138667 
8231 0.0355326 0.24659 
8232 0.117992 -0.0794584 
8233 0.120752 0.0279492 
8234 0.122329 0.13582 
8235 0.12474 0.244242 
8236 0.206723 -0.0800283 
8237 0.208965 0.0260959 
8238 0.211733 0.13413 
8239 0.213912 0.241069 
8240 -0.142385 -0.0675794 
8241 -0.140341 0.0363649 
8242 -0.138893 0.139786 
8243 -0.136151 0.244103 
8244 -0.0565453 -0.0691033 
8245 -0.0537398 0.0342431 
8246 -0.0517636 0.137072 
8247 -0.0492918 0.240735 
8248 0.0293292 -0.0708057 
8249 0.031398 0.0323928 
8250 0.0338755 0.13536 
8251 0.0366872 0.238541 
8252 0.114606 -0.0722209 
8253 0.116481 0.0296502 
8254 0.119232 0.132782 
8255 0.121717 0.235588 
8256 0.198608 -0.0740519 
8257 0.200688 0.028516 
8258 0.203762 0.129931 
8259 0.206378 0.23214 
8260 -0.13491 -0.0615242 
8261 -0.132909 0.0377242 
8262 -0.129816 0.137107 
8263 -0.128212 0.236671 
8264 -0.0527574 -0.0625357 
8265 -0.0496202 0.0351288 
8266 -0.0474141 0.133948 
8267 -0.0451526 0.233194 
8268 0.029731 -0.0647404 
8269 0.0321322 0.033356 
8270 0.0343078 0.131885 
8271 0.0366775 0.230677 
8272 0.110155 -0.0657042 
8273 0.112586 0.0316404 
8274 0.115203 0.128673 
8275 0.118063 0.227614 
8276 0.19086 -0.0675298 
8277 0.192679 0.0290001 
8278 0.195404 0.126659 
8279 0.198278 0.224511 
8280 -0.127922 -0.0551487 
8281 -0.125034 0.0391537 
8282 -0.122739 0.134063 
8283 -0.119859 0.228731 
8284 -0.049011 -0.0568516 
8285 -0.0464918 0.0371626 
8286 -0.0440175 0.130939 
8287 -0.0408046 0.22564 
8288 0.0297773 -0.0585668 
8289 0.0322247 0.0346426 
8290 0.0345987 0.128454 
8291 0.0368933 0.22296 
8292 0.106552 -0.06034 
8293 0.108853 0.0325513 
8294 0.111964 0.125668 
8295 0.114625 0.219506 
8296 0.183074 -0.0627274 
8297 0.186066 0.0300546 
8298 0.188728 0.123579 
8299 0.191401 0.216683 
8300 -0.121686 -0.0503378 
8301 -0.118249 0.0401539 
8302 -0.11637 0.130686 
8303 -0.11384 0.222316 
8304 -0.0459894 -0.0520144 
8305 -0.043159 0.0376366 
8306 -0.0408619 0.12838 
8307 -0.0380071 0.218891 
8308 0.0288446 -0.0538494 
8309 0.0319766 0.03527 
8310 0.0342841 0.125213 
8311 0.0368947 0.215144 
8312 0.102633 -0.0561233 
8313 0.106219 0.0330497 
8314 0.109071 0.122045 
8315 0.111285 0.212161 
8316 0.176705 -0.0584162 
8317 0.178878 0.0311395 
8318 0.182041 0.119373 
8319 0.185463 0.209027 
8320 -0.11602 -0.0457703 
8321 -0.11312 0.0413149 
8322 -0.110034 0.127915 
8323 -0.107242 0.215266 
8324 -0.0433583 -0.0477629 
8325 -0.0400424 0.0383669 
8326 -0.0379751 0.125347 
8327 -0.0351427 0.212493 
8328 0.0286878 -0.0498451 
8329 0.0317622 0.0359841 
8330 0.0342823 0.12192 
8331 0.0373997 0.208684 
8332 0.0989843 -0.0521414 
8333 0.10214 0.0334807 
8334 0.105372 0.119661 
8335 0.108029 0.205689 
8336 0.169277 -0.0536376 
8337 0.172298 0.0315054 
8338 0.175994 0.116873 
8339 0.178934 0.201633 
8340 -0.110228 -0.0424813 
8341 -0.107617 0.0409973 
8342 -0.105147 0.125409 
8343 -0.101789 0.209145 
8344 -0.041031 -0.0446974 
8345 -0.0378106 0.0389787 
8346 -0.0353763 0.122533 
8347 -0.0327519 0.205974 
8348 0.0274956 -0.0461575 
8349 0.0308875 0.0366014 
8350 0.0340013 0.118757 
8351 0.0368264 0.202257 
8352 0.096276 -0.0489634 
8353 0.0991646 0.033387 
8354 0.102105 0.11602 
8355 0.105241 0.198893 
8356 0.163516 -0.0508965 
8357 0.166417 0.0309322 
8358 0.169426 0.112861 
8359 0.173058 0.195557 
8360 -0.10659 -0.0389463 
8361 -0.102852 0.0417831 
8362 -0.0999534 0.122522 
8363 -0.0971411 0.203267 
8364 -0.0391499 -0.0407942 
8365 -0.0357732 0.0387796 
8366 -0.0331662 0.11878 
8367 -0.0303157 0.199879 
8368 0.0274025 -0.0431227 
8369 0.0297614 0.0360863 
8370 0.03348 0.116318 
8371 0.0366598 0.19602 
8372 0.0924822 -0.0452045 
8373 0.0959959 0.0339037 
8374 0.0989906 0.112581 
8375 0.102595 0.192311 
8376 0.157359 -0.0474344 
8377 0.160772 0.0311613 
8378 0.164496 0.109892 
8379 0.167664 0.189654 
8380 -0.102489 -0.035908 
8381 -0.0988903 0.0412674 
8382 -0.0962457 0.119137 
8383 -0.0933417 0.197913 
8384 -0.0373621 -0.0381514 
8385 -0.0344321 0.038483 
8386 -0.031213 0.115865 
8387 -0.0278771 0.193836 
8388 0.0259648 -0.040716 
8389 0.028988 0.0361012 
8390 0.0327439 0.113162 
8391 0.0353525 0.189755 
8392 0.0892614 -0.043174 
8393 0.0927661 0.0333681 
8394 0.0954735 0.109705 
8395 0.0992885 0.186935 
8396 0.152067 -0.0453063 
8397 0.155639 0.0304931 
8398 0.15904 0.106525 
8399 0.16225 0.182958 
8400 -0.0993977 -0.0336731 
8401 -0.0960549 0.0415464 
8402 -0.0921656 0.116078 
8403 -0.0892682 0.19215 
8404 -0.0367098 -0.0358625 
8405 -0.0335872 0.038301 
8406 -0.0300594 0.113295 
8407 -0.0270674 0.188687 
8408 0.0255575 -0.0384931 
8409 0.0282927 0.0355527 
8410 0.0321994 0.109584 
8411 0.0350822 0.184577 
8412 0.0863885 -0.0408127 
8413 0.0893598 0.0323355 
8414 0.0925817 0.106571 
8415 0.0962853 0.180459 
8416 0.146758 -0.0428071 
8417 0.149749 0.0303197 
8418 0.153119 0.103228 
8419 0.156578 0.17714 
8420 -0.0962942 -0.0319604 
8421 -0.0930234 0.0408465 
8422 -0.0890242 0.113693 
8423 -0.0857831 0.186933 
8424 -0.0357594 -0.033705 
8425 -0.0322098 0.0380404 
8426 -0.0284891 0.109847 
8427 -0.0252547 0.183191 
8428 0.0241491 -0.0365263 
8429 0.0276935 0.0354158 
8430 0.0312404 0.106788 
8431 0.0347084 0.178535 
8432 0.082735 -0.0394444 
8433 0.0860435 0.0318915 
8434 0.0901999 0.103483 
8435 0.092974 0.174786 
8436 0.141012 -0.041682 
8437 0.144788 0.0289661 
8438 0.148211 0.100133 
8439 0.151429 0.17179 
