8100 -0.333126 -0.216286 
8101 -0.333154 -0.0166318 
8102 -0.333749 0.183548 
8103 -0.33337 0.383761 
8104 -0.166498 -0.216572 
8105 -0.166307 -0.017078 
8106 -0.166847 0.182967 
8107 -0.166519 0.38333 
8108 0.000272654 -0.216495 
8109 -0.000385263 -0.0168173 
8110 -0.000145881 0.182864 
8111 0.000218561 0.383553 
8112 0.16622 -0.216207 
8113 0.16657 -0.0161733 
8114 0.167135 0.183568 
8115 0.166581 0.383388 
8116 0.333572 -0.216877 
8117 0.333627 -0.0165027 
8118 0.33339 0.183519 
8119 0.333592 0.383161 
8120 -0.298174 -0.18999 
8121 -0.296924 -0.00742305 
8122 -0.297324 0.175848 
8123 -0.296734 0.359115 
8124 -0.145253 -0.190902 
8125 -0.145226 -0.00777266 
8126 -0.144025 0.175102 
8127 -0.144219 0.358449 
8128 0.00761686 -0.190337 
8129 0.00765617 -0.00766534 
8130 0.00817417 0.175119 
8131 0.00850894 0.357939 
8132 0.158883 -0.191291 
8133 0.159621 -0.00825101 
8134 0.160513 0.173798 
8135 0.160288 0.356995 
8136 0.310687 -0.191004 
8137 0.311236 -0.00848873 
8138 0.311573 0.174221 
8139 0.312899 0.356267 
8140 -0.267695 -0.168747 
8141 -0.267407 -7.11024e-05 
8142 -0.267068 0.169414 
8143 -0.266465 0.337817 
8144 -0.1275 -0.168264 
8145 -0.126908 -0.000833519 
8146 -0.125965 0.168451 
8147 -0.125927 0.33681 
8148 0.0124227 -0.168655 
8149 0.0133964 -0.000674199 
8150 0.0143755 0.166919 
8151 0.0149915 0.335678 
8152 0.152837 -0.169013 
8153 0.153908 -0.00107087 
8154 0.154051 0.166298 
8155 0.155081 0.334953 
8156 0.292025 -0.169327 
8157 0.293128 -0.00195464 
8158 0.294199 0.165537 
8159 0.295129 0.333412 
8160 -0.242938 -0.150098 
8161 -0.242766 0.00634394 
8162 -0.241188 0.162973 
8163 -0.240813 0.319993 
8164 -0.112419 -0.150216 
8165 -0.111623 0.00549801 
8166 -0.110702 0.162105 
8167 -0.110163 0.318079 
8168 0.0174934 -0.150925 
8169 0.018372 0.00455858 
8170 0.0187933 0.160748 
8171 0.0204819 0.317036 
8172 0.14657 -0.151039 
8173 0.147563 0.00383846 
8174 0.148632 0.159471 
8175 0.150334 0.314941 
8176 0.275296 -0.15235 
8177 0.276351 0.00301083 
8178 0.277995 0.158085 
8179 0.279125 0.313677 
8180 -0.222338 -0.133838 
8181 -0.220529 0.0118897 
8182 -0.220105 0.157472 
8183 -0.218801 0.304097 
8184 -0.099891 -0.134179 
8185 -0.0991966 0.0109597 
8186 -0.0981881 0.156112 
8187 -0.0963508 0.302457 
8188 0.0206337 -0.135364 
8189 0.02213 0.00947054 
8190 0.0234667 0.154737 
8191 0.0246671 0.300053 
8192 0.141332 -0.136254 
8193 0.142154 0.00865374 
8194 0.144198 0.15312 
8195 0.144952 0.29867 
8196 0.260736 -0.136594 
8197 0.262901 0.00773916 
8198 0.263774 0.152133 
8199 0.265673 0.296325 
8200 -0.204171 -0.120768 
8201 -0.202305 0.0159464 
8202 -0.201632 0.152601 
8203 -0.199644 0.289478 
8204 -0.0895367 -0.120999 
8205 -0.0883785 0.0151063 
8206 -0.0867952 0.151641 
8207 -0.0856593 0.288088 
8208 0.0235703 -0.122654 
8209 0.0244518 0.0139674 
8210 0.0268882 0.149664 
8211 0.0278067 0.285589 
8212 0.135766 -0.122893 
8213 0.13803 0.0120976 
8214 0.139299 0.148137 
8215 0.140847 0.28332 
8216 0.248121 -0.123664 
8217 0.249693 0.0113662 
8218 0.251589 0.146224 
8219 0.25297 0.281261 
8220 -0.187873 -0.108966 
8221 -0.186468 0.0192777 
8222 -0.184789 0.148713 
8223 -0.183144 0.277553 
8224 -0.0812979 -0.109598 
8225 -0.0794746 0.0184631 
8226 -0.0777289 0.1467 
8227 -0.0759859 0.274766 
8228 0.0249693 -0.110927 
8229 0.0267108 0.0165957 
8230 0.0291486 0.144105 
8231 0.0306222 0.272155 
8232 0.131275 -0.111764 
8233 0.133413 0.0155186 
8234 0.135118 0.142603 
8235 0.137057 0.269883 
8236 0.236721 -0.112687 
8237 0.238311 0.0137794 
8238 0.240384 0.141109 
8239 0.24211 0.268123 
8240 -0.17421 -0.0990033 
8241 -0.173126 0.0229123 
8242 -0.171355 0.144561 
8243 -0.169446 0.26564 
8244 -0.073293 -0.10024 
8245 -0.0715692 0.0214136 
8246 -0.0701437 0.141717 
8247 -0.068253 0.263119 
8248 0.0264814 -0.101508 
8249 0.0286375 0.0189214 
8250 0.0308988 0.140251 
8251 0.033135 0.260845 
8252 0.127112 -0.102009 
8253 0.12831 0.0179955 
8254 0.130854 0.13728 
8255 0.132662 0.257851 
8256 0.226113 -0.103253 
8257 0.227379 0.0155303 
8258 0.229975 0.135422 
8259 0.232773 0.256099 
8260 -0.163257 -0.0892986 
8261 -0.160776 0.0245883 
8262 -0.159335 0.140522 
8263 -0.156606 0.255534 
8264 -0.0666074 -0.0907622 
8265 -0.0652469 0.023673 
8266 -0.0629967 0.137943 
8267 -0.0609512 0.25296 
8268 0.0280648 -0.0925066 
8269 0.029792 0.0214613 
8270 0.0322274 0.13577 
8271 0.0348869 0.250274 
8272 0.122204 -0.0942851 
8273 0.12433 0.0194791 
8274 0.126808 0.133545 
8275 0.129212 0.247177 
8276 0.216052 -0.0949854 
8277 0.218315 0.0175705 
8278 0.220745 0.131108 
8279 0.223084 0.244765 
8280 -0.152746 -0.0822731 
8281 -0.150414 0.0265832 
8282 -0.148329 0.136521 
8283 -0.14606 0.245479 
8284 -0.061849 -0.0834577 
8285 -0.0586915 0.0249334 
8286 -0.0569055 0.133501 
8287 -0.0549446 0.242645 
8288 0.0284858 -0.084963 
8289 0.0307761 0.0225661 
8290 0.0334269 0.131603 
8291 0.0363546 0.240205 
8292 0.117945 -0.0865289 
8293 0.121073 0.0207859 
8294 0.122874 0.128828 
8295 0.126037 0.237343 
8296 0.20683 -0.0881909 
8297 0.2091 0.018898 
8298 0.21239 0.126323 
8299 0.215158 0.234252 
8300 -0.14325 -0.0751226 
8301 -0.141108 0.0280698 
8302 -0.138392 0.132273 
8303 -0.135881 0.237085 
8304 -0.0565943 -0.0765726 
8305 -0.0540467 0.0267176 
8306 -0.0516554 0.130342 
8307 -0.0492485 0.233802 
8308 0.0290866 -0.0788521 
8309 0.0314908 0.0242473 
8310 0.0341884 0.127584 
8311 0.0370905 0.23079 
8312 0.11395 -0.0799386 
8313 0.117 0.0221903 
8314 0.119227 0.124223 
8315 0.121994 0.227345 
8316 0.198637 -0.0824495 
8317 0.201776 0.019418 
8318 0.203706 0.12196 
8319 0.207138 0.224315 
8320 -0.134711 -0.0696499 
8321 -0.132631 0.0296598 
8322 -0.130213 0.128433 
8323 -0.127289 0.22808 
8324 -0.0521294 -0.0711565 
8325 -0.049615 0.0271379 
8326 -0.0475547 0.126497 
8327 -0.044606 0.225284 
8328 0.0292508 -0.0726953 
8329 0.031906 0.0253741 
8330 0.0344331 0.122941 
8331 0.0370269 0.221704 
8332 0.110778 -0.0747522 
8333 0.113294 0.0224463 
8334 0.115802 0.120718 
8335 0.118951 0.21919 
8336 0.191003 -0.0765701 
8337 0.194172 0.0202601 
8338 0.196432 0.117485 
8339 0.199487 0.215426 
8340 -0.128367 -0.0641503 
8341 -0.125306 0.0303161 
8342 -0.123009 0.125482 
8343 -0.120467 0.220514 
8344 -0.0491119 -0.0662255 
8345 -0.0463686 0.027697 
8346 -0.043437 0.122628 
8347 -0.0405667 0.216901 
8348 0.0291042 -0.0685051 
8349 0.0320723 0.0251045 
8350 0.0352762 0.119783 
8351 0.0378278 0.213617 
8352 0.106646 -0.070358 
8353 0.10933 0.0231822 
8354 0.112269 0.11626 
8355 0.115849 0.210054 
8356 0.183823 -0.0719123 
8357 0.186037 0.0211833 
8358 0.18916 0.113461 
8359 0.192589 0.207252 
8360 -0.122052 -0.060104 
8361 -0.118671 0.0305771 
8362 -0.116027 0.121724 
8363 -0.113753 0.213225 
8364 -0.0458701 -0.0617886 
8365 -0.0431009 0.0286233 
8366 -0.0404822 0.118573 
8367 -0.0372469 0.209862 
8368 0.0290712 -0.0642898 
8369 0.0320707 0.0257118 
8370 0.0346266 0.115425 
8371 0.0374512 0.206632 
8372 0.103608 -0.0658769 
8373 0.105823 0.022862 
8374 0.108918 0.112891 
8375 0.111802 0.202813 
8376 0.176427 -0.067804 
8377 0.179937 0.0211802 
8378 0.182505 0.110076 
8379 0.186211 0.198945 
8380 -0.116195 -0.0563321 
8381 -0.113594 0.0308905 
8382 -0.109873 0.118717 
8383 -0.106803 0.206382 
8384 -0.0436643 -0.0586039 
8385 -0.04082 0.0278612 
8386 -0.0370638 0.115324 
8387 -0.0345008 0.202675 
8388 0.0288705 -0.0601116 
8389 0.0313057 0.0252384 
8390 0.0347706 0.112677 
8391 0.0380737 0.199274 
8392 0.100106 -0.0628641 
8393 0.102383 0.0234721 
8394 0.105987 0.108909 
8395 0.109515 0.195002 
8396 0.169772 -0.0647041 
8397 0.172918 0.0207826 
8398 0.176919 0.105891 
8399 0.179471 0.192086 
8400 -0.111343 -0.0527626 
8401 -0.10791 0.0312955 
8402 -0.105402 0.115063 
8403 -0.102159 0.199615 
8404 -0.0410868 -0.055437 
8405 -0.0380167 0.028244 
8406 -0.0351359 0.111954 
8407 -0.032036 0.195657 
8408 0.0279541 -0.0575348 
8409 0.0310048 0.0254726 
8410 0.0345909 0.108815 
8411 0.0371152 0.191794 
8412 0.0960888 -0.0600832 
8413 0.0995146 0.0222921 
8414 0.102565 0.105664 
8415 0.105795 0.188741 
8416 0.164203 -0.0614692 
8417 0.167527 0.0202102 
8418 0.170147 0.101854 
8419 0.173542 0.185127 
8420 -0.107084 -0.0497039 
8421 -0.103599 0.0301908 
8422 -0.100723 0.111783 
8423 -0.0974448 0.192472 
8424 -0.0399602 -0.052559 
8425 -0.0358035 0.0277637 
8426 -0.0330319 0.107885 
8427 -0.0297596 0.189282 
8428 0.0266592 -0.0546374 
8429 0.0305799 0.0247553 
8430 0.033406 0.104553 
8431 0.0369053 0.185377 
8432 0.0925149 -0.0569782 
8433 0.0965676 0.022351 
8434 0.0998526 0.102212 
8435 0.102555 0.181258 
8436 0.158277 -0.0597073 
8437 0.161655 0.0190634 
8438 0.164689 0.0988486 
8439 0.168251 0.178256 
8440 -0.102482 -0.0479861 
8441 -0.0991053 0.0299239 
8442 -0.0958809 0.108046 
8443 -0.0933831 0.186493 
8444 -0.0379655 -0.0504511 
8445 -0.0342103 0.0268977 
8446 -0.0316643 0.105035 
8447 -0.027495 0.182403 
8448 0.026627 -0.0528908 
8449 0.0298568 0.0246004 
8450 0.0328853 0.101588 
8451 0.0366632 0.178468 
8452 0.0892559 -0.0555667 
8453 0.0928164 0.0211978 
8454 0.0966443 0.0980337 
8455 0.100099 0.174858 
8456 0.151889 -0.0579597 
8457 0.156093 0.0182288 
8458 0.158727 0.0953918 
8459 0.162859 0.171742 
8460 -0.0994017 -0.0463843 
8461 -0.0958609 0.0295235 
8462 -0.0921656 0.104612 
8463 -0.0894678 0.179875 
8464 -0.0367038 -0.0486091 
8465 -0.0338254 0.0260034 
8466 -0.0300981 0.101789 
8467 -0.0260594 0.176712 
8468 0.0248154 -0.0514111 
8469 0.0284903 0.0238134 
8470 0.0322956 0.0980701 
8471 0.0352808 0.172652 
8472 0.0861922 -0.0533235 
8473 0.089599 0.0203711 
8474 0.0931796 0.0942857 
8475 0.0971951 0.168634 
8476 0.146355 -0.0561893 
8477 0.150632 0.0179329 
8478 0.153663 0.0908669 
8479 0.157448 0.165069 
8480 -0.0967428 -0.044677 
8481 -0.0929821 0.0282423 
8482 -0.0896431 0.101715 
8483 -0.085855 0.174519 
8484 -0.035463 -0.046649 
8485 -0.0326432 0.0251007 
8486 -0.0290541 0.0977555 
8487 -0.0252966 0.170429 
8488 0.0237121 -0.0498102 
8489 0.0275925 0.0225669 
8490 0.0311711 0.0942505 
8491 0.0345401 0.166038 
8492 0.0831227 -0.0522399 
8493 0.0862265 0.0194406 
8494 0.0897715 0.0906319 
8495 0.0940667 0.162386 
8496 0.141429 -0.05467 
8497 0.144927 0.0169329 
8498 0.148249 0.087274 
8499 0.151946 0.158733 
