8120 -0.333473 -0.216833 
8121 -0.333821 -0.0166516 
8122 -0.333067 0.182858 
8123 -0.332965 0.382935 
8124 -0.166535 -0.216244 
8125 -0.166379 -0.0169838 
8126 -0.16629 0.183771 
8127 -0.167154 0.383021 
8128 0.000201269 -0.217003 
8129 -0.000152938 -0.0167802 
8130 0.000323398 0.182874 
8131 0.000340119 0.383793 
8132 0.16635 -0.217068 
8133 0.166811 -0.0170255 
8134 0.166322 0.183742 
8135 0.166304 0.382975 
8136 0.333653 -0.21648 
8137 0.333419 -0.016768 
8138 0.333255 0.183515 
8139 0.332922 0.382972 
8140 -0.298052 -0.190427 
8141 -0.29759 -0.00753447 
8142 -0.297379 0.175403 
8143 -0.296914 0.358532 
8144 -0.144751 -0.19078 
8145 -0.144362 -0.00817608 
8146 -0.144139 0.174788 
8147 -0.14435 0.357521 
8148 0.00668845 -0.191299 
8149 0.00736959 -0.00847097 
8150 0.00843223 0.173942 
8151 0.00794774 0.357141 
8152 0.158946 -0.190966 
8153 0.159248 -0.00843947 
8154 0.160332 0.174098 
8155 0.160392 0.356185 
8156 0.310878 -0.191671 
8157 0.311218 -0.0087637 
8158 0.312197 0.173179 
8159 0.312281 0.356435 
8160 -0.267684 -0.169178 
8161 -0.268051 -0.000192639 
8162 -0.266936 0.168798 
8163 -0.266404 0.336877 
8164 -0.127689 -0.169532 
8165 -0.12722 -0.00149788 
8166 -0.126049 0.167759 
8167 -0.125409 0.336379 
8168 0.0125686 -0.169786 
8169 0.0137859 -0.00139528 
8170 0.0147079 0.166716 
8171 0.0151042 0.335538 
8172 0.152834 -0.170422 
8173 0.153946 -0.00246456 
8174 0.154167 0.166239 
8175 0.155014 0.334038 
8176 0.292004 -0.170198 
8177 0.292512 -0.00329857 
8178 0.293458 0.164711 
8179 0.29502 0.33336 
8180 -0.24359 -0.150426 
8181 -0.242295 0.00578444 
8182 -0.241598 0.162228 
8183 -0.240791 0.318802 
8184 -0.112326 -0.151555 
8185 -0.111543 0.00423311 
8186 -0.110637 0.161222 
8187 -0.109613 0.317086 
8188 0.0167367 -0.151597 
8189 0.0186674 0.00392071 
8190 0.0193253 0.160227 
8191 0.0201551 0.315439 
8192 0.14647 -0.152297 
8193 0.147494 0.00305087 
8194 0.148877 0.158508 
8195 0.150592 0.314456 
8196 0.275874 -0.15281 
8197 0.277308 0.00210064 
8198 0.278188 0.157736 
8199 0.279334 0.312886 
8200 -0.221936 -0.13499 
8201 -0.221317 0.0109831 
8202 -0.219797 0.156742 
8203 -0.21858 0.302824 
8204 -0.100513 -0.136496 
8205 -0.0992311 0.00957415 
8206 -0.0978571 0.155132 
8207 -0.0968026 0.30126 
8208 0.0202097 -0.136405 
8209 0.0222719 0.00775113 
8210 0.0230281 0.153313 
8211 0.0248289 0.299274 
8212 0.141022 -0.13785 
8213 0.142137 0.00700543 
8214 0.144363 0.152444 
8215 0.145624 0.297665 
8216 0.260545 -0.138571 
8217 0.262358 0.00564843 
8218 0.264315 0.151085 
8219 0.265529 0.295353 
8220 -0.203555 -0.12212 
8221 -0.203025 0.0149524 
8222 -0.20113 0.151551 
8223 -0.199389 0.288757 
8224 -0.0900842 -0.123013 
8225 -0.088748 0.0128235 
8226 -0.0867984 0.150126 
8227 -0.085154 0.286131 
8228 0.0230753 -0.123781 
8229 0.0254262 0.0120197 
8230 0.0265746 0.147472 
8231 0.027698 0.283918 
8232 0.135807 -0.124702 
8233 0.13737 0.0106067 
8234 0.139261 0.14589 
8235 0.141276 0.282549 
8236 0.248466 -0.125533 
8237 0.250336 0.00885465 
8238 0.251791 0.144746 
8239 0.253707 0.280303 
8240 -0.188582 -0.110709 
8241 -0.187119 0.0178947 
8242 -0.185246 0.146282 
8243 -0.18365 0.275255 
8244 -0.0812313 -0.111408 
8245 -0.079851 0.0158777 
8246 -0.0775022 0.144507 
8247 -0.0756659 0.272778 
8248 0.025593 -0.113223 
8249 0.0270272 0.0144702 
8250 0.0292532 0.142856 
8251 0.0310164 0.270823 
8252 0.13171 -0.11433 
8253 0.13294 0.0135504 
8254 0.135088 0.140324 
8255 0.137113 0.268017 
8256 0.235893 -0.114633 
8257 0.238408 0.0115297 
8258 0.240724 0.139097 
8259 0.242616 0.265615 
8260 -0.175183 -0.100949 
8261 -0.172814 0.0207501 
8262 -0.170626 0.141912 
8263 -0.169625 0.264444 
8264 -0.073746 -0.101673 
8265 -0.0714196 0.0191765 
8266 -0.0694182 0.139855 
8267 -0.0676309 0.261722 
8268 0.0266779 -0.102797 
8269 0.028931 0.0176139 
8270 0.0306937 0.137766 
8271 0.0331948 0.258602 
8272 0.126661 -0.104333 
8273 0.128961 0.0150848 
8274 0.130745 0.135729 
8275 0.132965 0.256518 
8276 0.225885 -0.106002 
8277 0.227562 0.0132743 
8278 0.230056 0.133618 
8279 0.232557 0.253752 
8280 -0.163089 -0.0918051 
8281 -0.160852 0.0232696 
8282 -0.159237 0.137677 
8283 -0.156578 0.253422 
8284 -0.0675268 -0.0934118 
8285 -0.0645662 0.0210638 
8286 -0.0629997 0.135224 
8287 -0.0602249 0.250012 
8288 0.0280817 -0.0946953 
8289 0.0305445 0.0188649 
8290 0.0323382 0.132796 
8291 0.0350941 0.247165 
8292 0.122853 -0.0959539 
8293 0.124512 0.0169105 
8294 0.126851 0.130801 
8295 0.129124 0.245149 
8296 0.216127 -0.0976524 
8297 0.218329 0.0151164 
8298 0.221375 0.128431 
8299 0.222931 0.241838 
8300 -0.152959 -0.085115 
8301 -0.150448 0.0239878 
8302 -0.148506 0.133315 
8303 -0.146259 0.243201 
8304 -0.0616247 -0.0865928 
8305 -0.0593337 0.0220119 
8306 -0.0571436 0.130985 
8307 -0.0549207 0.240752 
8308 0.0289879 -0.0879822 
8309 0.0309838 0.0204497 
8310 0.0340861 0.128535 
8311 0.0361746 0.237418 
8312 0.118363 -0.089077 
8313 0.120444 0.017806 
8314 0.123583 0.126182 
8315 0.126233 0.234511 
8316 0.207022 -0.090903 
8317 0.209564 0.0163218 
8318 0.212532 0.123296 
8319 0.214576 0.231947 
8320 -0.143295 -0.0778752 
8321 -0.14099 0.0258607 
8322 -0.138432 0.129698 
8323 -0.136069 0.23468 
8324 -0.0567559 -0.0798183 
8325 -0.0545492 0.0237525 
8326 -0.0519533 0.126718 
8327 -0.0487567 0.231141 
8328 0.0293922 -0.0816165 
8329 0.0316001 0.0211156 
8330 0.0344966 0.124676 
8331 0.037021 0.227449 
8332 0.114353 -0.0830252 
8333 0.116765 0.018777 
8334 0.119747 0.121556 
8335 0.121928 0.225223 
8336 0.198279 -0.0855059 
8337 0.201013 0.0165009 
8338 0.204191 0.119086 
8339 0.206624 0.222157 
8340 -0.135719 -0.072986 
8341 -0.132872 0.0265051 
8342 -0.129857 0.125746 
8343 -0.127524 0.225289 
8344 -0.0523686 -0.0748473 
8345 -0.0500196 0.0245043 
8346 -0.0474349 0.122925 
8347 -0.0444503 0.222719 
8348 0.029755 -0.0760915 
8349 0.0324573 0.0220739 
8350 0.0348269 0.120773 
8351 0.0376124 0.2191 
8352 0.110982 -0.0784066 
8353 0.113543 0.0196175 
8354 0.115765 0.11734 
8355 0.119408 0.216133 
8356 0.190781 -0.0796786 
8357 0.193847 0.0178035 
8358 0.196442 0.115238 
8359 0.199383 0.212221 
8360 -0.128241 -0.0679095 
8361 -0.125302 0.02714 
8362 -0.122964 0.122715 
8363 -0.120216 0.218024 
8364 -0.0490647 -0.0697839 
8365 -0.0463543 0.0249282 
8366 -0.0436628 0.119584 
8367 -0.0405042 0.214451 
8368 0.0288727 -0.071161 
8369 0.0319648 0.021864 
8370 0.0354365 0.116587 
8371 0.0374495 0.210939 
8372 0.107153 -0.0735016 
8373 0.109275 0.0200022 
8374 0.11284 0.113012 
8375 0.11584 0.207195 
8376 0.18369 -0.075508 
8377 0.186968 0.0177411 
8378 0.189296 0.111121 
8379 0.192542 0.204401 
8380 -0.122015 -0.0633873 
8381 -0.118998 0.0275868 
8382 -0.11656 0.11827 
8383 -0.112847 0.210192 
8384 -0.0461341 -0.0651854 
8385 -0.0431197 0.0243978 
8386 -0.0402451 0.115962 
8387 -0.0367909 0.20596 
8388 0.0290165 -0.0676716 
8389 0.0317039 0.0224243 
8390 0.0346748 0.112487 
8391 0.0382566 0.202477 
8392 0.103164 -0.0699825 
8393 0.106589 0.0201196 
8394 0.109671 0.10952 
8395 0.112722 0.198968 
8396 0.176983 -0.0716931 
8397 0.180076 0.0176137 
8398 0.183416 0.106138 
8399 0.186648 0.195791 
8400 -0.116796 -0.0597479 
8401 -0.113526 0.0272007 
8402 -0.110145 0.115221 
8403 -0.107648 0.202535 
8404 -0.0436129 -0.0617416 
8405 -0.0403085 0.024439 
8406 -0.0373021 0.111727 
8407 -0.0342008 0.199188 
8408 0.0286915 -0.0642736 
8409 0.0317715 0.0221988 
8410 0.034569 0.108293 
8411 0.0380719 0.195411 
8412 0.0997822 -0.066732 
8413 0.102434 0.0196568 
8414 0.106115 0.105347 
8415 0.109244 0.191601 
8416 0.169773 -0.0687886 
8417 0.173362 0.016956 
8418 0.176606 0.102966 
8419 0.179792 0.188166 
8420 -0.111407 -0.056974 
8421 -0.108302 0.0272113 
8422 -0.105121 0.110945 
8423 -0.102165 0.195557 
8424 -0.041161 -0.0591618 
8425 -0.0376839 0.0240004 
8426 -0.0352655 0.107588 
8427 -0.0318565 0.191572 
8428 0.0277723 -0.0609304 
8429 0.030628 0.0212953 
8430 0.0342817 0.104894 
8431 0.0378349 0.187957 
8432 0.0961059 -0.0638918 
8433 0.0997254 0.0194147 
8434 0.102568 0.101197 
8435 0.106582 0.184867 
8436 0.164053 -0.0661003 
8437 0.167549 0.0158171 
8438 0.17027 0.0981541 
8439 0.173579 0.180838 
8440 -0.10716 -0.0539689 
8441 -0.103806 0.027059 
8442 -0.100839 0.107846 
8443 -0.0975061 0.188725 
8444 -0.0400592 -0.0563811 
8445 -0.0364746 0.0242816 
8446 -0.0325219 0.104814 
8447 -0.0295445 0.185243 
8448 0.0267919 -0.0586311 
8449 0.0299898 0.021284 
8450 0.0341406 0.10156 
8451 0.0372325 0.180877 
8452 0.093061 -0.0612971 
8453 0.0961597 0.0177949 
8454 0.0994818 0.0977111 
8455 0.103419 0.177216 
8456 0.157873 -0.0635847 
8457 0.161837 0.0159393 
8458 0.164919 0.0942964 
8459 0.167859 0.173775 
8460 -0.103257 -0.0516336 
8461 -0.0994603 0.0258043 
8462 -0.0960855 0.104598 
8463 -0.0928671 0.18197 
8464 -0.0384559 -0.0545332 
8465 -0.0351468 0.0234042 
8466 -0.0311537 0.100729 
8467 -0.0279487 0.1782 
8468 0.0261296 -0.0573574 
8469 0.0292826 0.0198748 
8470 0.0327351 0.0973266 
8471 0.0369302 0.175102 
8472 0.0892239 -0.0595243 
8473 0.0935673 0.0171915 
8474 0.0961985 0.0945416 
8475 0.0999003 0.171056 
8476 0.152396 -0.0615451 
8477 0.155843 0.0141827 
8478 0.159002 0.0906191 
8479 0.163209 0.167446 
8480 -0.0999781 -0.0505724 
8481 -0.0964763 0.0251602 
8482 -0.0921314 0.100767 
8483 -0.0888314 0.17651 
8484 -0.0368598 -0.0526555 
8485 -0.0333937 0.0223603 
8486 -0.0294428 0.09743 
8487 -0.0262399 0.171746 
8488 0.0253303 -0.0548731 
8489 0.0289076 0.0192826 
8490 0.0321364 0.0937622 
8491 0.03615 0.168444 
8492 0.0864146 -0.0576139 
8493 0.08955 0.0164276 
8494 0.0938626 0.0905342 
8495 0.0966961 0.164141 
8496 0.146572 -0.0604849 
8497 0.1505 0.0131739 
8498 0.153704 0.0872587 
8499 0.157617 0.161268 
8500 -0.0968558 -0.048683 
8501 -0.0930026 0.0242015 
8502 -0.0896626 0.0974605 
8503 -0.0862655 0.169651 
8504 -0.0358747 -0.0515704 
8505 -0.0322937 0.0211455 
8506 -0.028742 0.0932315 
8507 -0.0247247 0.165596 
8508 0.0235756 -0.0541836 
8509 0.0280493 0.0180852 
8510 0.0314584 0.0900387 
8511 0.0346131 0.162203 
8512 0.0827868 -0.0569073 
8513 0.0867843 0.0151033 
8514 0.0906971 0.0870987 
8515 0.0943258 0.158827 
8516 0.14187 -0.0595106 
8517 0.145256 0.0115286 
8518 0.14869 0.0829386 
8519 0.152734 0.154162 
