8220 -0.333317 -0.216509 
8221 -0.333382 -0.0163525 
8222 -0.333241 0.183374 
8223 -0.333508 0.383818 
8224 -0.166753 -0.216193 
8225 -0.166844 -0.0166627 
8226 -0.166282 0.183826 
8227 -0.167085 0.383314 
8228 0.000431379 -0.216801 
8229 -0.000293725 -0.0165675 
8230 4.35783e-05 0.183273 
8231 -0.000182628 0.383674 
8232 0.166287 -0.216576 
8233 0.167132 -0.0169833 
8234 0.167117 0.183787 
8235 0.166186 0.383655 
8236 0.33326 -0.21681 
8237 0.333659 -0.0162744 
8238 0.333261 0.183488 
8239 0.333715 0.383539 
8240 -0.298031 -0.193306 
8241 -0.29773 -0.0103161 
8242 -0.296754 0.173337 
8243 -0.296922 0.356514 
8244 -0.145695 -0.192902 
8245 -0.144487 -0.0103192 
8246 -0.144708 0.172913 
8247 -0.144205 0.355999 
8248 0.00682026 -0.193432 
8249 0.00734252 -0.0109949 
8250 0.00777705 0.171969 
8251 0.00888923 0.355214 
8252 0.159061 -0.193347 
8253 0.160214 -0.0113269 
8254 0.16077 0.172004 
8255 0.160424 0.355041 
8256 0.311482 -0.193726 
8257 0.311501 -0.0113076 
8258 0.312792 0.170994 
8259 0.312925 0.354329 
8260 -0.268455 -0.173302 
8261 -0.267994 -0.00413765 
8262 -0.266863 0.164832 
8263 -0.266211 0.333148 
8264 -0.127636 -0.173412 
8265 -0.126714 -0.00471671 
8266 -0.126205 0.163122 
8267 -0.124936 0.332664 
8268 0.0124995 -0.174097 
8269 0.0131335 -0.00597407 
8270 0.0147728 0.162662 
8271 0.0157784 0.331462 
8272 0.152962 -0.174583 
8273 0.153723 -0.00656845 
8274 0.154631 0.161641 
8275 0.155491 0.329768 
8276 0.292288 -0.175207 
8277 0.293624 -0.00734859 
8278 0.294015 0.161095 
8279 0.295615 0.32841 
8280 -0.244092 -0.157219 
8281 -0.243031 8.6687e-05 
8282 -0.242148 0.156926 
8283 -0.240099 0.313915 
8284 -0.113065 -0.157999 
8285 -0.11241 -0.000759154 
8286 -0.110475 0.155036 
8287 -0.110013 0.312367 
8288 0.0171863 -0.157931 
8289 0.018247 -0.00177955 
8290 0.0199535 0.154412 
8291 0.0209616 0.309869 
8292 0.146955 -0.158762 
8293 0.147786 -0.00308467 
8294 0.149553 0.152519 
8295 0.150832 0.308923 
8296 0.275978 -0.159085 
8297 0.27706 -0.00430747 
8298 0.279222 0.1512 
8299 0.27973 0.307288 
8300 -0.222789 -0.143047 
8301 -0.221539 0.00303824 
8302 -0.219888 0.14906 
8303 -0.218784 0.295869 
8304 -0.10063 -0.143822 
8305 -0.0993987 0.00206083 
8306 -0.0980635 0.148359 
8307 -0.0967172 0.294149 
8308 0.0206313 -0.144372 
8309 0.0221771 0.000529545 
8310 0.0232984 0.146028 
8311 0.0250365 0.292387 
8312 0.141696 -0.145178 
8313 0.142595 -0.000876493 
8314 0.14499 0.144904 
8315 0.146014 0.289541 
8316 0.261288 -0.146796 
8317 0.263155 -0.00217482 
8318 0.265301 0.143291 
8319 0.266424 0.287745 
8320 -0.20475 -0.130779 
8321 -0.203104 0.0053591 
8322 -0.201366 0.142882 
8323 -0.199243 0.280624 
8324 -0.0905946 -0.132163 
8325 -0.0885526 0.0040286 
8326 -0.0873378 0.141309 
8327 -0.0850943 0.278035 
8328 0.0234191 -0.133457 
8329 0.0252047 0.00291375 
8330 0.0266974 0.13942 
8331 0.0283411 0.275754 
8332 0.136394 -0.13419 
8333 0.138621 0.0017332 
8334 0.139877 0.137299 
8335 0.141633 0.273427 
8336 0.248787 -0.135819 
8337 0.250687 0.000186751 
8338 0.252514 0.135726 
8339 0.254244 0.271144 
8340 -0.189305 -0.120689 
8341 -0.187747 0.0077978 
8342 -0.185389 0.136391 
8343 -0.183342 0.265807 
8344 -0.0814796 -0.122788 
8345 -0.0800229 0.00579549 
8346 -0.07783 0.13493 
8347 -0.0759722 0.263555 
8348 0.0254353 -0.123912 
8349 0.0275869 0.00450453 
8350 0.0297365 0.132142 
8351 0.0315666 0.261106 
8352 0.131898 -0.124924 
8353 0.134152 0.00240062 
8354 0.135451 0.130403 
8355 0.137583 0.25877 
8356 0.237524 -0.126252 
8357 0.239375 0.00120258 
8358 0.240993 0.128222 
8359 0.243754 0.255422 
8360 -0.175919 -0.112348 
8361 -0.173635 0.00889551 
8362 -0.171517 0.130724 
8363 -0.169459 0.252717 
8364 -0.0735037 -0.113742 
8365 -0.0714871 0.00770335 
8366 -0.069057 0.1291 
8367 -0.0669643 0.250433 
8368 0.0265517 -0.115914 
8369 0.0292614 0.00569852 
8370 0.0318617 0.126355 
8371 0.0336281 0.24725 
8372 0.127098 -0.11658 
8373 0.129752 0.00372217 
8374 0.131872 0.123976 
8375 0.134083 0.244186 
8376 0.22641 -0.118231 
8377 0.228529 0.00117549 
8378 0.23106 0.121541 
8379 0.233281 0.241678 
8380 -0.163296 -0.105563 
8381 -0.161834 0.0104379 
8382 -0.159358 0.125351 
8383 -0.157074 0.241447 
8384 -0.0673544 -0.10733 
8385 -0.0654003 0.00758918 
8386 -0.0630665 0.122573 
8387 -0.0603768 0.238404 
8388 0.0282031 -0.108696 
8389 0.0308241 0.00643402 
8390 0.032532 0.120475 
8391 0.0356971 0.235503 
8392 0.122929 -0.109611 
8393 0.125412 0.00348695 
8394 0.127531 0.117936 
8395 0.130753 0.232578 
8396 0.216892 -0.111802 
8397 0.219417 0.00155007 
8398 0.222299 0.115622 
8399 0.224777 0.229545 
8400 -0.153045 -0.0988968 
8401 -0.15033 0.0107712 
8402 -0.148163 0.120078 
8403 -0.145746 0.230379 
8404 -0.0616733 -0.100494 
8405 -0.0597435 0.00817446 
8406 -0.0571097 0.118028 
8407 -0.054108 0.226755 
8408 0.0286653 -0.102852 
8409 0.0311877 0.00612363 
8410 0.0336848 0.114943 
8411 0.0367016 0.223514 
8412 0.118623 -0.1047 
8413 0.121259 0.00391513 
8414 0.123655 0.112199 
8415 0.127199 0.220554 
8416 0.20806 -0.106166 
8417 0.21079 0.00134658 
8418 0.213208 0.109548 
8419 0.216073 0.21748 
8420 -0.144523 -0.0938533 
8421 -0.141294 0.011093 
8422 -0.138384 0.115248 
8423 -0.136396 0.219743 
8424 -0.0569272 -0.0953437 
8425 -0.0544235 0.00872584 
8426 -0.0511621 0.112182 
8427 -0.0489012 0.216417 
8428 0.0291647 -0.0978828 
8429 0.0315278 0.00594014 
8430 0.0347683 0.10947 
8431 0.038035 0.213646 
8432 0.11434 -0.0992208 
8433 0.117996 0.00370134 
8434 0.120506 0.106994 
8435 0.123683 0.209819 
8436 0.199715 -0.100898 
8437 0.202757 0.00110556 
8438 0.204981 0.103573 
8439 0.207771 0.206947 
8440 -0.13645 -0.088637 
8441 -0.133582 0.0108833 
8442 -0.130626 0.109803 
8443 -0.127459 0.210137 
8444 -0.0530435 -0.0911221 
8445 -0.0495976 0.00842929 
8446 -0.0474247 0.10709 
8447 -0.0442973 0.206459 
8448 0.0297999 -0.0931956 
8449 0.0327892 0.00607163 
8450 0.0348986 0.104324 
8451 0.0382592 0.202989 
8452 0.110577 -0.0954366 
8453 0.114431 0.00286294 
8454 0.117296 0.101233 
8455 0.119552 0.199819 
8456 0.192017 -0.0971064 
8457 0.194521 0.00112367 
8458 0.197748 0.0987416 
8459 0.200541 0.196851 
8460 -0.129413 -0.0852292 
8461 -0.125826 0.0099522 
8462 -0.122692 0.105585 
8463 -0.119676 0.201096 
8464 -0.0496389 -0.0873763 
8465 -0.0462641 0.00704472 
8466 -0.0430497 0.102685 
8467 -0.0400452 0.196999 
8468 0.029593 -0.0892145 
8469 0.0322444 0.00500295 
8470 0.0358904 0.0989566 
8471 0.0386365 0.193727 
8472 0.10725 -0.0914979 
8473 0.11019 0.00274687 
8474 0.112986 0.0965028 
8475 0.116941 0.190936 
8476 0.184399 -0.09329 
8477 0.187757 -0.000584101 
8478 0.190855 0.0934053 
8479 0.193608 0.187176 
8480 -0.122746 -0.0818796 
8481 -0.119117 0.00960203 
8482 -0.116255 0.10054 
8483 -0.113577 0.192713 
8484 -0.0464367 -0.0842972 
8485 -0.0428172 0.00670152 
8486 -0.0397848 0.0974155 
8487 -0.037348 0.188351 
8488 0.0293321 -0.0868324 
8489 0.0326751 0.00428648 
8490 0.0355312 0.0946914 
8491 0.0385272 0.184765 
8492 0.103594 -0.088884 
8493 0.107396 0.00109124 
8494 0.109743 0.0911494 
8495 0.113154 0.181787 
8496 0.177356 -0.0904608 
8497 0.181036 -0.000846655 
8498 0.184442 0.0884526 
8499 0.187092 0.178344 
8500 -0.117392 -0.0791798 
8501 -0.113668 0.00850079 
8502 -0.110276 0.0967265 
8503 -0.10762 0.184484 
8504 -0.044067 -0.0818439 
8505 -0.0402749 0.00582254 
8506 -0.0374191 0.0932694 
8507 -0.0337375 0.180459 
8508 0.0286759 -0.0835916 
8509 0.0316952 0.00266467 
8510 0.0354086 0.0896768 
8511 0.0389011 0.176966 
8512 0.100403 -0.0865031 
8513 0.103132 0.000605538 
8514 0.106654 0.0869281 
8515 0.109863 0.172776 
8516 0.171247 -0.0886245 
8517 0.174055 -0.00202222 
8518 0.177355 0.0832767 
8519 0.181193 0.170002 
8520 -0.111648 -0.0767951 
8521 -0.108147 0.00714232 
8522 -0.105701 0.091309 
8523 -0.102123 0.176055 
8524 -0.0417748 -0.079259 
8525 -0.0385395 0.00448486 
8526 -0.0346607 0.0888969 
8527 -0.0311505 0.172099 
8528 0.0283775 -0.0819884 
8529 0.0313332 0.00180577 
8530 0.0351677 0.0856039 
8531 0.0384021 0.168272 
8532 0.0966835 -0.0837587 
8533 0.0997079 -0.0011859 
8534 0.103299 0.081776 
8535 0.106936 0.164961 
8536 0.165215 -0.0867542 
8537 0.168002 -0.00395374 
8538 0.17128 0.0782962 
8539 0.174771 0.161041 
8540 -0.107783 -0.0756398 
8541 -0.104432 0.00586674 
8542 -0.100263 0.0872295 
8543 -0.0969761 0.168828 
8544 -0.0400343 -0.0782187 
8545 -0.0360839 0.00264136 
8546 -0.0330395 0.0835733 
8547 -0.0295794 0.165073 
8548 0.0271288 -0.0803625 
8549 0.0309027 0.000356448 
8550 0.0341646 0.0809245 
8551 0.0377321 0.161506 
8552 0.0938254 -0.082372 
8553 0.0973686 -0.00292144 
8554 0.100448 0.0771893 
8555 0.103648 0.157596 
8556 0.158584 -0.0845083 
8557 0.162695 -0.00594076 
8558 0.165472 0.0738676 
8559 0.169322 0.153746 
8560 -0.103544 -0.0738139 
8561 -0.100102 0.00414311 
8562 -0.0968828 0.0825531 
8563 -0.0934297 0.161057 
8564 -0.0380037 -0.0767972 
8565 -0.0350027 0.00137707 
8566 -0.0312539 0.0798137 
8567 -0.0276742 0.157474 
8568 0.0266145 -0.0789826 
8569 0.0302222 -0.00141216 
8570 0.0331934 0.0761373 
8571 0.0364272 0.153873 
8572 0.0901103 -0.0810078 
8573 0.0939425 -0.00433015 
8574 0.0969343 0.0728692 
8575 0.100884 0.149492 
8576 0.153396 -0.0835147 
8577 0.156992 -0.0073175 
8578 0.160049 0.0698986 
8579 0.163597 0.146142 
8580 -0.099857 -0.0728103 
8581 -0.0960915 0.00315688 
8582 -0.0931969 0.0785643 
8583 -0.0894486 0.15482 
8584 -0.0365212 -0.0755442 
8585 -0.0330142 -9.10379e-05 
8586 -0.0302494 0.0748613 
8587 -0.0259095 0.150264 
8588 0.0253696 -0.0781044 
8589 0.0287938 -0.00310658 
8590 0.0323488 0.0713563 
8591 0.035632 0.146461 
8592 0.0872849 -0.0807683 
8593 0.0907019 -0.00594249 
8594 0.0939563 0.067973 
8595 0.0981084 0.143053 
8596 0.148095 -0.0830716 
8597 0.151481 -0.00931971 
8598 0.155099 0.0655257 
8599 0.158182 0.139125 
8600 -0.0967002 -0.0721935 
8601 -0.0938061 0.00059142 
8602 -0.0898375 0.0743761 
8603 -0.0856806 0.147107 
8604 -0.0357787 -0.0745444 
8605 -0.0325863 -0.00208588 
8606 -0.0284838 0.0710164 
8607 -0.0251512 0.143523 
8608 0.0238621 -0.077289 
8609 0.027473 -0.00530516 
8610 0.0319958 0.0677701 
8611 0.0353895 0.139505 
8612 0.0843399 -0.0803745 
8613 0.087718 -0.0075314 
8614 0.0914733 0.0638094 
8615 0.094393 0.135447 
8616 0.14262 -0.0828432 
8617 0.145951 -0.0113889 
8618 0.150136 0.0601501 
8619 0.153705 0.131853 
