8260 -0.332883 -0.216357 
8261 -0.333767 -0.0162045 
8262 -0.333554 0.183269 
8263 -0.333761 0.383174 
8264 -0.166496 -0.216573 
8265 -0.166485 -0.0165176 
8266 -0.166242 0.182897 
8267 -0.166387 0.383289 
8268 0.000156422 -0.21709 
8269 -0.000259299 -0.0168885 
8270 -0.000132026 0.183598 
8271 -0.000461413 0.382952 
8272 0.166936 -0.216759 
8273 0.166297 -0.0163693 
8274 0.166197 0.183314 
8275 0.166885 0.383158 
8276 0.333294 -0.216808 
8277 0.333769 -0.0165796 
8278 0.333126 0.182971 
8279 0.333759 0.382862 
8280 -0.297886 -0.193755 
8281 -0.297409 -0.0106297 
8282 -0.297565 0.17269 
8283 -0.296933 0.355792 
8284 -0.145316 -0.194492 
8285 -0.1453 -0.0107338 
8286 -0.144242 0.172322 
8287 -0.143779 0.354869 
8288 0.00700649 -0.194461 
8289 0.0072306 -0.0115195 
8290 0.0080649 0.170997 
8291 0.00841841 0.354298 
8292 0.159441 -0.1951 
8293 0.159864 -0.0117229 
8294 0.159983 0.171328 
8295 0.160879 0.353562 
8296 0.311386 -0.194536 
8297 0.31185 -0.0121661 
8298 0.312453 0.170438 
8299 0.312548 0.352723 
8300 -0.268423 -0.174678 
8301 -0.268439 -0.00606307 
8302 -0.267059 0.162808 
8303 -0.266789 0.331809 
8304 -0.127354 -0.176105 
8305 -0.127402 -0.00740963 
8306 -0.126214 0.161449 
8307 -0.125665 0.331129 
8308 0.012321 -0.175684 
8309 0.0132308 -0.00772121 
8310 0.0143517 0.160412 
8311 0.0153743 0.329871 
8312 0.152472 -0.176771 
8313 0.153346 -0.00797103 
8314 0.154966 0.160176 
8315 0.155642 0.327886 
8316 0.292901 -0.177247 
8317 0.293428 -0.0088746 
8318 0.294956 0.159325 
8319 0.295277 0.327501 
8320 -0.243835 -0.160016 
8321 -0.242873 -0.00244387 
8322 -0.241945 0.153748 
8323 -0.240506 0.311287 
8324 -0.113488 -0.159795 
8325 -0.11192 -0.00415691 
8326 -0.110979 0.152617 
8327 -0.109801 0.309928 
8328 0.0171958 -0.160702 
8329 0.0184339 -0.00525881 
8330 0.0197583 0.151376 
8331 0.0204176 0.307525 
8332 0.146508 -0.161373 
8333 0.148376 -0.00613043 
8334 0.149651 0.150371 
8335 0.150391 0.306371 
8336 0.275992 -0.162696 
8337 0.277712 -0.00633764 
8338 0.278956 0.149263 
8339 0.279874 0.304991 
8340 -0.222876 -0.146513 
8341 -0.221791 -0.000286908 
8342 -0.219866 0.146881 
8343 -0.218316 0.292997 
8344 -0.100696 -0.147151 
8345 -0.0995319 -0.001029 
8346 -0.0974841 0.144351 
8347 -0.0968021 0.291071 
8348 0.0201512 -0.148669 
8349 0.0222201 -0.00254753 
8350 0.0238985 0.143188 
8351 0.0255191 0.289158 
8352 0.141346 -0.149538 
8353 0.14303 -0.00421091 
8354 0.144804 0.141564 
8355 0.14687 0.286686 
8356 0.262313 -0.150425 
8357 0.263179 -0.00526595 
8358 0.265116 0.140077 
8359 0.267102 0.28453 
8360 -0.205417 -0.13486 
8361 -0.203331 0.00141336 
8362 -0.201172 0.139234 
8363 -0.200245 0.27692 
8364 -0.0901068 -0.135975 
8365 -0.0884144 0.0005016 
8366 -0.0870814 0.137687 
8367 -0.0850492 0.274231 
8368 0.0235302 -0.137117 
8369 0.0252806 -0.000746451 
8370 0.0271147 0.13503 
8371 0.0284924 0.271828 
8372 0.136862 -0.138135 
8373 0.138711 -0.00248484 
8374 0.140401 0.13346 
8375 0.141909 0.269593 
8376 0.248638 -0.139588 
8377 0.250873 -0.00397434 
8378 0.252546 0.131339 
8379 0.254368 0.266961 
8380 -0.189727 -0.125394 
8381 -0.187428 0.0036584 
8382 -0.185087 0.13247 
8383 -0.183009 0.261927 
8384 -0.0814996 -0.127048 
8385 -0.0794513 0.00153434 
8386 -0.0776658 0.129864 
8387 -0.0750067 0.259488 
8388 0.0253971 -0.128624 
8389 0.0278015 -0.000234482 
8390 0.0291417 0.127928 
8391 0.031495 0.256781 
8392 0.131562 -0.129451 
8393 0.134056 -0.00183161 
8394 0.136439 0.125481 
8395 0.138429 0.253868 
8396 0.237449 -0.130909 
8397 0.23958 -0.00404549 
8398 0.242014 0.123346 
8399 0.243402 0.251014 
8400 -0.175817 -0.117997 
8401 -0.173607 0.00402247 
8402 -0.171736 0.126181 
8403 -0.168804 0.248038 
8404 -0.0745187 -0.118907 
8405 -0.0715148 0.00247895 
8406 -0.0696047 0.123884 
8407 -0.0672652 0.245685 
8408 0.0273248 -0.120552 
8409 0.0296338 0.000224019 
8410 0.031708 0.121233 
8411 0.0338383 0.242299 
8412 0.126848 -0.122703 
8413 0.130063 -0.00204506 
8414 0.131767 0.119052 
8415 0.134592 0.239949 
8416 0.227188 -0.12369 
8417 0.229727 -0.00354958 
8418 0.231832 0.116952 
8419 0.234459 0.23722 
8420 -0.164058 -0.111295 
8421 -0.162052 0.00410315 
8422 -0.159328 0.119925 
8423 -0.156654 0.235885 
8424 -0.0676453 -0.112912 
8425 -0.0654052 0.00269353 
8426 -0.0628418 0.117528 
8427 -0.0597519 0.232475 
8428 0.0281391 -0.114692 
8429 0.0302027 -1.96725e-05 
8430 0.0328348 0.115331 
8431 0.035285 0.229885 
8432 0.123376 -0.115563 
8433 0.125598 -0.00148153 
8434 0.127605 0.112283 
8435 0.130831 0.226994 
8436 0.217691 -0.117854 
8437 0.219435 -0.00331561 
8438 0.222771 0.109658 
8439 0.225027 0.22417 
8440 -0.153683 -0.105205 
8441 -0.150562 0.00440184 
8442 -0.148017 0.113985 
8443 -0.145997 0.224322 
8444 -0.0620885 -0.107261 
8445 -0.0593097 0.00239653 
8446 -0.0564874 0.111584 
8447 -0.0539618 0.221004 
8448 0.0283784 -0.108605 
8449 0.0310864 0.000342445 
8450 0.0339325 0.109192 
8451 0.0369554 0.217802 
8452 0.118472 -0.110967 
8453 0.121496 -0.00211902 
8454 0.123926 0.106601 
8455 0.127402 0.214554 
8456 0.208513 -0.112546 
8457 0.210715 -0.00443843 
8458 0.213851 0.104053 
8459 0.215912 0.211718 
8460 -0.144213 -0.100745 
8461 -0.14134 0.00393797 
8462 -0.139213 0.109287 
8463 -0.135602 0.213065 
8464 -0.0570745 -0.102389 
8465 -0.0539043 0.00141667 
8466 -0.0513402 0.105802 
8467 -0.0486416 0.210554 
8468 0.0288837 -0.103905 
8469 0.0326376 -0.000340744 
8470 0.0354378 0.103438 
8471 0.0378851 0.206503 
8472 0.114668 -0.106154 
8473 0.118208 -0.00235167 
8474 0.120835 0.10004 
8475 0.123129 0.203619 
8476 0.20039 -0.107864 
8477 0.20315 -0.00517923 
8478 0.205811 0.0976888 
8479 0.208051 0.200367 
8480 -0.135988 -0.0963481 
8481 -0.133587 0.00339527 
8482 -0.130887 0.10393 
8483 -0.127341 0.203769 
8484 -0.0526313 -0.098302 
8485 -0.0499609 0.000661401 
8486 -0.0469954 0.100283 
8487 -0.0440993 0.200262 
8488 0.0290856 -0.0999524 
8489 0.0325081 -0.00173242 
8490 0.0354843 0.0978902 
8491 0.0379615 0.196888 
8492 0.111525 -0.102344 
8493 0.114596 -0.00394897 
8494 0.117211 0.0949632 
8495 0.120164 0.193391 
8496 0.192001 -0.104333 
8497 0.195304 -0.00568912 
8498 0.198535 0.0917167 
8499 0.200983 0.189393 
8500 -0.12896 -0.0925635 
8501 -0.125696 0.00312925 
8502 -0.123498 0.0986698 
8503 -0.119924 0.194167 
8504 -0.049807 -0.0953032 
8505 -0.0464114 0.000560494 
8506 -0.0430598 0.0949922 
8507 -0.0397481 0.189909 
8508 0.0291219 -0.0970941 
8509 0.0322792 -0.00217252 
8510 0.0357708 0.0919732 
8511 0.03911 0.186933 
8512 0.107466 -0.0990797 
8513 0.111011 -0.00532476 
8514 0.113802 0.0888468 
8515 0.117024 0.183821 
8516 0.185383 -0.101374 
8517 0.187957 -0.0072513 
8518 0.190672 0.0859303 
8519 0.193867 0.180147 
8520 -0.122807 -0.0897182 
8521 -0.119201 0.00197435 
8522 -0.116323 0.0935293 
8523 -0.113464 0.184947 
8524 -0.0462049 -0.0924881 
8525 -0.0433464 -0.0014647 
8526 -0.0395419 0.0903581 
8527 -0.036613 0.180785 
8528 0.0295994 -0.0946131 
8529 0.0321037 -0.00373704 
8530 0.0358403 0.08734 
8531 0.0383095 0.177813 
8532 0.103987 -0.0963069 
8533 0.107218 -0.00614653 
8534 0.11072 0.0840029 
8535 0.11369 0.174356 
8536 0.178126 -0.0985774 
8537 0.180842 -0.00868841 
8538 0.184061 0.0807128 
8539 0.187586 0.170337 
8540 -0.116934 -0.0872109 
8541 -0.113901 0.000879304 
8542 -0.111022 0.0881867 
8543 -0.107593 0.17613 
8544 -0.0443223 -0.0895134 
8545 -0.0406527 -0.00230642 
8546 -0.0369615 0.0851117 
8547 -0.0341514 0.172395 
8548 0.0291737 -0.0924236 
8549 0.0319803 -0.00519051 
8550 0.034827 0.0820487 
8551 0.038268 0.169022 
8552 0.100971 -0.0944889 
8553 0.103567 -0.00764219 
8554 0.107209 0.0788545 
8555 0.110607 0.165838 
8556 0.171211 -0.0966159 
8557 0.174953 -0.0107284 
8558 0.178556 0.0761006 
8559 0.181605 0.16131 
8560 -0.112044 -0.0855504 
8561 -0.109227 -0.000755482 
8562 -0.105192 0.0837008 
8563 -0.102003 0.168298 
8564 -0.0416319 -0.0881943 
8565 -0.0383665 -0.00412229 
8566 -0.0352116 0.0806042 
8567 -0.0313509 0.164698 
8568 0.0284527 -0.0903235 
8569 0.0315252 -0.00627801 
8570 0.0344558 0.0773334 
8571 0.0379775 0.161133 
8572 0.0969923 -0.092892 
8573 0.100285 -0.00992917 
8574 0.103414 0.0734399 
8575 0.107595 0.156776 
8576 0.165042 -0.0946868 
8577 0.168296 -0.0122104 
8578 0.172011 0.0703598 
8579 0.175261 0.153477 
8580 -0.107829 -0.0847406 
8581 -0.104426 -0.00277286 
8582 -0.100525 0.0790711 
8583 -0.0973229 0.160736 
8584 -0.0399813 -0.0863035 
8585 -0.036756 -0.0055739 
8586 -0.032749 0.0755295 
8587 -0.0290883 0.156466 
8588 0.026951 -0.0887108 
8589 0.0312295 -0.00825937 
8590 0.0339726 0.0718892 
8591 0.0372176 0.153056 
8592 0.0938305 -0.0916158 
8593 0.096916 -0.0108054 
8594 0.100657 0.0692929 
8595 0.1037 0.148789 
8596 0.159935 -0.0937806 
8597 0.163186 -0.0142994 
8598 0.166326 0.0655327 
8599 0.169099 0.145614 
8600 -0.104211 -0.0831012 
8601 -0.099723 -0.00474408 
8602 -0.0963502 0.0739888 
8603 -0.092601 0.152359 
8604 -0.0386786 -0.0860402 
8605 -0.0343895 -0.00729726 
8606 -0.0311421 0.0706643 
8607 -0.0279643 0.148471 
8608 0.0268544 -0.0881224 
8609 0.0297288 -0.0102997 
8610 0.0331488 0.0672973 
8611 0.0374786 0.145293 
8612 0.0906897 -0.0904292 
8613 0.0937706 -0.0136302 
8614 0.0970018 0.064206 
8615 0.101019 0.141378 
8616 0.154342 -0.0925802 
8617 0.157572 -0.0161905 
8618 0.160392 0.0607349 
8619 0.164234 0.137443 
8620 -0.100015 -0.0827964 
8621 -0.0963061 -0.00665518 
8622 -0.0928693 0.0690392 
8623 -0.0890203 0.145723 
8624 -0.0372939 -0.0848677 
8625 -0.0338781 -0.00961744 
8626 -0.0302759 0.0663825 
8627 -0.026139 0.14169 
8628 0.0252543 -0.0870987 
8629 0.0288333 -0.0120987 
8630 0.0324898 0.0627271 
8631 0.035905 0.137946 
8632 0.0872609 -0.0897541 
8633 0.0904563 -0.0154562 
8634 0.094362 0.0593639 
8635 0.097906 0.134091 
8636 0.148383 -0.0920619 
8637 0.152242 -0.0180286 
8638 0.155049 0.0560437 
8639 0.158335 0.130364 
8640 -0.0971127 -0.0815539 
8641 -0.0934558 -0.00866689 
8642 -0.0894043 0.0647235 
8643 -0.0865275 0.138224 
8644 -0.0359862 -0.0850294 
8645 -0.0323807 -0.0113553 
8646 -0.0282949 0.06193 
8647 -0.0252725 0.133957 
8648 0.0249604 -0.0875576 
8649 0.0278407 -0.0147774 
8650 0.0318834 0.0579378 
8651 0.0353457 0.130204 
8652 0.084676 -0.089464 
8653 0.0876035 -0.0175699 
8654 0.0911248 0.0546032 
8655 0.0946506 0.127173 
8656 0.143462 -0.0916138 
8657 0.146309 -0.0202315 
8658 0.150228 0.0510644 
8659 0.154057 0.123532 
