8380 -0.333725 -0.217049 
8381 -0.332879 -0.0161701 
8382 -0.333005 0.183726 
8383 -0.332882 0.383597 
8384 -0.16682 -0.217134 
8385 -0.166555 -0.0166889 
8386 -0.16709 0.183171 
8387 -0.166814 0.383086 
8388 0.000463883 -0.216505 
8389 -1.85653e-05 -0.0167412 
8390 0.000380108 0.182955 
8391 0.000386566 0.383402 
8392 0.166336 -0.216391 
8393 0.166715 -0.0163702 
8394 0.166818 0.183692 
8395 0.166933 0.383134 
8396 0.333612 -0.216574 
8397 0.333181 -0.0162904 
8398 0.333293 0.182945 
8399 0.333193 0.383798 
8400 -0.298338 -0.197176 
8401 -0.298113 -0.0138321 
8402 -0.297506 0.169664 
8403 -0.296614 0.353006 
8404 -0.145724 -0.197724 
8405 -0.145239 -0.0142962 
8406 -0.14488 0.1689 
8407 -0.144392 0.352488 
8408 0.00678089 -0.197785 
8409 0.00796433 -0.0152054 
8410 0.00790256 0.168489 
8411 0.00830297 0.351809 
8412 0.159338 -0.1976 
8413 0.159617 -0.015302 
8414 0.160346 0.167975 
8415 0.161262 0.351075 
8416 0.311452 -0.197881 
8417 0.312462 -0.015075 
8418 0.312652 0.167184 
8419 0.312973 0.349584 
8420 -0.269079 -0.181762 
8421 -0.268606 -0.0122004 
8422 -0.267841 0.157557 
8423 -0.265993 0.326467 
8424 -0.128286 -0.182109 
8425 -0.126801 -0.0124372 
8426 -0.12617 0.156002 
8427 -0.12493 0.32572 
8428 0.0124035 -0.18222 
8429 0.0140931 -0.0133806 
8430 0.0148561 0.155334 
8431 0.0156976 0.323762 
8432 0.15345 -0.183381 
8433 0.154275 -0.0146867 
8434 0.155009 0.153874 
8435 0.155624 0.322761 
8436 0.293145 -0.183462 
8437 0.293947 -0.0154506 
8438 0.295618 0.153593 
8439 0.295974 0.321845 
8440 -0.244985 -0.168182 
8441 -0.243574 -0.0108285 
8442 -0.241834 0.145862 
8443 -0.240829 0.30316 
8444 -0.113826 -0.168707 
8445 -0.111824 -0.0119 
8446 -0.110956 0.144878 
8447 -0.109874 0.302149 
8448 0.0171455 -0.169486 
8449 0.0182739 -0.0131864 
8450 0.0200105 0.143406 
8451 0.0212281 0.300115 
8452 0.147414 -0.170527 
8453 0.14881 -0.0141036 
8454 0.150379 0.142506 
8455 0.151332 0.298531 
8456 0.277638 -0.171578 
8457 0.278327 -0.0154312 
8458 0.280052 0.14092 
8459 0.281158 0.296929 
8460 -0.224242 -0.156952 
8461 -0.221864 -0.0104979 
8462 -0.220103 0.136396 
8463 -0.219313 0.283162 
8464 -0.100659 -0.157895 
8465 -0.099157 -0.01205 
8466 -0.0976925 0.134743 
8467 -0.0962013 0.280854 
8468 0.0209102 -0.159585 
8469 0.0227395 -0.0128666 
8470 0.0241756 0.133232 
8471 0.0257496 0.278566 
8472 0.142577 -0.160455 
8473 0.143415 -0.0146063 
8474 0.145218 0.131426 
8475 0.146637 0.277217 
8476 0.262762 -0.16064 
8477 0.264804 -0.0160373 
8478 0.266196 0.129262 
8479 0.267935 0.274571 
8480 -0.20529 -0.147874 
8481 -0.203786 -0.0103093 
8482 -0.202195 0.126624 
8483 -0.199942 0.264374 
8484 -0.0910309 -0.149286 
8485 -0.0886338 -0.0125201 
8486 -0.0865009 0.125609 
8487 -0.0850503 0.261927 
8488 0.0236073 -0.150783 
8489 0.025481 -0.0132529 
8490 0.0277039 0.123255 
8491 0.0297018 0.259606 
8492 0.1371 -0.151948 
8493 0.139388 -0.0155318 
8494 0.141012 0.121141 
8495 0.143007 0.257252 
8496 0.250392 -0.152651 
8497 0.251948 -0.0164423 
8498 0.254338 0.119461 
8499 0.25612 0.254988 
8500 -0.189937 -0.140243 
8501 -0.187874 -0.0112933 
8502 -0.185437 0.118383 
8503 -0.18337 0.248641 
8504 -0.0814919 -0.142526 
8505 -0.0795399 -0.012473 
8506 -0.0774741 0.115995 
8507 -0.0749909 0.245537 
8508 0.0260053 -0.143744 
8509 0.0275007 -0.0141572 
8510 0.0297763 0.114552 
8511 0.0321947 0.243183 
8512 0.132614 -0.144975 
8513 0.134873 -0.0157413 
8514 0.136926 0.111934 
8515 0.138763 0.240656 
8516 0.238454 -0.145383 
8517 0.240904 -0.0177596 
8518 0.243086 0.109805 
8519 0.245096 0.238125 
8520 -0.176692 -0.134369 
8521 -0.174367 -0.0117358 
8522 -0.172237 0.11066 
8523 -0.169472 0.233493 
8524 -0.0743168 -0.135494 
8525 -0.071532 -0.0141879 
8526 -0.0697604 0.108133 
8527 -0.0671371 0.230595 
8528 0.0271689 -0.137065 
8529 0.0296416 -0.0153546 
8530 0.0322421 0.106199 
8531 0.0345209 0.227584 
8532 0.127777 -0.138225 
8533 0.130959 -0.0179526 
8534 0.132946 0.103184 
8535 0.134671 0.22487 
8536 0.228219 -0.139671 
8537 0.23026 -0.0196335 
8538 0.232709 0.101361 
8539 0.235329 0.221732 
8540 -0.164347 -0.129613 
8541 -0.162463 -0.0130831 
8542 -0.159549 0.102946 
8543 -0.156565 0.218766 
8544 -0.0673769 -0.130752 
8545 -0.0655812 -0.0151285 
8546 -0.0621537 0.10033 
8547 -0.0600404 0.215932 
8548 0.0283554 -0.132785 
8549 0.0313702 -0.0168047 
8550 0.0337113 0.0979858 
8551 0.035621 0.213313 
8552 0.124183 -0.133681 
8553 0.12666 -0.0193914 
8554 0.128536 0.0955953 
8555 0.131435 0.209791 
8556 0.218527 -0.134986 
8557 0.220978 -0.0206548 
8558 0.223816 0.092838 
8559 0.226066 0.207806 
8560 -0.153741 -0.124975 
8561 -0.15167 -0.0141676 
8562 -0.14851 0.0956978 
8563 -0.14624 0.206271 
8564 -0.0617113 -0.126028 
8565 -0.0588076 -0.0167794 
8566 -0.0563472 0.0937666 
8567 -0.0539029 0.202953 
8568 0.029641 -0.127966 
8569 0.0321712 -0.0185528 
8570 0.0346117 0.0908931 
8571 0.0368618 0.200091 
8572 0.120259 -0.129356 
8573 0.122135 -0.0209983 
8574 0.125013 0.0879547 
8575 0.128182 0.197047 
8576 0.209713 -0.131374 
8577 0.212927 -0.0225128 
8578 0.214653 0.0853606 
8579 0.217738 0.193736 
8580 -0.14525 -0.121155 
8581 -0.142187 -0.0161117 
8582 -0.138954 0.0890052 
8583 -0.136042 0.193812 
8584 -0.0572244 -0.123328 
8585 -0.0541738 -0.0187286 
8586 -0.0514458 0.0861349 
8587 -0.0487862 0.19068 
8588 0.0298166 -0.12455 
8589 0.0323608 -0.0205399 
8590 0.0356501 0.0837022 
8591 0.038462 0.188179 
8592 0.116396 -0.127027 
8593 0.118939 -0.0225351 
8594 0.121556 0.0808266 
8595 0.124201 0.184546 
8596 0.201824 -0.128593 
8597 0.204118 -0.0253878 
8598 0.206807 0.078218 
8599 0.209177 0.181495 
8600 -0.136926 -0.118152 
8601 -0.133932 -0.0173662 
8602 -0.131151 0.0825164 
8603 -0.12827 0.182759 
8604 -0.0528646 -0.119758 
8605 -0.0503409 -0.02063 
8606 -0.0472846 0.079849 
8607 -0.0443457 0.179972 
8608 0.0304855 -0.122264 
8609 0.0333851 -0.0222256 
8610 0.0363102 0.0766446 
8611 0.0386175 0.176444 
8612 0.112301 -0.123479 
8613 0.11569 -0.0245908 
8614 0.118177 0.0738903 
8615 0.12117 0.172647 
8616 0.193571 -0.125828 
8617 0.197156 -0.0267042 
8618 0.199508 0.0716705 
8619 0.201911 0.169598 
8620 -0.130049 -0.115984 
8621 -0.126734 -0.0199798 
8622 -0.123807 0.0759464 
8623 -0.120347 0.1718 
8624 -0.0495638 -0.117533 
8625 -0.0458168 -0.021967 
8626 -0.0430604 0.07378 
8627 -0.0398278 0.16915 
8628 0.0298641 -0.119431 
8629 0.0328859 -0.0246207 
8630 0.0357698 0.070985 
8631 0.0395232 0.165947 
8632 0.109212 -0.121525 
8633 0.111618 -0.0270074 
8634 0.114317 0.0678916 
8635 0.117369 0.162549 
8636 0.187279 -0.123529 
8637 0.189489 -0.0296107 
8638 0.19224 0.0652089 
8639 0.19566 0.15843 
8640 -0.123249 -0.114111 
8641 -0.119902 -0.0215522 
8642 -0.11628 0.0704946 
8643 -0.113089 0.161933 
8644 -0.0461359 -0.115902 
8645 -0.0429423 -0.0244261 
8646 -0.0401837 0.0667576 
8647 -0.0365525 0.158543 
8648 0.0301533 -0.118385 
8649 0.0328324 -0.0267506 
8650 0.0356307 0.0647821 
8651 0.0393036 0.155733 
8652 0.10566 -0.119747 
8653 0.10804 -0.0298004 
8654 0.111389 0.0618611 
8655 0.114553 0.151816 
8656 0.180094 -0.122522 
8657 0.183217 -0.0319436 
8658 0.186154 0.0588952 
8659 0.188753 0.148391 
8660 -0.116991 -0.112635 
8661 -0.113741 -0.024321 
8662 -0.110656 0.0641729 
8663 -0.107176 0.152529 
8664 -0.0431401 -0.114983 
8665 -0.0399831 -0.027068 
8666 -0.0375527 0.0608511 
8667 -0.034238 0.149434 
8668 0.0301067 -0.116852 
8669 0.0327432 -0.0296257 
8670 0.0361283 0.058288 
8671 0.038666 0.145676 
8672 0.101966 -0.119314 
8673 0.105021 -0.0320091 
8674 0.107871 0.0551939 
8675 0.11102 0.142546 
8676 0.173546 -0.121453 
8677 0.176433 -0.0342282 
8678 0.179586 0.0521882 
8679 0.182232 0.139251 
8680 -0.112261 -0.112314 
8681 -0.109018 -0.02612 
8682 -0.105412 0.0587974 
8683 -0.102287 0.143428 
8684 -0.0412632 -0.114316 
8685 -0.0375631 -0.0288549 
8686 -0.0351136 0.0554663 
8687 -0.0314615 0.139974 
8688 0.029019 -0.116079 
8689 0.0325397 -0.0314189 
8690 0.0358387 0.0527092 
8691 0.0385475 0.136684 
8692 0.0988407 -0.118644 
8693 0.101248 -0.0336927 
8694 0.104408 0.0495457 
8695 0.10748 0.132799 
8696 0.167976 -0.120107 
8697 0.170045 -0.0368694 
8698 0.173578 0.046378 
8699 0.175904 0.129617 
8700 -0.108225 -0.111523 
8701 -0.104727 -0.0286212 
8702 -0.101442 0.0526999 
8703 -0.0980494 0.134965 
8704 -0.0395437 -0.11355 
8705 -0.0359456 -0.0317125 
8706 -0.0329274 0.0499941 
8707 -0.0299504 0.13166 
8708 0.0280402 -0.115855 
8709 0.0320245 -0.0337465 
8710 0.0343789 0.0473626 
8711 0.0383724 0.128174 
8712 0.0951553 -0.117948 
8713 0.0983576 -0.0362707 
8714 0.101839 0.0437308 
8715 0.10475 0.124363 
8716 0.161945 -0.12002 
8717 0.16429 -0.0395363 
8718 0.16773 0.0406672 
8719 0.170182 0.121299 
8720 -0.103903 -0.110632 
8721 -0.10026 -0.0320017 
8722 -0.0968149 0.0476093 
8723 -0.0931941 0.126599 
8724 -0.0374706 -0.113078 
8725 -0.0347492 -0.0343391 
8726 -0.0312114 0.0440357 
8727 -0.0276561 0.123447 
8728 0.0274443 -0.115403 
8729 0.0309082 -0.0364059 
8730 0.0345007 0.0417664 
8731 0.0374501 0.119008 
8732 0.0921708 -0.117609 
8733 0.0954919 -0.0390364 
8734 0.0987621 0.0384644 
8735 0.101296 0.115769 
8736 0.155923 -0.119684 
8737 0.159103 -0.0418085 
8738 0.161958 0.0359692 
8739 0.1647 0.112202 
8740 -0.100306 -0.111259 
8741 -0.0963551 -0.0346565 
8742 -0.0933945 0.04193 
8743 -0.0895226 0.118939 
8744 -0.0365568 -0.113179 
8745 -0.0331463 -0.036395 
8746 -0.0298683 0.0394603 
8747 -0.0264926 0.114821 
8748 0.027119 -0.115002 
8749 0.0304316 -0.0398301 
8750 0.0328811 0.0359505 
8751 0.0367536 0.11191 
8752 0.0895406 -0.117562 
8753 0.0921217 -0.0419843 
8754 0.0955633 0.0328478 
8755 0.0980523 0.108129 
8756 0.151188 -0.119032 
8757 0.154107 -0.0447654 
8758 0.156589 0.0305732 
8759 0.159778 0.105161 
8760 -0.0972051 -0.111552 
8761 -0.0934425 -0.0366841 
8762 -0.0905456 0.0366792 
8763 -0.0865571 0.110366 
8764 -0.0355095 -0.113299 
8765 -0.0323643 -0.0396017 
8766 -0.0283867 0.0339711 
8767 -0.0257145 0.106924 
8768 0.0260271 -0.115947 
8769 0.0290735 -0.042427 
8770 0.0318834 0.0309778 
8771 0.0349441 0.104252 
8772 0.0864996 -0.117155 
8773 0.0893955 -0.0447959 
8774 0.0926365 0.0276677 
8775 0.0949879 0.10063 
8776 0.145092 -0.119539 
8777 0.148479 -0.0472757 
8778 0.15152 0.024995 
8779 0.154006 0.0969257 
