840 -0.33363 -0.217144 
841 -0.333656 -0.0162006 
842 -0.333742 0.183444 
843 -0.33335 0.383786 
844 -0.166535 -0.216293 
845 -0.166291 -0.0162361 
846 -0.166884 0.183441 
847 -0.166991 0.383809 
848 -0.000338001 -0.216324 
849 -2.15164e-05 -0.0170298 
850 7.16047e-05 0.183161 
851 0.000304643 0.383492 
852 0.166267 -0.217133 
853 0.166823 -0.0169556 
854 0.166953 0.183377 
855 0.166595 0.382849 
856 0.33308 -0.216962 
857 0.333416 -0.0165167 
858 0.333441 0.183298 
859 0.333152 0.382841 
860 -0.323775 -0.194811 
861 -0.322939 -0.00910089 
862 -0.322367 0.17675 
863 -0.321868 0.361877 
864 -0.169382 -0.194856 
865 -0.168244 -0.00952343 
866 -0.168198 0.175809 
867 -0.16732 0.361427 
868 -0.0148639 -0.19486 
869 -0.013973 -0.00933756 
870 -0.0132974 0.176093 
871 -0.0127448 0.36117 
872 0.139608 -0.195225 
873 0.140311 -0.00974809 
874 0.141346 0.174593 
875 0.141195 0.359889 
876 0.294238 -0.195464 
877 0.293973 -0.0103578 
878 0.294956 0.174187 
879 0.295645 0.359515 
880 -0.316293 -0.175693 
881 -0.31514 -0.00259787 
882 -0.313694 0.170799 
883 -0.313223 0.344293 
884 -0.171924 -0.175462 
885 -0.170878 -0.00303764 
886 -0.169832 0.170098 
887 -0.168167 0.342193 
888 -0.027369 -0.176204 
889 -0.0263698 -0.00375671 
890 -0.0256548 0.168488 
891 -0.0244139 0.340887 
892 0.115912 -0.176669 
893 0.116948 -0.00485898 
894 0.117712 0.167368 
895 0.119194 0.34009 
896 0.25992 -0.177874 
897 0.260774 -0.0055571 
898 0.261466 0.166554 
899 0.262244 0.338484 
900 -0.309305 -0.159137 
901 -0.308379 0.00293003 
902 -0.306635 0.165614 
903 -0.305639 0.327185 
904 -0.17393 -0.159446 
905 -0.172935 0.00255264 
906 -0.171483 0.164416 
907 -0.170349 0.325974 
908 -0.0390614 -0.160922 
909 -0.0376597 0.00144048 
910 -0.036014 0.162436 
911 -0.0351071 0.324212 
912 0.0955709 -0.161564 
913 0.0968871 -0.000405323 
914 0.0979878 0.160896 
915 0.0992135 0.322606 
916 0.229265 -0.161878 
917 0.230868 -0.00143734 
918 0.231692 0.159252 
919 0.2328 0.320038 
920 -0.304221 -0.145058 
921 -0.302444 0.00800323 
922 -0.301238 0.160612 
923 -0.298786 0.312555 
924 -0.176848 -0.145631 
925 -0.174656 0.00641001 
926 -0.173278 0.158452 
927 -0.172125 0.311058 
928 -0.0500184 -0.146818 
929 -0.048387 0.0050553 
930 -0.0463873 0.156508 
931 -0.0444993 0.308796 
932 0.0759779 -0.148003 
933 0.0780909 0.00327016 
934 0.0802028 0.154581 
935 0.0809426 0.306865 
936 0.201852 -0.148736 
937 0.204019 0.00208253 
938 0.205211 0.153081 
939 0.206809 0.303958 
940 -0.300455 -0.131865 
941 -0.297995 0.0116219 
942 -0.296497 0.155826 
943 -0.293848 0.300239 
944 -0.179193 -0.133416 
945 -0.177946 0.00987501 
946 -0.175445 0.153497 
947 -0.17372 0.296851 
948 -0.0596338 -0.134522 
949 -0.0575776 0.0084743 
950 -0.0562557 0.151964 
951 -0.0536221 0.294562 
952 0.0589319 -0.136257 
953 0.0610523 0.00643536 
954 0.0635199 0.149047 
955 0.0656018 0.292391 
956 0.177858 -0.137085 
957 0.180041 0.00532591 
958 0.181264 0.147685 
959 0.183805 0.289536 
960 -0.296502 -0.121616 
961 -0.294787 0.0147928 
962 -0.291998 0.151659 
963 -0.28974 0.287319 
964 -0.182765 -0.122617 
965 -0.179911 0.0136254 
966 -0.17803 0.148751 
967 -0.175601 0.285296 
968 -0.068836 -0.124126 
969 -0.0663585 0.011738 
970 -0.0642956 0.146514 
971 -0.0623514 0.281799 
972 0.0438386 -0.125552 
973 0.0455353 0.00951784 
974 0.0477009 0.14427 
975 0.0507694 0.279099 
976 0.155844 -0.126798 
977 0.15809 0.00796629 
978 0.160412 0.142082 
979 0.16185 0.276093 
980 -0.293752 -0.112259 
981 -0.291014 0.0179116 
982 -0.288915 0.147335 
983 -0.286167 0.276315 
984 -0.185531 -0.113769 
985 -0.182956 0.0160798 
986 -0.180346 0.144939 
987 -0.177944 0.273627 
988 -0.077205 -0.115441 
989 -0.0746835 0.0138425 
990 -0.0720722 0.141909 
991 -0.0702235 0.270764 
992 0.0292208 -0.117048 
993 0.0317926 0.0110652 
994 0.0343785 0.139379 
995 0.0368227 0.267137 
996 0.135285 -0.118186 
997 0.138452 0.00946827 
998 0.139892 0.136788 
999 0.142271 0.264651 
1000 -0.291276 -0.103751 
1001 -0.28937 0.019652 
1002 -0.286092 0.14352 
1003 -0.282871 0.266598 
1004 -0.187831 -0.105007 
1005 -0.185626 0.0175102 
1006 -0.183076 0.14075 
1007 -0.180223 0.262843 
1008 -0.0856169 -0.10732 
1009 -0.0828987 0.0153963 
1010 -0.0805355 0.138057 
1011 -0.0774301 0.259502 
1012 0.0163943 -0.108362 
1013 0.0190985 0.0128308 
1014 0.0212402 0.134987 
1015 0.023598 0.256618 
1016 0.116858 -0.110442 
1017 0.120019 0.0112337 
1018 0.1221 0.131668 
1019 0.124883 0.253578 
1020 -0.289752 -0.0955617 
1021 -0.287534 0.022238 
1022 -0.284405 0.139797 
1023 -0.280625 0.257089 
1024 -0.191397 -0.0982656 
1025 -0.187825 0.0189468 
1026 -0.185458 0.136184 
1027 -0.182152 0.253605 
1028 -0.0932073 -0.0995713 
1029 -0.0902576 0.0171592 
1030 -0.0870017 0.133652 
1031 -0.0844861 0.24943 
1032 0.00402039 -0.101231 
1033 0.00668637 0.0139841 
1034 0.00968718 0.129968 
1035 0.0118224 0.245916 
1036 0.100085 -0.103164 
1037 0.102753 0.0120761 
1038 0.106077 0.12796 
1039 0.108354 0.242358 
1040 -0.288766 -0.0898909 
1041 -0.285865 0.0227353 
1042 -0.282133 0.135566 
1043 -0.278891 0.247605 
1044 -0.194447 -0.0919254 
1045 -0.190681 0.0200533 
1046 -0.188315 0.132291 
1047 -0.184656 0.244421 
1048 -0.100934 -0.0936404 
1049 -0.09747 0.017978 
1050 -0.0944289 0.129613 
1051 -0.0914489 0.240176 
1052 -0.00763021 -0.0955618 
1053 -0.00431854 0.0151001 
1054 -0.00200205 0.126523 
1055 0.000979083 0.237162 
1056 0.084246 -0.097493 
1057 0.0872943 0.0126879 
1058 0.0902017 0.123603 
1059 0.0924641 0.233105 
1060 -0.288052 -0.0833808 
1061 -0.284551 0.0242624 
1062 -0.281076 0.13159 
1063 -0.277755 0.239292 
1064 -0.197074 -0.0857759 
1065 -0.194464 0.0209941 
1066 -0.191045 0.128662 
1067 -0.187053 0.235656 
1068 -0.106926 -0.0880649 
1069 -0.10428 0.018472 
1070 -0.100972 0.125204 
1071 -0.0979993 0.231689 
1072 -0.0186349 -0.0899934 
1073 -0.0150587 0.015865 
1074 -0.0118999 0.121817 
1075 -0.00886655 0.227622 
1076 0.0693429 -0.0926067 
1077 0.0729712 0.0134467 
1078 0.0758708 0.118519 
1079 0.0789657 0.224244 
1080 -0.287971 -0.078897 
1081 -0.283969 0.0250605 
1082 -0.280398 0.128068 
1083 -0.276704 0.231716 
1084 -0.200618 -0.0807778 
1085 -0.197059 0.0218525 
1086 -0.193237 0.125036 
1087 -0.190061 0.226916 
1088 -0.114334 -0.0835676 
1089 -0.110912 0.0195281 
1090 -0.107266 0.121441 
1091 -0.104228 0.223533 
1092 -0.0285312 -0.0859096 
1093 -0.0249989 0.0162407 
1094 -0.0222286 0.117951 
1095 -0.0185373 0.219548 
1096 0.0556566 -0.0880778 
1097 0.0590362 0.0130912 
1098 0.0622597 0.114519 
1099 0.0651792 0.21623 
1100 -0.287684 -0.0740111 
1101 -0.283229 0.0256697 
1102 -0.27974 0.12432 
1103 -0.276726 0.223678 
1104 -0.20353 -0.0767948 
1105 -0.199427 0.0223784 
1106 -0.196639 0.120531 
1107 -0.193264 0.219909 
1108 -0.120233 -0.0791263 
1109 -0.117263 0.0197237 
1110 -0.113091 0.11711 
1111 -0.110095 0.215151 
1112 -0.0379256 -0.0819062 
1113 -0.0349123 0.0160333 
1114 -0.0314153 0.114202 
1115 -0.0284613 0.212082 
1116 0.0424889 -0.0841075 
1117 0.0458412 0.0140356 
1118 0.0492355 0.110407 
1119 0.0528224 0.207687 
1120 -0.287669 -0.0709173 
1121 -0.283687 0.0255117 
1122 -0.279547 0.120994 
1123 -0.27591 0.216044 
1124 -0.206038 -0.0729989 
1125 -0.202628 0.0222148 
1126 -0.199081 0.117087 
1127 -0.195379 0.212216 
1128 -0.126963 -0.0753888 
1129 -0.12334 0.0190383 
1130 -0.119793 0.113421 
1131 -0.116339 0.208133 
1132 -0.047107 -0.0776027 
1133 -0.0440447 0.0165783 
1134 -0.0406294 0.11016 
1135 -0.0372324 0.203676 
1136 0.03103 -0.0798967 
1137 0.0337386 0.0136693 
1138 0.036926 0.106819 
1139 0.0404051 0.20034 
1140 -0.287455 -0.0676729 
1141 -0.283907 0.0254437 
1142 -0.280263 0.117002 
1143 -0.275837 0.209403 
1144 -0.209355 -0.0693728 
1145 -0.205878 0.0224265 
1146 -0.20242 0.113596 
1147 -0.197982 0.20461 
1148 -0.132679 -0.0720056 
1149 -0.129109 0.0194278 
1150 -0.125359 0.109754 
1151 -0.121538 0.200474 
1152 -0.056169 -0.0752833 
1153 -0.0525988 0.01548 
1154 -0.0487948 0.106488 
1155 -0.0462727 0.196678 
1156 0.0188237 -0.0775954 
1157 0.0225116 0.0126665 
1158 0.0258831 0.103094 
1159 0.0287893 0.192739 
1160 -0.288619 -0.064268 
1161 -0.283889 0.0245011 
1162 -0.280407 0.113801 
1163 -0.276765 0.202805 
1164 -0.212293 -0.0671087 
1165 -0.209065 0.0218097 
1166 -0.205585 0.109869 
1167 -0.201317 0.19812 
1168 -0.138287 -0.0692404 
1169 -0.134558 0.0186348 
1170 -0.130986 0.106501 
1171 -0.127444 0.193815 
1172 -0.0649845 -0.0725587 
1173 -0.0607508 0.0153348 
1174 -0.0575945 0.103058 
1175 -0.0541251 0.189693 
1176 0.00844754 -0.0743706 
1177 0.0117442 0.0121053 
1178 0.0150723 0.0987198 
1179 0.0183854 0.186061 
1180 -0.288927 -0.0623231 
1181 -0.285311 0.023921 
1182 -0.280881 0.110172 
1183 -0.27648 0.196225 
1184 -0.215745 -0.0651574 
1185 -0.211757 0.0206976 
1186 -0.20767 0.106321 
1187 -0.204507 0.191543 
1188 -0.143885 -0.0669931 
1189 -0.140098 0.0176375 
1190 -0.136536 0.102811 
1191 -0.132154 0.187029 
1192 -0.0725752 -0.0695803 
1193 -0.0693418 0.0145118 
1194 -0.0654842 0.098636 
1195 -0.0617775 0.183144 
1196 -0.00273741 -0.0721377 
1197 0.00120981 0.0110894 
1198 0.00417688 0.0956311 
1199 0.00806925 0.179087 
1200 -0.289725 -0.0598031 
1201 -0.285531 0.0236061 
1202 -0.281518 0.106508 
1203 -0.277371 0.189143 
1204 -0.21919 -0.0627386 
1205 -0.215039 0.0200752 
1206 -0.211501 0.102903 
1207 -0.207631 0.185301 
1208 -0.148885 -0.0658733 
1209 -0.14517 0.0172612 
1210 -0.142042 0.0986062 
1211 -0.137806 0.180403 
1212 -0.080548 -0.0681523 
1213 -0.0770891 0.0134897 
1214 -0.0733945 0.0951937 
1215 -0.0694895 0.176642 
1216 -0.0119623 -0.0706906 
1217 -0.00890622 0.010307 
1218 -0.00505628 0.0921098 
1219 -0.00221753 0.173003 
1220 -0.291132 -0.0582322 
1221 -0.286565 0.0219614 
1222 -0.282374 0.102765 
1223 -0.278293 0.183265 
1224 -0.222209 -0.0613989 
1225 -0.218021 0.0186805 
1226 -0.214063 0.0994805 
1227 -0.210624 0.178349 
1228 -0.154529 -0.0643894 
1229 -0.150205 0.0160971 
1230 -0.146566 0.0956481 
1231 -0.142934 0.174794 
1232 -0.0871964 -0.0669651 
1233 -0.0835485 0.01315 
1234 -0.0804857 0.0920328 
1235 -0.0766104 0.17054 
1236 -0.0217249 -0.0692773 
1237 -0.0184374 0.00925978 
1238 -0.0148332 0.0881593 
1239 -0.0109665 0.166646 
