860 -0.332941 -0.216888 
861 -0.332968 -0.0168258 
862 -0.333623 0.183353 
863 -0.333116 0.383464 
864 -0.166544 -0.216216 
865 -0.167144 -0.0167395 
866 -0.16637 0.182943 
867 -0.16702 0.383122 
868 -0.000104397 -0.216517 
869 -0.000147386 -0.016735 
870 0.000111965 0.183057 
871 0.000316695 0.383019 
872 0.166982 -0.216351 
873 0.166714 -0.0171087 
874 0.166577 0.18334 
875 0.166449 0.383328 
876 0.333761 -0.21628 
877 0.33352 -0.0168136 
878 0.332995 0.183521 
879 0.333187 0.383698 
880 -0.323988 -0.194253 
881 -0.322974 -0.00916596 
882 -0.322543 0.176167 
883 -0.322386 0.36162 
884 -0.16942 -0.194695 
885 -0.168851 -0.00937827 
886 -0.168327 0.176201 
887 -0.167411 0.361386 
888 -0.0141377 -0.194728 
889 -0.0139336 -0.0100178 
890 -0.0138112 0.175149 
891 -0.013355 0.360195 
892 0.140143 -0.194994 
893 0.139995 -0.0107852 
894 0.140576 0.174549 
895 0.141303 0.35988 
896 0.293782 -0.19614 
897 0.294172 -0.0107642 
898 0.294464 0.174656 
899 0.295392 0.359176 
900 -0.316252 -0.176165 
901 -0.315589 -0.00313315 
902 -0.314526 0.170373 
903 -0.313027 0.343223 
904 -0.171508 -0.176612 
905 -0.170347 -0.00371833 
906 -0.169358 0.168882 
907 -0.16893 0.341538 
908 -0.0278194 -0.177137 
909 -0.0263471 -0.00484748 
910 -0.0258921 0.167914 
911 -0.0245634 0.340596 
912 0.115854 -0.177715 
913 0.11693 -0.00479167 
914 0.117378 0.167335 
915 0.119253 0.339149 
916 0.259333 -0.178205 
917 0.260232 -0.00573918 
918 0.261288 0.165796 
919 0.262184 0.337942 
920 -0.309554 -0.159663 
921 -0.308193 0.00206932 
922 -0.307437 0.164278 
923 -0.305425 0.326601 
924 -0.174711 -0.160634 
925 -0.173141 0.000934173 
926 -0.171636 0.163488 
927 -0.170141 0.325007 
928 -0.039355 -0.161228 
929 -0.0381455 0.000188436 
930 -0.0365385 0.161313 
931 -0.0359041 0.322867 
932 0.0946702 -0.162476 
933 0.0961045 -0.000991037 
934 0.0980176 0.160075 
935 0.0986125 0.32155 
936 0.228478 -0.163142 
937 0.23017 -0.00215683 
938 0.230961 0.159245 
939 0.232692 0.319965 
940 -0.30497 -0.145573 
941 -0.302623 0.0071189 
942 -0.300865 0.159364 
943 -0.29913 0.311675 
944 -0.176852 -0.146211 
945 -0.175891 0.00563567 
946 -0.173642 0.157344 
947 -0.172392 0.309507 
948 -0.0499194 -0.147369 
949 -0.0481661 0.00435729 
950 -0.0473367 0.156288 
951 -0.0450458 0.307491 
952 0.0755142 -0.148355 
953 0.0779935 0.003182 
954 0.0794657 0.154339 
955 0.0806642 0.305554 
956 0.201672 -0.149712 
957 0.203127 0.00136176 
958 0.204639 0.152592 
959 0.206219 0.303254 
960 -0.300219 -0.133248 
961 -0.298617 0.0110321 
962 -0.296831 0.154302 
963 -0.294886 0.298633 
964 -0.180165 -0.134306 
965 -0.177722 0.00911077 
966 -0.176267 0.152593 
967 -0.174276 0.296126 
968 -0.0606569 -0.136294 
969 -0.0580516 0.00776782 
970 -0.0562377 0.149932 
971 -0.0546589 0.293601 
972 0.0590542 -0.137201 
973 0.060519 0.00598747 
974 0.0631188 0.148685 
975 0.0650726 0.29098 
976 0.177102 -0.138316 
977 0.178663 0.00427368 
978 0.180584 0.146647 
979 0.182447 0.288011 
980 -0.2975 -0.122569 
981 -0.294732 0.0134349 
982 -0.29259 0.149876 
983 -0.28994 0.286116 
984 -0.183326 -0.124581 
985 -0.180301 0.0119892 
986 -0.177966 0.147991 
987 -0.176123 0.283357 
988 -0.0694137 -0.126008 
989 -0.0674149 0.00950595 
990 -0.065216 0.14528 
991 -0.0625218 0.280134 
992 0.0434448 -0.127311 
993 0.044994 0.00845866 
994 0.0480802 0.143222 
995 0.0497113 0.277558 
996 0.154611 -0.128266 
997 0.156928 0.00617437 
998 0.159777 0.140768 
999 0.161713 0.274364 
1000 -0.294809 -0.113177 
1001 -0.292134 0.016158 
1002 -0.288784 0.14571 
1003 -0.286803 0.274831 
1004 -0.186269 -0.114483 
1005 -0.183133 0.0138901 
1006 -0.181187 0.143224 
1007 -0.178149 0.271985 
1008 -0.0782405 -0.116227 
1009 -0.0758717 0.0117708 
1010 -0.0730926 0.140418 
1011 -0.0704401 0.268705 
1012 0.0288046 -0.118482 
1013 0.0309074 0.0100868 
1014 0.0333955 0.137799 
1015 0.0363027 0.265472 
1016 0.135404 -0.119967 
1017 0.137675 0.00780678 
1018 0.139688 0.135342 
1019 0.142112 0.262974 
1020 -0.291917 -0.105502 
1021 -0.289833 0.0181034 
1022 -0.286843 0.141496 
1023 -0.284035 0.264515 
1024 -0.188754 -0.107348 
1025 -0.186014 0.0157735 
1026 -0.183195 0.138139 
1027 -0.180356 0.261261 
1028 -0.0857246 -0.108922 
1029 -0.0834991 0.0139584 
1030 -0.0809453 0.135778 
1031 -0.0777912 0.257596 
1032 0.0156065 -0.110705 
1033 0.018027 0.0113333 
1034 0.0212536 0.133258 
1035 0.0233284 0.254867 
1036 0.116843 -0.112324 
1037 0.118529 0.00959818 
1038 0.121667 0.130335 
1039 0.124063 0.251176 
1040 -0.291039 -0.0977306 
1041 -0.28783 0.0201093 
1042 -0.284278 0.137463 
1043 -0.281738 0.254696 
1044 -0.192227 -0.100062 
1045 -0.188495 0.0173818 
1046 -0.185579 0.134402 
1047 -0.182711 0.250744 
1048 -0.0935158 -0.101524 
1049 -0.0909012 0.0149971 
1050 -0.0882551 0.131191 
1051 -0.0852887 0.248005 
1052 0.0036707 -0.103508 
1053 0.0058626 0.0120229 
1054 0.00849291 0.128895 
1055 0.0117389 0.244257 
1056 0.0996522 -0.105969 
1057 0.101931 0.010431 
1058 0.104492 0.125845 
1059 0.107015 0.241186 
1060 -0.289096 -0.0912935 
1061 -0.286774 0.0206716 
1062 -0.282803 0.132765 
1063 -0.280371 0.245794 
1064 -0.194594 -0.0938293 
1065 -0.192234 0.018393 
1066 -0.188961 0.129637 
1067 -0.18602 0.24167 
1068 -0.101152 -0.0953557 
1069 -0.0978713 0.0160223 
1070 -0.0953617 0.127409 
1071 -0.0924778 0.237839 
1072 -0.00864818 -0.0980523 
1073 -0.00581268 0.0137103 
1074 -0.00225893 0.124087 
1075 -5.39668e-05 0.23461 
1076 0.0839581 -0.0998798 
1077 0.0863761 0.0104063 
1078 0.0892769 0.120796 
1079 0.092031 0.23053 
1080 -0.288304 -0.0858031 
1081 -0.285571 0.0217803 
1082 -0.281524 0.129144 
1083 -0.278493 0.236298 
1084 -0.198022 -0.0885896 
1085 -0.194813 0.0186408 
1086 -0.19125 0.125809 
1087 -0.187927 0.232707 
1088 -0.108554 -0.0900175 
1089 -0.104756 0.0163294 
1090 -0.102174 0.122459 
1091 -0.0982399 0.229244 
1092 -0.0195134 -0.092291 
1093 -0.0165016 0.0141078 
1094 -0.0130456 0.120149 
1095 -0.00985325 0.225287 
1096 0.0690197 -0.0950305 
1097 0.0713754 0.0114243 
1098 0.074387 0.116114 
1099 0.0774891 0.222056 
1100 -0.288381 -0.0813229 
1101 -0.284236 0.0223461 
1102 -0.280901 0.125212 
1103 -0.277865 0.228087 
1104 -0.201268 -0.0838916 
1105 -0.197689 0.0197497 
1106 -0.193973 0.121586 
1107 -0.191297 0.22458 
1108 -0.114834 -0.0861188 
1109 -0.111396 0.0168229 
1110 -0.108638 0.118651 
1111 -0.105387 0.22072 
1112 -0.0292826 -0.0881608 
1113 -0.0259519 0.014071 
1114 -0.023142 0.115977 
1115 -0.0195846 0.216819 
1116 0.0551346 -0.0897793 
1117 0.0585083 0.01109 
1118 0.0610757 0.111795 
1119 0.0644067 0.213526 
1120 -0.288236 -0.0775998 
1121 -0.284484 0.0218382 
1122 -0.280675 0.121434 
1123 -0.277628 0.220988 
1124 -0.203792 -0.0795494 
1125 -0.200889 0.0194574 
1126 -0.196993 0.117942 
1127 -0.193196 0.216713 
1128 -0.121273 -0.0820129 
1129 -0.1178 0.0168018 
1130 -0.114493 0.114586 
1131 -0.11089 0.212567 
1132 -0.0392709 -0.0842529 
1133 -0.0357541 0.0134854 
1134 -0.0323011 0.111589 
1135 -0.0290272 0.208805 
1136 0.0418491 -0.0862604 
1137 0.0453703 0.011382 
1138 0.0484349 0.108424 
1139 0.0515516 0.205411 
1140 -0.287634 -0.0733348 
1141 -0.284763 0.0226751 
1142 -0.280145 0.117773 
1143 -0.276739 0.212987 
1144 -0.207676 -0.0759499 
1145 -0.20373 0.0194273 
1146 -0.199733 0.114208 
1147 -0.19621 0.208759 
1148 -0.127003 -0.0783934 
1149 -0.123959 0.0167707 
1150 -0.120439 0.11049 
1151 -0.117151 0.204727 
1152 -0.0482829 -0.0811628 
1153 -0.0449689 0.0136367 
1154 -0.0419747 0.106938 
1155 -0.0378715 0.20074 
1156 0.0303829 -0.0835146 
1157 0.033633 0.0109349 
1158 0.0360231 0.10359 
1159 0.039197 0.197421 
1160 -0.287901 -0.0704107 
1161 -0.285001 0.0217188 
1162 -0.281007 0.113608 
1163 -0.27694 0.205637 
1164 -0.210216 -0.0727999 
1165 -0.206557 0.0187475 
1166 -0.203257 0.110424 
1167 -0.199028 0.201986 
1168 -0.132956 -0.0756922 
1169 -0.129184 0.0156194 
1170 -0.125918 0.106833 
1171 -0.122662 0.197704 
1172 -0.0573421 -0.0779068 
1173 -0.0532006 0.0128347 
1174 -0.0499026 0.103311 
1175 -0.0465002 0.193483 
1176 0.0181933 -0.0804317 
1177 0.0219405 0.00967326 
1178 0.0245119 0.0995616 
1179 0.0284156 0.189889 
1180 -0.289208 -0.0673821 
1181 -0.284864 0.0210762 
1182 -0.280643 0.110392 
1183 -0.276887 0.199294 
1184 -0.213383 -0.0707916 
1185 -0.209551 0.0181808 
1186 -0.206347 0.107012 
1187 -0.201887 0.194928 
1188 -0.138652 -0.0729086 
1189 -0.135516 0.0147916 
1190 -0.131434 0.103029 
1191 -0.127683 0.19027 
1192 -0.065101 -0.0751634 
1193 -0.0619724 0.0125338 
1194 -0.0581886 0.0994735 
1195 -0.0545965 0.186548 
1196 0.00774299 -0.0780238 
1197 0.0110379 0.00930383 
1198 0.0142504 0.0962212 
1199 0.0170169 0.182267 
1200 -0.28927 -0.0654259 
1201 -0.286053 0.0204408 
1202 -0.282025 0.10633 
1203 -0.277412 0.191943 
1204 -0.216412 -0.0678798 
1205 -0.21259 0.0173076 
1206 -0.208618 0.103143 
1207 -0.20484 0.187587 
1208 -0.144034 -0.0710981 
1209 -0.140949 0.0148847 
1210 -0.137261 0.0997425 
1211 -0.133212 0.183467 
1212 -0.0732779 -0.0731359 
1213 -0.0694215 0.0108916 
1214 -0.0663663 0.0959812 
1215 -0.0623185 0.179854 
1216 -0.00348141 -0.0754095 
1217 0.000510358 0.00787201 
1218 0.00362255 0.0921849 
1219 0.00707863 0.175974 
1220 -0.290405 -0.0639429 
1221 -0.286528 0.0193195 
1222 -0.282149 0.102858 
1223 -0.278203 0.185997 
1224 -0.219963 -0.0669129 
1225 -0.216269 0.0168983 
1226 -0.212321 0.0989694 
1227 -0.208265 0.181774 
1228 -0.149719 -0.0694777 
1229 -0.146431 0.0135167 
1230 -0.143002 0.0954267 
1231 -0.138444 0.177394 
1232 -0.0810855 -0.071648 
1233 -0.0776943 0.00994797 
1234 -0.0737471 0.0917845 
1235 -0.0705874 0.173419 
1236 -0.0134267 -0.0736309 
1237 -0.00957242 0.00763946 
1238 -0.00601657 0.0886188 
1239 -0.00305756 0.168679 
1240 -0.291204 -0.0622029 
1241 -0.286888 0.0188478 
1242 -0.283537 0.0991526 
1243 -0.279649 0.179383 
1244 -0.223382 -0.0645294 
1245 -0.219469 0.0148851 
1246 -0.215515 0.0948878 
1247 -0.210995 0.174573 
1248 -0.155719 -0.0673447 
1249 -0.151855 0.0119995 
1250 -0.147443 0.0911952 
1251 -0.144053 0.171025 
1252 -0.0883402 -0.069873 
1253 -0.085265 0.00917262 
1254 -0.0817924 0.0884696 
1255 -0.077692 0.166224 
1256 -0.0230398 -0.0724424 
1257 -0.0187348 0.00653703 
1258 -0.0153562 0.0842072 
1259 -0.0119923 0.162284 
