8680 -0.33314 -0.216345 
8681 -0.333666 -0.0166151 
8682 -0.333283 0.183718 
8683 -0.333074 0.383374 
8684 -0.167134 -0.217002 
8685 -0.16655 -0.0165637 
8686 -0.167096 0.182835 
8687 -0.166801 0.383096 
8688 -2.77363e-05 -0.216263 
8689 0.000402093 -0.0163316 
8690 -0.000312286 0.183444 
8691 -0.000357135 0.383559 
8692 0.167084 -0.216214 
8693 0.167106 -0.0169367 
8694 0.166622 0.18312 
8695 0.167136 0.382977 
8696 0.333272 -0.216634 
8697 0.332937 -0.0170504 
8698 0.333761 0.182995 
8699 0.333213 0.383095 
8700 -0.298811 -0.205193 
8701 -0.29841 -0.0213031 
8702 -0.297781 0.1623 
8703 -0.297073 0.345819 
8704 -0.145457 -0.206159 
8705 -0.145428 -0.0224155 
8706 -0.144329 0.161346 
8707 -0.143772 0.344568 
8708 0.00794171 -0.206432 
8709 0.00836472 -0.0221358 
8710 0.00836461 0.160798 
8711 0.0085496 0.344613 
8712 0.16046 -0.206293 
8713 0.160845 -0.0229393 
8714 0.161259 0.160628 
8715 0.161302 0.34407 
8716 0.312873 -0.206305 
8717 0.313322 -0.0233744 
8718 0.314016 0.160524 
8719 0.313997 0.343723 
8720 -0.269792 -0.196873 
8721 -0.269025 -0.0268325 
8722 -0.268031 0.143148 
8723 -0.267066 0.313225 
8724 -0.12787 -0.196873 
8725 -0.126956 -0.0268141 
8726 -0.126716 0.143027 
8727 -0.125477 0.311571 
8728 0.0137755 -0.197093 
8729 0.0140765 -0.0273946 
8730 0.0154785 0.141947 
8731 0.0158015 0.310946 
8732 0.154481 -0.197987 
8733 0.155047 -0.0282788 
8734 0.156378 0.141055 
8735 0.156385 0.31038 
8736 0.295944 -0.197942 
8737 0.29593 -0.0287442 
8738 0.29689 0.140429 
8739 0.297005 0.309285 
8740 -0.245306 -0.19003 
8741 -0.243767 -0.0314304 
8742 -0.24311 0.126292 
8743 -0.241344 0.284194 
8744 -0.112753 -0.189699 
8745 -0.112038 -0.0322553 
8746 -0.111448 0.125702 
8747 -0.110007 0.283004 
8748 0.0182733 -0.190903 
8749 0.0197209 -0.032668 
8750 0.0207294 0.124214 
8751 0.0217683 0.281855 
8752 0.149648 -0.191403 
8753 0.150715 -0.0337692 
8754 0.150827 0.123187 
8755 0.152444 0.280167 
8756 0.280438 -0.191342 
8757 0.281428 -0.0346595 
8758 0.28184 0.122546 
8759 0.282214 0.279088 
8760 -0.224491 -0.184588 
8761 -0.222436 -0.0361084 
8762 -0.221145 0.112347 
8763 -0.219915 0.259113 
8764 -0.100471 -0.184794 
8765 -0.0995269 -0.0370894 
8766 -0.098058 0.110323 
8767 -0.0969899 0.257635 
8768 0.0223566 -0.185005 
8769 0.023724 -0.0373864 
8770 0.024239 0.108952 
8771 0.0258573 0.256522 
8772 0.144959 -0.185617 
8773 0.146202 -0.0389243 
8774 0.147142 0.108453 
8775 0.147386 0.254316 
8776 0.266561 -0.185814 
8777 0.267927 -0.0397844 
8778 0.267923 0.106901 
8779 0.26902 0.252646 
8780 -0.206333 -0.179997 
8781 -0.204596 -0.0400982 
8782 -0.202915 0.0988919 
8783 -0.201817 0.236581 
8784 -0.0901905 -0.180448 
8785 -0.0882033 -0.0411575 
8786 -0.0873047 0.0972259 
8787 -0.0852421 0.235504 
8788 0.0260499 -0.180714 
8789 0.0273681 -0.0424209 
8790 0.0284007 0.0954898 
8791 0.0297324 0.233412 
8792 0.140295 -0.181592 
8793 0.141987 -0.0433165 
8794 0.142345 0.0940165 
8795 0.143233 0.231658 
8796 0.255082 -0.181755 
8797 0.255097 -0.0443291 
8798 0.256835 0.0930354 
8799 0.25757 0.22961 
8800 -0.189741 -0.175614 
8801 -0.188651 -0.0446926 
8802 -0.187089 0.0864151 
8803 -0.185017 0.21697 
8804 -0.0804128 -0.176447 
8805 -0.0795204 -0.0457718 
8806 -0.0780887 0.0845005 
8807 -0.0757789 0.215107 
8808 0.0279768 -0.177023 
8809 0.0294763 -0.0465668 
8810 0.0307514 0.0830237 
8811 0.0324872 0.213123 
8812 0.135851 -0.177946 
8813 0.137434 -0.0481328 
8814 0.138935 0.0819012 
8815 0.140224 0.21038 
8816 0.24384 -0.178786 
8817 0.244814 -0.0490898 
8818 0.245314 0.0798591 
8819 0.246184 0.209168 
8820 -0.176414 -0.172833 
8821 -0.174529 -0.0485897 
8822 -0.173131 0.0749317 
8823 -0.171195 0.197824 
8824 -0.0724175 -0.173838 
8825 -0.0712033 -0.0501552 
8826 -0.0696564 0.0731538 
8827 -0.0681382 0.196099 
8828 0.0298169 -0.174336 
8829 0.0313964 -0.051584 
8830 0.0328336 0.0721261 
8831 0.0347644 0.1937 
8832 0.131997 -0.174859 
8833 0.133563 -0.0525992 
8834 0.134565 0.0699413 
8835 0.136398 0.191689 
8836 0.233611 -0.175413 
8837 0.235151 -0.0532839 
8838 0.235299 0.0690538 
8839 0.236565 0.190237 
8840 -0.164383 -0.171194 
8841 -0.162215 -0.0534728 
8842 -0.160017 0.0639543 
8843 -0.158298 0.180799 
8844 -0.0656935 -0.171673 
8845 -0.0640872 -0.053993 
8846 -0.0626111 0.0622263 
8847 -0.0606473 0.1793 
8848 0.0317342 -0.17271 
8849 0.0330532 -0.0551406 
8850 0.0344944 0.0611395 
8851 0.0362554 0.177428 
8852 0.12871 -0.173165 
8853 0.130136 -0.0564962 
8854 0.130824 0.0590875 
8855 0.131908 0.175395 
8856 0.224686 -0.173746 
8857 0.22524 -0.0572765 
8858 0.226942 0.0578505 
8859 0.228092 0.173184 
8860 -0.15367 -0.169848 
8861 -0.151316 -0.0567016 
8862 -0.14999 0.0547045 
8863 -0.148227 0.165245 
8864 -0.0598365 -0.169607 
8865 -0.0580796 -0.0584585 
8866 -0.0566408 0.0527035 
8867 -0.0551656 0.163294 
8868 0.0326718 -0.170762 
8869 0.0346757 -0.0594029 
8870 0.0360061 0.051453 
8871 0.0368932 0.161243 
8872 0.125279 -0.17187 
8873 0.125905 -0.0608626 
8874 0.126923 0.0497472 
8875 0.1287 0.159738 
8876 0.216455 -0.171774 
8877 0.217168 -0.0614724 
8878 0.218646 0.0481277 
8879 0.218872 0.157653 
8880 -0.144384 -0.168038 
8881 -0.142512 -0.0612159 
8882 -0.140236 0.0449501 
8883 -0.138147 0.151498 
8884 -0.054535 -0.16934 
8885 -0.0531907 -0.0618823 
8886 -0.0515857 0.0436229 
8887 -0.0497247 0.148868 
8888 0.03397 -0.169266 
8889 0.0352226 -0.0630875 
8890 0.0362857 0.0419901 
8891 0.0385669 0.147331 
8892 0.121721 -0.170177 
8893 0.122862 -0.0648531 
8894 0.123959 0.0401857 
8895 0.125472 0.144876 
8896 0.207883 -0.170842 
8897 0.209217 -0.0658784 
8898 0.210576 0.0387224 
8899 0.211156 0.14311 
8900 -0.135648 -0.167748 
8901 -0.133677 -0.0646927 
8902 -0.131905 0.0365334 
8903 -0.129539 0.138256 
8904 -0.0500156 -0.167982 
8905 -0.0481527 -0.0660236 
8906 -0.0472148 0.0349589 
8907 -0.0454902 0.136047 
8908 0.0339905 -0.168329 
8909 0.0358245 -0.0669855 
8910 0.0367629 0.0336711 
8911 0.0388183 0.133898 
8912 0.117536 -0.169601 
8913 0.119421 -0.068366 
8914 0.120414 0.0319443 
8915 0.121491 0.131721 
8916 0.201021 -0.169999 
8917 0.201407 -0.0695326 
8918 0.203328 0.0300064 
8919 0.204307 0.13008 
8920 -0.127798 -0.167189 
8921 -0.125933 -0.068995 
8922 -0.124609 0.028402 
8923 -0.122052 0.125593 
8924 -0.0462281 -0.167164 
8925 -0.0451568 -0.0700995 
8926 -0.0434213 0.026764 
8927 -0.0416878 0.12367 
8928 0.0342983 -0.168187 
8929 0.0359565 -0.0712491 
8930 0.0376284 0.0252256 
8931 0.0383987 0.122047 
8932 0.114978 -0.168319 
8933 0.115417 -0.0721624 
8934 0.117383 0.0239741 
8935 0.1184 0.119872 
8936 0.194108 -0.169658 
8937 0.194526 -0.0731793 
8938 0.196305 0.0223988 
8939 0.197274 0.118029 
8940 -0.121137 -0.166099 
8941 -0.119475 -0.071981 
8942 -0.11797 0.0212012 
8943 -0.115988 0.114719 
8944 -0.043032 -0.167166 
8945 -0.0414001 -0.0732622 
8946 -0.04018 0.0196618 
8947 -0.0379525 0.112462 
8948 0.0348021 -0.167338 
8949 0.0363835 -0.0750335 
8950 0.0372549 0.0175873 
8951 0.0386365 0.110117 
8952 0.110726 -0.168003 
8953 0.112708 -0.0759364 
8954 0.113995 0.0166074 
8955 0.115054 0.107872 
8956 0.187595 -0.16893 
8957 0.188265 -0.0768652 
8958 0.189407 0.015345 
8959 0.19051 0.106572 
8960 -0.115789 -0.16604 
8961 -0.113983 -0.0760072 
8962 -0.111529 0.0136685 
8963 -0.10998 0.103676 
8964 -0.0405182 -0.167341 
8965 -0.0388775 -0.0769521 
8966 -0.0367306 0.0125983 
8967 -0.0350921 0.100949 
8968 0.0340723 -0.167832 
8969 0.0361263 -0.078301 
8970 0.0375327 0.0109019 
8971 0.0387567 0.0994125 
8972 0.108395 -0.16866 
8973 0.108865 -0.0796368 
8974 0.110144 0.00905123 
8975 0.112078 0.0977523 
8976 0.180661 -0.168702 
8977 0.181581 -0.0799129 
8978 0.182751 0.0076329 
8979 0.18406 0.0954566 
8980 -0.109753 -0.166207 
8981 -0.108455 -0.0797458 
8982 -0.106072 0.00688308 
8983 -0.104224 0.0928989 
8984 -0.0372222 -0.167091 
8985 -0.0360856 -0.0801222 
8986 -0.0344463 0.00561101 
8987 -0.0329128 0.0909528 
8988 0.0335758 -0.167431 
8989 0.0350574 -0.0819061 
8990 0.0368798 0.00440359 
8991 0.0381501 0.088965 
8992 0.105128 -0.16831 
8993 0.105755 -0.0823239 
8994 0.107168 0.00300395 
8995 0.108771 0.0873958 
8996 0.175103 -0.168711 
8997 0.175615 -0.0833383 
8998 0.176389 0.000898036 
8999 0.178089 0.0852904 
9000 -0.105839 -0.167096 
9001 -0.103217 -0.0827295 
9002 -0.101973 0.000184059 
9003 -0.0996449 0.0835095 
9004 -0.0352414 -0.167342 
9005 -0.0337832 -0.0835213 
9006 -0.0320335 -0.000746937 
9007 -0.0305562 0.0819337 
9008 0.0334324 -0.168055 
9009 0.0349785 -0.0843587 
9010 0.0360807 -0.00173414 
9011 0.0374 0.0797271 
9012 0.102033 -0.167955 
9013 0.102679 -0.0852255 
9014 0.103744 -0.00396212 
9015 0.105271 0.0785069 
9016 0.169779 -0.169193 
9017 0.169978 -0.0864571 
9018 0.171484 -0.00482099 
9019 0.171526 0.0762386 
9020 -0.101341 -0.167092 
9021 -0.0992966 -0.0864929 
9022 -0.0974076 -0.00598029 
9023 -0.0959736 0.0742648 
9024 -0.0339589 -0.167747 
9025 -0.0327459 -0.0875079 
9026 -0.0303178 -0.00697902 
9027 -0.0297001 0.0725715 
9028 0.0330181 -0.168131 
9029 0.0339491 -0.0884013 
9030 0.0354158 -0.00772362 
9031 0.0361595 0.0710464 
9032 0.0986569 -0.168197 
9033 0.10022 -0.0888215 
9034 0.100944 -0.00953039 
9035 0.10226 0.0691818 
9036 0.163703 -0.168852 
9037 0.164558 -0.0897643 
9038 0.165879 -0.0109767 
9039 0.166351 0.0672214 
9040 -0.097549 -0.167835 
9041 -0.0954347 -0.0893078 
9042 -0.0936225 -0.0112906 
9043 -0.0926705 0.0664828 
9044 -0.03255 -0.168354 
9045 -0.0310256 -0.0906199 
9046 -0.0291317 -0.0122729 
9047 -0.0282704 0.0639381 
9048 0.031995 -0.168683 
9049 0.0335735 -0.091339 
9050 0.0349161 -0.0135534 
9051 0.0354931 0.0625206 
9052 0.0961622 -0.169191 
9053 0.0968455 -0.0915915 
9054 0.0979079 -0.0149824 
9055 0.0984535 0.0606164 
9056 0.158797 -0.169101 
9057 0.159219 -0.0924784 
9058 0.160603 -0.0164991 
9059 0.16041 0.0596137 
9060 -0.0942702 -0.167998 
9061 -0.0928393 -0.0923667 
9062 -0.0913277 -0.0170747 
9063 -0.0892788 0.057538 
9064 -0.0307702 -0.168747 
9065 -0.0292113 -0.0930347 
9066 -0.0280721 -0.0178385 
9067 -0.0268411 0.0566151 
9068 0.0308729 -0.169084 
9069 0.0322913 -0.0935954 
9070 0.0330162 -0.0197089 
9071 0.034761 0.0542829 
9072 0.0924339 -0.169792 
9073 0.0935569 -0.0946823 
9074 0.0942743 -0.0201028 
9075 0.095089 0.05351 
9076 0.153465 -0.169663 
9077 0.15381 -0.0949073 
9078 0.154599 -0.0221176 
9079 0.155876 0.0513294 
