8720 -0.333721 -0.216337 
8721 -0.333039 -0.0168987 
8722 -0.333803 0.183241 
8723 -0.333316 0.382862 
8724 -0.16663 -0.216326 
8725 -0.166993 -0.0166248 
8726 -0.167096 0.183809 
8727 -0.166321 0.383394 
8728 -8.43292e-05 -0.217006 
8729 0.000244574 -0.0165224 
8730 -0.000226077 0.183382 
8731 0.000486894 0.383134 
8732 0.166787 -0.217006 
8733 0.166765 -0.0162609 
8734 0.167075 0.18354 
8735 0.166821 0.383316 
8736 0.333387 -0.216333 
8737 0.333505 -0.0168317 
8738 0.333351 0.183015 
8739 0.333394 0.383693 
8740 -0.299277 -0.206246 
8741 -0.298656 -0.022182 
8742 -0.298049 0.161223 
8743 -0.29726 0.344435 
8744 -0.145923 -0.206836 
8745 -0.144913 -0.022932 
8746 -0.144879 0.160827 
8747 -0.144288 0.34473 
8748 0.00737959 -0.207147 
8749 0.00808012 -0.0236531 
8750 0.00815009 0.160664 
8751 0.00832325 0.343942 
8752 0.160155 -0.207009 
8753 0.161068 -0.0230747 
8754 0.16135 0.159632 
8755 0.161303 0.343613 
8756 0.312989 -0.206609 
8757 0.313247 -0.0233072 
8758 0.313254 0.159278 
8759 0.314124 0.342803 
8760 -0.269785 -0.198071 
8761 -0.268623 -0.0285364 
8762 -0.268118 0.141531 
8763 -0.26761 0.311643 
8764 -0.127826 -0.198348 
8765 -0.126728 -0.0288484 
8766 -0.126137 0.141308 
8767 -0.12565 0.310453 
8768 0.0138671 -0.199425 
8769 0.0148938 -0.0294699 
8770 0.0152989 0.140129 
8771 0.0158767 0.309663 
8772 0.154794 -0.198855 
8773 0.15526 -0.0298671 
8774 0.156321 0.140098 
8775 0.15626 0.30859 
8776 0.29617 -0.199605 
8777 0.296704 -0.0300105 
8778 0.296564 0.139003 
8779 0.296851 0.308094 
8780 -0.244959 -0.191941 
8781 -0.244509 -0.0335401 
8782 -0.243139 0.124648 
8783 -0.241608 0.282168 
8784 -0.113339 -0.192444 
8785 -0.111946 -0.0343744 
8786 -0.111325 0.124 
8787 -0.110568 0.281304 
8788 0.0184115 -0.192543 
8789 0.020068 -0.0352592 
8790 0.0207685 0.122458 
8791 0.0207504 0.280082 
8792 0.150031 -0.193282 
8793 0.151138 -0.0356765 
8794 0.151775 0.121892 
8795 0.152432 0.27897 
8796 0.280692 -0.193183 
8797 0.281409 -0.0360079 
8798 0.281423 0.120964 
8799 0.282473 0.277978 
8800 -0.224615 -0.187334 
8801 -0.223135 -0.0382847 
8802 -0.221442 0.10896 
8803 -0.220761 0.257043 
8804 -0.100202 -0.187361 
8805 -0.0988318 -0.039406 
8806 -0.098284 0.108448 
8807 -0.0973788 0.25528 
8808 0.0227004 -0.187346 
8809 0.0240866 -0.0399554 
8810 0.0242945 0.106594 
8811 0.0261376 0.253537 
8812 0.145367 -0.188127 
8813 0.146581 -0.041012 
8814 0.14723 0.106381 
8815 0.148031 0.252276 
8816 0.267168 -0.188021 
8817 0.267968 -0.0418 
8818 0.268277 0.10474 
8819 0.269172 0.250766 
8820 -0.20599 -0.182575 
8821 -0.20409 -0.0435885 
8822 -0.203004 0.09561 
8823 -0.202035 0.233661 
8824 -0.0899591 -0.183018 
8825 -0.0883047 -0.0441145 
8826 -0.0875224 0.0937465 
8827 -0.0854026 0.23279 
8828 0.0258555 -0.183904 
8829 0.0266426 -0.0455776 
8830 0.027923 0.0925077 
8831 0.0289496 0.230936 
8832 0.141501 -0.184317 
8833 0.142226 -0.0457168 
8834 0.142944 0.0919696 
8835 0.14407 0.228783 
8836 0.255487 -0.18414 
8837 0.255841 -0.0469049 
8838 0.256629 0.0902994 
8839 0.257874 0.227534 
8840 -0.189906 -0.179355 
8841 -0.188096 -0.048432 
8842 -0.187312 0.0832274 
8843 -0.18564 0.213145 
8844 -0.0802696 -0.180475 
8845 -0.0785977 -0.0491825 
8846 -0.0777584 0.0811796 
8847 -0.0759401 0.211143 
8848 0.0289476 -0.180377 
8849 0.0294727 -0.0496952 
8850 0.0304589 0.0801591 
8851 0.0320314 0.209431 
8852 0.136577 -0.180939 
8853 0.138086 -0.0506031 
8854 0.139166 0.078771 
8855 0.139958 0.208253 
8856 0.244724 -0.181181 
8857 0.245329 -0.0515456 
8858 0.246149 0.0779805 
8859 0.246367 0.206 
8860 -0.176419 -0.17675 
8861 -0.17508 -0.0529481 
8862 -0.173151 0.0707148 
8863 -0.171199 0.194983 
8864 -0.0724273 -0.178173 
8865 -0.0706407 -0.0535384 
8866 -0.0698394 0.0701193 
8867 -0.068544 0.192834 
8868 0.0310398 -0.17826 
8869 0.0323248 -0.0549905 
8870 0.0325696 0.0688316 
8871 0.0340797 0.191126 
8872 0.132952 -0.178824 
8873 0.13357 -0.0558867 
8874 0.135362 0.0666626 
8875 0.135997 0.188647 
8876 0.234406 -0.179525 
8877 0.235144 -0.0562293 
8878 0.236567 0.0661387 
8879 0.236554 0.187405 
8880 -0.163913 -0.175431 
8881 -0.162064 -0.0575534 
8882 -0.160547 0.0607194 
8883 -0.158977 0.177397 
8884 -0.0653029 -0.175969 
8885 -0.064308 -0.0580821 
8886 -0.0622033 0.0588195 
8887 -0.060688 0.175423 
8888 0.032603 -0.17576 
8889 0.0330168 -0.0592612 
8890 0.0350807 0.0576128 
8891 0.03543 0.174108 
8892 0.129384 -0.176208 
8893 0.129747 -0.0602697 
8894 0.1316 0.0564752 
8895 0.131933 0.171965 
8896 0.225296 -0.176786 
8897 0.226232 -0.060515 
8898 0.22688 0.054868 
8899 0.227569 0.170521 
8900 -0.153102 -0.173739 
8901 -0.151979 -0.0614325 
8902 -0.15035 0.0504421 
8903 -0.148207 0.161541 
8904 -0.0597404 -0.174523 
8905 -0.0576045 -0.0627792 
8906 -0.0562584 0.0489444 
8907 -0.0555453 0.160247 
8908 0.0338246 -0.174784 
8909 0.0345319 -0.0632594 
8910 0.0362324 0.0481073 
8911 0.0372422 0.157596 
8912 0.125472 -0.175295 
8913 0.126838 -0.0645699 
8914 0.12726 0.046582 
8915 0.129054 0.156692 
8916 0.217071 -0.176151 
8917 0.218116 -0.0652157 
8918 0.218343 0.0453343 
8919 0.219266 0.154145 
8920 -0.143674 -0.172922 
8921 -0.142152 -0.065697 
8922 -0.140097 0.0408963 
8923 -0.138173 0.147481 
8924 -0.054786 -0.173342 
8925 -0.0529424 -0.0662671 
8926 -0.0518649 0.0400469 
8927 -0.0504238 0.145479 
8928 0.0342505 -0.173894 
8929 0.0358646 -0.0676305 
8930 0.0369044 0.0380768 
8931 0.0384204 0.143305 
8932 0.121813 -0.174291 
8933 0.123248 -0.0683402 
8934 0.124376 0.0374278 
8935 0.125186 0.141899 
8936 0.208689 -0.175051 
8937 0.210048 -0.0697059 
8938 0.210395 0.0352098 
8939 0.21164 0.139746 
8940 -0.135104 -0.172316 
8941 -0.133928 -0.0699079 
8942 -0.131583 0.0323097 
8943 -0.130127 0.133749 
8944 -0.0500366 -0.172717 
8945 -0.0487144 -0.070112 
8946 -0.0467746 0.0312464 
8947 -0.0453211 0.132625 
8948 0.0342371 -0.173193 
8949 0.0355889 -0.0713393 
8950 0.0370665 0.0293534 
8951 0.0385782 0.130413 
8952 0.118844 -0.173395 
8953 0.119611 -0.0720735 
8954 0.120918 0.0279234 
8955 0.121132 0.128735 
8956 0.201213 -0.174225 
8957 0.202865 -0.0735175 
8958 0.203623 0.0267342 
8959 0.203662 0.126811 
8960 -0.127635 -0.172091 
8961 -0.126505 -0.073558 
8962 -0.124624 0.0244909 
8963 -0.122628 0.121769 
8964 -0.045993 -0.172299 
8965 -0.0441927 -0.0738791 
8966 -0.0432751 0.0231801 
8967 -0.0417332 0.119544 
8968 0.0355057 -0.172651 
8969 0.0362901 -0.0750455 
8970 0.0375208 0.021803 
8971 0.0382603 0.11792 
8972 0.114855 -0.173111 
8973 0.116562 -0.0755585 
8974 0.117199 0.020269 
8975 0.118318 0.115869 
8976 0.194374 -0.173547 
8977 0.195245 -0.0765302 
8978 0.196074 0.0187686 
8979 0.196743 0.114069 
8980 -0.121029 -0.171474 
8981 -0.119857 -0.0768846 
8982 -0.118341 0.0170221 
8983 -0.116431 0.1099 
8984 -0.0424247 -0.172234 
8985 -0.0414396 -0.0777257 
8986 -0.0397037 0.0149479 
8987 -0.0384493 0.108061 
8988 0.0355688 -0.171631 
8989 0.0363871 -0.0785553 
8990 0.0371585 0.0146207 
8991 0.0389115 0.106168 
8992 0.11176 -0.172866 
8993 0.113127 -0.079227 
8994 0.113676 0.0123694 
8995 0.114437 0.104704 
8996 0.188269 -0.172398 
8997 0.189226 -0.0801077 
8998 0.189343 0.011394 
8999 0.189869 0.102612 
9000 -0.114719 -0.17127 
9001 -0.113159 -0.0802556 
9002 -0.112343 0.00980843 
9003 -0.110886 0.0994263 
9004 -0.0399152 -0.171327 
9005 -0.0380794 -0.0817311 
9006 -0.0371678 0.00859613 
9007 -0.0359223 0.0973051 
9008 0.0350452 -0.172416 
9009 0.035735 -0.0819079 
9010 0.0375084 0.00729015 
9011 0.0383053 0.0955742 
9012 0.109194 -0.172579 
9013 0.110057 -0.0824754 
9014 0.11099 0.00609655 
9015 0.111537 0.0939972 
9016 0.182289 -0.172889 
9017 0.18223 -0.0841332 
9018 0.183648 0.00425798 
9019 0.183966 0.0920557 
9020 -0.10996 -0.171892 
9021 -0.107943 -0.0838301 
9022 -0.106429 0.00293387 
9023 -0.105367 0.0884942 
9024 -0.0370241 -0.171661 
9025 -0.0360819 -0.0846348 
9026 -0.0343929 0.00177416 
9027 -0.0332913 0.0868419 
9028 0.0342612 -0.172046 
9029 0.0355565 -0.0859786 
9030 0.0364575 0.000263405 
9031 0.0382976 0.0853862 
9032 0.106091 -0.171774 
9033 0.106825 -0.0858431 
9034 0.106878 -0.000355575 
9035 0.108288 0.0839449 
9036 0.175798 -0.172371 
9037 0.176371 -0.0868308 
9038 0.176658 -0.0023307 
9039 0.177891 0.0823813 
9040 -0.10487 -0.172155 
9041 -0.103588 -0.0876474 
9042 -0.102339 -0.0038072 
9043 -0.100774 0.0790191 
9044 -0.0347111 -0.171791 
9045 -0.0336137 -0.0881781 
9046 -0.0327877 -0.00480448 
9047 -0.0314313 0.0777671 
9048 0.0338418 -0.171677 
9049 0.0351273 -0.0886022 
9050 0.0360268 -0.00643332 
9051 0.0371363 0.0762347 
9052 0.102749 -0.172141 
9053 0.102883 -0.089231 
9054 0.103735 -0.00750684 
9055 0.104787 0.0743153 
9056 0.16998 -0.172215 
9057 0.170636 -0.0895551 
9058 0.170882 -0.00776281 
9059 0.171782 0.0730234 
9060 -0.101093 -0.172404 
9061 -0.0990902 -0.0903679 
9062 -0.0983449 -0.010165 
9063 -0.0965839 0.0701252 
9064 -0.0330644 -0.172384 
9065 -0.0316921 -0.0907839 
9066 -0.0305239 -0.0109705 
9067 -0.0301994 0.0686506 
9068 0.0334782 -0.172031 
9069 0.0347862 -0.0917423 
9070 0.0351286 -0.0116102 
9071 0.0363711 0.0673995 
9072 0.0991125 -0.172505 
9073 0.100747 -0.0926252 
9074 0.100902 -0.0125123 
9075 0.101278 0.0662583 
9076 0.165117 -0.172208 
9077 0.165507 -0.0934734 
9078 0.166215 -0.0135324 
9079 0.166066 0.0648834 
9080 -0.0970992 -0.172368 
9081 -0.0952695 -0.0933734 
9082 -0.0942008 -0.0160716 
9083 -0.0927931 0.0620364 
9084 -0.0318321 -0.172831 
9085 -0.0303306 -0.0938417 
9086 -0.0297071 -0.0161287 
9087 -0.0281612 0.0606619 
9088 0.0323062 -0.172116 
9089 0.0333115 -0.0949183 
9090 0.0344555 -0.0177491 
9091 0.0351996 0.0592798 
9092 0.0960851 -0.172616 
9093 0.0966996 -0.0951884 
9094 0.0981596 -0.0185615 
9095 0.0979291 0.0579153 
9096 0.160025 -0.172529 
9097 0.159898 -0.0960135 
9098 0.160826 -0.0192617 
9099 0.160326 0.0568393 
9100 -0.093748 -0.173129 
9101 -0.0926536 -0.096251 
9102 -0.0907452 -0.0211097 
9103 -0.0902944 0.0544193 
9104 -0.0305279 -0.17277 
9105 -0.0296335 -0.0969867 
9106 -0.0284074 -0.0218448 
9107 -0.0271617 0.0529902 
9108 0.0324224 -0.172997 
9109 0.03232 -0.0975146 
9110 0.0334994 -0.0225194 
9111 0.0343421 0.0514323 
9112 0.0939761 -0.173081 
9113 0.093804 -0.0977067 
9114 0.0946902 -0.0237373 
9115 0.0951214 0.050443 
9116 0.154236 -0.173224 
9117 0.155086 -0.0985277 
9118 0.154859 -0.02417 
9119 0.155813 0.0489073 
