8860 -0.333326 -0.216409 
8861 -0.332941 -0.0164558 
8862 -0.332935 0.183336 
8863 -0.333326 0.383215 
8864 -0.166366 -0.216623 
8865 -0.166625 -0.0162889 
8866 -0.166741 0.183618 
8867 -0.167009 0.383475 
8868 0.000363795 -0.216446 
8869 0.000177912 -0.0166734 
8870 0.000104736 0.183192 
8871 -0.000250455 0.383686 
8872 0.166603 -0.216994 
8873 0.166586 -0.017014 
8874 0.166916 0.183586 
8875 0.16686 0.383005 
8876 0.333764 -0.217003 
8877 0.333357 -0.0170376 
8878 0.333613 0.183065 
8879 0.333784 0.383391 
8880 -0.298608 -0.20909 
8881 -0.29844 -0.0245771 
8882 -0.297819 0.158908 
8883 -0.29798 0.342706 
8884 -0.145348 -0.209475 
8885 -0.145304 -0.0248834 
8886 -0.144816 0.159089 
8887 -0.144326 0.342325 
8888 0.00756946 -0.209643 
8889 0.00828576 -0.02492 
8890 0.00841048 0.158126 
8891 0.00848359 0.342253 
8892 0.161242 -0.209232 
8893 0.161253 -0.0259439 
8894 0.161628 0.158311 
8895 0.161621 0.341327 
8896 0.313409 -0.209111 
8897 0.313705 -0.0251609 
8898 0.313967 0.157919 
8899 0.31354 0.340881 
8900 -0.269457 -0.203597 
8901 -0.269591 -0.0323882 
8902 -0.268529 0.137455 
8903 -0.268232 0.308161 
8904 -0.127572 -0.20359 
8905 -0.126828 -0.0328239 
8906 -0.126251 0.137432 
8907 -0.126159 0.306791 
8908 0.0139864 -0.202881 
8909 0.0145971 -0.0334415 
8910 0.0147994 0.13674 
8911 0.0147873 0.306271 
8912 0.155409 -0.203157 
8913 0.155826 -0.032915 
8914 0.156596 0.136471 
8915 0.156481 0.305941 
8916 0.297248 -0.203296 
8917 0.297475 -0.033168 
8918 0.29719 0.135439 
8919 0.297509 0.305207 
8920 -0.245588 -0.198538 
8921 -0.244858 -0.0392247 
8922 -0.243607 0.119418 
8923 -0.243085 0.27744 
8924 -0.112709 -0.1987 
8925 -0.111845 -0.0401233 
8926 -0.111957 0.118041 
8927 -0.110507 0.27632 
8928 0.0193609 -0.19799 
8929 0.0201213 -0.0400709 
8930 0.020307 0.117967 
8931 0.021186 0.275883 
8932 0.150915 -0.198149 
8933 0.151169 -0.0403578 
8934 0.152034 0.117365 
8935 0.151716 0.274901 
8936 0.282665 -0.198187 
8937 0.281882 -0.0404996 
8938 0.282471 0.116616 
8939 0.281919 0.273968 
8940 -0.224027 -0.194881 
8941 -0.22351 -0.0463465 
8942 -0.222338 0.102114 
8943 -0.221299 0.250679 
8944 -0.099549 -0.194776 
8945 -0.0996989 -0.0461656 
8946 -0.0986525 0.102004 
8947 -0.0983842 0.249516 
8948 0.023314 -0.194278 
8949 0.0245144 -0.04665 
8950 0.0240865 0.10154 
8951 0.0245457 0.248788 
8952 0.146885 -0.194531 
8953 0.146877 -0.046925 
8954 0.147428 0.100903 
8955 0.147089 0.247474 
8956 0.268826 -0.194962 
8957 0.268724 -0.047123 
8958 0.269119 0.0999261 
8959 0.268999 0.246008 
8960 -0.205667 -0.192245 
8961 -0.204667 -0.0515267 
8962 -0.20401 0.0880671 
8963 -0.202833 0.226634 
8964 -0.0887891 -0.191829 
8965 -0.0880164 -0.0516292 
8966 -0.0878279 0.086875 
8967 -0.0867197 0.225772 
8968 0.0267749 -0.191839 
8969 0.027787 -0.0520774 
8970 0.0276016 0.0861127 
8971 0.0280062 0.224684 
8972 0.14209 -0.191891 
8973 0.142985 -0.0529686 
8974 0.14292 0.085983 
8975 0.142822 0.223019 
8976 0.257204 -0.190997 
8977 0.257213 -0.0529078 
8978 0.257083 0.0847041 
8979 0.257348 0.221675 
8980 -0.189812 -0.189132 
8981 -0.188623 -0.0569685 
8982 -0.188205 0.0746429 
8983 -0.187257 0.205386 
8984 -0.0795737 -0.189332 
8985 -0.0794526 -0.057494 
8986 -0.0780235 0.0731292 
8987 -0.0777456 0.203986 
8988 0.0293032 -0.188938 
8989 0.0301692 -0.0578872 
8990 0.030268 0.0726023 
8991 0.0312065 0.202826 
8992 0.13867 -0.188678 
8993 0.139126 -0.0583443 
8994 0.139118 0.0715787 
8995 0.138961 0.202052 
8996 0.246407 -0.188463 
8997 0.246399 -0.0582574 
8998 0.246547 0.0714217 
8999 0.246474 0.200364 
9000 -0.17579 -0.187142 
9001 -0.174965 -0.0627804 
9002 -0.174337 0.0624445 
9003 -0.173695 0.185998 
9004 -0.0721717 -0.187325 
9005 -0.0713282 -0.062465 
9006 -0.0702005 0.0612725 
9007 -0.0699762 0.184873 
9008 0.031924 -0.186847 
9009 0.0324771 -0.0629925 
9010 0.0324568 0.0605669 
9011 0.0331146 0.183551 
9012 0.134487 -0.186581 
9013 0.135063 -0.0634961 
9014 0.135067 0.0602304 
9015 0.135214 0.181992 
9016 0.237059 -0.186251 
9017 0.236902 -0.0632885 
9018 0.236488 0.0587806 
9019 0.23703 0.180931 
9020 -0.163797 -0.186349 
9021 -0.163119 -0.0677156 
9022 -0.161993 0.0504804 
9023 -0.161267 0.168155 
9024 -0.06454 -0.185924 
9025 -0.0643488 -0.0671533 
9026 -0.0634392 0.050357 
9027 -0.0626574 0.167202 
9028 0.0336205 -0.185065 
9029 0.0341683 -0.0674421 
9030 0.0342978 0.0493946 
9031 0.0343185 0.165982 
9032 0.130688 -0.185571 
9033 0.130947 -0.0674891 
9034 0.131084 0.0493499 
9035 0.131031 0.165318 
9036 0.227872 -0.184586 
9037 0.227581 -0.0683796 
9038 0.227427 0.0482712 
9039 0.227097 0.164291 
9040 -0.153307 -0.185096 
9041 -0.151848 -0.0720521 
9042 -0.150851 0.0407261 
9043 -0.150643 0.153002 
9044 -0.0582167 -0.184099 
9045 -0.0577922 -0.0719667 
9046 -0.0577104 0.0402064 
9047 -0.0566328 0.151982 
9048 0.0351068 -0.184484 
9049 0.0356342 -0.0716344 
9050 0.0356612 0.0397731 
9051 0.0357771 0.150582 
9052 0.127043 -0.183924 
9053 0.1272 -0.0725512 
9054 0.127976 0.0387923 
9055 0.127934 0.149237 
9056 0.219127 -0.183638 
9057 0.218816 -0.0726497 
9058 0.219402 0.0376862 
9059 0.218922 0.148004 
9060 -0.143807 -0.184361 
9061 -0.142056 -0.0756197 
9062 -0.141601 0.0316013 
9063 -0.141076 0.138201 
9064 -0.0537783 -0.184027 
9065 -0.052825 -0.0760494 
9066 -0.0519095 0.0307674 
9067 -0.0516576 0.136749 
9068 0.0359055 -0.182837 
9069 0.0355547 -0.0759885 
9070 0.0360345 0.0304535 
9071 0.0369299 0.135984 
9072 0.124202 -0.182937 
9073 0.124418 -0.0762539 
9074 0.123795 0.0292848 
9075 0.124609 0.134964 
9076 0.211358 -0.182868 
9077 0.211252 -0.0759801 
9078 0.211074 0.0289618 
9079 0.210909 0.133835 
9080 -0.134957 -0.182881 
9081 -0.1339 -0.0801396 
9082 -0.133741 0.0231276 
9083 -0.132859 0.124768 
9084 -0.0493243 -0.182327 
9085 -0.0487747 -0.0804486 
9086 -0.0478451 0.0216748 
9087 -0.0479025 0.123151 
9088 0.0360961 -0.182401 
9089 0.0363994 -0.0801555 
9090 0.0364255 0.0214601 
9091 0.0369669 0.123081 
9092 0.120193 -0.182247 
9093 0.120715 -0.0799492 
9094 0.120803 0.0211279 
9095 0.1201 0.121931 
9096 0.20385 -0.181617 
9097 0.203923 -0.0799591 
9098 0.203854 0.0207662 
9099 0.203311 0.120956 
9100 -0.127345 -0.182245 
9101 -0.126331 -0.0841021 
9102 -0.126032 0.0143397 
9103 -0.124916 0.111996 
9104 -0.0453254 -0.181866 
9105 -0.0445272 -0.0838524 
9106 -0.0442299 0.0137033 
9107 -0.0437471 0.111446 
9108 0.0367217 -0.18205 
9109 0.0369355 -0.0833678 
9110 0.0370337 0.0137461 
9111 0.037034 0.110257 
9112 0.117093 -0.180926 
9113 0.117327 -0.0835434 
9114 0.117352 0.0136767 
9115 0.116666 0.109819 
9116 0.197667 -0.18022 
9117 0.197269 -0.0831037 
9118 0.197014 0.0124391 
9119 0.196053 0.108558 
9120 -0.120925 -0.18261 
9121 -0.120446 -0.0871852 
9122 -0.11892 0.00672109 
9123 -0.118851 0.100781 
9124 -0.0417288 -0.181769 
9125 -0.0415488 -0.0871697 
9126 -0.0404404 0.00665202 
9127 -0.04021 0.100037 
9128 0.0364507 -0.180796 
9129 0.0366042 -0.0867675 
9130 0.0370225 0.00667755 
9131 0.0368844 0.0996426 
9132 0.114298 -0.180357 
9133 0.11394 -0.086486 
9134 0.113609 0.00650378 
9135 0.113949 0.097918 
9136 0.190916 -0.180212 
9137 0.189805 -0.086712 
9138 0.189485 0.00533792 
9139 0.189231 0.0973005 
9140 -0.114728 -0.182514 
9141 -0.113667 -0.0905248 
9142 -0.113885 5.00199e-05 
9143 -0.113418 0.0899024 
9144 -0.0390225 -0.181234 
9145 -0.0384014 -0.0907694 
9146 -0.0384781 -0.000620746 
9147 -0.0377935 0.0897039 
9148 0.0370993 -0.180342 
9149 0.0366066 -0.0906306 
9150 0.0361098 -0.000553506 
9151 0.0364545 0.0883236 
9152 0.110947 -0.179996 
9153 0.111135 -0.0902243 
9154 0.110557 -0.000544448 
9155 0.110488 0.0879852 
9156 0.184574 -0.179259 
9157 0.184065 -0.0899691 
9158 0.183226 -0.00125476 
9159 0.182498 0.0875451 
9160 -0.108976 -0.181401 
9161 -0.109011 -0.0932748 
9162 -0.108253 -0.00656583 
9163 -0.107937 0.0805724 
9164 -0.0362645 -0.180847 
9165 -0.0356044 -0.0932264 
9166 -0.0354428 -0.00691386 
9167 -0.0353754 0.07937 
9168 0.0367691 -0.179812 
9169 0.035982 -0.0930061 
9170 0.0359448 -0.00625762 
9171 0.0358695 0.0790296 
9172 0.107887 -0.179281 
9173 0.107422 -0.0932664 
9174 0.106684 -0.00645041 
9175 0.106886 0.0782037 
9176 0.178855 -0.178575 
9177 0.177662 -0.092719 
9178 0.177351 -0.00702144 
9179 0.176827 0.0775195 
9180 -0.104603 -0.181731 
9181 -0.104325 -0.0962176 
9182 -0.103523 -0.0128355 
9183 -0.103844 0.0712059 
9184 -0.0334379 -0.181097 
9185 -0.0333958 -0.0959578 
9186 -0.0333765 -0.0122258 
9187 -0.0338341 0.0709493 
9188 0.0360183 -0.179964 
9189 0.0361067 -0.0961445 
9190 0.0351989 -0.01296 
9191 0.03525 0.0698364 
9192 0.104459 -0.178747 
9193 0.10476 -0.0958856 
9194 0.103587 -0.0130754 
9195 0.103384 0.0693477 
9196 0.172534 -0.178318 
9197 0.17245 -0.0955964 
9198 0.17174 -0.0128079 
9199 0.170993 0.0691312 
9200 -0.100543 -0.18149 
9201 -0.100222 -0.0989522 
9202 -0.10002 -0.0176513 
9203 -0.0995577 0.0630584 
9204 -0.0321235 -0.180642 
9205 -0.0324469 -0.0987817 
9206 -0.0317376 -0.0183957 
9207 -0.0319806 0.0621173 
9208 0.0348612 -0.179234 
9209 0.0345796 -0.0987856 
9210 0.0350231 -0.0176508 
9211 0.0340363 0.0623859 
9212 0.101653 -0.178333 
9213 0.101588 -0.0977966 
9214 0.100107 -0.0183247 
9215 0.0998904 0.0613839 
9216 0.167179 -0.177998 
9217 0.167015 -0.0976316 
9218 0.166258 -0.0174638 
9219 0.164638 0.0607698 
9220 -0.0966462 -0.181465 
9221 -0.0966412 -0.101761 
9222 -0.0956994 -0.0227721 
9223 -0.0958677 0.0546215 
9224 -0.0304775 -0.179825 
9225 -0.0304035 -0.101359 
9226 -0.0304912 -0.0233182 
9227 -0.0312355 0.0544527 
9228 0.0344209 -0.179458 
9229 0.0341322 -0.101197 
9230 0.0338137 -0.0227588 
9231 0.0328328 0.0537054 
9232 0.0990523 -0.178543 
9233 0.0976982 -0.100637 
9234 0.097326 -0.0228152 
9235 0.0970597 0.0535808 
9236 0.162604 -0.177335 
9237 0.161572 -0.100171 
9238 0.16071 -0.0230566 
9239 0.159501 0.0535219 
9240 -0.0926958 -0.181246 
9241 -0.092827 -0.103994 
9242 -0.0934867 -0.0284969 
9243 -0.0931566 0.0472249 
9244 -0.0294385 -0.17984 
9245 -0.0294372 -0.103206 
9246 -0.0296788 -0.0281609 
9247 -0.0306871 0.047705 
9248 0.0340018 -0.179205 
9249 0.03322 -0.102726 
9250 0.0325991 -0.0275035 
9251 0.0318439 0.0468381 
9252 0.0959319 -0.177512 
9253 0.0952592 -0.102627 
9254 0.0941484 -0.0276227 
9255 0.0932728 0.0468197 
9256 0.156866 -0.176258 
9257 0.156203 -0.101511 
9258 0.155425 -0.0274076 
9259 0.154094 0.0461639 
