9060 -0.333333 -0.216492 
9061 -0.333232 -0.0163693 
9062 -0.333149 0.183437 
9063 -0.333728 0.383143 
9064 -0.166632 -0.217117 
9065 -0.166993 -0.0163047 
9066 -0.166705 0.183541 
9067 -0.166958 0.383158 
9068 4.88698e-05 -0.216957 
9069 0.000357656 -0.0170318 
9070 -8.90755e-05 0.182992 
9071 0.000293017 0.382865 
9072 0.166968 -0.216506 
9073 0.166781 -0.0162241 
9074 0.166449 0.183646 
9075 0.16649 0.383393 
9076 0.333099 -0.216573 
9077 0.333758 -0.0162629 
9078 0.332854 0.182833 
9079 0.333539 0.38347 
9080 -0.298849 -0.210249 
9081 -0.299592 -0.0268337 
9082 -0.299122 0.157998 
9083 -0.298632 0.341676 
9084 -0.14552 -0.21009 
9085 -0.145613 -0.0262313 
9086 -0.145883 0.157485 
9087 -0.145001 0.341932 
9088 0.00784592 -0.210769 
9089 0.00821002 -0.026097 
9090 0.00809205 0.157924 
9091 0.00741896 0.340926 
9092 0.160856 -0.210118 
9093 0.161417 -0.0258846 
9094 0.161254 0.157979 
9095 0.160881 0.341354 
9096 0.314662 -0.209616 
9097 0.313778 -0.0259468 
9098 0.313626 0.157698 
9099 0.313228 0.340695 
9100 -0.270626 -0.205361 
9101 -0.270556 -0.03505 
9102 -0.270414 0.13623 
9103 -0.270119 0.306366 
9104 -0.127974 -0.205251 
9105 -0.128009 -0.0349129 
9106 -0.128132 0.135492 
9107 -0.127605 0.305649 
9108 0.0145658 -0.205228 
9109 0.0139083 -0.0346228 
9110 0.0142754 0.135979 
9111 0.0135942 0.305455 
9112 0.155981 -0.205023 
9113 0.155842 -0.0345295 
9114 0.156178 0.135908 
9115 0.155894 0.305423 
9116 0.297777 -0.204295 
9117 0.297507 -0.0345482 
9118 0.296726 0.135524 
9119 0.296766 0.304517 
9120 -0.246105 -0.201632 
9121 -0.245621 -0.0419317 
9122 -0.245722 0.116431 
9123 -0.245605 0.276005 
9124 -0.112744 -0.201576 
9125 -0.112699 -0.0416915 
9126 -0.113339 0.116898 
9127 -0.113135 0.275164 
9128 0.0197655 -0.201029 
9129 0.0199901 -0.0414107 
9130 0.0192846 0.116531 
9131 0.0189839 0.27478 
9132 0.151805 -0.200417 
9133 0.151484 -0.0411748 
9134 0.150855 0.116195 
9135 0.150978 0.274634 
9136 0.283197 -0.199031 
9137 0.282283 -0.0410073 
9138 0.281741 0.117031 
9139 0.281954 0.273501 
9140 -0.225287 -0.198221 
9141 -0.225159 -0.048484 
9142 -0.224795 0.100224 
9143 -0.224516 0.248518 
9144 -0.0998554 -0.197181 
9145 -0.100738 -0.0486105 
9146 -0.100103 0.0998519 
9147 -0.100415 0.248104 
9148 0.0239341 -0.1967 
9149 0.0238493 -0.0485335 
9150 0.0235032 0.100103 
9151 0.0232924 0.247965 
9152 0.147683 -0.196453 
9153 0.146739 -0.0473227 
9154 0.14669 0.100227 
9155 0.145984 0.247242 
9156 0.270675 -0.195713 
9157 0.269496 -0.0477299 
9158 0.268443 0.100117 
9159 0.2683 0.246639 
9160 -0.206304 -0.195241 
9161 -0.206519 -0.0549028 
9162 -0.207002 0.0849329 
9163 -0.206365 0.22523 
9164 -0.0892 -0.194624 
9165 -0.0898926 -0.0546354 
9166 -0.0894933 0.0857889 
9167 -0.0903269 0.224457 
9168 0.0269266 -0.193985 
9169 0.027212 -0.0538728 
9170 0.0263434 0.0857237 
9171 0.0257907 0.224279 
9172 0.142956 -0.19291 
9173 0.143111 -0.0531218 
9174 0.14194 0.0855012 
9175 0.141501 0.224274 
9176 0.258954 -0.191801 
9177 0.258155 -0.052946 
9178 0.256975 0.0859329 
9179 0.256114 0.223718 
9180 -0.190725 -0.193046 
9181 -0.190997 -0.0596391 
9182 -0.190669 0.0717361 
9183 -0.190897 0.203738 
9184 -0.0798688 -0.1918 
9185 -0.0803279 -0.0594248 
9186 -0.0810564 0.0723532 
9187 -0.08072 0.203592 
9188 0.0302977 -0.190839 
9189 0.0297192 -0.0590108 
9190 0.0285842 0.0721134 
9191 0.028624 0.203664 
9192 0.139767 -0.190083 
9193 0.138062 -0.0584814 
9194 0.137953 0.0730414 
9195 0.136762 0.203202 
9196 0.247566 -0.188258 
9197 0.246832 -0.0576722 
9198 0.245364 0.072599 
9199 0.244692 0.202644 
9200 -0.176815 -0.190807 
9201 -0.176696 -0.0646416 
9202 -0.177648 0.0600595 
9203 -0.177283 0.185182 
9204 -0.0717098 -0.188912 
9205 -0.0728736 -0.0637708 
9206 -0.0724666 0.0609732 
9207 -0.0738339 0.1849 
9208 0.0319834 -0.18848 
9209 0.0311496 -0.0633286 
9210 0.0310539 0.060651 
9211 0.0300993 0.184935 
9212 0.135485 -0.187194 
9213 0.134209 -0.0624285 
9214 0.133907 0.0617112 
9215 0.132282 0.18432 
9216 0.237895 -0.185718 
9217 0.236816 -0.0614099 
9218 0.235275 0.0615831 
9219 0.23484 0.184682 
9220 -0.164476 -0.188385 
9221 -0.164552 -0.0689273 
9222 -0.165234 0.0497292 
9223 -0.165526 0.168371 
9224 -0.0652264 -0.18685 
9225 -0.0656894 -0.0682009 
9226 -0.065848 0.0501859 
9227 -0.0667032 0.168634 
9228 0.0333526 -0.185389 
9229 0.0326331 -0.0669774 
9230 0.0317089 0.0501779 
9231 0.0310196 0.168373 
9232 0.131809 -0.184634 
9233 0.130305 -0.0662502 
9234 0.129658 0.050551 
9235 0.128795 0.168354 
9236 0.22871 -0.182927 
9237 0.227564 -0.0651868 
9238 0.226289 0.0511529 
9239 0.225514 0.168112 
9240 -0.154007 -0.187056 
9241 -0.154162 -0.0731855 
9242 -0.155256 0.0408797 
9243 -0.155413 0.153527 
9244 -0.0586248 -0.185518 
9245 -0.0593858 -0.071481 
9246 -0.0601402 0.0408199 
9247 -0.0614134 0.152721 
9248 0.0350116 -0.184067 
9249 0.0341377 -0.0706777 
9250 0.033208 0.0415606 
9251 0.0320709 0.153334 
9252 0.128689 -0.182399 
9253 0.126991 -0.0703363 
9254 0.125525 0.0420932 
9255 0.124321 0.152902 
9256 0.220294 -0.180329 
9257 0.219407 -0.0685888 
9258 0.218101 0.0422602 
9259 0.21618 0.153308 
9260 -0.14477 -0.184445 
9261 -0.144834 -0.0763106 
9262 -0.146028 0.0320517 
9263 -0.146294 0.13891 
9264 -0.0538731 -0.18374 
9265 -0.054349 -0.0750672 
9266 -0.0554902 0.0328128 
9267 -0.0568781 0.139215 
9268 0.0360117 -0.181321 
9269 0.0347214 -0.0739616 
9270 0.0332427 0.03342 
9271 0.0325682 0.139713 
9272 0.125073 -0.180167 
9273 0.123841 -0.0724983 
9274 0.121839 0.0338879 
9275 0.121119 0.139684 
9276 0.212977 -0.178901 
9277 0.211588 -0.0721342 
9278 0.210038 0.0344502 
9279 0.208477 0.139331 
9280 -0.135479 -0.183301 
9281 -0.136499 -0.0796082 
9282 -0.137366 0.0244096 
9283 -0.138631 0.127145 
9284 -0.0494919 -0.181342 
9285 -0.0504907 -0.0785598 
9286 -0.0515933 0.0246282 
9287 -0.0524102 0.126583 
9288 0.0360867 -0.179745 
9289 0.0355445 -0.0773369 
9290 0.033827 0.0255263 
9291 0.0328187 0.127456 
9292 0.120959 -0.178187 
9293 0.119924 -0.0758438 
9294 0.118082 0.0266491 
9295 0.116661 0.127182 
9296 0.205634 -0.176442 
9297 0.204068 -0.0742195 
9298 0.201889 0.026988 
9299 0.200079 0.127831 
9300 -0.128178 -0.181851 
9301 -0.129276 -0.0818987 
9302 -0.129882 0.0174299 
9303 -0.131501 0.115348 
9304 -0.0455976 -0.179551 
9305 -0.0470876 -0.0806734 
9306 -0.0479341 0.0178517 
9307 -0.0486874 0.116195 
9308 0.0371995 -0.178087 
9309 0.0357731 -0.0792519 
9310 0.0339798 0.0187456 
9311 0.0323019 0.116623 
9312 0.11769 -0.176558 
9313 0.116199 -0.0783883 
9314 0.115122 0.0191456 
9315 0.113478 0.116125 
9316 0.197976 -0.174101 
9317 0.196609 -0.076607 
9318 0.195167 0.0205168 
9319 0.193384 0.116722 
9320 -0.121413 -0.180157 
9321 -0.123119 -0.0840465 
9322 -0.123838 0.0107343 
9323 -0.125048 0.105351 
9324 -0.0415874 -0.178371 
9325 -0.0433 -0.0834041 
9326 -0.044545 0.0115865 
9327 -0.0458722 0.105486 
9328 0.0371134 -0.176661 
9329 0.035508 -0.0812812 
9330 0.0339089 0.0126613 
9331 0.0323325 0.106263 
9332 0.114416 -0.174219 
9333 0.113356 -0.0798773 
9334 0.111499 0.0135063 
9335 0.10899 0.106122 
9336 0.191947 -0.172683 
9337 0.189825 -0.0783775 
9338 0.188037 0.0140051 
9339 0.185867 0.107435 
9340 -0.116014 -0.178854 
9341 -0.117268 -0.0867979 
9342 -0.118068 0.00443427 
9343 -0.119584 0.0955433 
9344 -0.0388785 -0.176266 
9345 -0.0407623 -0.0851146 
9346 -0.0415978 0.00630894 
9347 -0.0433573 0.0966001 
9348 0.0362303 -0.174485 
9349 0.0348906 -0.0832117 
9350 0.0333388 0.00657385 
9351 0.0315724 0.0969134 
9352 0.111459 -0.172539 
9353 0.109414 -0.0819369 
9354 0.107629 0.00755718 
9355 0.106023 0.0972667 
9356 0.185744 -0.170945 
9357 0.183734 -0.0801865 
9358 0.181726 0.0093033 
9359 0.179376 0.0975632 
9360 -0.110488 -0.177459 
9361 -0.112128 -0.0890596 
9362 -0.112839 -0.000467646 
9363 -0.114098 0.087194 
9364 -0.037136 -0.174711 
9365 -0.0379979 -0.0866296 
9366 -0.03954 0.000779463 
9367 -0.0415018 0.0877341 
9368 0.0362686 -0.172921 
9369 0.0339637 -0.0855419 
9370 0.0324872 0.00235027 
9371 0.0312048 0.088794 
9372 0.108354 -0.170883 
9373 0.106143 -0.0835781 
9374 0.103774 0.00339525 
9375 0.102091 0.0890987 
9376 0.179569 -0.168205 
9377 0.176692 -0.0823107 
9378 0.17478 0.00475016 
9379 0.172971 0.089621 
9380 -0.105694 -0.175844 
9381 -0.107254 -0.0907103 
9382 -0.109093 -0.0050288 
9383 -0.110235 0.0787911 
9384 -0.0348933 -0.173755 
9385 -0.0363489 -0.0879471 
9386 -0.0383726 -0.00349731 
9387 -0.0401032 0.0799435 
9388 0.0354557 -0.171499 
9389 0.0337734 -0.0862956 
9390 0.0312605 -0.00290595 
9391 0.0295132 0.080475 
9392 0.105344 -0.168666 
9393 0.103015 -0.0844032 
9394 0.100847 -0.00139059 
9395 0.0988422 0.0813452 
9396 0.17392 -0.166109 
9397 0.170843 -0.0825958 
9398 0.169156 -0.000235493 
9399 0.166254 0.0822688 
9400 -0.102069 -0.174398 
9401 -0.102907 -0.0912946 
9402 -0.105062 -0.00944529 
9403 -0.106728 0.0716323 
9404 -0.032659 -0.172294 
9405 -0.0344899 -0.089521 
9406 -0.0369168 -0.00829768 
9407 -0.038611 0.0733034 
9408 0.0350351 -0.169163 
9409 0.0324834 -0.0882977 
9410 0.0303112 -0.0065226 
9411 0.0290146 0.0739921 
9412 0.10176 -0.167456 
9413 0.0998186 -0.0862572 
9414 0.096923 -0.00533545 
9415 0.0949718 0.0749288 
9416 0.16796 -0.164385 
9417 0.165599 -0.0839687 
9418 0.163493 -0.00411647 
9419 0.160799 0.0761246 
9420 -0.0983141 -0.173221 
9421 -0.0997522 -0.0931546 
9422 -0.100971 -0.0132432 
9423 -0.102905 0.0652249 
9424 -0.0316055 -0.170163 
9425 -0.033385 -0.0911448 
9426 -0.0360037 -0.0121575 
9427 -0.0374316 0.0667676 
9428 0.0337927 -0.167338 
9429 0.0322026 -0.0887002 
9430 0.0296356 -0.010777 
9431 0.0274736 0.0675115 
9432 0.0982938 -0.16479 
9433 0.0962268 -0.0869104 
9434 0.0938921 -0.00850795 
9435 0.0911096 0.0681502 
9436 0.162389 -0.163045 
9437 0.160147 -0.0852314 
9438 0.157384 -0.00683694 
9439 0.155089 0.069392 
9440 -0.094303 -0.170656 
9441 -0.0964807 -0.0942395 
9442 -0.0988075 -0.0168874 
9443 -0.100314 0.0590322 
9444 -0.0309445 -0.168039 
9445 -0.0322408 -0.0920787 
9446 -0.0349738 -0.0151074 
9447 -0.0364052 0.060921 
9448 0.032834 -0.166164 
9449 0.0308589 -0.0891399 
9450 0.0285841 -0.0137191 
9451 0.0259374 0.0619998 
9452 0.0956676 -0.163602 
9453 0.0925252 -0.087442 
9454 0.0901986 -0.0121516 
9455 0.0883934 0.0625104 
9456 0.157181 -0.160837 
9457 0.154256 -0.08574 
9458 0.151926 -0.0105051 
9459 0.1498 0.0645023 
