920 -0.333005 -0.216863 
921 -0.333766 -0.0162908 
922 -0.333163 0.183733 
923 -0.333211 0.383035 
924 -0.167121 -0.216624 
925 -0.166956 -0.0161737 
926 -0.16654 0.182967 
927 -0.166635 0.382888 
928 0.000302321 -0.216631 
929 -0.000491296 -0.0171624 
930 -0.000350005 0.183633 
931 0.000240375 0.383698 
932 0.166674 -0.217115 
933 0.166688 -0.0165368 
934 0.166647 0.183772 
935 0.166177 0.383524 
936 0.333781 -0.217037 
937 0.33371 -0.0168148 
938 0.333203 0.182919 
939 0.333384 0.383348 
940 -0.32444 -0.195324 
941 -0.323692 -0.00975174 
942 -0.323631 0.175485 
943 -0.323046 0.361117 
944 -0.169572 -0.19536 
945 -0.169281 -0.0103102 
946 -0.168584 0.175411 
947 -0.168026 0.360308 
948 -0.0153793 -0.196387 
949 -0.0145842 -0.0105148 
950 -0.014058 0.173936 
951 -0.0139345 0.359309 
952 0.139231 -0.196595 
953 0.139998 -0.0114546 
954 0.140403 0.173432 
955 0.140643 0.359197 
956 0.293104 -0.196316 
957 0.294039 -0.0116454 
958 0.294097 0.173345 
959 0.294271 0.358407 
960 -0.317147 -0.177338 
961 -0.315515 -0.00419769 
962 -0.314959 0.168667 
963 -0.314133 0.341198 
964 -0.171851 -0.177961 
965 -0.171009 -0.00532366 
966 -0.170641 0.16717 
967 -0.169851 0.339995 
968 -0.0280435 -0.179012 
969 -0.0277734 -0.00622449 
970 -0.0259787 0.16669 
971 -0.0255504 0.338582 
972 0.115132 -0.178886 
973 0.115928 -0.00648234 
974 0.117209 0.165227 
975 0.118331 0.337833 
976 0.258053 -0.17988 
977 0.259714 -0.00706786 
978 0.260514 0.16427 
979 0.261484 0.336068 
980 -0.311173 -0.162183 
981 -0.30889 -0.000373288 
982 -0.307871 0.162249 
983 -0.306825 0.324304 
984 -0.175565 -0.163033 
985 -0.173671 -0.00115721 
986 -0.172279 0.160253 
987 -0.17142 0.322438 
988 -0.0405354 -0.16403 
989 -0.0390527 -0.00165458 
990 -0.0375292 0.159368 
991 -0.0360243 0.320167 
992 0.0939266 -0.163956 
993 0.0947972 -0.00317463 
994 0.0962788 0.158106 
995 0.0977228 0.318348 
996 0.227486 -0.16541 
997 0.228496 -0.00396996 
998 0.23018 0.156024 
999 0.230975 0.317233 
1000 -0.305747 -0.148344 
1001 -0.303755 0.00326998 
1002 -0.302208 0.15567 
1003 -0.300762 0.307977 
1004 -0.17831 -0.149674 
1005 -0.176225 0.00259222 
1006 -0.174537 0.154223 
1007 -0.172648 0.305879 
1008 -0.0518484 -0.150775 
1009 -0.0498537 0.00122684 
1010 -0.0483154 0.152786 
1011 -0.0469438 0.304056 
1012 0.0746162 -0.151563 
1013 0.0760795 -0.0007927 
1014 0.0782433 0.150609 
1015 0.0796432 0.301347 
1016 0.200243 -0.152249 
1017 0.201357 -0.00209999 
1018 0.203283 0.148665 
1019 0.204801 0.29986 
1020 -0.301401 -0.136948 
1021 -0.299336 0.00691694 
1022 -0.297734 0.150749 
1023 -0.295118 0.293949 
1024 -0.181187 -0.138782 
1025 -0.179717 0.00508531 
1026 -0.177615 0.148849 
1027 -0.175169 0.29125 
1028 -0.0617946 -0.139825 
1029 -0.0600114 0.00352333 
1030 -0.0572969 0.146365 
1031 -0.0561253 0.288676 
1032 0.0572557 -0.141225 
1033 0.0596915 0.00149837 
1034 0.0610223 0.143902 
1035 0.0634818 0.286188 
1036 0.176073 -0.141841 
1037 0.177885 0.000311956 
1038 0.179738 0.142233 
1039 0.181424 0.284012 
1040 -0.298849 -0.127244 
1041 -0.296349 0.00890158 
1042 -0.293372 0.145238 
1043 -0.291671 0.280745 
1044 -0.184092 -0.12817 
1045 -0.181518 0.0068043 
1046 -0.179297 0.142988 
1047 -0.177259 0.278597 
1048 -0.0710133 -0.130035 
1049 -0.0691004 0.00486502 
1050 -0.0669143 0.140165 
1051 -0.0646767 0.275876 
1052 0.0420845 -0.13108 
1053 0.0433897 0.00383698 
1054 0.046162 0.138133 
1055 0.0474761 0.272739 
1056 0.153414 -0.132894 
1057 0.155765 0.00136739 
1058 0.157958 0.136204 
1059 0.15965 0.269977 
1060 -0.296297 -0.118363 
1061 -0.293601 0.0110288 
1062 -0.290486 0.1395 
1063 -0.287849 0.269295 
1064 -0.187143 -0.120477 
1065 -0.184566 0.00888572 
1066 -0.181957 0.137504 
1067 -0.180304 0.26627 
1068 -0.0799646 -0.121908 
1069 -0.076833 0.00638205 
1070 -0.0750823 0.135399 
1071 -0.072958 0.263468 
1072 0.0276575 -0.123547 
1073 0.029589 0.00488311 
1074 0.0317796 0.132773 
1075 0.0340343 0.259611 
1076 0.133058 -0.124377 
1077 0.135238 0.00334569 
1078 0.137323 0.13045 
1079 0.139874 0.257492 
1080 -0.29426 -0.111122 
1081 -0.290882 0.0120929 
1082 -0.287761 0.135169 
1083 -0.285521 0.258287 
1084 -0.190841 -0.113192 
1085 -0.187742 0.00952339 
1086 -0.184579 0.132175 
1087 -0.182035 0.254808 
1088 -0.087604 -0.114785 
1089 -0.0856191 0.00734021 
1090 -0.0824464 0.130196 
1091 -0.0800775 0.251888 
1092 0.0139474 -0.115767 
1093 0.0161079 0.00617131 
1094 0.0183127 0.127228 
1095 0.0212067 0.247926 
1096 0.115166 -0.117232 
1097 0.117344 0.00340823 
1098 0.11981 0.124902 
1099 0.121386 0.245072 
1100 -0.292056 -0.104792 
1101 -0.289665 0.0126481 
1102 -0.286085 0.129898 
1103 -0.28286 0.247237 
1104 -0.193833 -0.106685 
1105 -0.19088 0.011197 
1106 -0.188078 0.127984 
1107 -0.184835 0.243576 
1108 -0.0954639 -0.108184 
1109 -0.0928112 0.00853879 
1110 -0.0896528 0.125003 
1111 -0.0870598 0.241045 
1112 0.00119824 -0.110281 
1113 0.0044197 0.00631552 
1114 0.0068757 0.12175 
1115 0.00892606 0.237658 
1116 0.0973869 -0.111482 
1117 0.100274 0.00411523 
1118 0.102594 0.118743 
1119 0.104944 0.23435 
1120 -0.290808 -0.0990027 
1121 -0.287947 0.0131217 
1122 -0.284557 0.125593 
1123 -0.282003 0.237565 
1124 -0.197066 -0.100965 
1125 -0.19325 0.0114859 
1126 -0.190453 0.122949 
1127 -0.18776 0.233626 
1128 -0.102469 -0.103123 
1129 -0.100203 0.00865985 
1130 -0.0969343 0.119833 
1131 -0.0945796 0.230547 
1132 -0.00998254 -0.104554 
1133 -0.00782517 0.00590722 
1134 -0.00494578 0.116548 
1135 -0.00150939 0.227481 
1136 0.0819396 -0.106561 
1137 0.0844927 0.00391111 
1138 0.0867933 0.113798 
1139 0.0897512 0.224089 
1140 -0.290508 -0.094374 
1141 -0.287005 0.014113 
1142 -0.2841 0.120932 
1143 -0.280832 0.228224 
1144 -0.200097 -0.0954943 
1145 -0.196695 0.0116073 
1146 -0.193123 0.117935 
1147 -0.190326 0.224738 
1148 -0.11042 -0.0983469 
1149 -0.106543 0.00844275 
1150 -0.103692 0.114908 
1151 -0.100747 0.220739 
1152 -0.0207261 -0.0995765 
1153 -0.0180636 0.00593213 
1154 -0.015137 0.112198 
1155 -0.0120561 0.217813 
1156 0.0671716 -0.101773 
1157 0.0693185 0.00385401 
1158 0.0727548 0.109139 
1159 0.0747472 0.214291 
1160 -0.290245 -0.0892836 
1161 -0.286946 0.0139052 
1162 -0.282685 0.116417 
1163 -0.279365 0.219315 
1164 -0.202922 -0.0915506 
1165 -0.200036 0.0112502 
1166 -0.19673 0.11362 
1167 -0.193126 0.215771 
1168 -0.116466 -0.0938423 
1169 -0.113523 0.00809028 
1170 -0.110813 0.110404 
1171 -0.107559 0.212381 
1172 -0.0310891 -0.0958438 
1173 -0.0286128 0.00632391 
1174 -0.0257058 0.107541 
1175 -0.0228821 0.208457 
1176 0.0528246 -0.0976377 
1177 0.0555726 0.00297506 
1178 0.0588591 0.104096 
1179 0.0611344 0.205352 
1180 -0.289517 -0.0862035 
1181 -0.286672 0.0128685 
1182 -0.282954 0.112041 
1183 -0.279426 0.211295 
1184 -0.206193 -0.088373 
1185 -0.202602 0.0103975 
1186 -0.199558 0.108679 
1187 -0.196201 0.207244 
1188 -0.123567 -0.0899151 
1189 -0.119801 0.00826125 
1190 -0.116272 0.106338 
1191 -0.113801 0.203689 
1192 -0.040927 -0.092337 
1193 -0.0385241 0.00518489 
1194 -0.0345157 0.102753 
1195 -0.0319307 0.199563 
1196 0.0398167 -0.0941384 
1197 0.0424244 0.0022801 
1198 0.0459841 0.0992159 
1199 0.0484022 0.195807 
1200 -0.290159 -0.0826471 
1201 -0.286728 0.012903 
1202 -0.282916 0.108032 
1203 -0.279019 0.203085 
1204 -0.208752 -0.0851985 
1205 -0.205348 0.0097314 
1206 -0.201995 0.104453 
1207 -0.198841 0.199204 
1208 -0.128907 -0.0878321 
1209 -0.126378 0.00684961 
1210 -0.122329 0.101647 
1211 -0.119538 0.19525 
1212 -0.0499722 -0.089973 
1213 -0.0474131 0.00426465 
1214 -0.0439364 0.0980217 
1215 -0.0410698 0.192145 
1216 0.0280637 -0.0921029 
1217 0.0309171 0.00175196 
1218 0.0340499 0.0952878 
1219 0.0363964 0.188485 
1220 -0.290007 -0.0806136 
1221 -0.287056 0.0121554 
1222 -0.282552 0.103949 
1223 -0.279215 0.195754 
1224 -0.212204 -0.0822182 
1225 -0.208472 0.00933941 
1226 -0.205478 0.100139 
1227 -0.201717 0.191287 
1228 -0.13482 -0.0850073 
1229 -0.131857 0.00608719 
1230 -0.128946 0.0972434 
1231 -0.125278 0.187447 
1232 -0.0595593 -0.0873772 
1233 -0.055659 0.00400727 
1234 -0.0531295 0.0938194 
1235 -0.0494041 0.183853 
1236 0.0166061 -0.0891682 
1237 0.0193675 0.00129754 
1238 0.0217503 0.0906236 
1239 0.0250973 0.17981 
1240 -0.290841 -0.0780118 
1241 -0.287345 0.0104861 
1242 -0.283594 0.0997457 
1243 -0.2794 0.18747 
1244 -0.21558 -0.080507 
1245 -0.21193 0.00796285 
1246 -0.208652 0.0959303 
1247 -0.204667 0.184039 
1248 -0.141517 -0.0830181 
1249 -0.137724 0.00553442 
1250 -0.134347 0.092357 
1251 -0.13089 0.180541 
1252 -0.0677605 -0.0849809 
1253 -0.0638069 0.00244229 
1254 -0.0613554 0.089836 
1255 -0.0580722 0.176669 
1256 0.00470456 -0.0873986 
1257 0.00784038 6.16513e-05 
1258 0.010863 0.086566 
1259 0.0144801 0.172276 
1260 -0.291335 -0.0766762 
1261 -0.287363 0.00989684 
1262 -0.284122 0.0949678 
1263 -0.280077 0.180257 
1264 -0.21832 -0.078459 
1265 -0.215443 0.00699284 
1266 -0.211384 0.091998 
1267 -0.208249 0.176808 
1268 -0.146315 -0.0816507 
1269 -0.142896 0.00412485 
1270 -0.140125 0.0887286 
1271 -0.136022 0.172987 
1272 -0.0755791 -0.0837352 
1273 -0.0724339 0.00117668 
1274 -0.0692377 0.0851309 
1275 -0.0653459 0.168793 
1276 -0.00515167 -0.0860064 
1277 -0.00204478 -0.00159634 
1278 0.000772128 0.0821043 
1279 0.00413637 0.165547 
1280 -0.292551 -0.0748716 
1281 -0.288763 0.00785555 
1282 -0.285022 0.0907977 
1283 -0.280843 0.173089 
1284 -0.221658 -0.0776966 
1285 -0.21854 0.00551582 
1286 -0.214184 0.0875367 
1287 -0.210653 0.169803 
1288 -0.152449 -0.0793687 
1289 -0.148449 0.00265864 
1290 -0.145466 0.0846208 
1291 -0.141999 0.165943 
1292 -0.0831083 -0.0822834 
1293 -0.0803679 9.58228e-05 
1294 -0.0768949 0.0813182 
1295 -0.0731505 0.162078 
1296 -0.0156871 -0.0846573 
1297 -0.0119335 -0.00280742 
1298 -0.00881718 0.0781179 
1299 -0.00578746 0.158701 
1300 -0.293511 -0.0741259 
1301 -0.289514 0.00690087 
1302 -0.285542 0.0868118 
1303 -0.281465 0.167 
1304 -0.22461 -0.0762335 
1305 -0.220812 0.00365237 
1306 -0.217615 0.0835819 
1307 -0.21367 0.1632 
1308 -0.15766 -0.0788335 
1309 -0.153876 0.00130903 
1310 -0.150216 0.0797018 
1311 -0.147136 0.159503 
1312 -0.0903772 -0.0811996 
1313 -0.0876611 -0.00139433 
1314 -0.0837691 0.0764457 
1315 -0.0813063 0.155693 
1316 -0.0246978 -0.0831827 
1317 -0.021981 -0.00436948 
1318 -0.0181054 0.0741003 
1319 -0.0158313 0.151726 
