9240 -0.33292 -0.217066 
9241 -0.333134 -0.0167755 
9242 -0.33362 0.183096 
9243 -0.333509 0.383318 
9244 -0.166696 -0.216902 
9245 -0.166489 -0.0163368 
9246 -0.166835 0.18371 
9247 -0.166667 0.382987 
9248 0.00024635 -0.216438 
9249 -0.000313529 -0.0164331 
9250 7.4874e-05 0.183006 
9251 -0.0001424 0.383052 
9252 0.166277 -0.216923 
9253 0.166691 -0.0162548 
9254 0.166422 0.183764 
9255 0.166242 0.383274 
9256 0.33297 -0.217035 
9257 0.333396 -0.0170971 
9258 0.333628 0.182918 
9259 0.333365 0.383799 
9260 -0.299829 -0.209897 
9261 -0.299681 -0.0246796 
9262 -0.300258 0.159301 
9263 -0.300011 0.343623 
9264 -0.146325 -0.20965 
9265 -0.1461 -0.0253041 
9266 -0.146624 0.159055 
9267 -0.146291 0.343415 
9268 0.00765606 -0.208835 
9269 0.007413 -0.0248889 
9270 0.00760672 0.159569 
9271 0.00667793 0.342973 
9272 0.160905 -0.208114 
9273 0.160603 -0.0245769 
9274 0.160112 0.159824 
9275 0.160441 0.343003 
9276 0.313981 -0.207813 
9277 0.314177 -0.0242399 
9278 0.313909 0.159649 
9279 0.312879 0.34315 
9280 -0.271656 -0.203777 
9281 -0.271774 -0.0327124 
9282 -0.272096 0.138778 
9283 -0.272116 0.310062 
9284 -0.128822 -0.202406 
9285 -0.128906 -0.0322171 
9286 -0.128858 0.139527 
9287 -0.129488 0.309669 
9288 0.0140227 -0.202514 
9289 0.0133195 -0.0311674 
9290 0.0126716 0.139057 
9291 0.0124829 0.309939 
9292 0.156352 -0.201361 
9293 0.155895 -0.0312347 
9294 0.154834 0.139368 
9295 0.154397 0.3094 
9296 0.29825 -0.200244 
9297 0.296657 -0.0300235 
9298 0.295898 0.140218 
9299 0.295736 0.310008 
9300 -0.247682 -0.198445 
9301 -0.247531 -0.0378723 
9302 -0.248693 0.121521 
9303 -0.248671 0.280886 
9304 -0.113569 -0.197144 
9305 -0.114839 -0.0372241 
9306 -0.115415 0.121749 
9307 -0.11604 0.280338 
9308 0.0187979 -0.195987 
9309 0.018671 -0.0364239 
9310 0.0174507 0.121947 
9311 0.016396 0.280995 
9312 0.151249 -0.194818 
9313 0.150029 -0.0366406 
9314 0.149176 0.122375 
9315 0.149087 0.280639 
9316 0.283359 -0.194107 
9317 0.281883 -0.0354852 
9318 0.280657 0.12289 
9319 0.279523 0.280155 
9320 -0.226732 -0.193822 
9321 -0.227024 -0.043512 
9322 -0.227968 0.105985 
9323 -0.22888 0.255118 
9324 -0.101297 -0.191961 
9325 -0.101927 -0.0423431 
9326 -0.103508 0.106742 
9327 -0.104278 0.255232 
9328 0.0225401 -0.191248 
9329 0.0223523 -0.0414031 
9330 0.021373 0.106649 
9331 0.0200475 0.255723 
9332 0.147222 -0.189737 
9333 0.145493 -0.0409617 
9334 0.144467 0.108116 
9335 0.14318 0.255903 
9336 0.269859 -0.188318 
9337 0.268628 -0.0400865 
9338 0.26768 0.108196 
9339 0.265613 0.256136 
9340 -0.208122 -0.188699 
9341 -0.209422 -0.0473885 
9342 -0.210126 0.0928441 
9343 -0.211533 0.232627 
9344 -0.090778 -0.187308 
9345 -0.091824 -0.0462983 
9346 -0.093054 0.0932143 
9347 -0.0941321 0.23339 
9348 0.0265455 -0.185989 
9349 0.0248788 -0.0456894 
9350 0.0236145 0.0937383 
9351 0.022927 0.233571 
9352 0.14282 -0.184155 
9353 0.141369 -0.0441711 
9354 0.140083 0.0947673 
9355 0.138103 0.234307 
9356 0.257947 -0.182326 
9357 0.256429 -0.0434409 
9358 0.255266 0.0959991 
9359 0.253226 0.233893 
9360 -0.192543 -0.184413 
9361 -0.194417 -0.0511225 
9362 -0.195314 0.0808072 
9363 -0.196736 0.213681 
9364 -0.0813039 -0.183407 
9365 -0.0826145 -0.0500601 
9366 -0.0843769 0.0816285 
9367 -0.085253 0.21444 
9368 0.0290046 -0.181089 
9369 0.0271017 -0.0493272 
9370 0.0257945 0.0829227 
9371 0.0247432 0.214316 
9372 0.138392 -0.179425 
9373 0.136371 -0.0478683 
9374 0.135313 0.0835242 
9375 0.13368 0.214606 
9376 0.247692 -0.177444 
9377 0.24592 -0.0462286 
9378 0.243988 0.084833 
9379 0.241512 0.21473 
9380 -0.178805 -0.181253 
9381 -0.180286 -0.0547516 
9382 -0.181557 0.0711713 
9383 -0.182913 0.196504 
9384 -0.0739739 -0.178614 
9385 -0.0755203 -0.0536927 
9386 -0.0767347 0.0719578 
9387 -0.0784705 0.197169 
9388 0.0308272 -0.177012 
9389 0.0292581 -0.051553 
9390 0.02713 0.0732336 
9391 0.0255163 0.197669 
9392 0.134963 -0.174924 
9393 0.132649 -0.0504473 
9394 0.131025 0.0736506 
9395 0.128683 0.19789 
9396 0.237412 -0.172941 
9397 0.234979 -0.0489282 
9398 0.233795 0.0749218 
9399 0.231305 0.198578 
9400 -0.167382 -0.17742 
9401 -0.168965 -0.057376 
9402 -0.169845 0.0626078 
9403 -0.171467 0.180716 
9404 -0.0672993 -0.174796 
9405 -0.0693169 -0.0560223 
9406 -0.0700649 0.0630701 
9407 -0.0719016 0.18237 
9408 0.0320492 -0.173463 
9409 0.0307039 -0.0545926 
9410 0.028733 0.0648535 
9411 0.0269267 0.182103 
9412 0.130934 -0.171311 
9413 0.128815 -0.0527172 
9414 0.126764 0.0659313 
9415 0.124625 0.183306 
9416 0.227792 -0.169335 
9417 0.225949 -0.051046 
9418 0.224277 0.0670348 
9419 0.221302 0.183482 
9420 -0.157201 -0.174415 
9421 -0.158704 -0.0593732 
9422 -0.159848 0.0546831 
9423 -0.161647 0.167681 
9424 -0.0614776 -0.171678 
9425 -0.0628308 -0.0577699 
9426 -0.0648927 0.055977 
9427 -0.0667656 0.168915 
9428 0.0326882 -0.16946 
9429 0.030629 -0.0564264 
9430 0.0295476 0.0565507 
9431 0.0267978 0.169195 
9432 0.126571 -0.167291 
9433 0.12423 -0.0537939 
9434 0.122157 0.0579281 
9435 0.119904 0.16991 
9436 0.219347 -0.164602 
9437 0.217572 -0.0523707 
9438 0.214814 0.0594333 
9439 0.213028 0.170408 
9440 -0.147732 -0.170966 
9441 -0.149478 -0.0609784 
9442 -0.151025 0.0468109 
9443 -0.152766 0.155675 
9444 -0.0559791 -0.168483 
9445 -0.0582483 -0.0598812 
9446 -0.0603472 0.0484473 
9447 -0.0626426 0.156623 
9448 0.0342385 -0.165644 
9449 0.0320093 -0.0570657 
9450 0.0298448 0.0505128 
9451 0.0276058 0.157743 
9452 0.123141 -0.163124 
9453 0.120883 -0.0553431 
9454 0.118887 0.0520346 
9455 0.116448 0.15791 
9456 0.211722 -0.160826 
9457 0.209313 -0.0535989 
9458 0.206231 0.0525808 
9459 0.203631 0.159746 
9460 -0.13868 -0.167184 
9461 -0.141043 -0.0628433 
9462 -0.142837 0.0411547 
9463 -0.144871 0.14499 
9464 -0.052552 -0.164573 
9465 -0.0540695 -0.0604545 
9466 -0.056219 0.0423731 
9467 -0.0590386 0.146218 
9468 0.0342137 -0.161759 
9469 0.0313223 -0.0586332 
9470 0.0289543 0.0445399 
9471 0.0269175 0.146466 
9472 0.119477 -0.159863 
9473 0.116545 -0.0564607 
9474 0.114107 0.0459589 
9475 0.111457 0.147791 
9476 0.204078 -0.156529 
9477 0.201042 -0.0548508 
9478 0.198296 0.047693 
9479 0.196204 0.148773 
9480 -0.131356 -0.164224 
9481 -0.134271 -0.0645019 
9482 -0.136223 0.0353742 
9483 -0.138656 0.13483 
9484 -0.0480347 -0.160883 
9485 -0.0508927 -0.0616729 
9486 -0.0534864 0.0376527 
9487 -0.0558837 0.136345 
9488 0.0341886 -0.158549 
9489 0.0316836 -0.059478 
9490 0.0295089 0.0394552 
9491 0.026488 0.137905 
9492 0.115497 -0.155787 
9493 0.113171 -0.0569697 
9494 0.110661 0.0411461 
9495 0.107967 0.138695 
9496 0.196503 -0.153102 
9497 0.194329 -0.0548846 
9498 0.191099 0.0427839 
9499 0.18794 0.140079 
9500 -0.125225 -0.160724 
9501 -0.12761 -0.0651428 
9502 -0.129819 0.0313386 
9503 -0.132244 0.126431 
9504 -0.0451618 -0.158544 
9505 -0.0477863 -0.0626424 
9506 -0.0499202 0.0323119 
9507 -0.0526781 0.127553 
9508 0.0341751 -0.154759 
9509 0.031702 -0.0596254 
9510 0.0288761 0.0342917 
9511 0.0259353 0.128983 
9512 0.112312 -0.152689 
9513 0.109679 -0.0572736 
9514 0.106712 0.0366404 
9515 0.10413 0.130761 
9516 0.189823 -0.149154 
9517 0.186763 -0.0557082 
9518 0.184459 0.0378488 
9519 0.181547 0.131292 
9520 -0.119851 -0.157952 
9521 -0.121782 -0.0653422 
9522 -0.124835 0.0268168 
9523 -0.127584 0.118462 
9524 -0.0427018 -0.154919 
9525 -0.0453244 -0.0624645 
9526 -0.0478351 0.0283993 
9527 -0.0504115 0.120026 
9528 0.034062 -0.151802 
9529 0.0311588 -0.0600091 
9530 0.0276514 0.0308985 
9531 0.0256839 0.121814 
9532 0.108507 -0.148439 
9533 0.105927 -0.0575925 
9534 0.103253 0.0325015 
9535 0.100326 0.122944 
9536 0.183938 -0.146091 
9537 0.180417 -0.0557273 
9538 0.177085 0.0349051 
9539 0.173946 0.124114 
9540 -0.114932 -0.155016 
9541 -0.116805 -0.0657733 
9542 -0.119414 0.0229543 
9543 -0.121969 0.110947 
9544 -0.0400551 -0.151274 
9545 -0.0434698 -0.0631183 
9546 -0.0454341 0.0251505 
9547 -0.0489239 0.112841 
9548 0.0328221 -0.148872 
9549 0.0305034 -0.0600516 
9550 0.0268102 0.0271941 
9551 0.0244742 0.115129 
9552 0.105394 -0.145467 
9553 0.102449 -0.0581292 
9554 0.0989204 0.0296861 
9555 0.0958809 0.115747 
9556 0.177066 -0.142637 
9557 0.173668 -0.0551419 
9558 0.170978 0.031505 
9559 0.167753 0.117527 
9560 -0.110183 -0.15169 
9561 -0.112515 -0.0660667 
9562 -0.116024 0.0199024 
9563 -0.118489 0.105611 
9564 -0.0387232 -0.148845 
9565 -0.041633 -0.0624747 
9566 -0.0439486 0.022473 
9567 -0.0476278 0.107075 
9568 0.0321309 -0.145184 
9569 0.0290627 -0.0598892 
9570 0.0258396 0.0239213 
9571 0.0228618 0.108999 
9572 0.102338 -0.141758 
9573 0.0991287 -0.0574059 
9574 0.096158 0.027043 
9575 0.0926463 0.110668 
9576 0.171086 -0.138764 
9577 0.167584 -0.0545631 
9578 0.164676 0.0283559 
9579 0.161633 0.111914 
9580 -0.105896 -0.149021 
9581 -0.108607 -0.0656056 
9582 -0.11169 0.0169105 
9583 -0.114649 0.0996857 
9584 -0.0365572 -0.145361 
9585 -0.039458 -0.0623565 
9586 -0.0427783 0.0197363 
9587 -0.0458291 0.101104 
9588 0.0309554 -0.141694 
9589 0.0282301 -0.0599554 
9590 0.0252797 0.0223006 
9591 0.0218443 0.103524 
9592 0.0987334 -0.138593 
9593 0.0957741 -0.0574469 
9594 0.0922205 0.0237674 
9595 0.0890224 0.105335 
9596 0.165707 -0.134771 
9597 0.161698 -0.0545763 
9598 0.15873 0.0267797 
9599 0.154965 0.106695 
9600 -0.102419 -0.145672 
9601 -0.105767 -0.0648495 
9602 -0.108649 0.0152726 
9603 -0.112007 0.0941549 
9604 -0.035637 -0.142274 
9605 -0.0384215 -0.0625883 
9606 -0.0424024 0.016932 
9607 -0.0453034 0.0961827 
9608 0.0304824 -0.138523 
9609 0.026524 -0.0595935 
9610 0.0235629 0.0200277 
9611 0.0208473 0.0985488 
9612 0.0953719 -0.135448 
9613 0.0923382 -0.0559877 
9614 0.0880958 0.0220542 
9615 0.0855955 0.100247 
9616 0.159358 -0.131368 
9617 0.156356 -0.0538662 
9618 0.152221 0.0246298 
9619 0.149227 0.102633 
9620 -0.0996867 -0.142069 
9621 -0.102052 -0.0647161 
9622 -0.105823 0.0130068 
9623 -0.108418 0.0901472 
9624 -0.0351688 -0.138579 
9625 -0.0382195 -0.0610509 
9626 -0.0415311 0.0158233 
9627 -0.0442541 0.09191 
9628 0.0290133 -0.135538 
9629 0.0256602 -0.0583035 
9630 0.0225746 0.0182792 
9631 0.0185393 0.0937755 
9632 0.0923981 -0.131893 
9633 0.0887826 -0.0555615 
9634 0.0849161 0.0200421 
9635 0.0810584 0.0964799 
9636 0.153963 -0.128717 
9637 0.150323 -0.052954 
9638 0.147491 0.0230053 
9639 0.143144 0.0982039 
