9600 -0.333239 -0.216595 
9601 -0.332913 -0.0162097 
9602 -0.333176 0.183734 
9603 -0.333463 0.383418 
9604 -0.166262 -0.216873 
9605 -0.166548 -0.0167539 
9606 -0.16627 0.18372 
9607 -0.16633 0.383014 
9608 -0.000106073 -0.216592 
9609 0.000258377 -0.0162782 
9610 -0.000107776 0.18328 
9611 0.000333251 0.383136 
9612 0.167132 -0.216658 
9613 0.166442 -0.01689 
9614 0.166649 0.183807 
9615 0.166936 0.383223 
9616 0.332996 -0.216192 
9617 0.33354 -0.0170117 
9618 0.33344 0.183588 
9619 0.332874 0.382944 
9620 -0.301728 -0.201935 
9621 -0.301776 -0.0174634 
9622 -0.302375 0.168176 
9623 -0.302655 0.352676 
9624 -0.147615 -0.201353 
9625 -0.148046 -0.0163914 
9626 -0.148399 0.168448 
9627 -0.149169 0.352682 
9628 0.0060941 -0.200399 
9629 0.00559205 -0.0166325 
9630 0.0059705 0.167979 
9631 0.00524634 0.352516 
9632 0.159849 -0.200527 
9633 0.159684 -0.0161865 
9634 0.159507 0.168829 
9635 0.158607 0.352799 
9636 0.313542 -0.199621 
9637 0.313185 -0.0149429 
9638 0.312948 0.169299 
9639 0.31201 0.353229 
9640 -0.274282 -0.189149 
9641 -0.276076 -0.0170683 
9642 -0.276135 0.154847 
9643 -0.277038 0.326595 
9644 -0.131065 -0.188128 
9645 -0.132322 -0.0162457 
9646 -0.133155 0.15553 
9647 -0.134325 0.327357 
9648 0.0114858 -0.18644 
9649 0.0110917 -0.0148993 
9650 0.00993429 0.156317 
9651 0.00890572 0.327276 
9652 0.154433 -0.185576 
9653 0.153176 -0.0145385 
9654 0.152969 0.157266 
9655 0.151611 0.328129 
9656 0.296781 -0.184326 
9657 0.295728 -0.0139062 
9658 0.295072 0.1574 
9659 0.293468 0.32799 
9660 -0.251751 -0.176991 
9661 -0.253108 -0.0161402 
9662 -0.254073 0.145019 
9663 -0.255725 0.304923 
9664 -0.117653 -0.175497 
9665 -0.119308 -0.01488 
9666 -0.12045 0.145777 
9667 -0.121463 0.30573 
9668 0.0155453 -0.174333 
9669 0.0144908 -0.01374 
9670 0.0135089 0.146615 
9671 0.0122963 0.306268 
9672 0.148659 -0.172792 
9673 0.147912 -0.0126337 
9674 0.146287 0.14704 
9675 0.145191 0.306384 
9676 0.281171 -0.170755 
9677 0.279874 -0.0112757 
9678 0.278449 0.147906 
9679 0.276868 0.306842 
9680 -0.231798 -0.165405 
9681 -0.233351 -0.0147262 
9682 -0.235052 0.136298 
9683 -0.236695 0.286485 
9684 -0.106584 -0.164391 
9685 -0.1081 -0.0134506 
9686 -0.109367 0.13668 
9687 -0.110858 0.287756 
9688 0.0186106 -0.162297 
9689 0.0172003 -0.0121899 
9690 0.0157468 0.138326 
9691 0.0137327 0.288064 
9692 0.143806 -0.160704 
9693 0.141536 -0.0112173 
9694 0.140204 0.138481 
9695 0.138431 0.288126 
9696 0.267828 -0.158475 
9697 0.266222 -0.00895723 
9698 0.264349 0.140368 
9699 0.262211 0.289394 
9700 -0.215237 -0.155701 
9701 -0.216894 -0.0132829 
9702 -0.218598 0.128548 
9703 -0.220591 0.270396 
9704 -0.0966677 -0.153194 
9705 -0.0984587 -0.0121879 
9706 -0.100745 0.129604 
9707 -0.102226 0.27181 
9708 0.0214827 -0.151736 
9709 0.0196142 -0.0101461 
9710 0.0172834 0.130549 
9711 0.0152625 0.272354 
9712 0.138821 -0.149647 
9713 0.136404 -0.00855033 
9714 0.134841 0.132344 
9715 0.132949 0.272977 
9716 0.255399 -0.146873 
9717 0.253691 -0.00719024 
9718 0.251492 0.133101 
9719 0.249403 0.27414 
9720 -0.200632 -0.146354 
9721 -0.202217 -0.0115898 
9722 -0.205274 0.122131 
9723 -0.206698 0.256952 
9724 -0.0880635 -0.143755 
9725 -0.0904388 -0.0101686 
9726 -0.0928739 0.123466 
9727 -0.0942605 0.257941 
9728 0.023715 -0.141806 
9729 0.0214129 -0.00783772 
9730 0.019018 0.124916 
9731 0.0167 0.259228 
9732 0.134008 -0.139629 
9733 0.131884 -0.00611129 
9734 0.129413 0.126575 
9735 0.127593 0.260043 
9736 0.244395 -0.136623 
9737 0.242211 -0.00443251 
9738 0.239278 0.127715 
9739 0.237447 0.261034 
9740 -0.187258 -0.137465 
9741 -0.189586 -0.0102669 
9742 -0.192113 0.117935 
9743 -0.194307 0.24519 
9744 -0.0805404 -0.134495 
9745 -0.0832558 -0.00766816 
9746 -0.085579 0.119452 
9747 -0.0884847 0.246666 
9748 0.024313 -0.132541 
9749 0.0221067 -0.0052915 
9750 0.0193361 0.120535 
9751 0.0175748 0.247446 
9752 0.129599 -0.129934 
9753 0.126984 -0.00355081 
9754 0.124804 0.122017 
9755 0.121877 0.248801 
9756 0.23351 -0.126858 
9757 0.23144 -0.00160766 
9758 0.228485 0.123953 
9759 0.225953 0.249133 
9760 -0.1756 -0.128749 
9761 -0.179129 -0.00784612 
9762 -0.181547 0.113659 
9763 -0.183899 0.234588 
9764 -0.0753313 -0.126278 
9765 -0.0777295 -0.00587538 
9766 -0.0800131 0.115356 
9767 -0.0826008 0.235797 
9768 0.0251813 -0.1238 
9769 0.0227619 -0.00312431 
9770 0.0206582 0.116625 
9771 0.0177631 0.237479 
9772 0.12538 -0.120837 
9773 0.122047 -0.000573496 
9774 0.119417 0.11835 
9775 0.117188 0.23861 
9776 0.224094 -0.118386 
9777 0.221209 0.000815455 
9778 0.21894 0.120517 
9779 0.216434 0.239612 
9780 -0.165874 -0.120499 
9781 -0.168645 -0.00552595 
9782 -0.171378 0.110488 
9783 -0.174221 0.226146 
9784 -0.0697986 -0.11765 
9785 -0.0729377 -0.00250093 
9786 -0.0756663 0.111889 
9787 -0.0785304 0.227048 
9788 0.0260023 -0.114908 
9789 0.022903 -0.000271347 
9790 0.0208651 0.114252 
9791 0.0173147 0.228265 
9792 0.120764 -0.111704 
9793 0.118308 0.00139845 
9794 0.11533 0.115895 
9795 0.112461 0.229732 
9796 0.21445 -0.10888 
9797 0.211982 0.00385689 
9798 0.209344 0.117498 
9799 0.20694 0.231094 
9800 -0.157106 -0.11284 
9801 -0.160248 -0.00315895 
9802 -0.163609 0.107737 
9803 -0.166233 0.218164 
9804 -0.064946 -0.110128 
9805 -0.0681432 -0.000708331 
9806 -0.0714045 0.109582 
9807 -0.0739419 0.220111 
9808 0.0263334 -0.106712 
9809 0.0229546 0.00229923 
9810 0.0197827 0.111751 
9811 0.0168774 0.220618 
9812 0.116536 -0.104446 
9813 0.114129 0.00461288 
9814 0.111084 0.113887 
9815 0.107758 0.222448 
9816 0.20625 -0.100742 
9817 0.20336 0.00752729 
9818 0.20021 0.115577 
9819 0.19795 0.223754 
9820 -0.149854 -0.105713 
9821 -0.152663 -0.000265359 
9822 -0.156265 0.105276 
9823 -0.158983 0.21177 
9824 -0.0616451 -0.102617 
9825 -0.0647406 0.00212072 
9826 -0.0675408 0.107883 
9827 -0.0708284 0.2129 
9828 0.0263455 -0.09996 
9829 0.0231772 0.00463814 
9830 0.0200339 0.109839 
9831 0.0165183 0.214507 
9832 0.111993 -0.0967877 
9833 0.109145 0.00773651 
9834 0.106311 0.111911 
9835 0.103028 0.216354 
9836 0.197592 -0.0929163 
9837 0.195402 0.0104962 
9838 0.192141 0.114049 
9839 0.18932 0.217516 
9840 -0.142247 -0.0985107 
9841 -0.146245 0.00315783 
9842 -0.149109 0.104336 
9843 -0.15225 0.205992 
9844 -0.0585801 -0.0957071 
9845 -0.0614279 0.00521468 
9846 -0.0646165 0.106824 
9847 -0.0680171 0.206962 
9848 0.0257691 -0.0917647 
9849 0.0224263 0.00857186 
9850 0.019425 0.108156 
9851 0.0157069 0.209148 
9852 0.108039 -0.0889701 
9853 0.105165 0.0109803 
9854 0.102005 0.110253 
9855 0.098895 0.210316 
9856 0.19074 -0.0858248 
9857 0.187495 0.0132572 
9858 0.183913 0.112587 
9859 0.181549 0.212052 
9860 -0.136339 -0.0914186 
9861 -0.140032 0.00518671 
9862 -0.143698 0.103032 
9863 -0.146549 0.200481 
9864 -0.0556678 -0.0879554 
9865 -0.0585155 0.00835921 
9866 -0.0616297 0.105211 
9867 -0.0650916 0.202014 
9868 0.0251298 -0.085309 
9869 0.021777 0.0116412 
9870 0.0182305 0.107359 
9871 0.0152824 0.20377 
9872 0.104574 -0.0816176 
9873 0.101692 0.0142889 
9874 0.0978088 0.109541 
9875 0.0951576 0.205707 
9876 0.182778 -0.0783319 
9877 0.180274 0.0160777 
9878 0.177123 0.112183 
9879 0.173387 0.207665 
9880 -0.131128 -0.0850652 
9881 -0.135022 0.00830934 
9882 -0.138054 0.102188 
9883 -0.141928 0.196145 
9884 -0.0528453 -0.0812588 
9885 -0.0565452 0.011213 
9886 -0.0600056 0.105183 
9887 -0.0632736 0.197852 
9888 0.0237773 -0.0784605 
9889 0.0209119 0.014298 
9890 0.0176982 0.106894 
9891 0.013987 0.200479 
9892 0.101051 -0.074684 
9893 0.0976717 0.0165937 
9894 0.0942749 0.10926 
9895 0.0906585 0.201633 
9896 0.176626 -0.0722909 
9897 0.172929 0.0193168 
9898 0.169581 0.111273 
9899 0.166523 0.203115 
9900 -0.126184 -0.0781355 
9901 -0.129773 0.0120757 
9902 -0.134049 0.102173 
9903 -0.137889 0.192951 
9904 -0.0513326 -0.0754987 
9905 -0.055259 0.0142685 
9906 -0.0582619 0.104257 
9907 -0.0618415 0.194811 
9908 0.0227614 -0.0720031 
9909 0.0194899 0.0178285 
9910 0.0160623 0.107342 
9911 0.0124278 0.196118 
9912 0.0964563 -0.0685902 
9913 0.0935988 0.0207916 
9914 0.089742 0.109674 
9915 0.0870819 0.198656 
9916 0.169071 -0.0653969 
9917 0.166344 0.022971 
9918 0.162473 0.11166 
9919 0.159205 0.199866 
9920 -0.122476 -0.0726492 
9921 -0.126018 0.014599 
9922 -0.129787 0.102072 
9923 -0.13336 0.190228 
9924 -0.0496631 -0.0690983 
9925 -0.0535165 0.0183136 
9926 -0.0568004 0.104366 
9927 -0.0602628 0.191297 
9928 0.0214946 -0.0658733 
9929 0.0182918 0.0202987 
9930 0.014814 0.107447 
9931 0.0119264 0.193997 
9932 0.0926024 -0.0621257 
9933 0.0894803 0.0235571 
9934 0.0863357 0.108947 
9935 0.0828074 0.195375 
9936 0.163407 -0.0590845 
9937 0.159301 0.0267001 
9938 0.156358 0.111779 
9939 0.153163 0.197028 
9940 -0.118522 -0.0659249 
9941 -0.122482 0.0177648 
9942 -0.125922 0.102081 
9943 -0.130345 0.187024 
9944 -0.0482317 -0.062594 
9945 -0.0526496 0.0212692 
9946 -0.0554541 0.10481 
9947 -0.059363 0.18928 
9948 0.0210303 -0.0589417 
9949 0.0170525 0.0242515 
9950 0.0131545 0.107591 
9951 0.00966891 0.190627 
9952 0.0896183 -0.0556892 
9953 0.0855908 0.0271562 
9954 0.0822808 0.110024 
9955 0.078879 0.192562 
9956 0.156433 -0.0522789 
9957 0.153506 0.0294482 
9958 0.150019 0.112142 
9959 0.146728 0.195107 
9960 -0.116034 -0.059971 
9961 -0.119352 0.0214638 
9962 -0.123266 0.102602 
9963 -0.127183 0.184908 
9964 -0.0481951 -0.056595 
9965 -0.051234 0.0246233 
9966 -0.0548065 0.106046 
9967 -0.0589823 0.186926 
9968 0.0195127 -0.0534581 
9969 0.0160326 0.0277046 
9970 0.0122344 0.107872 
9971 0.0082799 0.188423 
9972 0.0851249 -0.0500555 
9973 0.0818237 0.0300689 
9974 0.0782071 0.110859 
9975 0.0750779 0.190514 
9976 0.151012 -0.0467851 
9977 0.14732 0.0329953 
9978 0.144382 0.112556 
9979 0.140878 0.192663 
9980 -0.113298 -0.0544403 
9981 -0.11652 0.0242722 
9982 -0.120258 0.103748 
9983 -0.12484 0.183629 
9984 -0.0469483 -0.0507065 
9985 -0.0508768 0.0277076 
9986 -0.0547591 0.106646 
9987 -0.0586245 0.1855 
9988 0.0180247 -0.0468958 
9989 0.0143764 0.0308473 
9990 0.0100734 0.109215 
9991 0.00735376 0.186719 
9992 0.0812531 -0.0436335 
9993 0.0785621 0.0338736 
9994 0.0747332 0.111473 
9995 0.0715834 0.189493 
9996 0.145017 -0.0400403 
9997 0.14128 0.0363832 
9998 0.138661 0.113586 
9999 0.134921 0.19046 
