9800 -0.333233 -0.216537 
9801 -0.333266 -0.0165762 
9802 -0.332986 0.183267 
9803 -0.333373 0.382996 
9804 -0.166653 -0.216498 
9805 -0.167119 -0.0162944 
9806 -0.166915 0.183269 
9807 -0.166408 0.38302 
9808 -5.09502e-05 -0.216283 
9809 -0.000100536 -0.0161727 
9810 -0.000131358 0.18304 
9811 0.000317296 0.383786 
9812 0.167079 -0.216167 
9813 0.16684 -0.0170112 
9814 0.167105 0.183284 
9815 0.167027 0.383186 
9816 0.333228 -0.216747 
9817 0.332963 -0.0169934 
9818 0.33342 0.183 
9819 0.333133 0.383473 
9820 -0.302744 -0.196097 
9821 -0.303376 -0.0108417 
9822 -0.303533 0.173503 
9823 -0.304144 0.358898 
9824 -0.148602 -0.195558 
9825 -0.148992 -0.0105541 
9826 -0.149454 0.173777 
9827 -0.149726 0.359262 
9828 0.00591779 -0.194917 
9829 0.00513289 -0.0104662 
9830 0.00534685 0.174845 
9831 0.00452765 0.359398 
9832 0.159432 -0.195226 
9833 0.15922 -0.0102877 
9834 0.158567 0.174986 
9835 0.158805 0.35952 
9836 0.313286 -0.194316 
9837 0.312557 -0.00934134 
9838 0.312305 0.174498 
9839 0.312167 0.359944 
9840 -0.276622 -0.178265 
9841 -0.277303 -0.00631065 
9842 -0.278278 0.166124 
9843 -0.279955 0.339012 
9844 -0.133136 -0.177515 
9845 -0.134295 -0.00574272 
9846 -0.13445 0.166951 
9847 -0.135463 0.338824 
9848 0.0104953 -0.176113 
9849 0.00986642 -0.00493807 
9850 0.00890957 0.167698 
9851 0.00751729 0.338972 
9852 0.153755 -0.175235 
9853 0.152531 -0.00335304 
9854 0.152147 0.168037 
9855 0.151256 0.339718 
9856 0.295486 -0.174823 
9857 0.29496 -0.00282834 
9858 0.294831 0.167929 
9859 0.293958 0.340124 
9860 -0.254527 -0.161712 
9861 -0.256336 -0.000657175 
9862 -0.256789 0.160058 
9863 -0.258658 0.322053 
9864 -0.119567 -0.160901 
9865 -0.12129 0.000380623 
9866 -0.122724 0.160828 
9867 -0.123734 0.32252 
9868 0.0135158 -0.159488 
9869 0.0131967 0.000805476 
9870 0.0117307 0.162252 
9871 0.0104183 0.323122 
9872 0.147075 -0.157577 
9873 0.146074 0.00244292 
9874 0.145139 0.162077 
9875 0.144069 0.322932 
9876 0.280497 -0.156237 
9877 0.279547 0.0035427 
9878 0.27775 0.163416 
9879 0.277315 0.323721 
9880 -0.235819 -0.147335 
9881 -0.237044 0.00364158 
9882 -0.238929 0.155377 
9883 -0.240375 0.30768 
9884 -0.10945 -0.145695 
9885 -0.111046 0.00540689 
9886 -0.112628 0.156473 
9887 -0.113422 0.307816 
9888 0.0170174 -0.144123 
9889 0.0147699 0.00704385 
9890 0.0134067 0.157146 
9891 0.0126923 0.308584 
9892 0.141683 -0.141971 
9893 0.140935 0.00806649 
9894 0.139268 0.157864 
9895 0.138139 0.30907 
9896 0.266664 -0.140329 
9897 0.264793 0.00946991 
9898 0.263553 0.159041 
9899 0.26215 0.309541 
9900 -0.218828 -0.133734 
9901 -0.221342 0.00930397 
9902 -0.223087 0.151937 
9903 -0.224669 0.295856 
9904 -0.0995102 -0.131455 
9905 -0.1011 0.0105245 
9906 -0.102992 0.152627 
9907 -0.104963 0.295613 
9908 0.0185664 -0.130152 
9909 0.0174514 0.011999 
9910 0.0154015 0.154157 
9911 0.0140638 0.296213 
9912 0.136878 -0.128067 
9913 0.134415 0.0133296 
9914 0.13296 0.154757 
9915 0.13152 0.297342 
9916 0.253244 -0.125875 
9917 0.251938 0.0145656 
9918 0.250352 0.156035 
9919 0.248842 0.297776 
9920 -0.204726 -0.12092 
9921 -0.20688 0.0143747 
9922 -0.208817 0.149535 
9923 -0.211104 0.285416 
9924 -0.0921473 -0.119072 
9925 -0.0934494 0.015043 
9926 -0.0958485 0.150556 
9927 -0.0974003 0.285477 
9928 0.0198919 -0.116684 
9929 0.0184151 0.0175145 
9930 0.016489 0.151614 
9931 0.0141204 0.286617 
9932 0.131408 -0.11531 
9933 0.129972 0.0182198 
9934 0.127858 0.152996 
9935 0.126365 0.287049 
9936 0.242272 -0.112687 
9937 0.240549 0.0196978 
9938 0.238569 0.153443 
9939 0.237079 0.287013 
9940 -0.191893 -0.109459 
9941 -0.194467 0.0187779 
9942 -0.196985 0.147038 
9943 -0.199414 0.276177 
9944 -0.0848217 -0.107241 
9945 -0.0868826 0.0199436 
9946 -0.0896499 0.148102 
9947 -0.0914359 0.276826 
9948 0.0208953 -0.10531 
9949 0.0186562 0.0225148 
9950 0.0171145 0.149178 
9951 0.0146888 0.277637 
9952 0.126069 -0.103067 
9953 0.124157 0.0234264 
9954 0.123098 0.150357 
9955 0.120932 0.277931 
9956 0.231098 -0.100856 
9957 0.229375 0.025624 
9958 0.227821 0.152307 
9959 0.225587 0.278542 
9960 -0.181271 -0.0983708 
9961 -0.183406 0.0232366 
9962 -0.186316 0.145441 
9963 -0.18866 0.268039 
9964 -0.079185 -0.0966762 
9965 -0.0820862 0.0249891 
9966 -0.0836935 0.147245 
9967 -0.0863736 0.268723 
9968 0.0216763 -0.0942628 
9969 0.0199531 0.0265425 
9970 0.0170438 0.148058 
9971 0.0148792 0.269841 
9972 0.12148 -0.0920653 
9973 0.120111 0.0285928 
9974 0.117411 0.149271 
9975 0.115426 0.270444 
9976 0.221391 -0.0889528 
9977 0.219588 0.0301415 
9978 0.217234 0.15084 
9979 0.215896 0.27119 
9980 -0.171637 -0.0879954 
9981 -0.174077 0.0281523 
9982 -0.176632 0.144497 
9983 -0.179092 0.261575 
9984 -0.0744671 -0.0860167 
9985 -0.0767308 0.0300709 
9986 -0.07915 0.145633 
9987 -0.0821965 0.262293 
9988 0.0214878 -0.083941 
9989 0.0196719 0.0313437 
9990 0.0171428 0.147625 
9991 0.0147967 0.263506 
9992 0.116969 -0.0808171 
9993 0.11539 0.0337791 
9994 0.112694 0.148662 
9995 0.110626 0.264538 
9996 0.212205 -0.0783507 
9997 0.209767 0.0349916 
9998 0.207479 0.150287 
9999 0.205499 0.265283 
10000 -0.163167 -0.0787324 
10001 -0.166118 0.0322374 
10002 -0.16883 0.144145 
10003 -0.17162 0.256407 
10004 -0.0700982 -0.076503 
10005 -0.0727692 0.0342198 
10006 -0.0752315 0.145203 
10007 -0.077708 0.256624 
10008 0.0214711 -0.0740025 
10009 0.019721 0.0366823 
10010 0.0167396 0.147123 
10011 0.0146554 0.25752 
10012 0.113175 -0.0715511 
10013 0.110184 0.0387574 
10014 0.10885 0.14882 
10015 0.105809 0.258754 
10016 0.203442 -0.0690606 
10017 0.201056 0.0403258 
10018 0.199476 0.14934 
10019 0.197384 0.259178 
10020 -0.155233 -0.0694346 
10021 -0.158724 0.0373231 
10022 -0.161016 0.144196 
10023 -0.163648 0.25087 
10024 -0.0665678 -0.0670096 
10025 -0.0695654 0.0386618 
10026 -0.0715642 0.145433 
10027 -0.074093 0.251747 
10028 0.0211615 -0.0641082 
10029 0.0193798 0.0406727 
10030 0.016897 0.146378 
10031 0.0140257 0.252837 
10032 0.108392 -0.0616173 
10033 0.106341 0.0426321 
10034 0.103847 0.148153 
10035 0.101346 0.253953 
10036 0.194774 -0.0593388 
10037 0.192359 0.0445022 
10038 0.19032 0.14948 
10039 0.188515 0.25458 
10040 -0.148409 -0.0603244 
10041 -0.151748 0.0416116 
10042 -0.154299 0.144359 
10043 -0.157171 0.247469 
10044 -0.0636778 -0.0584044 
10045 -0.0659486 0.0440106 
10046 -0.0692839 0.146019 
10047 -0.072149 0.248406 
10048 0.0211381 -0.0552525 
10049 0.0183107 0.0453566 
10050 0.0156993 0.146637 
10051 0.0132072 0.248749 
10052 0.104041 -0.0528951 
10053 0.101522 0.0472764 
10054 0.0996401 0.148646 
10055 0.0977444 0.249843 
10056 0.186691 -0.0511733 
10057 0.184624 0.0495638 
10058 0.18304 0.150344 
10059 0.180919 0.251296 
10060 -0.143406 -0.051887 
10061 -0.145485 0.0454797 
10062 -0.14878 0.145051 
10063 -0.152115 0.244153 
10064 -0.0614465 -0.0500853 
10065 -0.0637577 0.0481223 
10066 -0.0661629 0.146375 
10067 -0.0689314 0.244708 
10068 0.0202619 -0.0472548 
10069 0.017032 0.0495963 
10070 0.0145361 0.14776 
10071 0.0126633 0.2454 
10072 0.0996971 -0.0452051 
10073 0.0973398 0.051666 
10074 0.095327 0.149425 
10075 0.0930316 0.246937 
10076 0.179094 -0.0425455 
10077 0.177773 0.0538393 
10078 0.175157 0.150078 
10079 0.172534 0.247094 
10080 -0.138358 -0.0441924 
10081 -0.140592 0.0500097 
10082 -0.143713 0.14542 
10083 -0.147251 0.241003 
10084 -0.0588369 -0.0420122 
10085 -0.0615561 0.0522261 
10086 -0.0644915 0.146735 
10087 -0.0672646 0.24203 
10088 0.018967 -0.0394773 
10089 0.0163131 0.0538056 
10090 0.0138458 0.148449 
10091 0.0113835 0.242164 
10092 0.0955934 -0.0366889 
10093 0.0935223 0.0561465 
10094 0.0908867 0.150072 
10095 0.0887104 0.243218 
10096 0.171992 -0.0340853 
10097 0.170432 0.0579505 
10098 0.167843 0.150986 
10099 0.165464 0.244657 
10100 -0.133703 -0.0366167 
10101 -0.136657 0.0539964 
10102 -0.139799 0.145675 
10103 -0.142351 0.237917 
10104 -0.0578511 -0.0338502 
10105 -0.059973 0.0565328 
10106 -0.0628724 0.147116 
10107 -0.0657394 0.238657 
10108 0.0179401 -0.0320908 
10109 0.0151455 0.0581742 
10110 0.0123092 0.148955 
10111 0.00964486 0.239687 
10112 0.0923606 -0.0289804 
10113 0.0900049 0.0606709 
10114 0.0873343 0.150361 
10115 0.0853098 0.241333 
10116 0.165216 -0.0271524 
10117 0.16336 0.0620475 
10118 0.160636 0.151434 
10119 0.159055 0.241399 
10120 -0.129338 -0.0295117 
10121 -0.132399 0.0582938 
10122 -0.135584 0.147268 
10123 -0.138753 0.236173 
10124 -0.0562093 -0.026859 
10125 -0.0589369 0.0606484 
10126 -0.061927 0.14841 
10127 -0.0642427 0.23691 
10128 0.015886 -0.0249965 
10129 0.0141365 0.0626365 
10130 0.0111633 0.149643 
10131 0.00894348 0.238166 
10132 0.0882831 -0.0220907 
10133 0.0858156 0.0647649 
10134 0.0836046 0.151377 
10135 0.0806263 0.239181 
10136 0.158329 -0.0195186 
10137 0.156554 0.0664732 
10138 0.154516 0.152373 
10139 0.152322 0.239203 
10140 -0.126461 -0.0228466 
10141 -0.129225 0.0627762 
10142 -0.132112 0.148536 
10143 -0.134964 0.234422 
10144 -0.0555849 -0.0198436 
10145 -0.0574611 0.0640887 
10146 -0.0606248 0.149881 
10147 -0.0634353 0.235101 
10148 0.0147697 -0.0179191 
10149 0.012724 0.0669296 
10150 0.00984441 0.151526 
10151 0.00755789 0.236426 
10152 0.0842738 -0.0152479 
10153 0.0813309 0.0688535 
10154 0.0798641 0.152895 
10155 0.0774772 0.237196 
10156 0.152262 -0.0126169 
10157 0.150758 0.0704401 
10158 0.147717 0.153458 
10159 0.146503 0.237589 
10160 -0.122783 -0.0156629 
10161 -0.126182 0.0666588 
10162 -0.128826 0.149262 
10163 -0.132336 0.232645 
10164 -0.054928 -0.0137329 
10165 -0.0571746 0.0689756 
10166 -0.0603192 0.150631 
10167 -0.0629075 0.233557 
10168 0.0137324 -0.0112958 
10169 0.0107075 0.0701226 
10170 0.00876198 0.152606 
10171 0.00541721 0.234202 
10172 0.0805903 -0.00826209 
10173 0.0777169 0.0727348 
10174 0.0759465 0.153735 
10175 0.0736779 0.234977 
10176 0.146168 -0.00635674 
10177 0.144416 0.0745277 
10178 0.141903 0.154713 
10179 0.140331 0.235776 
10180 -0.120344 -0.00911096 
10181 -0.123863 0.0706102 
10182 -0.126565 0.15032 
10183 -0.12927 0.231521 
10184 -0.0544016 -0.00678808 
10185 -0.0569514 0.0723768 
10186 -0.0595217 0.152125 
10187 -0.0619377 0.232815 
10188 0.0119485 -0.0041922 
10189 0.00925061 0.0737785 
10190 0.00691976 0.153744 
10191 0.00431111 0.233717 
10192 0.0764003 -0.00249923 
10193 0.0744046 0.0764141 
10194 0.0720431 0.154515 
10195 0.0694622 0.233998 
10196 0.140657 0.00014327 
10197 0.138322 0.077596 
10198 0.136516 0.156301 
10199 0.133742 0.235212 
