10340 -0.333092 -0.217051 
10341 -0.333056 -0.0165257 
10342 -0.333754 0.183237 
10343 -0.333348 0.383181 
10344 -0.167011 -0.217 
10345 -0.167134 -0.01687 
10346 -0.16688 0.182938 
10347 -0.166213 0.383336 
10348 -0.00040601 -0.216627 
10349 -0.000230042 -0.016294 
10350 -0.000475335 0.18321 
10351 -1.14249e-05 0.383365 
10352 0.166177 -0.216748 
10353 0.166625 -0.0166137 
10354 0.166369 0.183584 
10355 0.166742 0.383778 
10356 0.333069 -0.216395 
10357 0.333392 -0.0164256 
10358 0.333703 0.183572 
10359 0.332842 0.383389 
10360 -0.306332 -0.189806 
10361 -0.305989 -0.00337515 
10362 -0.305926 0.182376 
10363 -0.305852 0.367778 
10364 -0.15169 -0.189564 
10365 -0.15184 -0.00407998 
10366 -0.151806 0.181545 
10367 -0.151266 0.367081 
10368 0.00300893 -0.188937 
10369 0.00358768 -0.00356699 
10370 0.0035216 0.181804 
10371 0.00320245 0.36658 
10372 0.157583 -0.188846 
10373 0.157613 -0.00419211 
10374 0.157957 0.181693 
10375 0.15736 0.366947 
10376 0.311802 -0.188952 
10377 0.311274 -0.00420456 
10378 0.312133 0.181269 
10379 0.31216 0.366249 
10380 -0.282627 -0.165204 
10381 -0.283104 0.00763503 
10382 -0.283298 0.180593 
10383 -0.283448 0.353906 
10384 -0.138327 -0.165688 
10385 -0.139114 0.00711912 
10386 -0.138864 0.179877 
10387 -0.138341 0.354037 
10388 0.00502322 -0.165865 
10389 0.00585834 0.00659903 
10390 0.005863 0.179939 
10391 0.0059472 0.352591 
10392 0.148424 -0.165136 
10393 0.149212 0.00697581 
10394 0.14921 0.179901 
10395 0.149696 0.352359 
10396 0.292052 -0.165157 
10397 0.292637 0.00696238 
10398 0.29279 0.178885 
10399 0.293256 0.352017 
10400 -0.263871 -0.145324 
10401 -0.263768 0.0167135 
10402 -0.263736 0.17994 
10403 -0.263668 0.342518 
10404 -0.127684 -0.144906 
10405 -0.127488 0.0165182 
10406 -0.127397 0.17907 
10407 -0.127659 0.342035 
10408 0.00639656 -0.144592 
10409 0.00705128 0.0169316 
10410 0.00686703 0.178374 
10411 0.00731177 0.340596 
10412 0.140927 -0.145231 
10413 0.14178 0.0167062 
10414 0.142274 0.178307 
10415 0.142314 0.340218 
10416 0.274158 -0.144929 
10417 0.274814 0.0161332 
10418 0.275713 0.177072 
10419 0.276137 0.33923 
10420 -0.246985 -0.126972 
10421 -0.24683 0.025845 
10422 -0.2465 0.178886 
10423 -0.246329 0.332762 
10424 -0.119149 -0.126453 
10425 -0.119007 0.0255814 
10426 -0.118599 0.177744 
10427 -0.119018 0.331736 
10428 0.00796765 -0.126386 
10429 0.00798287 0.0248185 
10430 0.0084582 0.177686 
10431 0.00915988 0.330537 
10432 0.133767 -0.126848 
10433 0.133811 0.0243714 
10434 0.13458 0.176911 
10435 0.135752 0.329229 
10436 0.25941 -0.126267 
10437 0.259727 0.0244059 
10438 0.260287 0.175639 
10439 0.261898 0.327617 
10440 -0.232427 -0.110846 
10441 -0.232156 0.0336375 
10442 -0.232227 0.178447 
10443 -0.231362 0.322857 
10444 -0.111744 -0.111034 
10445 -0.1119 0.0330248 
10446 -0.110747 0.177605 
10447 -0.110348 0.321652 
10448 0.00803492 -0.110343 
10449 0.00801316 0.0328118 
10450 0.00857115 0.17595 
10451 0.00923324 0.320767 
10452 0.126217 -0.110933 
10453 0.12752 0.0322259 
10454 0.128328 0.175353 
10455 0.129274 0.319491 
10456 0.244495 -0.110676 
10457 0.245769 0.0316673 
10458 0.24694 0.174559 
10459 0.247382 0.318068 
10460 -0.219324 -0.0962702 
10461 -0.218933 0.0405592 
10462 -0.218614 0.177269 
10463 -0.219137 0.31458 
10464 -0.105021 -0.0965183 
10465 -0.104571 0.0395819 
10466 -0.104153 0.175832 
10467 -0.104245 0.313231 
10468 0.00723168 -0.0963261 
10469 0.00836729 0.0391327 
10470 0.00890136 0.175563 
10471 0.00970677 0.311729 
10472 0.120327 -0.0964517 
10473 0.120864 0.0387346 
10474 0.121601 0.174417 
10475 0.12324 0.310148 
10476 0.231303 -0.096746 
10477 0.232824 0.0377718 
10478 0.233917 0.172731 
10479 0.235627 0.30886 
10480 -0.208883 -0.0833875 
10481 -0.207931 0.0465335 
10482 -0.20804 0.176572 
10483 -0.207222 0.307506 
10484 -0.100578 -0.0835213 
10485 -0.0995025 0.0457455 
10486 -0.0993534 0.175643 
10487 -0.0983895 0.30603 
10488 0.00718423 -0.0839583 
10489 0.00762363 0.0450466 
10490 0.00858237 0.173819 
10491 0.00980485 0.30433 
10492 0.113519 -0.0841523 
10493 0.114752 0.0440904 
10494 0.11628 0.17254 
10495 0.116824 0.301989 
10496 0.219672 -0.0846833 
10497 0.220962 0.043111 
10498 0.222624 0.171864 
10499 0.223778 0.300848 
10500 -0.198986 -0.0720538 
10501 -0.198881 0.0522251 
10502 -0.198298 0.176501 
10503 -0.197723 0.300467 
10504 -0.095649 -0.0718604 
10505 -0.0946846 0.0513951 
10506 -0.0943119 0.174509 
10507 -0.0930821 0.29845 
10508 0.00693113 -0.0721858 
10509 0.00751396 0.0502616 
10510 0.00845319 0.173225 
10511 0.00912099 0.29658 
10512 0.107904 -0.0724454 
10513 0.109546 0.0489221 
10514 0.110004 0.171906 
10515 0.111188 0.294908 
10516 0.208128 -0.073544 
10517 0.2097 0.0477503 
10518 0.211741 0.169881 
10519 0.212784 0.292453 
10520 -0.190328 -0.0614229 
10521 -0.190068 0.0570727 
10522 -0.189789 0.175728 
10523 -0.188925 0.29402 
10524 -0.0921698 -0.061974 
10525 -0.0912673 0.0559182 
10526 -0.0906974 0.173395 
10527 -0.0895719 0.292804 
10528 0.00570501 -0.0626913 
10529 0.00691057 0.0541858 
10530 0.00732864 0.172572 
10531 0.00877113 0.290653 
10532 0.101874 -0.0627284 
10533 0.103524 0.0534957 
10534 0.104536 0.170021 
10535 0.106127 0.288461 
10536 0.19825 -0.0629844 
10537 0.19979 0.0528806 
10538 0.20082 0.168914 
10539 0.2031 0.285427 
10540 -0.183287 -0.0517954 
10541 -0.182595 0.0611104 
10542 -0.181692 0.17497 
10543 -0.18111 0.288987 
10544 -0.0894433 -0.0520441 
10545 -0.0877778 0.0599355 
10546 -0.0866031 0.172759 
10547 -0.0863589 0.285997 
10548 0.0045981 -0.0529098 
10549 0.00539522 0.058483 
10550 0.00640992 0.171235 
10551 0.0077918 0.284455 
10552 0.0962407 -0.0541599 
10553 0.0977166 0.0578342 
10554 0.0993122 0.168942 
10555 0.101634 0.281333 
10556 0.188214 -0.0541554 
10557 0.189508 0.0562392 
10558 0.191306 0.167849 
10559 0.193174 0.279851 
10560 -0.177299 -0.0435297 
10561 -0.175789 0.0644986 
10562 -0.17555 0.173454 
10563 -0.174353 0.283114 
10564 -0.0866529 -0.0441451 
10565 -0.0849414 0.0638133 
10566 -0.0841971 0.172283 
10567 -0.0835726 0.280517 
10568 0.00307979 -0.045196 
10569 0.00411158 0.0625467 
10570 0.00594381 0.170083 
10571 0.00699556 0.278099 
10572 0.0907784 -0.045434 
10573 0.0933122 0.0606111 
10574 0.094809 0.168339 
10575 0.0966321 0.276004 
10576 0.178964 -0.0463581 
10577 0.18087 0.0595306 
10578 0.182551 0.165663 
10579 0.184648 0.273012 
10580 -0.171629 -0.0354482 
10581 -0.170396 0.0684919 
10582 -0.169628 0.173294 
10583 -0.168541 0.2778 
10584 -0.0849296 -0.036798 
10585 -0.0835434 0.0665143 
10586 -0.0824455 0.171007 
10587 -0.0805979 0.275798 
10588 0.00113444 -0.0377201 
10589 0.00294907 0.0656461 
10590 0.00379524 0.168814 
10591 0.00569181 0.272202 
10592 0.0856013 -0.0378987 
10593 0.0874334 0.0639002 
10594 0.0899507 0.166341 
10595 0.0911361 0.270236 
10596 0.169832 -0.0387657 
10597 0.172123 0.0621017 
10598 0.173773 0.164832 
10599 0.176282 0.267805 
10600 -0.166625 -0.0287638 
10601 -0.165455 0.071677 
10602 -0.16363 0.171418 
10603 -0.163221 0.272718 
10604 -0.0831095 -0.0300433 
10605 -0.0812717 0.069432 
10606 -0.0803716 0.170087 
10607 -0.0784696 0.26994 
10608 -0.000729498 -0.0305353 
10609 0.00118351 0.0680337 
10610 0.00266404 0.16701 
10611 0.00422127 0.267203 
10612 0.0808898 -0.0321751 
10613 0.082547 0.0661728 
10614 0.0849321 0.165433 
10615 0.0864347 0.265254 
10616 0.161814 -0.03301 
10617 0.163729 0.0652936 
10618 0.165898 0.163231 
10619 0.167722 0.261775 
10620 -0.162445 -0.0222202 
10621 -0.160919 0.07373 
10622 -0.159874 0.171111 
10623 -0.157774 0.267814 
10624 -0.0817962 -0.0237936 
10625 -0.0799446 0.0721856 
10626 -0.0788026 0.168025 
10627 -0.077413 0.265545 
10628 -0.00282376 -0.0243946 
10629 -0.00101003 0.0708435 
10630 0.000918631 0.16652 
10631 0.00252077 0.262903 
10632 0.0754708 -0.0257103 
10633 0.0784233 0.068934 
10634 0.0798088 0.163653 
10635 0.0821245 0.259309 
10636 0.15317 -0.0268573 
10637 0.155931 0.0674446 
10638 0.158541 0.162059 
10639 0.160845 0.256592 
10640 -0.158314 -0.016701 
10641 -0.156945 0.0761554 
10642 -0.15552 0.169343 
10643 -0.153932 0.263421 
10644 -0.080999 -0.0176387 
10645 -0.0795599 0.0745521 
10646 -0.0781606 0.167099 
10647 -0.076114 0.261002 
10648 -0.00468055 -0.0189663 
10649 -0.00233364 0.0725531 
10650 -0.000999355 0.164668 
10651 0.00124405 0.257544 
10652 0.0713745 -0.0204011 
10653 0.0732182 0.0702375 
10654 0.0751609 0.161892 
10655 0.0771491 0.255215 
10656 0.145853 -0.0220411 
10657 0.147892 0.0692273 
10658 0.150687 0.160246 
10659 0.153383 0.251939 
10660 -0.155544 -0.0119648 
10661 -0.154244 0.0786844 
10662 -0.152153 0.168954 
10663 -0.150704 0.259252 
10664 -0.0803125 -0.0132181 
10665 -0.079025 0.0765846 
10666 -0.0772863 0.165928 
10667 -0.0750056 0.256355 
10668 -0.00721147 -0.0144068 
10669 -0.00499281 0.0746001 
10670 -0.00265524 0.163183 
10671 -0.000656177 0.253282 
10672 0.066444 -0.0161372 
10673 0.0687432 0.0724188 
10674 0.070656 0.160657 
10675 0.0727494 0.249896 
10676 0.138779 -0.0172396 
10677 0.14051 0.0704998 
10678 0.143433 0.158053 
10679 0.145613 0.247275 
10680 -0.153298 -0.00718571 
10681 -0.151443 0.0798359 
10682 -0.149291 0.166881 
10683 -0.147403 0.255189 
10684 -0.0808224 -0.00805162 
10685 -0.0786995 0.0779549 
10686 -0.0763869 0.164278 
10687 -0.0741419 0.251882 
10688 -0.00888922 -0.010139 
10689 -0.00665527 0.0754529 
10690 -0.00475234 0.162007 
10691 -0.00228017 0.248251 
10692 0.0611558 -0.0111084 
10693 0.0637954 0.0734833 
10694 0.0666566 0.159321 
10695 0.0692004 0.245384 
10696 0.131085 -0.01281 
10697 0.134337 0.0712235 
10698 0.136054 0.156122 
10699 0.139167 0.242413 
10700 -0.150637 -0.00296304 
10701 -0.148271 0.0814284 
10702 -0.146974 0.166192 
10703 -0.145189 0.250478 
10704 -0.0806798 -0.0048417 
10705 -0.0783276 0.0785124 
10706 -0.0761412 0.162797 
10707 -0.0736441 0.24755 
10708 -0.0115918 -0.00592565 
10709 -0.00904444 0.0762618 
10710 -0.00653623 0.160246 
10711 -0.00405425 0.24442 
10712 0.0572365 -0.00816128 
10713 0.0594688 0.0744395 
10714 0.0622784 0.156935 
10715 0.06476 0.240403 
10716 0.124595 -0.00926794 
10717 0.127189 0.0720315 
10718 0.130073 0.154319 
10719 0.132098 0.237273 
10720 -0.148623 0.000442911 
10721 -0.146611 0.0823064 
10722 -0.144576 0.164229 
10723 -0.142826 0.247039 
10724 -0.0811602 -0.000588093 
10725 -0.0787146 0.079947 
10726 -0.0766887 0.161602 
10727 -0.0738948 0.243196 
10728 -0.0137061 -0.00259086 
10729 -0.011628 0.0777719 
10730 -0.00915496 0.158266 
10731 -0.00635919 0.239599 
10732 0.0527787 -0.00471963 
10733 0.0545673 0.0751971 
10734 0.0574575 0.155687 
10735 0.0607671 0.23615 
10736 0.117158 -0.00666692 
10737 0.120501 0.0730671 
10738 0.122938 0.152388 
10739 0.126397 0.233403 
