10460 -0.333642 -0.216512 
10461 -0.333706 -0.0165245 
10462 -0.33361 0.183802 
10463 -0.333219 0.383771 
10464 -0.166759 -0.21709 
10465 -0.166631 -0.0169862 
10466 -0.166681 0.183352 
10467 -0.166576 0.383523 
10468 -0.000256586 -0.216657 
10469 0.000162947 -0.0162314 
10470 -0.000212495 0.183531 
10471 -9.34208e-05 0.383244 
10472 0.166285 -0.21664 
10473 0.166322 -0.0162202 
10474 0.166852 0.183043 
10475 0.166396 0.383784 
10476 0.333124 -0.216901 
10477 0.333018 -0.0167945 
10478 0.333708 0.183278 
10479 0.33339 0.383593 
10480 -0.307535 -0.190689 
10481 -0.306918 -0.004495 
10482 -0.306971 0.180642 
10483 -0.307016 0.366811 
10484 -0.152698 -0.191018 
10485 -0.152138 -0.00482061 
10486 -0.152423 0.180656 
10487 -0.152221 0.366668 
10488 0.00230071 -0.190964 
10489 0.00266553 -0.00502093 
10490 0.0029558 0.180018 
10491 0.00264213 0.365721 
10492 0.155995 -0.190423 
10493 0.156326 -0.00570344 
10494 0.157256 0.180039 
10495 0.157359 0.364837 
10496 0.310739 -0.19035 
10497 0.311047 -0.00542973 
10498 0.311347 0.179509 
10499 0.311813 0.365147 
10500 -0.285422 -0.168455 
10501 -0.285248 0.0050818 
10502 -0.28466 0.178261 
10503 -0.284436 0.352094 
10504 -0.140984 -0.168385 
10505 -0.140716 0.00439041 
10506 -0.139827 0.177909 
10507 -0.139338 0.351224 
10508 0.00295828 -0.16837 
10509 0.00373798 0.0045021 
10510 0.00387576 0.176929 
10511 0.00512729 0.350434 
10512 0.146667 -0.168477 
10513 0.147551 0.00435706 
10514 0.148051 0.176739 
10515 0.148725 0.349699 
10516 0.290036 -0.168976 
10517 0.29068 0.0034295 
10518 0.291405 0.176154 
10519 0.29278 0.348889 
10520 -0.266317 -0.148395 
10521 -0.265949 0.0132373 
10522 -0.265482 0.176761 
10523 -0.265484 0.339013 
10524 -0.131054 -0.148817 
10525 -0.130776 0.0126908 
10526 -0.129956 0.174971 
10527 -0.12929 0.338142 
10528 0.00388198 -0.149428 
10529 0.00434619 0.0128083 
10530 0.00539534 0.174367 
10531 0.00635252 0.33732 
10532 0.138533 -0.149089 
10533 0.139373 0.0122351 
10534 0.140146 0.174005 
10535 0.140764 0.335888 
10536 0.272255 -0.149854 
10537 0.2735 0.0113512 
10538 0.27389 0.172909 
10539 0.275227 0.334134 
10540 -0.250621 -0.131788 
10541 -0.250095 0.0214164 
10542 -0.249123 0.174336 
10543 -0.248249 0.328365 
10544 -0.122747 -0.131581 
10545 -0.121521 0.02028 
10546 -0.121113 0.172954 
10547 -0.120209 0.326528 
10548 0.00472785 -0.132426 
10549 0.00530445 0.0197927 
10550 0.00563845 0.171709 
10551 0.00717615 0.325182 
10552 0.130863 -0.132803 
10553 0.131978 0.0189248 
10554 0.132861 0.171015 
10555 0.133951 0.323137 
10556 0.255758 -0.133358 
10557 0.257707 0.018058 
10558 0.258765 0.169256 
10559 0.260205 0.321485 
10560 -0.236109 -0.117007 
10561 -0.235664 0.0278708 
10562 -0.234903 0.172347 
10563 -0.234049 0.317242 
10564 -0.115987 -0.116936 
10565 -0.115306 0.0267302 
10566 -0.113843 0.170824 
10567 -0.113263 0.31554 
10568 0.00370181 -0.118018 
10569 0.00525556 0.0251872 
10570 0.00592591 0.169041 
10571 0.00742293 0.313743 
10572 0.123264 -0.118119 
10573 0.12397 0.0250297 
10574 0.125597 0.167672 
10575 0.126631 0.311566 
10576 0.241894 -0.118953 
10577 0.242799 0.0240747 
10578 0.243948 0.167204 
10579 0.245832 0.309867 
10580 -0.223733 -0.10332 
10581 -0.223006 0.032761 
10582 -0.22206 0.170714 
10583 -0.22163 0.307949 
10584 -0.109924 -0.103805 
10585 -0.109299 0.0323299 
10586 -0.107806 0.168631 
10587 -0.107111 0.305663 
10588 0.00373396 -0.104559 
10589 0.00454104 0.0312323 
10590 0.00606809 0.167025 
10591 0.00706103 0.304241 
10592 0.116061 -0.105892 
10593 0.117333 0.0296155 
10594 0.118728 0.165104 
10595 0.12072 0.301311 
10596 0.227804 -0.106568 
10597 0.229542 0.0281713 
10598 0.230888 0.163997 
10599 0.232993 0.299303 
10600 -0.213974 -0.0918667 
10601 -0.21252 0.03837 
10602 -0.211202 0.168193 
10603 -0.210454 0.299268 
10604 -0.104862 -0.0930318 
10605 -0.10399 0.0366253 
10606 -0.102419 0.166595 
10607 -0.101069 0.297246 
10608 0.00226282 -0.0932517 
10609 0.00437189 0.0351827 
10610 0.00574791 0.164907 
10611 0.00708008 0.294703 
10612 0.109082 -0.093891 
10613 0.110896 0.0342425 
10614 0.112704 0.162903 
10615 0.114765 0.292066 
10616 0.215419 -0.0949178 
10617 0.217738 0.032269 
10618 0.218781 0.161274 
10619 0.220716 0.2901 
10620 -0.204592 -0.0817877 
10621 -0.203506 0.0419599 
10622 -0.202177 0.166493 
10623 -0.200876 0.291429 
10624 -0.101532 -0.0826999 
10625 -0.0994719 0.0403513 
10626 -0.0980159 0.164736 
10627 -0.0970366 0.288464 
10628 0.00168676 -0.0837464 
10629 0.00284029 0.0391475 
10630 0.00434473 0.162391 
10631 0.00685334 0.286474 
10632 0.102941 -0.0846178 
10633 0.104922 0.0381427 
10634 0.10627 0.16009 
10635 0.108847 0.283677 
10636 0.203777 -0.0850327 
10637 0.205839 0.0360797 
10638 0.207849 0.158209 
10639 0.210425 0.280792 
10640 -0.197056 -0.0724652 
10641 -0.195548 0.0456361 
10642 -0.193895 0.164302 
10643 -0.192609 0.283297 
10644 -0.0982433 -0.0734462 
10645 -0.0960333 0.0440618 
10646 -0.0942549 0.162096 
10647 -0.0928299 0.280649 
10648 0.000163726 -0.0747637 
10649 0.00205585 0.0423346 
10650 0.00324376 0.160337 
10651 0.00535202 0.278487 
10652 0.0971663 -0.0756289 
10653 0.0985724 0.0406149 
10654 0.101129 0.157664 
10655 0.102801 0.275154 
10656 0.193078 -0.0771456 
10657 0.195562 0.0392494 
10658 0.197317 0.155403 
10659 0.200169 0.273132 
10660 -0.190125 -0.0643721 
10661 -0.188406 0.0493046 
10662 -0.186434 0.162784 
10663 -0.184492 0.27699 
10664 -0.0954134 -0.0649954 
10665 -0.093535 0.0473245 
10666 -0.0917484 0.159769 
10667 -0.0898725 0.27381 
10668 -0.00201635 -0.0663334 
10669 0.000776588 0.0448305 
10670 0.002396 0.157769 
10671 0.00483941 0.270674 
10672 0.0908654 -0.0678982 
10673 0.0936455 0.0438684 
10674 0.0956522 0.155857 
10675 0.0972018 0.267878 
10676 0.182337 -0.0691236 
10677 0.185668 0.041528 
10678 0.187169 0.153427 
10679 0.189824 0.265033 
10680 -0.183278 -0.0568495 
10681 -0.182257 0.0518007 
10682 -0.180551 0.160171 
10683 -0.178575 0.269306 
10684 -0.0934854 -0.0584847 
10685 -0.0910087 0.049136 
10686 -0.0892932 0.158186 
10687 -0.0874829 0.266847 
10688 -0.00392051 -0.060074 
10689 -0.00122709 0.0476908 
10690 0.000659369 0.155503 
10691 0.00308977 0.263227 
10692 0.0856779 -0.0608387 
10693 0.0872085 0.0452615 
10694 0.0895566 0.152426 
10695 0.0922038 0.26102 
10696 0.172658 -0.0627704 
10697 0.175435 0.0434911 
10698 0.178038 0.150274 
10699 0.180836 0.25745 
10700 -0.178572 -0.0501379 
10701 -0.176202 0.0534318 
10702 -0.174843 0.158027 
10703 -0.17304 0.263763 
10704 -0.0910302 -0.0515705 
10705 -0.0898127 0.0518432 
10706 -0.0871114 0.155991 
10707 -0.0849186 0.260271 
10708 -0.00522151 -0.0538223 
10709 -0.00295781 0.0491944 
10710 -0.00108438 0.152868 
10711 0.00190516 0.256542 
10712 0.0800827 -0.0547114 
10713 0.0824814 0.0476662 
10714 0.0847822 0.149954 
10715 0.0871284 0.253477 
10716 0.164059 -0.056738 
10717 0.166669 0.0451807 
10718 0.169402 0.147884 
10719 0.172397 0.250305 
10720 -0.174287 -0.0443974 
10721 -0.171623 0.0550042 
10722 -0.169444 0.155804 
10723 -0.16759 0.257524 
10724 -0.0899231 -0.0467985 
10725 -0.0879429 0.0528662 
10726 -0.0854179 0.153538 
10727 -0.0832945 0.253244 
10728 -0.00760912 -0.0482997 
10729 -0.00492518 0.0506128 
10730 -0.00231698 0.150777 
10731 0.00036082 0.250082 
10732 0.0742868 -0.0497839 
10733 0.0774886 0.0482563 
10734 0.079997 0.147811 
10735 0.0823126 0.247318 
10736 0.155221 -0.0515031 
10737 0.157958 0.0468479 
10738 0.160891 0.145197 
10739 0.163374 0.243316 
10740 -0.170254 -0.0393062 
10741 -0.168211 0.0569117 
10742 -0.165698 0.153579 
10743 -0.163099 0.251582 
10744 -0.0893533 -0.041538 
10745 -0.0868841 0.0545802 
10746 -0.0845801 0.150857 
10747 -0.0819674 0.247442 
10748 -0.00964544 -0.0429687 
10749 -0.00661324 0.0524679 
10750 -0.00399945 0.147583 
10751 -0.00176942 0.244427 
10752 0.0690246 -0.0454473 
10753 0.071897 0.0493121 
10754 0.0742159 0.144499 
10755 0.0772701 0.240223 
10756 0.146697 -0.0466856 
10757 0.149998 0.0471969 
10758 0.153303 0.14188 
10759 0.155574 0.236938 
10760 -0.166338 -0.0355415 
10761 -0.164557 0.0574076 
10762 -0.162214 0.151203 
10763 -0.159458 0.245735 
10764 -0.0890227 -0.0368773 
10765 -0.086359 0.0556921 
10766 -0.084035 0.147859 
10767 -0.0809155 0.242079 
10768 -0.0125164 -0.039454 
10769 -0.00904624 0.0526071 
10770 -0.00676132 0.145545 
10771 -0.00320346 0.237783 
10772 0.0635447 -0.0413058 
10773 0.0667196 0.050109 
10774 0.0700582 0.142301 
10775 0.0730834 0.234221 
10776 0.138629 -0.0431724 
10777 0.142524 0.0475694 
10778 0.145037 0.138805 
10779 0.148321 0.230571 
10780 -0.16329 -0.0314329 
10781 -0.161035 0.0590746 
10782 -0.15847 0.149059 
10783 -0.155928 0.239647 
10784 -0.088308 -0.0330797 
10785 -0.0859837 0.055822 
10786 -0.0827103 0.145457 
10787 -0.0799427 0.235531 
10788 -0.0148738 -0.0355894 
10789 -0.0115524 0.0528805 
10790 -0.00871453 0.142578 
10791 -0.005529 0.232361 
10792 0.0589881 -0.0379906 
10793 0.0620331 0.0509492 
10794 0.0648938 0.139435 
10795 0.068397 0.228824 
10796 0.131778 -0.0396979 
10797 0.134013 0.0479987 
10798 0.137938 0.136658 
10799 0.140722 0.225112 
10800 -0.160902 -0.0278151 
10801 -0.158212 0.0593701 
10802 -0.155511 0.146344 
10803 -0.153286 0.234119 
10804 -0.0890017 -0.030093 
10805 -0.0857063 0.0567199 
10806 -0.0832882 0.14277 
10807 -0.0801677 0.230154 
10808 -0.0170652 -0.032757 
10809 -0.0140792 0.0534993 
10810 -0.0106781 0.139693 
10811 -0.00802042 0.226741 
10812 0.0538648 -0.0339855 
10813 0.0575945 0.0506557 
10814 0.0598485 0.136608 
10815 0.0637604 0.222134 
10816 0.123812 -0.0367131 
10817 0.126896 0.0485269 
10818 0.130423 0.133665 
10819 0.134146 0.218834 
10820 -0.159502 -0.0252339 
10821 -0.156483 0.0591138 
10822 -0.153667 0.144054 
10823 -0.150244 0.228518 
10824 -0.0890105 -0.0276024 
10825 -0.0862588 0.0560975 
10826 -0.082454 0.139901 
10827 -0.0793691 0.224876 
10828 -0.019637 -0.0294706 
10829 -0.0166101 0.0532135 
10830 -0.0131057 0.137063 
10831 -0.0100993 0.220617 
10832 0.0491846 -0.0313764 
10833 0.0525387 0.0510648 
10834 0.0554112 0.133336 
10835 0.0590787 0.216848 
10836 0.117053 -0.0341827 
10837 0.120312 0.0475597 
10838 0.124033 0.130632 
10839 0.127029 0.213091 
10840 -0.157592 -0.0223949 
10841 -0.154255 0.059439 
10842 -0.151576 0.141338 
10843 -0.148688 0.22306 
10844 -0.0896221 -0.0250043 
10845 -0.0861117 0.0566294 
10846 -0.083273 0.137175 
10847 -0.0803613 0.219136 
10848 -0.0217708 -0.0275057 
10849 -0.0186501 0.0532658 
10850 -0.0157968 0.133747 
10851 -0.0124377 0.215043 
10852 0.0439346 -0.0294136 
10853 0.047401 0.0504115 
10854 0.0511203 0.13088 
10855 0.0545683 0.211856 
10856 0.109319 -0.0320615 
10857 0.113513 0.0472 
10858 0.117347 0.127752 
10859 0.120627 0.207693 
