10520 -0.333309 -0.216497 
10521 -0.33335 -0.0166199 
10522 -0.333656 0.183373 
10523 -0.333 0.383201 
10524 -0.166282 -0.216297 
10525 -0.166498 -0.0171506 
10526 -0.166465 0.182854 
10527 -0.166345 0.383602 
10528 0.000256065 -0.216999 
10529 -0.000494235 -0.0170641 
10530 0.000456876 0.183675 
10531 0.000260166 0.383289 
10532 0.166314 -0.216947 
10533 0.16706 -0.0168439 
10534 0.166818 0.183376 
10535 0.166945 0.38332 
10536 0.333632 -0.216787 
10537 0.333547 -0.016693 
10538 0.333704 0.183047 
10539 0.333476 0.383614 
10540 -0.307985 -0.191538 
10541 -0.307532 -0.0061781 
10542 -0.307466 0.179798 
10543 -0.306837 0.365803 
10544 -0.152986 -0.191812 
10545 -0.153208 -0.00644906 
10546 -0.152603 0.179958 
10547 -0.152178 0.364999 
10548 0.00133048 -0.191524 
10549 0.00148812 -0.00693176 
10550 0.00187171 0.178665 
10551 0.00281692 0.364984 
10552 0.155657 -0.192122 
10553 0.155972 -0.00647699 
10554 0.156473 0.178459 
10555 0.157528 0.363991 
10556 0.310363 -0.192271 
10557 0.310569 -0.00644423 
10558 0.31085 0.17803 
10559 0.311504 0.363161 
10560 -0.286282 -0.170378 
10561 -0.285368 0.00315363 
10562 -0.285608 0.177075 
10563 -0.2848 0.350392 
10564 -0.142081 -0.170086 
10565 -0.141373 0.00309088 
10566 -0.140481 0.175854 
10567 -0.139815 0.349215 
10568 0.00271289 -0.17098 
10569 0.00338044 0.00249998 
10570 0.00383473 0.175642 
10571 0.00446743 0.348737 
10572 0.146006 -0.170843 
10573 0.146486 0.00180555 
10574 0.147263 0.174697 
10575 0.147966 0.347657 
10576 0.289758 -0.170805 
10577 0.290649 0.00143504 
10578 0.291141 0.173198 
10579 0.292353 0.346165 
10580 -0.267439 -0.151258 
10581 -0.26764 0.0107849 
10582 -0.267065 0.174094 
10583 -0.266247 0.336739 
10584 -0.131839 -0.152343 
10585 -0.131289 0.01033 
10586 -0.130325 0.17226 
10587 -0.130459 0.334956 
10588 0.00298357 -0.152746 
10589 0.00322284 0.00980284 
10590 0.00445003 0.171059 
10591 0.00582339 0.334197 
10592 0.136896 -0.152548 
10593 0.138565 0.00831464 
10594 0.139347 0.170103 
10595 0.140606 0.332954 
10596 0.271653 -0.152596 
10597 0.272393 0.00821166 
10598 0.273393 0.169295 
10599 0.274433 0.330685 
10600 -0.252068 -0.135107 
10601 -0.251676 0.0177679 
10602 -0.250069 0.171144 
10603 -0.250223 0.323884 
10604 -0.124314 -0.136111 
10605 -0.123713 0.0163835 
10606 -0.122642 0.168991 
10607 -0.121754 0.322264 
10608 0.00306939 -0.136833 
10609 0.00423654 0.0153031 
10610 0.00510203 0.16848 
10611 0.00556899 0.320576 
10612 0.129189 -0.137025 
10613 0.130412 0.0145737 
10614 0.131499 0.1666 
10615 0.132398 0.319035 
10616 0.254581 -0.137486 
10617 0.256451 0.0139334 
10618 0.257556 0.164999 
10619 0.258726 0.317499 
10620 -0.238411 -0.121385 
10621 -0.237973 0.022871 
10622 -0.236183 0.167842 
10623 -0.23521 0.312777 
10624 -0.117438 -0.122379 
10625 -0.116215 0.0214172 
10626 -0.115891 0.166689 
10627 -0.114576 0.311382 
10628 0.00182916 -0.123113 
10629 0.00326252 0.020354 
10630 0.00459399 0.164391 
10631 0.00607122 0.309359 
10632 0.121619 -0.123098 
10633 0.122265 0.0194509 
10634 0.124478 0.16334 
10635 0.126244 0.307511 
10636 0.239215 -0.124432 
10637 0.24125 0.0180907 
10638 0.243504 0.161868 
10639 0.244741 0.30521 
10640 -0.226435 -0.108779 
10641 -0.225627 0.0283156 
10642 -0.223815 0.164779 
10643 -0.222672 0.303249 
10644 -0.111859 -0.109412 
10645 -0.110556 0.0268645 
10646 -0.109107 0.16332 
10647 -0.107995 0.30015 
10648 0.000861854 -0.110422 
10649 0.00290916 0.0249617 
10650 0.004076 0.161447 
10651 0.00590446 0.29845 
10652 0.114128 -0.111866 
10653 0.115977 0.0241033 
10654 0.1172 0.159626 
10655 0.119006 0.296106 
10656 0.22586 -0.112392 
10657 0.227673 0.0227175 
10658 0.230198 0.158125 
10659 0.232131 0.293421 
10660 -0.216796 -0.0979631 
10661 -0.214799 0.0320353 
10662 -0.21369 0.162318 
10663 -0.212457 0.2932 
10664 -0.107591 -0.0987367 
10665 -0.106206 0.0300732 
10666 -0.104735 0.160026 
10667 -0.10302 0.290784 
10668 0.000389503 -0.100509 
10669 0.00167203 0.0286095 
10670 0.00315706 0.158197 
10671 0.00506662 0.288245 
10672 0.107249 -0.100828 
10673 0.10899 0.027476 
10674 0.11105 0.156647 
10675 0.112576 0.285307 
10676 0.213073 -0.102448 
10677 0.215765 0.0256403 
10678 0.217305 0.154528 
10679 0.219211 0.28289 
10680 -0.207742 -0.0887907 
10681 -0.205951 0.0349956 
10682 -0.203995 0.159694 
10683 -0.202596 0.284704 
10684 -0.103789 -0.0900956 
10685 -0.102752 0.0335431 
10686 -0.100316 0.157627 
10687 -0.0990361 0.281813 
10688 -0.00172942 -0.0907002 
10689 0.000324706 0.0314134 
10690 0.0024602 0.154807 
10691 0.0046239 0.279262 
10692 0.10045 -0.092317 
10693 0.10265 0.0303271 
10694 0.105096 0.152758 
10695 0.106829 0.27595 
10696 0.200918 -0.0937803 
10697 0.20355 0.028615 
10698 0.206511 0.150544 
10699 0.208719 0.273111 
10700 -0.199409 -0.0796425 
10701 -0.197841 0.0386749 
10702 -0.196137 0.156743 
10703 -0.194402 0.276264 
10704 -0.100875 -0.0813854 
10705 -0.0991128 0.0359624 
10706 -0.0966728 0.154263 
10707 -0.0951368 0.272903 
10708 -0.00286762 -0.0832952 
10709 -0.000846733 0.0339019 
10710 0.00163092 0.152314 
10711 0.00313695 0.270204 
10712 0.0939636 -0.0842123 
10713 0.096421 0.0324505 
10714 0.0983422 0.149363 
10715 0.100919 0.267479 
10716 0.190111 -0.0852246 
10717 0.192801 0.0310678 
10718 0.19508 0.147096 
10719 0.197999 0.264136 
10720 -0.193373 -0.0724369 
10721 -0.191455 0.0408173 
10722 -0.189299 0.153926 
10723 -0.187693 0.267888 
10724 -0.0985981 -0.0746416 
10725 -0.0965988 0.038151 
10726 -0.0937576 0.151967 
10727 -0.0917277 0.264661 
10728 -0.00509429 -0.0754762 
10729 -0.00205162 0.036007 
10730 -0.000396903 0.148933 
10731 0.00254509 0.262332 
10732 0.0879075 -0.0767854 
10733 0.0906877 0.0342396 
10734 0.0927259 0.145939 
10735 0.0954967 0.258329 
10736 0.179982 -0.0782065 
10737 0.182862 0.0321824 
10738 0.18521 0.143997 
10739 0.188321 0.255319 
10740 -0.187737 -0.066224 
10741 -0.184678 0.0421871 
10742 -0.183106 0.151658 
10743 -0.181244 0.260866 
10744 -0.0968669 -0.0679849 
10745 -0.094034 0.0406029 
10746 -0.0923342 0.148632 
10747 -0.089426 0.257845 
10748 -0.00666473 -0.0693459 
10749 -0.00448799 0.0383013 
10750 -0.00193576 0.145409 
10751 0.000760065 0.253903 
10752 0.0819614 -0.0709706 
10753 0.0852296 0.0354205 
10754 0.0876708 0.14293 
10755 0.089808 0.251028 
10756 0.170603 -0.0728671 
10757 0.173086 0.0339096 
10758 0.176178 0.140102 
10759 0.178761 0.247067 
10760 -0.182492 -0.0604273 
10761 -0.18033 0.043773 
10762 -0.177427 0.148485 
10763 -0.174932 0.253185 
10764 -0.0950861 -0.062501 
10765 -0.0926912 0.0414434 
10766 -0.0905291 0.145711 
10767 -0.0873642 0.250504 
10768 -0.00862298 -0.0636631 
10769 -0.00578911 0.0386724 
10770 -0.00323897 0.143003 
10771 -0.00114037 0.24615 
10772 0.0767904 -0.0654864 
10773 0.0796394 0.0371082 
10774 0.0819336 0.139542 
10775 0.0846556 0.242897 
10776 0.160724 -0.0679897 
10777 0.164116 0.0341529 
10778 0.166857 0.136756 
10779 0.169732 0.240145 
10780 -0.178194 -0.0548851 
10781 -0.174936 0.0450055 
10782 -0.172568 0.145966 
10783 -0.170449 0.246389 
10784 -0.09359 -0.0576586 
10785 -0.0916646 0.0419854 
10786 -0.0886858 0.142391 
10787 -0.0863971 0.243125 
10788 -0.0111817 -0.0588641 
10789 -0.00828294 0.0400072 
10790 -0.00552817 0.139085 
10791 -0.00307441 0.239054 
10792 0.0708807 -0.0609764 
10793 0.0737982 0.0376146 
10794 0.076701 0.136538 
10795 0.0794081 0.235657 
10796 0.151748 -0.0635005 
10797 0.155438 0.0351781 
10798 0.158608 0.133374 
10799 0.160894 0.232497 
10800 -0.17428 -0.0507817 
10801 -0.171162 0.0461211 
10802 -0.168253 0.142642 
10803 -0.165876 0.23981 
10804 -0.0931087 -0.0527715 
10805 -0.090909 0.0431421 
10806 -0.0872929 0.139399 
10807 -0.0848497 0.236198 
10808 -0.0136434 -0.0548452 
10809 -0.0106196 0.0403698 
10810 -0.0070406 0.135938 
10811 -0.00398944 0.232344 
10812 0.0656146 -0.057139 
10813 0.0682501 0.0380483 
10814 0.071296 0.133018 
10815 0.0747688 0.228668 
10816 0.143056 -0.0592266 
10817 0.146748 0.0349136 
10818 0.150178 0.129922 
10819 0.153368 0.225489 
10820 -0.171315 -0.0466838 
10821 -0.167661 0.0465818 
10822 -0.164925 0.139484 
10823 -0.16199 0.233906 
10824 -0.0923691 -0.0492965 
10825 -0.0900259 0.0431157 
10826 -0.0869331 0.135929 
10827 -0.0841672 0.230142 
10828 -0.0161686 -0.0518924 
10829 -0.0129642 0.0405628 
10830 -0.00951354 0.132971 
10831 -0.0067406 0.225809 
10832 0.0603879 -0.0540994 
10833 0.0638628 0.0376949 
10834 0.066974 0.129965 
10835 0.0699599 0.222098 
10836 0.135532 -0.055835 
10837 0.138999 0.0349591 
10838 0.142307 0.126354 
10839 0.14528 0.217863 
10840 -0.168113 -0.0434966 
10841 -0.16477 0.0458748 
10842 -0.162394 0.136276 
10843 -0.159115 0.227002 
10844 -0.0925488 -0.0460063 
10845 -0.090068 0.0431953 
10846 -0.08665 0.132886 
10847 -0.0831375 0.223071 
10848 -0.0180807 -0.0485731 
10849 -0.015274 0.0408669 
10850 -0.0116914 0.13014 
10851 -0.00813517 0.219099 
10852 0.0550405 -0.0503729 
10853 0.0581658 0.0373532 
10854 0.0617169 0.126196 
10855 0.0654778 0.215866 
10856 0.127796 -0.0529368 
10857 0.131239 0.0345805 
10858 0.134918 0.122878 
10859 0.138503 0.211447 
10860 -0.166046 -0.0407259 
10861 -0.162745 0.0457366 
10862 -0.159388 0.133264 
10863 -0.156574 0.220962 
10864 -0.0926135 -0.0435249 
10865 -0.0891631 0.0428152 
10866 -0.0864197 0.129805 
10867 -0.0827142 0.217563 
10868 -0.0204955 -0.0455704 
10869 -0.0172419 0.0397343 
10870 -0.0142007 0.12626 
10871 -0.0107556 0.212617 
10872 0.0497685 -0.0477719 
10873 0.0532828 0.0375891 
10874 0.0574154 0.122438 
10875 0.060964 0.208812 
10876 0.120019 -0.0506378 
10877 0.123967 0.0344282 
10878 0.127473 0.119856 
10879 0.130934 0.205351 
10880 -0.164161 -0.0382362 
10881 -0.160905 0.045523 
10882 -0.156995 0.130367 
10883 -0.154079 0.215329 
10884 -0.0932303 -0.0408687 
10885 -0.0896563 0.0430163 
10886 -0.0865879 0.126166 
10887 -0.0832639 0.21143 
10888 -0.0237241 -0.0433212 
10889 -0.0197661 0.039921 
10890 -0.0168255 0.122597 
10891 -0.0135369 0.207049 
10892 0.0451556 -0.0462316 
10893 0.0489311 0.036035 
10894 0.0519545 0.119763 
10895 0.0558509 0.20319 
10896 0.112747 -0.049095 
10897 0.116095 0.0339425 
10898 0.119851 0.115643 
10899 0.123578 0.198859 
10900 -0.162087 -0.0363775 
10901 -0.158762 0.0455254 
10902 -0.155625 0.127404 
10903 -0.151954 0.209536 
10904 -0.093951 -0.0389275 
10905 -0.0898901 0.0422112 
10906 -0.0866804 0.122877 
10907 -0.0835762 0.204821 
10908 -0.0266921 -0.0415499 
10909 -0.0224781 0.0382311 
10910 -0.0190741 0.11912 
10911 -0.0154418 0.200996 
10912 0.0401017 -0.0444586 
10913 0.0436801 0.0355572 
10914 0.0479315 0.116385 
10915 0.0512431 0.196438 
10916 0.106314 -0.0468496 
10917 0.109439 0.0327605 
10918 0.113552 0.112635 
10919 0.117462 0.192352 
