10600 -0.333126 -0.216429 
10601 -0.333525 -0.0164103 
10602 -0.333022 0.18304 
10603 -0.333738 0.383202 
10604 -0.166479 -0.216733 
10605 -0.166992 -0.0168187 
10606 -0.166281 0.183798 
10607 -0.166985 0.383725 
10608 -0.000244973 -0.216526 
10609 -0.000359018 -0.0170468 
10610 0.00036863 0.183007 
10611 -0.000388157 0.383693 
10612 0.166187 -0.216573 
10613 0.166745 -0.0163839 
10614 0.166914 0.182848 
10615 0.166965 0.383327 
10616 0.333026 -0.21688 
10617 0.333678 -0.0169292 
10618 0.333737 0.183264 
10619 0.332886 0.382858 
10620 -0.309073 -0.193555 
10621 -0.308119 -0.00779917 
10622 -0.307592 0.177862 
10623 -0.307921 0.363982 
10624 -0.153423 -0.193791 
10625 -0.153676 -0.00759168 
10626 -0.153434 0.17792 
10627 -0.15255 0.363957 
10628 0.00092615 -0.193391 
10629 0.00156209 -0.00852003 
10630 0.00186418 0.176927 
10631 0.00192483 0.362813 
10632 0.155068 -0.193404 
10633 0.156071 -0.00842384 
10634 0.156547 0.177198 
10635 0.156573 0.361932 
10636 0.309398 -0.19378 
10637 0.309699 -0.00920174 
10638 0.31057 0.176311 
10639 0.310514 0.362206 
10640 -0.287885 -0.173446 
10641 -0.287185 -0.000281795 
10642 -0.28666 0.173392 
10643 -0.286155 0.347022 
10644 -0.142762 -0.174158 
10645 -0.141994 -0.000643013 
10646 -0.141454 0.173002 
10647 -0.140995 0.345832 
10648 0.00137928 -0.174287 
10649 0.00226162 -0.00167868 
10650 0.00265694 0.171669 
10651 0.0030734 0.345161 
10652 0.144556 -0.174795 
10653 0.145813 -0.00218592 
10654 0.146178 0.170956 
10655 0.147705 0.344236 
10656 0.288232 -0.175 
10657 0.289141 -0.00273738 
10658 0.289947 0.170067 
10659 0.291007 0.342689 
10660 -0.270126 -0.156733 
10661 -0.269329 0.00612977 
10662 -0.268585 0.16873 
10663 -0.267611 0.331976 
10664 -0.13462 -0.156903 
10665 -0.133053 0.00514819 
10666 -0.1321 0.167759 
10667 -0.131644 0.330456 
10668 0.00132375 -0.157904 
10669 0.00187487 0.00481684 
10670 0.00351858 0.166761 
10671 0.00362819 0.329566 
10672 0.136042 -0.157875 
10673 0.136369 0.00380217 
10674 0.13754 0.165913 
10675 0.138773 0.327979 
10676 0.26915 -0.158918 
10677 0.2708 0.0027299 
10678 0.2725 0.164626 
10679 0.273479 0.325528 
10680 -0.255007 -0.142004 
10681 -0.25352 0.0112294 
10682 -0.252765 0.165083 
10683 -0.251837 0.318693 
10684 -0.126976 -0.142499 
10685 -0.125325 0.0107127 
10686 -0.123982 0.16326 
10687 -0.122808 0.316492 
10688 0.00081461 -0.143423 
10689 0.001397 0.00881733 
10690 0.00284098 0.161943 
10691 0.0048353 0.314387 
10692 0.126572 -0.144114 
10693 0.128621 0.00828578 
10694 0.130181 0.160713 
10695 0.131416 0.312229 
10696 0.252929 -0.144086 
10697 0.253999 0.00719424 
10698 0.255393 0.159129 
10699 0.257557 0.310937 
10700 -0.241806 -0.129012 
10701 -0.239966 0.0156508 
10702 -0.23851 0.160587 
10703 -0.237187 0.305793 
10704 -0.120152 -0.12982 
10705 -0.11892 0.0147914 
10706 -0.117287 0.158803 
10707 -0.116255 0.304028 
10708 -0.00031385 -0.130994 
10709 0.000569234 0.0133978 
10710 0.00218576 0.157193 
10711 0.00440584 0.301877 
10712 0.119046 -0.131479 
10713 0.120232 0.0113714 
10714 0.122108 0.155481 
10715 0.123768 0.298932 
10716 0.236879 -0.132418 
10717 0.239459 0.0107093 
10718 0.241045 0.153865 
10719 0.242947 0.296896 
10720 -0.229647 -0.118089 
10721 -0.228932 0.0192952 
10722 -0.226585 0.157194 
10723 -0.225187 0.294813 
10724 -0.115987 -0.118815 
10725 -0.113584 0.0174117 
10726 -0.112138 0.154838 
10727 -0.110109 0.29193 
10728 -0.00168889 -0.11948 
10729 0.000387219 0.0158432 
10730 0.00178696 0.152859 
10731 0.00359377 0.289757 
10732 0.110631 -0.12125 
10733 0.113 0.014486 
10734 0.114818 0.150998 
10735 0.116688 0.286674 
10736 0.223676 -0.122294 
10737 0.225698 0.013469 
10738 0.227712 0.148629 
10739 0.229141 0.28479 
10740 -0.220008 -0.107807 
10741 -0.218375 0.0218233 
10742 -0.216774 0.152327 
10743 -0.214954 0.283357 
10744 -0.111677 -0.10916 
10745 -0.109584 0.0201125 
10746 -0.107035 0.150493 
10747 -0.106 0.280553 
10748 -0.00361532 -0.110195 
10749 -0.000761181 0.0186675 
10750 0.0010215 0.148354 
10751 0.00292836 0.278095 
10752 0.103812 -0.111405 
10753 0.10569 0.0167924 
10754 0.108123 0.14634 
10755 0.11051 0.274985 
10756 0.210713 -0.113129 
10757 0.21242 0.0152337 
10758 0.215233 0.143698 
10759 0.217613 0.272462 
10760 -0.211569 -0.099892 
10761 -0.209952 0.0246823 
10762 -0.207476 0.149185 
10763 -0.205543 0.274048 
10764 -0.107615 -0.101427 
10765 -0.105913 0.0223035 
10766 -0.104035 0.146622 
10767 -0.101155 0.270585 
10768 -0.00473835 -0.102847 
10769 -0.00299502 0.0206056 
10770 -0.000531083 0.143418 
10771 0.00141916 0.267256 
10772 0.0970858 -0.104048 
10773 0.0992571 0.0187567 
10774 0.102062 0.141556 
10775 0.104401 0.264957 
10776 0.198409 -0.105355 
10777 0.200293 0.0164496 
10778 0.202874 0.139295 
10779 0.205827 0.261427 
10780 -0.203802 -0.0921936 
10781 -0.20221 0.026673 
10782 -0.199771 0.145367 
10783 -0.198038 0.264087 
10784 -0.104959 -0.0934887 
10785 -0.103203 0.0236426 
10786 -0.100559 0.142254 
10787 -0.098205 0.260697 
10788 -0.00669193 -0.0956807 
10789 -0.00479712 0.0219389 
10790 -0.00238947 0.139523 
10791 0.000713771 0.257517 
10792 0.0900096 -0.0967955 
10793 0.0929221 0.0195114 
10794 0.0953063 0.136878 
10795 0.0986357 0.254652 
10796 0.187252 -0.0984512 
10797 0.189754 0.0178537 
10798 0.192731 0.134262 
10799 0.195149 0.251008 
10800 -0.198175 -0.0862565 
10801 -0.194879 0.0270743 
10802 -0.193342 0.140937 
10803 -0.190376 0.254874 
10804 -0.103115 -0.0877556 
10805 -0.100112 0.0250882 
10806 -0.0982505 0.138083 
10807 -0.0953985 0.251893 
10808 -0.00920371 -0.0893624 
10809 -0.0059177 0.0231509 
10810 -0.00372888 0.135798 
10811 -0.00124139 0.248048 
10812 0.083638 -0.0913956 
10813 0.0873764 0.0207044 
10814 0.0893144 0.132352 
10815 0.0921492 0.244767 
10816 0.175951 -0.0924657 
10817 0.178756 0.0187911 
10818 0.182065 0.130283 
10819 0.184837 0.24177 
10820 -0.191994 -0.080093 
10821 -0.189301 0.0280292 
10822 -0.186502 0.137199 
10823 -0.184398 0.247009 
10824 -0.1015 -0.0820648 
10825 -0.0979977 0.0258057 
10826 -0.0958398 0.134458 
10827 -0.0927077 0.243369 
10828 -0.0115423 -0.0838831 
10829 -0.00861762 0.0237981 
10830 -0.0054009 0.13097 
10831 -0.00233188 0.240075 
10832 0.0775499 -0.0857306 
10833 0.0807732 0.0209685 
10834 0.0837099 0.128487 
10835 0.0872849 0.236183 
10836 0.166004 -0.087607 
10837 0.169523 0.0190029 
10838 0.172143 0.125669 
10839 0.175522 0.232533 
10840 -0.187334 -0.076072 
10841 -0.184025 0.028365 
10842 -0.18209 0.133944 
10843 -0.179297 0.238917 
10844 -0.100059 -0.0772757 
10845 -0.0974399 0.0257659 
10846 -0.0939813 0.13074 
10847 -0.0915167 0.234688 
10848 -0.0134761 -0.0795247 
10849 -0.0106507 0.0234231 
10850 -0.00732719 0.126938 
10851 -0.00451043 0.230842 
10852 0.0722224 -0.081513 
10853 0.0753027 0.0214789 
10854 0.0781005 0.124124 
10855 0.0812471 0.227211 
10856 0.156933 -0.083754 
10857 0.160403 0.0185895 
10858 0.163436 0.121442 
10859 0.166688 0.223454 
10860 -0.183288 -0.0710901 
10861 -0.180208 0.0285192 
10862 -0.177133 0.129631 
10863 -0.174555 0.230434 
10864 -0.0988677 -0.0735978 
10865 -0.0963738 0.0257642 
10866 -0.0931816 0.126587 
10867 -0.0899949 0.226626 
10868 -0.0156943 -0.0755707 
10869 -0.0129653 0.0231937 
10870 -0.00947963 0.123232 
10871 -0.00602721 0.22338 
10872 0.0663623 -0.0780947 
10873 0.0693169 0.0203386 
10874 0.0731098 0.119851 
10875 0.0764596 0.21941 
10876 0.147751 -0.0799641 
10877 0.150913 0.0183184 
10878 0.154254 0.116377 
10879 0.158176 0.215906 
10880 -0.179257 -0.0676095 
10881 -0.176173 0.0283295 
10882 -0.173271 0.126281 
10883 -0.170442 0.223217 
10884 -0.0989234 -0.0701225 
10885 -0.0949729 0.0261062 
10886 -0.0916186 0.122555 
10887 -0.0888846 0.218969 
10888 -0.0183564 -0.0725404 
10889 -0.0150697 0.0233816 
10890 -0.0118837 0.118936 
10891 -0.00787487 0.215398 
10892 0.0605345 -0.0747482 
10893 0.0640811 0.0197899 
10894 0.0675572 0.115981 
10895 0.0711448 0.211008 
10896 0.139331 -0.077151 
10897 0.142765 0.0173599 
10898 0.14601 0.112559 
10899 0.149366 0.207294 
10900 -0.176037 -0.0653132 
10901 -0.173029 0.0288039 
10902 -0.169508 0.121791 
10903 -0.166211 0.216124 
10904 -0.0978518 -0.0676133 
10905 -0.094594 0.025171 
10906 -0.0917231 0.118074 
10907 -0.0877164 0.211408 
10908 -0.0205246 -0.0696809 
10909 -0.0175234 0.0223502 
10910 -0.0144182 0.11519 
10911 -0.0103809 0.208169 
10912 0.0549795 -0.0725395 
10913 0.0584988 0.0198854 
10914 0.0623572 0.111609 
10915 0.0658155 0.203351 
10916 0.131105 -0.0748346 
10917 0.134437 0.0163609 
10918 0.137581 0.107869 
10919 0.141697 0.199264 
10920 -0.174165 -0.0626173 
10921 -0.169841 0.0280034 
10922 -0.167279 0.11772 
10923 -0.163745 0.208763 
10924 -0.0983732 -0.0655385 
10925 -0.0943567 0.0247219 
10926 -0.0913976 0.114632 
10927 -0.0875713 0.204161 
10928 -0.0236423 -0.0671551 
10929 -0.0200588 0.0215155 
10930 -0.0167241 0.110569 
10931 -0.0125589 0.200188 
10932 0.0499014 -0.0698561 
10933 0.0541992 0.0185357 
10934 0.0577384 0.107406 
10935 0.0612853 0.196673 
10936 0.123345 -0.072714 
10937 0.126945 0.0154304 
10938 0.130259 0.103491 
10939 0.134057 0.191986 
10940 -0.171375 -0.0608916 
10941 -0.168015 0.0270136 
10942 -0.164025 0.114268 
10943 -0.161277 0.201707 
10944 -0.0983812 -0.0634679 
10945 -0.0948261 0.0230424 
10946 -0.0912521 0.110486 
10947 -0.0876024 0.197367 
10948 -0.0268014 -0.0663395 
10949 -0.0224487 0.0200588 
10950 -0.0188225 0.106622 
10951 -0.0154128 0.193202 
10952 0.0451987 -0.0680885 
10953 0.0487125 0.01743 
10954 0.0523327 0.102823 
10955 0.0561076 0.189523 
10956 0.114991 -0.0711737 
10957 0.119131 0.0136609 
10958 0.123091 0.0994299 
10959 0.126583 0.184603 
10960 -0.170219 -0.0593139 
10961 -0.165767 0.0259189 
10962 -0.162429 0.110473 
10963 -0.158972 0.195406 
10964 -0.098862 -0.0613285 
10965 -0.0948629 0.0218645 
10966 -0.0910687 0.106047 
10967 -0.0874246 0.190469 
10968 -0.029184 -0.0641496 
10969 -0.0254454 0.0187693 
10970 -0.0212571 0.102857 
10971 -0.0173316 0.185888 
10972 0.0393756 -0.0667791 
10973 0.0437122 0.0154609 
10974 0.0479921 0.0984751 
10975 0.0517114 0.182347 
10976 0.107732 -0.069338 
10977 0.111476 0.012889 
10978 0.115268 0.094946 
10979 0.119393 0.178275 
10980 -0.168083 -0.0576617 
10981 -0.164061 0.0239784 
10982 -0.160194 0.106463 
10983 -0.157094 0.188548 
10984 -0.0993703 -0.0607864 
10985 -0.0954666 0.0209183 
10986 -0.0916219 0.101926 
10987 -0.0880191 0.184493 
10988 -0.0323766 -0.0631265 
10989 -0.0284258 0.0175065 
10990 -0.0237244 0.098124 
10991 -0.0198886 0.179164 
10992 0.0348718 -0.0660074 
10993 0.0388153 0.0139419 
10994 0.0423407 0.0948513 
10995 0.0468513 0.175184 
10996 0.101216 -0.0688731 
10997 0.104439 0.0106325 
10998 0.108497 0.0903828 
10999 0.112599 0.171024 
