11040 -0.333319 -0.216982 
11041 -0.333659 -0.0167178 
11042 -0.333062 0.183255 
11043 -0.333115 0.383544 
11044 -0.166366 -0.217069 
11045 -0.166664 -0.0167103 
11046 -0.166282 0.182864 
11047 -0.166771 0.3835 
11048 -0.000433587 -0.216997 
11049 -0.000139987 -0.0162589 
11050 5.29537e-05 0.183231 
11051 -0.000376065 0.382987 
11052 0.166811 -0.216666 
11053 0.167135 -0.0168904 
11054 0.167099 0.183218 
11055 0.166686 0.383779 
11056 0.33347 -0.216767 
11057 0.333077 -0.0165959 
11058 0.333407 0.183104 
11059 0.332836 0.383725 
11060 -0.31284 -0.206596 
11061 -0.31227 -0.020247 
11062 -0.310966 0.165831 
11063 -0.310574 0.351596 
11064 -0.157524 -0.206501 
11065 -0.156298 -0.0209205 
11066 -0.156211 0.165462 
11067 -0.155936 0.351351 
11068 -0.00255243 -0.207513 
11069 -0.00137241 -0.021343 
11070 -0.00144366 0.164628 
11071 -0.00112254 0.349693 
11072 0.15238 -0.206955 
11073 0.15309 -0.0217001 
11074 0.153603 0.164221 
11075 0.153945 0.349448 
11076 0.306793 -0.207667 
11077 0.307536 -0.0223735 
11078 0.30807 0.163419 
11079 0.308368 0.349176 
11080 -0.295265 -0.198847 
11081 -0.293339 -0.0247277 
11082 -0.292542 0.149717 
11083 -0.291879 0.323224 
11084 -0.149704 -0.199174 
11085 -0.148712 -0.0253976 
11086 -0.147477 0.148102 
11087 -0.147151 0.322465 
11088 -0.00479854 -0.199782 
11089 -0.00345801 -0.0255154 
11090 -0.00278826 0.147314 
11091 -0.00233257 0.32124 
11092 0.139918 -0.199696 
11093 0.140963 -0.0261895 
11094 0.14129 0.146412 
11095 0.142244 0.320005 
11096 0.283995 -0.200104 
11097 0.284351 -0.0268343 
11098 0.285786 0.145785 
11099 0.28657 0.318323 
11100 -0.279244 -0.192186 
11101 -0.278155 -0.0281538 
11102 -0.276882 0.134683 
11103 -0.275076 0.298287 
11104 -0.143173 -0.193068 
11105 -0.141847 -0.0294595 
11106 -0.140826 0.133688 
11107 -0.139295 0.296034 
11108 -0.0067393 -0.193652 
11109 -0.00577064 -0.030454 
11110 -0.00503082 0.13198 
11111 -0.00304707 0.294571 
11112 0.128133 -0.193886 
11113 0.129265 -0.0319428 
11114 0.13082 0.130865 
11115 0.13177 0.29299 
11116 0.263493 -0.194397 
11117 0.264527 -0.0324943 
11118 0.265039 0.12933 
11119 0.266474 0.291668 
11120 -0.266827 -0.187133 
11121 -0.26498 -0.0330764 
11122 -0.262888 0.121749 
11123 -0.261508 0.274616 
11124 -0.137804 -0.187532 
11125 -0.136638 -0.0338103 
11126 -0.134167 0.120047 
11127 -0.133331 0.273454 
11128 -0.0101799 -0.18869 
11129 -0.00828441 -0.0347317 
11130 -0.00687961 0.117699 
11131 -0.00569054 0.271256 
11132 0.117813 -0.18873 
11133 0.119276 -0.0361838 
11134 0.120352 0.116893 
11135 0.122044 0.268705 
11136 0.244858 -0.190116 
11137 0.245617 -0.0372161 
11138 0.247422 0.114421 
11139 0.248145 0.26688 
11140 -0.255397 -0.182897 
11141 -0.253732 -0.0364906 
11142 -0.251533 0.109129 
11143 -0.249484 0.253846 
11144 -0.13392 -0.183996 
11145 -0.132215 -0.0386702 
11146 -0.129675 0.10706 
11147 -0.127674 0.251916 
11148 -0.0128682 -0.184998 
11149 -0.0107123 -0.0398887 
11150 -0.00861302 0.105327 
11151 -0.00761271 0.249299 
11152 0.108238 -0.185171 
11153 0.109092 -0.0407895 
11154 0.111375 0.103477 
11155 0.112634 0.247501 
11156 0.227157 -0.185925 
11157 0.228998 -0.0420586 
11158 0.230503 0.101205 
11159 0.232336 0.244864 
11160 -0.246141 -0.179403 
11161 -0.243875 -0.04128 
11162 -0.241186 0.0970737 
11163 -0.239091 0.234471 
11164 -0.129746 -0.180189 
11165 -0.128371 -0.0421636 
11166 -0.125805 0.0953949 
11167 -0.123917 0.232022 
11168 -0.0154966 -0.181806 
11169 -0.0128877 -0.043619 
11170 -0.0109929 0.0929604 
11171 -0.00893665 0.229625 
11172 0.0987162 -0.18257 
11173 0.1011 -0.045433 
11174 0.102902 0.0911982 
11175 0.10466 0.227212 
11176 0.211856 -0.183077 
11177 0.213762 -0.0475418 
11178 0.215162 0.0886065 
11179 0.217129 0.225335 
11180 -0.23783 -0.176925 
11181 -0.235351 -0.0447007 
11182 -0.232556 0.0864655 
11183 -0.229869 0.217189 
11184 -0.127737 -0.177483 
11185 -0.125301 -0.0470726 
11186 -0.122353 0.0839479 
11187 -0.120286 0.214326 
11188 -0.0183737 -0.179339 
11189 -0.016307 -0.0482789 
11190 -0.0133273 0.0818401 
11191 -0.0112754 0.212085 
11192 0.0906156 -0.179834 
11193 0.091909 -0.0499111 
11194 0.0944181 0.0800703 
11195 0.0966418 0.208879 
11196 0.197357 -0.181658 
11197 0.199772 -0.0518696 
11198 0.20173 0.0770568 
11199 0.203015 0.206704 
11200 -0.230124 -0.175183 
11201 -0.227315 -0.0491411 
11202 -0.224525 0.0759877 
11203 -0.222562 0.200955 
11204 -0.125541 -0.176536 
11205 -0.123206 -0.0507274 
11206 -0.120691 0.0737081 
11207 -0.117783 0.197618 
11208 -0.0207907 -0.177267 
11209 -0.0186424 -0.0524595 
11210 -0.0168405 0.0715094 
11211 -0.0138494 0.194657 
11212 0.0819331 -0.178685 
11213 0.0846055 -0.0547791 
11214 0.0860619 0.0689256 
11215 0.0890882 0.192743 
11216 0.18492 -0.180004 
11217 0.186314 -0.0564277 
11218 0.188538 0.0665341 
11219 0.190661 0.189375 
11220 -0.223634 -0.173177 
11221 -0.221116 -0.0530944 
11222 -0.218099 0.0666409 
11223 -0.215862 0.185887 
11224 -0.124005 -0.174419 
11225 -0.120738 -0.0552012 
11226 -0.118587 0.0635072 
11227 -0.115726 0.182414 
11228 -0.0243117 -0.176486 
11229 -0.0217984 -0.0572022 
11230 -0.019392 0.0609954 
11231 -0.0169327 0.179647 
11232 0.0748528 -0.176964 
11233 0.0764383 -0.0590666 
11234 0.0796245 0.0590047 
11235 0.0819526 0.176953 
11236 0.172492 -0.1789 
11237 0.174101 -0.0610702 
11238 0.176066 0.0567359 
11239 0.178302 0.173571 
11240 -0.218706 -0.17253 
11241 -0.215244 -0.0573069 
11242 -0.212607 0.0572768 
11243 -0.209419 0.171563 
11244 -0.122076 -0.174129 
11245 -0.119122 -0.0600215 
11246 -0.116981 0.0540287 
11247 -0.113879 0.168217 
11248 -0.0266334 -0.175377 
11249 -0.0245855 -0.0616306 
11250 -0.0220976 0.0516885 
11251 -0.019757 0.164796 
11252 0.0669525 -0.176326 
11253 0.0694893 -0.0635488 
11254 0.0720604 0.0500319 
11255 0.0744835 0.161788 
11256 0.160558 -0.178505 
11257 0.162961 -0.0647593 
11258 0.165492 0.0475652 
11259 0.167714 0.159251 
11260 -0.213993 -0.171784 
11261 -0.210633 -0.0621015 
11262 -0.207649 0.0477169 
11263 -0.204571 0.157811 
11264 -0.121337 -0.17375 
11265 -0.118283 -0.0637547 
11266 -0.116286 0.0456752 
11267 -0.113376 0.155037 
11268 -0.0300771 -0.174752 
11269 -0.0276935 -0.0659794 
11270 -0.0244829 0.0427513 
11271 -0.0218231 0.151025 
11272 0.0600998 -0.176675 
11273 0.0629188 -0.0677372 
11274 0.0648962 0.0409992 
11275 0.067684 0.148928 
11276 0.150179 -0.17752 
11277 0.152025 -0.0692972 
11278 0.154205 0.0385162 
11279 0.157239 0.14532 
11280 -0.209566 -0.172123 
11281 -0.206775 -0.0662269 
11282 -0.203907 0.0399602 
11283 -0.200729 0.144545 
11284 -0.121531 -0.173148 
11285 -0.118 -0.067897 
11286 -0.115408 0.0375643 
11287 -0.112161 0.141896 
11288 -0.0334764 -0.174797 
11289 -0.0301272 -0.070168 
11290 -0.0279452 0.0341532 
11291 -0.0245093 0.138436 
11292 0.0537868 -0.17653 
11293 0.0564073 -0.0713537 
11294 0.0590095 0.0319038 
11295 0.0609908 0.135399 
11296 0.139855 -0.177996 
11297 0.141633 -0.0738862 
11298 0.144383 0.0295498 
11299 0.146773 0.132192 
11300 -0.206051 -0.171931 
11301 -0.203193 -0.0702908 
11302 -0.199954 0.0316796 
11303 -0.197121 0.133109 
11304 -0.120533 -0.173675 
11305 -0.117982 -0.0716904 
11306 -0.115074 0.0288788 
11307 -0.112311 0.129975 
11308 -0.0358493 -0.174969 
11309 -0.033821 -0.0744026 
11310 -0.0306529 0.0264108 
11311 -0.0275056 0.12623 
11312 0.0472432 -0.176801 
11313 0.0498839 -0.075723 
11314 0.0525641 0.0236752 
11315 0.055303 0.124028 
11316 0.129799 -0.177991 
11317 0.132799 -0.0781774 
11318 0.134652 0.0218871 
11319 0.136798 0.120257 
11320 -0.203499 -0.172587 
11321 -0.200139 -0.0739944 
11322 -0.196606 0.0239319 
11323 -0.193501 0.121283 
11324 -0.121395 -0.174367 
11325 -0.117806 -0.0761045 
11326 -0.114513 0.0212298 
11327 -0.111655 0.118711 
11328 -0.0391413 -0.175031 
11329 -0.0365584 -0.0781407 
11330 -0.0340268 0.0187065 
11331 -0.0309238 0.114948 
11332 0.0408325 -0.176289 
11333 0.0434231 -0.080116 
11334 0.0464233 0.0158778 
11335 0.0488358 0.11236 
11336 0.120976 -0.178204 
11337 0.123082 -0.0820968 
11338 0.125429 0.0135297 
11339 0.128235 0.108811 
11340 -0.201181 -0.173114 
11341 -0.197384 -0.0775006 
11342 -0.193805 0.0169139 
11343 -0.190796 0.111107 
11344 -0.121246 -0.17479 
11345 -0.118079 -0.0799462 
11346 -0.115312 0.0138205 
11347 -0.111475 0.107667 
11348 -0.0422227 -0.175855 
11349 -0.0395437 -0.0822183 
11350 -0.0366844 0.0118786 
11351 -0.0334961 0.104615 
11352 0.0355695 -0.177635 
11353 0.03769 -0.0839914 
11354 0.0405568 0.00945074 
11355 0.0427402 0.101818 
11356 0.111987 -0.179192 
11357 0.11404 -0.0859256 
11358 0.116992 0.00684974 
11359 0.11906 0.0987979 
11360 -0.198633 -0.173895 
11361 -0.195608 -0.0821458 
11362 -0.191681 0.00986737 
11363 -0.188249 0.100391 
11364 -0.121972 -0.175235 
11365 -0.119112 -0.0834045 
11366 -0.116026 0.00667744 
11367 -0.112293 0.0975127 
11368 -0.0459157 -0.177053 
11369 -0.0433389 -0.0861852 
11370 -0.0400061 0.0046904 
11371 -0.0374934 0.0944999 
11372 0.0295563 -0.178195 
11373 0.0319383 -0.0873087 
11374 0.0345283 0.00241082 
11375 0.0369547 0.0913827 
11376 0.103197 -0.179037 
11377 0.105632 -0.0892311 
11378 0.108793 -0.00062857 
11379 0.11084 0.0883501 
11380 -0.196819 -0.174211 
11381 -0.194051 -0.0859724 
11382 -0.190158 0.00284322 
11383 -0.1873 0.0905534 
11384 -0.122492 -0.176378 
11385 -0.119305 -0.0872442 
11386 -0.115877 0.000410651 
11387 -0.113333 0.0881573 
11388 -0.0491098 -0.177491 
11389 -0.0458497 -0.0897606 
11390 -0.0432891 -0.00226267 
11391 -0.0400908 0.0851379 
11392 0.0234631 -0.179004 
11393 0.0267601 -0.0918344 
11394 0.0287162 -0.00473608 
11395 0.0321103 0.0819519 
11396 0.0953713 -0.179741 
11397 0.097548 -0.0930391 
11398 0.100256 -0.00659829 
11399 0.103021 0.0789293 
11400 -0.195477 -0.175766 
11401 -0.192084 -0.089502 
11402 -0.188523 -0.00331165 
11403 -0.185902 0.0815075 
11404 -0.123209 -0.177496 
11405 -0.120063 -0.0912593 
11406 -0.116871 -0.00578405 
11407 -0.113627 0.0784881 
11408 -0.0524021 -0.178224 
11409 -0.0490016 -0.0928808 
11410 -0.0461045 -0.00876965 
11411 -0.0438051 0.0753216 
11412 0.0185444 -0.179952 
11413 0.0206351 -0.094983 
11414 0.0236655 -0.0115422 
11415 0.0260464 0.0721276 
11416 0.0872003 -0.180671 
11417 0.0898882 -0.0966596 
11418 0.0923687 -0.0130613 
11419 0.0946931 0.0700943 
11420 -0.194152 -0.176954 
11421 -0.190936 -0.0933698 
11422 -0.187672 -0.0104435 
11423 -0.184011 0.0722854 
11424 -0.124094 -0.177685 
11425 -0.120912 -0.0950843 
11426 -0.11863 -0.0126461 
11427 -0.114875 0.0696647 
11428 -0.0557933 -0.179796 
11429 -0.0524489 -0.0967013 
11430 -0.0491928 -0.0148467 
11431 -0.0470764 0.0668872 
11432 0.0125862 -0.181023 
11433 0.0152291 -0.0985624 
11434 0.0180202 -0.0170726 
11435 0.0208371 0.0636642 
11436 0.0800986 -0.18177 
11437 0.0826446 -0.100226 
11438 0.0848376 -0.0196289 
11439 0.0877593 0.0604806 
