11060 -0.333187 -0.217045 
11061 -0.333044 -0.0162194 
11062 -0.333736 0.183199 
11063 -0.332915 0.383403 
11064 -0.166651 -0.217103 
11065 -0.166769 -0.0168899 
11066 -0.166377 0.183775 
11067 -0.166851 0.383257 
11068 -8.52392e-05 -0.217121 
11069 0.000419607 -0.0164896 
11070 -0.000432471 0.183468 
11071 -0.000254291 0.38317 
11072 0.166467 -0.216502 
11073 0.166582 -0.0169917 
11074 0.166407 0.183372 
11075 0.166879 0.382848 
11076 0.333618 -0.216805 
11077 0.333311 -0.0170367 
11078 0.333275 0.183833 
11079 0.332866 0.383326 
11080 -0.312208 -0.20683 
11081 -0.312214 -0.0206377 
11082 -0.311158 0.165403 
11083 -0.311083 0.351001 
11084 -0.157023 -0.207833 
11085 -0.157178 -0.0216883 
11086 -0.156097 0.16429 
11087 -0.15615 0.350049 
11088 -0.00248013 -0.207485 
11089 -0.0018291 -0.0214013 
11090 -0.00176427 0.163535 
11091 -0.0013131 0.349643 
11092 0.152801 -0.207696 
11093 0.153066 -0.0225992 
11094 0.153241 0.163216 
11095 0.153929 0.34916 
11096 0.307023 -0.207974 
11097 0.307626 -0.0226102 
11098 0.307433 0.162453 
11099 0.307719 0.348398 
11100 -0.295452 -0.199894 
11101 -0.293996 -0.0256555 
11102 -0.293018 0.148688 
11103 -0.292084 0.322375 
11104 -0.150001 -0.199789 
11105 -0.148815 -0.0259999 
11106 -0.148169 0.146955 
11107 -0.146915 0.321483 
11108 -0.00516605 -0.200384 
11109 -0.00383711 -0.0266564 
11110 -0.00328291 0.146169 
11111 -0.00264691 0.319602 
11112 0.139496 -0.200655 
11113 0.140127 -0.0280169 
11114 0.141537 0.145999 
11115 0.141827 0.318824 
11116 0.283795 -0.201634 
11117 0.284497 -0.0287737 
11118 0.285238 0.14452 
11119 0.286109 0.31766 
11120 -0.279729 -0.193569 
11121 -0.278429 -0.0303569 
11122 -0.27763 0.133359 
11123 -0.275529 0.296886 
11124 -0.143621 -0.194448 
11125 -0.142526 -0.0305627 
11126 -0.140584 0.131749 
11127 -0.1392 0.295243 
11128 -0.00720961 -0.194338 
11129 -0.00646883 -0.0319916 
11130 -0.00453544 0.130422 
11131 -0.00411136 0.292992 
11132 0.128226 -0.195824 
11133 0.128651 -0.0326266 
11134 0.130519 0.12991 
11135 0.131125 0.291982 
11136 0.262927 -0.195807 
11137 0.263829 -0.0334951 
11138 0.264765 0.128013 
11139 0.266166 0.290049 
11140 -0.267194 -0.188788 
11141 -0.265276 -0.0345518 
11142 -0.263537 0.119507 
11143 -0.261901 0.27364 
11144 -0.138501 -0.18988 
11145 -0.137018 -0.0356515 
11146 -0.135222 0.117676 
11147 -0.133723 0.271222 
11148 -0.0106101 -0.190019 
11149 -0.00863981 -0.0367984 
11150 -0.00749595 0.115845 
11151 -0.00607835 0.268733 
11152 0.117231 -0.19111 
11153 0.119079 -0.0378788 
11154 0.120591 0.115204 
11155 0.121436 0.267714 
11156 0.243841 -0.191524 
11157 0.244969 -0.0389135 
11158 0.24695 0.11329 
11159 0.248061 0.265544 
11160 -0.255723 -0.185006 
11161 -0.253852 -0.0390265 
11162 -0.251886 0.106203 
11163 -0.249697 0.252131 
11164 -0.133625 -0.185858 
11165 -0.13202 -0.0404656 
11166 -0.130107 0.104862 
11167 -0.128746 0.249467 
11168 -0.0127121 -0.186343 
11169 -0.0110422 -0.042188 
11170 -0.00944624 0.10321 
11171 -0.00808891 0.247759 
11172 0.107132 -0.187565 
11173 0.108797 -0.0433937 
11174 0.111066 0.101006 
11175 0.112251 0.245523 
11176 0.227097 -0.188516 
11177 0.228403 -0.0445605 
11178 0.230137 0.0998729 
11179 0.231767 0.242989 
11180 -0.246932 -0.18151 
11181 -0.24411 -0.0439507 
11182 -0.241756 0.0950143 
11183 -0.239686 0.232574 
11184 -0.131112 -0.182998 
11185 -0.128576 -0.0447314 
11186 -0.126578 0.0925037 
11187 -0.124483 0.229624 
11188 -0.0153855 -0.18438 
11189 -0.0134098 -0.0466604 
11190 -0.0115139 0.0910601 
11191 -0.00963215 0.227854 
11192 0.0981281 -0.185203 
11193 0.100261 -0.0477835 
11194 0.102152 0.0890128 
11195 0.10396 0.225314 
11196 0.211669 -0.18544 
11197 0.213646 -0.0493922 
11198 0.214727 0.086506 
11199 0.217157 0.222842 
11200 -0.237689 -0.179759 
11201 -0.235251 -0.0479574 
11202 -0.233516 0.0834992 
11203 -0.230728 0.214107 
11204 -0.127647 -0.181079 
11205 -0.12519 -0.0492138 
11206 -0.123101 0.0814538 
11207 -0.121255 0.21205 
11208 -0.0189247 -0.18228 
11209 -0.0160512 -0.0509746 
11210 -0.0143611 0.0794102 
11211 -0.0124539 0.2088 
11212 0.0895431 -0.182548 
11213 0.0914023 -0.052442 
11214 0.0932313 0.0772772 
11215 0.0953592 0.206262 
11216 0.197439 -0.183897 
11217 0.198909 -0.0545176 
11218 0.201216 0.0749222 
11219 0.203251 0.204511 
11220 -0.231307 -0.177658 
11221 -0.227908 -0.0520871 
11222 -0.226195 0.0733018 
11223 -0.222719 0.197678 
11224 -0.125573 -0.178738 
11225 -0.123105 -0.0539961 
11226 -0.120884 0.0706426 
11227 -0.118846 0.194619 
11228 -0.0212579 -0.180439 
11229 -0.0193239 -0.0560174 
11230 -0.017295 0.0683969 
11231 -0.0152254 0.192128 
11232 0.0820381 -0.18191 
11233 0.0840848 -0.0572827 
11234 0.0855685 0.0664171 
11235 0.0877026 0.189398 
11236 0.183852 -0.182577 
11237 0.185734 -0.0594529 
11238 0.187713 0.063855 
11239 0.190003 0.187235 
11240 -0.224502 -0.176602 
11241 -0.221804 -0.0568203 
11242 -0.21919 0.0625759 
11243 -0.216793 0.182197 
11244 -0.124104 -0.177684 
11245 -0.122101 -0.057982 
11246 -0.118601 0.0611149 
11247 -0.11678 0.179483 
11248 -0.0250401 -0.179109 
11249 -0.0219043 -0.0606981 
11250 -0.0200848 0.0586951 
11251 -0.0169804 0.176944 
11252 0.0739902 -0.180927 
11253 0.0761293 -0.0622237 
11254 0.0786932 0.0563426 
11255 0.0811202 0.174278 
11256 0.171788 -0.18163 
11257 0.174041 -0.0633594 
11258 0.176222 0.0543267 
11259 0.178415 0.17104 
11260 -0.219323 -0.176265 
11261 -0.216668 -0.0608704 
11262 -0.213495 0.0533826 
11263 -0.210135 0.16756 
11264 -0.123031 -0.177816 
11265 -0.120668 -0.0628235 
11266 -0.117917 0.0516959 
11267 -0.114513 0.165309 
11268 -0.027724 -0.178199 
11269 -0.0256103 -0.0649769 
11270 -0.0222844 0.0491707 
11271 -0.0197619 0.16224 
11272 0.0664644 -0.179819 
11273 0.068966 -0.0663076 
11274 0.0716095 0.0465697 
11275 0.0736579 0.159088 
11276 0.160402 -0.181303 
11277 0.162301 -0.0683717 
11278 0.164991 0.0437066 
11279 0.166783 0.155981 
11280 -0.214426 -0.175687 
11281 -0.211223 -0.0648685 
11282 -0.209057 0.0451516 
11283 -0.20535 0.154384 
11284 -0.12213 -0.176866 
11285 -0.119195 -0.0671699 
11286 -0.116258 0.0425085 
11287 -0.114331 0.151135 
11288 -0.030398 -0.17842 
11289 -0.0284428 -0.0684955 
11290 -0.0256327 0.0398418 
11291 -0.0230666 0.148377 
11292 0.0592953 -0.179103 
11293 0.062481 -0.0703942 
11294 0.0641078 0.0376626 
11295 0.0672971 0.145039 
11296 0.149097 -0.181136 
11297 0.151402 -0.0721615 
11298 0.154181 0.0348825 
11299 0.155656 0.142171 
11300 -0.210666 -0.175941 
11301 -0.207666 -0.0693245 
11302 -0.204546 0.0365376 
11303 -0.20122 0.140996 
11304 -0.122213 -0.177434 
11305 -0.118703 -0.0717628 
11306 -0.115632 0.0337117 
11307 -0.113006 0.138058 
11308 -0.0340012 -0.178045 
11309 -0.0309157 -0.0737113 
11310 -0.0288369 0.031246 
11311 -0.0260567 0.134991 
11312 0.0531895 -0.179263 
11313 0.0556363 -0.075473 
11314 0.0578625 0.0284555 
11315 0.0606662 0.132376 
11316 0.138758 -0.181065 
11317 0.141548 -0.0765547 
11318 0.143245 0.0265354 
11319 0.14623 0.12942 
11320 -0.207488 -0.175379 
11321 -0.204378 -0.0736377 
11322 -0.201243 0.0281173 
11323 -0.197375 0.129513 
11324 -0.121288 -0.17736 
11325 -0.118751 -0.0754952 
11326 -0.115715 0.0257982 
11327 -0.112738 0.126789 
11328 -0.0373112 -0.178971 
11329 -0.0345677 -0.0779175 
11330 -0.0314667 0.0232541 
11331 -0.0285189 0.122975 
11332 0.0464112 -0.179748 
11333 0.0495403 -0.0794589 
11334 0.0512291 0.0210296 
11335 0.0540599 0.120362 
11336 0.12973 -0.180625 
11337 0.132009 -0.0816111 
11338 0.13412 0.018443 
11339 0.136472 0.117616 
11340 -0.203778 -0.176414 
11341 -0.200753 -0.0775648 
11342 -0.197333 0.0203834 
11343 -0.194501 0.118022 
11344 -0.122048 -0.177432 
11345 -0.118683 -0.0791819 
11346 -0.115368 0.0175981 
11347 -0.113245 0.11518 
11348 -0.0398733 -0.178693 
11349 -0.0373663 -0.0813373 
11350 -0.0345127 0.014987 
11351 -0.0314935 0.111548 
11352 0.040144 -0.180733 
11353 0.0426797 -0.0830305 
11354 0.0456873 0.0131341 
11355 0.0476721 0.109281 
11356 0.119898 -0.181155 
11357 0.122189 -0.085284 
11358 0.124273 0.0110655 
11359 0.127391 0.105734 
11360 -0.202126 -0.176524 
11361 -0.198232 -0.0815678 
11362 -0.194835 0.0125012 
11363 -0.191693 0.107539 
11364 -0.122019 -0.178112 
11365 -0.119156 -0.0834127 
11366 -0.116409 0.0100433 
11367 -0.113181 0.104436 
11368 -0.0428537 -0.179135 
11369 -0.0403697 -0.0855791 
11370 -0.0378541 0.00821087 
11371 -0.0350285 0.100691 
11372 0.0341352 -0.18118 
11373 0.037292 -0.0878285 
11374 0.0392531 0.00598108 
11375 0.0418783 0.0983144 
11376 0.110977 -0.182597 
11377 0.113308 -0.089207 
11378 0.115901 0.00345219 
11379 0.118602 0.0948704 
11380 -0.199267 -0.178001 
11381 -0.196565 -0.0855376 
11382 -0.193271 0.00535587 
11383 -0.189644 0.096331 
11384 -0.122681 -0.179097 
11385 -0.119137 -0.0876004 
11386 -0.116969 0.00339969 
11387 -0.113791 0.093909 
11388 -0.0466193 -0.180367 
11389 -0.0434372 -0.089615 
11390 -0.041079 0.000973078 
11391 -0.0383368 0.0907172 
11392 0.0291302 -0.18189 
11393 0.0307223 -0.0910586 
11394 0.0338061 -0.00146898 
11395 0.0363216 0.0877308 
11396 0.102797 -0.182598 
11397 0.105213 -0.0926019 
11398 0.107909 -0.00393097 
11399 0.109994 0.0846273 
11400 -0.197783 -0.178313 
11401 -0.194676 -0.089979 
11402 -0.191388 -0.000980172 
11403 -0.188386 0.0871935 
11404 -0.123366 -0.179613 
11405 -0.120169 -0.0914956 
11406 -0.116855 -0.00328019 
11407 -0.113827 0.0839838 
11408 -0.0492249 -0.180731 
11409 -0.0470268 -0.0934733 
11410 -0.0444145 -0.00606276 
11411 -0.0413394 0.0807176 
11412 0.0233243 -0.181894 
11413 0.0257182 -0.0953805 
11414 0.0283806 -0.00824595 
11415 0.0302028 0.0779881 
11416 0.0943957 -0.183989 
11417 0.0967106 -0.0969177 
11418 0.0992172 -0.0102933 
11419 0.101563 0.0755443 
11420 -0.196527 -0.179247 
11421 -0.1932 -0.0928156 
11422 -0.189917 -0.00729627 
11423 -0.186786 0.0781928 
11424 -0.12438 -0.180973 
11425 -0.121031 -0.0948009 
11426 -0.118211 -0.00962923 
11427 -0.115093 0.0750326 
11428 -0.052782 -0.181906 
11429 -0.0498125 -0.0964404 
11430 -0.0477762 -0.0125779 
11431 -0.0450988 0.07171 
11432 0.0179774 -0.183313 
11433 0.0201147 -0.0989522 
11434 0.0227985 -0.0148714 
11435 0.0246035 0.069015 
11436 0.0868422 -0.184651 
11437 0.0891131 -0.100086 
11438 0.0918741 -0.0168631 
11439 0.09344 0.0665642 
11440 -0.194981 -0.18094 
11441 -0.19208 -0.0968988 
11442 -0.189065 -0.0141155 
11443 -0.186151 0.0685988 
11444 -0.125106 -0.182124 
11445 -0.122311 -0.0987382 
11446 -0.119322 -0.0163258 
11447 -0.116479 0.0658875 
11448 -0.0562632 -0.183072 
11449 -0.0531467 -0.100615 
11450 -0.0503272 -0.0184303 
11451 -0.0478226 0.063431 
11452 0.0116431 -0.184617 
11453 0.0146198 -0.101789 
11454 0.0166642 -0.020364 
11455 0.0191584 0.0602883 
11456 0.0797794 -0.185033 
11457 0.0817821 -0.103439 
11458 0.0835942 -0.0225786 
11459 0.0861854 0.0578742 
