11120 -0.333253 -0.216369 
11121 -0.333259 -0.0166218 
11122 -0.333504 0.183264 
11123 -0.332859 0.383098 
11124 -0.166361 -0.216181 
11125 -0.166367 -0.0164302 
11126 -0.166866 0.183612 
11127 -0.166772 0.383793 
11128 -0.000192861 -0.217077 
11129 1.03523e-07 -0.0170406 
11130 -0.000383897 0.183416 
11131 0.000291234 0.383182 
11132 0.166938 -0.21632 
11133 0.166171 -0.0162559 
11134 0.167098 0.183179 
11135 0.16626 0.383714 
11136 0.332847 -0.216531 
11137 0.333747 -0.0166645 
11138 0.333233 0.183596 
11139 0.333052 0.383026 
11140 -0.313284 -0.208916 
11141 -0.312097 -0.0226249 
11142 -0.311693 0.163327 
11143 -0.311094 0.348932 
11144 -0.157404 -0.209416 
11145 -0.157363 -0.023433 
11146 -0.157066 0.163244 
11147 -0.156249 0.34863 
11148 -0.0025602 -0.209518 
11149 -0.00233144 -0.0235496 
11150 -0.00185541 0.162334 
11151 -0.000945995 0.34813 
11152 0.152627 -0.209386 
11153 0.152165 -0.0236352 
11154 0.153269 0.162186 
11155 0.153489 0.347469 
11156 0.306981 -0.209396 
11157 0.306597 -0.0241889 
11158 0.307665 0.160878 
11159 0.307985 0.346396 
11160 -0.295192 -0.202876 
11161 -0.294807 -0.0288327 
11162 -0.293311 0.145314 
11163 -0.293226 0.319259 
11164 -0.150424 -0.202942 
11165 -0.149335 -0.0294339 
11166 -0.148944 0.144341 
11167 -0.147743 0.317752 
11168 -0.0053469 -0.20359 
11169 -0.00410345 -0.0301944 
11170 -0.0039759 0.143265 
11171 -0.00327456 0.316509 
11172 0.139212 -0.203527 
11173 0.140147 -0.0309055 
11174 0.140531 0.143122 
11175 0.141097 0.315359 
11176 0.282793 -0.204056 
11177 0.284159 -0.0312114 
11178 0.284286 0.142161 
11179 0.284998 0.314614 
11180 -0.281106 -0.19812 
11181 -0.279825 -0.0342367 
11182 -0.277878 0.129309 
11183 -0.276995 0.292577 
11184 -0.143772 -0.198244 
11185 -0.143074 -0.0355531 
11186 -0.142108 0.127933 
11187 -0.140952 0.291081 
11188 -0.00855707 -0.199015 
11189 -0.00734014 -0.036146 
11190 -0.00630915 0.126663 
11191 -0.00501779 0.289119 
11192 0.127217 -0.199167 
11193 0.12793 -0.0368114 
11194 0.129244 0.125414 
11195 0.130189 0.287895 
11196 0.262071 -0.200408 
11197 0.263193 -0.0382059 
11198 0.263856 0.124576 
11199 0.264492 0.286297 
11200 -0.268677 -0.194055 
11201 -0.266914 -0.0399932 
11202 -0.265226 0.114211 
11203 -0.263005 0.267626 
11204 -0.139777 -0.194552 
11205 -0.138312 -0.0408001 
11206 -0.136705 0.113008 
11207 -0.134527 0.266383 
11208 -0.0115486 -0.195145 
11209 -0.00942936 -0.0418642 
11210 -0.00864928 0.111161 
11211 -0.00716107 0.26394 
11212 0.116786 -0.196305 
11213 0.117342 -0.0425444 
11214 0.119314 0.109903 
11215 0.120173 0.262125 
11216 0.243841 -0.197032 
11217 0.244251 -0.0436605 
11218 0.245695 0.108659 
11219 0.24692 0.260701 
11220 -0.25748 -0.191374 
11221 -0.255104 -0.0451455 
11222 -0.253841 0.0999297 
11223 -0.252166 0.245876 
11224 -0.135514 -0.192186 
11225 -0.133208 -0.0467564 
11226 -0.132233 0.0983207 
11227 -0.129747 0.243993 
11228 -0.0137765 -0.193196 
11229 -0.0129318 -0.0474057 
11230 -0.0104795 0.097143 
11231 -0.00923285 0.241301 
11232 0.106039 -0.193349 
11233 0.108158 -0.0487775 
11234 0.108893 0.0953501 
11235 0.111257 0.239264 
11236 0.226076 -0.193844 
11237 0.22723 -0.0500973 
11238 0.228815 0.0939982 
11239 0.230311 0.236917 
11240 -0.247595 -0.188676 
11241 -0.245568 -0.0501091 
11242 -0.243642 0.0881173 
11243 -0.241292 0.22536 
11244 -0.131975 -0.189479 
11245 -0.130133 -0.0521909 
11246 -0.127786 0.0854268 
11247 -0.126366 0.223169 
11248 -0.017481 -0.191232 
11249 -0.0152463 -0.0536252 
11250 -0.0139137 0.0844205 
11251 -0.0113348 0.220876 
11252 0.0974563 -0.19156 
11253 0.098819 -0.054787 
11254 0.100064 0.0826732 
11255 0.101766 0.218609 
11256 0.210924 -0.192777 
11257 0.212509 -0.0553835 
11258 0.213797 0.0803646 
11259 0.214899 0.216014 
11260 -0.239695 -0.187161 
11261 -0.23786 -0.0557733 
11262 -0.23474 0.0760026 
11263 -0.232404 0.206644 
11264 -0.129833 -0.188892 
11265 -0.127032 -0.0569125 
11266 -0.125709 0.0737049 
11267 -0.123164 0.204786 
11268 -0.0204779 -0.189047 
11269 -0.0179718 -0.0582879 
11270 -0.0157246 0.0720876 
11271 -0.014483 0.202478 
11272 0.0883926 -0.19027 
11273 0.0907146 -0.0601769 
11274 0.0922744 0.0699315 
11275 0.0933586 0.199346 
11276 0.196207 -0.191257 
11277 0.197867 -0.0607708 
11278 0.199526 0.0679409 
11279 0.200369 0.197578 
11280 -0.23279 -0.186801 
11281 -0.230666 -0.0603137 
11282 -0.227923 0.0646784 
11283 -0.225454 0.189989 
11284 -0.127107 -0.187083 
11285 -0.12501 -0.0618308 
11286 -0.122931 0.0625995 
11287 -0.120767 0.187157 
11288 -0.0230548 -0.188161 
11289 -0.0213886 -0.063863 
11290 -0.0188192 0.0612045 
11291 -0.0173916 0.184508 
11292 0.0799249 -0.189314 
11293 0.0819276 -0.0645353 
11294 0.0836326 0.0592481 
11295 0.085996 0.181692 
11296 0.183343 -0.190281 
11297 0.184259 -0.0661971 
11298 0.186346 0.0571702 
11299 0.187554 0.179454 
11300 -0.226104 -0.185318 
11301 -0.224315 -0.0653934 
11302 -0.221703 0.0539164 
11303 -0.218401 0.173253 
11304 -0.125944 -0.186481 
11305 -0.12404 -0.0665782 
11306 -0.121269 0.0519759 
11307 -0.118627 0.171273 
11308 -0.0260463 -0.187548 
11309 -0.0239504 -0.0687185 
11310 -0.0216535 0.0498068 
11311 -0.0200982 0.168117 
11312 0.0729246 -0.188793 
11313 0.0744962 -0.0697705 
11314 0.0759595 0.0482301 
11315 0.0781516 0.16548 
11316 0.170648 -0.189102 
11317 0.172381 -0.0716979 
11318 0.173661 0.0465777 
11319 0.175988 0.16365 
11320 -0.220771 -0.18542 
11321 -0.218661 -0.0706239 
11322 -0.215604 0.0445425 
11323 -0.213068 0.159128 
11324 -0.124438 -0.186174 
11325 -0.122278 -0.0713629 
11326 -0.120332 0.0420349 
11327 -0.117034 0.15587 
11328 -0.0294311 -0.187091 
11329 -0.0271419 -0.0729003 
11330 -0.0245198 0.0406988 
11331 -0.022907 0.153601 
11332 0.0649627 -0.188182 
11333 0.0669111 -0.0747939 
11334 0.0694671 0.0386649 
11335 0.0712345 0.150824 
11336 0.159157 -0.18905 
11337 0.160252 -0.0759212 
11338 0.162397 0.0361423 
11339 0.164011 0.14779 
11340 -0.216151 -0.184993 
11341 -0.213914 -0.0745874 
11342 -0.211209 0.0355048 
11343 -0.207949 0.144818 
11344 -0.124523 -0.186709 
11345 -0.121315 -0.07668 
11346 -0.119218 0.0331828 
11347 -0.116742 0.142455 
11348 -0.0327387 -0.187527 
11349 -0.0302898 -0.078317 
11350 -0.0274918 0.031549 
11351 -0.0261709 0.139953 
11352 0.0578545 -0.188614 
11353 0.0598256 -0.0797293 
11354 0.0625208 0.0293686 
11355 0.0639505 0.137023 
11356 0.147703 -0.189674 
11357 0.149558 -0.0805485 
11358 0.151475 0.0271318 
11359 0.153319 0.134525 
11360 -0.21303 -0.185799 
11361 -0.210147 -0.079491 
11362 -0.207349 0.0269463 
11363 -0.20433 0.132101 
11364 -0.123268 -0.186585 
11365 -0.121007 -0.0808315 
11366 -0.118292 0.0242433 
11367 -0.115836 0.129028 
11368 -0.0359163 -0.187955 
11369 -0.0328428 -0.0824957 
11370 -0.0313867 0.022516 
11371 -0.0289448 0.126655 
11372 0.0514849 -0.188499 
11373 0.0531005 -0.0840202 
11374 0.0550948 0.0198813 
11375 0.0572546 0.124166 
11376 0.138002 -0.190006 
11377 0.139483 -0.0849981 
11378 0.141601 0.0182354 
11379 0.14359 0.12077 
11380 -0.209194 -0.186055 
11381 -0.206499 -0.0839003 
11382 -0.20313 0.01836 
11383 -0.200371 0.119924 
11384 -0.123111 -0.186629 
11385 -0.120614 -0.0849143 
11386 -0.11803 0.0161919 
11387 -0.116277 0.116921 
11388 -0.0387522 -0.1881 
11389 -0.0360581 -0.0864086 
11390 -0.0343318 0.0136971 
11391 -0.0316122 0.113942 
11392 0.0446598 -0.189341 
11393 0.0467004 -0.0886235 
11394 0.0492383 0.0118786 
11395 0.0515825 0.111944 
11396 0.12809 -0.189435 
11397 0.129428 -0.0902514 
11398 0.131347 0.0102186 
11399 0.133797 0.109367 
11400 -0.206444 -0.186344 
11401 -0.203685 -0.0878798 
11402 -0.20082 0.0097932 
11403 -0.198093 0.107805 
11404 -0.123521 -0.187734 
11405 -0.121397 -0.0898225 
11406 -0.118294 0.0078041 
11407 -0.11573 0.105086 
11408 -0.0424397 -0.188364 
11409 -0.0395497 -0.0912007 
11410 -0.036983 0.00576287 
11411 -0.0347824 0.102907 
11412 0.0385574 -0.189553 
11413 0.0404959 -0.0924616 
11414 0.0433133 0.00436857 
11415 0.0445525 0.100098 
11416 0.118349 -0.190482 
11417 0.119858 -0.0935366 
11418 0.121978 0.00182202 
11419 0.124211 0.097304 
11420 -0.203876 -0.187102 
11421 -0.201231 -0.0915581 
11422 -0.197975 0.00239258 
11423 -0.195635 0.0969666 
11424 -0.123928 -0.188414 
11425 -0.121614 -0.0932265 
11426 -0.118681 0.000309077 
11427 -0.116373 0.0946444 
11428 -0.0448893 -0.18948 
11429 -0.0427807 -0.0954399 
11430 -0.0408066 -0.00141309 
11431 -0.0380431 0.0916592 
11432 0.0327189 -0.189981 
11433 0.0347738 -0.096073 
11434 0.0363778 -0.00372691 
11435 0.0390099 0.088886 
11436 0.109324 -0.190748 
11437 0.111454 -0.0976666 
11438 0.113355 -0.00514599 
11439 0.115126 0.086887 
11440 -0.202196 -0.188719 
11441 -0.198623 -0.0959464 
11442 -0.19582 -0.00473412 
11443 -0.193089 0.0866666 
11444 -0.124934 -0.189058 
11445 -0.122471 -0.0977457 
11446 -0.119473 -0.00610726 
11447 -0.116967 0.0838128 
11448 -0.0484004 -0.190172 
11449 -0.0465834 -0.0990096 
11450 -0.0438685 -0.0084137 
11451 -0.0413295 0.0814665 
11452 0.0265275 -0.191166 
11453 0.0292049 -0.100008 
11454 0.0312302 -0.0102016 
11455 0.0329735 0.0784984 
11456 0.100621 -0.191793 
11457 0.102596 -0.101861 
11458 0.104755 -0.0126331 
11459 0.106759 0.0760622 
11460 -0.200168 -0.188895 
11461 -0.197788 -0.0995475 
11462 -0.1941 -0.0109778 
11463 -0.19164 0.0770684 
11464 -0.125675 -0.190277 
11465 -0.123272 -0.100869 
11466 -0.120775 -0.0135321 
11467 -0.117482 0.0739006 
11468 -0.0517336 -0.19064 
11469 -0.0493774 -0.103082 
11470 -0.0467498 -0.0154345 
11471 -0.0446684 0.0720251 
11472 0.0214778 -0.191291 
11473 0.0227047 -0.104546 
11474 0.0253016 -0.017395 
11475 0.0268309 0.0691865 
11476 0.0929594 -0.192485 
11477 0.0947131 -0.105027 
11478 0.0962348 -0.0187034 
11479 0.098264 0.0665611 
11480 -0.199021 -0.190091 
11481 -0.196235 -0.103555 
11482 -0.193268 -0.0180179 
11483 -0.189932 0.0674794 
11484 -0.126074 -0.191402 
11485 -0.123657 -0.104737 
11486 -0.121205 -0.0193986 
11487 -0.118437 0.0647864 
11488 -0.0551599 -0.192063 
11489 -0.0531429 -0.106683 
11490 -0.0504955 -0.0218359 
11491 -0.0483415 0.0626226 
11492 0.0151473 -0.192172 
11493 0.0172704 -0.107335 
11494 0.0199809 -0.0230129 
11495 0.0214906 0.0603442 
11496 0.0850225 -0.193533 
11497 0.0863694 -0.108758 
11498 0.0885587 -0.0251231 
11499 0.0900232 0.0575547 
11500 -0.197581 -0.190939 
11501 -0.195395 -0.107342 
11502 -0.192283 -0.0235616 
11503 -0.189933 0.0585336 
11504 -0.127442 -0.191847 
11505 -0.125025 -0.108723 
11506 -0.122063 -0.0254143 
11507 -0.120522 0.0564158 
11508 -0.0585854 -0.192867 
11509 -0.0565492 -0.11013 
11510 -0.053317 -0.0275474 
11511 -0.0519465 0.0544736 
11512 0.00979134 -0.193102 
11513 0.011612 -0.110698 
11514 0.0136605 -0.0290949 
11515 0.0164613 0.0516781 
11516 0.0773321 -0.193567 
11517 0.0788728 -0.112522 
11518 0.0807507 -0.0316278 
11519 0.082921 0.0497328 
