11160 -0.333562 -0.216777 
11161 -0.332934 -0.0168326 
11162 -0.333829 0.183602 
11163 -0.333463 0.383385 
11164 -0.166635 -0.216602 
11165 -0.166712 -0.0167528 
11166 -0.16686 0.183306 
11167 -0.166769 0.383676 
11168 3.43981e-05 -0.216695 
11169 0.00013804 -0.0163253 
11170 -0.000396993 0.183028 
11171 0.000257193 0.383125 
11172 0.166294 -0.216774 
11173 0.166458 -0.0161714 
11174 0.166283 0.182963 
11175 0.166738 0.383057 
11176 0.332868 -0.216456 
11177 0.332848 -0.0171273 
11178 0.333301 0.18332 
11179 0.332942 0.383583 
11180 -0.313349 -0.21017 
11181 -0.313015 -0.0242083 
11182 -0.311934 0.162005 
11183 -0.311215 0.347861 
11184 -0.157854 -0.209984 
11185 -0.157561 -0.0244177 
11186 -0.157195 0.161931 
11187 -0.156627 0.347234 
11188 -0.00240042 -0.210689 
11189 -0.00198497 -0.0242734 
11190 -0.00164096 0.161463 
11191 -0.00197231 0.347084 
11192 0.1523 -0.210216 
11193 0.152646 -0.0243124 
11194 0.153192 0.161156 
11195 0.153192 0.346397 
11196 0.306944 -0.210937 
11197 0.306607 -0.0246013 
11198 0.307645 0.160865 
11199 0.307471 0.345538 
11200 -0.295912 -0.20475 
11201 -0.295208 -0.0300855 
11202 -0.294211 0.143941 
11203 -0.293155 0.317694 
11204 -0.151126 -0.204828 
11205 -0.149811 -0.0314568 
11206 -0.149133 0.142996 
11207 -0.148568 0.315846 
11208 -0.00606176 -0.205746 
11209 -0.00509069 -0.0316712 
11210 -0.00413666 0.141524 
11211 -0.0030698 0.314786 
11212 0.138729 -0.206042 
11213 0.13973 -0.0319765 
11214 0.140168 0.140846 
11215 0.140723 0.313601 
11216 0.282968 -0.206105 
11217 0.283072 -0.0329129 
11218 0.283894 0.140252 
11219 0.284897 0.312916 
11220 -0.281193 -0.200346 
11221 -0.279968 -0.0370954 
11222 -0.278911 0.126604 
11223 -0.278036 0.289624 
11224 -0.14482 -0.200776 
11225 -0.143415 -0.0377435 
11226 -0.142741 0.124873 
11227 -0.141304 0.287827 
11228 -0.00914498 -0.201727 
11229 -0.00772692 -0.0389223 
11230 -0.00646787 0.124665 
11231 -0.00583701 0.286901 
11232 0.127079 -0.201704 
11233 0.127904 -0.0396774 
11234 0.128642 0.123499 
11235 0.129829 0.285583 
11236 0.262159 -0.202117 
11237 0.262722 -0.0398393 
11238 0.2631 0.122087 
11239 0.264084 0.283327 
11240 -0.268748 -0.197426 
11241 -0.267631 -0.0432238 
11242 -0.266167 0.110815 
11243 -0.264319 0.26426 
11244 -0.14049 -0.197992 
11245 -0.138262 -0.0440518 
11246 -0.137453 0.109244 
11247 -0.13585 0.263371 
11248 -0.0117052 -0.198549 
11249 -0.0105742 -0.0450048 
11250 -0.00955289 0.108421 
11251 -0.00815918 0.261516 
11252 0.115882 -0.199368 
11253 0.117012 -0.0462083 
11254 0.118326 0.106514 
11255 0.119014 0.259188 
11256 0.242779 -0.199587 
11257 0.243437 -0.0469456 
11258 0.244659 0.105562 
11259 0.245795 0.258152 
11260 -0.258047 -0.195607 
11261 -0.255918 -0.0489206 
11262 -0.254268 0.09664 
11263 -0.253249 0.242451 
11264 -0.136197 -0.195731 
11265 -0.13397 -0.0498961 
11266 -0.132567 0.0949186 
11267 -0.131256 0.240484 
11268 -0.0151576 -0.196146 
11269 -0.0130498 -0.0515196 
11270 -0.011931 0.0940182 
11271 -0.0105444 0.237953 
11272 0.105518 -0.197413 
11273 0.106853 -0.0526892 
11274 0.108461 0.0921024 
11275 0.109566 0.236516 
11276 0.225304 -0.197219 
11277 0.226757 -0.0537299 
11278 0.22803 0.0910979 
11279 0.229112 0.234249 
11280 -0.248568 -0.193125 
11281 -0.246572 -0.0546269 
11282 -0.24456 0.0837078 
11283 -0.242519 0.221211 
11284 -0.133251 -0.193712 
11285 -0.131261 -0.0555729 
11286 -0.129032 0.0815942 
11287 -0.127455 0.219345 
11288 -0.0180941 -0.194482 
11289 -0.0160801 -0.0569011 
11290 -0.0140916 0.0802387 
11291 -0.0128502 0.216705 
11292 0.0960145 -0.195427 
11293 0.0976648 -0.0579504 
11294 0.099173 0.0788269 
11295 0.100398 0.214605 
11296 0.210191 -0.195974 
11297 0.211288 -0.059207 
11298 0.212379 0.0771419 
11299 0.213686 0.212433 
11300 -0.240641 -0.19225 
11301 -0.238255 -0.0603844 
11302 -0.236073 0.0714021 
11303 -0.23383 0.202519 
11304 -0.130496 -0.192537 
11305 -0.12803 -0.0612134 
11306 -0.126508 0.0693594 
11307 -0.1245 0.200473 
11308 -0.0207037 -0.19399 
11309 -0.0191184 -0.0631802 
11310 -0.0171493 0.0674854 
11311 -0.0155305 0.197754 
11312 0.087281 -0.194865 
11313 0.0890578 -0.0643756 
11314 0.0905979 0.0656848 
11315 0.0918997 0.195384 
11316 0.195939 -0.195213 
11317 0.196348 -0.0646713 
11318 0.197891 0.0639698 
11319 0.19951 0.193314 
11320 -0.233454 -0.191039 
11321 -0.23149 -0.0654586 
11322 -0.228958 0.0599947 
11323 -0.227075 0.184543 
11324 -0.128565 -0.192071 
11325 -0.126805 -0.067105 
11326 -0.123907 0.0583516 
11327 -0.122017 0.18282 
11328 -0.024549 -0.193352 
11329 -0.0225688 -0.0683407 
11330 -0.0203234 0.0567375 
11331 -0.0184647 0.180235 
11332 0.0790557 -0.19398 
11333 0.0815283 -0.0690917 
11334 0.0824091 0.0547343 
11335 0.0838628 0.17795 
11336 0.182545 -0.194136 
11337 0.183608 -0.0709845 
11338 0.18537 0.053097 
11339 0.186558 0.175503 
11340 -0.227839 -0.191415 
11341 -0.225532 -0.0706729 
11342 -0.223162 0.0496822 
11343 -0.22052 0.168339 
11344 -0.126866 -0.19136 
11345 -0.125111 -0.071616 
11346 -0.12265 0.047431 
11347 -0.120551 0.166387 
11348 -0.0271147 -0.19217 
11349 -0.0256931 -0.073579 
11350 -0.0229754 0.0451882 
11351 -0.0213022 0.164216 
11352 0.0713105 -0.193541 
11353 0.0730179 -0.0746796 
11354 0.0747845 0.0432852 
11355 0.0764866 0.161317 
11356 0.169328 -0.194445 
11357 0.171136 -0.0755371 
11358 0.172751 0.0415309 
11359 0.173969 0.158814 
11360 -0.222016 -0.191125 
11361 -0.219835 -0.0753205 
11362 -0.217786 0.0391823 
11363 -0.214784 0.153469 
11364 -0.126262 -0.191344 
11365 -0.123951 -0.0766119 
11366 -0.121784 0.0372478 
11367 -0.119087 0.150984 
11368 -0.0307848 -0.192905 
11369 -0.0282 -0.0785681 
11370 -0.0269018 0.0357227 
11371 -0.0241237 0.148165 
11372 0.064425 -0.193079 
11373 0.0661187 -0.0795363 
11374 0.0674922 0.0340522 
11375 0.0694647 0.146673 
11376 0.15802 -0.194186 
11377 0.159604 -0.0812041 
11378 0.161111 0.0319524 
11379 0.162595 0.144147 
11380 -0.217599 -0.190947 
11381 -0.215329 -0.0807597 
11382 -0.21291 0.0295271 
11383 -0.209853 0.139644 
11384 -0.125108 -0.191949 
11385 -0.122813 -0.0819846 
11386 -0.120933 0.0277871 
11387 -0.118929 0.136958 
11388 -0.0338778 -0.192986 
11389 -0.0314167 -0.083397 
11390 -0.0297781 0.0257678 
11391 -0.0280197 0.134817 
11392 0.0566477 -0.193325 
11393 0.0592917 -0.0840152 
11394 0.0610922 0.0242851 
11395 0.0624993 0.131913 
11396 0.147385 -0.194325 
11397 0.14894 -0.0854703 
11398 0.149693 0.0224265 
11399 0.151314 0.130163 
11400 -0.214004 -0.191776 
11401 -0.2118 -0.0852809 
11402 -0.208633 0.0212642 
11403 -0.206657 0.126171 
11404 -0.124446 -0.192214 
11405 -0.122562 -0.0861813 
11406 -0.119964 0.0195255 
11407 -0.117614 0.12329 
11408 -0.0366646 -0.193046 
11409 -0.0348234 -0.0876592 
11410 -0.0322821 0.0173505 
11411 -0.0303336 0.121479 
11412 0.0504846 -0.193939 
11413 0.0521584 -0.0885391 
11414 0.0541096 0.0154619 
11415 0.0560465 0.11876 
11416 0.136177 -0.194047 
11417 0.138501 -0.0904972 
11418 0.13934 0.0132537 
11419 0.141578 0.116329 
11420 -0.2108 -0.191965 
11421 -0.208033 -0.0893538 
11422 -0.205681 0.0129431 
11423 -0.203057 0.113825 
11424 -0.124754 -0.192199 
11425 -0.122237 -0.0908565 
11426 -0.120498 0.0109608 
11427 -0.117411 0.111378 
11428 -0.0399357 -0.193533 
11429 -0.038411 -0.0919148 
11430 -0.0358555 0.00889722 
11431 -0.0337801 0.109205 
11432 0.0435475 -0.194048 
11433 0.0455193 -0.0936527 
11434 0.0472912 0.00716138 
11435 0.0487566 0.106327 
11436 0.126733 -0.19472 
11437 0.127916 -0.0941704 
11438 0.13002 0.00481255 
11439 0.131412 0.10394 
11440 -0.207554 -0.192073 
11441 -0.205007 -0.0934214 
11442 -0.202632 0.00456623 
11443 -0.19963 0.102326 
11444 -0.125532 -0.193556 
11445 -0.123225 -0.0951947 
11446 -0.120216 0.00313435 
11447 -0.117819 0.100085 
11448 -0.0428787 -0.193989 
11449 -0.0413501 -0.0959846 
11450 -0.0395634 0.00121738 
11451 -0.0372169 0.0971881 
11452 0.0370849 -0.194499 
11453 0.0388295 -0.0975664 
11454 0.0415613 -0.000870408 
11455 0.0428668 0.0950159 
11456 0.117535 -0.195524 
11457 0.118855 -0.0987796 
11458 0.120526 -0.00217203 
11459 0.121662 0.0930234 
11460 -0.20493 -0.193203 
11461 -0.202374 -0.09804 
11462 -0.199932 -0.0030725 
11463 -0.197416 0.0909768 
11464 -0.125393 -0.193579 
11465 -0.123369 -0.0994416 
11466 -0.120601 -0.00522909 
11467 -0.118524 0.0888309 
11468 -0.0462785 -0.194836 
11469 -0.0448697 -0.100087 
11470 -0.04237 -0.00651619 
11471 -0.0406152 0.0861674 
11472 0.03101 -0.195697 
11473 0.0336575 -0.101672 
11474 0.0347594 -0.0078911 
11475 0.0366547 0.0841337 
11476 0.107953 -0.196056 
11477 0.109819 -0.102371 
11478 0.111827 -0.0102608 
11479 0.113138 0.0819101 
11480 -0.203175 -0.19415 
11481 -0.200885 -0.101963 
11482 -0.1983 -0.00993649 
11483 -0.195874 0.0807691 
11484 -0.126111 -0.194275 
11485 -0.123603 -0.102983 
11486 -0.121783 -0.0119799 
11487 -0.118902 0.0782464 
11488 -0.0495129 -0.195653 
11489 -0.0478037 -0.104557 
11490 -0.0453136 -0.0140524 
11491 -0.0433395 0.0768021 
11492 0.0254688 -0.195493 
11493 0.0272421 -0.104992 
11494 0.0285593 -0.0157229 
11495 0.0303161 0.0738772 
11496 0.100327 -0.196726 
11497 0.101314 -0.106335 
11498 0.103019 -0.0168687 
11499 0.104174 0.0716356 
11500 -0.201947 -0.194576 
11501 -0.199496 -0.105611 
11502 -0.19632 -0.0164529 
11503 -0.194435 0.071199 
11504 -0.126859 -0.195581 
11505 -0.125068 -0.106643 
11506 -0.121944 -0.0182743 
11507 -0.120207 0.0687272 
11508 -0.0528525 -0.196495 
11509 -0.0508089 -0.107995 
11510 -0.0488069 -0.0198686 
11511 -0.0474179 0.0672155 
11512 0.0199425 -0.196565 
11513 0.0214098 -0.109184 
11514 0.0233225 -0.0222685 
11515 0.0252303 0.0643472 
11516 0.0920282 -0.196734 
11517 0.0931752 -0.109834 
11518 0.0949833 -0.0230459 
11519 0.0957472 0.0621874 
11520 -0.200623 -0.195479 
11521 -0.197429 -0.109124 
11522 -0.195094 -0.0232647 
11523 -0.193203 0.0623383 
11524 -0.127712 -0.196105 
11525 -0.126098 -0.110005 
11526 -0.123406 -0.0247469 
11527 -0.121099 0.0599762 
11528 -0.0560545 -0.196962 
11529 -0.0541297 -0.111807 
11530 -0.0522186 -0.0261988 
11531 -0.0504234 0.057885 
11532 0.0140626 -0.197199 
11533 0.0154598 -0.112865 
11534 0.0172398 -0.0280532 
11535 0.0195797 0.0557485 
11536 0.084152 -0.197979 
11537 0.0850636 -0.1133 
11538 0.0864306 -0.0299904 
11539 0.0880368 0.0539582 
11540 -0.19919 -0.197298 
11541 -0.19674 -0.113139 
11542 -0.194612 -0.0294575 
11543 -0.191895 0.0533101 
11544 -0.129268 -0.196875 
11545 -0.127344 -0.114324 
11546 -0.125083 -0.0310202 
11547 -0.122551 0.0510552 
11548 -0.0597572 -0.198112 
11549 -0.0578896 -0.115032 
11550 -0.0555282 -0.032077 
11551 -0.0542042 0.0487332 
11552 0.00866505 -0.1982 
11553 0.0105332 -0.115757 
11554 0.0119706 -0.0339446 
11555 0.0132617 0.0469168 
11556 0.0758155 -0.198037 
11557 0.0771229 -0.116145 
11558 0.0793101 -0.0353734 
11559 0.0798478 0.044893 
