1120 -0.333224 -0.216187 
1121 -0.333641 -0.0167243 
1122 -0.33365 0.18317 
1123 -0.333285 0.383596 
1124 -0.166421 -0.217089 
1125 -0.167148 -0.01689 
1126 -0.166333 0.183701 
1127 -0.166278 0.383805 
1128 -7.38772e-05 -0.216951 
1129 -4.63354e-05 -0.0167265 
1130 0.000353685 0.183472 
1131 5.44723e-05 0.383133 
1132 0.167071 -0.216213 
1133 0.166544 -0.0166102 
1134 0.167026 0.182956 
1135 0.166968 0.383828 
1136 0.33373 -0.216641 
1137 0.333393 -0.0171411 
1138 0.333792 0.183115 
1139 0.332856 0.383132 
1140 -0.324864 -0.198955 
1141 -0.324857 -0.0133416 
1142 -0.32439 0.171733 
1143 -0.323424 0.357073 
1144 -0.170522 -0.198966 
1145 -0.169711 -0.0137845 
1146 -0.169361 0.170818 
1147 -0.168927 0.355643 
1148 -0.0156529 -0.199844 
1149 -0.0152146 -0.0145243 
1150 -0.0147933 0.170322 
1151 -0.0142892 0.355887 
1152 0.137856 -0.199914 
1153 0.138965 -0.0147231 
1154 0.139212 0.17033 
1155 0.138897 0.354832 
1156 0.292585 -0.199499 
1157 0.292224 -0.0152802 
1158 0.293062 0.169194 
1159 0.293023 0.354349 
1160 -0.318318 -0.18413 
1161 -0.317529 -0.0119821 
1162 -0.316375 0.160586 
1163 -0.315182 0.333262 
1164 -0.174055 -0.184536 
1165 -0.173045 -0.0123904 
1166 -0.171757 0.160475 
1167 -0.17091 0.331898 
1168 -0.0300187 -0.185152 
1169 -0.0293907 -0.0126594 
1170 -0.0283817 0.159405 
1171 -0.0273541 0.330938 
1172 0.113586 -0.185224 
1173 0.114477 -0.0132313 
1174 0.114322 0.158716 
1175 0.11538 0.329554 
1176 0.256375 -0.185493 
1177 0.257284 -0.0138393 
1178 0.258068 0.157966 
1179 0.258612 0.328885 
1180 -0.31272 -0.172558 
1181 -0.311285 -0.0102825 
1182 -0.309756 0.151219 
1183 -0.308435 0.312309 
1184 -0.177383 -0.172365 
1185 -0.176003 -0.0110175 
1186 -0.175256 0.150389 
1187 -0.173591 0.31067 
1188 -0.0429622 -0.173181 
1189 -0.0413844 -0.0125304 
1190 -0.0408935 0.148977 
1191 -0.0394985 0.309558 
1192 0.0914044 -0.173377 
1193 0.0918651 -0.0132059 
1194 0.0927446 0.148 
1195 0.0944443 0.307934 
1196 0.224529 -0.174186 
1197 0.225959 -0.0135448 
1198 0.226687 0.146231 
1199 0.227175 0.306398 
1200 -0.308361 -0.162463 
1201 -0.306425 -0.0101993 
1202 -0.304998 0.141709 
1203 -0.303106 0.293821 
1204 -0.181022 -0.163092 
1205 -0.179707 -0.0106991 
1206 -0.177624 0.140856 
1207 -0.177051 0.291376 
1208 -0.0542768 -0.163086 
1209 -0.052611 -0.0118562 
1210 -0.0516107 0.139554 
1211 -0.0506998 0.290087 
1212 0.0721011 -0.163378 
1213 0.0729027 -0.0125353 
1214 0.0738202 0.137725 
1215 0.0754545 0.288526 
1216 0.196907 -0.164818 
1217 0.198059 -0.014018 
1218 0.198631 0.136724 
1219 0.200312 0.286626 
1220 -0.304619 -0.152854 
1221 -0.302596 -0.00952157 
1222 -0.300474 0.133854 
1223 -0.299472 0.276466 
1224 -0.184214 -0.154081 
1225 -0.182497 -0.0107147 
1226 -0.180637 0.132132 
1227 -0.179062 0.274578 
1228 -0.0645501 -0.154348 
1229 -0.062948 -0.0116402 
1230 -0.0617723 0.130129 
1231 -0.0606388 0.272117 
1232 0.0536942 -0.155009 
1233 0.0553287 -0.0133598 
1234 0.0567057 0.128674 
1235 0.0582894 0.270838 
1236 0.172293 -0.155715 
1237 0.173539 -0.0142068 
1238 0.174264 0.127036 
1239 0.175315 0.268478 
1240 -0.301115 -0.145834 
1241 -0.299437 -0.00938395 
1242 -0.297658 0.125339 
1243 -0.295269 0.260531 
1244 -0.187786 -0.147121 
1245 -0.186211 -0.0112614 
1246 -0.184382 0.124384 
1247 -0.181736 0.258768 
1248 -0.0740813 -0.147515 
1249 -0.0724215 -0.0119969 
1250 -0.0715007 0.122171 
1251 -0.0694939 0.255871 
1252 0.0376885 -0.147882 
1253 0.0389213 -0.0135164 
1254 0.0403235 0.120268 
1255 0.0420144 0.25395 
1256 0.149468 -0.149395 
1257 0.150904 -0.014433 
1258 0.151664 0.11904 
1259 0.153252 0.251549 
1260 -0.298966 -0.13974 
1261 -0.297087 -0.0103472 
1262 -0.294775 0.117782 
1263 -0.292632 0.246008 
1264 -0.19102 -0.14029 
1265 -0.188459 -0.0121904 
1266 -0.187025 0.116666 
1267 -0.185094 0.243433 
1268 -0.0835713 -0.141413 
1269 -0.0812725 -0.0129431 
1270 -0.0797548 0.114514 
1271 -0.078349 0.24145 
1272 0.0235445 -0.142455 
1273 0.0249524 -0.0144609 
1274 0.0261753 0.11243 
1275 0.0282448 0.238999 
1276 0.128971 -0.143551 
1277 0.130608 -0.0157846 
1278 0.131274 0.110493 
1279 0.1328 0.236739 
1280 -0.297368 -0.13389 
1281 -0.295033 -0.0118739 
1282 -0.292531 0.110936 
1283 -0.290496 0.232996 
1284 -0.193796 -0.135353 
1285 -0.192542 -0.0127537 
1286 -0.189599 0.109098 
1287 -0.187499 0.23001 
1288 -0.0916554 -0.135746 
1289 -0.0899024 -0.0146565 
1290 -0.0885377 0.106908 
1291 -0.0864558 0.228119 
1292 0.00945183 -0.136882 
1293 0.010729 -0.0156826 
1294 0.0125384 0.105584 
1295 0.0141573 0.225496 
1296 0.110475 -0.137605 
1297 0.111541 -0.016834 
1298 0.113373 0.103349 
1299 0.114545 0.223191 
1300 -0.29603 -0.130035 
1301 -0.293176 -0.0125553 
1302 -0.291553 0.104149 
1303 -0.288432 0.220479 
1304 -0.197794 -0.130534 
1305 -0.195324 -0.013936 
1306 -0.1928 0.101735 
1307 -0.190835 0.217366 
1308 -0.100041 -0.131505 
1309 -0.0974653 -0.0156574 
1310 -0.0960826 0.0995196 
1311 -0.0938819 0.215507 
1312 -0.00288918 -0.132481 
1313 -0.00144981 -0.0176559 
1314 0.0002316 0.097603 
1315 0.00175032 0.212695 
1316 0.0927575 -0.133479 
1317 0.0943742 -0.0185798 
1318 0.096007 0.0961152 
1319 0.0977112 0.210466 
1320 -0.29538 -0.126247 
1321 -0.29289 -0.0142748 
1322 -0.290113 0.0972954 
1323 -0.287239 0.208058 
1324 -0.201079 -0.127185 
1325 -0.198839 -0.0156067 
1326 -0.195697 0.0953988 
1327 -0.193906 0.206211 
1328 -0.107254 -0.128134 
1329 -0.105064 -0.0173721 
1330 -0.103088 0.0931247 
1331 -0.101314 0.203639 
1332 -0.0144857 -0.129595 
1333 -0.0131872 -0.0187234 
1334 -0.0114556 0.0916871 
1335 -0.00968452 0.20085 
1336 0.0768556 -0.129976 
1337 0.0783298 -0.0200225 
1338 0.0800837 0.0891286 
1339 0.0813143 0.197733 
1340 -0.294848 -0.123635 
1341 -0.291348 -0.0155594 
1342 -0.28917 0.0910816 
1343 -0.286852 0.197584 
1344 -0.204081 -0.124647 
1345 -0.20178 -0.0176533 
1346 -0.198936 0.0884726 
1347 -0.196842 0.194846 
1348 -0.114567 -0.125172 
1349 -0.112748 -0.018722 
1350 -0.110272 0.0871579 
1351 -0.107771 0.192454 
1352 -0.0256472 -0.126498 
1353 -0.0241076 -0.0205071 
1354 -0.0221716 0.0843792 
1355 -0.0207351 0.189571 
1356 0.0620161 -0.127305 
1357 0.0636054 -0.0223388 
1358 0.0654612 0.0829676 
1359 0.0666472 0.186807 
1360 -0.29381 -0.120795 
1361 -0.291716 -0.0177977 
1362 -0.288328 0.0848059 
1363 -0.285916 0.186441 
1364 -0.207017 -0.121637 
1365 -0.204624 -0.0188569 
1366 -0.202915 0.0823601 
1367 -0.200532 0.184505 
1368 -0.121301 -0.123024 
1369 -0.119219 -0.0208578 
1370 -0.117131 0.080046 
1371 -0.11496 0.180991 
1372 -0.0362427 -0.123502 
1373 -0.0347022 -0.0228085 
1374 -0.0321113 0.0782469 
1375 -0.0301251 0.178379 
1376 0.0478543 -0.125142 
1377 0.0499033 -0.0238801 
1378 0.0512276 0.0766387 
1379 0.0523908 0.176337 
1380 -0.294304 -0.119337 
1381 -0.291137 -0.0200256 
1382 -0.28891 0.0791445 
1383 -0.285443 0.176401 
1384 -0.210827 -0.11973 
1385 -0.208156 -0.0214867 
1386 -0.205658 0.0769324 
1387 -0.202875 0.17362 
1388 -0.12816 -0.121147 
1389 -0.125569 -0.0231674 
1390 -0.123957 0.0747258 
1391 -0.120928 0.171801 
1392 -0.0463105 -0.121693 
1393 -0.0443928 -0.0243703 
1394 -0.042162 0.0726495 
1395 -0.0402086 0.168723 
1396 0.0348759 -0.122937 
1397 0.0362794 -0.0261145 
1398 0.0381179 0.0701771 
1399 0.0401652 0.166056 
1400 -0.294369 -0.117635 
1401 -0.291844 -0.0219927 
1402 -0.28837 0.0723626 
1403 -0.28618 0.167232 
1404 -0.213322 -0.118383 
1405 -0.211284 -0.0230762 
1406 -0.208767 0.0710606 
1407 -0.20605 0.164059 
1408 -0.134488 -0.119095 
1409 -0.132311 -0.0253405 
1410 -0.129591 0.0690776 
1411 -0.127472 0.161877 
1412 -0.0553326 -0.119982 
1413 -0.0529876 -0.0267712 
1414 -0.0517488 0.0669784 
1415 -0.0499197 0.159281 
1416 0.0226487 -0.121691 
1417 0.0237791 -0.0277474 
1418 0.0259772 0.0642026 
1419 0.0272354 0.157054 
1420 -0.294325 -0.116002 
1421 -0.292106 -0.0245024 
1422 -0.289227 0.0674265 
1423 -0.286231 0.157586 
1424 -0.21652 -0.11696 
1425 -0.213949 -0.0255115 
1426 -0.211843 0.0652891 
1427 -0.209817 0.155325 
1428 -0.140054 -0.118636 
1429 -0.138288 -0.0276865 
1430 -0.135927 0.062616 
1431 -0.133465 0.152316 
1432 -0.0637691 -0.119247 
1433 -0.0619331 -0.0283778 
1434 -0.0598186 0.0607576 
1435 -0.0587502 0.150451 
1436 0.0110623 -0.119935 
1437 0.0121749 -0.0299333 
1438 0.0145863 0.0585257 
1439 0.0162426 0.147578 
1440 -0.295402 -0.115093 
1441 -0.292482 -0.0262973 
1442 -0.289718 0.061254 
1443 -0.287287 0.149085 
1444 -0.219695 -0.116267 
1445 -0.21715 -0.0286698 
1446 -0.214862 0.0590805 
1447 -0.212719 0.146584 
1448 -0.145446 -0.117763 
1449 -0.143144 -0.0292964 
1450 -0.140972 0.0570941 
1451 -0.138893 0.144342 
1452 -0.0723722 -0.118398 
1453 -0.070614 -0.0309655 
1454 -0.0690735 0.0558886 
1455 -0.0671805 0.141869 
1456 0.000210416 -0.119137 
1457 0.00117811 -0.0324999 
1458 0.00342314 0.05312 
1459 0.00449613 0.13895 
1460 -0.296059 -0.114689 
1461 -0.293243 -0.0289405 
1462 -0.289905 0.0563903 
1463 -0.287192 0.140994 
1464 -0.223433 -0.116014 
1465 -0.221157 -0.0303541 
1466 -0.218571 0.054343 
1467 -0.215494 0.137857 
1468 -0.150978 -0.117179 
1469 -0.149473 -0.0323318 
1470 -0.146824 0.0523276 
1471 -0.144822 0.135511 
1472 -0.0809434 -0.11762 
1473 -0.0787754 -0.0335439 
1474 -0.077239 0.0500537 
1475 -0.0745255 0.133708 
1476 -0.0105118 -0.118883 
1477 -0.00855558 -0.0354229 
1478 -0.00702009 0.0480042 
1479 -0.00612365 0.13056 
1480 -0.296152 -0.115398 
1481 -0.293497 -0.0318222 
1482 -0.291176 0.0510328 
1483 -0.288749 0.132244 
1484 -0.225808 -0.115933 
1485 -0.223769 -0.0332646 
1486 -0.221462 0.0491376 
1487 -0.219218 0.130514 
1488 -0.157057 -0.116237 
1489 -0.155019 -0.0349973 
1490 -0.152972 0.046667 
1491 -0.150187 0.12764 
1492 -0.0885491 -0.117377 
1493 -0.0866787 -0.0362259 
1494 -0.0845498 0.0447956 
1495 -0.0824227 0.125037 
1496 -0.0206463 -0.118149 
1497 -0.0193157 -0.0374141 
1498 -0.0176123 0.0427101 
1499 -0.015428 0.122482 
1500 -0.297981 -0.115221 
1501 -0.295117 -0.034323 
1502 -0.2922 0.0451796 
1503 -0.289919 0.124563 
1504 -0.22938 -0.115339 
1505 -0.226844 -0.0362745 
1506 -0.224924 0.0438249 
1507 -0.222554 0.122358 
1508 -0.162431 -0.117066 
1509 -0.159746 -0.0372699 
1510 -0.158032 0.0411609 
1511 -0.155569 0.120139 
1512 -0.0953719 -0.117789 
1513 -0.093811 -0.0389772 
1514 -0.0918593 0.039717 
1515 -0.090396 0.117852 
1516 -0.0295631 -0.117744 
1517 -0.028398 -0.0393338 
1518 -0.0271899 0.0381355 
1519 -0.02575 0.115779 
