11220 -0.333684 -0.216593 
11221 -0.333053 -0.0164718 
11222 -0.333031 0.183288 
11223 -0.333368 0.383003 
11224 -0.166187 -0.216605 
11225 -0.167142 -0.0170743 
11226 -0.166703 0.183608 
11227 -0.166745 0.383101 
11228 9.49865e-05 -0.217078 
11229 0.000435533 -0.0169391 
11230 0.000369289 0.182884 
11231 0.000433877 0.383685 
11232 0.166412 -0.216335 
11233 0.166691 -0.0171518 
11234 0.167034 0.183183 
11235 0.166414 0.383106 
11236 0.333599 -0.216777 
11237 0.333473 -0.01662 
11238 0.332864 0.183017 
11239 0.333101 0.383273 
11240 -0.313169 -0.21107 
11241 -0.312627 -0.0247133 
11242 -0.31221 0.160781 
11243 -0.312112 0.346747 
11244 -0.157936 -0.211053 
11245 -0.157936 -0.0254174 
11246 -0.157121 0.160474 
11247 -0.156502 0.346447 
11248 -0.00309667 -0.211554 
11249 -0.00240732 -0.0254788 
11250 -0.00195578 0.159673 
11251 -0.00179536 0.34571 
11252 0.152098 -0.212208 
11253 0.15223 -0.0257051 
11254 0.152485 0.15923 
11255 0.152178 0.345618 
11256 0.306225 -0.212236 
11257 0.306612 -0.0262086 
11258 0.30653 0.159655 
11259 0.307211 0.344163 
11260 -0.297153 -0.207736 
11261 -0.295433 -0.0329977 
11262 -0.294699 0.140889 
11263 -0.293657 0.31505 
11264 -0.150985 -0.207065 
11265 -0.150289 -0.0338511 
11266 -0.149274 0.139992 
11267 -0.149141 0.313502 
11268 -0.0061145 -0.207723 
11269 -0.00564029 -0.034228 
11270 -0.00488462 0.139895 
11271 -0.00392032 0.312444 
11272 0.138425 -0.208419 
11273 0.13909 -0.0345988 
11274 0.139254 0.139164 
11275 0.139537 0.311416 
11276 0.282501 -0.208257 
11277 0.282495 -0.034793 
11278 0.283765 0.137545 
11279 0.284033 0.311176 
11280 -0.28216 -0.203922 
11281 -0.280734 -0.03998 
11282 -0.279469 0.123021 
11283 -0.278302 0.286552 
11284 -0.145223 -0.204628 
11285 -0.144839 -0.0413432 
11286 -0.14393 0.122205 
11287 -0.142442 0.285305 
11288 -0.00981825 -0.205185 
11289 -0.00886227 -0.0417154 
11290 -0.00791666 0.121219 
11291 -0.00706069 0.283043 
11292 0.126451 -0.205415 
11293 0.126788 -0.0424759 
11294 0.127369 0.120094 
11295 0.128791 0.282378 
11296 0.261163 -0.205576 
11297 0.261515 -0.0428215 
11298 0.262577 0.11898 
11299 0.263303 0.280397 
11300 -0.270244 -0.201569 
11301 -0.268876 -0.047571 
11302 -0.266677 0.106687 
11303 -0.265403 0.260572 
11304 -0.140507 -0.202718 
11305 -0.139763 -0.0480907 
11306 -0.138249 0.105783 
11307 -0.137547 0.259213 
11308 -0.0121209 -0.202459 
11309 -0.0112638 -0.048745 
11310 -0.0104141 0.10422 
11311 -0.00938033 0.257275 
11312 0.114828 -0.202666 
11313 0.115939 -0.0493305 
11314 0.117315 0.103143 
11315 0.118132 0.255819 
11316 0.241977 -0.203794 
11317 0.243014 -0.0501958 
11318 0.243629 0.102226 
11319 0.244121 0.25393 
11320 -0.25955 -0.200199 
11321 -0.257584 -0.0538714 
11322 -0.256324 0.0915049 
11323 -0.254423 0.23695 
11324 -0.137619 -0.200844 
11325 -0.135693 -0.0546959 
11326 -0.134611 0.0905565 
11327 -0.132731 0.235045 
11328 -0.0156167 -0.20067 
11329 -0.0147385 -0.0558026 
11330 -0.0133819 0.0889742 
11331 -0.0115613 0.23335 
11332 0.104542 -0.201666 
11333 0.106073 -0.056315 
11334 0.107432 0.087814 
11335 0.107646 0.231359 
11336 0.224761 -0.201899 
11337 0.225212 -0.0572924 
11338 0.226591 0.086162 
11339 0.227307 0.230238 
11340 -0.249752 -0.199269 
11341 -0.248375 -0.0605706 
11342 -0.246631 0.0785797 
11343 -0.244758 0.215526 
11344 -0.134609 -0.199074 
11345 -0.132455 -0.0612544 
11346 -0.131177 0.0763098 
11347 -0.129594 0.214289 
11348 -0.019284 -0.200397 
11349 -0.0172259 -0.0624601 
11350 -0.0159223 0.0754711 
11351 -0.0149572 0.211937 
11352 0.0956229 -0.200183 
11353 0.0965383 -0.0628829 
11354 0.0972125 0.0736531 
11355 0.0988625 0.210492 
11356 0.209341 -0.201271 
11357 0.209759 -0.0642391 
11358 0.210537 0.0726221 
11359 0.211726 0.20807 
11360 -0.241949 -0.198132 
11361 -0.239828 -0.066225 
11362 -0.238006 0.0650687 
11363 -0.236708 0.196439 
11364 -0.131558 -0.198978 
11365 -0.129698 -0.0673749 
11366 -0.12878 0.0641288 
11367 -0.127158 0.194393 
11368 -0.0217466 -0.199218 
11369 -0.0206245 -0.0684762 
11370 -0.0194838 0.0625777 
11371 -0.0174692 0.192443 
11372 0.0864584 -0.199361 
11373 0.0873663 -0.0689751 
11374 0.0887884 0.0606521 
11375 0.0901096 0.190637 
11376 0.194847 -0.19981 
11377 0.195381 -0.0698086 
11378 0.196218 0.0599813 
11379 0.197759 0.188629 
11380 -0.235448 -0.197403 
11381 -0.232869 -0.071877 
11382 -0.231394 0.0539798 
11383 -0.229385 0.178269 
11384 -0.129959 -0.19812 
11385 -0.128606 -0.0723787 
11386 -0.126688 0.052261 
11387 -0.125001 0.176513 
11388 -0.0253396 -0.198672 
11389 -0.0243435 -0.0734838 
11390 -0.0220069 0.050897 
11391 -0.0206686 0.1743 
11392 0.0782525 -0.199393 
11393 0.0792888 -0.0750911 
11394 0.0811248 0.0494737 
11395 0.0822642 0.172926 
11396 0.180727 -0.19939 
11397 0.182232 -0.0759261 
11398 0.182576 0.0473419 
11399 0.18412 0.169933 
11400 -0.229477 -0.197762 
11401 -0.226935 -0.0773118 
11402 -0.225667 0.0430699 
11403 -0.223062 0.162005 
11404 -0.128689 -0.198344 
11405 -0.126338 -0.0783755 
11406 -0.124867 0.0412713 
11407 -0.123359 0.159699 
11408 -0.0286713 -0.19908 
11409 -0.0274208 -0.0794999 
11410 -0.0250811 0.0401279 
11411 -0.0239808 0.157498 
11412 0.0702032 -0.199381 
11413 0.0715906 -0.0804182 
11414 0.07291 0.0380842 
11415 0.0739648 0.155552 
11416 0.168537 -0.199635 
11417 0.169051 -0.081329 
11418 0.169997 0.0367615 
11419 0.171729 0.153387 
11420 -0.223946 -0.198117 
11421 -0.22188 -0.0818579 
11422 -0.219902 0.0321807 
11423 -0.217453 0.14653 
11424 -0.127957 -0.198264 
11425 -0.125806 -0.0828653 
11426 -0.124183 0.0306418 
11427 -0.121964 0.1448 
11428 -0.0317823 -0.198931 
11429 -0.0307711 -0.0841597 
11430 -0.0289769 0.0297846 
11431 -0.0275481 0.142317 
11432 0.0631854 -0.199017 
11433 0.064162 -0.0857241 
11434 0.0656558 0.0278219 
11435 0.0665021 0.140121 
11436 0.156119 -0.199774 
11437 0.157523 -0.086681 
11438 0.15868 0.0265653 
11439 0.159373 0.138283 
11440 -0.22019 -0.198204 
11441 -0.217152 -0.0867185 
11442 -0.21549 0.0225335 
11443 -0.213311 0.132598 
11444 -0.12695 -0.198636 
11445 -0.125628 -0.0879319 
11446 -0.123041 0.0216329 
11447 -0.121447 0.129991 
11448 -0.0354886 -0.199265 
11449 -0.0335114 -0.0886947 
11450 -0.0320544 0.0200737 
11451 -0.0302936 0.128329 
11452 0.0558407 -0.199689 
11453 0.0565241 -0.0904681 
11454 0.0582522 0.0179977 
11455 0.0597474 0.1261 
11456 0.145552 -0.199312 
11457 0.146671 -0.0915103 
11458 0.147647 0.0173661 
11459 0.149136 0.124441 
11460 -0.21611 -0.198132 
11461 -0.213988 -0.0914141 
11462 -0.211108 0.0144662 
11463 -0.209244 0.119785 
11464 -0.126456 -0.198537 
11465 -0.125133 -0.0927369 
11466 -0.123378 0.012437 
11467 -0.120624 0.116818 
11468 -0.0385643 -0.198852 
11469 -0.0373467 -0.0939432 
11470 -0.0353551 0.0110135 
11471 -0.0336499 0.114782 
11472 0.0484139 -0.199139 
11473 0.0502979 -0.0950834 
11474 0.051483 0.00957949 
11475 0.0531553 0.113433 
11476 0.135096 -0.200307 
11477 0.135841 -0.0951261 
11478 0.137106 0.00845261 
11479 0.138143 0.111376 
11480 -0.212671 -0.199021 
11481 -0.210892 -0.095986 
11482 -0.208632 0.00582106 
11483 -0.206234 0.106791 
11484 -0.12709 -0.199761 
11485 -0.124805 -0.097575 
11486 -0.123108 0.00377882 
11487 -0.120616 0.104793 
11488 -0.0421656 -0.199586 
11489 -0.0401639 -0.0981614 
11490 -0.0384764 0.00225225 
11491 -0.0374769 0.102791 
11492 0.0423623 -0.20004 
11493 0.0430722 -0.0993223 
11494 0.0450291 0.001475 
11495 0.0463418 0.100764 
11496 0.124658 -0.199991 
11497 0.125887 -0.100249 
11498 0.127016 -0.000614307 
11499 0.128194 0.0990143 
11500 -0.209479 -0.199328 
11501 -0.208059 -0.100442 
11502 -0.205054 -0.00246708 
11503 -0.203329 0.0952023 
11504 -0.127232 -0.200244 
11505 -0.125483 -0.101259 
11506 -0.123547 -0.00409023 
11507 -0.121709 0.09344 
11508 -0.0456552 -0.199998 
11509 -0.0440379 -0.101987 
11510 -0.0424047 -0.00500443 
11511 -0.0404974 0.0918263 
11512 0.0358578 -0.200239 
11513 0.0367139 -0.103543 
11514 0.0385501 -0.00630772 
11515 0.0392583 0.0895404 
11516 0.115334 -0.200401 
11517 0.116865 -0.104121 
11518 0.117983 -0.00764732 
11519 0.118587 0.08726 
11520 -0.2077 -0.200563 
11521 -0.205366 -0.104878 
11522 -0.203277 -0.0095376 
11523 -0.201452 0.0844546 
11524 -0.127463 -0.200189 
11525 -0.125747 -0.105821 
11526 -0.124235 -0.0107859 
11527 -0.122414 0.0825965 
11528 -0.0486315 -0.200714 
11529 -0.0474348 -0.106647 
11530 -0.0454658 -0.0119969 
11531 -0.0439793 0.0810984 
11532 0.029072 -0.200703 
11533 0.0310057 -0.106909 
11534 0.0316775 -0.01346 
11535 0.0330114 0.0791572 
11536 0.106151 -0.201561 
11537 0.107897 -0.107873 
11538 0.10854 -0.014688 
11539 0.109354 0.0769211 
11540 -0.206011 -0.200955 
11541 -0.203121 -0.108847 
11542 -0.201136 -0.0173344 
11543 -0.199299 0.0739621 
11544 -0.128438 -0.201507 
11545 -0.126385 -0.109019 
11546 -0.124488 -0.0184974 
11547 -0.12285 0.0721294 
11548 -0.0514302 -0.200834 
11549 -0.0501552 -0.109833 
11550 -0.04902 -0.0193457 
11551 -0.0476034 0.0703985 
11552 0.0230894 -0.20107 
11553 0.0249815 -0.110537 
11554 0.0258333 -0.0210276 
11555 0.0268997 0.0683777 
11556 0.0976643 -0.201582 
11557 0.0990703 -0.111046 
11558 0.0998151 -0.0221113 
11559 0.101164 0.0671009 
11560 -0.204001 -0.201413 
11561 -0.202291 -0.112457 
11562 -0.200057 -0.0235227 
11563 -0.198206 0.0646846 
11564 -0.128699 -0.202272 
11565 -0.127049 -0.11261 
11566 -0.12518 -0.0241976 
11567 -0.123393 0.0631373 
11568 -0.0550176 -0.201462 
11569 -0.0536054 -0.113815 
11570 -0.0520626 -0.0262562 
11571 -0.0508955 0.0613959 
11572 0.0173462 -0.201601 
11573 0.0184454 -0.114422 
11574 0.02002 -0.0266564 
11575 0.02082 0.0592774 
11576 0.0898646 -0.201497 
11577 0.0905614 -0.114956 
11578 0.0919587 -0.0279074 
11579 0.0926216 0.0580639 
11580 -0.203087 -0.202708 
11581 -0.200522 -0.115789 
11582 -0.19845 -0.0295295 
11583 -0.19682 0.0551203 
11584 -0.129652 -0.202499 
11585 -0.128859 -0.116855 
11586 -0.12662 -0.0312198 
11587 -0.124667 0.0534671 
11588 -0.0584076 -0.202253 
11589 -0.057191 -0.117319 
11590 -0.0560766 -0.0322283 
11591 -0.0546883 0.0518802 
11592 0.0119463 -0.20256 
11593 0.0128589 -0.117291 
11594 0.0140364 -0.0333755 
11595 0.015024 0.0508674 
11596 0.0820275 -0.202631 
11597 0.0831581 -0.118153 
11598 0.0832294 -0.034554 
11599 0.0842606 0.0490897 
11600 -0.20212 -0.203672 
11601 -0.200017 -0.118953 
11602 -0.197402 -0.036116 
11603 -0.196016 0.0472907 
11604 -0.131547 -0.20305 
11605 -0.129853 -0.119672 
11606 -0.12817 -0.0364693 
11607 -0.126477 0.0459061 
11608 -0.0624206 -0.202927 
11609 -0.0601804 -0.120139 
11610 -0.0590776 -0.0377704 
11611 -0.0577719 0.0441127 
11612 0.00671341 -0.203173 
11613 0.0071351 -0.120204 
11614 0.00908862 -0.0384005 
11615 0.00974297 0.0424622 
11616 0.0746242 -0.203214 
11617 0.0753559 -0.121245 
11618 0.0754869 -0.0391771 
11619 0.0761234 0.0405852 
