11400 -0.333694 -0.216412 
11401 -0.332958 -0.0166378 
11402 -0.333362 0.183756 
11403 -0.333459 0.383195 
11404 -0.167075 -0.216841 
11405 -0.166939 -0.0171211 
11406 -0.166441 0.183147 
11407 -0.166319 0.383602 
11408 0.000161153 -0.216197 
11409 -0.000303913 -0.016832 
11410 0.000194987 0.183242 
11411 -0.000392577 0.382867 
11412 0.166248 -0.216466 
11413 0.166955 -0.0161769 
11414 0.166617 0.183223 
11415 0.166972 0.382891 
11416 0.333681 -0.216568 
11417 0.333679 -0.0162732 
11418 0.333386 0.183312 
11419 0.333112 0.383468 
11420 -0.314622 -0.213922 
11421 -0.314589 -0.0282427 
11422 -0.313861 0.158058 
11423 -0.313808 0.344035 
11424 -0.159206 -0.213664 
11425 -0.158626 -0.0282691 
11426 -0.158769 0.158421 
11427 -0.158379 0.343641 
11428 -0.00396097 -0.214229 
11429 -0.00356613 -0.0280241 
11430 -0.00375113 0.157607 
11431 -0.00328562 0.343566 
11432 0.151255 -0.213787 
11433 0.151333 -0.0277596 
11434 0.151201 0.157407 
11435 0.151237 0.342601 
11436 0.3051 -0.214201 
11437 0.305241 -0.0282988 
11438 0.305991 0.157046 
11439 0.305217 0.34306 
11440 -0.298385 -0.212215 
11441 -0.297779 -0.0373277 
11442 -0.296894 0.136733 
11443 -0.296671 0.309538 
11444 -0.15261 -0.212026 
11445 -0.152913 -0.0376856 
11446 -0.151917 0.135503 
11447 -0.151459 0.309301 
11448 -0.00765999 -0.212356 
11449 -0.00707827 -0.0385229 
11450 -0.00720383 0.135607 
11451 -0.00681901 0.30819 
11452 0.137347 -0.211417 
11453 0.136585 -0.03782 
11454 0.13739 0.135152 
11455 0.137421 0.307753 
11456 0.281501 -0.211575 
11457 0.280997 -0.0385701 
11458 0.280629 0.134364 
11459 0.2807 0.307067 
11460 -0.284306 -0.211157 
11461 -0.283567 -0.0469635 
11462 -0.283124 0.116646 
11463 -0.282709 0.280157 
11464 -0.148117 -0.210895 
11465 -0.147694 -0.0465205 
11466 -0.146294 0.115776 
11467 -0.145901 0.2792 
11468 -0.0116763 -0.210777 
11469 -0.0116482 -0.0471956 
11470 -0.0106656 0.115594 
11471 -0.0107131 0.278226 
11472 0.123647 -0.210168 
11473 0.124068 -0.0469882 
11474 0.124862 0.114895 
11475 0.12471 0.276657 
11476 0.259117 -0.2104 
11477 0.259317 -0.0476131 
11478 0.258858 0.114967 
11479 0.2597 0.276504 
11480 -0.273397 -0.20956 
11481 -0.271651 -0.0552386 
11482 -0.271503 0.0994173 
11483 -0.270339 0.252644 
11484 -0.143528 -0.209087 
11485 -0.142808 -0.0556498 
11486 -0.142764 0.0980234 
11487 -0.141399 0.25215 
11488 -0.0151686 -0.209337 
11489 -0.0149266 -0.0550806 
11490 -0.0145987 0.0980627 
11491 -0.0136304 0.250629 
11492 0.112236 -0.20858 
11493 0.112759 -0.0558652 
11494 0.112507 0.0976755 
11495 0.11337 0.249618 
11496 0.239146 -0.208832 
11497 0.2401 -0.0559626 
11498 0.239188 0.0964227 
11499 0.239441 0.248247 
11500 -0.262807 -0.20923 
11501 -0.261835 -0.061989 
11502 -0.261265 0.0830015 
11503 -0.260216 0.228718 
11504 -0.140755 -0.208121 
11505 -0.14004 -0.0623254 
11506 -0.139289 0.0829885 
11507 -0.138535 0.227474 
11508 -0.0186921 -0.208453 
11509 -0.0189937 -0.0624005 
11510 -0.0180524 0.0820378 
11511 -0.0178706 0.225939 
11512 0.102067 -0.207836 
11513 0.102384 -0.0635486 
11514 0.101798 0.0816197 
11515 0.102461 0.225327 
11516 0.221857 -0.207917 
11517 0.221324 -0.0628683 
11518 0.222121 0.0805067 
11519 0.221209 0.2238 
11520 -0.254461 -0.208199 
11521 -0.253324 -0.0698584 
11522 -0.252191 0.0688411 
11523 -0.251077 0.207006 
11524 -0.138134 -0.207863 
11525 -0.137513 -0.0697351 
11526 -0.136348 0.0684239 
11527 -0.136214 0.205289 
11528 -0.0222892 -0.208032 
11529 -0.021858 -0.0696865 
11530 -0.0222407 0.0676952 
11531 -0.0212969 0.20464 
11532 0.0920969 -0.207498 
11533 0.0918399 -0.0699647 
11534 0.0926746 0.066678 
11535 0.0928244 0.203331 
11536 0.205777 -0.206748 
11537 0.205097 -0.0700568 
11538 0.205782 0.066421 
11539 0.205655 0.202504 
11540 -0.24664 -0.208372 
11541 -0.245463 -0.0759876 
11542 -0.244549 0.0557616 
11543 -0.243522 0.18683 
11544 -0.136112 -0.207542 
11545 -0.134975 -0.0754974 
11546 -0.134178 0.0557188 
11547 -0.133509 0.18569 
11548 -0.0261798 -0.207384 
11549 -0.0257085 -0.0758081 
11550 -0.0258557 0.0550233 
11551 -0.0254277 0.184759 
11552 0.0829156 -0.20645 
11553 0.0831283 -0.0760022 
11554 0.0824442 0.0537095 
11555 0.0831464 0.183735 
11556 0.190092 -0.205814 
11557 0.190153 -0.0760548 
11558 0.19024 0.0537772 
11559 0.19048 0.182115 
11560 -0.240185 -0.207425 
11561 -0.238931 -0.0816751 
11562 -0.237913 0.0440398 
11563 -0.23739 0.169003 
11564 -0.134318 -0.206805 
11565 -0.134055 -0.0813326 
11566 -0.132727 0.0433303 
11567 -0.132912 0.167435 
11568 -0.0295981 -0.206836 
11569 -0.0293517 -0.0815321 
11570 -0.0291623 0.0432927 
11571 -0.0282409 0.16631 
11572 0.0738174 -0.206228 
11573 0.0742417 -0.0814207 
11574 0.0739674 0.0422936 
11575 0.0738874 0.16538 
11576 0.176251 -0.205338 
11577 0.176117 -0.0820462 
11578 0.1759 0.0421256 
11579 0.176366 0.164493 
11580 -0.234333 -0.207544 
11581 -0.233532 -0.0872313 
11582 -0.232232 0.0333338 
11583 -0.231948 0.152716 
11584 -0.133837 -0.206926 
11585 -0.132574 -0.0866798 
11586 -0.132622 0.0321732 
11587 -0.131087 0.151132 
11588 -0.0340728 -0.206291 
11589 -0.0334754 -0.0866354 
11590 -0.0324436 0.0322971 
11591 -0.0320753 0.150724 
11592 0.0650581 -0.205882 
11593 0.0653901 -0.0867309 
11594 0.066118 0.0314625 
11595 0.065487 0.149171 
11596 0.163302 -0.205512 
11597 0.163791 -0.0867162 
11598 0.16339 0.0309197 
11599 0.16262 0.148626 
11600 -0.229281 -0.207911 
11601 -0.229074 -0.0915714 
11602 -0.227839 0.0229391 
11603 -0.226602 0.137606 
11604 -0.133268 -0.206711 
11605 -0.131837 -0.091473 
11606 -0.131634 0.0231211 
11607 -0.131538 0.136702 
11608 -0.0376253 -0.206469 
11609 -0.0371264 -0.0917865 
11610 -0.0368521 0.0223671 
11611 -0.0360686 0.134986 
11612 0.0571634 -0.205219 
11613 0.0574987 -0.0910883 
11614 0.0580361 0.0219187 
11615 0.0581945 0.134844 
11616 0.151783 -0.205091 
11617 0.151672 -0.0912739 
11618 0.150705 0.0218039 
11619 0.151171 0.13342 
11620 -0.225727 -0.207623 
11621 -0.224641 -0.0964279 
11622 -0.224122 0.0141194 
11623 -0.223047 0.122927 
11624 -0.132843 -0.206983 
11625 -0.131915 -0.0963549 
11626 -0.131596 0.0131733 
11627 -0.130465 0.12211 
11628 -0.0408831 -0.205448 
11629 -0.0406303 -0.0962175 
11630 -0.0404867 0.0135025 
11631 -0.0399511 0.121159 
11632 0.0502732 -0.205301 
11633 0.0503448 -0.0957477 
11634 0.0505396 0.0133273 
11635 0.0496907 0.121189 
11636 0.139652 -0.20471 
11637 0.140303 -0.0950121 
11638 0.139894 0.0122223 
11639 0.139331 0.120348 
11640 -0.221715 -0.207749 
11641 -0.221123 -0.100451 
11642 -0.219853 0.00527885 
11643 -0.219604 0.110209 
11644 -0.132742 -0.206276 
11645 -0.13253 -0.10063 
11646 -0.132093 0.00540995 
11647 -0.130752 0.109721 
11648 -0.0439924 -0.205907 
11649 -0.0446033 -0.0997382 
11650 -0.0441269 0.0049389 
11651 -0.0439903 0.109132 
11652 0.0428694 -0.205053 
11653 0.0424371 -0.0998396 
11654 0.0424943 0.00421778 
11655 0.0425032 0.107902 
11656 0.129261 -0.204209 
11657 0.128943 -0.0989135 
11658 0.128142 0.0040678 
11659 0.128366 0.107086 
11660 -0.218899 -0.207572 
11661 -0.217923 -0.10468 
11662 -0.217531 -0.00227085 
11663 -0.216283 0.0989608 
11664 -0.133172 -0.20649 
11665 -0.13249 -0.104474 
11666 -0.131994 -0.00305439 
11667 -0.131462 0.0982099 
11668 -0.0476511 -0.205201 
11669 -0.0481832 -0.103391 
11670 -0.0475569 -0.00246582 
11671 -0.0474103 0.0977702 
11672 0.0365208 -0.204123 
11673 0.0356606 -0.102881 
11674 0.0353591 -0.00267937 
11675 0.0356475 0.0964723 
11676 0.118764 -0.203391 
11677 0.118766 -0.102915 
11678 0.118001 -0.00279331 
11679 0.118183 0.0958446 
11680 -0.216323 -0.207193 
11681 -0.215979 -0.108301 
11682 -0.21502 -0.0101226 
11683 -0.214565 0.0880563 
11684 -0.133072 -0.20594 
11685 -0.132793 -0.107791 
11686 -0.132866 -0.00929711 
11687 -0.132858 0.0873864 
11688 -0.0517419 -0.204709 
11689 -0.0513365 -0.106837 
11690 -0.051613 -0.00937371 
11691 -0.0516512 0.0867846 
11692 0.0291868 -0.203532 
11693 0.0294712 -0.106845 
11694 0.0291229 -0.00934495 
11695 0.0288624 0.0865673 
11696 0.109072 -0.202589 
11697 0.108908 -0.10567 
11698 0.108456 -0.00964249 
11699 0.108255 0.0854357 
11700 -0.213728 -0.207523 
11701 -0.213567 -0.111156 
11702 -0.212908 -0.0159414 
11703 -0.212147 0.0780043 
11704 -0.133981 -0.206292 
11705 -0.133899 -0.110967 
11706 -0.133452 -0.0162169 
11707 -0.133611 0.0775744 
11708 -0.0547181 -0.204557 
11709 -0.0548548 -0.109887 
11710 -0.0551536 -0.0160862 
11711 -0.0548395 0.0770911 
11712 0.0234369 -0.203028 
11713 0.0226689 -0.109627 
11714 0.0223546 -0.0157075 
11715 0.0218584 0.0762437 
11716 0.0999607 -0.201824 
11717 0.0998711 -0.108888 
11718 0.0992611 -0.0162965 
11719 0.0987268 0.075679 
11720 -0.212405 -0.20678 
11721 -0.211605 -0.114654 
11722 -0.21195 -0.0229955 
11723 -0.211486 0.068121 
11724 -0.134816 -0.205126 
11725 -0.135169 -0.1131 
11726 -0.134757 -0.0224092 
11727 -0.134432 0.0683782 
11728 -0.0582031 -0.204632 
11729 -0.0589262 -0.11305 
11730 -0.0593593 -0.0221105 
11731 -0.0592617 0.0675649 
11732 0.0168378 -0.202637 
11733 0.0161665 -0.112407 
11734 0.0160504 -0.0223783 
11735 0.0159381 0.0670133 
11736 0.0912945 -0.201122 
11737 0.0908514 -0.111766 
11738 0.0900919 -0.0222719 
11739 0.0894475 0.0665982 
11740 -0.21106 -0.206969 
11741 -0.210796 -0.116625 
11742 -0.210382 -0.0284713 
11743 -0.209557 0.0600143 
11744 -0.136429 -0.20518 
11745 -0.135889 -0.116041 
11746 -0.136359 -0.0279563 
11747 -0.136338 0.0597588 
11748 -0.062103 -0.204025 
11749 -0.0624538 -0.114876 
11750 -0.0622375 -0.027583 
11751 -0.0626083 0.0590261 
11752 0.0112483 -0.201835 
11753 0.0102889 -0.114624 
11754 0.0100096 -0.0275516 
11755 0.0094371 0.0593342 
11756 0.0833296 -0.200465 
11757 0.0820381 -0.113142 
11758 0.0813281 -0.0275244 
11759 0.0807015 0.0593439 
11760 -0.210285 -0.206385 
11761 -0.209459 -0.11939 
11762 -0.209357 -0.0338636 
11763 -0.209353 0.0521061 
11764 -0.137604 -0.204842 
11765 -0.137262 -0.118179 
11766 -0.137781 -0.0332322 
11767 -0.137664 0.0519062 
11768 -0.066255 -0.203046 
11769 -0.0662531 -0.11712 
11770 -0.0666564 -0.032825 
11771 -0.0666896 0.051268 
11772 0.00455597 -0.201148 
11773 0.00426831 -0.116157 
11774 0.00385383 -0.0318846 
11775 0.00283048 0.0517635 
11776 0.0742529 -0.200367 
11777 0.0735332 -0.115925 
11778 0.0730789 -0.0317224 
11779 0.0721534 0.0508641 
11780 -0.209476 -0.205652 
11781 -0.208981 -0.121597 
11782 -0.208571 -0.0385015 
11783 -0.209241 0.0443867 
11784 -0.139123 -0.204132 
11785 -0.138586 -0.120132 
11786 -0.139009 -0.037777 
11787 -0.139501 0.0447237 
11788 -0.0698388 -0.203012 
11789 -0.0694517 -0.119246 
11790 -0.0701678 -0.0371481 
11791 -0.0709567 0.0439842 
11792 -0.00115402 -0.200863 
11793 -0.00120774 -0.118659 
11794 -0.00229697 -0.0370667 
11795 -0.00319594 0.044766 
11796 0.0670563 -0.199606 
11797 0.0655169 -0.117845 
11798 0.0648414 -0.0364444 
11799 0.0641379 0.0440773 
