11500 -0.333793 -0.216612 
11501 -0.33354 -0.0169167 
11502 -0.333504 0.183118 
11503 -0.333282 0.383464 
11504 -0.167075 -0.21668 
11505 -0.167108 -0.0167178 
11506 -0.166388 0.183327 
11507 -0.166289 0.38328 
11508 -0.000341959 -0.216667 
11509 0.000419891 -0.0169322 
11510 0.000310597 0.182966 
11511 -0.000226505 0.383213 
11512 0.166882 -0.216241 
11513 0.16688 -0.0162721 
11514 0.166564 0.182935 
11515 0.16693 0.383806 
11516 0.333742 -0.216897 
11517 0.333833 -0.0167499 
11518 0.332909 0.183588 
11519 0.333454 0.382995 
11520 -0.314684 -0.214906 
11521 -0.315084 -0.0277086 
11522 -0.314946 0.158102 
11523 -0.314593 0.34433 
11524 -0.159588 -0.214299 
11525 -0.159569 -0.0277373 
11526 -0.159807 0.157453 
11527 -0.158918 0.343096 
11528 -0.00412883 -0.213861 
11529 -0.00431158 -0.0283547 
11530 -0.00415908 0.157871 
11531 -0.00419714 0.343721 
11532 0.150452 -0.214457 
11533 0.150861 -0.0279226 
11534 0.149848 0.157656 
11535 0.150365 0.343165 
11536 0.305433 -0.213593 
11537 0.304611 -0.0286731 
11538 0.304349 0.157735 
11539 0.304284 0.342358 
11540 -0.299157 -0.212173 
11541 -0.298813 -0.0379123 
11542 -0.298835 0.135784 
11543 -0.297914 0.30939 
11544 -0.154146 -0.211893 
11545 -0.154071 -0.0381472 
11546 -0.153659 0.135099 
11547 -0.153059 0.309091 
11548 -0.00860433 -0.212456 
11549 -0.00914969 -0.0386485 
11550 -0.00918611 0.135629 
11551 -0.00814325 0.30812 
11552 0.135965 -0.211471 
11553 0.13528 -0.0382501 
11554 0.135267 0.134833 
11555 0.135549 0.30806 
11556 0.279652 -0.211695 
11557 0.280283 -0.037842 
11558 0.279451 0.134852 
11559 0.279622 0.307608 
11560 -0.286133 -0.211305 
11561 -0.28589 -0.0472934 
11562 -0.285554 0.116007 
11563 -0.284634 0.279541 
11564 -0.149374 -0.210743 
11565 -0.149435 -0.0476083 
11566 -0.148587 0.116131 
11567 -0.148639 0.278246 
11568 -0.0131057 -0.21032 
11569 -0.0126869 -0.0472829 
11570 -0.0129263 0.115215 
11571 -0.0126522 0.278119 
11572 0.122422 -0.210357 
11573 0.122537 -0.0468403 
11574 0.121995 0.115021 
11575 0.122398 0.277625 
11576 0.258194 -0.21002 
11577 0.256993 -0.0466187 
11578 0.257575 0.115023 
11579 0.256829 0.27663 
11580 -0.274464 -0.209542 
11581 -0.27376 -0.0552485 
11582 -0.274114 0.0983817 
11583 -0.272981 0.252308 
11584 -0.145584 -0.209033 
11585 -0.145436 -0.0548291 
11586 -0.14541 0.0985788 
11587 -0.144893 0.251286 
11588 -0.0168338 -0.208841 
11589 -0.0173327 -0.0548088 
11590 -0.0174202 0.0982559 
11591 -0.0175421 0.251053 
11592 0.110676 -0.208632 
11593 0.110809 -0.0550506 
11594 0.110658 0.0975459 
11595 0.109712 0.250257 
11596 0.237986 -0.208025 
11597 0.237348 -0.0550921 
11598 0.236823 0.097714 
11599 0.236978 0.249712 
11600 -0.26514 -0.209093 
11601 -0.264413 -0.062573 
11602 -0.263899 0.0830266 
11603 -0.263726 0.228714 
11604 -0.142893 -0.208023 
11605 -0.142569 -0.0620649 
11606 -0.141799 0.083192 
11607 -0.141869 0.22771 
11608 -0.0209222 -0.207749 
11609 -0.0213606 -0.0620134 
11610 -0.021023 0.082284 
11611 -0.0210452 0.226528 
11612 0.0993352 -0.207226 
11613 0.0997225 -0.0618083 
11614 0.0986331 0.0826214 
11615 0.0985892 0.226045 
11616 0.220033 -0.2064 
11617 0.218946 -0.0618402 
11618 0.218236 0.0819014 
11619 0.217996 0.22576 
11620 -0.256327 -0.207754 
11621 -0.25573 -0.0696522 
11622 -0.255413 0.0686781 
11623 -0.255334 0.206764 
11624 -0.140249 -0.206824 
11625 -0.140687 -0.0687893 
11626 -0.139788 0.0686746 
11627 -0.140024 0.20588 
11628 -0.0250841 -0.206431 
11629 -0.0254687 -0.0682201 
11630 -0.025056 0.0688137 
11631 -0.025071 0.205503 
11632 0.0897041 -0.205567 
11633 0.0891528 -0.0678263 
11634 0.0887581 0.0690388 
11635 0.0878235 0.204742 
11636 0.203089 -0.205335 
11637 0.202336 -0.0681832 
11638 0.202257 0.0688813 
11639 0.201155 0.204624 
11640 -0.248865 -0.207218 
11641 -0.249087 -0.0751634 
11642 -0.248792 0.0562928 
11643 -0.248431 0.187357 
11644 -0.139042 -0.206332 
11645 -0.138802 -0.0750115 
11646 -0.138518 0.0562602 
11647 -0.138214 0.187238 
11648 -0.0286891 -0.205711 
11649 -0.0288892 -0.0742494 
11650 -0.0292091 0.0564504 
11651 -0.0299093 0.186147 
11652 0.0801558 -0.204068 
11653 0.0795111 -0.0733579 
11654 0.0793293 0.0564271 
11655 0.0783403 0.185567 
11656 0.187243 -0.203739 
11657 0.186941 -0.073887 
11658 0.185807 0.0556717 
11659 0.185923 0.18469 
11660 -0.242859 -0.206804 
11661 -0.242624 -0.0800793 
11662 -0.242043 0.0452902 
11663 -0.241732 0.169694 
11664 -0.137705 -0.205483 
11665 -0.13738 -0.0796036 
11666 -0.137057 0.0447199 
11667 -0.137832 0.169591 
11668 -0.0331508 -0.204654 
11669 -0.0330427 -0.0793701 
11670 -0.033099 0.0450883 
11671 -0.033551 0.16912 
11672 0.0709056 -0.203264 
11673 0.0704007 -0.0786347 
11674 0.0695367 0.0452667 
11675 0.0694592 0.168151 
11676 0.173633 -0.202776 
11677 0.173057 -0.0780733 
11678 0.1717 0.0451508 
11679 0.170986 0.16767 
11680 -0.237544 -0.206202 
11681 -0.237779 -0.085577 
11682 -0.236757 0.0343112 
11683 -0.236821 0.153804 
11684 -0.13659 -0.205113 
11685 -0.136298 -0.0850101 
11686 -0.136656 0.0342613 
11687 -0.137205 0.15362 
11688 -0.0370575 -0.203945 
11689 -0.0374978 -0.0841267 
11690 -0.0375691 0.0345683 
11691 -0.0376311 0.153076 
11692 0.061956 -0.202118 
11693 0.0616476 -0.083703 
11694 0.0605036 0.0350952 
11695 0.0603597 0.152922 
11696 0.160809 -0.200725 
11697 0.15894 -0.0828462 
11698 0.158896 0.0352954 
11699 0.157289 0.152457 
11700 -0.233065 -0.205056 
11701 -0.232805 -0.0891669 
11702 -0.232768 0.0255749 
11703 -0.232253 0.139473 
11704 -0.136345 -0.203601 
11705 -0.136191 -0.0890158 
11706 -0.136629 0.0252575 
11707 -0.136682 0.139225 
11708 -0.0405188 -0.202357 
11709 -0.0414079 -0.0882751 
11710 -0.0415716 0.0260929 
11711 -0.0414973 0.138787 
11712 0.0539348 -0.201237 
11713 0.0529321 -0.086872 
11714 0.0526009 0.0254347 
11715 0.0522781 0.137879 
11716 0.147685 -0.199573 
11717 0.146547 -0.0860755 
11718 0.146453 0.0264148 
11719 0.145234 0.138465 
11720 -0.229012 -0.204515 
11721 -0.228929 -0.0931715 
11722 -0.228896 0.0166095 
11723 -0.22883 0.126645 
11724 -0.135931 -0.203443 
11725 -0.136197 -0.0926359 
11726 -0.136491 0.0174907 
11727 -0.136565 0.125904 
11728 -0.0444826 -0.201827 
11729 -0.0449433 -0.0916276 
11730 -0.0455831 0.0173622 
11731 -0.0457872 0.126112 
11732 0.0469288 -0.200407 
11733 0.0454961 -0.0910349 
11734 0.0452616 0.0178427 
11735 0.0435713 0.125711 
11736 0.136029 -0.198784 
11737 0.135607 -0.0895542 
11738 0.134159 0.0175294 
11739 0.132672 0.125612 
11740 -0.225271 -0.203416 
11741 -0.2261 -0.0971692 
11742 -0.226093 0.00911249 
11743 -0.225479 0.114365 
11744 -0.136467 -0.202189 
11745 -0.136523 -0.0959245 
11746 -0.136854 0.00929135 
11747 -0.137906 0.1139 
11748 -0.048076 -0.200576 
11749 -0.0490313 -0.0949253 
11750 -0.049699 0.00957713 
11751 -0.0497003 0.113387 
11752 0.0388383 -0.199053 
11753 0.0378004 -0.0941732 
11754 0.0376449 0.0102666 
11755 0.0367574 0.113764 
11756 0.125379 -0.197499 
11757 0.12465 -0.0933513 
11758 0.12317 0.0108545 
11759 0.121523 0.114068 
11760 -0.223304 -0.203142 
11761 -0.222654 -0.100038 
11762 -0.222799 0.00213707 
11763 -0.223657 0.102762 
11764 -0.137419 -0.200837 
11765 -0.136977 -0.0989723 
11766 -0.137439 0.00221524 
11767 -0.138468 0.103187 
11768 -0.0517695 -0.199712 
11769 -0.0523268 -0.0981541 
11770 -0.053759 0.00261923 
11771 -0.0546839 0.102698 
11772 0.0316818 -0.197999 
11773 0.0312659 -0.0964668 
11774 0.0297451 0.00343234 
11775 0.0291312 0.102975 
11776 0.114742 -0.196273 
11777 0.113425 -0.0956639 
11778 0.112597 0.00426134 
11779 0.110877 0.102677 
11780 -0.220418 -0.202272 
11781 -0.221171 -0.102755 
11782 -0.221373 -0.00468457 
11783 -0.220838 0.0930108 
11784 -0.137268 -0.199782 
11785 -0.138573 -0.101403 
11786 -0.139017 -0.00368424 
11787 -0.13904 0.0926794 
11788 -0.0552547 -0.198231 
11789 -0.0562296 -0.100142 
11790 -0.0572747 -0.00319413 
11791 -0.0587008 0.0927917 
11792 0.0248652 -0.196334 
11793 0.0238973 -0.0992695 
11794 0.0231185 -0.00297962 
11795 0.0216507 0.0927915 
11796 0.105136 -0.194751 
11797 0.103672 -0.0983245 
11798 0.102706 -0.00198144 
11799 0.101299 0.092944 
11800 -0.218224 -0.20087 
11801 -0.218959 -0.105085 
11802 -0.219218 -0.0109305 
11803 -0.220014 0.0832977 
11804 -0.138017 -0.198842 
11805 -0.13954 -0.103615 
11806 -0.139952 -0.0101283 
11807 -0.140135 0.0833584 
11808 -0.0596908 -0.197401 
11809 -0.0606071 -0.102588 
11810 -0.0609857 -0.00894935 
11811 -0.0621326 0.0843965 
11812 0.0181104 -0.195125 
11813 0.0169227 -0.101338 
11814 0.0157281 -0.00846268 
11815 0.0150595 0.0845588 
11816 0.0958783 -0.193602 
11817 0.0946564 -0.100335 
11818 0.0926071 -0.0078548 
11819 0.0910043 0.084899 
11820 -0.217073 -0.200233 
11821 -0.217671 -0.10771 
11822 -0.218226 -0.015584 
11823 -0.218161 0.0747308 
11824 -0.139531 -0.197471 
11825 -0.140634 -0.105994 
11826 -0.1413 -0.015318 
11827 -0.142096 0.0753942 
11828 -0.0629073 -0.195692 
11829 -0.064563 -0.104301 
11830 -0.065559 -0.0136333 
11831 -0.0661906 0.0760785 
11832 0.0125582 -0.193346 
11833 0.0106299 -0.103203 
11834 0.00913818 -0.0126979 
11835 0.0078248 0.0761613 
11836 0.0870178 -0.191392 
11837 0.0850072 -0.10136 
11838 0.0835396 -0.011817 
11839 0.0816815 0.0760851 
11840 -0.216165 -0.199239 
11841 -0.216496 -0.109474 
11842 -0.217047 -0.0203573 
11843 -0.217488 0.0674362 
11844 -0.14118 -0.196388 
11845 -0.141994 -0.10797 
11846 -0.142727 -0.0198262 
11847 -0.143185 0.0682585 
11848 -0.0667986 -0.194466 
11849 -0.0677952 -0.106467 
11850 -0.0689327 -0.0187707 
11851 -0.0708219 0.0679969 
11852 0.0061665 -0.192483 
11853 0.00412831 -0.104416 
11854 0.00344831 -0.018022 
11855 0.00152861 0.0683428 
11856 0.0783427 -0.190537 
11857 0.0762473 -0.102565 
11858 0.0741418 -0.0166797 
11859 0.0728337 0.0693326 
11860 -0.215166 -0.197933 
11861 -0.215203 -0.110677 
11862 -0.216153 -0.0254117 
11863 -0.216861 0.0597538 
11864 -0.142272 -0.195713 
11865 -0.143217 -0.108918 
11866 -0.144773 -0.0241503 
11867 -0.145466 0.0602546 
11868 -0.0705728 -0.193306 
11869 -0.0720978 -0.107905 
11870 -0.0735558 -0.0225033 
11871 -0.074609 0.0618136 
11872 0.000161055 -0.191166 
11873 -0.00136503 -0.105461 
11874 -0.00362169 -0.0215405 
11875 -0.00509372 0.062381 
11876 0.0694595 -0.188499 
11877 0.0680893 -0.103893 
11878 0.0663332 -0.020642 
11879 0.0639063 0.0630618 
11880 -0.21374 -0.196308 
11881 -0.214646 -0.112277 
11882 -0.215692 -0.0286902 
11883 -0.217249 0.0532239 
11884 -0.144006 -0.194052 
11885 -0.145118 -0.11027 
11886 -0.146336 -0.0277432 
11887 -0.147566 0.05476 
11888 -0.0739768 -0.191174 
11889 -0.0757001 -0.109196 
11890 -0.0767996 -0.0263255 
11891 -0.078274 0.054693 
11892 -0.00602817 -0.189335 
11893 -0.0079258 -0.10664 
11894 -0.00965347 -0.0248578 
11895 -0.0109583 0.0557897 
11896 0.0612628 -0.186716 
11897 0.0594028 -0.105101 
11898 0.0574551 -0.0243536 
11899 0.0554903 0.0568589 
