11520 -0.333369 -0.216245 
11521 -0.333577 -0.016347 
11522 -0.33327 0.182989 
11523 -0.3336 0.383176 
11524 -0.166901 -0.216985 
11525 -0.166763 -0.0167478 
11526 -0.167064 0.183169 
11527 -0.166891 0.38287 
11528 0.000335322 -0.217165 
11529 0.000446084 -0.0164181 
11530 -0.00037556 0.18316 
11531 -0.000455896 0.382941 
11532 0.166778 -0.216608 
11533 0.167081 -0.0170067 
11534 0.166758 0.183424 
11535 0.166565 0.383086 
11536 0.33376 -0.216471 
11537 0.333262 -0.0170474 
11538 0.332885 0.182923 
11539 0.333002 0.383136 
11540 -0.314928 -0.214514 
11541 -0.314874 -0.0278967 
11542 -0.314952 0.157756 
11543 -0.31501 0.344127 
11544 -0.159394 -0.213796 
11545 -0.160015 -0.0284985 
11546 -0.159638 0.157802 
11547 -0.15956 0.343326 
11548 -0.00501409 -0.213881 
11549 -0.00418 -0.0285895 
11550 -0.00477534 0.157654 
11551 -0.00482953 0.343277 
11552 0.150414 -0.2143 
11553 0.149732 -0.0283014 
11554 0.149986 0.158015 
11555 0.150276 0.342864 
11556 0.304716 -0.213968 
11557 0.30492 -0.0280471 
11558 0.304633 0.156955 
11559 0.304182 0.34312 
11560 -0.299448 -0.212621 
11561 -0.299207 -0.0378751 
11562 -0.298837 0.13606 
11563 -0.298785 0.309504 
11564 -0.153636 -0.212454 
11565 -0.1543 -0.0382406 
11566 -0.15339 0.135588 
11567 -0.153574 0.308839 
11568 -0.00889046 -0.211883 
11569 -0.00887023 -0.0382147 
11570 -0.00931579 0.135661 
11571 -0.00946061 0.308439 
11572 0.13555 -0.211417 
11573 0.135703 -0.0375804 
11574 0.135161 0.135604 
11575 0.135126 0.30847 
11576 0.280005 -0.211045 
11577 0.279431 -0.0376953 
11578 0.279145 0.134569 
11579 0.278902 0.307778 
11580 -0.28682 -0.210761 
11581 -0.28574 -0.0466904 
11582 -0.285552 0.116237 
11583 -0.285296 0.279477 
11584 -0.150001 -0.21047 
11585 -0.149613 -0.0473599 
11586 -0.149438 0.115768 
11587 -0.149134 0.278428 
11588 -0.0136272 -0.20969 
11589 -0.0133678 -0.0469316 
11590 -0.0134409 0.116115 
11591 -0.0138164 0.277977 
11592 0.122519 -0.210108 
11593 0.121823 -0.0470566 
11594 0.121596 0.115178 
11595 0.122104 0.277153 
11596 0.257549 -0.208896 
11597 0.257119 -0.0464717 
11598 0.256936 0.115787 
11599 0.256713 0.277547 
11600 -0.274713 -0.209313 
11601 -0.275195 -0.055293 
11602 -0.274712 0.0993702 
11603 -0.273695 0.252122 
11604 -0.145845 -0.208688 
11605 -0.146102 -0.054592 
11606 -0.146055 0.0988841 
11607 -0.145448 0.251641 
11608 -0.0170525 -0.208729 
11609 -0.0178325 -0.0545924 
11610 -0.0178534 0.0987929 
11611 -0.0180985 0.251423 
11612 0.11018 -0.207571 
11613 0.109492 -0.0541549 
11614 0.109211 0.0982707 
11615 0.109309 0.251036 
11616 0.237102 -0.207569 
11617 0.23663 -0.0543926 
11618 0.236783 0.0979745 
11619 0.236016 0.249986 
11620 -0.265219 -0.208563 
11621 -0.265037 -0.062396 
11622 -0.264377 0.0839273 
11623 -0.264 0.228717 
11624 -0.142967 -0.207372 
11625 -0.143263 -0.0618922 
11626 -0.143242 0.0832828 
11627 -0.143295 0.227564 
11628 -0.0217174 -0.207074 
11629 -0.0217614 -0.0618493 
11630 -0.0221908 0.0834128 
11631 -0.0216119 0.227053 
11632 0.099236 -0.206219 
11633 0.0990464 -0.0610044 
11634 0.0978796 0.083332 
11635 0.0982755 0.226765 
11636 0.219592 -0.205714 
11637 0.218888 -0.0610741 
11638 0.217693 0.0826752 
11639 0.217758 0.225891 
11640 -0.256741 -0.207828 
11641 -0.257148 -0.0687523 
11642 -0.25672 0.0699597 
11643 -0.25573 0.207587 
11644 -0.141227 -0.2071 
11645 -0.140446 -0.0687871 
11646 -0.140413 0.0692145 
11647 -0.141273 0.20682 
11648 -0.0256482 -0.205307 
11649 -0.026037 -0.0680754 
11650 -0.0261799 0.0697415 
11651 -0.0263678 0.206043 
11652 0.0889298 -0.204449 
11653 0.0887536 -0.0676114 
11654 0.0873631 0.0690384 
11655 0.0872873 0.206038 
11656 0.202088 -0.204336 
11657 0.201564 -0.0668361 
11658 0.20144 0.0692752 
11659 0.200116 0.204915 
11660 -0.249789 -0.206207 
11661 -0.249465 -0.0741506 
11662 -0.249572 0.0575175 
11663 -0.24903 0.188107 
11664 -0.139237 -0.205416 
11665 -0.139707 -0.0739224 
11666 -0.139485 0.0570549 
11667 -0.139037 0.187551 
11668 -0.0300406 -0.204973 
11669 -0.0295221 -0.073541 
11670 -0.0301543 0.0570708 
11671 -0.0301773 0.187215 
11672 0.0794134 -0.203825 
11673 0.0782709 -0.0727508 
11674 0.0784931 0.0571287 
11675 0.0770743 0.186328 
11676 0.186981 -0.202439 
11677 0.18601 -0.072721 
11678 0.185119 0.0573427 
11679 0.184185 0.186382 
11680 -0.244017 -0.20597 
11681 -0.243064 -0.0793518 
11682 -0.242817 0.0455899 
11683 -0.242784 0.170696 
11684 -0.138168 -0.204201 
11685 -0.137897 -0.0787988 
11686 -0.138478 0.0457742 
11687 -0.138802 0.169735 
11688 -0.0335146 -0.203882 
11689 -0.0340411 -0.078557 
11690 -0.0342127 0.0464856 
11691 -0.0349743 0.170206 
11692 0.0695868 -0.202342 
11693 0.0696917 -0.0781852 
11694 0.0689174 0.0465931 
11695 0.0677207 0.169509 
11696 0.173115 -0.200792 
11697 0.17196 -0.0772353 
11698 0.171123 0.046421 
11699 0.170194 0.168514 
11700 -0.238271 -0.204777 
11701 -0.238378 -0.0838617 
11702 -0.238133 0.035458 
11703 -0.237866 0.15474 
11704 -0.137893 -0.203097 
11705 -0.137828 -0.0838126 
11706 -0.138114 0.0360165 
11707 -0.137531 0.15461 
11708 -0.0376383 -0.201855 
11709 -0.037612 -0.0831907 
11710 -0.0379808 0.0364135 
11711 -0.0390944 0.154626 
11712 0.0612298 -0.201106 
11713 0.0603979 -0.0815391 
11714 0.0596983 0.0361593 
11715 0.0591188 0.153354 
11716 0.159765 -0.199576 
11717 0.158169 -0.0812621 
11718 0.157656 0.0361924 
11719 0.156841 0.153994 
11720 -0.233268 -0.204484 
11721 -0.233877 -0.0889076 
11722 -0.233543 0.026507 
11723 -0.233889 0.140336 
11724 -0.137541 -0.202246 
11725 -0.137445 -0.0878051 
11726 -0.137692 0.0270403 
11727 -0.137681 0.140617 
11728 -0.0414687 -0.20115 
11729 -0.0416623 -0.0871626 
11730 -0.0426811 0.0267518 
11731 -0.0434066 0.13955 
11732 0.0531821 -0.199747 
11733 0.0528151 -0.085939 
11734 0.0517369 0.0269979 
11735 0.0512057 0.139633 
11736 0.147113 -0.198019 
11737 0.146067 -0.0846299 
11738 0.145393 0.0280498 
11739 0.14401 0.139107 
11740 -0.229408 -0.202647 
11741 -0.229646 -0.0919759 
11742 -0.230137 0.0183273 
11743 -0.22966 0.127865 
11744 -0.13684 -0.201953 
11745 -0.137106 -0.090832 
11746 -0.13785 0.0181203 
11747 -0.138726 0.127096 
11748 -0.0450472 -0.200258 
11749 -0.0456102 -0.0902677 
11750 -0.046534 0.0192151 
11751 -0.0469917 0.127199 
11752 0.0454357 -0.198799 
11753 0.0444466 -0.0889619 
11754 0.0433909 0.0188105 
11755 0.0427493 0.126684 
11756 0.135763 -0.196517 
11757 0.134256 -0.0881115 
11758 0.1332 0.019512 
11759 0.131868 0.12744 
11760 -0.226462 -0.202535 
11761 -0.22642 -0.0952305 
11762 -0.226706 0.0106939 
11763 -0.227561 0.115481 
11764 -0.13772 -0.200611 
11765 -0.138168 -0.094241 
11766 -0.138298 0.0111608 
11767 -0.13881 0.115347 
11768 -0.0486991 -0.198716 
11769 -0.0494866 -0.0932752 
11770 -0.0501789 0.0115178 
11771 -0.0519323 0.115235 
11772 0.038129 -0.196994 
11773 0.0367722 -0.0920219 
11774 0.0355708 0.0122887 
11775 0.0349944 0.115211 
11776 0.124186 -0.195565 
11777 0.12272 -0.0910871 
11778 0.121592 0.012493 
11779 0.120462 0.115735 
11780 -0.224023 -0.201686 
11781 -0.22423 -0.0981217 
11782 -0.224481 0.00299975 
11783 -0.224928 0.104681 
11784 -0.138146 -0.19977 
11785 -0.138458 -0.0973979 
11786 -0.138742 0.00370858 
11787 -0.139315 0.105065 
11788 -0.0526185 -0.197836 
11789 -0.053892 -0.095534 
11790 -0.0550371 0.00487427 
11791 -0.056074 0.104777 
11792 0.0311449 -0.195708 
11793 0.0296058 -0.0950215 
11794 0.0283958 0.00530465 
11795 0.0275607 0.104977 
11796 0.113646 -0.193526 
11797 0.112157 -0.0936813 
11798 0.111332 0.0061137 
11799 0.109417 0.104641 
11800 -0.221201 -0.200504 
11801 -0.222291 -0.101387 
11802 -0.222376 -0.00281742 
11803 -0.222786 0.0948019 
11804 -0.138194 -0.198506 
11805 -0.138942 -0.100063 
11806 -0.140507 -0.00198306 
11807 -0.140584 0.095312 
11808 -0.0568478 -0.196613 
11809 -0.0575203 -0.09829 
11810 -0.0584586 -0.00141881 
11811 -0.0596283 0.0948365 
11812 0.0241662 -0.194626 
11813 0.0228447 -0.0966571 
11814 0.0211726 -0.000667915 
11815 0.0199943 0.0951033 
11816 0.103767 -0.192322 
11817 0.102976 -0.0952665 
11818 0.101258 0.000406513 
11819 0.0993358 0.0951817 
11820 -0.219719 -0.198619 
11821 -0.220419 -0.103369 
11822 -0.221085 -0.00838916 
11823 -0.221023 0.0852309 
11824 -0.139268 -0.196719 
11825 -0.140287 -0.101919 
11826 -0.141352 -0.00772329 
11827 -0.14239 0.0862825 
11828 -0.0603254 -0.194827 
11829 -0.0618668 -0.100192 
11830 -0.0632101 -0.0070806 
11831 -0.0637293 0.0858691 
11832 0.017899 -0.19227 
11833 0.015986 -0.0992407 
11834 0.0150695 -0.0061515 
11835 0.013494 0.0869097 
11836 0.0946049 -0.190716 
11837 0.0929536 -0.097518 
11838 0.0915733 -0.00502997 
11839 0.0901096 0.0874987 
11840 -0.218028 -0.197967 
11841 -0.219056 -0.105483 
11842 -0.218975 -0.0138008 
11843 -0.219801 0.0770367 
11844 -0.141041 -0.195714 
11845 -0.141826 -0.103954 
11846 -0.142844 -0.0131912 
11847 -0.143402 0.0776172 
11848 -0.064699 -0.192905 
11849 -0.0654136 -0.101808 
11850 -0.0667221 -0.011527 
11851 -0.0683462 0.0784597 
11852 0.011566 -0.190747 
11853 0.00947431 -0.100529 
11854 0.00784228 -0.0101262 
11855 0.00685065 0.0784565 
11856 0.0857888 -0.189371 
11857 0.0841206 -0.0989849 
11858 0.0823701 -0.00956528 
11859 0.0803966 0.0797061 
11860 -0.216353 -0.196962 
11861 -0.217892 -0.106981 
11862 -0.21823 -0.0179987 
11863 -0.219351 0.0694634 
11864 -0.141393 -0.194437 
11865 -0.14271 -0.105058 
11866 -0.144378 -0.0173047 
11867 -0.144766 0.0699527 
11868 -0.0677734 -0.191302 
11869 -0.0692987 -0.103208 
11870 -0.0711226 -0.0158685 
11871 -0.0723825 0.0703958 
11872 0.00498948 -0.18995 
11873 0.00316606 -0.101804 
11874 0.0017846 -0.0150359 
11875 0.000269652 0.071719 
11876 0.0772816 -0.186814 
11877 0.0746165 -0.0998332 
11878 0.0730737 -0.0141644 
11879 0.0711817 0.0723844 
11880 -0.2159 -0.194643 
11881 -0.216402 -0.108281 
11882 -0.217409 -0.022309 
11883 -0.219219 0.0627964 
11884 -0.143606 -0.192704 
11885 -0.14472 -0.106352 
11886 -0.146118 -0.0212309 
11887 -0.146797 0.0628841 
11888 -0.0722167 -0.1901 
11889 -0.0728567 -0.104507 
11890 -0.0751856 -0.0198553 
11891 -0.0759033 0.0642408 
11892 -0.000993443 -0.187373 
11893 -0.00269092 -0.103072 
11894 -0.0045025 -0.0184138 
11895 -0.00679039 0.0652572 
11896 0.06846 -0.185616 
11897 0.066088 -0.101129 
11898 0.0647631 -0.0171955 
11899 0.0629509 0.0656609 
11900 -0.215483 -0.193805 
11901 -0.216728 -0.109282 
11902 -0.217771 -0.0265008 
11903 -0.218754 0.0560063 
11904 -0.145359 -0.191269 
11905 -0.146468 -0.107731 
11906 -0.14814 -0.0247812 
11907 -0.149247 0.0574726 
11908 -0.0755468 -0.188107 
11909 -0.0769534 -0.105546 
11910 -0.0788717 -0.0235227 
11911 -0.0805616 0.0576326 
11912 -0.00733884 -0.186058 
11913 -0.00908854 -0.103422 
11914 -0.0110841 -0.0224086 
11915 -0.0124394 0.0592884 
11916 0.0604129 -0.183385 
11917 0.0586325 -0.10199 
11918 0.0567344 -0.0205838 
11919 0.0542795 0.0598764 
