11540 -0.33344 -0.216382 
11541 -0.333673 -0.0168179 
11542 -0.333491 0.183057 
11543 -0.333363 0.383383 
11544 -0.166412 -0.216377 
11545 -0.166203 -0.0171317 
11546 -0.166516 0.182874 
11547 -0.166407 0.383226 
11548 -0.000128501 -0.216332 
11549 0.000424074 -0.0162443 
11550 -0.000471635 0.182899 
11551 0.000167394 0.383627 
11552 0.167113 -0.217041 
11553 0.166658 -0.0164808 
11554 0.16625 0.182836 
11555 0.167102 0.382961 
11556 0.333472 -0.21619 
11557 0.333299 -0.0171182 
11558 0.333306 0.183471 
11559 0.333002 0.383251 
11560 -0.314952 -0.214669 
11561 -0.314995 -0.0278333 
11562 -0.314785 0.157785 
11563 -0.315124 0.344037 
11564 -0.159586 -0.214006 
11565 -0.159578 -0.0280303 
11566 -0.159726 0.158377 
11567 -0.159154 0.343473 
11568 -0.00444631 -0.214354 
11569 -0.0046938 -0.02826 
11570 -0.00490182 0.158306 
11571 -0.00505344 0.343306 
11572 0.15061 -0.213592 
11573 0.150235 -0.0283125 
11574 0.149509 0.157655 
11575 0.150381 0.343396 
11576 0.305001 -0.213414 
11577 0.304704 -0.028398 
11578 0.30416 0.157424 
11579 0.304722 0.343392 
11580 -0.300031 -0.211948 
11581 -0.299059 -0.0376563 
11582 -0.299585 0.135687 
11583 -0.298703 0.309285 
11584 -0.154122 -0.211995 
11585 -0.154414 -0.0384419 
11586 -0.154566 0.135626 
11587 -0.154053 0.308915 
11588 -0.00946991 -0.211998 
11589 -0.00956851 -0.0383211 
11590 -0.00946595 0.135254 
11591 -0.00922071 0.308678 
11592 0.135068 -0.211723 
11593 0.135507 -0.0375923 
11594 0.135056 0.135815 
11595 0.135095 0.308324 
11596 0.279681 -0.210953 
11597 0.279354 -0.0381246 
11598 0.278538 0.134874 
11599 0.278867 0.308068 
11600 -0.286576 -0.211002 
11601 -0.286054 -0.0468419 
11602 -0.28633 0.116364 
11603 -0.285984 0.279687 
11604 -0.149963 -0.21039 
11605 -0.149754 -0.0466589 
11606 -0.149592 0.116097 
11607 -0.149638 0.279149 
11608 -0.0133733 -0.210119 
11609 -0.0135657 -0.0467948 
11610 -0.0142244 0.116213 
11611 -0.0139433 0.278836 
11612 0.121844 -0.208833 
11613 0.122077 -0.0461521 
11614 0.121205 0.115633 
11615 0.121151 0.277897 
11616 0.257026 -0.208778 
11617 0.256614 -0.0462706 
11618 0.255839 0.115417 
11619 0.255548 0.277109 
11620 -0.275018 -0.209031 
11621 -0.274714 -0.054623 
11622 -0.275344 0.0995124 
11623 -0.27489 0.252392 
11624 -0.14672 -0.209018 
11625 -0.145796 -0.054213 
11626 -0.146462 0.0990817 
11627 -0.145832 0.252251 
11628 -0.0181433 -0.207544 
11629 -0.0175876 -0.0541815 
11630 -0.0182585 0.0991764 
11631 -0.0179367 0.251779 
11632 0.109765 -0.207696 
11633 0.1099 -0.0537621 
11634 0.108868 0.0984822 
11635 0.108884 0.250985 
11636 0.236592 -0.206564 
11637 0.236466 -0.0536616 
11638 0.235681 0.0983185 
11639 0.23531 0.250787 
11640 -0.265997 -0.207967 
11641 -0.265865 -0.0616495 
11642 -0.265518 0.083712 
11643 -0.265241 0.228867 
11644 -0.143553 -0.207524 
11645 -0.143148 -0.061042 
11646 -0.143904 0.0839313 
11647 -0.143104 0.228097 
11648 -0.0222287 -0.20658 
11649 -0.0219405 -0.0613763 
11650 -0.0225939 0.0842969 
11651 -0.0226044 0.227639 
11652 0.0981748 -0.205393 
11653 0.0978352 -0.0601489 
11654 0.0973062 0.0841862 
11655 0.0975821 0.227568 
11656 0.219003 -0.205231 
11657 0.217738 -0.0604028 
11658 0.217441 0.0836164 
11659 0.216715 0.22701 
11660 -0.257051 -0.207399 
11661 -0.256892 -0.068191 
11662 -0.256665 0.0698667 
11663 -0.256713 0.207839 
11664 -0.140991 -0.205664 
11665 -0.141343 -0.0677653 
11666 -0.142091 0.0697548 
11667 -0.141896 0.207579 
11668 -0.0259211 -0.204908 
11669 -0.026921 -0.0667111 
11670 -0.0270053 0.0697393 
11671 -0.0275053 0.207009 
11672 0.0883726 -0.203497 
11673 0.0880859 -0.0660626 
11674 0.0866272 0.0697663 
11675 0.0863341 0.206121 
11676 0.202059 -0.203036 
11677 0.200763 -0.0655894 
11678 0.200297 0.0701916 
11679 0.199004 0.206223 
11680 -0.250803 -0.205899 
11681 -0.250184 -0.073288 
11682 -0.25022 0.0581176 
11683 -0.24984 0.189033 
11684 -0.139497 -0.204464 
11685 -0.140266 -0.0728853 
11686 -0.1398 0.0580741 
11687 -0.140071 0.188269 
11688 -0.0304022 -0.203445 
11689 -0.03102 -0.0722347 
11690 -0.0313318 0.0576112 
11691 -0.031538 0.188061 
11692 0.078936 -0.202189 
11693 0.0780835 -0.0713988 
11694 0.0767544 0.0578808 
11695 0.0766983 0.187899 
11696 0.18651 -0.201019 
11697 0.185417 -0.0708066 
11698 0.184776 0.0584325 
11699 0.183193 0.187595 
11700 -0.244621 -0.205267 
11701 -0.244581 -0.078421 
11702 -0.244659 0.0469146 
11703 -0.24406 0.171078 
11704 -0.138968 -0.203562 
11705 -0.139254 -0.0784387 
11706 -0.139271 0.0469838 
11707 -0.139573 0.171593 
11708 -0.0339958 -0.201868 
11709 -0.0348851 -0.0776818 
11710 -0.0348456 0.0475911 
11711 -0.0358247 0.170552 
11712 0.0691294 -0.200549 
11713 0.0689177 -0.0768238 
11714 0.0681216 0.0469465 
11715 0.0671011 0.170185 
11716 0.172386 -0.200117 
11717 0.170963 -0.0758336 
11718 0.17018 0.0473275 
11719 0.169047 0.170231 
11720 -0.239338 -0.203292 
11721 -0.238727 -0.0835607 
11722 -0.239444 0.0366041 
11723 -0.238756 0.156264 
11724 -0.138044 -0.202566 
11725 -0.138569 -0.0819764 
11726 -0.138757 0.0372409 
11727 -0.139423 0.15535 
11728 -0.0381053 -0.200732 
11729 -0.0392347 -0.0810114 
11730 -0.0397461 0.037473 
11731 -0.0396966 0.155038 
11732 0.0606333 -0.199073 
11733 0.0596894 -0.0807929 
11734 0.0592776 0.0379666 
11735 0.0584056 0.155322 
11736 0.158727 -0.197909 
11737 0.15787 -0.0792604 
11738 0.15611 0.0376146 
11739 0.155007 0.154891 
11740 -0.233989 -0.202681 
11741 -0.234408 -0.0871574 
11742 -0.23488 0.0280769 
11743 -0.23473 0.141247 
11744 -0.137636 -0.200862 
11745 -0.138069 -0.0857669 
11746 -0.13909 0.0279496 
11747 -0.139458 0.141939 
11748 -0.0420261 -0.199111 
11749 -0.0431775 -0.0852294 
11750 -0.0431721 0.0288696 
11751 -0.0443369 0.141281 
11752 0.0521137 -0.198395 
11753 0.0516748 -0.0837798 
11754 0.0509876 0.0286556 
11755 0.0500565 0.141817 
11756 0.146559 -0.196038 
11757 0.14492 -0.0836536 
11758 0.143636 0.0295847 
11759 0.14269 0.141472 
11760 -0.230411 -0.201496 
11761 -0.230471 -0.0907179 
11762 -0.231365 0.01922 
11763 -0.231626 0.129045 
11764 -0.137724 -0.199397 
11765 -0.138031 -0.0899337 
11766 -0.138511 0.0196018 
11767 -0.139459 0.129176 
11768 -0.046029 -0.197818 
11769 -0.0470104 -0.0889644 
11770 -0.0477214 0.0202734 
11771 -0.0487494 0.12936 
11772 0.0448571 -0.196569 
11773 0.0436658 -0.0877979 
11774 0.0428294 0.0211937 
11775 0.0415581 0.129243 
11776 0.134792 -0.194858 
11777 0.13348 -0.0866206 
11778 0.132197 0.0218653 
11779 0.130145 0.129363 
11780 -0.226966 -0.200347 
11781 -0.227838 -0.0935994 
11782 -0.228525 0.0122203 
11783 -0.228781 0.11741 
11784 -0.137811 -0.198293 
11785 -0.138453 -0.092868 
11786 -0.139739 0.0124038 
11787 -0.140079 0.117178 
11788 -0.0503577 -0.197113 
11789 -0.050882 -0.0911141 
11790 -0.051631 0.0138303 
11791 -0.0528563 0.117824 
11792 0.0369363 -0.195254 
11793 0.0363467 -0.0905365 
11794 0.034716 0.0138621 
11795 0.034056 0.117278 
11796 0.123782 -0.193211 
11797 0.121751 -0.0888309 
11798 0.120465 0.0148448 
11799 0.118983 0.118024 
11800 -0.224925 -0.199394 
11801 -0.224933 -0.0963813 
11802 -0.225681 0.00547009 
11803 -0.225658 0.106001 
11804 -0.138838 -0.197298 
11805 -0.139103 -0.0953348 
11806 -0.14008 0.0059805 
11807 -0.141307 0.106596 
11808 -0.0540234 -0.195561 
11809 -0.0552675 -0.0943513 
11810 -0.0555358 0.00722376 
11811 -0.0573861 0.106721 
11812 0.0297459 -0.193598 
11813 0.0287635 -0.0926676 
11814 0.0270777 0.00808345 
11815 0.0265142 0.107064 
11816 0.113391 -0.191075 
11817 0.111164 -0.0907379 
11818 0.109982 0.00867054 
11819 0.108604 0.107335 
11820 -0.222502 -0.19774 
11821 -0.223222 -0.0992818 
11822 -0.223453 -0.000663465 
11823 -0.224108 0.0965497 
11824 -0.139521 -0.195819 
11825 -0.140762 -0.0975046 
11826 -0.141396 1.49502e-05 
11827 -0.142277 0.0967656 
11828 -0.0580131 -0.193818 
11829 -0.0587733 -0.0964376 
11830 -0.0598499 0.00112737 
11831 -0.0616716 0.0970924 
11832 0.022791 -0.191599 
11833 0.0220572 -0.0941041 
11834 0.0205532 0.00162524 
11835 0.0188238 0.0980602 
11836 0.103431 -0.189736 
11837 0.101442 -0.0933749 
11838 0.099602 0.00255042 
11839 0.098425 0.0984498 
11840 -0.220326 -0.196326 
11841 -0.220683 -0.10142 
11842 -0.222427 -0.00630809 
11843 -0.222496 0.0880693 
11844 -0.140477 -0.1941 
11845 -0.14172 -0.100016 
11846 -0.142393 -0.00573789 
11847 -0.14312 0.0883731 
11848 -0.0609569 -0.192062 
11849 -0.0631356 -0.0981025 
11850 -0.0639134 -0.00386348 
11851 -0.0653906 0.0890994 
11852 0.0164287 -0.189768 
11853 0.0150399 -0.0964336 
11854 0.0129358 -0.00288696 
11855 0.012244 0.0895166 
11856 0.093698 -0.187639 
11857 0.0917923 -0.0943898 
11858 0.0900724 -0.00197466 
11859 0.0884552 0.0896027 
11860 -0.218452 -0.195766 
11861 -0.219426 -0.102565 
11862 -0.220635 -0.010966 
11863 -0.221374 0.0791308 
11864 -0.141231 -0.192962 
11865 -0.142348 -0.100967 
11866 -0.143545 -0.00972112 
11867 -0.144767 0.0807079 
11868 -0.0649419 -0.191054 
11869 -0.0670508 -0.0999477 
11870 -0.0683343 -0.00882743 
11871 -0.0695379 0.0809593 
11872 0.0104232 -0.188388 
11873 0.00842261 -0.0977834 
11874 0.00701846 -0.00790777 
11875 0.00524032 0.0819015 
11876 0.0842901 -0.185544 
11877 0.0822752 -0.0960552 
11878 0.0805073 -0.00662642 
11879 0.0790006 0.0818426 
11880 -0.218099 -0.193436 
11881 -0.218614 -0.104291 
11882 -0.220007 -0.0160183 
11883 -0.220973 0.0724583 
11884 -0.142561 -0.191221 
11885 -0.144638 -0.102992 
11886 -0.145401 -0.0144989 
11887 -0.146958 0.0729676 
11888 -0.0691657 -0.189356 
11889 -0.070244 -0.100525 
11890 -0.0721785 -0.0128209 
11891 -0.0737269 0.07362 
11892 0.0034038 -0.186113 
11893 0.00183657 -0.0984515 
11894 0.000633888 -0.0116982 
11895 -0.00156328 0.0747856 
11896 0.0761452 -0.184309 
11897 0.0740383 -0.0968435 
11898 0.0715191 -0.011072 
11899 0.069799 0.075616 
11900 -0.216716 -0.192548 
11901 -0.218282 -0.105427 
11902 -0.219454 -0.0195492 
11903 -0.220773 0.0652579 
11904 -0.144489 -0.189343 
11905 -0.146298 -0.103699 
11906 -0.147601 -0.0180142 
11907 -0.149163 0.0662895 
11908 -0.0730698 -0.186814 
11909 -0.0747489 -0.101925 
11910 -0.0760419 -0.0172456 
11911 -0.0775416 0.0672692 
11912 -0.00184046 -0.184398 
11913 -0.00450665 -0.100189 
11914 -0.00618688 -0.0154957 
11915 -0.00788001 0.0683289 
11916 0.0671497 -0.182466 
11917 0.0652811 -0.097767 
11918 0.0634877 -0.0136386 
11919 0.0609783 0.06877 
11920 -0.216797 -0.190658 
11921 -0.217949 -0.107011 
11922 -0.219044 -0.0235146 
11923 -0.219965 0.0589031 
11924 -0.145739 -0.188324 
11925 -0.14787 -0.105052 
11926 -0.149191 -0.0221479 
11927 -0.151009 0.0598223 
11928 -0.0767105 -0.185522 
11929 -0.0784782 -0.102905 
11930 -0.0798158 -0.0206949 
11931 -0.0817318 0.0615083 
11932 -0.00777927 -0.182288 
11933 -0.00998673 -0.100166 
11934 -0.012316 -0.0183581 
11935 -0.0144999 0.0623224 
11936 0.0596905 -0.180046 
11937 0.0572965 -0.0979236 
11938 0.0549516 -0.0175895 
11939 0.0526409 0.0627798 
