11740 -0.332926 -0.216286 
11741 -0.333688 -0.0171458 
11742 -0.333322 0.18361 
11743 -0.333746 0.383511 
11744 -0.167144 -0.216197 
11745 -0.166785 -0.0169551 
11746 -0.166809 0.1836 
11747 -0.166784 0.383392 
11748 -0.00030345 -0.216942 
11749 -0.00019232 -0.0162114 
11750 -0.000359328 0.18318 
11751 1.89041e-06 0.383492 
11752 0.166938 -0.21687 
11753 0.166682 -0.0165516 
11754 0.166616 0.183655 
11755 0.167079 0.383086 
11756 0.333285 -0.216651 
11757 0.333053 -0.0171645 
11758 0.332928 0.183551 
11759 0.333431 0.383484 
11760 -0.316389 -0.21158 
11761 -0.31636 -0.0259481 
11762 -0.316607 0.160887 
11763 -0.317167 0.346197 
11764 -0.161056 -0.211174 
11765 -0.160925 -0.0255581 
11766 -0.161002 0.160019 
11767 -0.161917 0.346613 
11768 -0.0059741 -0.211483 
11769 -0.00604605 -0.0255839 
11770 -0.00694915 0.160315 
11771 -0.00680276 0.346181 
11772 0.148466 -0.211214 
11773 0.14799 -0.0250215 
11774 0.148034 0.160196 
11775 0.147606 0.346196 
11776 0.303415 -0.210063 
11777 0.303141 -0.0247566 
11778 0.302417 0.160875 
11779 0.302087 0.345679 
11780 -0.302171 -0.207016 
11781 -0.302081 -0.0331977 
11782 -0.302687 0.140938 
11783 -0.303427 0.314498 
11784 -0.156675 -0.206799 
11785 -0.157461 -0.0325346 
11786 -0.157999 0.140961 
11787 -0.15803 0.314541 
11788 -0.0116771 -0.206416 
11789 -0.0124244 -0.0318905 
11790 -0.0126508 0.14093 
11791 -0.0131502 0.314495 
11792 0.132522 -0.205085 
11793 0.131868 -0.032084 
11794 0.131761 0.141219 
11795 0.131073 0.314685 
11796 0.276959 -0.204292 
11797 0.276319 -0.0315537 
11798 0.275899 0.141589 
11799 0.274579 0.314642 
11800 -0.290042 -0.203244 
11801 -0.29043 -0.0396733 
11802 -0.291318 0.124091 
11803 -0.291228 0.286223 
11804 -0.153801 -0.202576 
11805 -0.154052 -0.03857 
11806 -0.154489 0.123763 
11807 -0.154864 0.286761 
11808 -0.0172198 -0.200998 
11809 -0.0179191 -0.0382408 
11810 -0.0184403 0.12443 
11811 -0.0197394 0.286758 
11812 0.118413 -0.200052 
11813 0.117624 -0.0379598 
11814 0.116496 0.124372 
11815 0.115561 0.286442 
11816 0.253305 -0.199347 
11817 0.251889 -0.0370562 
11818 0.250814 0.124777 
11819 0.250354 0.286198 
11820 -0.279856 -0.19988 
11821 -0.280601 -0.0450156 
11822 -0.280803 0.108754 
11823 -0.281231 0.26239 
11824 -0.151235 -0.197792 
11825 -0.151833 -0.0446447 
11826 -0.151994 0.108905 
11827 -0.153356 0.262445 
11828 -0.0226413 -0.196435 
11829 -0.0229278 -0.0430555 
11830 -0.0240976 0.109352 
11831 -0.0256104 0.262274 
11832 0.105621 -0.19608 
11833 0.10444 -0.042257 
11834 0.10297 0.110179 
11835 0.101834 0.262446 
11836 0.232499 -0.194157 
11837 0.230434 -0.0413925 
11838 0.229232 0.111109 
11839 0.228412 0.262612 
11840 -0.270563 -0.196325 
11841 -0.272175 -0.0495724 
11842 -0.271985 0.0958254 
11843 -0.27363 0.240886 
11844 -0.149031 -0.194722 
11845 -0.149751 -0.0485783 
11846 -0.150796 0.0963112 
11847 -0.151784 0.241505 
11848 -0.027883 -0.192686 
11849 -0.028452 -0.0471616 
11850 -0.0300804 0.0976224 
11851 -0.0311555 0.241284 
11852 0.0930085 -0.191086 
11853 0.0912788 -0.0467107 
11854 0.0904987 0.0978695 
11855 0.0892526 0.241679 
11856 0.212934 -0.189505 
11857 0.210895 -0.0453085 
11858 0.210108 0.098621 
11859 0.208633 0.241644 
11860 -0.263417 -0.192029 
11861 -0.264813 -0.0539801 
11862 -0.265046 0.0840507 
11863 -0.266011 0.221688 
11864 -0.147918 -0.190058 
11865 -0.148858 -0.0522324 
11866 -0.149553 0.0848063 
11867 -0.151071 0.222182 
11868 -0.0326099 -0.18818 
11869 -0.0337624 -0.0509531 
11870 -0.0347245 0.0864819 
11871 -0.0359728 0.222311 
11872 0.0822861 -0.187264 
11873 0.0805407 -0.0501983 
11874 0.079242 0.0871966 
11875 0.0771543 0.223374 
11876 0.194923 -0.184772 
11877 0.193558 -0.0487846 
11878 0.192284 0.0879632 
11879 0.189688 0.223618 
11880 -0.256939 -0.189298 
11881 -0.257977 -0.057403 
11882 -0.258749 0.0741338 
11883 -0.260791 0.205205 
11884 -0.146213 -0.187049 
11885 -0.148097 -0.0552671 
11886 -0.149619 0.074992 
11887 -0.150369 0.206119 
11888 -0.0366911 -0.184387 
11889 -0.0389174 -0.0537484 
11890 -0.0398346 0.0764133 
11891 -0.0414962 0.206199 
11892 0.0712467 -0.182497 
11893 0.0698641 -0.0522702 
11894 0.0676154 0.0778413 
11895 0.0658752 0.206472 
11896 0.17931 -0.180507 
11897 0.177724 -0.0512163 
11898 0.175472 0.0781948 
11899 0.173407 0.207233 
11900 -0.251299 -0.18553 
11901 -0.252485 -0.0591283 
11902 -0.254383 0.0657335 
11903 -0.2549 0.190282 
11904 -0.146006 -0.183371 
11905 -0.147671 -0.0576154 
11906 -0.149679 0.0664345 
11907 -0.151083 0.191163 
11908 -0.0423032 -0.18111 
11909 -0.0432295 -0.0566441 
11910 -0.0452067 0.0678356 
11911 -0.0470109 0.191721 
11912 0.0613975 -0.179086 
11913 0.0596563 -0.0544344 
11914 0.0579235 0.0687228 
11915 0.0561038 0.191807 
11916 0.163842 -0.176199 
11917 0.162454 -0.0527375 
11918 0.160188 0.0700971 
11919 0.157571 0.192472 
11920 -0.247027 -0.182289 
11921 -0.248008 -0.0619982 
11922 -0.249691 0.0578924 
11923 -0.251225 0.176845 
11924 -0.145769 -0.179388 
11925 -0.148038 -0.0600793 
11926 -0.149213 0.0592684 
11927 -0.150878 0.177749 
11928 -0.0466285 -0.177386 
11929 -0.0486725 -0.0575627 
11930 -0.0499511 0.060357 
11931 -0.0520695 0.178491 
11932 0.052094 -0.175015 
11933 0.0504793 -0.0560034 
11934 0.0482591 0.0620793 
11935 0.0461019 0.179254 
11936 0.150515 -0.171892 
11937 0.148414 -0.0539219 
11938 0.146057 0.0631469 
11939 0.143824 0.179672 
11940 -0.242392 -0.178636 
11941 -0.244261 -0.0637544 
11942 -0.246179 0.0506307 
11943 -0.248193 0.164755 
11944 -0.146415 -0.175498 
11945 -0.148321 -0.0617028 
11946 -0.149847 0.0523309 
11947 -0.151735 0.166291 
11948 -0.0506284 -0.173216 
11949 -0.0531072 -0.0590745 
11950 -0.0546921 0.0538388 
11951 -0.0570336 0.16694 
11952 0.0438413 -0.170985 
11953 0.0410445 -0.0571627 
11954 0.0392135 0.0550276 
11955 0.036633 0.168146 
11956 0.13679 -0.167875 
11957 0.135211 -0.0557919 
11958 0.132603 0.0566075 
11959 0.130277 0.168389 
11960 -0.239624 -0.175343 
11961 -0.241554 -0.0651949 
11962 -0.242963 0.0450263 
11963 -0.244855 0.154226 
11964 -0.146577 -0.172047 
11965 -0.149028 -0.062566 
11966 -0.151365 0.0469082 
11967 -0.153502 0.15604 
11968 -0.05527 -0.169454 
11969 -0.0572305 -0.0602033 
11970 -0.0593625 0.048408 
11971 -0.0615654 0.156509 
11972 0.0354934 -0.166733 
11973 0.0329729 -0.0582762 
11974 0.0308392 0.049959 
11975 0.0284602 0.158151 
11976 0.125443 -0.164521 
11977 0.122782 -0.056128 
11978 0.119393 0.0510677 
11979 0.117243 0.158586 
11980 -0.236287 -0.171525 
11981 -0.239004 -0.0655159 
11982 -0.241103 0.0397222 
11983 -0.2425 0.14511 
11984 -0.14731 -0.168426 
11985 -0.150191 -0.0638238 
11986 -0.151953 0.0421762 
11987 -0.154479 0.146432 
11988 -0.0598632 -0.165605 
11989 -0.0621528 -0.0608316 
11990 -0.0649656 0.043695 
11991 -0.0665608 0.147007 
11992 0.0277283 -0.162849 
11993 0.0251799 -0.0589053 
11994 0.0224657 0.0453498 
11995 0.0194604 0.149061 
11996 0.112961 -0.160706 
11997 0.110799 -0.0560909 
11998 0.108127 0.0465555 
11999 0.104886 0.150073 
12000 -0.23441 -0.168818 
12001 -0.236457 -0.0667206 
12002 -0.23858 0.0354497 
12003 -0.240466 0.136713 
12004 -0.148525 -0.165233 
12005 -0.151127 -0.0640014 
12006 -0.15366 0.0373962 
12007 -0.156253 0.137778 
12008 -0.0641978 -0.16242 
12009 -0.0662599 -0.0611414 
12010 -0.0689507 0.039204 
12011 -0.0713639 0.139397 
12012 0.0193332 -0.159251 
12013 0.0172319 -0.0585946 
12014 0.0144115 0.0410657 
12015 0.0113483 0.140078 
12016 0.102027 -0.15625 
12017 0.0993387 -0.0560762 
12018 0.0963118 0.0426074 
12019 0.0936128 0.141877 
12020 -0.232442 -0.164495 
12021 -0.234658 -0.0660147 
12022 -0.237625 0.0310105 
12023 -0.239218 0.129032 
12024 -0.150145 -0.162009 
12025 -0.152977 -0.0640167 
12026 -0.155266 0.0331725 
12027 -0.157124 0.130221 
12028 -0.0683569 -0.158128 
12029 -0.0708844 -0.0613874 
12030 -0.0737775 0.0351993 
12031 -0.0767297 0.131788 
12032 0.0122667 -0.155851 
12033 0.00995738 -0.0584554 
12034 0.00677684 0.0375518 
12035 0.00339124 0.132886 
12036 0.0923611 -0.152079 
12037 0.0885367 -0.055863 
12038 0.0857746 0.0394918 
12039 0.0832087 0.134454 
12040 -0.230714 -0.161697 
12041 -0.23326 -0.0663392 
12042 -0.235635 0.0281703 
12043 -0.238432 0.122462 
12044 -0.151047 -0.158577 
12045 -0.153774 -0.0635227 
12046 -0.156882 0.0304717 
12047 -0.159199 0.124062 
12048 -0.0721629 -0.154596 
12049 -0.0750738 -0.0607649 
12050 -0.0784951 0.0328853 
12051 -0.0813587 0.125118 
12052 0.00534332 -0.151875 
12053 0.00193883 -0.0578559 
12054 -0.000734779 0.0346765 
12055 -0.00394537 0.127159 
12056 0.0822868 -0.148502 
12057 0.0790682 -0.0559356 
12058 0.076186 0.0370922 
12059 0.0723156 0.128023 
12060 -0.230302 -0.157436 
12061 -0.232837 -0.0662779 
12062 -0.235623 0.0253978 
12063 -0.237814 0.115999 
12064 -0.153068 -0.154266 
12065 -0.156225 -0.0636892 
12066 -0.158773 0.0273795 
12067 -0.16176 0.11776 
12068 -0.0769067 -0.150733 
12069 -0.079327 -0.0603786 
12070 -0.0827966 0.0296692 
12071 -0.0856317 0.119936 
12072 -0.00115553 -0.147777 
12073 -0.00431148 -0.0573688 
12074 -0.00827336 0.0323292 
12075 -0.0113469 0.120918 
12076 0.0729186 -0.144482 
12077 0.0691345 -0.0547449 
12078 0.0658998 0.0337393 
12079 0.0628014 0.122866 
12080 -0.229387 -0.154592 
12081 -0.231824 -0.0654012 
12082 -0.234919 0.023126 
12083 -0.237935 0.110724 
12084 -0.154232 -0.150671 
12085 -0.157644 -0.0629032 
12086 -0.160262 0.0255303 
12087 -0.163336 0.112606 
12088 -0.0813365 -0.147189 
12089 -0.0842774 -0.0596725 
12090 -0.0873501 0.0277214 
12091 -0.0905971 0.114395 
12092 -0.00868545 -0.143723 
12093 -0.0114422 -0.0569516 
12094 -0.0146696 0.0299937 
12095 -0.0178135 0.116438 
12096 0.0635804 -0.140462 
12097 0.0599243 -0.0535885 
12098 0.057245 0.0325416 
12099 0.0532228 0.118213 
12100 -0.229026 -0.150438 
12101 -0.231426 -0.0647849 
12102 -0.234522 0.0206162 
12103 -0.237112 0.105635 
12104 -0.156744 -0.146964 
12105 -0.159551 -0.061271 
12106 -0.162728 0.0230824 
12107 -0.166102 0.107895 
12108 -0.0854526 -0.143896 
12109 -0.0880136 -0.0588904 
12110 -0.0914222 0.0253161 
12111 -0.0949859 0.109774 
12112 -0.0150749 -0.139651 
12113 -0.0185279 -0.0556033 
12114 -0.0214296 0.0284208 
12115 -0.0250437 0.111647 
12116 0.0546377 -0.136178 
12117 0.051327 -0.0527104 
12118 0.0475555 0.0303799 
12119 0.0440672 0.113368 
12120 -0.228779 -0.147342 
12121 -0.231339 -0.0639688 
12122 -0.234725 0.01919 
12123 -0.237846 0.101664 
12124 -0.158102 -0.143364 
12125 -0.161452 -0.0606665 
12126 -0.165169 0.0216294 
12127 -0.168249 0.103791 
12128 -0.088925 -0.139475 
12129 -0.0922535 -0.0569337 
12130 -0.0955954 0.0246027 
12131 -0.0991115 0.1054 
12132 -0.0214319 -0.135858 
12133 -0.0243345 -0.0543696 
12134 -0.0274809 0.0272127 
12135 -0.0315329 0.108137 
12136 0.0460925 -0.131944 
12137 0.0427031 -0.0513708 
12138 0.0394345 0.0299565 
12139 0.0355404 0.110106 
