11800 -0.332861 -0.217063 
11801 -0.333259 -0.0171658 
11802 -0.332912 0.183587 
11803 -0.33365 0.382996 
11804 -0.167133 -0.216434 
11805 -0.166841 -0.0166942 
11806 -0.166901 0.182987 
11807 -0.167002 0.383308 
11808 -0.000206375 -0.217009 
11809 -0.000128701 -0.0168561 
11810 0.000134515 0.183784 
11811 0.000193124 0.38313 
11812 0.166417 -0.216883 
11813 0.166389 -0.0169443 
11814 0.166787 0.182854 
11815 0.166982 0.383587 
11816 0.333003 -0.216783 
11817 0.333641 -0.0163001 
11818 0.333004 0.183475 
11819 0.33307 0.383263 
11820 -0.317022 -0.210104 
11821 -0.316829 -0.0241161 
11822 -0.317647 0.16163 
11823 -0.317614 0.34729 
11824 -0.161049 -0.210389 
11825 -0.162146 -0.023867 
11826 -0.1616 0.162132 
11827 -0.161874 0.34756 
11828 -0.00627082 -0.209995 
11829 -0.00719622 -0.0233718 
11830 -0.00698897 0.161757 
11831 -0.00776596 0.347236 
11832 0.147877 -0.20931 
11833 0.147987 -0.0236805 
11834 0.147435 0.162314 
11835 0.146786 0.347455 
11836 0.303227 -0.208521 
11837 0.301969 -0.0230666 
11838 0.301649 0.162305 
11839 0.301334 0.347465 
11840 -0.30305 -0.205275 
11841 -0.30368 -0.0311676 
11842 -0.303255 0.142762 
11843 -0.30427 0.3172 
11844 -0.157599 -0.203761 
11845 -0.15794 -0.0297304 
11846 -0.159007 0.143242 
11847 -0.15864 0.316817 
11848 -0.012409 -0.203662 
11849 -0.0133387 -0.030054 
11850 -0.0136359 0.143886 
11851 -0.0143914 0.316502 
11852 0.132359 -0.202856 
11853 0.131437 -0.0292872 
11854 0.130206 0.143825 
11855 0.12995 0.316739 
11856 0.275696 -0.201597 
11857 0.275241 -0.0288086 
11858 0.274725 0.144849 
11859 0.273149 0.31696 
11860 -0.290853 -0.199303 
11861 -0.29201 -0.0356956 
11862 -0.292132 0.127576 
11863 -0.292635 0.290765 
11864 -0.154414 -0.198859 
11865 -0.154797 -0.0348609 
11866 -0.155801 0.12747 
11867 -0.156938 0.2904 
11868 -0.0187122 -0.19742 
11869 -0.0192646 -0.0346066 
11870 -0.0205473 0.127757 
11871 -0.0207131 0.2908 
11872 0.117215 -0.1958 
11873 0.115771 -0.0340414 
11874 0.115056 0.12847 
11875 0.113998 0.291083 
11876 0.251728 -0.195205 
11877 0.250714 -0.0328532 
11878 0.250108 0.128779 
11879 0.248555 0.291088 
11880 -0.281057 -0.194443 
11881 -0.281696 -0.0401588 
11882 -0.28318 0.11351 
11883 -0.283592 0.267371 
11884 -0.152669 -0.193499 
11885 -0.153617 -0.0388539 
11886 -0.154335 0.11439 
11887 -0.155487 0.267216 
11888 -0.0236469 -0.191914 
11889 -0.0249059 -0.0379362 
11890 -0.0263008 0.114635 
11891 -0.0275783 0.267193 
11892 0.103282 -0.190652 
11893 0.102738 -0.0368889 
11894 0.101445 0.115914 
11895 0.0997501 0.267829 
11896 0.230242 -0.189353 
11897 0.228804 -0.0365976 
11898 0.227258 0.116467 
11899 0.226011 0.267946 
11900 -0.272128 -0.190473 
11901 -0.273266 -0.0435583 
11902 -0.27503 0.101694 
11903 -0.275951 0.247229 
11904 -0.150271 -0.187776 
11905 -0.152104 -0.042398 
11906 -0.152591 0.102779 
11907 -0.153755 0.246938 
11908 -0.0289844 -0.186668 
11909 -0.0303411 -0.0415684 
11910 -0.0320951 0.102931 
11911 -0.0337763 0.247811 
11912 0.0910131 -0.185053 
11913 0.0901685 -0.0396761 
11914 0.0878804 0.103863 
11915 0.0862303 0.248364 
11916 0.211037 -0.183325 
11917 0.208923 -0.0389252 
11918 0.20807 0.104604 
11919 0.206224 0.248469 
11920 -0.265042 -0.185695 
11921 -0.266607 -0.0472267 
11922 -0.268192 0.0916843 
11923 -0.268743 0.228917 
11924 -0.149148 -0.183647 
11925 -0.150975 -0.0450811 
11926 -0.152809 0.092062 
11927 -0.153314 0.22936 
11928 -0.0342823 -0.181475 
11929 -0.0361187 -0.0441036 
11930 -0.0380537 0.0935891 
11931 -0.038811 0.229784 
11932 0.0794986 -0.179919 
11933 0.0777615 -0.0420877 
11934 0.0759156 0.0937212 
11935 0.0744455 0.230497 
11936 0.192759 -0.177672 
11937 0.191585 -0.0413796 
11938 0.188964 0.0954593 
11939 0.187272 0.230529 
11940 -0.258945 -0.181462 
11941 -0.260516 -0.0488371 
11942 -0.262107 0.0817451 
11943 -0.263729 0.212716 
11944 -0.149185 -0.178889 
11945 -0.150636 -0.0476689 
11946 -0.152586 0.0830748 
11947 -0.153923 0.213549 
11948 -0.0394928 -0.176867 
11949 -0.0407692 -0.0462184 
11950 -0.0431784 0.0846985 
11951 -0.0453025 0.214605 
11952 0.0692126 -0.174484 
11953 0.0666857 -0.0442325 
11954 0.0647736 0.0855328 
11955 0.0626588 0.215126 
11956 0.176681 -0.172111 
11957 0.174462 -0.0427985 
11958 0.172172 0.0867158 
11959 0.169829 0.215703 
11960 -0.253763 -0.176848 
11961 -0.25562 -0.051105 
11962 -0.25692 0.0744972 
11963 -0.258366 0.198786 
11964 -0.148462 -0.17435 
11965 -0.150332 -0.0493835 
11966 -0.151834 0.0752744 
11967 -0.153717 0.200236 
11968 -0.0444907 -0.172222 
11969 -0.0460387 -0.0470888 
11970 -0.0488294 0.0767849 
11971 -0.0503572 0.201109 
11972 0.0590002 -0.169323 
11973 0.0568308 -0.0454327 
11974 0.0551426 0.0781183 
11975 0.05285 0.201423 
11976 0.161648 -0.167251 
11977 0.158973 -0.0435086 
11978 0.156401 0.0798237 
11979 0.15406 0.202048 
11980 -0.24967 -0.172054 
11981 -0.251189 -0.0518648 
11982 -0.2532 0.0678663 
11983 -0.255363 0.186587 
11984 -0.148608 -0.170093 
11985 -0.150653 -0.0505538 
11986 -0.153305 0.0693202 
11987 -0.155075 0.187199 
11988 -0.0489442 -0.16678 
11989 -0.0516076 -0.0484772 
11990 -0.0534816 0.0700611 
11991 -0.0561243 0.188089 
11992 0.049749 -0.164047 
11993 0.0471889 -0.0457714 
11994 0.0446667 0.0717586 
11995 0.0420682 0.189968 
11996 0.146993 -0.162292 
11997 0.145276 -0.0442736 
11998 0.142752 0.073751 
11999 0.139709 0.190831 
12000 -0.245795 -0.168075 
12001 -0.247345 -0.0533213 
12002 -0.250138 0.0611242 
12003 -0.251775 0.17563 
12004 -0.149608 -0.165347 
12005 -0.151264 -0.0510565 
12006 -0.15411 0.0628426 
12007 -0.155464 0.176222 
12008 -0.0541881 -0.162011 
12009 -0.0559918 -0.0486915 
12010 -0.0586734 0.06438 
12011 -0.060738 0.177404 
12012 0.0411344 -0.160131 
12013 0.038622 -0.046689 
12014 0.0353049 0.0667765 
12015 0.0330036 0.179179 
12016 0.134481 -0.157127 
12017 0.132032 -0.0438724 
12018 0.128747 0.0685252 
12019 0.126252 0.180131 
12020 -0.242495 -0.163649 
12021 -0.24512 -0.0538566 
12022 -0.247191 0.0560997 
12023 -0.249365 0.165323 
12024 -0.149424 -0.1614 
12025 -0.152201 -0.0513692 
12026 -0.15497 0.0576488 
12027 -0.15666 0.166505 
12028 -0.0578893 -0.158227 
12029 -0.0605191 -0.0484396 
12030 -0.0636657 0.0597511 
12031 -0.0660766 0.168395 
12032 0.0322905 -0.155163 
12033 0.0294142 -0.046927 
12034 0.0269661 0.0617268 
12035 0.0238608 0.169823 
12036 0.121368 -0.152052 
12037 0.11937 -0.0441882 
12038 0.116295 0.0634335 
12039 0.112844 0.171058 
12040 -0.240061 -0.159427 
12041 -0.241843 -0.0541433 
12042 -0.244546 0.0516566 
12043 -0.246821 0.157141 
12044 -0.150479 -0.156887 
12045 -0.153359 -0.0510274 
12046 -0.156456 0.054051 
12047 -0.158139 0.158197 
12048 -0.0632958 -0.153984 
12049 -0.0652558 -0.0485065 
12050 -0.0685022 0.0555038 
12051 -0.0705775 0.160065 
12052 0.0238397 -0.150061 
12053 0.0212142 -0.0456872 
12054 0.0183939 0.0577114 
12055 0.0151625 0.161264 
12056 0.11037 -0.146855 
12057 0.107081 -0.0431758 
12058 0.103603 0.0598951 
12059 0.100933 0.162164 
12060 -0.237949 -0.155541 
12061 -0.240624 -0.0540264 
12062 -0.242667 0.0477357 
12063 -0.245636 0.148721 
12064 -0.152481 -0.152738 
12065 -0.154718 -0.0509171 
12066 -0.157628 0.0500607 
12067 -0.160649 0.151023 
12068 -0.0670114 -0.149246 
12069 -0.0698472 -0.0482999 
12070 -0.0733399 0.0524404 
12071 -0.0764536 0.152431 
12072 0.0158627 -0.14623 
12073 0.0128819 -0.0455131 
12074 0.00989364 0.0538981 
12075 0.00693702 0.153794 
12076 0.0994111 -0.142251 
12077 0.0959678 -0.0426321 
12078 0.0930954 0.0566124 
12079 0.0896438 0.155278 
12080 -0.235882 -0.151155 
12081 -0.2385 -0.0530213 
12082 -0.241563 0.0444766 
12083 -0.244199 0.141825 
12084 -0.153319 -0.147937 
12085 -0.156389 -0.0500349 
12086 -0.159534 0.0469649 
12087 -0.162164 0.144252 
12088 -0.0720815 -0.144573 
12089 -0.0752791 -0.0472082 
12090 -0.0780471 0.0491526 
12091 -0.0812139 0.145315 
12092 0.00903665 -0.14132 
12093 0.00522295 -0.0448318 
12094 0.0028578 0.05122 
12095 -0.00062465 0.146949 
12096 0.0885606 -0.138268 
12097 0.0855982 -0.0424005 
12098 0.0818168 0.0539612 
12099 0.07852 0.148447 
12100 -0.234082 -0.146868 
12101 -0.237386 -0.0522937 
12102 -0.240422 0.0424312 
12103 -0.243413 0.136132 
12104 -0.15486 -0.143532 
12105 -0.158069 -0.0497973 
12106 -0.161082 0.0441707 
12107 -0.164198 0.138397 
12108 -0.0766149 -0.140201 
12109 -0.0798027 -0.046377 
12110 -0.0829346 0.0471552 
12111 -0.0855935 0.140262 
12112 0.0012903 -0.136729 
12113 -0.00180626 -0.0435359 
12114 -0.00490355 0.0488565 
12115 -0.00865705 0.141362 
12116 0.0787576 -0.133398 
12117 0.0754461 -0.0405379 
12118 0.0718481 0.0516112 
12119 0.0677548 0.143613 
12120 -0.23381 -0.143388 
12121 -0.236874 -0.0516002 
12122 -0.240191 0.0399198 
12123 -0.242785 0.130385 
12124 -0.156686 -0.139408 
12125 -0.160138 -0.0486708 
12126 -0.162777 0.0425506 
12127 -0.166291 0.132781 
12128 -0.0803051 -0.135795 
12129 -0.0835955 -0.0456859 
12130 -0.0867709 0.044466 
12131 -0.0907375 0.13497 
12132 -0.00563849 -0.131821 
12133 -0.00872411 -0.0418798 
12134 -0.0123054 0.0475771 
12135 -0.0160191 0.136397 
12136 0.0682775 -0.129185 
12137 0.0652613 -0.0395862 
12138 0.0616025 0.0492616 
12139 0.0585851 0.138205 
12140 -0.23305 -0.138674 
12141 -0.23661 -0.0499317 
12142 -0.239244 0.0379036 
12143 -0.24215 0.126274 
12144 -0.158161 -0.134754 
12145 -0.161363 -0.0468403 
12146 -0.165343 0.0404885 
12147 -0.168352 0.127864 
12148 -0.0844298 -0.131536 
12149 -0.0880946 -0.0443581 
12150 -0.0918223 0.042969 
12151 -0.0948122 0.129781 
12152 -0.0120528 -0.127585 
12153 -0.0160001 -0.0405147 
12154 -0.0188372 0.0458892 
12155 -0.0228942 0.13204 
12156 0.0599766 -0.124419 
12157 0.0559212 -0.0381935 
12158 0.0527331 0.0484104 
12159 0.0487326 0.133561 
12160 -0.232569 -0.134731 
12161 -0.236137 -0.0492805 
12162 -0.239541 0.0370966 
12163 -0.242451 0.121813 
12164 -0.160423 -0.131011 
12165 -0.163461 -0.0460873 
12166 -0.167682 0.0391161 
12167 -0.170204 0.123784 
12168 -0.0887567 -0.127213 
12169 -0.09293 -0.0427635 
12170 -0.0965778 0.0422179 
12171 -0.0997512 0.126028 
12172 -0.0192565 -0.122849 
12173 -0.0224483 -0.0386912 
12174 -0.0259874 0.0448245 
12175 -0.0297504 0.127858 
12176 0.0504517 -0.119756 
12177 0.0467174 -0.0356227 
12178 0.0432347 0.0469315 
12179 0.039143 0.130095 
12180 -0.232031 -0.130091 
12181 -0.236166 -0.0471978 
12182 -0.239647 0.0352501 
12183 -0.242939 0.118566 
12184 -0.161937 -0.126751 
12185 -0.165645 -0.0435012 
12186 -0.169481 0.038716 
12187 -0.17323 0.120605 
12188 -0.093804 -0.12235 
12189 -0.0973537 -0.040641 
12190 -0.100898 0.0408671 
12191 -0.104092 0.122229 
12192 -0.0246921 -0.11861 
12193 -0.0286158 -0.0374895 
12194 -0.0324981 0.0440806 
12195 -0.0359922 0.125179 
12196 0.0418341 -0.115503 
12197 0.0380884 -0.033823 
12198 0.0344031 0.0463258 
12199 0.0311138 0.127208 
