11900 -0.333329 -0.216213 
11901 -0.333018 -0.0167197 
11902 -0.333386 0.183659 
11903 -0.333391 0.382921 
11904 -0.166191 -0.216683 
11905 -0.167084 -0.0168602 
11906 -0.166703 0.183638 
11907 -0.166823 0.382973 
11908 0.000132012 -0.216715 
11909 0.000112446 -0.0169215 
11910 4.69648e-05 0.183582 
11911 -0.00015904 0.383316 
11912 0.166598 -0.216952 
11913 0.16697 -0.0169474 
11914 0.167071 0.183368 
11915 0.166525 0.383345 
11916 0.333024 -0.216445 
11917 0.33376 -0.0163049 
11918 0.333163 0.183051 
11919 0.333103 0.383567 
11920 -0.317226 -0.207945 
11921 -0.318315 -0.0220582 
11922 -0.317995 0.16451 
11923 -0.318072 0.350444 
11924 -0.162011 -0.207112 
11925 -0.162801 -0.0215689 
11926 -0.163452 0.16426 
11927 -0.162998 0.350433 
11928 -0.00756227 -0.207003 
11929 -0.00784154 -0.0212373 
11930 -0.00768201 0.165074 
11931 -0.0081359 0.350021 
11932 0.147698 -0.206255 
11933 0.147124 -0.0205393 
11934 0.146493 0.164771 
11935 0.146315 0.350162 
11936 0.302177 -0.20586 
11937 0.301263 -0.0202803 
11938 0.301074 0.165246 
11939 0.300959 0.350497 
11940 -0.303878 -0.20024 
11941 -0.304813 -0.0256728 
11942 -0.30502 0.147879 
11943 -0.306424 0.322068 
11944 -0.158766 -0.199081 
11945 -0.159798 -0.0253056 
11946 -0.160649 0.148538 
11947 -0.161492 0.322698 
11948 -0.0144027 -0.197919 
11949 -0.0151723 -0.0246261 
11950 -0.0151238 0.148974 
11951 -0.0158983 0.322 
11952 0.13026 -0.197109 
11953 0.1293 -0.0237978 
11954 0.128646 0.149457 
11955 0.127601 0.322408 
11956 0.274463 -0.195557 
11957 0.273608 -0.0231477 
11958 0.272166 0.150256 
11959 0.271776 0.32298 
11960 -0.292859 -0.192642 
11961 -0.294086 -0.0289455 
11962 -0.295011 0.134501 
11963 -0.295425 0.297845 
11964 -0.156942 -0.190848 
11965 -0.157093 -0.0272274 
11966 -0.158248 0.135179 
11967 -0.15961 0.298359 
11968 -0.0204299 -0.189444 
11969 -0.0218389 -0.0266361 
11970 -0.0221892 0.135993 
11971 -0.023952 0.297791 
11972 0.115188 -0.18848 
11973 0.113811 -0.0256309 
11974 0.112261 0.136685 
11975 0.111522 0.298236 
11976 0.249881 -0.1872 
11977 0.248356 -0.0246073 
11978 0.247319 0.137472 
11979 0.245933 0.299236 
11980 -0.283993 -0.185214 
11981 -0.284286 -0.0305504 
11982 -0.286244 0.122972 
11983 -0.287564 0.276115 
11984 -0.155188 -0.183789 
11985 -0.156176 -0.0300345 
11986 -0.1571 0.123876 
11987 -0.15897 0.276743 
11988 -0.0269636 -0.182014 
11989 -0.0283479 -0.0288153 
11990 -0.0294816 0.124711 
11991 -0.0311962 0.27766 
11992 0.100682 -0.179907 
11993 0.0995846 -0.0267656 
11994 0.0984396 0.125896 
11995 0.0963212 0.277623 
11996 0.227943 -0.178323 
11997 0.225883 -0.0262195 
11998 0.224845 0.126047 
11999 0.222511 0.278258 
12000 -0.275716 -0.178952 
12001 -0.27743 -0.0327753 
12002 -0.278246 0.112686 
12003 -0.279353 0.258046 
12004 -0.153909 -0.176114 
12005 -0.154646 -0.0313307 
12006 -0.156989 0.114099 
12007 -0.157942 0.258333 
12008 -0.0324504 -0.174918 
12009 -0.0341113 -0.0297824 
12010 -0.0355286 0.11528 
12011 -0.037342 0.258912 
12012 0.0879848 -0.172288 
12013 0.0865802 -0.0279827 
12014 0.0847417 0.116439 
12015 0.0827107 0.260254 
12016 0.207339 -0.170184 
12017 0.206231 -0.0262873 
12018 0.204244 0.117531 
12019 0.202105 0.260772 
12020 -0.268721 -0.17215 
12021 -0.270691 -0.0338061 
12022 -0.272506 0.10387 
12023 -0.27345 0.241976 
12024 -0.152502 -0.170204 
12025 -0.154946 -0.0323139 
12026 -0.156518 0.105193 
12027 -0.158607 0.242641 
12028 -0.0383382 -0.1678 
12029 -0.039601 -0.0301718 
12030 -0.0418533 0.106849 
12031 -0.0433025 0.243485 
12032 0.0757502 -0.16503 
12033 0.0741715 -0.0282371 
12034 0.0723171 0.108091 
12035 0.0703734 0.24416 
12036 0.189556 -0.163061 
12037 0.187712 -0.0268421 
12038 0.18493 0.109393 
12039 0.183322 0.244639 
12040 -0.262907 -0.166147 
12041 -0.264981 -0.0341084 
12042 -0.26655 0.0968368 
12043 -0.268612 0.22827 
12044 -0.152799 -0.163691 
12045 -0.154313 -0.032332 
12046 -0.156824 0.0984647 
12047 -0.158708 0.228898 
12048 -0.0432088 -0.161396 
12049 -0.0457301 -0.0304443 
12050 -0.048028 0.0996996 
12051 -0.0499271 0.229386 
12052 0.0647191 -0.158063 
12053 0.0630541 -0.0283297 
12054 0.06021 0.101424 
12055 0.0580366 0.231171 
12056 0.172749 -0.156042 
12057 0.170538 -0.0268969 
12058 0.168215 0.103146 
12059 0.165464 0.232008 
12060 -0.258231 -0.16004 
12061 -0.260374 -0.0341432 
12062 -0.262629 0.0906251 
12063 -0.264793 0.215991 
12064 -0.153066 -0.157499 
12065 -0.154677 -0.0326069 
12066 -0.157338 0.0919795 
12067 -0.159113 0.217059 
12068 -0.0485119 -0.154799 
12069 -0.0507773 -0.0300009 
12070 -0.0529764 0.0943576 
12071 -0.0555206 0.217296 
12072 0.0543869 -0.152316 
12073 0.0520004 -0.028129 
12074 0.0495699 0.0958436 
12075 0.0477631 0.218829 
12076 0.156965 -0.149412 
12077 0.154467 -0.0262616 
12078 0.152427 0.0975252 
12079 0.149023 0.219706 
12080 -0.254058 -0.153802 
12081 -0.255648 -0.0345112 
12082 -0.258115 0.0851785 
12083 -0.261176 0.204916 
12084 -0.152946 -0.151055 
12085 -0.155819 -0.0316464 
12086 -0.157788 0.087271 
12087 -0.161126 0.205985 
12088 -0.0534062 -0.148156 
12089 -0.0566956 -0.0300245 
12090 -0.0589343 0.0890738 
12091 -0.0611617 0.206677 
12092 0.0445768 -0.145295 
12093 0.0421493 -0.027714 
12094 0.0397961 0.0907192 
12095 0.0365685 0.207908 
12096 0.142443 -0.142357 
12097 0.139795 -0.0250504 
12098 0.137508 0.0926702 
12099 0.134583 0.209939 
12100 -0.250208 -0.148818 
12101 -0.253099 -0.0339014 
12102 -0.255697 0.0805372 
12103 -0.257608 0.195359 
12104 -0.153908 -0.145769 
12105 -0.156994 -0.0312994 
12106 -0.158789 0.0824269 
12107 -0.162392 0.196382 
12108 -0.0580899 -0.142328 
12109 -0.0613606 -0.0288538 
12110 -0.0642651 0.0844288 
12111 -0.0671109 0.198338 
12112 0.0356503 -0.139324 
12113 0.0330606 -0.0260625 
12114 0.0298311 0.08651 
12115 0.0267559 0.199272 
12116 0.128822 -0.136585 
12117 0.125779 -0.0240443 
12118 0.123624 0.0885348 
12119 0.120744 0.200584 
12120 -0.247305 -0.142894 
12121 -0.250512 -0.0325041 
12122 -0.253286 0.0772898 
12123 -0.255154 0.186331 
12124 -0.154609 -0.139338 
12125 -0.15727 -0.0297384 
12126 -0.160219 0.0795259 
12127 -0.163422 0.1886 
12128 -0.0637194 -0.136351 
12129 -0.0665104 -0.0269783 
12130 -0.069497 0.0816375 
12131 -0.0723211 0.189222 
12132 0.0271382 -0.133511 
12133 0.024355 -0.0243677 
12134 0.0205725 0.082947 
12135 0.0178765 0.19074 
12136 0.116712 -0.130553 
12137 0.113384 -0.021829 
12138 0.110259 0.0853609 
12139 0.106811 0.192979 
12140 -0.245367 -0.137752 
12141 -0.247976 -0.0315237 
12142 -0.250896 0.0741831 
12143 -0.254261 0.179728 
12144 -0.155907 -0.134045 
12145 -0.158664 -0.0287598 
12146 -0.16209 0.0765979 
12147 -0.165107 0.180634 
12148 -0.0683404 -0.131115 
12149 -0.0714881 -0.0258831 
12150 -0.0744584 0.0782173 
12151 -0.0771838 0.182531 
12152 0.0187088 -0.127609 
12153 0.0152845 -0.022787 
12154 0.0118265 0.080297 
12155 0.00857024 0.183971 
12156 0.104923 -0.124542 
12157 0.101211 -0.0205348 
12158 0.0982199 0.0828835 
12159 0.0951136 0.186031 
12160 -0.242482 -0.132263 
12161 -0.246041 -0.030428 
12162 -0.249166 0.0713497 
12163 -0.252131 0.17246 
12164 -0.157716 -0.128748 
12165 -0.160206 -0.0274223 
12166 -0.163622 0.0735598 
12167 -0.16737 0.174925 
12168 -0.0726832 -0.125255 
12169 -0.0763436 -0.0248046 
12170 -0.0792418 0.0763668 
12171 -0.0830172 0.176238 
12172 0.0107319 -0.121234 
12173 0.007493 -0.0215865 
12174 0.00379762 0.0783571 
12175 0.000309068 0.178134 
12176 0.0929914 -0.118338 
12177 0.0895317 -0.0189405 
12178 0.0862729 0.0801415 
12179 0.08286 0.179973 
12180 -0.241943 -0.126872 
12181 -0.244356 -0.0284494 
12182 -0.248155 0.0691556 
12183 -0.251319 0.167295 
12184 -0.158996 -0.123167 
12185 -0.162134 -0.0250488 
12186 -0.16613 0.0713294 
12187 -0.169344 0.16872 
12188 -0.0776456 -0.119733 
12189 -0.0808555 -0.0227787 
12190 -0.0846133 0.0741541 
12191 -0.0879419 0.171115 
12192 0.00310327 -0.115516 
12193 -0.00032593 -0.0195955 
12194 -0.00387041 0.0762498 
12195 -0.00792055 0.17233 
12196 0.0826378 -0.112105 
12197 0.0794134 -0.0167354 
12198 0.07515 0.0794517 
12199 0.0717372 0.174168 
12200 -0.240599 -0.121253 
12201 -0.244136 -0.0267601 
12202 -0.247545 0.0677508 
12203 -0.250249 0.162322 
12204 -0.160424 -0.117637 
12205 -0.163853 -0.024028 
12206 -0.167391 0.0705129 
12207 -0.170852 0.163892 
12208 -0.0823777 -0.114243 
12209 -0.0860246 -0.0207001 
12210 -0.0892536 0.0728846 
12211 -0.0930458 0.165507 
12212 -0.00477027 -0.110211 
12213 -0.00788988 -0.0171834 
12214 -0.011596 0.0751977 
12215 -0.0149701 0.167643 
12216 0.0717986 -0.107008 
12217 0.0686734 -0.0139605 
12218 0.064948 0.0776913 
12219 0.0610712 0.169619 
12220 -0.239943 -0.115715 
12221 -0.243338 -0.024682 
12222 -0.246752 0.0667296 
12223 -0.250107 0.157377 
12224 -0.162685 -0.112382 
12225 -0.165892 -0.0216605 
12226 -0.169839 0.0690274 
12227 -0.173906 0.159302 
12228 -0.0867824 -0.108714 
12229 -0.0904124 -0.0187248 
12230 -0.0943174 0.0716101 
12231 -0.0973422 0.161856 
12232 -0.0117772 -0.104967 
12233 -0.01568 -0.0149544 
12234 -0.0194462 0.0740246 
12235 -0.0223766 0.163923 
12236 0.0623339 -0.101365 
12237 0.0587532 -0.0123857 
12238 0.0553064 0.0767578 
12239 0.0508658 0.166026 
12240 -0.238634 -0.11098 
12241 -0.243224 -0.0221057 
12242 -0.246985 0.0656514 
12243 -0.250418 0.153546 
12244 -0.165042 -0.106567 
12245 -0.167967 -0.0194855 
12246 -0.171852 0.0681369 
12247 -0.17606 0.155572 
12248 -0.0911079 -0.102775 
12249 -0.094804 -0.0156892 
12250 -0.0991747 0.0709969 
12251 -0.102255 0.157724 
12252 -0.0184813 -0.0996838 
12253 -0.021987 -0.0122971 
12254 -0.0261365 0.0737695 
12255 -0.0301642 0.160397 
12256 0.0526629 -0.0955275 
12257 0.048974 -0.00990615 
12258 0.0455419 0.0768449 
12259 0.0410867 0.162039 
12260 -0.238971 -0.105301 
12261 -0.24291 -0.0199481 
12262 -0.2469 0.0654264 
12263 -0.250644 0.150174 
12264 -0.166471 -0.101998 
12265 -0.170452 -0.0166269 
12266 -0.174469 0.0677843 
12267 -0.178426 0.152863 
12268 -0.0959404 -0.0974833 
12269 -0.0997172 -0.0132863 
12270 -0.103253 0.0710751 
12271 -0.107043 0.154645 
12272 -0.0252565 -0.0935748 
12273 -0.0297252 -0.0104881 
12274 -0.0330915 0.0734788 
12275 -0.0370579 0.15719 
12276 0.0437887 -0.0902985 
12277 0.0398665 -0.00673108 
12278 0.0364458 0.0759597 
12279 0.0320923 0.159924 
12280 -0.238717 -0.100807 
12281 -0.242432 -0.0176371 
12282 -0.246435 0.0648659 
12283 -0.250671 0.148172 
12284 -0.16884 -0.096649 
12285 -0.172822 -0.0143857 
12286 -0.177414 0.0681828 
12287 -0.180984 0.150159 
12288 -0.0995206 -0.0928778 
12289 -0.103848 -0.0112493 
12290 -0.10783 0.0713597 
12291 -0.111559 0.152612 
12292 -0.0318175 -0.0890736 
12293 -0.0357561 -0.00770734 
12294 -0.0400339 0.0738631 
12295 -0.0437921 0.154823 
12296 0.0357355 -0.0848342 
12297 0.0308172 -0.00426022 
12298 0.0277094 0.0767767 
12299 0.0231559 0.156564 
