11920 -0.333734 -0.216168 
11921 -0.33369 -0.0162238 
11922 -0.332956 0.183171 
11923 -0.333002 0.382918 
11924 -0.166191 -0.216957 
11925 -0.166479 -0.0166579 
11926 -0.16654 0.183011 
11927 -0.167027 0.383562 
11928 0.000457663 -0.216225 
11929 0.000167931 -0.0169577 
11930 0.000489876 0.183001 
11931 -0.000342279 0.382927 
11932 0.166503 -0.217135 
11933 0.166278 -0.0165115 
11934 0.166314 0.183766 
11935 0.16644 0.383589 
11936 0.333279 -0.217022 
11937 0.333657 -0.0169591 
11938 0.332898 0.183734 
11939 0.333716 0.383458 
11940 -0.317719 -0.207467 
11941 -0.31802 -0.0214042 
11942 -0.318567 0.164952 
11943 -0.318293 0.35045 
11944 -0.161937 -0.206633 
11945 -0.162528 -0.0205557 
11946 -0.163519 0.164966 
11947 -0.163172 0.350564 
11948 -0.00724948 -0.206574 
11949 -0.00770552 -0.020481 
11950 -0.0080484 0.16492 
11951 -0.00899568 0.350776 
11952 0.147836 -0.205637 
11953 0.146763 -0.0201673 
11954 0.146846 0.165381 
11955 0.145896 0.351609 
11956 0.302013 -0.204705 
11957 0.301432 -0.0200432 
11958 0.300705 0.166313 
11959 0.300565 0.351214 
11960 -0.304666 -0.198333 
11961 -0.305486 -0.0249037 
11962 -0.306307 0.149538 
11963 -0.306492 0.323204 
11964 -0.159004 -0.197734 
11965 -0.15973 -0.0241893 
11966 -0.160964 0.150016 
11967 -0.161317 0.32373 
11968 -0.0141863 -0.196232 
11969 -0.0156178 -0.0236085 
11970 -0.0163645 0.150485 
11971 -0.0163316 0.323511 
11972 0.130125 -0.19597 
11973 0.129262 -0.0225886 
11974 0.12855 0.150853 
11975 0.127785 0.323412 
11976 0.274486 -0.194776 
11977 0.273292 -0.0213457 
11978 0.272665 0.151179 
11979 0.271534 0.324277 
11980 -0.293808 -0.190216 
11981 -0.294637 -0.0268782 
11982 -0.295321 0.136577 
11983 -0.29624 0.299728 
11984 -0.156813 -0.18886 
11985 -0.157827 -0.0256172 
11986 -0.158708 0.136743 
11987 -0.160024 0.300116 
11988 -0.02072 -0.187469 
11989 -0.0221041 -0.0252654 
11990 -0.0233305 0.137697 
11991 -0.0243804 0.300307 
11992 0.114159 -0.186597 
11993 0.113314 -0.0237824 
11994 0.112567 0.138374 
11995 0.111061 0.300276 
11996 0.24946 -0.185336 
11997 0.247693 -0.0225634 
11998 0.246396 0.138675 
11999 0.245786 0.300304 
12000 -0.283663 -0.183367 
12001 -0.285343 -0.0292685 
12002 -0.286181 0.124992 
12003 -0.287771 0.278225 
12004 -0.154696 -0.1813 
12005 -0.15651 -0.0278604 
12006 -0.15821 0.125487 
12007 -0.159228 0.278737 
12008 -0.0267842 -0.179775 
12009 -0.0282718 -0.0261796 
12010 -0.029563 0.127197 
12011 -0.0313581 0.279528 
12012 0.100522 -0.178196 
12013 0.0993224 -0.0246026 
12014 0.0975856 0.127396 
12015 0.0955747 0.280427 
12016 0.226857 -0.176044 
12017 0.225738 -0.0233984 
12018 0.223868 0.128473 
12019 0.222088 0.280044 
12020 -0.276373 -0.176322 
12021 -0.277483 -0.0297143 
12022 -0.278973 0.114897 
12023 -0.28024 0.260279 
12024 -0.153901 -0.174196 
12025 -0.155256 -0.0283628 
12026 -0.157228 0.11643 
12027 -0.159173 0.261404 
12028 -0.0324682 -0.171659 
12029 -0.0348584 -0.0266775 
12030 -0.0361082 0.117321 
12031 -0.0383819 0.262374 
12032 0.0874928 -0.169967 
12033 0.0861205 -0.0258291 
12034 0.0842067 0.118357 
12035 0.0822962 0.262599 
12036 0.207326 -0.167741 
12037 0.205366 -0.0236491 
12038 0.203593 0.119226 
12039 0.201582 0.263336 
12040 -0.269004 -0.169317 
12041 -0.270848 -0.0304044 
12042 -0.272475 0.10706 
12043 -0.274947 0.244717 
12044 -0.153851 -0.166581 
12045 -0.155437 -0.0291272 
12046 -0.157346 0.108662 
12047 -0.15901 0.246148 
12048 -0.0389835 -0.164677 
12049 -0.0401075 -0.0270584 
12050 -0.0425356 0.109702 
12051 -0.0442081 0.246962 
12052 0.075732 -0.16258 
12053 0.0732344 -0.0252837 
12054 0.0709199 0.111524 
12055 0.0688599 0.247138 
12056 0.188786 -0.160052 
12057 0.18662 -0.0241293 
12058 0.184273 0.11228 
12059 0.182718 0.248484 
12060 -0.26331 -0.162384 
12061 -0.265926 -0.0311388 
12062 -0.267787 0.0997546 
12063 -0.269338 0.230858 
12064 -0.153014 -0.15981 
12065 -0.155447 -0.0287735 
12066 -0.157823 0.101305 
12067 -0.160161 0.232061 
12068 -0.0436425 -0.157646 
12069 -0.0466145 -0.0269667 
12070 -0.0486648 0.103564 
12071 -0.0507466 0.232733 
12072 0.0641732 -0.15483 
12073 0.0624018 -0.0255171 
12074 0.05926 0.104869 
12075 0.057205 0.234166 
12076 0.171985 -0.15252 
12077 0.169566 -0.0226873 
12078 0.166915 0.10576 
12079 0.164531 0.234572 
12080 -0.258274 -0.156309 
12081 -0.260386 -0.0311433 
12082 -0.26343 0.0944572 
12083 -0.265748 0.21965 
12084 -0.154003 -0.153582 
12085 -0.155995 -0.0282962 
12086 -0.15797 0.0960506 
12087 -0.160591 0.220455 
12088 -0.0494734 -0.151232 
12089 -0.0513021 -0.0268276 
12090 -0.0543433 0.0973891 
12091 -0.0562866 0.221575 
12092 0.0538275 -0.148056 
12093 0.0513782 -0.024694 
12094 0.0491412 0.0995046 
12095 0.0466202 0.222953 
12096 0.156345 -0.14578 
12097 0.153832 -0.0223022 
12098 0.150607 0.100975 
12099 0.14861 0.223259 
12100 -0.254083 -0.150016 
12101 -0.256748 -0.0306095 
12102 -0.259693 0.0894508 
12103 -0.261704 0.208822 
12104 -0.153711 -0.147503 
12105 -0.157067 -0.0283846 
12106 -0.15889 0.090675 
12107 -0.161635 0.209927 
12108 -0.054919 -0.144822 
12109 -0.0573734 -0.0258117 
12110 -0.0600838 0.0930934 
12111 -0.0627812 0.210956 
12112 0.0444287 -0.141032 
12113 0.0414818 -0.0235027 
12114 0.0381868 0.0945585 
12115 0.0358513 0.211852 
12116 0.141824 -0.138633 
12117 0.139397 -0.0214716 
12118 0.136368 0.0959578 
12119 0.132877 0.213754 
12120 -0.251217 -0.144413 
12121 -0.253783 -0.0290838 
12122 -0.256423 0.0848179 
12123 -0.259521 0.198905 
12124 -0.155292 -0.141345 
12125 -0.157266 -0.027251 
12126 -0.160227 0.0873758 
12127 -0.162941 0.200922 
12128 -0.0594242 -0.138222 
12129 -0.0621519 -0.0239963 
12130 -0.065566 0.0885457 
12131 -0.067648 0.202123 
12132 0.0348848 -0.135359 
12133 0.0319701 -0.0222914 
12134 0.0292603 0.090436 
12135 0.0264939 0.203448 
12136 0.12854 -0.131664 
12137 0.124786 -0.0195088 
12138 0.121778 0.0928129 
12139 0.119398 0.204672 
12140 -0.248688 -0.138724 
12141 -0.251548 -0.0278903 
12142 -0.253496 0.0819052 
12143 -0.25665 0.190673 
12144 -0.156224 -0.135144 
12145 -0.159243 -0.0252012 
12146 -0.161732 0.0839214 
12147 -0.164656 0.192886 
12148 -0.0641688 -0.132335 
12149 -0.0671027 -0.0228379 
12150 -0.0704563 0.0858091 
12151 -0.0731667 0.194083 
12152 0.0264005 -0.128453 
12153 0.0227093 -0.0208136 
12154 0.0197972 0.087396 
12155 0.0164905 0.19586 
12156 0.115568 -0.125554 
12157 0.112787 -0.0172607 
12158 0.109345 0.0897249 
12159 0.106241 0.197267 
12160 -0.245822 -0.13243 
12161 -0.248663 -0.0265332 
12162 -0.252074 0.0788973 
12163 -0.25545 0.184193 
12164 -0.157469 -0.129012 
12165 -0.159958 -0.0237066 
12166 -0.163206 0.0812381 
12167 -0.166435 0.185659 
12168 -0.0696509 -0.125615 
12169 -0.0720132 -0.0213075 
12170 -0.0757543 0.0832454 
12171 -0.0788735 0.186976 
12172 0.0175822 -0.122831 
12173 0.0141391 -0.018235 
12174 0.0111558 0.0856354 
12175 0.0076626 0.188957 
12176 0.103062 -0.119362 
12177 0.100446 -0.0161195 
12178 0.0965626 0.087567 
12179 0.0939954 0.19077 
12180 -0.244279 -0.127199 
12181 -0.247421 -0.025671 
12182 -0.250438 0.0762018 
12183 -0.253207 0.177515 
12184 -0.158053 -0.123883 
12185 -0.161779 -0.0218494 
12186 -0.165365 0.0791133 
12187 -0.168066 0.179355 
12188 -0.0741275 -0.120407 
12189 -0.0771936 -0.0192399 
12190 -0.0802277 0.0814078 
12191 -0.0839037 0.180779 
12192 0.00948441 -0.116351 
12193 0.00660411 -0.0169897 
12194 0.00313009 0.0833008 
12195 -0.00099112 0.182789 
12196 0.0919541 -0.113289 
12197 0.0882608 -0.0139685 
12198 0.0853808 0.0852802 
12199 0.081938 0.184889 
12200 -0.243006 -0.121705 
12201 -0.245891 -0.0234827 
12202 -0.249526 0.0748556 
12203 -0.252859 0.17248 
12204 -0.160479 -0.117934 
12205 -0.163373 -0.0206467 
12206 -0.166675 0.0768615 
12207 -0.170267 0.173615 
12208 -0.0791281 -0.114064 
12209 -0.0825668 -0.0174789 
12210 -0.0855342 0.0791459 
12211 -0.0896048 0.175658 
12212 0.00158145 -0.110534 
12213 -0.00209846 -0.0144249 
12214 -0.00521611 0.0816378 
12215 -0.00891764 0.177822 
12216 0.0816447 -0.106622 
12217 0.0773928 -0.0118691 
12218 0.0746397 0.0846879 
12219 0.0705461 0.179627 
12220 -0.241661 -0.116091 
12221 -0.245382 -0.0216705 
12222 -0.248896 0.0732382 
12223 -0.252516 0.167417 
12224 -0.162163 -0.112217 
12225 -0.165025 -0.0182887 
12226 -0.168765 0.0760457 
12227 -0.172161 0.169662 
12228 -0.0830011 -0.108253 
12229 -0.0873075 -0.0154635 
12230 -0.0904148 0.078648 
12231 -0.0943512 0.171762 
12232 -0.00613521 -0.104881 
12233 -0.00899639 -0.0118811 
12234 -0.0124758 0.0807503 
12235 -0.0169685 0.173576 
12236 0.070757 -0.101366 
12237 0.0674807 -0.00850696 
12238 0.0637217 0.0836169 
12239 0.0603835 0.17513 
12240 -0.241162 -0.110041 
12241 -0.244321 -0.0193468 
12242 -0.248144 0.0725074 
12243 -0.251858 0.163282 
12244 -0.163718 -0.106184 
12245 -0.167462 -0.015446 
12246 -0.171186 0.0744245 
12247 -0.175177 0.165801 
12248 -0.0874872 -0.102629 
12249 -0.0911305 -0.0127446 
12250 -0.0955388 0.0771677 
12251 -0.0986852 0.167794 
12252 -0.0130571 -0.0989904 
12253 -0.0167544 -0.00944163 
12254 -0.0201424 0.0804608 
12255 -0.0243152 0.169774 
12256 0.061087 -0.0958837 
12257 0.0575133 -0.00634966 
12258 0.0540905 0.0821876 
12259 0.0497657 0.171062 
12260 -0.240478 -0.105522 
12261 -0.24445 -0.0168354 
12262 -0.247656 0.0713508 
12263 -0.251773 0.159663 
12264 -0.16547 -0.101405 
12265 -0.169285 -0.0138132 
12266 -0.173894 0.0742815 
12267 -0.177375 0.161737 
12268 -0.0924756 -0.0972881 
12269 -0.0961923 -0.0104383 
12270 -0.10019 0.077238 
12271 -0.103601 0.163535 
12272 -0.0201255 -0.093341 
12273 -0.024174 -0.00672267 
12274 -0.0274072 0.0792364 
12275 -0.0310515 0.165761 
12276 0.0520911 -0.0898424 
12277 0.047767 -0.00406367 
12278 0.0440451 0.0819452 
12279 0.039731 0.168 
12280 -0.239652 -0.0996519 
12281 -0.243715 -0.0144387 
12282 -0.248182 0.0717035 
12283 -0.251819 0.156769 
12284 -0.168399 -0.0962054 
12285 -0.17176 -0.0113096 
12286 -0.176169 0.0738493 
12287 -0.179487 0.158775 
12288 -0.097031 -0.0923918 
12289 -0.100904 -0.00715767 
12290 -0.104379 0.0771461 
12291 -0.108996 0.16107 
12292 -0.0268251 -0.088552 
12293 -0.0304487 -0.00454106 
12294 -0.0347821 0.0791514 
12295 -0.0385642 0.163364 
12296 0.0426483 -0.084469 
12297 0.0389633 -0.00143201 
12298 0.0350687 0.082528 
12299 0.0304445 0.165614 
12300 -0.240126 -0.0950223 
12301 -0.244681 -0.0117484 
12302 -0.248413 0.0714954 
12303 -0.252437 0.154472 
12304 -0.169889 -0.0902215 
12305 -0.174627 -0.00768938 
12306 -0.178807 0.0742168 
12307 -0.182251 0.15591 
12308 -0.101366 -0.086939 
12309 -0.1052 -0.00446876 
12310 -0.109834 0.0769945 
12311 -0.113308 0.158735 
12312 -0.0330228 -0.082558 
12313 -0.0370242 -0.000999823 
12314 -0.0415641 0.0793593 
12315 -0.0454339 0.160425 
12316 0.0337812 -0.0789111 
12317 0.0302816 0.00213427 
12318 0.0254678 0.0830175 
12319 0.0222157 0.163021 
