12320 -0.333638 -0.216264 
12321 -0.333068 -0.0164567 
12322 -0.333652 0.183153 
12323 -0.333373 0.383116 
12324 -0.166398 -0.217085 
12325 -0.166658 -0.0171374 
12326 -0.166751 0.183014 
12327 -0.16646 0.383532 
12328 0.000261904 -0.216559 
12329 -0.000315642 -0.0170829 
12330 -0.000413996 0.183533 
12331 -0.000215014 0.383469 
12332 0.166983 -0.217164 
12333 0.166883 -0.0170458 
12334 0.166878 0.183102 
12335 0.166806 0.382982 
12336 0.333213 -0.216362 
12337 0.333038 -0.0166737 
12338 0.333374 0.183774 
12339 0.332947 0.383356 
12340 -0.319909 -0.194676 
12341 -0.32077 -0.00838829 
12342 -0.321631 0.178091 
12343 -0.321784 0.363959 
12344 -0.165267 -0.194147 
12345 -0.165168 -0.0075182 
12346 -0.16574 0.178391 
12347 -0.166604 0.363879 
12348 -0.0098554 -0.192872 
12349 -0.0105129 -0.00721862 
12350 -0.0113901 0.178242 
12351 -0.011425 0.364459 
12352 0.14448 -0.192299 
12353 0.143878 -0.00687795 
12354 0.143239 0.178573 
12355 0.143566 0.364164 
12356 0.299307 -0.191809 
12357 0.298109 -0.00675914 
12358 0.298123 0.178422 
12359 0.297673 0.364184 
12360 -0.309042 -0.174087 
12361 -0.310514 -0.000618071 
12362 -0.31073 0.173245 
12363 -0.312252 0.34734 
12364 -0.163913 -0.173036 
12365 -0.164876 0.000490481 
12366 -0.165973 0.174304 
12367 -0.166769 0.348314 
12368 -0.0193399 -0.172562 
12369 -0.0198015 0.00128746 
12370 -0.0206838 0.174146 
12371 -0.0217254 0.348099 
12372 0.124833 -0.171245 
12373 0.12446 0.002325 
12374 0.123601 0.175004 
12375 0.122477 0.348793 
12376 0.268635 -0.169993 
12377 0.267739 0.00249222 
12378 0.267284 0.175414 
12379 0.266224 0.348403 
12380 -0.29964 -0.156043 
12381 -0.300791 0.00703099 
12382 -0.302913 0.170351 
12383 -0.304493 0.33414 
12384 -0.163895 -0.154902 
12385 -0.164952 0.00784172 
12386 -0.166548 0.171285 
12387 -0.167913 0.334643 
12388 -0.0281073 -0.153666 
12389 -0.0292144 0.00936227 
12390 -0.0304214 0.171852 
12391 -0.0318985 0.33514 
12392 0.107588 -0.151975 
12393 0.105772 0.00997306 
12394 0.105236 0.172146 
12395 0.104033 0.334886 
12396 0.241848 -0.150752 
12397 0.241205 0.0115328 
12398 0.239564 0.172885 
12399 0.238201 0.335753 
12400 -0.29257 -0.139068 
12401 -0.293886 0.0141197 
12402 -0.295469 0.168581 
12403 -0.29711 0.322266 
12404 -0.163558 -0.137914 
12405 -0.165108 0.0152937 
12406 -0.166793 0.169004 
12407 -0.168893 0.322399 
12408 -0.0359493 -0.136357 
12409 -0.0374006 0.0166089 
12410 -0.0384746 0.170268 
12411 -0.0403207 0.323204 
12412 0.0916793 -0.134446 
12413 0.0899706 0.0179141 
12414 0.0880706 0.171021 
12415 0.0870326 0.323511 
12416 0.217375 -0.132937 
12417 0.216846 0.0187203 
12418 0.215216 0.17148 
12419 0.214349 0.324195 
12420 -0.285289 -0.12454 
12421 -0.287884 0.0206125 
12422 -0.289699 0.167049 
12423 -0.291566 0.312522 
12424 -0.163837 -0.122032 
12425 -0.166206 0.0219572 
12426 -0.167557 0.168077 
12427 -0.169806 0.313024 
12428 -0.0432289 -0.120582 
12429 -0.0454232 0.0236476 
12430 -0.0465666 0.168473 
12431 -0.0489488 0.31332 
12432 0.0770664 -0.118599 
12433 0.0753415 0.0255437 
12434 0.0732205 0.16895 
12435 0.0719242 0.313744 
12436 0.196139 -0.116961 
12437 0.194493 0.0268075 
12438 0.193386 0.170781 
12439 0.191264 0.314897 
12440 -0.279791 -0.10984 
12441 -0.282188 0.0270284 
12442 -0.284592 0.165752 
12443 -0.28722 0.304288 
12444 -0.164395 -0.107889 
12445 -0.166867 0.0289882 
12446 -0.168939 0.16666 
12447 -0.171079 0.304529 
12448 -0.0502386 -0.106046 
12449 -0.0521825 0.0310893 
12450 -0.0547503 0.168118 
12451 -0.0563054 0.305236 
12452 0.0633773 -0.104135 
12453 0.0615453 0.0320329 
12454 0.0600954 0.168631 
12455 0.057415 0.305916 
12456 0.176407 -0.101731 
12457 0.174293 0.0337461 
12458 0.172815 0.170215 
12459 0.171274 0.306101 
12460 -0.275558 -0.0975573 
12461 -0.278486 0.0334449 
12462 -0.280945 0.164686 
12463 -0.283422 0.296432 
12464 -0.165564 -0.0952182 
12465 -0.168012 0.0354841 
12466 -0.170798 0.166244 
12467 -0.172563 0.297858 
12468 -0.0567834 -0.0929093 
12469 -0.0592027 0.0374269 
12470 -0.0610033 0.167628 
12471 -0.0630775 0.298328 
12472 0.0512175 -0.0907607 
12473 0.0490279 0.0386144 
12474 0.0468273 0.168845 
12475 0.0449285 0.298493 
12476 0.157658 -0.0888297 
12477 0.156237 0.0407214 
12478 0.154682 0.169132 
12479 0.152826 0.299634 
12480 -0.272285 -0.0850631 
12481 -0.274511 0.0399427 
12482 -0.277505 0.165289 
12483 -0.280332 0.290662 
12484 -0.16734 -0.0831094 
12485 -0.169833 0.0419875 
12486 -0.172251 0.165768 
12487 -0.174788 0.291813 
12488 -0.0632723 -0.0807291 
12489 -0.0658224 0.0428663 
12490 -0.0682122 0.167282 
12491 -0.070604 0.29244 
12492 0.0393207 -0.0783522 
12493 0.0370153 0.0453385 
12494 0.0352293 0.168186 
12495 0.0325046 0.292173 
12496 0.14118 -0.076107 
12497 0.139653 0.0461881 
12498 0.136926 0.170087 
12499 0.135556 0.293015 
12500 -0.268754 -0.0736118 
12501 -0.2716 0.0452435 
12502 -0.2747 0.165568 
12503 -0.276961 0.284935 
12504 -0.168761 -0.0709672 
12505 -0.171161 0.0477621 
12506 -0.174117 0.166117 
12507 -0.176336 0.286184 
12508 -0.070044 -0.0691705 
12509 -0.072175 0.0493908 
12510 -0.0741778 0.168018 
12511 -0.0771665 0.286804 
12512 0.0284876 -0.0664384 
12513 0.0260901 0.0508578 
12514 0.0242178 0.168591 
12515 0.0217003 0.287478 
12516 0.125594 -0.0643713 
12517 0.123387 0.052568 
12518 0.121378 0.170153 
12519 0.119371 0.287987 
12520 -0.266454 -0.0632688 
12521 -0.268657 0.0506654 
12522 -0.272072 0.165639 
12523 -0.275156 0.280358 
12524 -0.170755 -0.0611282 
12525 -0.173348 0.0525491 
12526 -0.17594 0.167416 
12527 -0.179002 0.281728 
12528 -0.0757236 -0.0587075 
12529 -0.077818 0.0546087 
12530 -0.0806194 0.16867 
12531 -0.0830698 0.282329 
12532 0.0184537 -0.056268 
12533 0.0157078 0.0566848 
12534 0.0139394 0.169397 
12535 0.0113765 0.283488 
12536 0.111115 -0.0533042 
12537 0.109408 0.058095 
12538 0.107272 0.17131 
12539 0.104974 0.283527 
12540 -0.26421 -0.0525693 
12541 -0.267523 0.0568258 
12542 -0.270799 0.166943 
12543 -0.273279 0.276997 
12544 -0.172236 -0.050038 
12545 -0.174852 0.058138 
12546 -0.178158 0.168061 
12547 -0.181158 0.277157 
12548 -0.0816089 -0.0482134 
12549 -0.0843801 0.0599553 
12550 -0.0866656 0.169452 
12551 -0.0893904 0.278187 
12552 0.00881069 -0.0457959 
12553 0.0059172 0.0622373 
12554 0.00385355 0.170239 
12555 0.00106503 0.278891 
12556 0.0976626 -0.0428913 
12557 0.0957731 0.0636949 
12558 0.0935412 0.171463 
12559 0.0906987 0.279399 
12560 -0.262957 -0.043276 
12561 -0.265432 0.061436 
12562 -0.269003 0.167232 
12563 -0.271736 0.273334 
12564 -0.174658 -0.0407552 
12565 -0.177036 0.0633077 
12566 -0.180426 0.168966 
12567 -0.183655 0.274439 
12568 -0.0866503 -0.0388009 
12569 -0.0893632 0.065722 
12570 -0.0922826 0.170289 
12571 -0.0947842 0.274634 
12572 5.6197e-06 -0.0360566 
12573 -0.00254577 0.0673935 
12574 -0.00546082 0.17095 
12575 -0.00789026 0.275685 
12576 0.0854619 -0.033542 
12577 0.0831001 0.0695035 
12578 0.0805499 0.173183 
12579 0.0784783 0.27661 
12580 -0.261505 -0.0346999 
12581 -0.264907 0.0668218 
12582 -0.268196 0.16828 
12583 -0.270969 0.2705 
12584 -0.176805 -0.0323266 
12585 -0.179641 0.0688744 
12586 -0.182588 0.169441 
12587 -0.185336 0.271164 
12588 -0.0918407 -0.0294751 
12589 -0.0949838 0.0707996 
12590 -0.0976478 0.170851 
12591 -0.10074 0.271758 
12592 -0.0094849 -0.027273 
12593 -0.0115412 0.0720471 
12594 -0.0141678 0.172851 
12595 -0.0173854 0.273308 
12596 0.073106 -0.024841 
12597 0.0707676 0.0739363 
12598 0.0680877 0.173394 
12599 0.0662563 0.273754 
12600 -0.260278 -0.026331 
12601 -0.263619 0.0718764 
12602 -0.267198 0.169333 
12603 -0.270759 0.2677 
12604 -0.178806 -0.0237481 
12605 -0.181924 0.0738034 
12606 -0.184466 0.171412 
12607 -0.188192 0.269237 
12608 -0.0972483 -0.021131 
12609 -0.100109 0.0753829 
12610 -0.103804 0.171915 
12611 -0.10673 0.270134 
12612 -0.0173789 -0.0181086 
12613 -0.0199096 0.0770836 
12614 -0.0226263 0.173627 
12615 -0.0252839 0.270562 
12616 0.061683 -0.0160081 
12617 0.0594507 0.0788122 
12618 0.0570345 0.175218 
12619 0.054647 0.271637 
12620 -0.259872 -0.0182587 
12621 -0.263516 0.0764036 
12622 -0.267129 0.171138 
12623 -0.270363 0.265897 
12624 -0.18117 -0.0149062 
12625 -0.18461 0.0781936 
12626 -0.187186 0.172043 
12627 -0.190226 0.267259 
12628 -0.102992 -0.0133998 
12629 -0.105336 0.0799317 
12630 -0.10865 0.173856 
12631 -0.111738 0.267766 
12632 -0.0254813 -0.010319 
12633 -0.028019 0.0821318 
12634 -0.0314023 0.175268 
12635 -0.0334359 0.268397 
12636 0.0508447 -0.00764926 
12637 0.0480531 0.0842076 
12638 0.0453993 0.175978 
12639 0.0437369 0.269117 
12640 -0.260278 -0.0103091 
12641 -0.263345 0.0803823 
12642 -0.267024 0.172172 
12643 -0.270165 0.263775 
12644 -0.183325 -0.00797038 
12645 -0.186842 0.0825989 
12646 -0.189971 0.174061 
12647 -0.193363 0.264625 
12648 -0.107888 -0.00497921 
12649 -0.111222 0.0844104 
12650 -0.114077 0.174841 
12651 -0.116284 0.266228 
12652 -0.0333676 -0.00282327 
12653 -0.0362374 0.0866557 
12654 -0.0388311 0.176278 
12655 -0.041487 0.266741 
12656 0.0405685 -0.000612684 
12657 0.0382386 0.0880171 
12658 0.0358666 0.177815 
12659 0.033048 0.267423 
12660 -0.25967 -0.0029774 
12661 -0.263635 0.0847962 
12662 -0.267192 0.173864 
12663 -0.270391 0.262575 
12664 -0.18619 -3.22909e-05 
12665 -0.188813 0.0872725 
12666 -0.192547 0.174914 
12667 -0.196032 0.263225 
12668 -0.112953 0.00230149 
12669 -0.115657 0.0890321 
12670 -0.118474 0.176133 
12671 -0.121917 0.263775 
12672 -0.0411063 0.00390482 
12673 -0.0437111 0.0903694 
12674 -0.0465022 0.177113 
12675 -0.0491676 0.264351 
12676 0.0303465 0.0070394 
12677 0.0279543 0.0926707 
12678 0.0250983 0.178543 
12679 0.0227072 0.265891 
12680 -0.260245 0.0046894 
12681 -0.26407 0.0891949 
12682 -0.26734 0.175436 
12683 -0.27096 0.261125 
12684 -0.188919 0.00611571 
12685 -0.191916 0.0908565 
12686 -0.195034 0.176558 
12687 -0.197694 0.262456 
12688 -0.118086 0.00914101 
12689 -0.120461 0.0931827 
12690 -0.123834 0.1777 
12691 -0.126601 0.262938 
12692 -0.0474681 0.0109015 
12693 -0.0510577 0.0949063 
12694 -0.0533874 0.178662 
12695 -0.0559437 0.263137 
12696 0.021139 0.0133757 
12697 0.0186235 0.0962358 
12698 0.0157031 0.17991 
12699 0.0132698 0.264317 
12700 -0.261084 0.0112429 
12701 -0.264617 0.0935382 
12702 -0.267261 0.176211 
12703 -0.270898 0.260058 
12704 -0.190981 0.0128397 
12705 -0.194738 0.0952557 
12706 -0.197427 0.178247 
12707 -0.200369 0.260661 
12708 -0.123068 0.0152895 
12709 -0.125904 0.0967653 
12710 -0.128529 0.178795 
12711 -0.131805 0.261763 
12712 -0.0547437 0.0172229 
12713 -0.0579034 0.0989765 
12714 -0.0602553 0.180424 
12715 -0.062547 0.262378 
12716 0.0117502 0.0203786 
12717 0.00965361 0.100429 
12718 0.00673623 0.181109 
12719 0.00484666 0.263182 
