12340 -0.333408 -0.216943 
12341 -0.333107 -0.0169461 
12342 -0.333639 0.182951 
12343 -0.33312 0.383177 
12344 -0.16624 -0.21674 
12345 -0.166253 -0.0165067 
12346 -0.166222 0.183579 
12347 -0.166399 0.383401 
12348 -4.41557e-06 -0.216262 
12349 6.43794e-05 -0.0168873 
12350 0.000202789 0.183272 
12351 0.000229866 0.383653 
12352 0.167006 -0.216636 
12353 0.167041 -0.0164201 
12354 0.166332 0.183233 
12355 0.166482 0.383039 
12356 0.333011 -0.216249 
12357 0.333401 -0.016824 
12358 0.333718 0.183793 
12359 0.332975 0.383661 
12360 -0.320253 -0.193482 
12361 -0.321081 -0.00764837 
12362 -0.320908 0.178293 
12363 -0.321534 0.364601 
12364 -0.164629 -0.192616 
12365 -0.166013 -0.00751358 
12366 -0.166029 0.179148 
12367 -0.166361 0.364816 
12368 -0.0106192 -0.192626 
12369 -0.0103453 -0.00688958 
12370 -0.0109961 0.179218 
12371 -0.0113282 0.364478 
12372 0.144619 -0.192434 
12373 0.144397 -0.00619595 
12374 0.143653 0.179203 
12375 0.143543 0.364642 
12376 0.298847 -0.191509 
12377 0.298565 -0.00645135 
12378 0.298308 0.179836 
12379 0.297443 0.364864 
12380 -0.309265 -0.172608 
12381 -0.310128 0.000494003 
12382 -0.311274 0.174222 
12383 -0.312616 0.348854 
12384 -0.164562 -0.172339 
12385 -0.165481 0.00136679 
12386 -0.166168 0.175567 
12387 -0.167315 0.349397 
12388 -0.0199006 -0.171267 
12389 -0.0206443 0.00238099 
12390 -0.0212395 0.175378 
12391 -0.021857 0.348703 
12392 0.125147 -0.169772 
12393 0.12352 0.00304661 
12394 0.123482 0.176472 
12395 0.122221 0.349423 
12396 0.268434 -0.169104 
12397 0.268141 0.00373199 
12398 0.267389 0.176588 
12399 0.266547 0.349302 
12400 -0.300555 -0.154425 
12401 -0.301758 0.00827124 
12402 -0.302753 0.171597 
12403 -0.304277 0.335714 
12404 -0.164087 -0.153006 
12405 -0.165077 0.00945969 
12406 -0.165991 0.173065 
12407 -0.167591 0.335324 
12408 -0.0281539 -0.151755 
12409 -0.0293499 0.0102549 
12410 -0.0309301 0.173459 
12411 -0.0322184 0.336223 
12412 0.106515 -0.150981 
12413 0.105372 0.0117872 
12414 0.10487 0.173338 
12415 0.103646 0.336625 
12416 0.241594 -0.149761 
12417 0.240177 0.0123123 
12418 0.239461 0.174404 
12419 0.238187 0.33711 
12420 -0.29204 -0.137858 
12421 -0.293889 0.0164234 
12422 -0.296005 0.169582 
12423 -0.297146 0.324074 
12424 -0.163555 -0.135736 
12425 -0.166014 0.0175093 
12426 -0.167196 0.171037 
12427 -0.168569 0.324628 
12428 -0.0359697 -0.134527 
12429 -0.037832 0.0182297 
12430 -0.0390673 0.171406 
12431 -0.0402464 0.324955 
12432 0.0914014 -0.133264 
12433 0.0892256 0.0194892 
12434 0.0882828 0.171915 
12435 0.0866637 0.324972 
12436 0.217313 -0.131228 
12437 0.215718 0.0210485 
12438 0.215208 0.172911 
12439 0.213698 0.325643 
12440 -0.285579 -0.121991 
12441 -0.288473 0.0235608 
12442 -0.289562 0.16849 
12443 -0.291821 0.314834 
12444 -0.164539 -0.120565 
12445 -0.16595 0.0244338 
12446 -0.167782 0.169947 
12447 -0.170338 0.31515 
12448 -0.0438967 -0.118915 
12449 -0.0452027 0.0254992 
12450 -0.0469891 0.170141 
12451 -0.0490328 0.315815 
12452 0.0759515 -0.116687 
12453 0.0748062 0.0273563 
12454 0.0733811 0.170906 
12455 0.0718429 0.316247 
12456 0.195604 -0.114782 
12457 0.194421 0.0282737 
12458 0.192203 0.17197 
12459 0.19093 0.316476 
12460 -0.280384 -0.107823 
12461 -0.282577 0.0297183 
12462 -0.285115 0.167808 
12463 -0.287136 0.306858 
12464 -0.165413 -0.105696 
12465 -0.167384 0.0312489 
12466 -0.169499 0.169308 
12467 -0.171661 0.306651 
12468 -0.0510162 -0.104051 
12469 -0.052544 0.0330043 
12470 -0.0543903 0.169491 
12471 -0.0562833 0.306968 
12472 0.0630313 -0.102182 
12473 0.0614274 0.0340594 
12474 0.0595102 0.171405 
12475 0.0575925 0.30799 
12476 0.175449 -0.100557 
12477 0.173728 0.0354001 
12478 0.172964 0.172223 
12479 0.170722 0.308421 
12480 -0.276355 -0.0944734 
12481 -0.27852 0.0367296 
12482 -0.281454 0.167597 
12483 -0.283545 0.29949 
12484 -0.166109 -0.0928621 
12485 -0.168232 0.037479 
12486 -0.170765 0.16918 
12487 -0.172858 0.300477 
12488 -0.0576031 -0.0902632 
12489 -0.0599632 0.039744 
12490 -0.0618746 0.169772 
12491 -0.0643042 0.300931 
12492 0.0505457 -0.0887603 
12493 0.0485089 0.0411184 
12494 0.0461344 0.170566 
12495 0.0443158 0.301439 
12496 0.157628 -0.0863501 
12497 0.15608 0.0422762 
12498 0.153508 0.171455 
12499 0.151954 0.301358 
12500 -0.271908 -0.0827398 
12501 -0.274748 0.0424863 
12502 -0.277897 0.167282 
12503 -0.280258 0.293315 
12504 -0.167623 -0.0800047 
12505 -0.170181 0.0438552 
12506 -0.173063 0.168448 
12507 -0.175021 0.294258 
12508 -0.0637321 -0.0777414 
12509 -0.0667297 0.0462466 
12510 -0.0689224 0.170127 
12511 -0.0711083 0.295056 
12512 0.0391808 -0.0758788 
12513 0.0368277 0.0479952 
12514 0.0346702 0.171156 
12515 0.0328858 0.29481 
12516 0.14103 -0.0739508 
12517 0.138975 0.0493395 
12518 0.13647 0.172659 
12519 0.134789 0.29577 
12520 -0.269181 -0.0709644 
12521 -0.271983 0.0482765 
12522 -0.274509 0.168452 
12523 -0.277864 0.288341 
12524 -0.169069 -0.0685761 
12525 -0.171924 0.050408 
12526 -0.174418 0.169467 
12527 -0.176773 0.288894 
12528 -0.0702986 -0.0660428 
12529 -0.0727704 0.0516524 
12530 -0.0746321 0.170599 
12531 -0.0773969 0.289273 
12532 0.0280837 -0.0642182 
12533 0.0258216 0.0533591 
12534 0.0238534 0.171614 
12535 0.0211986 0.290094 
12536 0.12514 -0.0615344 
12537 0.12311 0.0555549 
12538 0.121503 0.173193 
12539 0.119555 0.290615 
12540 -0.266307 -0.0600777 
12541 -0.27017 0.0538193 
12542 -0.272866 0.1685 
12543 -0.275495 0.284283 
12544 -0.170867 -0.0573859 
12545 -0.173346 0.0564034 
12546 -0.17692 0.17006 
12547 -0.178727 0.284118 
12548 -0.0766133 -0.0553901 
12549 -0.0788264 0.0574941 
12550 -0.0815928 0.170889 
12551 -0.083972 0.284821 
12552 0.0173276 -0.0532127 
12553 0.0153701 0.059148 
12554 0.0132075 0.171957 
12555 0.0106909 0.285384 
12556 0.11113 -0.0504018 
12557 0.108516 0.0610774 
12558 0.106666 0.174034 
12559 0.104284 0.286019 
12560 -0.264972 -0.0494875 
12561 -0.267761 0.0594367 
12562 -0.271147 0.169917 
12563 -0.274313 0.279925 
12564 -0.172493 -0.0478835 
12565 -0.175553 0.0616807 
12566 -0.178694 0.170625 
12567 -0.180955 0.281155 
12568 -0.0816141 -0.0446621 
12569 -0.0844059 0.0632964 
12570 -0.0875672 0.172178 
12571 -0.0900982 0.281619 
12572 0.0080592 -0.0432316 
12573 0.00528865 0.0646924 
12574 0.00348987 0.172801 
12575 0.000904696 0.282238 
12576 0.0974281 -0.04012 
12577 0.0950395 0.0663348 
12578 0.0927063 0.174436 
12579 0.090678 0.282389 
12580 -0.263392 -0.0406107 
12581 -0.266744 0.0649538 
12582 -0.269977 0.170821 
12583 -0.272457 0.276472 
12584 -0.17451 -0.0376477 
12585 -0.177379 0.0666899 
12586 -0.18094 0.171365 
12587 -0.183644 0.277555 
12588 -0.0873073 -0.0350833 
12589 -0.0900103 0.0686047 
12590 -0.0928936 0.173564 
12591 -0.0956963 0.278451 
12592 -0.00125403 -0.0333684 
12593 -0.00384749 0.0704866 
12594 -0.00599139 0.174386 
12595 -0.00834033 0.278614 
12596 0.0839188 -0.0308308 
12597 0.0824505 0.0718644 
12598 0.0802604 0.175041 
12599 0.077843 0.279472 
12600 -0.262208 -0.03121 
12601 -0.265145 0.0705157 
12602 -0.26828 0.171921 
12603 -0.27189 0.273615 
12604 -0.177396 -0.0285508 
12605 -0.180017 0.0716082 
12606 -0.18337 0.17324 
12607 -0.186237 0.27439 
12608 -0.0932164 -0.0267011 
12609 -0.0959287 0.0735069 
12610 -0.0987218 0.173789 
12611 -0.10083 0.275603 
12612 -0.0103096 -0.0245568 
12613 -0.0127466 0.0758943 
12614 -0.0150681 0.175496 
12615 -0.0170062 0.276177 
12616 0.0720223 -0.0214289 
12617 0.0702662 0.076878 
12618 0.0673913 0.177083 
12619 0.0654382 0.276517 
12620 -0.261719 -0.0225048 
12621 -0.264348 0.0746015 
12622 -0.268106 0.173012 
12623 -0.271491 0.271689 
12624 -0.179547 -0.0199466 
12625 -0.18222 0.0771263 
12626 -0.185266 0.174099 
12627 -0.188117 0.272348 
12628 -0.0984854 -0.0181301 
12629 -0.101472 0.0787431 
12630 -0.103827 0.175534 
12631 -0.107093 0.272908 
12632 -0.0183717 -0.0155351 
12633 -0.0204452 0.0803446 
12634 -0.0238094 0.176136 
12635 -0.0259418 0.273686 
12636 0.0606918 -0.0137194 
12637 0.0587712 0.0818724 
12638 0.0566849 0.177927 
12639 0.0540686 0.273686 
12640 -0.260532 -0.014322 
12641 -0.264242 0.0795909 
12642 -0.267057 0.174252 
12643 -0.270867 0.269674 
12644 -0.181452 -0.0119165 
12645 -0.184391 0.0813708 
12646 -0.187703 0.175059 
12647 -0.190675 0.270124 
12648 -0.104146 -0.00954132 
12649 -0.106154 0.0833366 
12650 -0.109054 0.176201 
12651 -0.112189 0.271144 
12652 -0.0261673 -0.00739579 
12653 -0.0288067 0.0845701 
12654 -0.0317594 0.177843 
12655 -0.0345097 0.271759 
12656 0.0494733 -0.00553382 
12657 0.0475073 0.086436 
12658 0.0453286 0.17945 
12659 0.0425576 0.27177 
12660 -0.26107 -0.00702811 
12661 -0.264352 0.0845893 
12662 -0.266875 0.175347 
12663 -0.270639 0.267939 
12664 -0.184425 -0.00476208 
12665 -0.187797 0.085562 
12666 -0.190569 0.177313 
12667 -0.193455 0.268734 
12668 -0.108985 -0.00242509 
12669 -0.111871 0.0881058 
12670 -0.114431 0.178385 
12671 -0.11725 0.268392 
12672 -0.0338512 -0.000321754 
12673 -0.037096 0.0895509 
12674 -0.0392274 0.179182 
12675 -0.0418144 0.269237 
12676 0.0396862 0.00221933 
12677 0.0368227 0.0913011 
12678 0.0347531 0.180632 
12679 0.0327451 0.269913 
12680 -0.260743 0.000599956 
12681 -0.264495 0.0887812 
12682 -0.267208 0.176605 
12683 -0.270656 0.266107 
12684 -0.186373 0.00332053 
12685 -0.189608 0.0898144 
12686 -0.192677 0.177822 
12687 -0.196276 0.266661 
12688 -0.113773 0.00510435 
12689 -0.116506 0.0924377 
12690 -0.119341 0.179115 
12691 -0.121751 0.26746 
12692 -0.0414718 0.00779481 
12693 -0.0443137 0.0936377 
12694 -0.0462574 0.180752 
12695 -0.0490972 0.268112 
12696 0.0301152 0.0097309 
12697 0.0276341 0.0947561 
12698 0.0254721 0.181848 
12699 0.0226746 0.268251 
12700 -0.261596 0.0077453 
12701 -0.264937 0.0925673 
12702 -0.267398 0.178917 
12703 -0.271279 0.26493 
12704 -0.189046 0.00952608 
12705 -0.192129 0.0947643 
12706 -0.195412 0.179261 
12707 -0.198554 0.265354 
12708 -0.118645 0.0119524 
12709 -0.121688 0.0961901 
12710 -0.124073 0.181086 
12711 -0.127422 0.265333 
12712 -0.0486345 0.0142409 
12713 -0.0516682 0.0979941 
12714 -0.0537788 0.181889 
12715 -0.0568097 0.265894 
12716 0.020159 0.0159477 
12717 0.01811 0.0991113 
12718 0.0153487 0.183123 
12719 0.0131483 0.26688 
12720 -0.261365 0.0139674 
12721 -0.264581 0.0965426 
12722 -0.268058 0.179996 
12723 -0.271906 0.264004 
12724 -0.19248 0.016222 
12725 -0.195692 0.098386 
12726 -0.197755 0.181368 
12727 -0.201669 0.264323 
12728 -0.124036 0.0189872 
12729 -0.126475 0.0999516 
12730 -0.128703 0.181983 
12731 -0.13193 0.264779 
12732 -0.0556883 0.0206047 
12733 -0.0581082 0.101334 
12734 -0.0604928 0.183287 
12735 -0.0633465 0.264672 
12736 0.0113178 0.0228673 
12737 0.00838697 0.102887 
12738 0.00630694 0.183683 
12739 0.00365832 0.265656 
