12360 -0.33344 -0.216203 
12361 -0.333413 -0.0169214 
12362 -0.332941 0.183126 
12363 -0.333559 0.382871 
12364 -0.166346 -0.21698 
12365 -0.166638 -0.0167543 
12366 -0.166335 0.182954 
12367 -0.166902 0.38309 
12368 0.000420702 -0.216466 
12369 -0.000375286 -0.0170011 
12370 0.000179146 0.183239 
12371 -6.71611e-06 0.383554 
12372 0.166958 -0.216348 
12373 0.166484 -0.0165561 
12374 0.166563 0.183151 
12375 0.166646 0.383368 
12376 0.333387 -0.21634 
12377 0.333427 -0.0162686 
12378 0.33337 0.183245 
12379 0.333011 0.383827 
12380 -0.32035 -0.193501 
12381 -0.320765 -0.00736636 
12382 -0.321828 0.179105 
12383 -0.321872 0.365343 
12384 -0.1649 -0.192897 
12385 -0.165823 -0.00660488 
12386 -0.165931 0.17938 
12387 -0.166437 0.365165 
12388 -0.0101036 -0.192019 
12389 -0.0104519 -0.00592523 
12390 -0.0107362 0.179459 
12391 -0.0113038 0.365111 
12392 0.144055 -0.191735 
12393 0.144179 -0.00559399 
12394 0.143255 0.179186 
12395 0.143496 0.365242 
12396 0.298144 -0.191155 
12397 0.298031 -0.00580461 
12398 0.298071 0.179471 
12399 0.297553 0.365207 
12400 -0.309289 -0.171566 
12401 -0.31086 0.00132082 
12402 -0.311364 0.175279 
12403 -0.311872 0.350037 
12404 -0.164557 -0.171267 
12405 -0.165372 0.00226652 
12406 -0.166036 0.175682 
12407 -0.167075 0.350314 
12408 -0.0195349 -0.169687 
12409 -0.0207848 0.00326706 
12410 -0.0210576 0.17638 
12411 -0.0225856 0.34996 
12412 0.124486 -0.169301 
12413 0.123254 0.00363191 
12414 0.123124 0.177359 
12415 0.122549 0.35055 
12416 0.268016 -0.168592 
12417 0.2676 0.00424565 
12418 0.266601 0.17729 
12419 0.265816 0.350913 
12420 -0.300629 -0.153047 
12421 -0.302091 0.0096423 
12422 -0.302908 0.172967 
12423 -0.304672 0.337311 
12424 -0.163644 -0.15191 
12425 -0.165206 0.0110376 
12426 -0.166474 0.173756 
12427 -0.167897 0.337397 
12428 -0.0279603 -0.150082 
12429 -0.0292337 0.0116216 
12430 -0.0303252 0.174055 
12431 -0.0322691 0.337413 
12432 0.106293 -0.149422 
12433 0.106078 0.0125859 
12434 0.10444 0.175119 
12435 0.103464 0.337729 
12436 0.241286 -0.148219 
12437 0.240137 0.0136297 
12438 0.239042 0.175875 
12439 0.237918 0.338229 
12440 -0.293226 -0.136101 
12441 -0.294889 0.018269 
12442 -0.295823 0.17156 
12443 -0.298127 0.325798 
12444 -0.164651 -0.133863 
12445 -0.165692 0.0186153 
12446 -0.16707 0.17253 
12447 -0.16855 0.3267 
12448 -0.0361444 -0.133064 
12449 -0.0380435 0.0202937 
12450 -0.039879 0.172848 
12451 -0.0409047 0.32696 
12452 0.0907626 -0.13084 
12453 0.0889928 0.0215018 
12454 0.0883137 0.173555 
12455 0.0869251 0.32726 
12456 0.217031 -0.129888 
12457 0.215738 0.0221757 
12458 0.214562 0.174665 
12459 0.21321 0.327651 
12460 -0.286351 -0.120545 
12461 -0.28787 0.0254424 
12462 -0.289833 0.170523 
12463 -0.292529 0.316407 
12464 -0.165259 -0.117879 
12465 -0.16649 0.0265983 
12466 -0.168854 0.171618 
12467 -0.169843 0.316811 
12468 -0.0438595 -0.116371 
12469 -0.046113 0.0276755 
12470 -0.0472685 0.172383 
12471 -0.049126 0.317185 
12472 0.0756502 -0.115115 
12473 0.0748195 0.0289872 
12474 0.073197 0.172789 
12475 0.0714578 0.318192 
12476 0.194895 -0.112766 
12477 0.194159 0.0301081 
12478 0.192747 0.174094 
12479 0.190513 0.318488 
12480 -0.281004 -0.105128 
12481 -0.28313 0.0319612 
12482 -0.285474 0.17024 
12483 -0.287151 0.308866 
12484 -0.165973 -0.103944 
12485 -0.167752 0.0338117 
12486 -0.169798 0.171444 
12487 -0.171489 0.308769 
12488 -0.0509305 -0.102149 
12489 -0.0529356 0.0348917 
12490 -0.0549148 0.172254 
12491 -0.0566301 0.309472 
12492 0.062459 -0.0998378 
12493 0.0608155 0.0361198 
12494 0.0585601 0.17282 
12495 0.0573733 0.310172 
12496 0.175637 -0.0976898 
12497 0.174107 0.0374824 
12498 0.171786 0.173824 
12499 0.170456 0.310037 
12500 -0.276766 -0.0925797 
12501 -0.279389 0.0388951 
12502 -0.281548 0.169659 
12503 -0.283554 0.302316 
12504 -0.166626 -0.0900531 
12505 -0.169433 0.0407224 
12506 -0.171733 0.170705 
12507 -0.173788 0.302272 
12508 -0.0579008 -0.0877842 
12509 -0.0597237 0.0415929 
12510 -0.0619579 0.172262 
12511 -0.0645601 0.302631 
12512 0.0499425 -0.0865154 
12513 0.048237 0.0434231 
12514 0.0461018 0.173289 
12515 0.0437381 0.303645 
12516 0.156564 -0.0841174 
12517 0.154889 0.0446521 
12518 0.153831 0.174348 
12519 0.151664 0.303436 
12520 -0.272919 -0.079889 
12521 -0.275083 0.0447778 
12522 -0.277993 0.170795 
12523 -0.28057 0.295701 
12524 -0.168043 -0.0779563 
12525 -0.170254 0.0463479 
12526 -0.172903 0.171746 
12527 -0.175381 0.296901 
12528 -0.0644957 -0.0749255 
12529 -0.0669042 0.048326 
12530 -0.068894 0.172319 
12531 -0.071486 0.296605 
12532 0.0381479 -0.0734708 
12533 0.0366471 0.0496639 
12534 0.034669 0.173941 
12535 0.0324196 0.297988 
12536 0.140157 -0.0709449 
12537 0.138094 0.0509743 
12538 0.136643 0.17434 
12539 0.134917 0.297756 
12540 -0.269889 -0.0683188 
12541 -0.272848 0.0511711 
12542 -0.275058 0.171123 
12543 -0.277882 0.291463 
12544 -0.169717 -0.0653132 
12545 -0.171971 0.0525393 
12546 -0.175095 0.172303 
12547 -0.177775 0.291768 
12548 -0.0709405 -0.0639082 
12549 -0.0730981 0.0542142 
12550 -0.0750946 0.172808 
12551 -0.0777084 0.292223 
12552 0.027338 -0.0613659 
12553 0.0250003 0.0560974 
12554 0.0228425 0.173928 
12555 0.0208989 0.292632 
12556 0.124588 -0.0596467 
12557 0.122579 0.0576846 
12558 0.12084 0.175185 
12559 0.11877 0.293011 
12560 -0.267038 -0.0568014 
12561 -0.270247 0.057315 
12562 -0.273095 0.171297 
12563 -0.27579 0.286356 
12564 -0.171857 -0.0548557 
12565 -0.174152 0.0583129 
12566 -0.177057 0.172708 
12567 -0.179545 0.287387 
12568 -0.0770022 -0.0525672 
12569 -0.0796325 0.0606849 
12570 -0.081986 0.173475 
12571 -0.0842187 0.287887 
12572 0.0165119 -0.050128 
12573 0.0144692 0.0616902 
12574 0.0129067 0.175061 
12575 0.0102225 0.288093 
12576 0.109848 -0.0479073 
12577 0.108279 0.0631699 
12578 0.106168 0.176078 
12579 0.104098 0.288632 
12580 -0.265572 -0.0464691 
12581 -0.268027 0.0630887 
12582 -0.271256 0.172227 
12583 -0.274361 0.282534 
12584 -0.173414 -0.0446507 
12585 -0.175957 0.0640302 
12586 -0.178533 0.173658 
12587 -0.181867 0.283424 
12588 -0.0828745 -0.042325 
12589 -0.0852888 0.0656638 
12590 -0.0875714 0.174886 
12591 -0.0903739 0.283827 
12592 0.00744849 -0.0402944 
12593 0.00492285 0.0677961 
12594 0.00268642 0.17563 
12595 0.000952467 0.28466 
12596 0.0960803 -0.0379552 
12597 0.0944572 0.06949 
12598 0.0919458 0.176974 
12599 0.0900079 0.284799 
12600 -0.263524 -0.0375311 
12601 -0.266644 0.067477 
12602 -0.269836 0.174006 
12603 -0.273293 0.279505 
12604 -0.176119 -0.0348857 
12605 -0.177973 0.0695074 
12606 -0.181053 0.17485 
12607 -0.184073 0.280396 
12608 -0.0880358 -0.0330504 
12609 -0.0909714 0.0710361 
12610 -0.0931282 0.175844 
12611 -0.0959301 0.281122 
12612 -0.00222607 -0.0304759 
12613 -0.00461751 0.0731569 
12614 -0.0064924 0.176855 
12615 -0.00878559 0.281253 
12616 0.0835429 -0.027848 
12617 0.0816414 0.0745186 
12618 0.0795006 0.178112 
12619 0.0768176 0.282328 
12620 -0.262567 -0.0284174 
12621 -0.26569 0.073131 
12622 -0.26859 0.174408 
12623 -0.271582 0.277103 
12624 -0.177801 -0.0259917 
12625 -0.180457 0.0750299 
12626 -0.183323 0.175495 
12627 -0.186316 0.277414 
12628 -0.0942598 -0.0236371 
12629 -0.0965836 0.0761727 
12630 -0.098701 0.177453 
12631 -0.101514 0.278156 
12632 -0.0109591 -0.0218087 
12633 -0.0130666 0.0782194 
12634 -0.0157803 0.178427 
12635 -0.0181356 0.278734 
12636 0.0709654 -0.0193305 
12637 0.0689507 0.0795006 
12638 0.0675693 0.179493 
12639 0.0646641 0.279513 
12640 -0.262025 -0.0194426 
12641 -0.265374 0.0785051 
12642 -0.268028 0.175678 
12643 -0.271284 0.274167 
12644 -0.179903 -0.0167614 
12645 -0.182849 0.079995 
12646 -0.186136 0.176906 
12647 -0.189076 0.275108 
12648 -0.0996947 -0.0148705 
12649 -0.101825 0.081269 
12650 -0.104653 0.178486 
12651 -0.107156 0.27561 
12652 -0.0195581 -0.0130846 
12653 -0.0215581 0.0827082 
12654 -0.0238185 0.178845 
12655 -0.0261776 0.276291 
12656 0.0603583 -0.0111087 
12657 0.0573953 0.0844688 
12658 0.0558655 0.180892 
12659 0.0530587 0.276606 
12660 -0.261507 -0.0114128 
12661 -0.264737 0.0827118 
12662 -0.268393 0.176913 
12663 -0.271342 0.272882 
12664 -0.182213 -0.00862258 
12665 -0.185406 0.0844821 
12666 -0.188317 0.178214 
12667 -0.191405 0.273339 
12668 -0.10413 -0.00691948 
12669 -0.107097 0.0863688 
12670 -0.109389 0.179424 
12671 -0.112183 0.273657 
12672 -0.0275305 -0.00452881 
12673 -0.0295342 0.0875342 
12674 -0.0321878 0.180778 
12675 -0.0340227 0.273594 
12676 0.0491668 -0.00236674 
12677 0.0465412 0.0890612 
12678 0.0443678 0.181874 
12679 0.0422021 0.274413 
12680 -0.261604 -0.00320338 
12681 -0.264897 0.0876556 
12682 -0.267786 0.178732 
12683 -0.271286 0.270331 
12684 -0.185143 -0.000945929 
12685 -0.187986 0.0885577 
12686 -0.190466 0.179498 
12687 -0.1943 0.27116 
12688 -0.109727 0.000435976 
12689 -0.112033 0.0901137 
12690 -0.115001 0.18058 
12691 -0.117628 0.27137 
12692 -0.0350464 0.0025024 
12693 -0.0371771 0.0920949 
12694 -0.0395259 0.18205 
12695 -0.0419043 0.272214 
12696 0.0384463 0.00538239 
12697 0.036839 0.0933983 
12698 0.0344221 0.182354 
12699 0.0324378 0.27303 
12700 -0.261729 0.00347429 
12701 -0.264952 0.0912411 
12702 -0.268313 0.179776 
12703 -0.271313 0.269531 
12704 -0.187735 0.00588408 
12705 -0.190745 0.0932605 
12706 -0.193654 0.181188 
12707 -0.196731 0.269232 
12708 -0.114166 0.00767662 
12709 -0.11692 0.0946353 
12710 -0.119895 0.182516 
12711 -0.122651 0.270304 
12712 -0.0425496 0.0103425 
12713 -0.0452877 0.0964061 
12714 -0.0469813 0.182878 
12715 -0.0497283 0.270523 
12716 0.0285852 0.0121701 
12717 0.0262078 0.0976489 
12718 0.0243592 0.184071 
12719 0.021729 0.270497 
12720 -0.26208 0.0103074 
12721 -0.26481 0.0957412 
12722 -0.267903 0.181353 
12723 -0.271406 0.26811 
12724 -0.189976 0.0125039 
12725 -0.192879 0.0969357 
12726 -0.195808 0.182138 
12727 -0.198803 0.268123 
12728 -0.119397 0.0150602 
12729 -0.122482 0.0984492 
12730 -0.124936 0.183624 
12731 -0.128029 0.268711 
12732 -0.0498858 0.0164646 
12733 -0.0521975 0.0998943 
12734 -0.0541597 0.184102 
12735 -0.0565423 0.269136 
12736 0.0196307 0.0190025 
12737 0.0172288 0.101678 
12738 0.0153731 0.185072 
12739 0.0128195 0.269473 
12740 -0.262361 0.0176589 
12741 -0.265497 0.0999217 
12742 -0.26914 0.182792 
12743 -0.271815 0.266937 
12744 -0.193552 0.0188079 
12745 -0.196346 0.101424 
12746 -0.199083 0.183887 
12747 -0.202174 0.266753 
12748 -0.124472 0.0216427 
12749 -0.12718 0.102702 
12750 -0.129367 0.184848 
12751 -0.132306 0.267336 
12752 -0.0564792 0.0229834 
12753 -0.0592651 0.104085 
12754 -0.0617324 0.185643 
12755 -0.0634075 0.267271 
12756 0.00952496 0.0254363 
12757 0.0077874 0.105949 
12758 0.00559341 0.18679 
12759 0.00398262 0.267919 
