12540 -0.332999 -0.216989 
12541 -0.333644 -0.0171285 
12542 -0.332847 0.183508 
12543 -0.333095 0.383102 
12544 -0.166497 -0.216761 
12545 -0.166685 -0.0166188 
12546 -0.166666 0.183701 
12547 -0.166219 0.382904 
12548 -0.000281478 -0.216682 
12549 -0.000287282 -0.0170095 
12550 -0.000361379 0.183342 
12551 -0.000349175 0.382896 
12552 0.16655 -0.216787 
12553 0.166234 -0.016969 
12554 0.166582 0.183635 
12555 0.166232 0.383401 
12556 0.333204 -0.216695 
12557 0.332847 -0.0163212 
12558 0.333086 0.182895 
12559 0.333661 0.383703 
12560 -0.321011 -0.189195 
12561 -0.321392 -0.00364792 
12562 -0.322216 0.182608 
12563 -0.321934 0.368424 
12564 -0.16655 -0.189032 
12565 -0.166699 -0.00306068 
12566 -0.166455 0.182932 
12567 -0.167414 0.368385 
12568 -0.0116771 -0.188487 
12569 -0.0116648 -0.00252333 
12570 -0.0114552 0.183227 
12571 -0.0122727 0.368698 
12572 0.143502 -0.187745 
12573 0.142931 -0.00265788 
12574 0.143032 0.182769 
12575 0.142558 0.368163 
12576 0.297803 -0.187107 
12577 0.296863 -0.00282335 
12578 0.296857 0.183176 
12579 0.296825 0.368428 
12580 -0.310578 -0.164749 
12581 -0.311275 0.00896977 
12582 -0.312815 0.1825 
12583 -0.312845 0.35647 
12584 -0.166534 -0.164239 
12585 -0.166525 0.00896143 
12586 -0.167832 0.183122 
12587 -0.168059 0.356824 
12588 -0.0219893 -0.163503 
12589 -0.0221429 0.00987381 
12590 -0.0229863 0.183191 
12591 -0.0231669 0.35688 
12592 0.122131 -0.16331 
12593 0.121816 0.010187 
12594 0.12117 0.183042 
12595 0.121174 0.356049 
12596 0.265512 -0.162174 
12597 0.265539 0.00996297 
12598 0.265178 0.183334 
12599 0.265021 0.356421 
12600 -0.302343 -0.14338 
12601 -0.303308 0.019283 
12602 -0.304456 0.182617 
12603 -0.305347 0.346321 
12604 -0.166771 -0.142735 
12605 -0.167822 0.0197822 
12606 -0.168584 0.182592 
12607 -0.168744 0.346029 
12608 -0.0315527 -0.141544 
12609 -0.0321792 0.0210513 
12610 -0.0330639 0.182691 
12611 -0.0335467 0.346071 
12612 0.103992 -0.140676 
12613 0.103021 0.0210602 
12614 0.102316 0.18356 
12615 0.101569 0.345905 
12616 0.238172 -0.139992 
12617 0.237899 0.0214592 
12618 0.236786 0.183539 
12619 0.236877 0.345465 
12620 -0.29525 -0.123982 
12621 -0.297248 0.0297899 
12622 -0.297672 0.183334 
12623 -0.299314 0.337555 
12624 -0.167604 -0.122731 
12625 -0.16886 0.0295997 
12626 -0.169464 0.183618 
12627 -0.170406 0.337141 
12628 -0.0396152 -0.122247 
12629 -0.0408438 0.0308432 
12630 -0.0420661 0.183967 
12631 -0.042268 0.337277 
12632 0.0869114 -0.121287 
12633 0.0861516 0.0313012 
12634 0.0855651 0.183749 
12635 0.0843421 0.336536 
12636 0.213065 -0.11982 
12637 0.212087 0.031435 
12638 0.212109 0.184044 
12639 0.21149 0.337116 
12640 -0.289651 -0.106103 
12641 -0.291148 0.0381463 
12642 -0.292103 0.184093 
12643 -0.293771 0.329632 
12644 -0.16865 -0.105507 
12645 -0.169672 0.0386952 
12646 -0.171149 0.183894 
12647 -0.172209 0.32956 
12648 -0.0484898 -0.104389 
12649 -0.0493546 0.0397623 
12650 -0.0498092 0.184032 
12651 -0.0515276 0.32905 
12652 0.0711397 -0.103281 
12653 0.0704642 0.0404252 
12654 0.0699777 0.184712 
12655 0.0691058 0.329348 
12656 0.190784 -0.102132 
12657 0.189872 0.0415942 
12658 0.188933 0.184644 
12659 0.18854 0.329243 
12660 -0.285125 -0.0904712 
12661 -0.286741 0.0465661 
12662 -0.287963 0.185025 
12663 -0.289456 0.323041 
12664 -0.170203 -0.0889562 
12665 -0.17128 0.047601 
12666 -0.17248 0.184359 
12667 -0.173769 0.322229 
12668 -0.055414 -0.0886909 
12669 -0.056668 0.0483208 
12670 -0.0581317 0.185104 
12671 -0.0592065 0.322576 
12672 0.057456 -0.0865392 
12673 0.0562558 0.0484382 
12674 0.0559974 0.185795 
12675 0.0544402 0.321859 
12676 0.170432 -0.0853691 
12677 0.169624 0.0500428 
12678 0.168488 0.185307 
12679 0.168141 0.322372 
12680 -0.280979 -0.0761785 
12681 -0.281971 0.0545037 
12682 -0.284083 0.185074 
12683 -0.286177 0.317305 
12684 -0.171823 -0.0744087 
12685 -0.17254 0.0547455 
12686 -0.174061 0.186189 
12687 -0.176274 0.316431 
12688 -0.0634664 -0.0734472 
12689 -0.0638367 0.0557681 
12690 -0.0657049 0.185537 
12691 -0.0671176 0.317024 
12692 0.0442543 -0.0720593 
12693 0.0434348 0.0562125 
12694 0.0424294 0.186075 
12695 0.0414945 0.316099 
12696 0.151574 -0.0710766 
12697 0.15035 0.0577707 
12698 0.149983 0.18659 
12699 0.149298 0.315683 
12700 -0.277414 -0.0625756 
12701 -0.279373 0.0609918 
12702 -0.281121 0.186846 
12703 -0.282561 0.312236 
12704 -0.173477 -0.0612144 
12705 -0.174637 0.062105 
12706 -0.176764 0.187102 
12707 -0.178072 0.311524 
12708 -0.0703334 -0.0608311 
12709 -0.0711012 0.0625464 
12710 -0.072528 0.187143 
12711 -0.0739412 0.311883 
12712 0.0328007 -0.0591214 
12713 0.0316365 0.0638489 
12714 0.0300438 0.187215 
12715 0.0290452 0.311334 
12716 0.134241 -0.0576221 
12717 0.132926 0.0639954 
12718 0.132811 0.187588 
12719 0.131593 0.311078 
12720 -0.274807 -0.0506284 
12721 -0.276293 0.0682836 
12722 -0.278333 0.187296 
12723 -0.280468 0.308033 
12724 -0.175316 -0.0498673 
12725 -0.177205 0.069103 
12726 -0.178775 0.188121 
12727 -0.179549 0.307658 
12728 -0.0765242 -0.0480175 
12729 -0.0783427 0.0694624 
12730 -0.0791737 0.18753 
12731 -0.080603 0.307195 
12732 0.0210809 -0.047384 
12733 0.0202854 0.0701614 
12734 0.0186729 0.187536 
12735 0.0184879 0.30666 
12736 0.118459 -0.0455997 
12737 0.116963 0.0704248 
12738 0.116949 0.188341 
12739 0.115358 0.305898 
12740 -0.272631 -0.0390548 
12741 -0.274843 0.0741935 
12742 -0.276554 0.188712 
12743 -0.278326 0.304014 
12744 -0.177331 -0.0385551 
12745 -0.179368 0.0745965 
12746 -0.18028 0.188782 
12747 -0.18238 0.303259 
12748 -0.0828005 -0.0371103 
12749 -0.0842233 0.0757909 
12750 -0.0850945 0.188817 
12751 -0.0871177 0.3023 
12752 0.0109553 -0.0362634 
12753 0.00983064 0.0764646 
12754 0.00825103 0.188919 
12755 0.00726204 0.302153 
12756 0.10353 -0.0350662 
12757 0.101897 0.0771567 
12758 0.101821 0.189354 
12759 0.101168 0.301979 
12760 -0.270924 -0.0290592 
12761 -0.272472 0.0797749 
12762 -0.274724 0.189591 
12763 -0.276392 0.300469 
12764 -0.179926 -0.0280621 
12765 -0.18166 0.0810176 
12766 -0.182587 0.190058 
12767 -0.184646 0.299197 
12768 -0.0886666 -0.0267457 
12769 -0.0905668 0.0808782 
12770 -0.0920842 0.189798 
12771 -0.0927103 0.298605 
12772 0.000250961 -0.0257504 
12773 -0.000997946 0.0815937 
12774 -0.0013101 0.190149 
12775 -0.00298149 0.298686 
12776 0.0891633 -0.0242233 
12777 0.0886866 0.0824648 
12778 0.0880102 0.189862 
12779 0.086961 0.297989 
12780 -0.269826 -0.0194583 
12781 -0.271925 0.0854288 
12782 -0.273868 0.19044 
12783 -0.275748 0.296497 
12784 -0.182081 -0.0183418 
12785 -0.183558 0.086294 
12786 -0.185412 0.190221 
12787 -0.187131 0.296442 
12788 -0.0947266 -0.0170381 
12789 -0.0964102 0.0860384 
12790 -0.0974516 0.190723 
12791 -0.0987232 0.295789 
12792 -0.00878304 -0.0157234 
12793 -0.0102782 0.0872112 
12794 -0.0112253 0.190934 
12795 -0.0124665 0.295474 
12796 0.0760172 -0.014942 
12797 0.0756884 0.0870349 
12798 0.0741989 0.190548 
12799 0.0741492 0.294739 
12800 -0.268791 -0.0109015 
12801 -0.271305 0.0899433 
12802 -0.273103 0.191819 
12803 -0.274557 0.293592 
12804 -0.183904 -0.00918313 
12805 -0.18548 0.0904026 
12806 -0.187759 0.191249 
12807 -0.189144 0.293227 
12808 -0.100735 -0.00813781 
12809 -0.102514 0.091507 
12810 -0.103059 0.191046 
12811 -0.104988 0.292053 
12812 -0.0183525 -0.00704943 
12813 -0.0193938 0.0918107 
12814 -0.0205649 0.190995 
12815 -0.0211118 0.292208 
12816 0.0639865 -0.00583153 
12817 0.0631914 0.0922723 
12818 0.0626852 0.190981 
12819 0.0619509 0.29142 
12820 -0.267976 -0.00167768 
12821 -0.270294 0.0950722 
12822 -0.271786 0.192318 
12823 -0.274312 0.290872 
12824 -0.187194 -0.000801831 
12825 -0.188301 0.0952888 
12826 -0.189662 0.192798 
12827 -0.191443 0.290775 
12828 -0.106175 -0.000666253 
12829 -0.107144 0.0955545 
12830 -0.109094 0.192595 
12831 -0.110295 0.28985 
12832 -0.0267062 0.000855455 
12833 -0.0272268 0.0960575 
12834 -0.0282733 0.191716 
12835 -0.0292422 0.289306 
12836 0.0525252 0.00140135 
12837 0.0511041 0.0961693 
12838 0.0511365 0.191838 
12839 0.0498338 0.288714 
12840 -0.2683 0.00585979 
12841 -0.270497 0.0993003 
12842 -0.27183 0.193597 
12843 -0.273652 0.288826 
12844 -0.189185 0.00633969 
12845 -0.190994 0.0999272 
12846 -0.192427 0.192936 
12847 -0.193696 0.287268 
12848 -0.111734 0.00735119 
12849 -0.113079 0.099748 
12850 -0.113964 0.193539 
12851 -0.115873 0.287375 
12852 -0.0349462 0.00861645 
12853 -0.0357783 0.0997509 
12854 -0.0371715 0.192456 
12855 -0.0381276 0.286078 
12856 0.0405227 0.00872484 
12857 0.0402179 0.10102 
12858 0.039928 0.192166 
12859 0.0384656 0.285173 
12860 -0.267979 0.0123646 
12861 -0.270296 0.103055 
12862 -0.271519 0.194729 
12863 -0.274015 0.286428 
12864 -0.192756 0.0138688 
12865 -0.193861 0.103839 
12866 -0.195134 0.19434 
12867 -0.196768 0.2851 
12868 -0.117238 0.013944 
12869 -0.11823 0.103811 
12870 -0.119844 0.193869 
12871 -0.120269 0.284712 
12872 -0.0432854 0.0152339 
12873 -0.0441692 0.104193 
12874 -0.0442606 0.19373 
12875 -0.0455587 0.283585 
12876 0.0298873 0.0158165 
12877 0.0295255 0.104329 
12878 0.0293422 0.193148 
12879 0.0285267 0.282733 
12880 -0.269082 0.0192847 
12881 -0.270817 0.107102 
12882 -0.27173 0.194916 
12883 -0.274293 0.28364 
12884 -0.195315 0.0198828 
12885 -0.196759 0.107436 
12886 -0.198039 0.195094 
12887 -0.198974 0.283337 
12888 -0.121964 0.0206172 
12889 -0.123572 0.107362 
12890 -0.124239 0.193812 
12891 -0.125383 0.282116 
12892 -0.0505116 0.0219589 
12893 -0.0519105 0.107842 
12894 -0.0519974 0.193796 
12895 -0.0529548 0.281369 
12896 0.0197986 0.0222202 
12897 0.0194097 0.107909 
12898 0.0194283 0.193862 
12899 0.0183619 0.279795 
12900 -0.268967 0.0254513 
12901 -0.271141 0.110333 
12902 -0.272013 0.195868 
12903 -0.274615 0.282298 
12904 -0.198221 0.0265284 
12905 -0.199677 0.110902 
12906 -0.200809 0.195235 
12907 -0.201979 0.280512 
12908 -0.127723 0.0269308 
12909 -0.128815 0.110801 
12910 -0.129276 0.195282 
12911 -0.13117 0.279925 
12912 -0.0583688 0.0274086 
12913 -0.059145 0.11069 
12914 -0.0594336 0.194336 
12915 -0.0600796 0.278906 
12916 0.0107601 0.0282801 
12917 0.00983113 0.110791 
12918 0.00936889 0.194269 
12919 0.00898099 0.277968 
12920 -0.270132 0.0310274 
12921 -0.271162 0.113208 
12922 -0.27288 0.196235 
12923 -0.27472 0.279812 
12924 -0.200582 0.0323474 
12925 -0.202076 0.113323 
12926 -0.203757 0.195611 
12927 -0.204185 0.278507 
12928 -0.13273 0.0329322 
12929 -0.133448 0.113567 
12930 -0.134222 0.195112 
12931 -0.135791 0.277901 
12932 -0.0648715 0.0331175 
12933 -0.066317 0.11312 
12934 -0.0670019 0.194551 
12935 -0.0675253 0.276114 
12936 0.000949647 0.0331192 
12937 0.000624632 0.113226 
12938 0.000292191 0.194351 
12939 0.000326427 0.275033 
