12640 -0.33377 -0.216259 
12641 -0.333084 -0.0170114 
12642 -0.333561 0.182938 
12643 -0.332991 0.383706 
12644 -0.166216 -0.216456 
12645 -0.166327 -0.0168926 
12646 -0.167002 0.183498 
12647 -0.166396 0.383147 
12648 8.02192e-06 -0.21657 
12649 7.81139e-05 -0.0168833 
12650 5.25518e-05 0.183519 
12651 -0.000350079 0.382905 
12652 0.166207 -0.216386 
12653 0.167151 -0.0164593 
12654 0.167035 0.183829 
12655 0.166415 0.383696 
12656 0.333496 -0.216791 
12657 0.333428 -0.0169111 
12658 0.332895 0.18296 
12659 0.333265 0.383514 
12660 -0.321768 -0.187923 
12661 -0.321952 -0.00199909 
12662 -0.322267 0.183425 
12663 -0.322835 0.369647 
12664 -0.167146 -0.187347 
12665 -0.16723 -0.00240822 
12666 -0.167017 0.183373 
12667 -0.16723 0.369426 
12668 -0.0116094 -0.187696 
12669 -0.0120836 -0.00206921 
12670 -0.0125382 0.183555 
12671 -0.0122113 0.369102 
12672 0.142248 -0.187169 
12673 0.142727 -0.00202979 
12674 0.142426 0.183834 
12675 0.142531 0.369621 
12676 0.296828 -0.186451 
12677 0.296651 -0.00166197 
12678 0.296162 0.183344 
12679 0.296963 0.369346 
12680 -0.311539 -0.16328 
12681 -0.312072 0.0100897 
12682 -0.313448 0.184503 
12683 -0.313746 0.357642 
12684 -0.167339 -0.162962 
12685 -0.167402 0.0106104 
12686 -0.168163 0.183691 
12687 -0.168265 0.357983 
12688 -0.0227683 -0.161898 
12689 -0.0229925 0.0110488 
12690 -0.0235502 0.184364 
12691 -0.0237794 0.35769 
12692 0.121282 -0.161923 
12693 0.120351 0.0112422 
12694 0.120357 0.18457 
12695 0.120682 0.357482 
12696 0.264322 -0.160941 
12697 0.264767 0.011309 
12698 0.264741 0.183972 
12699 0.264023 0.35728 
12700 -0.303725 -0.141217 
12701 -0.304435 0.0221593 
12702 -0.305564 0.185108 
12703 -0.306239 0.348248 
12704 -0.167785 -0.140081 
12705 -0.168484 0.0217308 
12706 -0.169081 0.184723 
12707 -0.170031 0.347743 
12708 -0.0332224 -0.139592 
12709 -0.0336801 0.0226938 
12710 -0.0332052 0.184551 
12711 -0.0340811 0.347031 
12712 0.102133 -0.138608 
12713 0.101872 0.0223737 
12714 0.101733 0.185152 
12715 0.100985 0.347125 
12716 0.235883 -0.138457 
12717 0.235766 0.0233072 
12718 0.236116 0.184222 
12719 0.236164 0.346353 
12720 -0.297024 -0.121563 
12721 -0.297635 0.0319196 
12722 -0.298784 0.185555 
12723 -0.300395 0.340033 
12724 -0.169374 -0.119887 
12725 -0.169804 0.0321727 
12726 -0.170453 0.185427 
12727 -0.171358 0.339402 
12728 -0.0420595 -0.119629 
12729 -0.0423345 0.0324872 
12730 -0.0433591 0.184881 
12731 -0.0433821 0.339027 
12732 0.0847978 -0.118937 
12733 0.0842092 0.0330801 
12734 0.0845034 0.184852 
12735 0.0837103 0.338304 
12736 0.210214 -0.117913 
12737 0.210269 0.0336662 
12738 0.210536 0.185442 
12739 0.210379 0.337809 
12740 -0.291437 -0.103673 
12741 -0.292909 0.0409988 
12742 -0.294116 0.186204 
12743 -0.294882 0.332033 
12744 -0.170137 -0.102521 
12745 -0.171127 0.0416676 
12746 -0.172291 0.186676 
12747 -0.172927 0.331329 
12748 -0.050752 -0.101968 
12749 -0.0514179 0.0414944 
12750 -0.0519668 0.186321 
12751 -0.0524024 0.331166 
12752 0.0690629 -0.101102 
12753 0.0686462 0.042428 
12754 0.0687421 0.185936 
12755 0.0676514 0.330367 
12756 0.187631 -0.100503 
12757 0.187337 0.0428705 
12758 0.187623 0.185976 
12759 0.186977 0.329552 
12760 -0.28692 -0.0879544 
12761 -0.288033 0.0491401 
12762 -0.288912 0.187566 
12763 -0.29031 0.325389 
12764 -0.172559 -0.0865051 
12765 -0.173417 0.049493 
12766 -0.174057 0.186467 
12767 -0.175383 0.324757 
12768 -0.0585961 -0.0856272 
12769 -0.0594112 0.0505177 
12770 -0.0594371 0.186827 
12771 -0.0605596 0.323872 
12772 0.0548446 -0.0850747 
12773 0.0544294 0.0502955 
12774 0.053998 0.186208 
12775 0.0536398 0.322986 
12776 0.167074 -0.0848712 
12777 0.167173 0.0503443 
12778 0.166345 0.186612 
12779 0.166298 0.322751 
12780 -0.283645 -0.0727305 
12781 -0.284327 0.0575646 
12782 -0.285429 0.188282 
12783 -0.286857 0.319064 
12784 -0.174054 -0.0720802 
12785 -0.174802 0.0569172 
12786 -0.175601 0.187927 
12787 -0.177333 0.318216 
12788 -0.0655703 -0.0711157 
12789 -0.066303 0.0578288 
12790 -0.0676174 0.187278 
12791 -0.0682009 0.317899 
12792 0.0412816 -0.0709749 
12793 0.0405246 0.0576327 
12794 0.0404035 0.187001 
12795 0.04071 0.317631 
12796 0.147991 -0.0700301 
12797 0.147388 0.0576235 
12798 0.147916 0.186847 
12799 0.147359 0.316239 
12800 -0.279732 -0.059694 
12801 -0.281223 0.06391 
12802 -0.282437 0.188279 
12803 -0.283463 0.314372 
12804 -0.176503 -0.058841 
12805 -0.176891 0.0644703 
12806 -0.178088 0.188744 
12807 -0.179297 0.312795 
12808 -0.0733035 -0.0587211 
12809 -0.0740584 0.0647733 
12810 -0.0742872 0.187711 
12811 -0.0747422 0.312406 
12812 0.0291705 -0.0578483 
12813 0.0284559 0.0649827 
12814 0.0285313 0.187639 
12815 0.0280417 0.311281 
12816 0.129915 -0.0576436 
12817 0.130257 0.0649779 
12818 0.129913 0.187548 
12819 0.129955 0.311174 
12820 -0.277714 -0.0485358 
12821 -0.278444 0.0706086 
12822 -0.279848 0.189812 
12823 -0.281451 0.309067 
12824 -0.178549 -0.0475286 
12825 -0.179435 0.0703531 
12826 -0.179766 0.18955 
12827 -0.181079 0.308157 
12828 -0.0799825 -0.0463108 
12829 -0.0805523 0.0705932 
12830 -0.0808249 0.188472 
12831 -0.0820806 0.307792 
12832 0.0176136 -0.0458728 
12833 0.0166617 0.0711209 
12834 0.016836 0.188608 
12835 0.0165841 0.306821 
12836 0.114155 -0.0449827 
12837 0.11415 0.0712991 
12838 0.113857 0.187643 
12839 0.11386 0.306042 
12840 -0.275626 -0.0375716 
12841 -0.276647 0.0757768 
12842 -0.278198 0.190385 
12843 -0.279499 0.304974 
12844 -0.180788 -0.0368217 
12845 -0.181867 0.076714 
12846 -0.182191 0.190083 
12847 -0.183555 0.303496 
12848 -0.0867743 -0.0355209 
12849 -0.08743 0.0760274 
12850 -0.0879605 0.189711 
12851 -0.0886494 0.30255 
12852 0.00647091 -0.0354267 
12853 0.00639372 0.0767306 
12854 0.00646696 0.188926 
12855 0.00555608 0.302261 
12856 0.0986198 -0.0348152 
12857 0.0991199 0.0762002 
12858 0.0990205 0.187968 
12859 0.0989231 0.300846 
12860 -0.274449 -0.0274896 
12861 -0.275287 0.0810792 
12862 -0.276985 0.191224 
12863 -0.278222 0.301075 
12864 -0.183078 -0.0268024 
12865 -0.184389 0.081012 
12866 -0.18445 0.190495 
12867 -0.185658 0.300085 
12868 -0.0928538 -0.0260528 
12869 -0.0938037 0.0809761 
12870 -0.0935731 0.189237 
12871 -0.0944409 0.298942 
12872 -0.00407186 -0.0259181 
12873 -0.00358028 0.0811038 
12874 -0.00372956 0.188785 
12875 -0.00402933 0.29713 
12876 0.084544 -0.0250141 
12877 0.0845907 0.0815364 
12878 0.0844313 0.188891 
12879 0.0847725 0.296357 
12880 -0.273012 -0.0175528 
12881 -0.274111 0.0862251 
12882 -0.275229 0.191769 
12883 -0.277158 0.296966 
12884 -0.185613 -0.0178343 
12885 -0.186468 0.0857633 
12886 -0.187312 0.191077 
12887 -0.188481 0.295769 
12888 -0.0993909 -0.017079 
12889 -0.0995094 0.0864916 
12890 -0.100308 0.189955 
12891 -0.100757 0.295043 
12892 -0.0128208 -0.0165077 
12893 -0.0139716 0.0856836 
12894 -0.0141232 0.188922 
12895 -0.0137764 0.293672 
12896 0.0717398 -0.0163956 
12897 0.071397 0.0854872 
12898 0.0717789 0.188524 
12899 0.0719238 0.292436 
12900 -0.272507 -0.00972511 
12901 -0.273456 0.0910993 
12902 -0.275052 0.192257 
12903 -0.276217 0.294154 
12904 -0.188339 -0.0097357 
12905 -0.188916 0.0907966 
12906 -0.190193 0.191294 
12907 -0.191095 0.292801 
12908 -0.104599 -0.00872578 
12909 -0.105076 0.0902577 
12910 -0.105408 0.189986 
12911 -0.106168 0.291082 
12912 -0.0227403 -0.00826644 
12913 -0.0228203 0.0905314 
12914 -0.0232425 0.189285 
12915 -0.0228703 0.289689 
12916 0.0594063 -0.0084589 
12917 0.0595854 0.0898139 
12918 0.0597051 0.188373 
12919 0.0598498 0.288132 
12920 -0.27268 -0.00207655 
12921 -0.273287 0.0946881 
12922 -0.274071 0.192523 
12923 -0.275521 0.290161 
12924 -0.191341 -0.00173384 
12925 -0.19189 0.094638 
12926 -0.191991 0.190963 
12927 -0.192721 0.289407 
12928 -0.111139 -0.00161666 
12929 -0.111409 0.0944587 
12930 -0.11189 0.190937 
12931 -0.112033 0.287204 
12932 -0.0310159 -0.00108129 
12933 -0.0316864 0.0936122 
12934 -0.0315859 0.189308 
12935 -0.0314125 0.285847 
12936 0.0475967 -0.00140749 
12937 0.0470666 0.0935549 
12938 0.0475257 0.189213 
12939 0.047341 0.284958 
12940 -0.272189 0.00564114 
12941 -0.27309 0.0987638 
12942 -0.273909 0.192363 
12943 -0.275156 0.286835 
12944 -0.193602 0.00586243 
12945 -0.194187 0.0981153 
12946 -0.195073 0.191987 
12947 -0.19571 0.285288 
12948 -0.116333 0.0056458 
12949 -0.116309 0.0973518 
12950 -0.116979 0.190423 
12951 -0.117696 0.28412 
12952 -0.0394997 0.00574317 
12953 -0.0399847 0.0969737 
12954 -0.0399121 0.190083 
12955 -0.0397362 0.282712 
12956 0.0358403 0.00599595 
12957 0.0362651 0.0967577 
12958 0.0368723 0.188255 
12959 0.0365152 0.281254 
12960 -0.272026 0.0122632 
12961 -0.272994 0.101722 
12962 -0.274058 0.192933 
12963 -0.274511 0.284543 
12964 -0.197104 0.0121285 
12965 -0.197037 0.101335 
12966 -0.197487 0.191596 
12967 -0.198481 0.282492 
12968 -0.121344 0.0118588 
12969 -0.121593 0.101094 
12970 -0.121941 0.190062 
12971 -0.122472 0.28081 
12972 -0.0476106 0.0116801 
12973 -0.0481334 0.100077 
12974 -0.0476621 0.189196 
12975 -0.0475472 0.279272 
12976 0.0251045 0.0116657 
12977 0.0253206 0.0999473 
12978 0.0257999 0.187955 
12979 0.0266346 0.277853 
12980 -0.272488 0.0181676 
12981 -0.273675 0.10532 
12982 -0.274003 0.19255 
12983 -0.275016 0.28138 
12984 -0.199241 0.0177896 
12985 -0.199943 0.104635 
12986 -0.200483 0.191719 
12987 -0.200529 0.27907 
12988 -0.126689 0.0179227 
12989 -0.127708 0.103731 
12990 -0.127883 0.189881 
12991 -0.127912 0.277614 
12992 -0.0552752 0.0179143 
12993 -0.0550568 0.103338 
12994 -0.0551949 0.189304 
12995 -0.0549585 0.276225 
12996 0.0145604 0.0169519 
12997 0.0153479 0.102758 
12998 0.0159697 0.187673 
12999 0.0158177 0.273832 
13000 -0.273061 0.0236719 
13001 -0.273937 0.107236 
13002 -0.274775 0.192247 
13003 -0.275164 0.278575 
13004 -0.202567 0.0228975 
13005 -0.20241 0.10715 
13006 -0.203272 0.191163 
13007 -0.203884 0.276555 
13008 -0.132439 0.0227021 
13009 -0.132461 0.105729 
13010 -0.132459 0.190032 
13011 -0.133113 0.274608 
13012 -0.0628485 0.0225241 
13013 -0.0632228 0.10515 
13014 -0.0629425 0.189072 
13015 -0.0630292 0.272471 
13016 0.00551532 0.0228526 
13017 0.00583668 0.104256 
13018 0.00593609 0.187656 
13019 0.006356 0.271156 
13020 -0.274644 0.0288017 
13021 -0.275184 0.110176 
13022 -0.27547 0.192286 
13023 -0.276052 0.275874 
13024 -0.205278 0.0275596 
13025 -0.205775 0.109263 
13026 -0.206421 0.19138 
13027 -0.206524 0.273133 
13028 -0.137402 0.0274635 
13029 -0.137598 0.108514 
13030 -0.137631 0.189827 
13031 -0.137795 0.271729 
13032 -0.0700963 0.0274668 
13033 -0.0697861 0.107671 
13034 -0.0702822 0.188322 
13035 -0.0694301 0.26993 
13036 -0.00419653 0.0271053 
13037 -0.0036899 0.106717 
13038 -0.00265996 0.187376 
13039 -0.0023087 0.268019 
