12760 -0.333678 -0.217104 
12761 -0.333268 -0.0166118 
12762 -0.333602 0.183324 
12763 -0.333254 0.383228 
12764 -0.166923 -0.216349 
12765 -0.16649 -0.0171007 
12766 -0.166191 0.183006 
12767 -0.167017 0.38332 
12768 0.00029818 -0.216183 
12769 0.000314214 -0.016886 
12770 -0.000480255 0.183227 
12771 0.000181397 0.383233 
12772 0.166983 -0.216792 
12773 0.16621 -0.0161704 
12774 0.166256 0.183176 
12775 0.166694 0.383212 
12776 0.333578 -0.217154 
12777 0.33321 -0.0165228 
12778 0.333287 0.18356 
12779 0.333571 0.383553 
12780 -0.322295 -0.187705 
12781 -0.322832 -0.00209749 
12782 -0.322275 0.183276 
12783 -0.322477 0.369745 
12784 -0.167316 -0.188145 
12785 -0.167024 -0.00185444 
12786 -0.1673 0.183105 
12787 -0.167924 0.369349 
12788 -0.0130038 -0.187368 
12789 -0.012815 -0.0025884 
12790 -0.0133337 0.182928 
12791 -0.012818 0.369229 
12792 0.141575 -0.187758 
12793 0.141231 -0.00177363 
12794 0.141226 0.183286 
12795 0.141732 0.368335 
12796 0.29528 -0.187479 
12797 0.295694 -0.00228577 
12798 0.295992 0.183187 
12799 0.296249 0.36808 
12800 -0.313074 -0.162678 
12801 -0.313215 0.010643 
12802 -0.313558 0.183641 
12803 -0.313578 0.358116 
12804 -0.168223 -0.162158 
12805 -0.168827 0.00997055 
12806 -0.168681 0.183146 
12807 -0.169179 0.357322 
12808 -0.0247325 -0.162674 
12809 -0.024319 0.0100174 
12810 -0.0246521 0.183408 
12811 -0.0248807 0.356919 
12812 0.119094 -0.162327 
12813 0.119791 0.0104893 
12814 0.119589 0.183265 
12815 0.119142 0.356712 
12816 0.262868 -0.161266 
12817 0.263208 0.0106891 
12818 0.262867 0.182752 
12819 0.263242 0.355545 
12820 -0.305891 -0.140562 
12821 -0.306118 0.0216173 
12822 -0.306375 0.18424 
12823 -0.30708 0.347648 
12824 -0.169857 -0.140723 
12825 -0.169821 0.0218873 
12826 -0.17041 0.1836 
12827 -0.170956 0.346514 
12828 -0.0350583 -0.140449 
12829 -0.0349983 0.0218003 
12830 -0.0345745 0.183235 
12831 -0.0355428 0.346266 
12832 0.0994164 -0.139469 
12833 0.100076 0.0210596 
12834 0.100174 0.182996 
12835 0.100366 0.345656 
12836 0.233038 -0.139488 
12837 0.233572 0.0211812 
12838 0.234568 0.182609 
12839 0.234433 0.344876 
12840 -0.29897 -0.121499 
12841 -0.299873 0.0316694 
12842 -0.300499 0.183976 
12843 -0.300677 0.338421 
12844 -0.171771 -0.120977 
12845 -0.172116 0.0311512 
12846 -0.172102 0.183819 
12847 -0.171974 0.337433 
12848 -0.0444909 -0.120452 
12849 -0.0449928 0.0305978 
12850 -0.0448758 0.183675 
12851 -0.0443692 0.336691 
12852 0.0812695 -0.120266 
12853 0.0824259 0.0312603 
12854 0.081903 0.182855 
12855 0.0824989 0.335491 
12856 0.207063 -0.119835 
12857 0.208205 0.0309699 
12858 0.20802 0.182287 
12859 0.208742 0.334982 
12860 -0.293744 -0.10391 
12861 -0.294937 0.0396146 
12862 -0.295295 0.184835 
12863 -0.29547 0.329674 
12864 -0.173213 -0.104404 
12865 -0.174038 0.0396307 
12866 -0.173631 0.184108 
12867 -0.174046 0.32937 
12868 -0.0533639 -0.103388 
12869 -0.0534862 0.0398579 
12870 -0.0539595 0.183885 
12871 -0.0533018 0.328258 
12872 0.065129 -0.1039 
12873 0.0657991 0.0393615 
12874 0.0660077 0.182675 
12875 0.0661655 0.326495 
12876 0.184021 -0.103151 
12877 0.184478 0.0390602 
12878 0.185377 0.182295 
12879 0.185752 0.325563 
12880 -0.289823 -0.0888902 
12881 -0.290392 0.047329 
12882 -0.290502 0.184587 
12883 -0.291394 0.322216 
12884 -0.1751 -0.0891663 
12885 -0.176244 0.0473285 
12886 -0.17599 0.183874 
12887 -0.175926 0.32189 
12888 -0.0623249 -0.0884654 
12889 -0.0622878 0.0471896 
12890 -0.0616518 0.182913 
12891 -0.062352 0.319759 
12892 0.0502468 -0.088209 
12893 0.0506811 0.0463074 
12894 0.0509902 0.182227 
12895 0.0519959 0.318897 
12896 0.163171 -0.0877218 
12897 0.163579 0.0461092 
12898 0.164074 0.181763 
12899 0.164696 0.31735 
12900 -0.28637 -0.0750735 
12901 -0.287215 0.0543999 
12902 -0.287361 0.184957 
12903 -0.288065 0.315514 
12904 -0.177752 -0.0747465 
12905 -0.177534 0.054416 
12906 -0.178455 0.184017 
12907 -0.178699 0.314405 
12908 -0.0703252 -0.0752403 
12909 -0.0696232 0.0535273 
12910 -0.0698044 0.183385 
12911 -0.069748 0.313634 
12912 0.0366516 -0.0748948 
12913 0.0370668 0.0529358 
12914 0.0374081 0.182568 
12915 0.0376485 0.311959 
12916 0.142876 -0.0748231 
12917 0.143492 0.0529192 
12918 0.144416 0.181457 
12919 0.145151 0.310181 
12920 -0.283461 -0.0633813 
12921 -0.284291 0.0601677 
12922 -0.2843 0.18533 
12923 -0.285322 0.310011 
12924 -0.180224 -0.0629561 
12925 -0.180739 0.0603492 
12926 -0.180497 0.184398 
12927 -0.181038 0.308449 
12928 -0.0775136 -0.0626832 
12929 -0.0769135 0.0598294 
12930 -0.0775568 0.182612 
12931 -0.0766871 0.306549 
12932 0.0242693 -0.0627644 
12933 0.0248424 0.0589142 
12934 0.0255773 0.181818 
12935 0.0254204 0.304948 
12936 0.125402 -0.0625324 
12937 0.126547 0.0584093 
12938 0.126977 0.180972 
12939 0.127179 0.303898 
12940 -0.282079 -0.0520722 
12941 -0.282062 0.0665778 
12942 -0.281824 0.184347 
12943 -0.2831 0.303732 
12944 -0.182445 -0.0519417 
12945 -0.183075 0.0655249 
12946 -0.182658 0.183282 
12947 -0.183047 0.302918 
12948 -0.084538 -0.0521401 
12949 -0.0843701 0.0653619 
12950 -0.0839537 0.182465 
12951 -0.0835787 0.300379 
12952 0.0126978 -0.0519097 
12953 0.0130021 0.0642273 
12954 0.0139532 0.181174 
12955 0.0135906 0.299466 
12956 0.108921 -0.0517518 
12957 0.109668 0.0635465 
12958 0.110138 0.180834 
12959 0.111017 0.297202 
12960 -0.279647 -0.0414242 
12961 -0.280094 0.0711152 
12962 -0.28078 0.184412 
12963 -0.281194 0.298715 
12964 -0.185691 -0.0423617 
12965 -0.185309 0.070556 
12966 -0.184791 0.182854 
12967 -0.185384 0.297097 
12968 -0.0916023 -0.0416918 
12969 -0.0910441 0.0693432 
12970 -0.0904078 0.181733 
12971 -0.0910807 0.294813 
12972 0.00123581 -0.0427197 
12973 0.00192384 0.069412 
12974 0.00213308 0.181336 
12975 0.00279208 0.29317 
12976 0.0935825 -0.0423376 
12977 0.0940377 0.0685459 
12978 0.0949079 0.179469 
12979 0.0959304 0.292155 
12980 -0.278853 -0.0324811 
12981 -0.278582 0.0754574 
12982 -0.279581 0.184289 
12983 -0.279302 0.294278 
12984 -0.18757 -0.0334238 
12985 -0.187559 0.0749021 
12986 -0.187813 0.183134 
12987 -0.18793 0.292064 
12988 -0.0979101 -0.0336202 
12989 -0.0981708 0.0736805 
12990 -0.0975573 0.181276 
12991 -0.0973692 0.289696 
12992 -0.00897485 -0.0331434 
12993 -0.00872968 0.0734091 
12994 -0.00806975 0.180322 
12995 -0.00683008 0.288353 
12996 0.0793246 -0.0335941 
12997 0.0799218 0.0719541 
12998 0.0809167 0.178477 
12999 0.0817863 0.286109 
13000 -0.27765 -0.0243023 
13001 -0.277842 0.0793528 
13002 -0.278193 0.184315 
13003 -0.278063 0.289288 
13004 -0.190971 -0.0249455 
13005 -0.190296 0.0787207 
13006 -0.190327 0.182112 
13007 -0.190484 0.287157 
13008 -0.104863 -0.0256212 
13009 -0.104351 0.077518 
13010 -0.103256 0.18106 
13011 -0.102704 0.284848 
13012 -0.0188053 -0.0258151 
13013 -0.0183422 0.0762893 
13014 -0.0174924 0.179148 
13015 -0.0162597 0.283476 
13016 0.0650846 -0.0257138 
13017 0.0669883 0.0758954 
13018 0.0679696 0.178435 
13019 0.0686924 0.281284 
13020 -0.277223 -0.01716 
13021 -0.277972 0.0823202 
13022 -0.277768 0.183375 
13023 -0.27743 0.284466 
13024 -0.193574 -0.0175854 
13025 -0.193559 0.0818519 
13026 -0.193114 0.181835 
13027 -0.192832 0.281962 
13028 -0.110141 -0.0186139 
13029 -0.110044 0.0809627 
13030 -0.109303 0.18023 
13031 -0.109191 0.27998 
13032 -0.0280303 -0.0185708 
13033 -0.0272265 0.0795368 
13034 -0.026549 0.178081 
13035 -0.0263664 0.277636 
13036 0.0532969 -0.0195288 
13037 0.0539881 0.078302 
13038 0.0548136 0.176718 
13039 0.0561896 0.276179 
13040 -0.277613 -0.0101338 
13041 -0.277243 0.0855821 
13042 -0.277207 0.182509 
13043 -0.276882 0.280438 
13044 -0.196199 -0.0112065 
13045 -0.195782 0.0841491 
13046 -0.195254 0.180635 
13047 -0.195299 0.278346 
13048 -0.116425 -0.0116649 
13049 -0.116111 0.0832585 
13050 -0.114824 0.179225 
13051 -0.114541 0.275616 
13052 -0.0373618 -0.0119613 
13053 -0.0369656 0.0821527 
13054 -0.0355661 0.177699 
13055 -0.0349096 0.27355 
13056 0.0405731 -0.0128567 
13057 0.0418467 0.0814468 
13058 0.0433051 0.175829 
13059 0.0442865 0.270815 
13060 -0.277129 -0.00420524 
13061 -0.277238 0.0888465 
13062 -0.277084 0.181465 
13063 -0.276825 0.276511 
13064 -0.199152 -0.00547845 
13065 -0.199122 0.0867587 
13066 -0.19895 0.180182 
13067 -0.19839 0.273275 
13068 -0.121868 -0.00543314 
13069 -0.121076 0.0863134 
13070 -0.120565 0.17799 
13071 -0.119754 0.270884 
13072 -0.0456206 -0.00658711 
13073 -0.0446794 0.084233 
13074 -0.0441737 0.176374 
13075 -0.0432182 0.269129 
13076 0.0293805 -0.00691081 
13077 0.030948 0.0830718 
13078 0.0319385 0.174424 
13079 0.0330529 0.266711 
13080 -0.278 0.000779768 
13081 -0.277805 0.0911483 
13082 -0.277405 0.1812 
13083 -0.276833 0.271989 
13084 -0.202925 -0.000109548 
13085 -0.202042 0.0891592 
13086 -0.200822 0.178722 
13087 -0.200173 0.268948 
13088 -0.127553 -0.00088858 
13089 -0.12701 0.0876401 
13090 -0.125981 0.177143 
13091 -0.125036 0.266625 
13092 -0.0544744 -0.000966136 
13093 -0.0534519 0.0862685 
13094 -0.0517727 0.175155 
13095 -0.0510979 0.264131 
13096 0.0185691 -0.00199762 
13097 0.0199303 0.0847055 
13098 0.0211812 0.173115 
13099 0.0223575 0.262134 
13100 -0.278952 0.00623901 
13101 -0.277599 0.0929389 
13102 -0.277503 0.180057 
13103 -0.277314 0.267763 
13104 -0.205297 0.00504067 
13105 -0.204971 0.0914662 
13106 -0.204134 0.178041 
13107 -0.203243 0.265687 
13108 -0.133038 0.00384927 
13109 -0.132804 0.0897375 
13110 -0.131329 0.175368 
13111 -0.130688 0.263126 
13112 -0.0623574 0.00358612 
13113 -0.0608505 0.0886073 
13114 -0.060202 0.173882 
13115 -0.0583602 0.259704 
13116 0.00835238 0.00210362 
13117 0.00963462 0.0866909 
13118 0.0107896 0.172171 
13119 0.0121237 0.257446 
13120 -0.279014 0.0109815 
13121 -0.278877 0.0939917 
13122 -0.27839 0.178724 
13123 -0.277698 0.263889 
13124 -0.208266 0.00969758 
13125 -0.207425 0.0927168 
13126 -0.207356 0.17665 
13127 -0.206327 0.261337 
13128 -0.138804 0.00812199 
13129 -0.137846 0.0912149 
13130 -0.136631 0.17466 
13131 -0.135269 0.258895 
13132 -0.0696881 0.00730191 
13133 -0.0689161 0.0894591 
13134 -0.0668743 0.171926 
13135 -0.0656816 0.256111 
13136 -0.00198021 0.00645345 
13137 -0.00052715 0.0874802 
13138 0.00150529 0.170025 
13139 0.00331841 0.253256 
13140 -0.280334 0.0145037 
13141 -0.279919 0.095964 
13142 -0.278551 0.177216 
13143 -0.278066 0.259961 
13144 -0.212145 0.0134736 
13145 -0.21059 0.0941057 
13146 -0.209731 0.174886 
13147 -0.209393 0.257189 
13148 -0.144377 0.0119494 
13149 -0.14309 0.091789 
13150 -0.141456 0.172521 
13151 -0.14018 0.254211 
13152 -0.0768797 0.0111636 
13153 -0.0754236 0.0910178 
13154 -0.0748174 0.170331 
13155 -0.0732378 0.251321 
13156 -0.0109801 0.00925952 
13157 -0.00956676 0.0888965 
13158 -0.00853608 0.169031 
13159 -0.00607367 0.248815 
