12900 -0.333088 -0.217128 
12901 -0.332883 -0.0170517 
12902 -0.333587 0.183588 
12903 -0.333696 0.383478 
12904 -0.166826 -0.21648 
12905 -0.166302 -0.0168616 
12906 -0.16708 0.183111 
12907 -0.166524 0.382846 
12908 0.000165423 -0.216289 
12909 0.000414486 -0.0162854 
12910 0.000188073 0.183565 
12911 -0.000482013 0.383407 
12912 0.167145 -0.217063 
12913 0.167021 -0.0162102 
12914 0.166462 0.183264 
12915 0.166647 0.383682 
12916 0.333077 -0.217078 
12917 0.333116 -0.0162457 
12918 0.333272 0.18309 
12919 0.333532 0.383163 
12920 -0.322752 -0.189134 
12921 -0.322874 -0.00416912 
12922 -0.323167 0.18143 
12923 -0.323402 0.367256 
12924 -0.168165 -0.189693 
12925 -0.168046 -0.00400507 
12926 -0.167755 0.181269 
12927 -0.168491 0.367397 
12928 -0.0143833 -0.189309 
12929 -0.013299 -0.00385261 
12930 -0.0136313 0.181503 
12931 -0.0137921 0.366811 
12932 0.139926 -0.188889 
12933 0.140936 -0.00427526 
12934 0.140394 0.181604 
12935 0.140969 0.366521 
12936 0.294024 -0.189466 
12937 0.295025 -0.00382553 
12938 0.294665 0.180818 
12939 0.29547 0.366581 
12940 -0.314789 -0.165202 
12941 -0.314284 0.00753153 
12942 -0.314241 0.180985 
12943 -0.314635 0.354432 
12944 -0.169969 -0.165543 
12945 -0.170444 0.00653556 
12946 -0.169879 0.179828 
12947 -0.170033 0.353733 
12948 -0.0266446 -0.16564 
12949 -0.0257938 0.00672461 
12950 -0.0255592 0.179932 
12951 -0.0254197 0.35261 
12952 0.116795 -0.165343 
12953 0.117988 0.0060857 
12954 0.118375 0.1794 
12955 0.118374 0.351705 
12956 0.260218 -0.165653 
12957 0.260608 0.00627555 
12958 0.260846 0.178487 
12959 0.261748 0.350616 
12960 -0.307708 -0.145558 
12961 -0.307775 0.017051 
12962 -0.307504 0.178766 
12963 -0.307065 0.34158 
12964 -0.172178 -0.144804 
12965 -0.172423 0.0158892 
12966 -0.171718 0.17871 
12967 -0.172007 0.340994 
12968 -0.0381536 -0.144958 
12969 -0.0372401 0.0161235 
12970 -0.0372519 0.177497 
12971 -0.0368578 0.339573 
12972 0.0967746 -0.145436 
12973 0.0968894 0.0156453 
12974 0.0976471 0.176518 
12975 0.098056 0.339114 
12976 0.230415 -0.145882 
12977 0.231022 0.0151689 
12978 0.231883 0.175985 
12979 0.232493 0.337307 
12980 -0.302208 -0.127235 
12981 -0.301784 0.0247668 
12982 -0.301746 0.177613 
12983 -0.302195 0.330753 
12984 -0.174322 -0.127835 
12985 -0.174195 0.0246146 
12986 -0.174279 0.177066 
12987 -0.173575 0.330163 
12988 -0.0477412 -0.127794 
12989 -0.047507 0.0240139 
12990 -0.0466108 0.175748 
12991 -0.0466605 0.328398 
12992 0.0774948 -0.127754 
12993 0.0784963 0.0229409 
12994 0.0790632 0.174942 
12995 0.0798116 0.327118 
12996 0.203136 -0.127543 
12997 0.203959 0.0229666 
12998 0.205181 0.174351 
12999 0.206025 0.325887 
13000 -0.297489 -0.112007 
13001 -0.296862 0.0319938 
13002 -0.296758 0.176582 
13003 -0.29709 0.32129 
13004 -0.177589 -0.111821 
13005 -0.177125 0.0309398 
13006 -0.176166 0.175338 
13007 -0.176328 0.320092 
13008 -0.057424 -0.112795 
13009 -0.0571438 0.0310729 
13010 -0.0560859 0.173607 
13011 -0.0560489 0.317802 
13012 0.0607255 -0.112231 
13013 0.0624246 0.0302909 
13014 0.0627192 0.173267 
13015 0.0637731 0.316318 
13016 0.178969 -0.113128 
13017 0.180456 0.0291153 
13018 0.181757 0.17162 
13019 0.182559 0.314479 
13020 -0.293691 -0.0979176 
13021 -0.293229 0.0383541 
13022 -0.29351 0.175055 
13023 -0.292518 0.312256 
13024 -0.180173 -0.0981756 
13025 -0.179064 0.0372735 
13026 -0.178464 0.173378 
13027 -0.178037 0.309988 
13028 -0.0669666 -0.0991483 
13029 -0.0654653 0.0364282 
13030 -0.0654398 0.171952 
13031 -0.0640376 0.308415 
13032 0.0461912 -0.0991623 
13033 0.0468092 0.0355027 
13034 0.0474401 0.171031 
13035 0.0485911 0.306392 
13036 0.157018 -0.099396 
13037 0.159055 0.035087 
13038 0.159507 0.169295 
13039 0.160935 0.305129 
13040 -0.290405 -0.0854309 
13041 -0.2907 0.0434365 
13042 -0.290388 0.173786 
13043 -0.289274 0.303954 
13044 -0.182391 -0.0862859 
13045 -0.182173 0.0419471 
13046 -0.180781 0.172203 
13047 -0.180089 0.302074 
13048 -0.0748801 -0.0866764 
13049 -0.0740974 0.0409753 
13050 -0.0729047 0.170043 
13051 -0.0724845 0.299654 
13052 0.031646 -0.0874634 
13053 0.0323145 0.0402504 
13054 0.0335569 0.16922 
13055 0.034865 0.297596 
13056 0.137366 -0.0879873 
13057 0.138811 0.0392942 
13058 0.140421 0.166905 
13059 0.14169 0.29595 
13060 -0.288272 -0.07552 
13061 -0.287508 0.0480144 
13062 -0.287616 0.171601 
13063 -0.286641 0.29593 
13064 -0.184999 -0.0760145 
13065 -0.184074 0.0464548 
13066 -0.183328 0.170403 
13067 -0.182817 0.294294 
13068 -0.0827582 -0.0759676 
13069 -0.0822191 0.0456488 
13070 -0.0811846 0.168096 
13071 -0.0799986 0.29161 
13072 0.018434 -0.0774837 
13073 0.0197771 0.0449445 
13074 0.0212691 0.166458 
13075 0.0225334 0.289118 
13076 0.119486 -0.0775567 
13077 0.120512 0.0435499 
13078 0.12253 0.165476 
13079 0.123954 0.287661 
13080 -0.28689 -0.065657 
13081 -0.285942 0.0514963 
13082 -0.285846 0.170252 
13083 -0.284792 0.288456 
13084 -0.187853 -0.0666371 
13085 -0.186852 0.0509221 
13086 -0.18682 0.167853 
13087 -0.185021 0.285955 
13088 -0.0907161 -0.0666874 
13089 -0.0893119 0.0491481 
13090 -0.0879027 0.165866 
13091 -0.0867892 0.283467 
13092 0.00592408 -0.068058 
13093 0.00771139 0.0479007 
13094 0.00907472 0.164283 
13095 0.0101819 0.28195 
13096 0.102665 -0.0681984 
13097 0.10422 0.0469359 
13098 0.105923 0.162974 
13099 0.107193 0.278983 
13100 -0.285653 -0.0574092 
13101 -0.284495 0.0549399 
13102 -0.283477 0.168555 
13103 -0.283485 0.281446 
13104 -0.191021 -0.0582179 
13105 -0.190554 0.0541046 
13106 -0.18869 0.166132 
13107 -0.187676 0.279369 
13108 -0.0975227 -0.0592255 
13109 -0.0964096 0.052907 
13110 -0.0955839 0.163985 
13111 -0.0933601 0.276665 
13112 -0.00494933 -0.0593861 
13113 -0.00382693 0.0507934 
13114 -0.00185541 0.161954 
13115 -0.000621159 0.274296 
13116 0.0862247 -0.0605089 
13117 0.0885044 0.0500376 
13118 0.0897579 0.159918 
13119 0.0917086 0.271237 
13120 -0.284145 -0.0491788 
13121 -0.283835 0.0577656 
13122 -0.283036 0.166807 
13123 -0.281629 0.275157 
13124 -0.194628 -0.0505686 
13125 -0.193051 0.0562305 
13126 -0.192187 0.164002 
13127 -0.190147 0.27272 
13128 -0.104158 -0.0514702 
13129 -0.103572 0.0546446 
13130 -0.101819 0.162077 
13131 -0.100215 0.26988 
13132 -0.0155803 -0.0525289 
13133 -0.014751 0.0538649 
13134 -0.0123875 0.160348 
13135 -0.0114445 0.267087 
13136 0.0717152 -0.0535052 
13137 0.0737988 0.0515999 
13138 0.0758874 0.158262 
13139 0.07736 0.264149 
13140 -0.284317 -0.0424151 
13141 -0.2828 0.0606534 
13142 -0.281903 0.164011 
13143 -0.280438 0.269205 
13144 -0.1976 -0.0440225 
13145 -0.196366 0.0586014 
13146 -0.194598 0.162585 
13147 -0.192816 0.266302 
13148 -0.111513 -0.0455137 
13149 -0.110146 0.0565887 
13150 -0.107757 0.159986 
13151 -0.106207 0.263544 
13152 -0.0261859 -0.04672 
13153 -0.0245855 0.0555795 
13154 -0.0227764 0.157562 
13155 -0.0213081 0.260221 
13156 0.0577432 -0.0472035 
13157 0.0602966 0.0534824 
13158 0.0616827 0.154906 
13159 0.0638538 0.257309 
13160 -0.283546 -0.0369409 
13161 -0.282752 0.0625073 
13162 -0.281852 0.162586 
13163 -0.279816 0.262615 
13164 -0.200599 -0.0384861 
13165 -0.199225 0.0610573 
13166 -0.197499 0.160204 
13167 -0.19606 0.260255 
13168 -0.117261 -0.0399394 
13169 -0.116169 0.0587959 
13170 -0.114581 0.157649 
13171 -0.112085 0.256987 
13172 -0.0358942 -0.0404791 
13173 -0.033587 0.0568942 
13174 -0.0319739 0.155137 
13175 -0.0297961 0.254374 
13176 0.0450742 -0.0416209 
13177 0.0474454 0.0546936 
13178 0.049714 0.153153 
13179 0.0513446 0.251473 
13180 -0.284381 -0.0319319 
13181 -0.28247 0.0642659 
13182 -0.281578 0.159703 
13183 -0.279745 0.256519 
13184 -0.203432 -0.0334555 
13185 -0.201671 0.0620475 
13186 -0.199867 0.157972 
13187 -0.19869 0.25404 
13188 -0.124273 -0.0345644 
13189 -0.122269 0.0598633 
13190 -0.120278 0.154617 
13191 -0.117995 0.250611 
13192 -0.0452402 -0.0361852 
13193 -0.0433344 0.0581219 
13194 -0.041496 0.153024 
13195 -0.0385846 0.24753 
13196 0.0326388 -0.0370194 
13197 0.0353916 0.0564918 
13198 0.0376983 0.150008 
13199 0.0398996 0.245077 
13200 -0.284714 -0.0273123 
13201 -0.283096 0.0651024 
13202 -0.280918 0.157587 
13203 -0.279732 0.25092 
13204 -0.206957 -0.0287661 
13205 -0.205407 0.0629309 
13206 -0.203375 0.155333 
13207 -0.201701 0.247862 
13208 -0.129827 -0.0296613 
13209 -0.127759 0.061094 
13210 -0.125628 0.152986 
13211 -0.12422 0.244852 
13212 -0.0541897 -0.031468 
13213 -0.0520876 0.0591621 
13214 -0.0496708 0.149895 
13215 -0.0479498 0.242091 
13216 0.0215318 -0.0329075 
13217 0.0231211 0.0563562 
13218 0.026212 0.147121 
13219 0.0285867 0.23832 
13220 -0.28528 -0.0227056 
13221 -0.283752 0.0661526 
13222 -0.282138 0.155774 
13223 -0.279741 0.245454 
13224 -0.210184 -0.0243701 
13225 -0.20766 0.0635556 
13226 -0.206237 0.152817 
13227 -0.204458 0.24235 
13228 -0.135902 -0.0265033 
13229 -0.133925 0.0614878 
13230 -0.131507 0.149923 
13231 -0.129105 0.239233 
13232 -0.0622237 -0.0278368 
13233 -0.060207 0.0598422 
13234 -0.0576204 0.146832 
13235 -0.055512 0.235551 
13236 0.0105517 -0.0299877 
13237 0.0129148 0.056998 
13238 0.0145353 0.144329 
13239 0.0176974 0.2322 
13240 -0.285679 -0.0189761 
13241 -0.28377 0.0663328 
13242 -0.282176 0.152955 
13243 -0.280562 0.239892 
13244 -0.213402 -0.0212588 
13245 -0.211014 0.0647156 
13246 -0.208926 0.149812 
13247 -0.206663 0.236647 
13248 -0.141372 -0.0225734 
13249 -0.139329 0.0615663 
13250 -0.137266 0.147757 
13251 -0.135135 0.233631 
13252 -0.0702482 -0.0243701 
13253 -0.067728 0.0594012 
13254 -0.0654307 0.144275 
13255 -0.0628762 0.230057 
13256 -3.87257e-05 -0.0263636 
13257 0.00205811 0.0577994 
13258 0.00454263 0.141974 
13259 0.00678912 0.226545 
13260 -0.286627 -0.0165062 
13261 -0.284793 0.0665883 
13262 -0.282406 0.150735 
13263 -0.280995 0.235331 
13264 -0.215884 -0.0183367 
13265 -0.214241 0.0640559 
13266 -0.211773 0.148096 
13267 -0.209754 0.231246 
13268 -0.146668 -0.020095 
13269 -0.144206 0.0624633 
13270 -0.142072 0.144809 
13271 -0.139532 0.227358 
13272 -0.0785462 -0.0215779 
13273 -0.0755709 0.0592399 
13274 -0.0732778 0.141721 
13275 -0.070421 0.224278 
13276 -0.0103105 -0.023713 
13277 -0.00832612 0.0570219 
13278 -0.00487729 0.138423 
13279 -0.00259209 0.221355 
13280 -0.287606 -0.0139892 
13281 -0.285701 0.0672611 
13282 -0.284185 0.148102 
13283 -0.281632 0.229284 
13284 -0.220161 -0.0161355 
13285 -0.217839 0.0638999 
13286 -0.214842 0.144941 
13287 -0.213204 0.225886 
13288 -0.152764 -0.0173692 
13289 -0.149603 0.0617974 
13290 -0.147864 0.142033 
13291 -0.145159 0.222235 
13292 -0.0859341 -0.0192793 
13293 -0.0833867 0.0588746 
13294 -0.0810288 0.138346 
13295 -0.0782328 0.218764 
13296 -0.0206762 -0.0216281 
13297 -0.0176551 0.0572697 
13298 -0.0152227 0.136149 
13299 -0.0124725 0.215455 
