12920 -0.333652 -0.216599 
12921 -0.333333 -0.0170472 
12922 -0.332897 0.183394 
12923 -0.333449 0.383154 
12924 -0.166837 -0.216176 
12925 -0.166353 -0.0165219 
12926 -0.166972 0.183833 
12927 -0.167095 0.382876 
12928 5.45061e-06 -0.217084 
12929 0.000343351 -0.0162938 
12930 -0.000230664 0.183335 
12931 0.000122821 0.383481 
12932 0.166838 -0.216708 
12933 0.166539 -0.0166023 
12934 0.167112 0.182835 
12935 0.167146 0.382998 
12936 0.333105 -0.216286 
12937 0.333327 -0.0162299 
12938 0.333172 0.182872 
12939 0.333307 0.383099 
12940 -0.323054 -0.190006 
12941 -0.323094 -0.00443525 
12942 -0.322961 0.181211 
12943 -0.323254 0.367495 
12944 -0.16886 -0.18925 
12945 -0.168245 -0.00471676 
12946 -0.168086 0.181197 
12947 -0.16777 0.366937 
12948 -0.0138958 -0.189108 
12949 -0.0139672 -0.00432938 
12950 -0.0138536 0.180756 
12951 -0.0131062 0.366617 
12952 0.140525 -0.18919 
12953 0.14004 -0.00484012 
12954 0.140861 0.180908 
12955 0.141018 0.365971 
12956 0.294553 -0.18959 
12957 0.293942 -0.00513136 
12958 0.295001 0.180246 
12959 0.295267 0.365997 
12960 -0.314944 -0.166119 
12961 -0.314544 0.00650467 
12962 -0.314986 0.179314 
12963 -0.314921 0.353153 
12964 -0.170262 -0.166114 
12965 -0.170748 0.00632529 
12966 -0.170031 0.179159 
12967 -0.170183 0.35236 
12968 -0.0268598 -0.165986 
12969 -0.0264734 0.00552087 
12970 -0.0256197 0.179023 
12971 -0.025741 0.351797 
12972 0.11636 -0.166166 
12973 0.116787 0.0056904 
12974 0.117965 0.177778 
12975 0.118188 0.350858 
12976 0.260193 -0.166118 
12977 0.260817 0.00555549 
12978 0.26126 0.177308 
12979 0.261968 0.350188 
12980 -0.308301 -0.145749 
12981 -0.30778 0.0161624 
12982 -0.308258 0.178065 
12983 -0.307403 0.340926 
12984 -0.173203 -0.145872 
12985 -0.172527 0.0150901 
12986 -0.172411 0.17774 
12987 -0.1723 0.339864 
12988 -0.0380757 -0.146357 
12989 -0.0376444 0.0146851 
12990 -0.037469 0.17673 
12991 -0.0364058 0.33877 
12992 0.0965678 -0.146603 
12993 0.0967723 0.0141614 
12994 0.0968896 0.175449 
12995 0.0978912 0.337299 
12996 0.229463 -0.146494 
12997 0.230033 0.0138243 
12998 0.231695 0.17493 
12999 0.232115 0.33668 
13000 -0.303043 -0.129141 
13001 -0.302773 0.0237566 
13002 -0.302515 0.176337 
13003 -0.3016 0.330067 
13004 -0.174997 -0.129131 
13005 -0.175205 0.0233507 
13006 -0.174359 0.175746 
13007 -0.173493 0.32834 
13008 -0.0483186 -0.129441 
13009 -0.047786 0.0226872 
13010 -0.047386 0.174855 
13011 -0.0470344 0.327184 
13012 0.0770666 -0.128966 
13013 0.0782746 0.0219895 
13014 0.0786575 0.173238 
13015 0.0798251 0.325639 
13016 0.202587 -0.129095 
13017 0.204234 0.0214988 
13018 0.20487 0.172641 
13019 0.206198 0.323746 
13020 -0.297731 -0.113123 
13021 -0.297501 0.0300898 
13022 -0.296958 0.1743 
13023 -0.296654 0.319192 
13024 -0.177392 -0.114128 
13025 -0.176975 0.0293282 
13026 -0.17697 0.173002 
13027 -0.176324 0.317326 
13028 -0.0583939 -0.114066 
13029 -0.0572336 0.0287924 
13030 -0.0570963 0.172423 
13031 -0.0564971 0.316317 
13032 0.0607171 -0.114768 
13033 0.0613692 0.0278948 
13034 0.0622265 0.171487 
13035 0.0634263 0.314225 
13036 0.179099 -0.114454 
13037 0.179478 0.0268566 
13038 0.180954 0.169881 
13039 0.181651 0.312495 
13040 -0.294389 -0.0997008 
13041 -0.293595 0.0361655 
13042 -0.293844 0.172698 
13043 -0.293196 0.309612 
13044 -0.180486 -0.100248 
13045 -0.180306 0.0348503 
13046 -0.178717 0.171424 
13047 -0.17885 0.308315 
13048 -0.067705 -0.100869 
13049 -0.0664096 0.0347613 
13050 -0.0651748 0.170448 
13051 -0.0649016 0.306784 
13052 0.0452994 -0.101456 
13053 0.0461631 0.0337603 
13054 0.0472008 0.168344 
13055 0.0485806 0.304242 
13056 0.157036 -0.101427 
13057 0.158214 0.0326389 
13058 0.158993 0.167546 
13059 0.161141 0.302366 
13060 -0.291407 -0.0878396 
13061 -0.290994 0.0417072 
13062 -0.290298 0.171549 
13063 -0.290079 0.301894 
13064 -0.183421 -0.0887474 
13065 -0.182887 0.0402217 
13066 -0.181158 0.169622 
13067 -0.181081 0.298914 
13068 -0.0755071 -0.08884 
13069 -0.0748667 0.0388235 
13070 -0.0739511 0.167599 
13071 -0.0726479 0.297699 
13072 0.0311968 -0.0902587 
13073 0.0317584 0.0377575 
13074 0.033706 0.166453 
13075 0.034534 0.295084 
13076 0.136727 -0.0906703 
13077 0.137941 0.0367538 
13078 0.139279 0.16468 
13079 0.140781 0.293218 
13080 -0.289233 -0.0773995 
13081 -0.28814 0.0455538 
13082 -0.287694 0.169566 
13083 -0.286772 0.293422 
13084 -0.186072 -0.0778306 
13085 -0.185339 0.0444828 
13086 -0.184325 0.16764 
13087 -0.183264 0.290728 
13088 -0.084297 -0.0785029 
13089 -0.0823858 0.0427507 
13090 -0.0818583 0.165678 
13091 -0.0799133 0.289102 
13092 0.0177786 -0.0791855 
13093 0.0191847 0.0416919 
13094 0.0201408 0.163937 
13095 0.0219956 0.286325 
13096 0.118446 -0.0801604 
13097 0.11977 0.0410271 
13098 0.121061 0.162143 
13099 0.123626 0.283887 
13100 -0.287626 -0.0679045 
13101 -0.287021 0.0492214 
13102 -0.285826 0.167362 
13103 -0.285213 0.285522 
13104 -0.189464 -0.0688773 
13105 -0.187818 0.0475531 
13106 -0.186819 0.164939 
13107 -0.18575 0.283116 
13108 -0.0915627 -0.0702436 
13109 -0.0901585 0.0460344 
13110 -0.0891579 0.162905 
13111 -0.0869913 0.281041 
13112 0.00528102 -0.0708949 
13113 0.00713255 0.0448312 
13114 0.00858588 0.16096 
13115 0.00965933 0.278344 
13116 0.101199 -0.0721052 
13117 0.102908 0.0435198 
13118 0.104649 0.159448 
13119 0.106417 0.275614 
13120 -0.286558 -0.0603587 
13121 -0.284998 0.0524009 
13122 -0.283867 0.165603 
13123 -0.283545 0.278954 
13124 -0.191664 -0.060752 
13125 -0.190891 0.0503357 
13126 -0.18967 0.162901 
13127 -0.188652 0.27624 
13128 -0.0991431 -0.0617588 
13129 -0.0974307 0.0491347 
13130 -0.0961691 0.160825 
13131 -0.0942808 0.272831 
13132 -0.00647011 -0.0629857 
13133 -0.00425284 0.047752 
13134 -0.00276365 0.15912 
13135 -0.00103224 0.270698 
13136 0.0857864 -0.0636086 
13137 0.0874339 0.0464816 
13138 0.089075 0.15644 
13139 0.0907173 0.268242 
13140 -0.285764 -0.0529291 
13141 -0.284752 0.0544544 
13142 -0.282932 0.163379 
13143 -0.282344 0.272002 
13144 -0.195102 -0.0541877 
13145 -0.193646 0.0530423 
13146 -0.192007 0.160425 
13147 -0.190998 0.268961 
13148 -0.105856 -0.0545612 
13149 -0.103933 0.0512603 
13150 -0.102021 0.158094 
13151 -0.101172 0.266194 
13152 -0.0167715 -0.0560993 
13153 -0.0150835 0.0498155 
13154 -0.013726 0.156394 
13155 -0.0119913 0.26297 
13156 0.0708049 -0.0575874 
13157 0.0729662 0.0483705 
13158 0.074423 0.154483 
13159 0.0770328 0.260548 
13160 -0.284586 -0.0458969 
13161 -0.283965 0.0569229 
13162 -0.282264 0.160553 
13163 -0.281034 0.265596 
13164 -0.198566 -0.0472447 
13165 -0.197107 0.0550579 
13166 -0.195498 0.158835 
13167 -0.193646 0.26235 
13168 -0.112572 -0.0485068 
13169 -0.1109 0.0529826 
13170 -0.10869 0.15613 
13171 -0.107193 0.259343 
13172 -0.0272389 -0.0499292 
13173 -0.0253988 0.0517616 
13174 -0.0234054 0.153405 
13175 -0.0213543 0.256561 
13176 0.0571308 -0.0515644 
13177 0.0588786 0.0496239 
13178 0.0610417 0.15131 
13179 0.0628992 0.25311 
13180 -0.285077 -0.0404037 
13181 -0.28299 0.0589538 
13182 -0.282019 0.15886 
13183 -0.280798 0.259311 
13184 -0.201635 -0.0421261 
13185 -0.199294 0.0569671 
13186 -0.197582 0.155539 
13187 -0.196792 0.25537 
13188 -0.11868 -0.0436606 
13189 -0.116648 0.0548502 
13190 -0.115445 0.15374 
13191 -0.113629 0.252737 
13192 -0.036877 -0.0446308 
13193 -0.0348035 0.0529973 
13194 -0.0323679 0.150709 
13195 -0.0310653 0.249491 
13196 0.0442635 -0.0458168 
13197 0.0461756 0.0506186 
13198 0.0482795 0.148915 
13199 0.0507692 0.246683 
13200 -0.284737 -0.0350217 
13201 -0.283893 0.0605219 
13202 -0.281483 0.156625 
13203 -0.280121 0.252756 
13204 -0.204419 -0.0370323 
13205 -0.202277 0.0579132 
13206 -0.200686 0.153861 
13207 -0.199024 0.249097 
13208 -0.125211 -0.0389008 
13209 -0.122626 0.0560372 
13210 -0.120833 0.151008 
13211 -0.119026 0.246705 
13212 -0.046507 -0.0396327 
13213 -0.0436375 0.0537738 
13214 -0.0416605 0.148492 
13215 -0.0401876 0.243197 
13216 0.0320624 -0.0416918 
13217 0.0338286 0.0513398 
13218 0.0366853 0.145385 
13219 0.0389843 0.240196 
13220 -0.285054 -0.0307426 
13221 -0.284132 0.060968 
13222 -0.282274 0.153256 
13223 -0.280223 0.246802 
13224 -0.2072 -0.0328797 
13225 -0.205904 0.0589855 
13226 -0.203648 0.151377 
13227 -0.201958 0.243726 
13228 -0.130444 -0.0341208 
13229 -0.128596 0.0561525 
13230 -0.126725 0.14777 
13231 -0.124285 0.239811 
13232 -0.0546034 -0.0355988 
13233 -0.0532342 0.0539567 
13234 -0.0506358 0.145629 
13235 -0.048269 0.237373 
13236 0.019595 -0.0375249 
13237 0.0220034 0.0521257 
13238 0.0244124 0.142796 
13239 0.0276679 0.233411 
13240 -0.285672 -0.0271218 
13241 -0.284482 0.0618795 
13242 -0.282421 0.150855 
13243 -0.280799 0.240839 
13244 -0.21047 -0.0288464 
13245 -0.208656 0.0597563 
13246 -0.206615 0.148187 
13247 -0.205107 0.237446 
13248 -0.136471 -0.0309575 
13249 -0.134645 0.0574236 
13250 -0.131968 0.145099 
13251 -0.130493 0.234668 
13252 -0.0634638 -0.0330149 
13253 -0.060686 0.0546704 
13254 -0.0586913 0.142898 
13255 -0.0559137 0.23085 
13256 0.00877654 -0.0338716 
13257 0.0111137 0.0525582 
13258 0.0141296 0.139944 
13259 0.0163743 0.227099 
13260 -0.2869 -0.0243375 
13261 -0.285099 0.0616403 
13262 -0.282894 0.148826 
13263 -0.281069 0.235729 
13264 -0.214225 -0.0255974 
13265 -0.212319 0.0597983 
13266 -0.210254 0.145345 
13267 -0.207735 0.232161 
13268 -0.14294 -0.0274815 
13269 -0.139803 0.0571629 
13270 -0.137662 0.142352 
13271 -0.135804 0.228277 
13272 -0.0713461 -0.0292189 
13273 -0.0696701 0.054754 
13274 -0.066615 0.14002 
13275 -0.0645906 0.224387 
13276 -0.00156376 -0.0311017 
13277 0.000751673 0.0523734 
13278 0.00382779 0.137103 
13279 0.00612413 0.221877 
13280 -0.288178 -0.0215313 
13281 -0.285464 0.0620072 
13282 -0.283529 0.145667 
13283 -0.281981 0.230142 
13284 -0.217151 -0.023577 
13285 -0.215197 0.0599782 
13286 -0.213405 0.142817 
13287 -0.21031 0.226279 
13288 -0.147698 -0.0255707 
13289 -0.146082 0.0565834 
13290 -0.143066 0.139691 
13291 -0.140236 0.222087 
13292 -0.0794046 -0.0271999 
13293 -0.0772375 0.0542594 
13294 -0.0740634 0.136371 
13295 -0.0717071 0.219036 
13296 -0.0120128 -0.028708 
13297 -0.00892635 0.0521797 
13298 -0.00585276 0.133794 
13299 -0.00318499 0.215742 
13300 -0.288824 -0.0183058 
13301 -0.28723 0.0615837 
13302 -0.284138 0.143073 
13303 -0.282727 0.224804 
13304 -0.220727 -0.0205232 
13305 -0.218795 0.0590191 
13306 -0.215706 0.139999 
13307 -0.21328 0.220518 
13308 -0.153662 -0.0230689 
13309 -0.150821 0.0564485 
13310 -0.148518 0.137024 
13311 -0.145434 0.217166 
13312 -0.0868649 -0.0244475 
13313 -0.0841132 0.0535782 
13314 -0.0816282 0.133339 
13315 -0.0787263 0.213594 
13316 -0.0212917 -0.0265345 
13317 -0.0182944 0.0516362 
13318 -0.0159504 0.129911 
13319 -0.0127582 0.209855 
