12940 -0.333198 -0.216842 
12941 -0.33296 -0.0169612 
12942 -0.333641 0.18309 
12943 -0.333008 0.383092 
12944 -0.166209 -0.216974 
12945 -0.166967 -0.0164052 
12946 -0.166226 0.183324 
12947 -0.166168 0.383382 
12948 -0.000240419 -0.217 
12949 9.79954e-05 -0.0167157 
12950 0.000451165 0.183733 
12951 -9.98654e-05 0.38359 
12952 0.166309 -0.216272 
12953 0.166231 -0.0169818 
12954 0.166354 0.18343 
12955 0.166715 0.383311 
12956 0.332922 -0.216187 
12957 0.333062 -0.0165945 
12958 0.333245 0.183171 
12959 0.333528 0.383504 
12960 -0.323584 -0.190222 
12961 -0.323668 -0.00418787 
12962 -0.323543 0.180812 
12963 -0.323243 0.366888 
12964 -0.168149 -0.190142 
12965 -0.168241 -0.00423148 
12966 -0.168814 0.180504 
12967 -0.168457 0.366962 
12968 -0.0145028 -0.189802 
12969 -0.0139673 -0.00480109 
12970 -0.0137562 0.180357 
12971 -0.0132608 0.366377 
12972 0.139547 -0.19011 
12973 0.139981 -0.00516192 
12974 0.140252 0.180396 
12975 0.140499 0.365561 
12976 0.293545 -0.190382 
12977 0.294012 -0.00463101 
12978 0.294857 0.180353 
12979 0.295273 0.365519 
12980 -0.314873 -0.16694 
12981 -0.315522 0.00574212 
12982 -0.314986 0.178955 
12983 -0.314905 0.352924 
12984 -0.17076 -0.166756 
12985 -0.170948 0.00580387 
12986 -0.169922 0.178105 
12987 -0.170052 0.352139 
12988 -0.026669 -0.167121 
12989 -0.0266984 0.00476248 
12990 -0.0264235 0.178292 
12991 -0.0262546 0.350814 
12992 0.116045 -0.167599 
12993 0.117056 0.00485601 
12994 0.117662 0.17751 
12995 0.118283 0.350492 
12996 0.259669 -0.167292 
12997 0.260465 0.00467539 
12998 0.2607 0.177067 
12999 0.261017 0.348731 
13000 -0.308461 -0.14752 
13001 -0.308525 0.0151477 
13002 -0.307644 0.176664 
13003 -0.307733 0.339659 
13004 -0.172837 -0.147205 
13005 -0.172851 0.014539 
13006 -0.172005 0.176119 
13007 -0.172301 0.338615 
13008 -0.0384005 -0.147381 
13009 -0.0383223 0.0139584 
13010 -0.0375154 0.175456 
13011 -0.0364278 0.337311 
13012 0.0960202 -0.147665 
13013 0.0967588 0.0134655 
13014 0.0967711 0.174184 
13015 0.09749 0.336452 
13016 0.229725 -0.147857 
13017 0.229836 0.0129548 
13018 0.231283 0.173195 
13019 0.231323 0.334511 
13020 -0.302842 -0.129568 
13021 -0.302427 0.02204 
13022 -0.301963 0.174478 
13023 -0.301789 0.327951 
13024 -0.175231 -0.130496 
13025 -0.175377 0.0215497 
13026 -0.174849 0.173666 
13027 -0.174705 0.326224 
13028 -0.0495754 -0.131079 
13029 -0.0481289 0.0213226 
13030 -0.047589 0.172567 
13031 -0.0473333 0.325348 
13032 0.0770795 -0.131147 
13033 0.0782519 0.0206015 
13034 0.0786208 0.171983 
13035 0.0793619 0.323302 
13036 0.202407 -0.131246 
13037 0.203609 0.0192797 
13038 0.204787 0.170528 
13039 0.204968 0.322623 
13040 -0.299078 -0.114724 
13041 -0.298333 0.0288741 
13042 -0.297642 0.173268 
13043 -0.297336 0.317285 
13044 -0.178443 -0.115456 
13045 -0.177762 0.0275961 
13046 -0.176647 0.171732 
13047 -0.176657 0.316167 
13048 -0.0591449 -0.115368 
13049 -0.058205 0.026716 
13050 -0.0569789 0.17014 
13051 -0.0567046 0.313613 
13052 0.0595818 -0.11593 
13053 0.0612381 0.0257697 
13054 0.0616648 0.16938 
13055 0.0634333 0.312566 
13056 0.178334 -0.116166 
13057 0.179606 0.024843 
13058 0.180461 0.167349 
13059 0.181507 0.310395 
13060 -0.294922 -0.102039 
13061 -0.294169 0.0337209 
13062 -0.293435 0.170387 
13063 -0.293653 0.308174 
13064 -0.180975 -0.102867 
13065 -0.180405 0.0330036 
13066 -0.179589 0.169253 
13067 -0.178833 0.306187 
13068 -0.0684147 -0.103154 
13069 -0.0667546 0.0323623 
13070 -0.0657082 0.167367 
13071 -0.0653664 0.303957 
13072 0.044544 -0.103795 
13073 0.0456259 0.0307962 
13074 0.0466695 0.166643 
13075 0.0480012 0.30189 
13076 0.156158 -0.103574 
13077 0.157152 0.0303393 
13078 0.158331 0.165238 
13079 0.159819 0.299962 
13080 -0.292304 -0.090133 
13081 -0.291822 0.039209 
13082 -0.291085 0.169129 
13083 -0.289649 0.298814 
13084 -0.183972 -0.0909941 
13085 -0.183464 0.0375733 
13086 -0.182268 0.167274 
13087 -0.180762 0.297121 
13088 -0.0770148 -0.091475 
13089 -0.075443 0.036643 
13090 -0.0744137 0.165726 
13091 -0.0727371 0.295056 
13092 0.0304685 -0.092122 
13093 0.0317559 0.0356715 
13094 0.0323803 0.163808 
13095 0.0337438 0.292105 
13096 0.136069 -0.0931895 
13097 0.136901 0.0338468 
13098 0.138635 0.16227 
13099 0.140732 0.290715 
13100 -0.289874 -0.0798847 
13101 -0.28914 0.0424899 
13102 -0.28831 0.166054 
13103 -0.287681 0.290716 
13104 -0.186546 -0.0813133 
13105 -0.18569 0.0419675 
13106 -0.184785 0.164282 
13107 -0.184066 0.287897 
13108 -0.0845215 -0.0815283 
13109 -0.0834812 0.040632 
13110 -0.0820871 0.162321 
13111 -0.0810541 0.285971 
13112 0.0163417 -0.0824579 
13113 0.0180383 0.0384606 
13114 0.019969 0.161028 
13115 0.0216627 0.283895 
13116 0.117357 -0.0834236 
13117 0.119227 0.037789 
13118 0.120801 0.158797 
13119 0.122484 0.280707 
13120 -0.288117 -0.0714726 
13121 -0.286907 0.046223 
13122 -0.286496 0.164077 
13123 -0.285265 0.282331 
13124 -0.190019 -0.0719771 
13125 -0.188852 0.0449812 
13126 -0.187714 0.161922 
13127 -0.186608 0.280556 
13128 -0.0923469 -0.0728722 
13129 -0.0913119 0.0431101 
13130 -0.0893238 0.160267 
13131 -0.0882459 0.277403 
13132 0.00461761 -0.0740053 
13133 0.00652483 0.0422275 
13134 0.00806961 0.158156 
13135 0.00959804 0.274619 
13136 0.0999095 -0.0746319 
13137 0.102144 0.0407238 
13138 0.104005 0.156203 
13139 0.106051 0.272307 
13140 -0.287521 -0.0630467 
13141 -0.28621 0.0493955 
13142 -0.285305 0.162369 
13143 -0.283739 0.275259 
13144 -0.192572 -0.0636889 
13145 -0.191858 0.0478787 
13146 -0.190599 0.15949 
13147 -0.188516 0.272205 
13148 -0.0994786 -0.0656076 
13149 -0.0981325 0.0460737 
13150 -0.0960397 0.157216 
13151 -0.0948329 0.269588 
13152 -0.00749441 -0.0663695 
13153 -0.00575485 0.0442315 
13154 -0.00312482 0.155122 
13155 -0.00159687 0.266976 
13156 0.0848654 -0.0673897 
13157 0.0866771 0.0430167 
13158 0.08889 0.152832 
13159 0.0907936 0.264559 
13160 -0.28639 -0.0560983 
13161 -0.285287 0.0518893 
13162 -0.284211 0.159761 
13163 -0.282584 0.267877 
13164 -0.196265 -0.0577541 
13165 -0.194364 0.0498316 
13166 -0.19314 0.15756 
13167 -0.191332 0.265247 
13168 -0.106375 -0.0587741 
13169 -0.104425 0.0474626 
13170 -0.10294 0.155051 
13171 -0.101272 0.2621 
13172 -0.0179706 -0.0596877 
13173 -0.0160387 0.0462398 
13174 -0.0140395 0.153015 
13175 -0.0124709 0.25959 
13176 0.0700279 -0.060745 
13177 0.0715661 0.04401 
13178 0.074356 0.150013 
13179 0.0756606 0.256589 
13180 -0.286156 -0.0495906 
13181 -0.284607 0.0531647 
13182 -0.283451 0.157016 
13183 -0.281717 0.261366 
13184 -0.199117 -0.0511324 
13185 -0.197579 0.0519034 
13186 -0.195637 0.154136 
13187 -0.194266 0.258387 
13188 -0.113309 -0.0529146 
13189 -0.111229 0.0495335 
13190 -0.109402 0.152043 
13191 -0.107621 0.254958 
13192 -0.0279837 -0.0535701 
13193 -0.0261547 0.0474925 
13194 -0.0242317 0.150167 
13195 -0.0223049 0.252172 
13196 0.0555055 -0.0548603 
13197 0.0581683 0.0453205 
13198 0.0603899 0.146846 
13199 0.0630335 0.248873 
13200 -0.285641 -0.0439363 
13201 -0.28449 0.0543993 
13202 -0.282515 0.154652 
13203 -0.280613 0.254602 
13204 -0.201996 -0.0462336 
13205 -0.200396 0.0524483 
13206 -0.198318 0.152083 
13207 -0.196948 0.251134 
13208 -0.119438 -0.0470261 
13209 -0.117518 0.0511969 
13210 -0.11542 0.14936 
13211 -0.113321 0.248757 
13212 -0.0385008 -0.0485542 
13213 -0.035784 0.0491361 
13214 -0.0336464 0.147153 
13215 -0.031103 0.245507 
13216 0.0430821 -0.0506878 
13217 0.0449792 0.0471177 
13218 0.047977 0.144327 
13219 0.050338 0.242635 
13220 -0.286431 -0.0391516 
13221 -0.284204 0.0563637 
13222 -0.282294 0.151546 
13223 -0.280527 0.248578 
13224 -0.20592 -0.0408556 
13225 -0.203707 0.0535781 
13226 -0.201451 0.149644 
13227 -0.199673 0.244952 
13228 -0.126001 -0.0428342 
13229 -0.12411 0.0511746 
13230 -0.12184 0.146913 
13231 -0.119529 0.24227 
13232 -0.0471391 -0.0443272 
13233 -0.0447848 0.0489874 
13234 -0.0427557 0.143712 
13235 -0.0406647 0.238911 
13236 0.0300269 -0.0459562 
13237 0.0330107 0.0468384 
13238 0.0357676 0.140703 
13239 0.0374268 0.235463 
13240 -0.286757 -0.035754 
13241 -0.284111 0.0567288 
13242 -0.282847 0.148722 
13243 -0.281133 0.242362 
13244 -0.208567 -0.0368895 
13245 -0.206833 0.0539811 
13246 -0.204387 0.146192 
13247 -0.203072 0.239303 
13248 -0.131788 -0.038965 
13249 -0.129452 0.0519872 
13250 -0.12761 0.143537 
13251 -0.124979 0.235213 
13252 -0.0563138 -0.0403121 
13253 -0.053927 0.0498317 
13254 -0.0517395 0.140627 
13255 -0.0487675 0.232486 
13256 0.0186468 -0.0420981 
13257 0.0209928 0.0475571 
13258 0.0236105 0.137518 
13259 0.0266099 0.229158 
13260 -0.286967 -0.032226 
13261 -0.284647 0.0566399 
13262 -0.283323 0.146368 
13263 -0.281074 0.23598 
13264 -0.211937 -0.0331705 
13265 -0.209447 0.054561 
13266 -0.207324 0.143248 
13267 -0.205758 0.232273 
13268 -0.137778 -0.0350889 
13269 -0.135715 0.0524984 
13270 -0.133207 0.140294 
13271 -0.131288 0.229027 
13272 -0.0643499 -0.0373663 
13273 -0.0618212 0.0497849 
13274 -0.0595232 0.137868 
13275 -0.0567374 0.225869 
13276 0.00788997 -0.039066 
13277 0.0107954 0.0477372 
13278 0.0131353 0.134566 
13279 0.0160899 0.22281 
13280 -0.288003 -0.0284814 
13281 -0.285286 0.0568931 
13282 -0.283539 0.143584 
13283 -0.28137 0.230531 
13284 -0.215055 -0.0305475 
13285 -0.21298 0.0547983 
13286 -0.210997 0.140797 
13287 -0.208683 0.227052 
13288 -0.143774 -0.032494 
13289 -0.141323 0.0526867 
13290 -0.138477 0.137296 
13291 -0.135774 0.222641 
13292 -0.0727467 -0.0345269 
13293 -0.0700175 0.0496395 
13294 -0.0673349 0.13399 
13295 -0.0647072 0.219289 
13296 -0.0025807 -0.0365077 
13297 -0.000188954 0.0469923 
13298 0.00316524 0.131787 
13299 0.00526705 0.215837 
13300 -0.288492 -0.0263932 
13301 -0.286831 0.0572648 
13302 -0.284503 0.140521 
13303 -0.281699 0.224333 
13304 -0.218699 -0.0282977 
13305 -0.216363 0.0549522 
13306 -0.213659 0.137412 
13307 -0.21089 0.220984 
13308 -0.149578 -0.0301782 
13309 -0.146498 0.051557 
13310 -0.144451 0.134449 
13311 -0.141745 0.216777 
13312 -0.0807424 -0.0323978 
13313 -0.0780426 0.0489349 
13314 -0.075323 0.130785 
13315 -0.072043 0.213868 
13316 -0.0132823 -0.0345055 
13317 -0.0103947 0.046738 
13318 -0.00679522 0.127701 
13319 -0.00463218 0.209889 
13320 -0.289804 -0.0235531 
13321 -0.287189 0.0566666 
13322 -0.284882 0.13781 
13323 -0.282894 0.219308 
13324 -0.222049 -0.0262286 
13325 -0.219832 0.0540003 
13326 -0.216925 0.134389 
13327 -0.213749 0.214743 
13328 -0.155118 -0.0285876 
13329 -0.152173 0.0513584 
13330 -0.149384 0.130781 
13331 -0.147009 0.210971 
13332 -0.0886025 -0.030138 
13333 -0.0854526 0.0482639 
13334 -0.0829477 0.127653 
13335 -0.0792725 0.207202 
13336 -0.0225773 -0.032136 
13337 -0.0198192 0.0464631 
13338 -0.017264 0.12522 
13339 -0.0140872 0.20412 
