12980 -0.332878 -0.217127 
12981 -0.333331 -0.0162627 
12982 -0.333056 0.182992 
12983 -0.333031 0.38366 
12984 -0.166665 -0.216369 
12985 -0.166433 -0.0167351 
12986 -0.166759 0.183391 
12987 -0.166468 0.383473 
12988 -4.1817e-05 -0.216657 
12989 0.000366519 -0.0170877 
12990 -6.45459e-05 0.182955 
12991 -0.000474758 0.3831 
12992 0.167 -0.2163 
12993 0.166964 -0.0170248 
12994 0.166929 0.183585 
12995 0.166426 0.383476 
12996 0.333088 -0.21681 
12997 0.333623 -0.0161836 
12998 0.333832 0.183459 
12999 0.333144 0.383792 
13000 -0.323789 -0.19091 
13001 -0.32332 -0.0054919 
13002 -0.323847 0.180453 
13003 -0.323603 0.365611 
13004 -0.169184 -0.190647 
13005 -0.169119 -0.00520078 
13006 -0.169036 0.179785 
13007 -0.168214 0.365868 
13008 -0.0145392 -0.191273 
13009 -0.0144245 -0.00530528 
13010 -0.0135674 0.17992 
13011 -0.0135368 0.365169 
13012 0.139846 -0.190412 
13013 0.139735 -0.00556381 
13014 0.14042 0.179102 
13015 0.140266 0.364653 
13016 0.2937 -0.191082 
13017 0.294409 -0.00567055 
13018 0.294576 0.179249 
13019 0.294403 0.363832 
13020 -0.316 -0.16911 
13021 -0.315806 0.00431414 
13022 -0.314921 0.177638 
13023 -0.314849 0.350456 
13024 -0.170956 -0.168524 
13025 -0.170938 0.0036991 
13026 -0.170227 0.176371 
13027 -0.169894 0.349998 
13028 -0.0276666 -0.168886 
13029 -0.0271849 0.0034595 
13030 -0.0267549 0.175619 
13031 -0.025771 0.348919 
13032 0.11571 -0.168805 
13033 0.1166 0.00319811 
13034 0.116654 0.175531 
13035 0.117143 0.3477 
13036 0.258884 -0.168722 
13037 0.259701 0.0023615 
13038 0.260261 0.174784 
13039 0.260895 0.34697 
13040 -0.309643 -0.149726 
13041 -0.308334 0.0125824 
13042 -0.308348 0.174088 
13043 -0.308066 0.336648 
13044 -0.174277 -0.150196 
13045 -0.173757 0.011174 
13046 -0.173222 0.173045 
13047 -0.172918 0.335994 
13048 -0.039391 -0.15006 
13049 -0.0382243 0.0113697 
13050 -0.0375437 0.172139 
13051 -0.0372738 0.334212 
13052 0.0946545 -0.150792 
13053 0.0957082 0.0107984 
13054 0.0958953 0.1721 
13055 0.0974535 0.333533 
13056 0.227854 -0.150534 
13057 0.229059 0.00984366 
13058 0.229877 0.170642 
13059 0.230878 0.332444 
13060 -0.303994 -0.132716 
13061 -0.303735 0.0186158 
13062 -0.303255 0.171387 
13063 -0.302389 0.32497 
13064 -0.176744 -0.133785 
13065 -0.175963 0.0186478 
13066 -0.175024 0.170671 
13067 -0.174309 0.323057 
13068 -0.0497222 -0.133486 
13069 -0.0497571 0.0178224 
13070 -0.0486774 0.169752 
13071 -0.0477149 0.321198 
13072 0.0762593 -0.134714 
13073 0.0771906 0.016304 
13074 0.077338 0.168068 
13075 0.0783439 0.319509 
13076 0.200854 -0.134527 
13077 0.202094 0.0157074 
13078 0.203852 0.166982 
13079 0.204648 0.317918 
13080 -0.299638 -0.118297 
13081 -0.298806 0.0244287 
13082 -0.298316 0.168422 
13083 -0.298053 0.313627 
13084 -0.179024 -0.119391 
13085 -0.179044 0.0236473 
13086 -0.177346 0.167562 
13087 -0.176852 0.311124 
13088 -0.0604126 -0.119331 
13089 -0.0588693 0.0228849 
13090 -0.0582459 0.165889 
13091 -0.0569103 0.309242 
13092 0.0587077 -0.120125 
13093 0.0602371 0.0223217 
13094 0.0608903 0.16424 
13095 0.0621319 0.307493 
13096 0.176338 -0.121311 
13097 0.178212 0.02083 
13098 0.179785 0.163528 
13099 0.180602 0.306252 
13100 -0.29588 -0.106458 
13101 -0.295907 0.0301166 
13102 -0.294297 0.166534 
13103 -0.294356 0.303489 
13104 -0.182501 -0.107313 
13105 -0.181429 0.0283609 
13106 -0.180644 0.164351 
13107 -0.179479 0.30124 
13108 -0.0691989 -0.107183 
13109 -0.0686337 0.0271345 
13110 -0.0665006 0.162876 
13111 -0.0654697 0.298489 
13112 0.0430518 -0.10799 
13113 0.0447025 0.026535 
13114 0.0460171 0.160962 
13115 0.0465888 0.297021 
13116 0.15444 -0.108634 
13117 0.155563 0.0255699 
13118 0.157888 0.159958 
13119 0.159548 0.294776 
13120 -0.293938 -0.0952 
13121 -0.292583 0.033949 
13122 -0.291327 0.162932 
13123 -0.290258 0.293893 
13124 -0.185832 -0.096464 
13125 -0.184566 0.0328019 
13126 -0.182643 0.161161 
13127 -0.181468 0.291447 
13128 -0.0781427 -0.0968447 
13129 -0.0763844 0.0309782 
13130 -0.075023 0.160232 
13131 -0.0744685 0.288585 
13132 0.028945 -0.0972494 
13133 0.0295797 0.0296888 
13134 0.0314282 0.157991 
13135 0.0330621 0.28602 
13136 0.133829 -0.098788 
13137 0.13568 0.0286544 
13138 0.137998 0.156193 
13139 0.139509 0.283823 
13140 -0.291413 -0.0852515 
13141 -0.290413 0.0367952 
13142 -0.289238 0.160157 
13143 -0.288491 0.284556 
13144 -0.18799 -0.0867582 
13145 -0.187345 0.0361547 
13146 -0.185481 0.158431 
13147 -0.184587 0.281826 
13148 -0.0860621 -0.0879795 
13149 -0.0845034 0.0346644 
13150 -0.0830546 0.156373 
13151 -0.0812906 0.27901 
13152 0.0152391 -0.0880443 
13153 0.01687 0.0332946 
13154 0.0189545 0.15415 
13155 0.0204365 0.277245 
13156 0.115317 -0.0892122 
13157 0.117067 0.0313913 
13158 0.11956 0.152315 
13159 0.120985 0.274449 
13160 -0.290095 -0.0775516 
13161 -0.288548 0.040026 
13162 -0.287177 0.158134 
13163 -0.286268 0.276065 
13164 -0.191161 -0.0781276 
13165 -0.190016 0.0381179 
13166 -0.189023 0.155969 
13167 -0.187473 0.273301 
13168 -0.0941263 -0.0789518 
13169 -0.0918744 0.0368628 
13170 -0.0903121 0.153713 
13171 -0.0891806 0.270267 
13172 0.00258539 -0.0800521 
13173 0.00466109 0.034714 
13174 0.00666915 0.150815 
13175 0.00810231 0.267875 
13176 0.0979046 -0.0819164 
13177 0.100934 0.0339564 
13178 0.102835 0.149406 
13179 0.104686 0.264927 
13180 -0.289224 -0.0697623 
13181 -0.286987 0.0424571 
13182 -0.286419 0.154975 
13183 -0.284961 0.268458 
13184 -0.194695 -0.0710553 
13185 -0.193208 0.0402182 
13186 -0.190909 0.152857 
13187 -0.190073 0.26535 
13188 -0.101874 -0.07187 
13189 -0.0994503 0.0382733 
13190 -0.0981097 0.150554 
13191 -0.0962882 0.261857 
13192 -0.00859908 -0.0730796 
13193 -0.00665595 0.0370299 
13194 -0.00544772 0.148133 
13195 -0.0025539 0.259179 
13196 0.0823848 -0.0746772 
13197 0.0844372 0.0353082 
13198 0.0867023 0.145782 
13199 0.0893434 0.256721 
13200 -0.287828 -0.0635399 
13201 -0.286747 0.0445654 
13202 -0.285115 0.15224 
13203 -0.282932 0.260404 
13204 -0.197352 -0.0641894 
13205 -0.195955 0.0426041 
13206 -0.193977 0.149981 
13207 -0.191982 0.257661 
13208 -0.108721 -0.0655657 
13209 -0.106126 0.0407033 
13210 -0.104298 0.147335 
13211 -0.102386 0.254667 
13212 -0.0201255 -0.0672173 
13213 -0.0175199 0.0379855 
13214 -0.0159909 0.14439 
13215 -0.0140057 0.251676 
13216 0.0671536 -0.0687829 
13217 0.0703686 0.0365861 
13218 0.072716 0.141674 
13219 0.0742307 0.248746 
13220 -0.287263 -0.0574052 
13221 -0.285539 0.0458973 
13222 -0.284092 0.149064 
13223 -0.282249 0.253438 
13224 -0.200802 -0.0591143 
13225 -0.198897 0.0435228 
13226 -0.197128 0.146192 
13227 -0.195057 0.250285 
13228 -0.114783 -0.0604097 
13229 -0.113254 0.0410019 
13230 -0.11054 0.144151 
13231 -0.108846 0.24671 
13232 -0.0307241 -0.0622521 
13233 -0.0276142 0.0394584 
13234 -0.0258427 0.140878 
13235 -0.0230219 0.243348 
13236 0.0538012 -0.0638317 
13237 0.0564553 0.0376225 
13238 0.0585009 0.138617 
13239 0.0614139 0.240766 
13240 -0.287728 -0.0521144 
13241 -0.285663 0.0467748 
13242 -0.28349 0.145906 
13243 -0.282388 0.245536 
13244 -0.204411 -0.0543412 
13245 -0.202195 0.044095 
13246 -0.199627 0.143505 
13247 -0.198449 0.243017 
13248 -0.121847 -0.0562795 
13249 -0.119194 0.0423892 
13250 -0.117758 0.140257 
13251 -0.11546 0.239248 
13252 -0.040607 -0.0578554 
13253 -0.0378312 0.0400309 
13254 -0.0353858 0.137731 
13255 -0.0331499 0.2364 
13256 0.0402709 -0.0592245 
13257 0.0431456 0.0382202 
13258 0.0454169 0.135013 
13259 0.047887 0.232714 
13260 -0.28763 -0.0481783 
13261 -0.286151 0.0471752 
13262 -0.283815 0.142456 
13263 -0.281955 0.239072 
13264 -0.20764 -0.0495463 
13265 -0.205561 0.0446323 
13266 -0.203474 0.139762 
13267 -0.201004 0.2357 
13268 -0.128261 -0.052029 
13269 -0.125574 0.0419685 
13270 -0.123384 0.136747 
13271 -0.121031 0.231978 
13272 -0.0490417 -0.0539933 
13273 -0.046949 0.0403929 
13274 -0.0447148 0.134454 
13275 -0.0416501 0.228504 
13276 0.0286125 -0.055484 
13277 0.0307941 0.0381292 
13278 0.0335784 0.131531 
13279 0.0359851 0.225431 
13280 -0.288409 -0.0449324 
13281 -0.285826 0.0470644 
13282 -0.283725 0.140186 
13283 -0.282308 0.23292 
13284 -0.211139 -0.0461539 
13285 -0.208555 0.0444942 
13286 -0.206187 0.137173 
13287 -0.203432 0.228583 
13288 -0.134662 -0.0482956 
13289 -0.131583 0.0423217 
13290 -0.129355 0.133657 
13291 -0.126749 0.225857 
13292 -0.0583769 -0.0499627 
13293 -0.0559049 0.0403609 
13294 -0.0530834 0.131095 
13295 -0.0504277 0.222047 
13296 0.0160727 -0.0524331 
13297 0.019109 0.0372651 
13298 0.0216004 0.127777 
13299 0.0250171 0.218548 
13300 -0.288832 -0.0412875 
13301 -0.286641 0.0473256 
13302 -0.283926 0.136717 
13303 -0.282388 0.22592 
13304 -0.213873 -0.042888 
13305 -0.211358 0.044399 
13306 -0.209349 0.133668 
13307 -0.207166 0.222519 
13308 -0.140376 -0.0456226 
13309 -0.137745 0.0422824 
13310 -0.13478 0.130588 
13311 -0.132316 0.218546 
13312 -0.0671037 -0.0471284 
13313 -0.0639638 0.0397551 
13314 -0.0612445 0.127341 
13315 -0.0585786 0.21524 
13316 0.00572526 -0.0491736 
13317 0.00863093 0.0377298 
13318 0.011144 0.12449 
13319 0.014221 0.211237 
13320 -0.289663 -0.0389741 
13321 -0.287313 0.0467415 
13322 -0.285334 0.132942 
13323 -0.282143 0.219424 
13324 -0.217524 -0.0409409 
13325 -0.214698 0.0449761 
13326 -0.211752 0.130352 
13327 -0.209382 0.215766 
13328 -0.145873 -0.0428986 
13329 -0.142886 0.0416277 
13330 -0.140123 0.127327 
13331 -0.137603 0.212299 
13332 -0.0750794 -0.0448268 
13333 -0.0718492 0.0387186 
13334 -0.0694434 0.123772 
13335 -0.0665929 0.208766 
13336 -0.00497148 -0.047466 
13337 -0.00215259 0.0362456 
13338 0.000220961 0.120342 
13339 0.00410087 0.205126 
13340 -0.291064 -0.035925 
13341 -0.288347 0.0464407 
13342 -0.286118 0.130043 
13343 -0.283687 0.213825 
13344 -0.220915 -0.0380758 
13345 -0.217809 0.0436376 
13346 -0.215287 0.126545 
13347 -0.212853 0.209655 
13348 -0.151456 -0.0402671 
13349 -0.148821 0.04156 
13350 -0.14607 0.123322 
13351 -0.143349 0.205565 
13352 -0.0827144 -0.0433006 
13353 -0.0797217 0.0383168 
13354 -0.0771306 0.120151 
13355 -0.0743117 0.202084 
13356 -0.0154942 -0.0450041 
13357 -0.0118969 0.0357313 
13358 -0.00886035 0.116978 
13359 -0.00602273 0.198445 
13360 -0.292205 -0.0347002 
13361 -0.28945 0.045946 
13362 -0.286883 0.126814 
13363 -0.283646 0.207227 
13364 -0.224213 -0.0363675 
13365 -0.220894 0.0426446 
13366 -0.218064 0.122761 
13367 -0.215244 0.203767 
13368 -0.157214 -0.0389806 
13369 -0.153566 0.0399506 
13370 -0.150991 0.119654 
13371 -0.147927 0.199423 
13372 -0.0907875 -0.0412906 
13373 -0.087813 0.0368929 
13374 -0.0847629 0.116938 
13375 -0.0817063 0.195934 
13376 -0.0250034 -0.0436099 
13377 -0.0220095 0.0349947 
13378 -0.0184649 0.113459 
13379 -0.0150754 0.191734 
