13080 -0.33308 -0.216508 
13081 -0.333265 -0.0163844 
13082 -0.333568 0.183588 
13083 -0.333615 0.383 
13084 -0.166721 -0.216924 
13085 -0.166916 -0.0169119 
13086 -0.166311 0.183113 
13087 -0.166556 0.383802 
13088 0.00025955 -0.216535 
13089 -2.19026e-05 -0.0165821 
13090 2.86054e-05 0.18319 
13091 0.000234074 0.383322 
13092 0.166969 -0.21654 
13093 0.166522 -0.0167843 
13094 0.167092 0.18349 
13095 0.167106 0.383783 
13096 0.333625 -0.217079 
13097 0.33302 -0.0171292 
13098 0.333614 0.183312 
13099 0.332944 0.383261 
13100 -0.324086 -0.193448 
13101 -0.324436 -0.00747052 
13102 -0.324133 0.177189 
13103 -0.323593 0.362644 
13104 -0.169844 -0.193244 
13105 -0.169651 -0.00856731 
13106 -0.168825 0.177283 
13107 -0.168907 0.362473 
13108 -0.0149149 -0.193282 
13109 -0.0148968 -0.00815325 
13110 -0.0146866 0.176468 
13111 -0.0141642 0.362318 
13112 0.138893 -0.194068 
13113 0.139095 -0.00891077 
13114 0.139267 0.175773 
13115 0.140058 0.361373 
13116 0.292706 -0.193385 
13117 0.293514 -0.00942943 
13118 0.293459 0.175365 
13119 0.293595 0.360831 
13120 -0.316648 -0.173625 
13121 -0.316913 -0.00123147 
13122 -0.31638 0.172196 
13123 -0.315291 0.344821 
13124 -0.172602 -0.173461 
13125 -0.172271 -0.00182154 
13126 -0.172019 0.171103 
13127 -0.171226 0.344328 
13128 -0.0292026 -0.174098 
13129 -0.028782 -0.00153381 
13130 -0.0280383 0.170899 
13131 -0.0268507 0.342899 
13132 0.114681 -0.174459 
13133 0.115312 -0.00198318 
13134 0.115431 0.170152 
13135 0.116603 0.342446 
13136 0.257464 -0.175074 
13137 0.258412 -0.00340707 
13138 0.258865 0.169408 
13139 0.2598 0.341132 
13140 -0.310506 -0.1563 
13141 -0.310501 0.00480397 
13142 -0.309694 0.166685 
13143 -0.308418 0.329386 
13144 -0.176324 -0.156929 
13145 -0.175174 0.00471095 
13146 -0.174127 0.165809 
13147 -0.173216 0.327542 
13148 -0.0409749 -0.157098 
13149 -0.0408527 0.00330684 
13150 -0.0398046 0.164594 
13151 -0.0382452 0.326345 
13152 0.0929892 -0.157972 
13153 0.0936987 0.00281264 
13154 0.0948557 0.163769 
13155 0.0956335 0.324981 
13156 0.225493 -0.158358 
13157 0.227603 0.00156388 
13158 0.228249 0.16293 
13159 0.229515 0.323863 
13160 -0.305956 -0.141842 
13161 -0.305189 0.00938389 
13162 -0.304371 0.162535 
13163 -0.303175 0.314976 
13164 -0.179076 -0.143072 
13165 -0.178178 0.00918062 
13166 -0.176869 0.160253 
13167 -0.175454 0.313158 
13168 -0.0526022 -0.143296 
13169 -0.0518709 0.00786491 
13170 -0.0506865 0.158872 
13171 -0.0488093 0.310763 
13172 0.0733574 -0.144144 
13173 0.0739724 0.00647144 
13174 0.0755961 0.15745 
13175 0.0769107 0.309281 
13176 0.19861 -0.144146 
13177 0.199706 0.00532401 
13178 0.200772 0.156746 
13179 0.202803 0.307298 
13180 -0.301771 -0.129365 
13181 -0.300961 0.0140821 
13182 -0.299835 0.157167 
13183 -0.298868 0.301389 
13184 -0.181995 -0.130096 
13185 -0.180622 0.0125315 
13186 -0.179832 0.155338 
13187 -0.178797 0.299048 
13188 -0.0634042 -0.131554 
13189 -0.0620769 0.0116175 
13190 -0.0600983 0.153876 
13191 -0.058934 0.297193 
13192 0.0557181 -0.132044 
13193 0.0570788 0.0101805 
13194 0.0581192 0.151983 
13195 0.0598215 0.295444 
13196 0.172844 -0.132663 
13197 0.174916 0.00835099 
13198 0.176952 0.150525 
13199 0.178184 0.29309 
13200 -0.298677 -0.118736 
13201 -0.297593 0.0162731 
13202 -0.297028 0.152531 
13203 -0.294742 0.289691 
13204 -0.185335 -0.11968 
13205 -0.184375 0.015792 
13206 -0.182826 0.151096 
13207 -0.180689 0.287159 
13208 -0.0725713 -0.120875 
13209 -0.0707251 0.0143532 
13210 -0.0692036 0.149076 
13211 -0.0677168 0.284638 
13212 0.0390756 -0.121657 
13213 0.0413733 0.0128255 
13214 0.0426047 0.146836 
13215 0.0451693 0.282261 
13216 0.150553 -0.122955 
13217 0.15301 0.0106603 
13218 0.154202 0.14511 
13219 0.156327 0.279415 
13220 -0.297166 -0.109448 
13221 -0.295281 0.018951 
13222 -0.293582 0.147944 
13223 -0.292237 0.278218 
13224 -0.189237 -0.111121 
13225 -0.186637 0.0178936 
13226 -0.185026 0.146555 
13227 -0.183585 0.275143 
13228 -0.0812963 -0.11148 
13229 -0.0801474 0.0161621 
13230 -0.0784527 0.143671 
13231 -0.0766008 0.2731 
13232 0.0246085 -0.112565 
13233 0.0267918 0.0145621 
13234 0.0281321 0.142335 
13235 0.0306139 0.26995 
13236 0.130102 -0.114214 
13237 0.132391 0.0124962 
13238 0.134069 0.139734 
13239 0.136515 0.267285 
13240 -0.294849 -0.101393 
13241 -0.293241 0.0212289 
13242 -0.291371 0.143687 
13243 -0.289806 0.267343 
13244 -0.191909 -0.103274 
13245 -0.189965 0.0190679 
13246 -0.188526 0.142007 
13247 -0.186326 0.263916 
13248 -0.0905573 -0.103873 
13249 -0.0879728 0.0176923 
13250 -0.0857848 0.139206 
13251 -0.0838332 0.261293 
13252 0.0110054 -0.105334 
13253 0.0126647 0.0155549 
13254 0.0155492 0.137009 
13255 0.0169686 0.258684 
13256 0.11096 -0.106889 
13257 0.113122 0.0133224 
13258 0.116122 0.134895 
13259 0.117948 0.255968 
13260 -0.29364 -0.0948373 
13261 -0.291612 0.0225982 
13262 -0.289474 0.139706 
13263 -0.288016 0.257545 
13264 -0.195884 -0.0961038 
13265 -0.193847 0.020795 
13266 -0.191843 0.137236 
13267 -0.189505 0.253907 
13268 -0.0981023 -0.097529 
13269 -0.0958799 0.0187115 
13270 -0.0934635 0.134331 
13271 -0.0912249 0.251125 
13272 -0.0019921 -0.0993875 
13273 0.000672271 0.0159324 
13274 0.00259562 0.132438 
13275 0.00501747 0.248321 
13276 0.0942825 -0.100475 
13277 0.0961965 0.0148196 
13278 0.0985695 0.129246 
13279 0.101082 0.244718 
13280 -0.29257 -0.0888893 
13281 -0.290784 0.0227662 
13282 -0.288192 0.135261 
13283 -0.28671 0.247703 
13284 -0.198883 -0.0903706 
13285 -0.196971 0.0207792 
13286 -0.194359 0.132292 
13287 -0.191891 0.244247 
13288 -0.105836 -0.0920213 
13289 -0.10347 0.0191148 
13290 -0.101528 0.12973 
13291 -0.0983558 0.241417 
13292 -0.0137364 -0.0938494 
13293 -0.0115996 0.0164835 
13294 -0.00858528 0.126889 
13295 -0.00629572 0.23822 
13296 0.0780685 -0.0952754 
13297 0.0807291 0.0144822 
13298 0.0834048 0.124791 
13299 0.0854943 0.235303 
13300 -0.292534 -0.0839174 
13301 -0.289675 0.0240668 
13302 -0.287877 0.130661 
13303 -0.285247 0.238343 
13304 -0.201828 -0.0855088 
13305 -0.200046 0.0217332 
13306 -0.197592 0.128173 
13307 -0.195157 0.235771 
13308 -0.112599 -0.0867133 
13309 -0.110802 0.0194212 
13310 -0.107973 0.12534 
13311 -0.105272 0.231534 
13312 -0.0245339 -0.0884819 
13313 -0.0220433 0.0168835 
13314 -0.0194355 0.122723 
13315 -0.0167299 0.228334 
13316 0.0628476 -0.0902832 
13317 0.0649302 0.0147094 
13318 0.0680394 0.120011 
13319 0.0712656 0.225382 
13320 -0.292256 -0.0787537 
13321 -0.289566 0.0241845 
13322 -0.287515 0.127081 
13323 -0.284919 0.230065 
13324 -0.205274 -0.0804956 
13325 -0.202724 0.02077 
13326 -0.200369 0.123861 
13327 -0.197776 0.227017 
13328 -0.1199 -0.0829644 
13329 -0.116857 0.0193414 
13330 -0.114726 0.120895 
13331 -0.112428 0.222953 
13332 -0.0353619 -0.0848104 
13333 -0.0329293 0.0163536 
13334 -0.0295942 0.118175 
13335 -0.0273295 0.219761 
13336 0.0488383 -0.086799 
13337 0.0514072 0.0141523 
13338 0.0542275 0.115331 
13339 0.0576377 0.216588 
13340 -0.291882 -0.0752044 
13341 -0.289367 0.0232666 
13342 -0.28736 0.122951 
13343 -0.284084 0.222274 
13344 -0.208688 -0.0771132 
13345 -0.20591 0.0207701 
13346 -0.203352 0.119191 
13347 -0.201067 0.217691 
13348 -0.12631 -0.0789238 
13349 -0.124228 0.0182273 
13350 -0.121434 0.116764 
13351 -0.118487 0.214199 
13352 -0.0452876 -0.0807774 
13353 -0.0422849 0.0155471 
13354 -0.0392861 0.113624 
13355 -0.0367834 0.211123 
13356 0.0352069 -0.082864 
13357 0.0384619 0.013214 
13358 0.0413358 0.110362 
13359 0.0442152 0.207193 
13360 -0.292085 -0.0716461 
13361 -0.289767 0.0227494 
13362 -0.287142 0.11867 
13363 -0.284176 0.213447 
13364 -0.212408 -0.0746913 
13365 -0.209824 0.0207079 
13366 -0.20713 0.11503 
13367 -0.204069 0.210134 
13368 -0.132664 -0.076041 
13369 -0.130531 0.0172554 
13370 -0.127138 0.111655 
13371 -0.124107 0.206763 
13372 -0.0544647 -0.0788463 
13373 -0.0519978 0.015189 
13374 -0.0486584 0.108421 
13375 -0.0458148 0.203017 
13376 0.0224607 -0.0807217 
13377 0.0263178 0.0123637 
13378 0.0293871 0.105405 
13379 0.0322715 0.199347 
13380 -0.293236 -0.0698766 
13381 -0.290629 0.0224705 
13382 -0.287086 0.114441 
13383 -0.284597 0.206614 
13384 -0.216213 -0.0716195 
13385 -0.212736 0.0194966 
13386 -0.20969 0.110313 
13387 -0.207157 0.202235 
13388 -0.139722 -0.0734955 
13389 -0.135913 0.0160927 
13390 -0.133271 0.106938 
13391 -0.129612 0.198487 
13392 -0.0641804 -0.0759246 
13393 -0.0605978 0.0134245 
13394 -0.0575676 0.103961 
13395 -0.0537047 0.194617 
13396 0.0113865 -0.0786786 
13397 0.0141421 0.0109112 
13398 0.0172252 0.100855 
13399 0.0203302 0.190699 
13400 -0.293809 -0.0676551 
13401 -0.290439 0.0206024 
13402 -0.288284 0.109793 
13403 -0.285045 0.199114 
13404 -0.219506 -0.06924 
13405 -0.216119 0.0183034 
13406 -0.213287 0.106706 
13407 -0.2101 0.194593 
13408 -0.145642 -0.07172 
13409 -0.141913 0.0158063 
13410 -0.139031 0.103349 
13411 -0.136161 0.191033 
13412 -0.0720046 -0.0739013 
13413 -0.0689033 0.0126035 
13414 -0.0653812 0.099789 
13415 -0.0626676 0.187133 
13416 -2.72863e-05 -0.0762616 
13417 0.00302756 0.00936554 
13418 0.00656748 0.0959393 
13419 0.0101462 0.183422 
13420 -0.294899 -0.065907 
13421 -0.291525 0.0199688 
13422 -0.288248 0.105247 
13423 -0.285131 0.190894 
13424 -0.222746 -0.0683875 
13425 -0.219067 0.0167307 
13426 -0.216472 0.101577 
13427 -0.212354 0.186856 
13428 -0.150981 -0.0707943 
13429 -0.148221 0.0137272 
13430 -0.144522 0.0982099 
13431 -0.141026 0.183483 
13432 -0.0806257 -0.0730566 
13433 -0.077669 0.0106666 
13434 -0.07431 0.0953618 
13435 -0.0708276 0.179668 
13436 -0.0106896 -0.0755909 
13437 -0.00763924 0.0082162 
13438 -0.00419719 0.0911807 
13439 -0.000753502 0.175102 
13440 -0.296202 -0.0641041 
13441 -0.292827 0.0183904 
13442 -0.289466 0.101315 
13443 -0.286577 0.184271 
13444 -0.225666 -0.0665846 
13445 -0.222845 0.0149322 
13446 -0.218855 0.0974044 
13447 -0.21605 0.179859 
13448 -0.156889 -0.0695663 
13449 -0.153284 0.0118907 
13450 -0.14989 0.0940162 
13451 -0.146774 0.176057 
13452 -0.0890697 -0.0720439 
13453 -0.0855206 0.00964379 
13454 -0.0811584 0.0906366 
13455 -0.0782257 0.17235 
13456 -0.0215486 -0.0737173 
13457 -0.018149 0.0062134 
13458 -0.0140563 0.0867687 
13459 -0.0104538 0.167971 
13460 -0.297012 -0.0630578 
13461 -0.293908 0.0169746 
13462 -0.290676 0.0972396 
13463 -0.286698 0.177814 
13464 -0.228993 -0.0655235 
13465 -0.225867 0.0135939 
13466 -0.222132 0.0936776 
13467 -0.219445 0.172907 
13468 -0.162812 -0.0687713 
13469 -0.158632 0.010078 
13470 -0.155693 0.0893818 
13471 -0.151902 0.169154 
13472 -0.0966596 -0.07113 
13473 -0.0923773 0.00755986 
13474 -0.0893974 0.0862338 
13475 -0.0855536 0.165409 
13476 -0.0310577 -0.0738072 
13477 -0.0273566 0.00407751 
13478 -0.0235636 0.0825608 
13479 -0.019786 0.16119 
