13220 -0.333384 -0.216551 
13221 -0.333037 -0.016366 
13222 -0.3332 0.183382 
13223 -0.333171 0.383377 
13224 -0.166575 -0.216619 
13225 -0.166273 -0.0168128 
13226 -0.166772 0.182881 
13227 -0.166487 0.383438 
13228 -0.00035392 -0.216774 
13229 -7.41026e-05 -0.0167876 
13230 -0.000379855 0.183154 
13231 0.000110796 0.383319 
13232 0.166959 -0.216644 
13233 0.16649 -0.0162207 
13234 0.166476 0.183562 
13235 0.166571 0.38313 
13236 0.333654 -0.216288 
13237 0.333409 -0.0171584 
13238 0.333746 0.18353 
13239 0.333362 0.383237 
13240 -0.325 -0.198092 
13241 -0.324586 -0.0128327 
13242 -0.324243 0.17265 
13243 -0.324328 0.35828 
13244 -0.170201 -0.197792 
13245 -0.1703 -0.0127515 
13246 -0.170113 0.172733 
13247 -0.169249 0.35789 
13248 -0.0165523 -0.198315 
13249 -0.0162277 -0.0129761 
13250 -0.015579 0.171969 
13251 -0.0153606 0.357447 
13252 0.138137 -0.198807 
13253 0.138397 -0.0135241 
13254 0.138435 0.171372 
13255 0.139629 0.355968 
13256 0.291346 -0.198285 
13257 0.292206 -0.0140357 
13258 0.292318 0.170871 
13259 0.293092 0.355787 
13260 -0.31887 -0.18153 
13261 -0.317514 -0.00972547 
13262 -0.316607 0.163494 
13263 -0.316034 0.336082 
13264 -0.174027 -0.181894 
13265 -0.174057 -0.0103031 
13266 -0.172458 0.162433 
13267 -0.172163 0.334727 
13268 -0.030341 -0.182648 
13269 -0.0295574 -0.0107364 
13270 -0.0290814 0.161612 
13271 -0.0283499 0.333575 
13272 0.112092 -0.183277 
13273 0.112787 -0.0109863 
13274 0.11461 0.160729 
13275 0.114859 0.332315 
13276 0.254729 -0.183574 
13277 0.255974 -0.0116659 
13278 0.25652 0.159067 
13279 0.257636 0.331737 
13280 -0.31298 -0.168391 
13281 -0.312054 -0.00744416 
13282 -0.311331 0.154953 
13283 -0.310414 0.316635 
13284 -0.17823 -0.169187 
13285 -0.177118 -0.00803521 
13286 -0.17568 0.153419 
13287 -0.174546 0.315065 
13288 -0.0434722 -0.170294 
13289 -0.0427044 -0.00910928 
13290 -0.041511 0.151439 
13291 -0.040777 0.312654 
13292 0.0894572 -0.170038 
13293 0.0909367 -0.00960462 
13294 0.0927799 0.15075 
13295 0.0936534 0.3111 
13296 0.222645 -0.171418 
13297 0.224531 -0.0108587 
13298 0.225921 0.149111 
13299 0.226979 0.309701 
13300 -0.308726 -0.157414 
13301 -0.3074 -0.00508942 
13302 -0.306128 0.145993 
13303 -0.304604 0.298276 
13304 -0.182273 -0.158215 
13305 -0.180109 -0.00653828 
13306 -0.178835 0.144686 
13307 -0.178142 0.295949 
13308 -0.0561962 -0.159055 
13309 -0.0538509 -0.00801829 
13310 -0.0525251 0.143019 
13311 -0.0507509 0.294442 
13312 0.0697971 -0.159893 
13313 0.071711 -0.00935658 
13314 0.0727852 0.141552 
13315 0.0741786 0.292455 
13316 0.194521 -0.160469 
13317 0.195847 -0.0110275 
13318 0.198151 0.139261 
13319 0.199615 0.290189 
13320 -0.305494 -0.147379 
13321 -0.303686 -0.00441439 
13322 -0.302151 0.138993 
13323 -0.300631 0.281647 
13324 -0.185764 -0.148626 
13325 -0.1838 -0.00585107 
13326 -0.182191 0.136491 
13327 -0.180205 0.279424 
13328 -0.0670255 -0.149438 
13329 -0.0648264 -0.00769467 
13330 -0.0635619 0.134554 
13331 -0.0609682 0.277395 
13332 0.0518507 -0.150707 
13333 0.0534571 -0.00902003 
13334 0.0558066 0.132749 
13335 0.0575929 0.274669 
13336 0.168908 -0.151592 
13337 0.171012 -0.0108418 
13338 0.173022 0.130591 
13339 0.174524 0.273001 
13340 -0.302554 -0.139341 
13341 -0.3005 -0.00473645 
13342 -0.299164 0.131324 
13343 -0.296635 0.267192 
13344 -0.189511 -0.141317 
13345 -0.187577 -0.00630141 
13346 -0.185357 0.12913 
13347 -0.183819 0.264342 
13348 -0.0768099 -0.14254 
13349 -0.0751626 -0.00770155 
13350 -0.0724397 0.127002 
13351 -0.0703081 0.261907 
13352 0.0347932 -0.143278 
13353 0.0370002 -0.00940309 
13354 0.0389281 0.124958 
13355 0.0414002 0.25941 
13356 0.145752 -0.14508 
13357 0.148509 -0.0112304 
13358 0.150087 0.122282 
13359 0.152805 0.256754 
13360 -0.300279 -0.133461 
13361 -0.29892 -0.00407928 
13362 -0.296318 0.123651 
13363 -0.294664 0.253323 
13364 -0.192793 -0.133935 
13365 -0.190915 -0.00654702 
13366 -0.188935 0.121497 
13367 -0.185995 0.249615 
13368 -0.0856962 -0.135466 
13369 -0.0839708 -0.00793039 
13370 -0.0819087 0.119166 
13371 -0.078948 0.247354 
13372 0.0203157 -0.136883 
13373 0.0227712 -0.0102906 
13374 0.0247715 0.116913 
13375 0.0274411 0.244251 
13376 0.125725 -0.138882 
13377 0.127777 -0.0120337 
13378 0.129963 0.11504 
13379 0.13263 0.241795 
13380 -0.298958 -0.127489 
13381 -0.29646 -0.00462463 
13382 -0.294364 0.117182 
13383 -0.292549 0.240026 
13384 -0.196162 -0.128775 
13385 -0.194235 -0.00687945 
13386 -0.191286 0.114211 
13387 -0.189252 0.236743 
13388 -0.0950387 -0.12992 
13389 -0.0919608 -0.00922854 
13390 -0.0898597 0.111953 
13391 -0.0878855 0.234126 
13392 0.00563617 -0.132032 
13393 0.0084111 -0.0112466 
13394 0.0108383 0.109555 
13395 0.014109 0.23085 
13396 0.106044 -0.133155 
13397 0.109106 -0.0131638 
13398 0.111178 0.107419 
13399 0.113419 0.227707 
13400 -0.298531 -0.122488 
13401 -0.296063 -0.00621098 
13402 -0.293401 0.110541 
13403 -0.290633 0.227872 
13404 -0.20067 -0.124385 
13405 -0.19744 -0.00864041 
13406 -0.194776 0.108011 
13407 -0.192368 0.224332 
13408 -0.103561 -0.125455 
13409 -0.100285 -0.0105639 
13410 -0.0976333 0.10504 
13411 -0.0950525 0.220577 
13412 -0.00700673 -0.127932 
13413 -0.00470515 -0.0123736 
13414 -0.00127436 0.102107 
13415 0.00152259 0.217369 
13416 0.0879618 -0.129121 
13417 0.0912266 -0.0152918 
13418 0.0941936 0.0998254 
13419 0.096765 0.214877 
13420 -0.297071 -0.118855 
13421 -0.294543 -0.00678143 
13422 -0.291726 0.104493 
13423 -0.289113 0.215766 
13424 -0.203655 -0.120804 
13425 -0.201004 -0.00950318 
13426 -0.197964 0.101176 
13427 -0.195295 0.212225 
13428 -0.110532 -0.122233 
13429 -0.107826 -0.0122581 
13430 -0.104972 0.0985114 
13431 -0.102027 0.208747 
13432 -0.0193341 -0.124279 
13433 -0.0159589 -0.0139297 
13434 -0.0132267 0.0958113 
13435 -0.0100719 0.206045 
13436 0.0722984 -0.125947 
13437 0.075337 -0.0162819 
13438 0.07753 0.0933503 
13439 0.0804181 0.202765 
13440 -0.29673 -0.115598 
13441 -0.294608 -0.00822097 
13442 -0.29163 0.0980515 
13443 -0.287999 0.205636 
13444 -0.207202 -0.117608 
13445 -0.204744 -0.0106324 
13446 -0.200954 0.0956182 
13447 -0.198647 0.201708 
13448 -0.118217 -0.118997 
13449 -0.11546 -0.0132626 
13450 -0.112809 0.09216 
13451 -0.109206 0.197661 
13452 -0.0304505 -0.121142 
13453 -0.0268917 -0.0157184 
13454 -0.0238946 0.0895473 
13455 -0.0209806 0.194616 
13456 0.0566952 -0.123502 
13457 0.0597419 -0.0185408 
13458 0.0632941 0.0866197 
13459 0.066182 0.191443 
13460 -0.297575 -0.112603 
13461 -0.294181 -0.0106678 
13462 -0.291356 0.0926488 
13463 -0.287449 0.194322 
13464 -0.210682 -0.115086 
13465 -0.207526 -0.0129945 
13466 -0.20425 0.0894992 
13467 -0.201649 0.190837 
13468 -0.125265 -0.117017 
13469 -0.122231 -0.0157716 
13470 -0.11963 0.085777 
13471 -0.116141 0.187858 
13472 -0.0410026 -0.118338 
13473 -0.0374821 -0.0182868 
13474 -0.0345775 0.0829046 
13475 -0.0312683 0.18388 
13476 0.0428209 -0.120877 
13477 0.0460604 -0.0210921 
13478 0.0489037 0.0798474 
13479 0.0523593 0.180163 
13480 -0.297865 -0.110203 
13481 -0.29393 -0.01186 
13482 -0.291174 0.0858996 
13483 -0.287801 0.184438 
13484 -0.214879 -0.112752 
13485 -0.211011 -0.0148002 
13486 -0.208002 0.082819 
13487 -0.204801 0.181434 
13488 -0.131893 -0.114456 
13489 -0.129197 -0.0173776 
13490 -0.125942 0.0798134 
13491 -0.122643 0.177612 
13492 -0.0514923 -0.116523 
13493 -0.0481321 -0.0198707 
13494 -0.0443165 0.0767149 
13495 -0.0410879 0.173946 
13496 0.029193 -0.119223 
13497 0.0326184 -0.0228719 
13498 0.0361685 0.0734744 
13499 0.038934 0.169456 
13500 -0.297617 -0.1093 
13501 -0.294795 -0.014225 
13502 -0.29135 0.080808 
13503 -0.287299 0.175398 
13504 -0.218089 -0.111024 
13505 -0.214298 -0.0170089 
13506 -0.211435 0.0772066 
13507 -0.208078 0.171822 
13508 -0.139153 -0.113301 
13509 -0.135284 -0.0198692 
13510 -0.131894 0.0742016 
13511 -0.128803 0.167559 
13512 -0.0607438 -0.115268 
13513 -0.0568749 -0.0222619 
13514 -0.0538184 0.0707889 
13515 -0.0504867 0.163292 
13516 0.015968 -0.117497 
13517 0.0201585 -0.0257373 
13518 0.0235365 0.0677685 
13519 0.0269979 0.160063 
13520 -0.298387 -0.107315 
13521 -0.295099 -0.0160502 
13522 -0.291571 0.0751361 
13523 -0.288332 0.166283 
13524 -0.22141 -0.109968 
13525 -0.217391 -0.0187734 
13526 -0.213895 0.0716202 
13527 -0.211026 0.162694 
13528 -0.145032 -0.112567 
13529 -0.141192 -0.0222011 
13530 -0.138072 0.0683299 
13531 -0.134155 0.158754 
13532 -0.0701817 -0.114416 
13533 -0.0661125 -0.0247008 
13534 -0.0623311 0.0651055 
13535 -0.0588533 0.154067 
13536 0.00424267 -0.116914 
13537 0.00775437 -0.0279663 
13538 0.0117778 0.0609678 
13539 0.0156567 0.150998 
13540 -0.299422 -0.106637 
13541 -0.29623 -0.0185077 
13542 -0.292415 0.0694885 
13543 -0.288305 0.157895 
13544 -0.225011 -0.108999 
13545 -0.22108 -0.0217353 
13546 -0.21734 0.0655327 
13547 -0.213883 0.153969 
13548 -0.151821 -0.111621 
13549 -0.147706 -0.024766 
13550 -0.143683 0.0626522 
13551 -0.140655 0.14953 
13552 -0.0787467 -0.113918 
13553 -0.075426 -0.0272863 
13554 -0.0710661 0.0587881 
13555 -0.0674268 0.14581 
13556 -0.00650563 -0.11618 
13557 -0.00325378 -0.0303001 
13558 0.000894063 0.0561092 
13559 0.00440858 0.14141 
13560 -0.300192 -0.105911 
13561 -0.296702 -0.0212713 
13562 -0.293159 0.064259 
13563 -0.28883 0.149563 
13564 -0.227961 -0.108368 
13565 -0.224408 -0.0244706 
13566 -0.221127 0.0601631 
13567 -0.216583 0.144745 
13568 -0.156775 -0.110788 
13569 -0.153249 -0.0268109 
13570 -0.150101 0.0568428 
13571 -0.14623 0.140907 
13572 -0.0871241 -0.113283 
13573 -0.0833408 -0.0296392 
13574 -0.0798849 0.0531181 
13575 -0.0756093 0.137099 
13576 -0.0180064 -0.116497 
13577 -0.0134482 -0.033461 
13578 -0.0096637 0.0503177 
13579 -0.00674198 0.133159 
13580 -0.301868 -0.106061 
13581 -0.297583 -0.0232488 
13582 -0.293901 0.0587375 
13583 -0.290218 0.140716 
13584 -0.231674 -0.108336 
13585 -0.228219 -0.0272357 
13586 -0.224086 0.0552653 
13587 -0.220506 0.136956 
13588 -0.163049 -0.111343 
13589 -0.158741 -0.0300191 
13590 -0.155135 0.0512265 
13591 -0.151505 0.132414 
13592 -0.0950906 -0.113423 
13593 -0.091128 -0.0328198 
13594 -0.0868447 0.0484061 
13595 -0.0835414 0.128906 
13596 -0.0276329 -0.116074 
13597 -0.0237276 -0.0362077 
13598 -0.0202849 0.0449454 
13599 -0.0167803 0.124959 
13600 -0.302888 -0.1064 
13601 -0.298792 -0.0267516 
13602 -0.294763 0.0536281 
13603 -0.291391 0.133269 
13604 -0.235126 -0.108493 
13605 -0.231285 -0.0290932 
13606 -0.227508 0.0495698 
13607 -0.223284 0.128976 
13608 -0.168151 -0.111113 
13609 -0.164767 -0.0321427 
13610 -0.16068 0.0460603 
13611 -0.156233 0.125183 
13612 -0.10244 -0.113821 
13613 -0.0989912 -0.0359242 
13614 -0.0952138 0.0430671 
13615 -0.0912355 0.120952 
13616 -0.0380188 -0.116333 
13617 -0.0341307 -0.0388129 
13618 -0.0301296 0.0395111 
13619 -0.025581 0.116578 
