13360 -0.333459 -0.217127 
13361 -0.333395 -0.0161883 
13362 -0.333759 0.183583 
13363 -0.333161 0.383747 
13364 -0.167003 -0.216529 
13365 -0.166396 -0.0169999 
13366 -0.166839 0.18363 
13367 -0.166953 0.383809 
13368 -0.000138044 -0.216487 
13369 -0.000300138 -0.0170979 
13370 -0.000359915 0.183621 
13371 0.000422758 0.383539 
13372 0.167141 -0.216852 
13373 0.166478 -0.0162068 
13374 0.16663 0.182844 
13375 0.166782 0.383708 
13376 0.333716 -0.216218 
13377 0.333826 -0.0163482 
13378 0.333727 0.183186 
13379 0.333639 0.38295 
13380 -0.325821 -0.202377 
13381 -0.325714 -0.0174154 
13382 -0.324564 0.168122 
13383 -0.324481 0.353211 
13384 -0.170793 -0.202698 
13385 -0.171203 -0.0181363 
13386 -0.169906 0.167472 
13387 -0.169381 0.352234 
13388 -0.0173942 -0.203396 
13389 -0.0168116 -0.0186222 
13390 -0.0165342 0.166221 
13391 -0.0152655 0.351373 
13392 0.136935 -0.203274 
13393 0.137747 -0.0190618 
13394 0.138101 0.166065 
13395 0.138444 0.350515 
13396 0.291057 -0.203361 
13397 0.290761 -0.0185125 
13398 0.291362 0.165748 
13399 0.29194 0.350711 
13400 -0.319711 -0.190997 
13401 -0.318263 -0.0181473 
13402 -0.317827 0.153579 
13403 -0.316938 0.326075 
13404 -0.175847 -0.191371 
13405 -0.174573 -0.0197455 
13406 -0.173789 0.153262 
13407 -0.173121 0.324932 
13408 -0.032675 -0.192111 
13409 -0.0315308 -0.0204693 
13410 -0.0299843 0.152279 
13411 -0.0292391 0.324181 
13412 0.110612 -0.192255 
13413 0.111827 -0.021306 
13414 0.112387 0.15095 
13415 0.113837 0.322769 
13416 0.253804 -0.192697 
13417 0.254648 -0.0212838 
13418 0.255313 0.150152 
13419 0.256135 0.321122 
13420 -0.3146 -0.18164 
13421 -0.31371 -0.0198846 
13422 -0.311976 0.140791 
13423 -0.310429 0.302952 
13424 -0.180091 -0.182542 
13425 -0.178607 -0.0214034 
13426 -0.177414 0.139311 
13427 -0.176168 0.300625 
13428 -0.0456027 -0.183164 
13429 -0.0442796 -0.0223612 
13430 -0.0430276 0.13792 
13431 -0.0418529 0.299432 
13432 0.0880915 -0.183429 
13433 0.0891106 -0.0230431 
13434 0.0904159 0.136955 
13435 0.0914568 0.29694 
13436 0.221238 -0.184443 
13437 0.222134 -0.0242443 
13438 0.223244 0.135805 
13439 0.224923 0.295769 
13440 -0.310595 -0.173505 
13441 -0.308609 -0.0222683 
13442 -0.307154 0.129282 
13443 -0.306135 0.281227 
13444 -0.183943 -0.174683 
13445 -0.182222 -0.0232107 
13446 -0.180295 0.127266 
13447 -0.178656 0.27904 
13448 -0.0582695 -0.174984 
13449 -0.0561206 -0.024994 
13450 -0.0547505 0.125518 
13451 -0.0533253 0.277187 
13452 0.0673975 -0.175887 
13453 0.0692687 -0.0262185 
13454 0.0708235 0.124063 
13455 0.0723162 0.274838 
13456 0.192088 -0.177283 
13457 0.194126 -0.0271344 
13458 0.195224 0.122229 
13459 0.196973 0.272086 
13460 -0.307233 -0.166568 
13461 -0.305455 -0.0240477 
13462 -0.303816 0.118613 
13463 -0.301935 0.261619 
13464 -0.188546 -0.168318 
13465 -0.185906 -0.025664 
13466 -0.184604 0.116149 
13467 -0.182291 0.259487 
13468 -0.069596 -0.169229 
13469 -0.0676474 -0.0273955 
13470 -0.0654862 0.114495 
13471 -0.0635895 0.256802 
13472 0.0492588 -0.170426 
13473 0.0512137 -0.0288576 
13474 0.053166 0.112277 
13475 0.0545602 0.253851 
13476 0.166055 -0.171677 
13477 0.16834 -0.0301413 
13478 0.170484 0.111005 
13479 0.171757 0.252152 
13480 -0.305613 -0.161592 
13481 -0.303223 -0.0268682 
13482 -0.301242 0.10862 
13483 -0.298623 0.243436 
13484 -0.192039 -0.163434 
13485 -0.189346 -0.028026 
13486 -0.187706 0.10614 
13487 -0.184903 0.241179 
13488 -0.0797254 -0.164475 
13489 -0.0778095 -0.0303299 
13490 -0.0748689 0.104458 
13491 -0.072952 0.237775 
13492 0.0322476 -0.165908 
13493 0.0341335 -0.0319646 
13494 0.0363826 0.101593 
13495 0.0381419 0.235512 
13496 0.142915 -0.166586 
13497 0.145059 -0.0339285 
13498 0.147397 0.099498 
13499 0.149744 0.233206 
13500 -0.303618 -0.157355 
13501 -0.300874 -0.0290268 
13502 -0.298944 0.0988791 
13503 -0.296449 0.227166 
13504 -0.19587 -0.158468 
13505 -0.193262 -0.0311882 
13506 -0.191326 0.0966414 
13507 -0.188877 0.223899 
13508 -0.0888095 -0.160354 
13509 -0.0863807 -0.0335348 
13510 -0.0844028 0.0942655 
13511 -0.0815599 0.221303 
13512 0.0169028 -0.161926 
13513 0.0186763 -0.0346443 
13514 0.0214906 0.0921616 
13515 0.0239985 0.218723 
13516 0.121282 -0.163023 
13517 0.124234 -0.0371517 
13518 0.126751 0.0893411 
13519 0.129363 0.215316 
13520 -0.302525 -0.154069 
13521 -0.299209 -0.0319185 
13522 -0.296953 0.0897288 
13523 -0.29403 0.211387 
13524 -0.199891 -0.155474 
13525 -0.196756 -0.0344334 
13526 -0.194231 0.0870248 
13527 -0.191223 0.209137 
13528 -0.0984026 -0.156851 
13529 -0.0954656 -0.035678 
13530 -0.0927029 0.085164 
13531 -0.0902674 0.205137 
13532 0.00275216 -0.158961 
13533 0.00480605 -0.0377442 
13534 0.00734129 0.0825366 
13535 0.0103578 0.202187 
13536 0.102223 -0.159823 
13537 0.104621 -0.0401963 
13538 0.107912 0.0794687 
13539 0.110155 0.199867 
13540 -0.300684 -0.151214 
13541 -0.298047 -0.0347197 
13542 -0.295495 0.0817532 
13543 -0.292398 0.197996 
13544 -0.203608 -0.152875 
13545 -0.200563 -0.0365941 
13546 -0.197332 0.0785848 
13547 -0.19459 0.193815 
13548 -0.106564 -0.154498 
13549 -0.10376 -0.0390089 
13550 -0.101364 0.0755996 
13551 -0.0976865 0.191442 
13552 -0.0110491 -0.155714 
13553 -0.00833177 -0.0412293 
13554 -0.00512116 0.0734103 
13555 -0.00193514 0.188106 
13556 0.0849109 -0.157773 
13557 0.0870797 -0.0440787 
13558 0.0896984 0.0704738 
13559 0.0924687 0.184405 
13560 -0.300687 -0.149201 
13561 -0.297791 -0.0382159 
13562 -0.29477 0.0735707 
13563 -0.291178 0.184361 
13564 -0.207186 -0.151131 
13565 -0.204166 -0.0399252 
13566 -0.201179 0.0702472 
13567 -0.197694 0.180562 
13568 -0.114736 -0.152371 
13569 -0.111583 -0.0423321 
13570 -0.108528 0.0677746 
13571 -0.10573 0.177413 
13572 -0.0229768 -0.154622 
13573 -0.0200961 -0.0446687 
13574 -0.0167578 0.064931 
13575 -0.0140954 0.174039 
13576 0.0683746 -0.156385 
13577 0.0712325 -0.0467768 
13578 0.0736101 0.0623189 
13579 0.0770341 0.170622 
13580 -0.30004 -0.147537 
13581 -0.297389 -0.0404606 
13582 -0.29417 0.0649101 
13583 -0.290284 0.171498 
13584 -0.210415 -0.149489 
13585 -0.207706 -0.0434077 
13586 -0.203911 0.0622841 
13587 -0.200641 0.167904 
13588 -0.122202 -0.151198 
13589 -0.119299 -0.0460419 
13590 -0.115756 0.0595247 
13591 -0.113091 0.164729 
13592 -0.0341571 -0.15306 
13593 -0.0312498 -0.04804 
13594 -0.028449 0.0568699 
13595 -0.0254098 0.16158 
13596 0.0520978 -0.15471 
13597 0.0553278 -0.050732 
13598 0.0583578 0.0536761 
13599 0.0616883 0.158238 
13600 -0.300016 -0.145881 
13601 -0.296839 -0.0440901 
13602 -0.293495 0.058015 
13603 -0.289942 0.159924 
13604 -0.214893 -0.148564 
13605 -0.211554 -0.0464524 
13606 -0.207272 0.0549322 
13607 -0.203963 0.15625 
13608 -0.129491 -0.150362 
13609 -0.125897 -0.0487347 
13610 -0.122948 0.0520166 
13611 -0.119423 0.152794 
13612 -0.0449549 -0.151873 
13613 -0.041453 -0.0515944 
13614 -0.038974 0.0486534 
13615 -0.0351413 0.148674 
13616 0.0381561 -0.153429 
13617 0.0418862 -0.0541254 
13618 0.0445834 0.0460322 
13619 0.0474794 0.145917 
13620 -0.300647 -0.145132 
13621 -0.297212 -0.04765 
13622 -0.293107 0.0508852 
13623 -0.290447 0.148454 
13624 -0.217814 -0.147301 
13625 -0.214341 -0.0497555 
13626 -0.21093 0.0476511 
13627 -0.207913 0.145209 
13628 -0.136552 -0.149435 
13629 -0.133105 -0.0519294 
13630 -0.128904 0.0449442 
13631 -0.125491 0.141193 
13632 -0.0548973 -0.151826 
13633 -0.0515228 -0.055343 
13634 -0.048789 0.0417464 
13635 -0.0450826 0.138116 
13636 0.0245241 -0.153086 
13637 0.0281169 -0.0573626 
13638 0.0313219 0.0384952 
13639 0.0345482 0.134525 
13640 -0.301581 -0.145148 
13641 -0.297158 -0.0507462 
13642 -0.293882 0.0437461 
13643 -0.290473 0.137524 
13644 -0.221236 -0.14697 
13645 -0.217702 -0.0532158 
13646 -0.214736 0.0402037 
13647 -0.210372 0.134558 
13648 -0.143033 -0.148985 
13649 -0.139689 -0.0552731 
13650 -0.135313 0.0374164 
13651 -0.131902 0.130246 
13652 -0.0645836 -0.151131 
13653 -0.0616945 -0.0577602 
13654 -0.0582367 0.0341218 
13655 -0.0544933 0.126502 
13656 0.0122216 -0.152982 
13657 0.0151243 -0.0612452 
13658 0.0187404 0.0314629 
13659 0.0224987 0.123464 
13660 -0.302064 -0.144263 
13661 -0.297702 -0.0532389 
13662 -0.294413 0.0373643 
13663 -0.29046 0.128193 
13664 -0.224792 -0.146764 
13665 -0.220968 -0.0562756 
13666 -0.218048 0.0340322 
13667 -0.214066 0.124491 
13668 -0.148921 -0.148916 
13669 -0.145382 -0.0591052 
13670 -0.141869 0.0303891 
13671 -0.138159 0.12051 
13672 -0.0740044 -0.15091 
13673 -0.0705724 -0.0615883 
13674 -0.0671593 0.0279032 
13675 -0.0631418 0.116748 
13676 0.000636013 -0.152816 
13677 0.00418726 -0.0643326 
13678 0.0074236 0.0248712 
13679 0.0104149 0.113292 
13680 -0.302668 -0.145252 
13681 -0.299128 -0.0568366 
13682 -0.294816 0.0305461 
13683 -0.291279 0.118152 
13684 -0.228904 -0.147169 
13685 -0.225 -0.0596525 
13686 -0.220875 0.0274088 
13687 -0.217049 0.113938 
13688 -0.155658 -0.149145 
13689 -0.151159 -0.0628564 
13690 -0.148079 0.0244352 
13691 -0.143688 0.110459 
13692 -0.0828852 -0.150894 
13693 -0.0794351 -0.0652475 
13694 -0.075756 0.0208502 
13695 -0.0720562 0.106537 
13696 -0.0108209 -0.153415 
13697 -0.00797259 -0.0678393 
13698 -0.00352237 0.0184341 
13699 -0.00038294 0.102942 
13700 -0.303754 -0.145235 
13701 -0.300033 -0.0602885 
13702 -0.295653 0.0240957 
13703 -0.292197 0.108989 
13704 -0.232288 -0.147015 
13705 -0.228366 -0.0625975 
13706 -0.224719 0.0206826 
13707 -0.220132 0.105586 
13708 -0.161514 -0.149399 
13709 -0.157785 -0.0655991 
13710 -0.15401 0.0179732 
13711 -0.149932 0.100888 
13712 -0.0906765 -0.15148 
13713 -0.0874025 -0.0681509 
13714 -0.0840845 0.0144912 
13715 -0.0804553 0.0977522 
13716 -0.0222836 -0.154056 
13717 -0.0179701 -0.0709484 
13718 -0.0149545 0.0116658 
13719 -0.0110821 0.0937274 
13720 -0.30508 -0.145696 
13721 -0.300534 -0.063181 
13722 -0.296918 0.0178909 
13723 -0.292613 0.0998028 
13724 -0.235325 -0.147685 
13725 -0.231248 -0.0665581 
13726 -0.227922 0.0154945 
13727 -0.2237 0.0964503 
13728 -0.166394 -0.150528 
13729 -0.163236 -0.0688527 
13730 -0.159467 0.0116539 
13731 -0.155598 0.0921204 
13732 -0.0988921 -0.152334 
13733 -0.0956695 -0.0721379 
13734 -0.0911973 0.00825196 
13735 -0.0877882 0.088616 
13736 -0.0324604 -0.154264 
13737 -0.0281494 -0.0743311 
13738 -0.0245068 0.00594039 
13739 -0.0212 0.0847736 
13740 -0.306337 -0.146593 
13741 -0.301911 -0.067075 
13742 -0.298402 0.0121874 
13743 -0.293737 0.0917565 
13744 -0.239344 -0.148221 
13745 -0.235315 -0.069836 
13746 -0.231254 0.00897723 
13747 -0.227313 0.0874996 
13748 -0.172114 -0.150495 
13749 -0.168941 -0.0719616 
13750 -0.164561 0.00649967 
13751 -0.160865 0.0841776 
13752 -0.106352 -0.152709 
13753 -0.102753 -0.0753583 
13754 -0.0987519 0.00324787 
13755 -0.0957094 0.0801162 
13756 -0.0421661 -0.155205 
13757 -0.038183 -0.0777221 
13758 -0.0340505 -0.000365288 
13759 -0.0310102 0.0772719 
