13400 -0.333674 -0.216544 
13401 -0.333387 -0.016972 
13402 -0.333287 0.183647 
13403 -0.332927 0.382999 
13404 -0.166301 -0.217146 
13405 -0.166343 -0.0170154 
13406 -0.166392 0.183006 
13407 -0.166625 0.383751 
13408 0.000368159 -0.217001 
13409 0.000149265 -0.0163134 
13410 0.000288134 0.183725 
13411 -0.000480775 0.383485 
13412 0.167062 -0.216285 
13413 0.166192 -0.0170811 
13414 0.166368 0.183186 
13415 0.167082 0.383302 
13416 0.333099 -0.216509 
13417 0.333607 -0.0166174 
13418 0.33318 0.183585 
13419 0.333258 0.383525 
13420 -0.326169 -0.204289 
13421 -0.325645 -0.0192262 
13422 -0.325177 0.166255 
13423 -0.324612 0.351331 
13424 -0.171801 -0.204099 
13425 -0.170432 -0.0189682 
13426 -0.170719 0.166063 
13427 -0.169461 0.350413 
13428 -0.0174084 -0.204721 
13429 -0.0167482 -0.0196926 
13430 -0.0164659 0.165611 
13431 -0.0160009 0.349733 
13432 0.137035 -0.204887 
13433 0.137685 -0.0198215 
13434 0.137648 0.164822 
13435 0.138369 0.349614 
13436 0.290284 -0.205443 
13437 0.291361 -0.0202617 
13438 0.291574 0.164016 
13439 0.291494 0.348888 
13440 -0.319483 -0.193368 
13441 -0.318763 -0.0215969 
13442 -0.318302 0.151316 
13443 -0.317352 0.323409 
13444 -0.17624 -0.193675 
13445 -0.174854 -0.0220751 
13446 -0.17386 0.150381 
13447 -0.173475 0.322504 
13448 -0.0321834 -0.194062 
13449 -0.0317658 -0.0224193 
13450 -0.0309054 0.148987 
13451 -0.0297596 0.320496 
13452 0.111003 -0.194612 
13453 0.1117 -0.0230829 
13454 0.112167 0.148215 
13455 0.113841 0.319731 
13456 0.253081 -0.195969 
13457 0.254387 -0.0245769 
13458 0.255499 0.147121 
13459 0.256079 0.318399 
13460 -0.315107 -0.185146 
13461 -0.313535 -0.0238449 
13462 -0.3121 0.137833 
13463 -0.311404 0.298496 
13464 -0.179921 -0.185773 
13465 -0.178723 -0.0244903 
13466 -0.177214 0.135769 
13467 -0.176695 0.296839 
13468 -0.0457035 -0.186767 
13469 -0.0449997 -0.0260012 
13470 -0.0436431 0.134237 
13471 -0.0418906 0.294827 
13472 0.0876919 -0.187256 
13473 0.0889123 -0.0270704 
13474 0.0898821 0.13311 
13475 0.0912971 0.293095 
13476 0.220114 -0.188028 
13477 0.222235 -0.0279338 
13478 0.223269 0.131768 
13479 0.224097 0.291403 
13480 -0.311336 -0.178038 
13481 -0.309081 -0.0266464 
13482 -0.307245 0.124587 
13483 -0.305925 0.276069 
13484 -0.184848 -0.178647 
13485 -0.182699 -0.0280656 
13486 -0.181561 0.122608 
13487 -0.179499 0.273761 
13488 -0.0585015 -0.180007 
13489 -0.0566113 -0.0291706 
13490 -0.0551465 0.121804 
13491 -0.05357 0.272278 
13492 0.0665194 -0.180658 
13493 0.0683437 -0.0305168 
13494 0.0699117 0.119287 
13495 0.0712955 0.269531 
13496 0.191363 -0.182063 
13497 0.193371 -0.0322361 
13498 0.194408 0.118069 
13499 0.196168 0.267435 
13500 -0.308015 -0.171994 
13501 -0.305834 -0.0296006 
13502 -0.304014 0.113545 
13503 -0.301846 0.255495 
13504 -0.188747 -0.173784 
13505 -0.18618 -0.0306806 
13506 -0.184899 0.111556 
13507 -0.182706 0.252849 
13508 -0.0695893 -0.174788 
13509 -0.0682091 -0.0328819 
13510 -0.0662601 0.109505 
13511 -0.0643868 0.251013 
13512 0.0479029 -0.17552 
13513 0.0500838 -0.0340533 
13514 0.0518766 0.107583 
13515 0.0536105 0.248442 
13516 0.165221 -0.176759 
13517 0.167416 -0.0357999 
13518 0.169783 0.104948 
13519 0.171563 0.246177 
13520 -0.305324 -0.168199 
13521 -0.303585 -0.0325308 
13522 -0.30081 0.101835 
13523 -0.298522 0.237286 
13524 -0.19262 -0.169042 
13525 -0.190724 -0.0345496 
13526 -0.188313 0.0999413 
13527 -0.18539 0.234125 
13528 -0.0802598 -0.170502 
13529 -0.0775487 -0.035841 
13530 -0.0754225 0.0982847 
13531 -0.0740417 0.231568 
13532 0.0313668 -0.171054 
13533 0.0331027 -0.0380637 
13534 0.0360232 0.0955754 
13535 0.0379364 0.229135 
13536 0.142478 -0.172329 
13537 0.144316 -0.0400939 
13538 0.146739 0.0932841 
13539 0.14871 0.226899 
13540 -0.303955 -0.163672 
13541 -0.301161 -0.0361601 
13542 -0.298674 0.0920799 
13543 -0.296726 0.220184 
13544 -0.196512 -0.165389 
13545 -0.194084 -0.0375473 
13546 -0.191163 0.0898088 
13547 -0.188519 0.217516 
13548 -0.0896304 -0.167089 
13549 -0.0874228 -0.0393706 
13550 -0.0846976 0.0874949 
13551 -0.0829545 0.214532 
13552 0.0158242 -0.167996 
13553 0.0181857 -0.0414309 
13554 0.0207441 0.0848981 
13555 0.022781 0.211331 
13556 0.120519 -0.169153 
13557 0.123628 -0.0437186 
13558 0.125366 0.0829895 
13559 0.128297 0.208613 
13560 -0.302371 -0.160897 
13561 -0.300331 -0.0391309 
13562 -0.296699 0.0824083 
13563 -0.294792 0.20393 
13564 -0.200364 -0.163062 
13565 -0.19798 -0.0416571 
13566 -0.195216 0.080381 
13567 -0.191851 0.201244 
13568 -0.0989741 -0.163716 
13569 -0.0966044 -0.0435073 
13570 -0.0934956 0.0778186 
13571 -0.0913116 0.19808 
13572 0.00204267 -0.166115 
13573 0.00390354 -0.045077 
13574 0.0067793 0.0744515 
13575 0.00960306 0.195486 
13576 0.101138 -0.16679 
13577 0.103986 -0.0475999 
13578 0.106599 0.0724986 
13579 0.108842 0.191817 
13580 -0.301791 -0.158577 
13581 -0.29898 -0.0422289 
13582 -0.295969 0.0738032 
13583 -0.292854 0.18903 
13584 -0.204349 -0.16063 
13585 -0.200805 -0.0446926 
13586 -0.197886 0.0708419 
13587 -0.195211 0.186544 
13588 -0.107616 -0.161851 
13589 -0.104218 -0.0465059 
13590 -0.102056 0.0685653 
13591 -0.0987778 0.183281 
13592 -0.0113894 -0.163459 
13593 -0.00865315 -0.049463 
13594 -0.00620716 0.0656766 
13595 -0.00344042 0.180103 
13596 0.0840531 -0.164932 
13597 0.0868275 -0.0511258 
13598 0.0894608 0.0628257 
13599 0.0915441 0.176818 
13600 -0.301647 -0.156755 
13601 -0.298403 -0.0459696 
13602 -0.294911 0.064353 
13603 -0.292182 0.175965 
13604 -0.207433 -0.159045 
13605 -0.204338 -0.0479897 
13606 -0.201576 0.0616428 
13607 -0.198634 0.172176 
13608 -0.115497 -0.160926 
13609 -0.112571 -0.0501352 
13610 -0.109733 0.0596224 
13611 -0.10594 0.169066 
13612 -0.0233663 -0.161949 
13613 -0.0208317 -0.0525939 
13614 -0.0176499 0.0567936 
13615 -0.0152123 0.165468 
13616 0.0671653 -0.164013 
13617 0.0696088 -0.0548161 
13618 0.0728107 0.0536022 
13619 0.0756304 0.162129 
13620 -0.300632 -0.156336 
13621 -0.29768 -0.0493883 
13622 -0.294153 0.0561955 
13623 -0.290789 0.162974 
13624 -0.211495 -0.157705 
13625 -0.208503 -0.0517821 
13626 -0.204906 0.0539293 
13627 -0.201425 0.159502 
13628 -0.123018 -0.159957 
13629 -0.119752 -0.054416 
13630 -0.11704 0.0511938 
13631 -0.113882 0.155979 
13632 -0.0354817 -0.161649 
13633 -0.0318777 -0.0568478 
13634 -0.0290677 0.0483921 
13635 -0.0255444 0.152592 
13636 0.0517551 -0.162715 
13637 0.0546184 -0.0591366 
13638 0.0577149 0.0450778 
13639 0.0609748 0.149254 
13640 -0.300713 -0.154921 
13641 -0.297247 -0.0534501 
13642 -0.29415 0.0484543 
13643 -0.290591 0.150342 
13644 -0.215557 -0.1565 
13645 -0.211645 -0.0552674 
13646 -0.208365 0.0462695 
13647 -0.205244 0.146931 
13648 -0.129615 -0.158702 
13649 -0.127065 -0.0574536 
13650 -0.123729 0.0429096 
13651 -0.120703 0.143982 
13652 -0.0457119 -0.160686 
13653 -0.0426474 -0.0604025 
13654 -0.0390579 0.0396486 
13655 -0.0365602 0.140387 
13656 0.0369875 -0.162343 
13657 0.0401793 -0.0626683 
13658 0.0437263 0.0373505 
13659 0.0468624 0.137016 
13660 -0.301576 -0.154747 
13661 -0.29807 -0.0565909 
13662 -0.294256 0.0414243 
13663 -0.290862 0.138586 
13664 -0.218822 -0.156604 
13665 -0.215511 -0.0587307 
13666 -0.211581 0.0386722 
13667 -0.208496 0.135541 
13668 -0.136415 -0.158395 
13669 -0.133176 -0.0611268 
13670 -0.129898 0.0353938 
13671 -0.126705 0.132291 
13672 -0.0558642 -0.159921 
13673 -0.052531 -0.0642661 
13674 -0.0493474 0.0322058 
13675 -0.0459199 0.128675 
13676 0.0239062 -0.162201 
13677 0.0271811 -0.0658135 
13678 0.0298717 0.0297493 
13679 0.0337638 0.125345 
13680 -0.301657 -0.154206 
13681 -0.298238 -0.060132 
13682 -0.29417 0.034461 
13683 -0.290265 0.128095 
13684 -0.222679 -0.156427 
13685 -0.218536 -0.0622697 
13686 -0.214772 0.0309451 
13687 -0.21096 0.124654 
13688 -0.143071 -0.15879 
13689 -0.140413 -0.0652492 
13690 -0.136601 0.0277763 
13691 -0.133489 0.121279 
13692 -0.0658823 -0.160395 
13693 -0.0626912 -0.0670652 
13694 -0.0593698 0.0248478 
13695 -0.0558921 0.117093 
13696 0.0114388 -0.161883 
13697 0.0145875 -0.0701762 
13698 0.0181893 0.0219614 
13699 0.0211134 0.11359 
13700 -0.303033 -0.154298 
13701 -0.29861 -0.0639834 
13702 -0.294706 0.0275675 
13703 -0.291523 0.117196 
13704 -0.225604 -0.156019 
13705 -0.221588 -0.0664484 
13706 -0.218598 0.0245088 
13707 -0.214661 0.114474 
13708 -0.150063 -0.158378 
13709 -0.146173 -0.0686132 
13710 -0.142789 0.0206237 
13711 -0.138847 0.110728 
13712 -0.075069 -0.160291 
13713 -0.0709427 -0.0712083 
13714 -0.0675089 0.0185819 
13715 -0.0644987 0.106758 
13716 -0.000993078 -0.16212 
13717 0.00250055 -0.0739543 
13718 0.00592051 0.0148002 
13719 0.00943717 0.103353 
13720 -0.303119 -0.154727 
13721 -0.299654 -0.067288 
13722 -0.295899 0.0204464 
13723 -0.292061 0.108084 
13724 -0.229352 -0.156979 
13725 -0.225646 -0.0692041 
13726 -0.222031 0.0179393 
13727 -0.218281 0.104201 
13728 -0.156219 -0.158819 
13729 -0.152394 -0.071915 
13730 -0.149087 0.013958 
13731 -0.144716 0.100469 
13732 -0.0832197 -0.160545 
13733 -0.0799397 -0.0741415 
13734 -0.0765946 0.010943 
13735 -0.072394 0.0968403 
13736 -0.0113876 -0.163006 
13737 -0.00825953 -0.0770902 
13738 -0.00501121 0.00817905 
13739 -0.00192057 0.0941588 
13740 -0.304817 -0.155347 
13741 -0.300847 -0.0708929 
13742 -0.296302 0.0143373 
13743 -0.292807 0.0987058 
13744 -0.232242 -0.156971 
13745 -0.229241 -0.0726729 
13746 -0.225176 0.0105659 
13747 -0.221148 0.0950511 
13748 -0.161798 -0.159072 
13749 -0.158322 -0.0754239 
13750 -0.154241 0.00846309 
13751 -0.150175 0.0909202 
13752 -0.0914291 -0.16112 
13753 -0.0880034 -0.0784374 
13754 -0.0848575 0.00510264 
13755 -0.0814399 0.08774 
13756 -0.0221663 -0.163162 
13757 -0.0190281 -0.0803808 
13758 -0.0156175 0.00231622 
13759 -0.0125465 0.0841436 
13760 -0.305719 -0.15569 
13761 -0.302035 -0.0738621 
13762 -0.297575 0.0083646 
13763 -0.293229 0.089862 
13764 -0.236077 -0.158065 
13765 -0.232175 -0.076219 
13766 -0.228629 0.00484946 
13767 -0.224441 0.0857545 
13768 -0.167907 -0.160071 
13769 -0.163697 -0.0790603 
13770 -0.160407 0.00221982 
13771 -0.156495 0.0824747 
13772 -0.100178 -0.161954 
13773 -0.0958725 -0.0816557 
13774 -0.0927288 -0.000751314 
13775 -0.0890057 0.0792299 
13776 -0.0332628 -0.163535 
13777 -0.0291969 -0.0840181 
13778 -0.0255029 -0.00412729 
13779 -0.0220196 0.0754863 
13780 -0.306962 -0.156654 
13781 -0.302872 -0.0770814 
13782 -0.298431 0.001735 
13783 -0.294294 0.0813444 
13784 -0.239334 -0.158662 
13785 -0.235707 -0.0802269 
13786 -0.231696 -0.000817655 
13787 -0.227713 0.0774605 
13788 -0.172627 -0.160608 
13789 -0.168813 -0.0818794 
13790 -0.164949 -0.00422838 
13791 -0.162026 0.073934 
13792 -0.10737 -0.162505 
13793 -0.103642 -0.0849966 
13794 -0.0996868 -0.00751638 
13795 -0.0965293 0.070585 
13796 -0.0420232 -0.164982 
13797 -0.0386209 -0.087077 
13798 -0.0357681 -0.00989282 
13799 -0.0323875 0.0664101 
