13420 -0.332868 -0.216175 
13421 -0.333764 -0.0167491 
13422 -0.333033 0.183725 
13423 -0.333596 0.383789 
13424 -0.167126 -0.216473 
13425 -0.166463 -0.0163174 
13426 -0.166661 0.183816 
13427 -0.16675 0.383318 
13428 -0.000166884 -0.216416 
13429 -0.000239419 -0.016974 
13430 0.000123652 0.183641 
13431 -0.000237852 0.383767 
13432 0.166579 -0.216355 
13433 0.166695 -0.0165276 
13434 0.16707 0.183799 
13435 0.166511 0.38308 
13436 0.333601 -0.216477 
13437 0.333294 -0.0168339 
13438 0.333162 0.183578 
13439 0.333525 0.383561 
13440 -0.325709 -0.204874 
13441 -0.325278 -0.0193876 
13442 -0.324818 0.165723 
13443 -0.324061 0.351064 
13444 -0.1713 -0.205011 
13445 -0.171163 -0.0202322 
13446 -0.170857 0.165091 
13447 -0.170204 0.349797 
13448 -0.0177573 -0.204953 
13449 -0.0166132 -0.0200655 
13450 -0.0157985 0.164654 
13451 -0.0154861 0.349805 
13452 0.136467 -0.205086 
13453 0.137272 -0.0209675 
13454 0.138091 0.164307 
13455 0.138061 0.348878 
13456 0.290248 -0.205248 
13457 0.290331 -0.0213357 
13458 0.291288 0.163565 
13459 0.291399 0.347517 
13460 -0.319827 -0.194794 
13461 -0.318685 -0.0222734 
13462 -0.317615 0.149995 
13463 -0.31731 0.32209 
13464 -0.17555 -0.195511 
13465 -0.175194 -0.0236687 
13466 -0.174415 0.14885 
13467 -0.172684 0.320959 
13468 -0.0326391 -0.195679 
13469 -0.0317668 -0.0241339 
13470 -0.0302405 0.148031 
13471 -0.030149 0.319188 
13472 0.110398 -0.195812 
13473 0.110923 -0.0243369 
13474 0.112041 0.146441 
13475 0.112902 0.318153 
13476 0.253357 -0.197213 
13477 0.254327 -0.0257195 
13478 0.254857 0.145355 
13479 0.256234 0.31742 
13480 -0.315348 -0.186349 
13481 -0.313755 -0.0259629 
13482 -0.312197 0.135444 
13483 -0.311236 0.296804 
13484 -0.180772 -0.187432 
13485 -0.179 -0.0269636 
13486 -0.1775 0.134055 
13487 -0.175953 0.294676 
13488 -0.0466878 -0.188565 
13489 -0.0449806 -0.0274698 
13490 -0.0432191 0.13284 
13491 -0.0422722 0.293294 
13492 0.0870483 -0.188623 
13493 0.0881722 -0.0291848 
13494 0.0898477 0.130974 
13495 0.0909733 0.291356 
13496 0.220127 -0.189973 
13497 0.221919 -0.0301411 
13498 0.223114 0.13047 
13499 0.224091 0.289595 
13500 -0.311703 -0.179893 
13501 -0.309241 -0.0284905 
13502 -0.30821 0.122721 
13503 -0.3057 0.273575 
13504 -0.184211 -0.180794 
13505 -0.183186 -0.0304939 
13506 -0.181084 0.120431 
13507 -0.179517 0.271472 
13508 -0.0586562 -0.182445 
13509 -0.0567789 -0.0311452 
13510 -0.0556113 0.119262 
13511 -0.0538821 0.269575 
13512 0.0664183 -0.183339 
13513 0.0686475 -0.0329472 
13514 0.0696968 0.116882 
13515 0.0713189 0.26716 
13516 0.191596 -0.183669 
13517 0.192896 -0.0335956 
13518 0.194712 0.115661 
13519 0.196022 0.265049 
13520 -0.308661 -0.174513 
13521 -0.306471 -0.032219 
13522 -0.304178 0.110235 
13523 -0.302268 0.252477 
13524 -0.188345 -0.176197 
13525 -0.186911 -0.0342648 
13526 -0.185189 0.108512 
13527 -0.182698 0.250356 
13528 -0.0702015 -0.176875 
13529 -0.0681368 -0.0355064 
13530 -0.0662995 0.106083 
13531 -0.0644072 0.248096 
13532 0.0476855 -0.17817 
13533 0.0500877 -0.0366681 
13534 0.0513258 0.104436 
13535 0.0534803 0.246164 
13536 0.164822 -0.179168 
13537 0.167129 -0.0386744 
13538 0.169039 0.102466 
13539 0.170571 0.2432 
13540 -0.305954 -0.170782 
13541 -0.303192 -0.0355694 
13542 -0.300938 0.0987204 
13543 -0.299112 0.233724 
13544 -0.193194 -0.171987 
13545 -0.190877 -0.0377479 
13546 -0.188561 0.0971742 
13547 -0.186157 0.231645 
13548 -0.0800748 -0.173467 
13549 -0.0783819 -0.0388012 
13550 -0.0760782 0.0943952 
13551 -0.0737207 0.229073 
13552 0.030745 -0.174702 
13553 0.0337382 -0.0410407 
13554 0.0353218 0.0931462 
13555 0.0377521 0.225713 
13556 0.141757 -0.175278 
13557 0.144311 -0.0425019 
13558 0.14651 0.0902513 
13559 0.148579 0.22304 
13560 -0.303909 -0.167449 
13561 -0.301967 -0.0397331 
13562 -0.299107 0.0891697 
13563 -0.296525 0.217008 
13564 -0.197202 -0.168953 
13565 -0.19408 -0.0406982 
13566 -0.191752 0.0859972 
13567 -0.18965 0.213793 
13568 -0.090118 -0.169627 
13569 -0.0872866 -0.0432081 
13570 -0.0851268 0.0838412 
13571 -0.0830232 0.210778 
13572 0.0160146 -0.171919 
13573 0.0177275 -0.0445092 
13574 0.020045 0.0816634 
13575 0.0224632 0.207802 
13576 0.120658 -0.172708 
13577 0.123377 -0.0469853 
13578 0.124874 0.0790797 
13579 0.127173 0.205599 
13580 -0.302729 -0.164331 
13581 -0.300128 -0.0428847 
13582 -0.297226 0.0790228 
13583 -0.294638 0.200777 
13584 -0.200576 -0.166153 
13585 -0.198263 -0.0448106 
13586 -0.19479 0.076448 
13587 -0.192573 0.197181 
13588 -0.0993672 -0.167494 
13589 -0.0964779 -0.0471887 
13590 -0.0942224 0.074014 
13591 -0.0910682 0.194024 
13592 0.00131432 -0.16937 
13593 0.00435569 -0.0488394 
13594 0.00629361 0.0717433 
13595 0.00919121 0.191497 
13596 0.101644 -0.170724 
13597 0.103491 -0.0507162 
13598 0.105958 0.0687413 
13599 0.108799 0.188952 
13600 -0.301924 -0.162938 
13601 -0.298665 -0.0462178 
13602 -0.295865 0.069531 
13603 -0.293487 0.185904 
13604 -0.20426 -0.163836 
13605 -0.201682 -0.0488553 
13606 -0.198516 0.0667128 
13607 -0.19525 0.182092 
13608 -0.107825 -0.16554 
13609 -0.104416 -0.0509694 
13610 -0.102343 0.0646245 
13611 -0.0992919 0.179212 
13612 -0.0120197 -0.167506 
13613 -0.00862776 -0.0524726 
13614 -0.0065377 0.0619952 
13615 -0.00366617 0.176437 
13616 0.0832034 -0.168468 
13617 0.0859892 -0.0548598 
13618 0.0886561 0.0590817 
13619 0.0909304 0.172459 
13620 -0.301489 -0.160736 
13621 -0.298668 -0.0505211 
13622 -0.295508 0.0609047 
13623 -0.29196 0.171118 
13624 -0.207969 -0.163084 
13625 -0.205119 -0.0523682 
13626 -0.202006 0.0577574 
13627 -0.199309 0.167806 
13628 -0.115281 -0.164166 
13629 -0.112874 -0.0544179 
13630 -0.109647 0.0555133 
13631 -0.106837 0.164588 
13632 -0.0236471 -0.16568 
13633 -0.020861 -0.0562322 
13634 -0.0185876 0.0521337 
13635 -0.0156286 0.16146 
13636 0.066914 -0.167782 
13637 0.0693506 -0.0587426 
13638 0.0725733 0.0501064 
13639 0.0751322 0.15859 
13640 -0.300907 -0.160295 
13641 -0.298342 -0.0542381 
13642 -0.294239 0.0522068 
13643 -0.291664 0.15859 
13644 -0.211426 -0.162097 
13645 -0.208811 -0.0565167 
13646 -0.20482 0.050027 
13647 -0.202023 0.154707 
13648 -0.123494 -0.163295 
13649 -0.119927 -0.0586217 
13650 -0.116671 0.0465865 
13651 -0.113598 0.15137 
13652 -0.0354212 -0.164922 
13653 -0.03236 -0.0601017 
13654 -0.0295931 0.0435575 
13655 -0.0261289 0.147899 
13656 0.0517385 -0.166579 
13657 0.0545435 -0.0631179 
13658 0.0576858 0.0409679 
13659 0.0603027 0.144699 
13660 -0.301366 -0.159551 
13661 -0.297527 -0.0568896 
13662 -0.294358 0.0442072 
13663 -0.290626 0.145641 
13664 -0.215331 -0.160805 
13665 -0.212274 -0.0597047 
13666 -0.208821 0.0416782 
13667 -0.205254 0.142388 
13668 -0.130444 -0.163334 
13669 -0.126667 -0.0622476 
13670 -0.12422 0.0381606 
13671 -0.120833 0.138868 
13672 -0.0458567 -0.165168 
13673 -0.0431104 -0.064656 
13674 -0.0401132 0.035484 
13675 -0.036902 0.135962 
13676 0.0371126 -0.166703 
13677 0.0399517 -0.0670207 
13678 0.043482 0.0329402 
13679 0.0465131 0.132532 
13680 -0.301173 -0.159196 
13681 -0.297607 -0.0612984 
13682 -0.294286 0.0368839 
13683 -0.291062 0.134743 
13684 -0.218648 -0.160869 
13685 -0.215434 -0.063784 
13686 -0.212301 0.0340181 
13687 -0.20808 0.130489 
13688 -0.136837 -0.163011 
13689 -0.13357 -0.0652963 
13690 -0.130373 0.0308535 
13691 -0.127262 0.127083 
13692 -0.0562882 -0.16428 
13693 -0.052794 -0.0676864 
13694 -0.0502129 0.0279095 
13695 -0.0467687 0.123981 
13696 0.0237464 -0.166061 
13697 0.02709 -0.0708001 
13698 0.0298071 0.0250671 
13699 0.0329709 0.120891 
13700 -0.301901 -0.159124 
13701 -0.298794 -0.0641546 
13702 -0.294554 0.02984 
13703 -0.290597 0.123742 
13704 -0.221971 -0.160501 
13705 -0.21883 -0.0665684 
13706 -0.215412 0.0262134 
13707 -0.212024 0.120032 
13708 -0.143668 -0.163074 
13709 -0.140758 -0.0694298 
13710 -0.137339 0.0231256 
13711 -0.133095 0.116713 
13712 -0.0656848 -0.164368 
13713 -0.0630083 -0.0723281 
13714 -0.0596287 0.0203178 
13715 -0.055578 0.113011 
13716 0.0108424 -0.166207 
13717 0.0137425 -0.0740364 
13718 0.0174691 0.017554 
13719 0.0209549 0.109519 
13720 -0.303244 -0.159535 
13721 -0.298588 -0.0682657 
13722 -0.295407 0.0224387 
13723 -0.29133 0.112652 
13724 -0.22612 -0.161429 
13725 -0.222164 -0.0701586 
13726 -0.218454 0.0190687 
13727 -0.215379 0.109514 
13728 -0.150235 -0.162489 
13729 -0.146759 -0.0735313 
13730 -0.143099 0.016138 
13731 -0.13916 0.105731 
13732 -0.0754047 -0.164668 
13733 -0.0720159 -0.0754652 
13734 -0.0683247 0.0134682 
13735 -0.0651323 0.10229 
13736 -0.000975262 -0.166849 
13737 0.00244311 -0.0783227 
13738 0.00531631 0.0102224 
13739 0.00909712 0.099529 
13740 -0.303881 -0.159496 
13741 -0.299396 -0.072043 
13742 -0.295596 0.0160873 
13743 -0.291638 0.10297 
13744 -0.229334 -0.16159 
13745 -0.225502 -0.0741008 
13746 -0.221577 0.0129469 
13747 -0.218615 0.099704 
13748 -0.155993 -0.163847 
13749 -0.152239 -0.0770814 
13750 -0.148953 0.00973795 
13751 -0.145466 0.0963095 
13752 -0.0834328 -0.16492 
13753 -0.0805696 -0.0791996 
13754 -0.0771858 0.0065286 
13755 -0.0736644 0.0921051 
13756 -0.0117392 -0.167605 
13757 -0.0089249 -0.0816139 
13758 -0.00534766 0.00404058 
13759 -0.00254954 0.089454 
13760 -0.304531 -0.159615 
13761 -0.300672 -0.0751415 
13762 -0.297087 0.00962067 
13763 -0.2927 0.0935747 
13764 -0.23336 -0.161802 
13765 -0.22917 -0.0778062 
13766 -0.225273 0.00658916 
13767 -0.221859 0.089948 
13768 -0.162265 -0.163506 
13769 -0.158615 -0.0799226 
13770 -0.155166 0.00362323 
13771 -0.150731 0.086025 
13772 -0.0923799 -0.166148 
13773 -0.0885575 -0.0824265 
13774 -0.0847227 0.000166071 
13775 -0.0818001 0.0826083 
13776 -0.022563 -0.16765 
13777 -0.01932 -0.0851846 
13778 -0.0164279 -0.00211681 
13779 -0.012416 0.0801455 
13780 -0.305514 -0.160886 
13781 -0.302157 -0.0790028 
13782 -0.297678 0.00309835 
13783 -0.293541 0.0842032 
13784 -0.235932 -0.162619 
13785 -0.232749 -0.0814723 
13786 -0.228107 0.000111609 
13787 -0.224954 0.08115 
13788 -0.168121 -0.164792 
13789 -0.163917 -0.0840303 
13790 -0.16061 -0.00324586 
13791 -0.156688 0.0780242 
13792 -0.100398 -0.166957 
13793 -0.0966803 -0.0855703 
13794 -0.0927806 -0.00622937 
13795 -0.0895282 0.0742205 
13796 -0.0330292 -0.168102 
13797 -0.0297712 -0.0882464 
13798 -0.0259381 -0.00864146 
13799 -0.023179 0.0705762 
13800 -0.306766 -0.161451 
13801 -0.302845 -0.0817726 
13802 -0.298904 -0.0028448 
13803 -0.295383 0.0763315 
13804 -0.239616 -0.16366 
13805 -0.236031 -0.0846795 
13806 -0.232285 -0.00624279 
13807 -0.227594 0.0726951 
13808 -0.173491 -0.165428 
13809 -0.169465 -0.0874304 
13810 -0.165419 -0.0089923 
13811 -0.161749 0.0695039 
13812 -0.108105 -0.167318 
13813 -0.103714 -0.0890295 
13814 -0.0999745 -0.0122218 
13815 -0.096962 0.0656356 
13816 -0.0427633 -0.16907 
13817 -0.0388991 -0.0913379 
13818 -0.0355033 -0.0144312 
13819 -0.0324377 0.0618789 
