13520 -0.333183 -0.216303 
13521 -0.333713 -0.016847 
13522 -0.33342 0.183546 
13523 -0.333592 0.383362 
13524 -0.166382 -0.216258 
13525 -0.166508 -0.0161676 
13526 -0.166734 0.183307 
13527 -0.166348 0.383357 
13528 -0.000353832 -0.216876 
13529 -0.000383515 -0.0171082 
13530 -0.000130473 0.183472 
13531 0.000291776 0.383142 
13532 0.166388 -0.216216 
13533 0.166611 -0.0171222 
13534 0.16705 0.183264 
13535 0.166713 0.383233 
13536 0.333569 -0.217086 
13537 0.332994 -0.0166793 
13538 0.33296 0.182868 
13539 0.332897 0.383333 
13540 -0.32558 -0.207986 
13541 -0.325421 -0.0223096 
13542 -0.324525 0.162507 
13543 -0.324269 0.347075 
13544 -0.171579 -0.207656 
13545 -0.171328 -0.0231884 
13546 -0.170788 0.162117 
13547 -0.170404 0.346225 
13548 -0.0175377 -0.208321 
13549 -0.0171978 -0.0231277 
13550 -0.0166371 0.160951 
13551 -0.0160646 0.3464 
13552 0.135903 -0.208872 
13553 0.136308 -0.0239426 
13554 0.137357 0.161085 
13555 0.137724 0.3453 
13556 0.290003 -0.209045 
13557 0.290098 -0.0241019 
13558 0.290872 0.16011 
13559 0.291726 0.344091 
13560 -0.32032 -0.200278 
13561 -0.319402 -0.0283956 
13562 -0.318345 0.144065 
13563 -0.317088 0.315292 
13564 -0.176552 -0.200809 
13565 -0.175959 -0.0295203 
13566 -0.174043 0.142496 
13567 -0.174026 0.314614 
13568 -0.0326125 -0.201851 
13569 -0.0326353 -0.0297121 
13570 -0.0315835 0.141413 
13571 -0.0301535 0.312889 
13572 0.109866 -0.202257 
13573 0.11085 -0.0306356 
13574 0.111216 0.140424 
13575 0.112421 0.312478 
13576 0.25204 -0.202281 
13577 0.253233 -0.0313786 
13578 0.253561 0.139306 
13579 0.254433 0.310409 
13580 -0.315248 -0.195317 
13581 -0.314444 -0.0336375 
13582 -0.312589 0.126678 
13583 -0.311486 0.287922 
13584 -0.180575 -0.19524 
13585 -0.180078 -0.0347966 
13586 -0.178608 0.125418 
13587 -0.177351 0.285668 
13588 -0.0471533 -0.195935 
13589 -0.0456265 -0.0363194 
13590 -0.0443612 0.124126 
13591 -0.0434403 0.284466 
13592 0.0860048 -0.197438 
13593 0.0881017 -0.036933 
13594 0.0891391 0.122657 
13595 0.0898578 0.282277 
13596 0.219066 -0.197669 
13597 0.220556 -0.0377738 
13598 0.221695 0.121746 
13599 0.222884 0.281094 
13600 -0.311674 -0.190337 
13601 -0.309537 -0.0389278 
13602 -0.308446 0.111737 
13603 -0.306492 0.262987 
13604 -0.185208 -0.191377 
13605 -0.183399 -0.0407984 
13606 -0.182344 0.110571 
13607 -0.180683 0.261073 
13608 -0.0593966 -0.192302 
13609 -0.0582374 -0.0416974 
13610 -0.0561985 0.108401 
13611 -0.0546649 0.258339 
13612 0.0660787 -0.193052 
13613 0.0675118 -0.042469 
13614 0.0682369 0.106635 
13615 0.0700062 0.256778 
13616 0.190456 -0.193758 
13617 0.19197 -0.044029 
13618 0.192635 0.104994 
13619 0.19408 0.254922 
13620 -0.308367 -0.187467 
13621 -0.306581 -0.04486 
13622 -0.304467 0.0981682 
13623 -0.30246 0.240187 
13624 -0.189812 -0.187555 
13625 -0.187633 -0.045475 
13626 -0.185483 0.0964629 
13627 -0.183347 0.238058 
13628 -0.0713159 -0.18931 
13629 -0.0694702 -0.0472327 
13630 -0.0668 0.0943497 
13631 -0.0653116 0.235346 
13632 0.0466295 -0.189529 
13633 0.0487837 -0.0488909 
13634 0.0506384 0.0927306 
13635 0.0518533 0.233526 
13636 0.163961 -0.191085 
13637 0.166101 -0.0495575 
13638 0.167074 0.0907834 
13639 0.168909 0.230558 
13640 -0.306788 -0.184681 
13641 -0.304051 -0.0495439 
13642 -0.301468 0.0849306 
13643 -0.299799 0.219608 
13644 -0.193817 -0.185535 
13645 -0.191768 -0.0511796 
13646 -0.188889 0.0833797 
13647 -0.187204 0.216735 
13648 -0.0809484 -0.186864 
13649 -0.0790607 -0.0523632 
13650 -0.0768095 0.0806549 
13651 -0.0754192 0.214358 
13652 0.0298747 -0.187891 
13653 0.0322165 -0.0545828 
13654 0.0343448 0.0788684 
13655 0.0361158 0.211792 
13656 0.140251 -0.188542 
13657 0.142309 -0.05578 
13658 0.144699 0.0767167 
13659 0.146281 0.209387 
13660 -0.304297 -0.182557 
13661 -0.301721 -0.0540549 
13662 -0.300044 0.0729868 
13663 -0.297112 0.200397 
13664 -0.197427 -0.183589 
13665 -0.194631 -0.055853 
13666 -0.192854 0.0713093 
13667 -0.190238 0.198034 
13668 -0.0908395 -0.185074 
13669 -0.0891207 -0.0580841 
13670 -0.0862466 0.0693802 
13671 -0.0845863 0.195678 
13672 0.0146151 -0.186127 
13673 0.016833 -0.0597194 
13674 0.0188848 0.0666957 
13675 0.0207173 0.192541 
13676 0.119732 -0.186589 
13677 0.121062 -0.0608736 
13678 0.123646 0.064758 
13679 0.125073 0.190474 
13680 -0.303095 -0.180995 
13681 -0.300883 -0.0595991 
13682 -0.297841 0.062204 
13683 -0.29562 0.183705 
13684 -0.200905 -0.182309 
13685 -0.199095 -0.0613933 
13686 -0.19628 0.0601141 
13687 -0.19385 0.180494 
13688 -0.0999072 -0.183516 
13689 -0.0978783 -0.0622531 
13690 -0.0953449 0.0574926 
13691 -0.0931279 0.177447 
13692 0.000688092 -0.184912 
13693 0.0026681 -0.0645672 
13694 0.00483416 0.0556684 
13695 0.00731706 0.174687 
13696 0.100337 -0.185787 
13697 0.102557 -0.0656594 
13698 0.103841 0.0532622 
13699 0.106421 0.171861 
13700 -0.302034 -0.179532 
13701 -0.299687 -0.0633025 
13702 -0.297154 0.0519402 
13703 -0.293826 0.166894 
13704 -0.204791 -0.181023 
13705 -0.202798 -0.0660256 
13706 -0.199841 0.0500001 
13707 -0.196484 0.164762 
13708 -0.108197 -0.182621 
13709 -0.106253 -0.0676439 
13710 -0.10302 0.0469204 
13711 -0.100879 0.161354 
13712 -0.0131692 -0.18375 
13713 -0.0108477 -0.068933 
13714 -0.00801728 0.0453534 
13715 -0.00530795 0.158692 
13716 0.0824565 -0.184607 
13717 0.0845702 -0.071249 
13718 0.0866955 0.0428903 
13719 0.0890127 0.156419 
13720 -0.301634 -0.179561 
13721 -0.299255 -0.0681401 
13722 -0.295449 0.0422998 
13723 -0.293118 0.152883 
13724 -0.208555 -0.180641 
13725 -0.205636 -0.0700819 
13726 -0.202505 0.0400892 
13727 -0.200393 0.149342 
13728 -0.116566 -0.181912 
13729 -0.114149 -0.0717392 
13730 -0.111066 0.0376989 
13731 -0.108354 0.146414 
13732 -0.0247158 -0.183245 
13733 -0.0227778 -0.074294 
13734 -0.0201756 0.0348542 
13735 -0.0176201 0.143935 
13736 0.0653854 -0.184995 
13737 0.0682903 -0.0761772 
13738 0.0704269 0.0323669 
13739 0.0733087 0.141092 
13740 -0.302118 -0.178275 
13741 -0.29884 -0.0727822 
13742 -0.295578 0.0328338 
13743 -0.292216 0.138897 
13744 -0.212332 -0.179683 
13745 -0.209526 -0.0750025 
13746 -0.206332 0.0307444 
13747 -0.203111 0.135323 
13748 -0.124516 -0.181277 
13749 -0.121269 -0.0763628 
13750 -0.118136 0.0278656 
13751 -0.115835 0.132868 
13752 -0.0363054 -0.182772 
13753 -0.0336956 -0.0785174 
13754 -0.0306405 0.0261897 
13755 -0.0287589 0.129697 
13756 0.0495881 -0.184715 
13757 0.0521658 -0.080544 
13758 0.0555256 0.023008 
13759 0.0582172 0.126303 
13760 -0.301459 -0.178814 
13761 -0.298291 -0.0767558 
13762 -0.295299 0.0242621 
13763 -0.29161 0.125399 
13764 -0.21561 -0.180015 
13765 -0.212468 -0.0787954 
13766 -0.20939 0.0225366 
13767 -0.20675 0.122373 
13768 -0.131023 -0.181219 
13769 -0.128077 -0.080632 
13770 -0.125547 0.0200882 
13771 -0.122321 0.119804 
13772 -0.0471944 -0.182956 
13773 -0.0444791 -0.083022 
13774 -0.0418515 0.0171095 
13775 -0.0390388 0.116875 
13776 0.0354277 -0.183919 
13777 0.0387314 -0.0842513 
13778 0.0407604 0.0143586 
13779 0.0432966 0.114048 
13780 -0.30233 -0.179249 
13781 -0.299084 -0.0814608 
13782 -0.294975 0.0162968 
13783 -0.292271 0.11327 
13784 -0.21989 -0.179851 
13785 -0.216268 -0.0833934 
13786 -0.213386 0.0138242 
13787 -0.209441 0.110405 
13788 -0.138164 -0.181792 
13789 -0.135316 -0.0849585 
13790 -0.132105 0.0118589 
13791 -0.128985 0.107404 
13792 -0.0569584 -0.183145 
13793 -0.054454 -0.0864384 
13794 -0.0521089 0.00863062 
13795 -0.0487616 0.104731 
13796 0.0227644 -0.184349 
13797 0.0255174 -0.0887113 
13798 0.0282835 0.00690992 
13799 0.0302112 0.101923 
13800 -0.302727 -0.179595 
13801 -0.298993 -0.085475 
13802 -0.295619 0.00849066 
13803 -0.292144 0.102325 
13804 -0.223425 -0.180258 
13805 -0.219929 -0.0869144 
13806 -0.216901 0.00579897 
13807 -0.212991 0.0995189 
13808 -0.144654 -0.181988 
13809 -0.141201 -0.0892005 
13810 -0.138296 0.00333719 
13811 -0.135139 0.0959642 
13812 -0.0669308 -0.183989 
13813 -0.0643907 -0.0911716 
13814 -0.0606702 0.00150797 
13815 -0.0577599 0.0929006 
13816 0.0101202 -0.185159 
13817 0.0121558 -0.0930248 
13818 0.0152919 -0.00105278 
13819 0.0185162 0.089753 
13820 -0.303125 -0.179323 
13821 -0.300004 -0.0888988 
13822 -0.296385 0.00190624 
13823 -0.292174 0.0911715 
13824 -0.226282 -0.181518 
13825 -0.223455 -0.090677 
13826 -0.219402 -0.000723011 
13827 -0.216525 0.0880145 
13828 -0.150819 -0.182396 
13829 -0.147915 -0.0931635 
13830 -0.144633 -0.00365656 
13831 -0.141791 0.0853266 
13832 -0.0757975 -0.183747 
13833 -0.0733678 -0.0948465 
13834 -0.069927 -0.00637506 
13835 -0.0673799 0.0821661 
13836 -0.00213056 -0.185944 
13837 0.00111453 -0.0967219 
13838 0.00311177 -0.00836036 
13839 0.00659891 0.0795109 
13840 -0.303632 -0.180139 
13841 -0.300454 -0.0930879 
13842 -0.296257 -0.00499254 
13843 -0.293251 0.0816008 
13844 -0.229863 -0.181757 
13845 -0.226439 -0.0949203 
13846 -0.222857 -0.00820744 
13847 -0.219683 0.0785629 
13848 -0.157236 -0.183637 
13849 -0.153918 -0.0961588 
13850 -0.150499 -0.0101727 
13851 -0.147513 0.0750705 
13852 -0.0850867 -0.184746 
13853 -0.0812229 -0.098884 
13854 -0.0785278 -0.0128485 
13855 -0.0751168 0.0728111 
13856 -0.0135738 -0.18556 
13857 -0.00996455 -0.100039 
13858 -0.00803559 -0.0156267 
13859 -0.0045082 0.0696442 
13860 -0.305176 -0.180712 
13861 -0.301106 -0.0963639 
13862 -0.297647 -0.0119964 
13863 -0.294083 0.0720059 
13864 -0.233752 -0.182155 
13865 -0.229866 -0.0981636 
13866 -0.226872 -0.0143372 
13867 -0.223451 0.0686619 
13868 -0.162652 -0.183913 
13869 -0.159221 -0.100669 
13870 -0.156607 -0.0167786 
13871 -0.153443 0.0656994 
13872 -0.0925713 -0.185081 
13873 -0.09014 -0.102133 
13874 -0.0868533 -0.0192122 
13875 -0.0839319 0.0632353 
13876 -0.0241802 -0.18618 
13877 -0.0207609 -0.104259 
13878 -0.0180374 -0.0219277 
13879 -0.0158174 0.059608 
13880 -0.306028 -0.18185 
13881 -0.301847 -0.0995973 
13882 -0.298131 -0.0188245 
13883 -0.294824 0.0627266 
13884 -0.236213 -0.183174 
13885 -0.233012 -0.101334 
13886 -0.230094 -0.0212956 
13887 -0.226085 0.0595268 
13888 -0.168078 -0.184984 
13889 -0.165239 -0.103476 
13890 -0.161352 -0.0230715 
13891 -0.158364 0.0568999 
13892 -0.100601 -0.185691 
13893 -0.0977355 -0.105991 
13894 -0.0951126 -0.0254832 
13895 -0.0920214 0.0541402 
13896 -0.0339957 -0.187494 
13897 -0.0313999 -0.107314 
13898 -0.0280283 -0.028462 
13899 -0.0256801 0.0514019 
13900 -0.306706 -0.182879 
13901 -0.302969 -0.102772 
13902 -0.299929 -0.0245431 
13903 -0.295961 0.054383 
13904 -0.239713 -0.184356 
13905 -0.236091 -0.1055 
13906 -0.233411 -0.0270407 
13907 -0.229751 0.0515515 
13908 -0.173614 -0.185629 
13909 -0.170904 -0.107109 
13910 -0.167699 -0.0293046 
13911 -0.163903 0.0480313 
13912 -0.108317 -0.187167 
13913 -0.1054 -0.108715 
13914 -0.102673 -0.0319483 
13915 -0.0987579 0.0457583 
13916 -0.0434781 -0.188009 
13917 -0.0405336 -0.111025 
13918 -0.0377053 -0.0336051 
13919 -0.0349751 0.0423795 
