13560 -0.33344 -0.21649 
13561 -0.333306 -0.0162222 
13562 -0.333747 0.183505 
13563 -0.333807 0.383396 
13564 -0.166202 -0.216698 
13565 -0.16664 -0.0165365 
13566 -0.166861 0.183675 
13567 -0.166565 0.383422 
13568 -0.000301657 -0.217031 
13569 2.56682e-05 -0.0169329 
13570 0.000263661 0.183058 
13571 -0.000412111 0.383762 
13572 0.16694 -0.216823 
13573 0.166875 -0.0171424 
13574 0.166886 0.183056 
13575 0.16669 0.383525 
13576 0.333701 -0.216254 
13577 0.333467 -0.0171013 
13578 0.333777 0.183351 
13579 0.333473 0.382974 
13580 -0.326065 -0.208714 
13581 -0.32525 -0.0234947 
13582 -0.325199 0.161152 
13583 -0.324813 0.346445 
13584 -0.172053 -0.208849 
13585 -0.171637 -0.0237684 
13586 -0.170363 0.160082 
13587 -0.170543 0.345698 
13588 -0.0181111 -0.209867 
13589 -0.0167414 -0.024218 
13590 -0.0162803 0.159817 
13591 -0.015737 0.344707 
13592 0.136308 -0.209178 
13593 0.137126 -0.0251929 
13594 0.137206 0.159016 
13595 0.137152 0.343678 
13596 0.29029 -0.2095 
13597 0.289822 -0.0249248 
13598 0.291026 0.158861 
13599 0.290848 0.342894 
13600 -0.319888 -0.203151 
13601 -0.319127 -0.0305321 
13602 -0.318563 0.141093 
13603 -0.316994 0.313026 
13604 -0.176595 -0.203031 
13605 -0.175162 -0.031634 
13606 -0.174929 0.140541 
13607 -0.173871 0.312168 
13608 -0.0332735 -0.203656 
13609 -0.0323037 -0.0322419 
13610 -0.0312465 0.139802 
13611 -0.0308056 0.311118 
13612 0.109635 -0.203843 
13613 0.110876 -0.0322807 
13614 0.11159 0.138617 
13615 0.11203 0.310078 
13616 0.252545 -0.204544 
13617 0.252975 -0.0332858 
13618 0.254162 0.137808 
13619 0.254441 0.308926 
13620 -0.315907 -0.198371 
13621 -0.31456 -0.0373966 
13622 -0.312393 0.123766 
13623 -0.310967 0.284364 
13624 -0.181312 -0.198279 
13625 -0.1797 -0.0375433 
13626 -0.178653 0.12247 
13627 -0.176957 0.282918 
13628 -0.0470466 -0.198879 
13629 -0.046306 -0.0385057 
13630 -0.0445199 0.12156 
13631 -0.043717 0.28138 
13632 0.0860229 -0.199684 
13633 0.0877449 -0.0399786 
13634 0.0889995 0.11989 
13635 0.089867 0.279869 
13636 0.219178 -0.200649 
13637 0.219879 -0.0406206 
13638 0.221414 0.118495 
13639 0.222383 0.277729 
13640 -0.311893 -0.194469 
13641 -0.310195 -0.0430294 
13642 -0.308153 0.107978 
13643 -0.306732 0.258364 
13644 -0.185557 -0.194908 
13645 -0.183412 -0.0442314 
13646 -0.182529 0.106151 
13647 -0.180167 0.256979 
13648 -0.0593015 -0.195683 
13649 -0.0582153 -0.0458555 
13650 -0.0568309 0.105051 
13651 -0.0548794 0.255057 
13652 0.0652182 -0.196487 
13653 0.0670568 -0.0463834 
13654 0.068744 0.103476 
13655 0.0693095 0.2532 
13656 0.189594 -0.197543 
13657 0.191355 -0.0472026 
13658 0.19308 0.101873 
13659 0.193756 0.250889 
13660 -0.309013 -0.191002 
13661 -0.307078 -0.0491985 
13662 -0.305099 0.0933777 
13663 -0.303064 0.23534 
13664 -0.189201 -0.192613 
13665 -0.187708 -0.0503591 
13666 -0.186197 0.0911455 
13667 -0.18437 0.233383 
13668 -0.0709629 -0.192794 
13669 -0.0690454 -0.0510625 
13670 -0.067341 0.0896829 
13671 -0.0654536 0.231392 
13672 0.0470338 -0.193514 
13673 0.0486428 -0.0526335 
13674 0.0503296 0.0876805 
13675 0.0521087 0.228703 
13676 0.163677 -0.194577 
13677 0.165726 -0.0541387 
13678 0.166544 0.0865916 
13679 0.168279 0.226637 
13680 -0.306439 -0.189027 
13681 -0.304234 -0.054209 
13682 -0.302027 0.0796692 
13683 -0.299851 0.214524 
13684 -0.193334 -0.190423 
13685 -0.191278 -0.0562583 
13686 -0.188938 0.0783996 
13687 -0.186917 0.211791 
13688 -0.0818817 -0.191385 
13689 -0.0793212 -0.0572416 
13690 -0.0778917 0.0758408 
13691 -0.0757588 0.209419 
13692 0.029911 -0.192226 
13693 0.0320109 -0.0588589 
13694 0.0337982 0.074748 
13695 0.0353122 0.207044 
13696 0.140296 -0.193264 
13697 0.142151 -0.0596345 
13698 0.143871 0.0725319 
13699 0.145515 0.204693 
13700 -0.305181 -0.187956 
13701 -0.302285 -0.0597926 
13702 -0.30014 0.0676517 
13703 -0.297748 0.195242 
13704 -0.197369 -0.189019 
13705 -0.194983 -0.0614624 
13706 -0.192653 0.0656251 
13707 -0.190977 0.192146 
13708 -0.0912396 -0.189615 
13709 -0.0888812 -0.0632412 
13710 -0.0863953 0.0634853 
13711 -0.0849172 0.190424 
13712 0.0138088 -0.191129 
13713 0.0159009 -0.0639478 
13714 0.0187741 0.0619484 
13715 0.0205013 0.187822 
13716 0.119241 -0.191552 
13717 0.121317 -0.0656432 
13718 0.122992 0.059997 
13719 0.124434 0.184955 
13720 -0.303246 -0.185999 
13721 -0.300574 -0.0650241 
13722 -0.29821 0.0564815 
13723 -0.2959 0.177598 
13724 -0.201623 -0.187399 
13725 -0.198833 -0.0660415 
13726 -0.196613 0.0542246 
13727 -0.193905 0.174262 
13728 -0.100376 -0.188733 
13729 -0.0983178 -0.0681953 
13730 -0.0955467 0.0524673 
13731 -0.0933666 0.172321 
13732 -2.05964e-05 -0.189576 
13733 0.0022782 -0.0693531 
13734 0.00486261 0.0499308 
13735 0.00649733 0.169629 
13736 0.0995652 -0.190624 
13737 0.101411 -0.0712357 
13738 0.10373 0.0479283 
13739 0.105275 0.167254 
13740 -0.302648 -0.185338 
13741 -0.300003 -0.0692385 
13742 -0.296656 0.0455093 
13743 -0.294465 0.160512 
13744 -0.20481 -0.186396 
13745 -0.202311 -0.0718911 
13746 -0.199993 0.0433125 
13747 -0.197386 0.157907 
13748 -0.108284 -0.187907 
13749 -0.106474 -0.0728392 
13750 -0.104186 0.0414329 
13751 -0.101254 0.155487 
13752 -0.0134233 -0.189647 
13753 -0.0103968 -0.0749537 
13754 -0.00812821 0.0389803 
13755 -0.00616242 0.15263 
13756 0.081282 -0.190246 
13757 0.0833426 -0.0769572 
13758 0.0856478 0.0369246 
13759 0.0885739 0.14984 
13760 -0.301597 -0.185281 
13761 -0.298742 -0.0746586 
13762 -0.295522 0.0363156 
13763 -0.293243 0.145563 
13764 -0.208864 -0.185966 
13765 -0.206488 -0.0763328 
13766 -0.203097 0.033328 
13767 -0.200717 0.143283 
13768 -0.116827 -0.187889 
13769 -0.114193 -0.0779582 
13770 -0.111169 0.0309615 
13771 -0.109177 0.139997 
13772 -0.0249767 -0.188744 
13773 -0.0225688 -0.0796487 
13774 -0.0202402 0.0291544 
13775 -0.0178032 0.137713 
13776 0.0650822 -0.190328 
13777 0.0677141 -0.0818312 
13778 0.0692126 0.0267145 
13779 0.0721503 0.134931 
13780 -0.301678 -0.185548 
13781 -0.298937 -0.0785582 
13782 -0.295403 0.0269347 
13783 -0.292548 0.132298 
13784 -0.212383 -0.186227 
13785 -0.209899 -0.0803903 
13786 -0.206263 0.0243406 
13787 -0.203909 0.128814 
13788 -0.124242 -0.187265 
13789 -0.121306 -0.0824534 
13790 -0.118499 0.0224411 
13791 -0.115575 0.126242 
13792 -0.0365155 -0.188413 
13793 -0.033872 -0.0844903 
13794 -0.0313639 0.0195919 
13795 -0.028697 0.123181 
13796 0.049884 -0.190219 
13797 0.0520658 -0.0857615 
13798 0.0549532 0.0178896 
13799 0.056957 0.120459 
13800 -0.301512 -0.185549 
13801 -0.298574 -0.0832037 
13802 -0.294858 0.0179942 
13803 -0.292486 0.118599 
13804 -0.21585 -0.186634 
13805 -0.213514 -0.0849334 
13806 -0.210203 0.0154551 
13807 -0.207338 0.115681 
13808 -0.130961 -0.187968 
13809 -0.128913 -0.0865928 
13810 -0.125926 0.013595 
13811 -0.12258 0.112771 
13812 -0.0474442 -0.188686 
13813 -0.0447199 -0.0890325 
13814 -0.0425358 0.0111206 
13815 -0.0395516 0.110579 
13816 0.0351829 -0.190576 
13817 0.0384061 -0.0904716 
13818 0.0406483 0.00831447 
13819 0.0430547 0.107272 
13820 -0.301618 -0.185287 
13821 -0.298513 -0.0871555 
13822 -0.295383 0.00975691 
13823 -0.292342 0.1067 
13824 -0.219661 -0.186232 
13825 -0.216837 -0.0890118 
13826 -0.213685 0.00762238 
13827 -0.20995 0.104113 
13828 -0.13842 -0.188087 
13829 -0.135041 -0.0914312 
13830 -0.132282 0.00493818 
13831 -0.129271 0.100486 
13832 -0.0573746 -0.189137 
13833 -0.0551258 -0.0927277 
13834 -0.0523782 0.00320656 
13835 -0.0491552 0.0985885 
13836 0.0224726 -0.190702 
13837 0.0243601 -0.0952514 
13838 0.0268369 0.000270495 
13839 0.0295105 0.0952403 
13840 -0.302601 -0.186177 
13841 -0.299429 -0.0915449 
13842 -0.295955 0.00167732 
13843 -0.292681 0.0947748 
13844 -0.223386 -0.187187 
13845 -0.220337 -0.0932702 
13846 -0.216452 -0.000771676 
13847 -0.21403 0.0925954 
13848 -0.145101 -0.187922 
13849 -0.141795 -0.0951352 
13850 -0.13845 -0.00286326 
13851 -0.135718 0.0894002 
13852 -0.0670038 -0.189252 
13853 -0.0642952 -0.0975341 
13854 -0.0616976 -0.00510595 
13855 -0.0591831 0.0867586 
13856 0.00945595 -0.191205 
13857 0.012497 -0.0990168 
13858 0.0146745 -0.00717128 
13859 0.0168744 0.0835793 
13860 -0.30316 -0.186831 
13861 -0.299713 -0.0953138 
13862 -0.296529 -0.00509695 
13863 -0.293277 0.0842977 
13864 -0.226762 -0.188033 
13865 -0.222983 -0.097718 
13866 -0.220218 -0.00773038 
13867 -0.216872 0.0814156 
13868 -0.150934 -0.189004 
13869 -0.147523 -0.0992454 
13870 -0.144804 -0.00988006 
13871 -0.142489 0.0786813 
13872 -0.0762689 -0.190152 
13873 -0.0731625 -0.101263 
13874 -0.0701882 -0.0127608 
13875 -0.0679531 0.0755196 
13876 -0.00240177 -0.191496 
13877 -0.000135564 -0.103147 
13878 0.00279588 -0.0146369 
13879 0.0051138 0.0734323 
13880 -0.304175 -0.187247 
13881 -0.300075 -0.0993943 
13882 -0.296811 -0.0127931 
13883 -0.293565 0.0746474 
13884 -0.230036 -0.188234 
13885 -0.226985 -0.101604 
13886 -0.223219 -0.0149426 
13887 -0.220025 0.071244 
13888 -0.157231 -0.189078 
13889 -0.153915 -0.103174 
13890 -0.150565 -0.0173238 
13891 -0.148149 0.0690733 
13892 -0.085219 -0.190361 
13893 -0.0819081 -0.104245 
13894 -0.0793926 -0.0191046 
13895 -0.0759556 0.0658167 
13896 -0.0133213 -0.192012 
13897 -0.0103999 -0.1063 
13898 -0.00874465 -0.0213914 
13899 -0.00596675 0.0633884 
13900 -0.304238 -0.187519 
13901 -0.301229 -0.103133 
13902 -0.297607 -0.0187209 
13903 -0.294228 0.064938 
13904 -0.232813 -0.188856 
13905 -0.229854 -0.104521 
13906 -0.227132 -0.0214982 
13907 -0.22338 0.0617567 
13908 -0.162272 -0.189741 
13909 -0.159635 -0.106321 
13910 -0.156164 -0.0235287 
13911 -0.153664 0.0593144 
13912 -0.0928473 -0.191199 
13913 -0.090595 -0.108666 
13914 -0.0874703 -0.025822 
13915 -0.0844555 0.0565307 
13916 -0.0239276 -0.192066 
13917 -0.0214227 -0.110089 
13918 -0.019083 -0.0278521 
13919 -0.0158272 0.0538517 
13920 -0.30616 -0.188533 
13921 -0.302247 -0.106798 
13922 -0.298704 -0.025143 
13923 -0.29549 0.0554145 
13924 -0.236683 -0.1892 
13925 -0.233739 -0.108241 
13926 -0.229644 -0.0276216 
13927 -0.226967 0.0532785 
13928 -0.168496 -0.190677 
13929 -0.16521 -0.109826 
13930 -0.161986 -0.0296897 
13931 -0.159681 0.0503048 
13932 -0.100517 -0.191805 
13933 -0.0985048 -0.111426 
13934 -0.0951026 -0.0318023 
13935 -0.092809 0.0473659 
13936 -0.0340748 -0.1929 
13937 -0.0317631 -0.113295 
13938 -0.0287202 -0.0338767 
13939 -0.0265766 0.0452556 
13940 -0.307026 -0.189014 
13941 -0.303538 -0.110161 
13942 -0.29978 -0.0316024 
13943 -0.296144 0.0470343 
13944 -0.239765 -0.190411 
13945 -0.236596 -0.111569 
13946 -0.23338 -0.0335796 
13947 -0.230153 0.0443617 
13948 -0.173814 -0.191385 
13949 -0.170967 -0.112888 
13950 -0.168015 -0.0352139 
13951 -0.164258 0.0422348 
13952 -0.108748 -0.192228 
13953 -0.105701 -0.115126 
13954 -0.102796 -0.037052 
13955 -0.100095 0.038828 
13956 -0.0433974 -0.19344 
13957 -0.0407528 -0.116135 
13958 -0.0383722 -0.0393793 
13959 -0.0361576 0.037271 
