13680 -0.333245 -0.216265 
13681 -0.332865 -0.0171225 
13682 -0.333546 0.183582 
13683 -0.333078 0.383276 
13684 -0.166672 -0.216523 
13685 -0.166884 -0.0171283 
13686 -0.167079 0.18293 
13687 -0.166874 0.383431 
13688 -0.00032524 -0.217024 
13689 -0.00019417 -0.0168035 
13690 0.000173615 0.183811 
13691 -0.000348799 0.383032 
13692 0.166501 -0.216264 
13693 0.166321 -0.0161861 
13694 0.166438 0.183295 
13695 0.166287 0.382947 
13696 0.332894 -0.21666 
13697 0.332995 -0.0169184 
13698 0.332872 0.182985 
13699 0.333407 0.383741 
13700 -0.326311 -0.211974 
13701 -0.325483 -0.0271336 
13702 -0.324764 0.157805 
13703 -0.32499 0.34263 
13704 -0.17168 -0.212344 
13705 -0.170971 -0.0268631 
13706 -0.170608 0.157499 
13707 -0.170158 0.342468 
13708 -0.0179839 -0.211944 
13709 -0.0174642 -0.0273052 
13710 -0.0170419 0.157438 
13711 -0.0163416 0.341977 
13712 0.135917 -0.212187 
13713 0.135919 -0.0280982 
13714 0.136532 0.156653 
13715 0.137071 0.340434 
13716 0.289189 -0.212627 
13717 0.28995 -0.0282015 
13718 0.289652 0.156103 
13719 0.290841 0.340091 
13720 -0.320618 -0.208479 
13721 -0.319276 -0.0361535 
13722 -0.318573 0.135961 
13723 -0.317 0.306932 
13724 -0.176214 -0.208727 
13725 -0.175516 -0.0369825 
13726 -0.17515 0.135329 
13727 -0.173891 0.306478 
13728 -0.0332802 -0.209037 
13729 -0.0325399 -0.0370311 
13730 -0.0317232 0.134384 
13731 -0.0307014 0.305639 
13732 0.109249 -0.208641 
13733 0.110234 -0.0380766 
13734 0.11036 0.13314 
13735 0.111603 0.303735 
13736 0.251154 -0.209312 
13737 0.251778 -0.0382604 
13738 0.252827 0.132371 
13739 0.253183 0.302705 
13740 -0.315795 -0.205524 
13741 -0.313908 -0.0441841 
13742 -0.313287 0.116072 
13743 -0.311652 0.276633 
13744 -0.180673 -0.205756 
13745 -0.179859 -0.0448835 
13746 -0.178772 0.114618 
13747 -0.177371 0.274462 
13748 -0.0475983 -0.206198 
13749 -0.0459968 -0.0458878 
13750 -0.0455107 0.11359 
13751 -0.0443553 0.273735 
13752 0.0854763 -0.206256 
13753 0.0865058 -0.047026 
13754 0.0881368 0.113251 
13755 0.0889795 0.271581 
13756 0.2184 -0.207009 
13757 0.218871 -0.0478522 
13758 0.220252 0.112202 
13759 0.220703 0.270459 
13760 -0.311355 -0.203213 
13761 -0.309741 -0.0519574 
13762 -0.308592 0.0987721 
13763 -0.307093 0.248817 
13764 -0.185908 -0.203416 
13765 -0.184013 -0.0530606 
13766 -0.182207 0.0974993 
13767 -0.181125 0.246478 
13768 -0.0601114 -0.20443 
13769 -0.058661 -0.054154 
13770 -0.057282 0.0955256 
13771 -0.0561034 0.245041 
13772 0.0645418 -0.205076 
13773 0.065771 -0.0545957 
13774 0.0674748 0.0948384 
13775 0.0683986 0.243391 
13776 0.189061 -0.204731 
13777 0.190044 -0.0560062 
13778 0.190742 0.0936686 
13779 0.19225 0.242372 
13780 -0.308981 -0.201479 
13781 -0.306793 -0.0594076 
13782 -0.304788 0.082757 
13783 -0.303046 0.224012 
13784 -0.189114 -0.201815 
13785 -0.187691 -0.0600904 
13786 -0.186761 0.0810737 
13787 -0.184872 0.221816 
13788 -0.0715511 -0.202892 
13789 -0.0693889 -0.0610508 
13790 -0.0685122 0.0795117 
13791 -0.0665859 0.22039 
13792 0.0464224 -0.203081 
13793 0.047568 -0.062745 
13794 0.0491887 0.0782845 
13795 0.0504234 0.218464 
13796 0.163121 -0.203908 
13797 0.163917 -0.0637664 
13798 0.165246 0.0763223 
13799 0.166307 0.216188 
13800 -0.306358 -0.200556 
13801 -0.303813 -0.0658728 
13802 -0.302222 0.0680693 
13803 -0.300396 0.202105 
13804 -0.1933 -0.201191 
13805 -0.192222 -0.0667998 
13806 -0.190357 0.0665941 
13807 -0.188485 0.199612 
13808 -0.0813106 -0.201734 
13809 -0.0802639 -0.0676666 
13810 -0.0781428 0.065212 
13811 -0.0763921 0.19733 
13812 0.029543 -0.202024 
13813 0.0306803 -0.0689024 
13814 0.0321746 0.0635978 
13815 0.0335946 0.195328 
13816 0.139431 -0.202546 
13817 0.140488 -0.070294 
13818 0.141869 0.0618774 
13819 0.143755 0.193761 
13820 -0.304115 -0.199692 
13821 -0.302615 -0.0721965 
13822 -0.29998 0.0546631 
13823 -0.297869 0.180937 
13824 -0.1975 -0.200828 
13825 -0.195443 -0.0737099 
13826 -0.193419 0.0533697 
13827 -0.191424 0.179715 
13828 -0.0917621 -0.201145 
13829 -0.0901332 -0.0747462 
13830 -0.088369 0.0514822 
13831 -0.0859488 0.17695 
13832 0.0140637 -0.201259 
13833 0.0156341 -0.0753583 
13834 0.0167352 0.0495321 
13835 0.0186757 0.17482 
13836 0.118383 -0.202763 
13837 0.119399 -0.0765198 
13838 0.121283 0.0484872 
13839 0.12271 0.172833 
13840 -0.302732 -0.199402 
13841 -0.300579 -0.0784795 
13842 -0.298034 0.0426206 
13843 -0.295589 0.16322 
13844 -0.200843 -0.199516 
13845 -0.199637 -0.0789926 
13846 -0.197537 0.0406348 
13847 -0.195147 0.160924 
13848 -0.100141 -0.200778 
13849 -0.0983439 -0.080779 
13850 -0.0969479 0.0391363 
13851 -0.0949016 0.158843 
13852 -0.000435097 -0.201586 
13853 0.00171119 -0.0814903 
13854 0.00333706 0.037717 
13855 0.00464511 0.156734 
13856 0.0991455 -0.201694 
13857 0.100544 -0.0826082 
13858 0.102238 0.0356497 
13859 0.103356 0.154257 
13860 -0.302242 -0.199505 
13861 -0.299236 -0.0834226 
13862 -0.297119 0.0317902 
13863 -0.295144 0.146106 
13864 -0.205386 -0.199389 
13865 -0.202636 -0.0851029 
13866 -0.200063 0.0303124 
13867 -0.19783 0.143491 
13868 -0.109158 -0.200617 
13869 -0.107167 -0.0857097 
13870 -0.104844 0.0281905 
13871 -0.102836 0.141515 
13872 -0.0133346 -0.201348 
13873 -0.0113711 -0.0868454 
13874 -0.00954176 0.0269463 
13875 -0.00837076 0.139941 
13876 0.0810066 -0.202158 
13877 0.082024 -0.0879411 
13878 0.0844421 0.0245048 
13879 0.0856683 0.137353 
13880 -0.301756 -0.198542 
13881 -0.298892 -0.0889093 
13882 -0.296492 0.0208728 
13883 -0.293393 0.130739 
13884 -0.208405 -0.199306 
13885 -0.206348 -0.0899342 
13886 -0.204252 0.0200501 
13887 -0.201746 0.128259 
13888 -0.116478 -0.200627 
13889 -0.114341 -0.091003 
13890 -0.112104 0.0174752 
13891 -0.110171 0.126074 
13892 -0.0254144 -0.200801 
13893 -0.0239603 -0.0919353 
13894 -0.0219093 0.0158071 
13895 -0.0200175 0.124425 
13896 0.0645739 -0.201688 
13897 0.0663469 -0.0930051 
13898 0.0676332 0.014143 
13899 0.0691137 0.122129 
13900 -0.300498 -0.198661 
13901 -0.29878 -0.0934337 
13902 -0.29559 0.0114618 
13903 -0.292757 0.116532 
13904 -0.21216 -0.199862 
13905 -0.210196 -0.0943288 
13906 -0.207854 0.00994999 
13907 -0.205322 0.114231 
13908 -0.124665 -0.200129 
13909 -0.121674 -0.0957063 
13910 -0.119575 0.00840909 
13911 -0.118117 0.112119 
13912 -0.0367921 -0.200897 
13913 -0.0348479 -0.0966445 
13914 -0.0335421 0.00719144 
13915 -0.0309086 0.109892 
13916 0.0487308 -0.201977 
13917 0.0508767 -0.0985821 
13918 0.0530083 0.0045983 
13919 0.0537209 0.107247 
13920 -0.300508 -0.199605 
13921 -0.298188 -0.0977983 
13922 -0.295428 0.00304962 
13923 -0.293248 0.102692 
13924 -0.2159 -0.200278 
13925 -0.212994 -0.0989105 
13926 -0.211001 0.000854818 
13927 -0.208184 0.100704 
13928 -0.131295 -0.201079 
13929 -0.128685 -0.100304 
13930 -0.126615 -0.000426173 
13931 -0.124912 0.0987944 
13932 -0.0479127 -0.200851 
13933 -0.0461561 -0.101694 
13934 -0.0441959 -0.00169037 
13935 -0.0420199 0.096968 
13936 0.0351638 -0.201673 
13937 0.0367647 -0.102469 
13938 0.0384749 -0.00358226 
13939 0.0402967 0.0944518 
13940 -0.300573 -0.200161 
13941 -0.298124 -0.101941 
13942 -0.295464 -0.00540201 
13943 -0.292517 0.0912933 
13944 -0.21911 -0.200034 
13945 -0.216874 -0.102971 
13946 -0.214136 -0.00698983 
13947 -0.211698 0.0883374 
13948 -0.138146 -0.200729 
13949 -0.135951 -0.104266 
13950 -0.133765 -0.00824233 
13951 -0.131362 0.0864696 
13952 -0.0582031 -0.201755 
13953 -0.0561421 -0.10584 
13954 -0.0538982 -0.0101937 
13955 -0.0517387 0.084949 
13956 0.0214835 -0.201811 
13957 0.0232722 -0.107002 
13958 0.0249511 -0.0121438 
13959 0.0263581 0.0824324 
13960 -0.301473 -0.200017 
13961 -0.298622 -0.106599 
13962 -0.296001 -0.0130271 
13963 -0.293561 0.0793067 
13964 -0.221988 -0.200363 
13965 -0.21977 -0.107082 
13966 -0.2177 -0.0146146 
13967 -0.214638 0.0769668 
13968 -0.144369 -0.201662 
13969 -0.142314 -0.108895 
13970 -0.139682 -0.0161762 
13971 -0.137834 0.0754654 
13972 -0.066739 -0.201378 
13973 -0.0648157 -0.109108 
13974 -0.0632242 -0.0176782 
13975 -0.0608504 0.0737201 
13976 0.00908913 -0.202677 
13977 0.0104309 -0.110799 
13978 0.0126368 -0.0197719 
13979 0.0148859 0.0707536 
13980 -0.302257 -0.20012 
13981 -0.299306 -0.110411 
13982 -0.296569 -0.020522 
13983 -0.29392 0.0691888 
13984 -0.225452 -0.201359 
13985 -0.223333 -0.111399 
13986 -0.220601 -0.0216346 
13987 -0.218012 0.0671089 
13988 -0.150657 -0.20124 
13989 -0.148558 -0.112345 
13990 -0.145657 -0.0230401 
13991 -0.144154 0.0649857 
13992 -0.0759819 -0.201886 
13993 -0.0737761 -0.113165 
13994 -0.0720276 -0.0247535 
13995 -0.0701901 0.0632423 
13996 -0.00242181 -0.202632 
13997 -0.00111254 -0.114369 
13998 0.00128503 -0.0266265 
13999 0.00218545 0.0608048 
14000 -0.302353 -0.200509 
14001 -0.299462 -0.113446 
14002 -0.297629 -0.0265752 
14003 -0.294153 0.0593902 
14004 -0.229511 -0.201749 
14005 -0.227104 -0.115085 
14006 -0.223781 -0.0286866 
14007 -0.222077 0.0568505 
14008 -0.156614 -0.201942 
14009 -0.154432 -0.115494 
14010 -0.15182 -0.0301501 
14011 -0.149463 0.0547788 
14012 -0.0842717 -0.202089 
14013 -0.0823597 -0.116155 
14014 -0.0810966 -0.0318539 
14015 -0.0786058 0.0533208 
14016 -0.0132124 -0.202453 
14017 -0.0121025 -0.117969 
14018 -0.010608 -0.0333272 
14019 -0.00850398 0.0510745 
14020 -0.303099 -0.201732 
14021 -0.300878 -0.116772 
14022 -0.298033 -0.0335471 
14023 -0.295739 0.0501337 
14024 -0.232722 -0.201234 
14025 -0.22992 -0.117792 
14026 -0.227812 -0.0352443 
14027 -0.224949 0.0480506 
14028 -0.162315 -0.202023 
14029 -0.160398 -0.118929 
14030 -0.157944 -0.0358355 
14031 -0.155879 0.0458545 
14032 -0.093013 -0.2029 
14033 -0.0906766 -0.120247 
14034 -0.0885052 -0.037496 
14035 -0.0871214 0.0441315 
14036 -0.0246832 -0.202576 
14037 -0.0224463 -0.12038 
14038 -0.0210221 -0.0393243 
14039 -0.0192366 0.0419715 
14040 -0.304214 -0.201511 
14041 -0.301601 -0.120601 
14042 -0.298976 -0.0387693 
14043 -0.29674 0.0407971 
14044 -0.235905 -0.202175 
14045 -0.233045 -0.121402 
14046 -0.230975 -0.0401135 
14047 -0.22862 0.0392035 
14048 -0.167528 -0.201944 
14049 -0.165288 -0.121768 
14050 -0.163822 -0.0420356 
14051 -0.160953 0.0378447 
14052 -0.100775 -0.202602 
14053 -0.0983389 -0.122638 
14054 -0.09658 -0.0427703 
14055 -0.0948361 0.0351685 
14056 -0.0338739 -0.202965 
14057 -0.0329063 -0.123127 
14058 -0.0309056 -0.0447935 
14059 -0.0287905 0.034284 
14060 -0.305951 -0.201613 
14061 -0.303 -0.123255 
14062 -0.300512 -0.0446207 
14063 -0.297885 0.0329332 
14064 -0.238949 -0.201941 
14065 -0.236702 -0.12419 
14066 -0.234478 -0.0464892 
14067 -0.231752 0.031556 
14068 -0.172816 -0.20282 
14069 -0.170396 -0.124667 
14070 -0.168508 -0.0477477 
14071 -0.167066 0.0295915 
14072 -0.107598 -0.202868 
14073 -0.105691 -0.125119 
14074 -0.104478 -0.048514 
14075 -0.102603 0.0277778 
14076 -0.0440196 -0.203563 
14077 -0.0418308 -0.126638 
14078 -0.0401655 -0.0495232 
14079 -0.0388274 0.0263404 
