13760 -0.333625 -0.216971 
13761 -0.333601 -0.0171287 
13762 -0.333501 0.183386 
13763 -0.332867 0.383135 
13764 -0.166196 -0.21638 
13765 -0.166726 -0.0166958 
13766 -0.166563 0.182952 
13767 -0.166368 0.383398 
13768 0.000117036 -0.216943 
13769 -0.000194433 -0.0165548 
13770 -0.000281233 0.182983 
13771 -0.000137285 0.383157 
13772 0.167016 -0.217068 
13773 0.166184 -0.0166529 
13774 0.167159 0.183798 
13775 0.166192 0.383696 
13776 0.333784 -0.216643 
13777 0.333045 -0.0164944 
13778 0.332909 0.183728 
13779 0.333492 0.382877 
13780 -0.325952 -0.212859 
13781 -0.32582 -0.0278974 
13782 -0.325043 0.156056 
13783 -0.324489 0.340836 
13784 -0.171886 -0.213554 
13785 -0.171392 -0.0286315 
13786 -0.171031 0.156292 
13787 -0.170292 0.340793 
13788 -0.0177586 -0.212959 
13789 -0.0177514 -0.0287383 
13790 -0.0169763 0.155275 
13791 -0.0170315 0.339816 
13792 0.13601 -0.212972 
13793 0.135898 -0.0294579 
13794 0.136314 0.155143 
13795 0.136572 0.339476 
13796 0.288901 -0.213134 
13797 0.289386 -0.029273 
13798 0.290021 0.154473 
13799 0.28949 0.339054 
13800 -0.319673 -0.210843 
13801 -0.318703 -0.03839 
13802 -0.318276 0.133006 
13803 -0.317452 0.304854 
13804 -0.176216 -0.210701 
13805 -0.175333 -0.0389923 
13806 -0.175252 0.132632 
13807 -0.174545 0.303529 
13808 -0.0335504 -0.211216 
13809 -0.0325713 -0.0389516 
13810 -0.0318286 0.131815 
13811 -0.0319401 0.302856 
13812 0.109223 -0.210873 
13813 0.109794 -0.0397976 
13814 0.110361 0.131015 
13815 0.11024 0.301656 
13816 0.251755 -0.210972 
13817 0.251765 -0.0404052 
13818 0.251796 0.13062 
13819 0.252681 0.300674 
13820 -0.315119 -0.208605 
13821 -0.31371 -0.0475481 
13822 -0.312426 0.1126 
13823 -0.311341 0.272568 
13824 -0.18146 -0.208891 
13825 -0.180214 -0.0487445 
13826 -0.179403 0.111851 
13827 -0.17757 0.27064 
13828 -0.047663 -0.20844 
13829 -0.0468549 -0.0490213 
13830 -0.0456188 0.110617 
13831 -0.044833 0.269635 
13832 0.0859015 -0.209092 
13833 0.0865446 -0.0491758 
13834 0.0873689 0.109245 
13835 0.0872889 0.268427 
13836 0.218481 -0.209614 
13837 0.218319 -0.0498719 
13838 0.218813 0.108392 
13839 0.220065 0.26779 
13840 -0.31119 -0.207023 
13841 -0.309402 -0.0564199 
13842 -0.308159 0.0939573 
13843 -0.307061 0.244488 
13844 -0.185165 -0.207608 
13845 -0.184151 -0.0567888 
13846 -0.183113 0.0935082 
13847 -0.181887 0.242166 
13848 -0.05988 -0.207125 
13849 -0.0593193 -0.0576608 
13850 -0.0580376 0.0917375 
13851 -0.0571341 0.240971 
13852 0.0649066 -0.207458 
13853 0.0652551 -0.0577443 
13854 0.0667558 0.0913715 
13855 0.0675816 0.240082 
13856 0.188936 -0.207552 
13857 0.189243 -0.0585151 
13858 0.190286 0.0899963 
13859 0.191247 0.237937 
13860 -0.308155 -0.206166 
13861 -0.306331 -0.0640924 
13862 -0.304735 0.0772527 
13863 -0.303078 0.218512 
13864 -0.189152 -0.205706 
13865 -0.188157 -0.0647013 
13866 -0.186814 0.0760947 
13867 -0.185389 0.216928 
13868 -0.0714305 -0.20651 
13869 -0.0696654 -0.0652834 
13870 -0.0684602 0.0758132 
13871 -0.0675733 0.215844 
13872 0.0461848 -0.206443 
13873 0.046587 -0.0660321 
13874 0.0476146 0.0740947 
13875 0.0493783 0.214019 
13876 0.162477 -0.20736 
13877 0.163906 -0.0668727 
13878 0.164097 0.0727015 
13879 0.164881 0.212106 
13880 -0.305714 -0.205352 
13881 -0.304166 -0.0704329 
13882 -0.302213 0.0630641 
13883 -0.30064 0.195916 
13884 -0.192997 -0.205008 
13885 -0.191338 -0.0711386 
13886 -0.190465 0.0617031 
13887 -0.188718 0.194547 
13888 -0.0818197 -0.205913 
13889 -0.0804795 -0.0726299 
13890 -0.0793408 0.0608276 
13891 -0.0773367 0.192774 
13892 0.0286287 -0.206112 
13893 0.0304452 -0.0729005 
13894 0.031149 0.0593859 
13895 0.0328332 0.190904 
13896 0.139387 -0.206643 
13897 0.140214 -0.0736385 
13898 0.140714 0.0577158 
13899 0.141665 0.189042 
13900 -0.303371 -0.204951 
13901 -0.301499 -0.0771772 
13902 -0.300279 0.0491998 
13903 -0.298611 0.175656 
13904 -0.197244 -0.205323 
13905 -0.195024 -0.0780853 
13906 -0.194345 0.0477269 
13907 -0.192388 0.174125 
13908 -0.0911516 -0.205438 
13909 -0.08946 -0.0792327 
13910 -0.0887095 0.0470027 
13911 -0.0868181 0.171667 
13912 0.0135307 -0.20579 
13913 0.0145779 -0.0793038 
13914 0.0161451 0.0454467 
13915 0.0175152 0.170585 
13916 0.117654 -0.205405 
13917 0.11871 -0.0803518 
13918 0.119929 0.0441385 
13919 0.121232 0.169059 
13920 -0.301924 -0.20405 
13921 -0.300228 -0.0832844 
13922 -0.298475 0.0375457 
13923 -0.296835 0.15658 
13924 -0.200731 -0.204284 
13925 -0.199019 -0.0845039 
13926 -0.197275 0.0356927 
13927 -0.196137 0.155144 
13928 -0.100287 -0.204971 
13929 -0.099005 -0.0843924 
13930 -0.0968118 0.0345401 
13931 -0.0955595 0.153938 
13932 -0.000153898 -0.204615 
13933 0.00108554 -0.0854 
13934 0.00168213 0.0333796 
13935 0.00294459 0.151615 
13936 0.0988539 -0.205381 
13937 0.0997986 -0.0862636 
13938 0.100709 0.0324393 
13939 0.101963 0.150044 
13940 -0.300994 -0.204408 
13941 -0.298848 -0.0892223 
13942 -0.297332 0.0259644 
13943 -0.295086 0.140119 
13944 -0.204261 -0.204241 
13945 -0.202427 -0.0898399 
13946 -0.200426 0.0244383 
13947 -0.198944 0.1384 
13948 -0.108709 -0.2043 
13949 -0.107014 -0.0902695 
13950 -0.105448 0.0235093 
13951 -0.103762 0.13698 
13952 -0.0133435 -0.205187 
13953 -0.011925 -0.0908053 
13954 -0.0112313 0.0219355 
13955 -0.00975385 0.135031 
13956 0.0805668 -0.205595 
13957 0.0817906 -0.0923101 
13958 0.0826313 0.0207258 
13959 0.0840782 0.133608 
13960 -0.300255 -0.204445 
13961 -0.298101 -0.0936093 
13962 -0.296274 0.015542 
13963 -0.29413 0.125068 
13964 -0.208381 -0.204195 
13965 -0.205915 -0.0941357 
13966 -0.204595 0.014825 
13967 -0.202092 0.123222 
13968 -0.116653 -0.204339 
13969 -0.114818 -0.0948646 
13970 -0.113396 0.0129802 
13971 -0.111247 0.121603 
13972 -0.0255615 -0.204938 
13973 -0.0243913 -0.0962937 
13974 -0.0227495 0.0117688 
13975 -0.0220541 0.119838 
13976 0.0646447 -0.204727 
13977 0.0652688 -0.0965234 
13978 0.0660131 0.0103463 
13979 0.0669913 0.117459 
13980 -0.299693 -0.20404 
13981 -0.297567 -0.0987677 
13982 -0.295536 0.0057965 
13983 -0.29388 0.110443 
13984 -0.2115 -0.203818 
13985 -0.209611 -0.0990682 
13986 -0.207843 0.00476042 
13987 -0.206135 0.108844 
13988 -0.123918 -0.20467 
13989 -0.121888 -0.0996563 
13990 -0.120441 0.00395261 
13991 -0.119477 0.107247 
13992 -0.037514 -0.204188 
13993 -0.0356686 -0.100408 
13994 -0.0346691 0.00285782 
13995 -0.0333381 0.105195 
13996 0.0486378 -0.204686 
13997 0.0501827 -0.101515 
13998 0.0509728 0.00188809 
13999 0.05236 0.103322 
14000 -0.299923 -0.203773 
14001 -0.297754 -0.102737 
14002 -0.295462 -0.0025595 
14003 -0.293103 0.0978814 
14004 -0.215134 -0.203994 
14005 -0.212815 -0.103861 
14006 -0.211181 -0.00394353 
14007 -0.209128 0.0956516 
14008 -0.130908 -0.204457 
14009 -0.129051 -0.104068 
14010 -0.128109 -0.00431619 
14011 -0.125691 0.0939121 
14012 -0.0477984 -0.204798 
14013 -0.0458738 -0.10503 
14014 -0.0447992 -0.00569919 
14015 -0.0434402 0.0920998 
14016 0.034428 -0.205138 
14017 0.035866 -0.105904 
14018 0.0372133 -0.00710257 
14019 0.0380863 0.0904385 
14020 -0.299603 -0.204602 
14021 -0.297576 -0.106505 
14022 -0.295367 -0.0109011 
14023 -0.293565 0.0857239 
14024 -0.218614 -0.204007 
14025 -0.216592 -0.107686 
14026 -0.214125 -0.0115421 
14027 -0.212728 0.0841629 
14028 -0.138052 -0.204465 
14029 -0.136031 -0.108717 
14030 -0.134448 -0.0129107 
14031 -0.132934 0.0823644 
14032 -0.0576606 -0.204337 
14033 -0.0558232 -0.109142 
14034 -0.0551061 -0.0134642 
14035 -0.0530922 0.0809216 
14036 0.0211775 -0.204741 
14037 0.0228203 -0.109908 
14038 0.024093 -0.0149736 
14039 0.0251731 0.0791771 
14040 -0.299908 -0.20413 
14041 -0.298068 -0.110492 
14042 -0.296179 -0.0183947 
14043 -0.293873 0.073903 
14044 -0.221895 -0.204541 
14045 -0.220141 -0.11089 
14046 -0.218295 -0.0186888 
14047 -0.216039 0.072606 
14048 -0.143924 -0.204471 
14049 -0.14273 -0.11145 
14050 -0.140957 -0.0202079 
14051 -0.139502 0.0708826 
14052 -0.0668156 -0.204765 
14053 -0.065316 -0.112812 
14054 -0.0645985 -0.0210287 
14055 -0.063003 0.0701238 
14056 0.0095248 -0.203901 
14057 0.0104958 -0.113069 
14058 0.0111683 -0.0221934 
14059 0.0121517 0.068087 
14060 -0.300429 -0.204407 
14061 -0.298263 -0.114214 
14062 -0.296703 -0.0247189 
14063 -0.29402 0.0639566 
14064 -0.224654 -0.203802 
14065 -0.223471 -0.114269 
14066 -0.221071 -0.0258499 
14067 -0.219538 0.0627369 
14068 -0.150148 -0.20463 
14069 -0.148772 -0.114828 
14070 -0.147113 -0.0272387 
14071 -0.145342 0.0613767 
14072 -0.0759519 -0.204476 
14073 -0.0745245 -0.115752 
14074 -0.0728351 -0.0276111 
14075 -0.0724121 0.0591474 
14076 -0.00307603 -0.204679 
14077 -0.0018093 -0.115899 
14078 -0.000822326 -0.0289173 
14079 0.000920067 0.0579461 
14080 -0.301946 -0.204367 
14081 -0.299256 -0.117241 
14082 -0.297316 -0.0311308 
14083 -0.295549 0.054531 
14084 -0.22861 -0.203969 
14085 -0.226862 -0.118016 
14086 -0.224447 -0.0321142 
14087 -0.222457 0.0528244 
14088 -0.155819 -0.20368 
14089 -0.154515 -0.118568 
14090 -0.152489 -0.0328806 
14091 -0.151482 0.0517868 
14092 -0.0842195 -0.204074 
14093 -0.0830924 -0.118574 
14094 -0.0819836 -0.0340591 
14095 -0.0808649 0.0506457 
14096 -0.0139729 -0.204322 
14097 -0.013149 -0.119513 
14098 -0.011651 -0.0348224 
14099 -0.0107683 0.0486558 
14100 -0.302718 -0.204484 
14101 -0.300016 -0.12041 
14102 -0.297987 -0.0375631 
14103 -0.295679 0.0458133 
14104 -0.232007 -0.204538 
14105 -0.230228 -0.121155 
14106 -0.227618 -0.0374325 
14107 -0.226301 0.0442779 
14108 -0.161265 -0.204105 
14109 -0.160408 -0.121578 
14110 -0.158347 -0.0385396 
14111 -0.15752 0.0434492 
14112 -0.0929064 -0.203484 
14113 -0.0912349 -0.12096 
14114 -0.0897555 -0.0397947 
14115 -0.0889869 0.0414476 
14116 -0.0242382 -0.203626 
14117 -0.0235836 -0.121474 
14118 -0.0221871 -0.0400096 
14119 -0.0209465 0.0401398 
14120 -0.303092 -0.203911 
14121 -0.301347 -0.12291 
14122 -0.299552 -0.0430532 
14123 -0.29732 0.0373841 
14124 -0.234969 -0.20429 
14125 -0.232788 -0.123231 
14126 -0.231243 -0.0436399 
14127 -0.22956 0.0363837 
14128 -0.167061 -0.203836 
14129 -0.165516 -0.123572 
14130 -0.164357 -0.0444221 
14131 -0.162164 0.0351166 
14132 -0.100354 -0.203105 
14133 -0.0992859 -0.124086 
14134 -0.0976765 -0.0448428 
14135 -0.0965376 0.0337574 
14136 -0.0339247 -0.202891 
14137 -0.0336925 -0.124505 
14138 -0.0327289 -0.045689 
14139 -0.0313633 0.0327648 
14140 -0.303787 -0.203809 
14141 -0.302017 -0.125558 
14142 -0.300287 -0.0479873 
14143 -0.298314 0.0296807 
14144 -0.237413 -0.203542 
14145 -0.236164 -0.12534 
14146 -0.234069 -0.0486519 
14147 -0.233006 0.0282936 
14148 -0.172709 -0.20393 
14149 -0.171424 -0.126166 
14150 -0.169139 -0.0484864 
14151 -0.167773 0.0276807 
14152 -0.107631 -0.203263 
14153 -0.10662 -0.126507 
14154 -0.105536 -0.050051 
14155 -0.104455 0.0267138 
14156 -0.0432356 -0.202762 
14157 -0.0423854 -0.125986 
14158 -0.0416332 -0.0499442 
14159 -0.0410513 0.0249062 
