14120 -0.333412 -0.216257 
14121 -0.333335 -0.0168278 
14122 -0.333445 0.18303 
14123 -0.333816 0.383772 
14124 -0.167068 -0.216631 
14125 -0.167074 -0.0168133 
14126 -0.166285 0.183467 
14127 -0.16691 0.383095 
14128 0.000369769 -0.216176 
14129 -0.000237764 -0.0167144 
14130 1.89997e-06 0.183437 
14131 -0.000476257 0.383486 
14132 0.167059 -0.217045 
14133 0.167156 -0.016718 
14134 0.166705 0.183099 
14135 0.166622 0.383046 
14136 0.333193 -0.216424 
14137 0.333268 -0.016811 
14138 0.333308 0.18374 
14139 0.333703 0.383712 
14140 -0.325243 -0.212189 
14141 -0.324867 -0.0269184 
14142 -0.325128 0.156515 
14143 -0.325208 0.340934 
14144 -0.171493 -0.211321 
14145 -0.17198 -0.0268837 
14146 -0.171394 0.156535 
14147 -0.171186 0.341092 
14148 -0.0179043 -0.211611 
14149 -0.0183281 -0.0273851 
14150 -0.0180123 0.157007 
14151 -0.0184107 0.340028 
14152 0.135578 -0.21122 
14153 0.135536 -0.0270573 
14154 0.135321 0.156638 
14155 0.135186 0.340075 
14156 0.287824 -0.210989 
14157 0.288357 -0.0270152 
14158 0.28817 0.15657 
14159 0.287233 0.34055 
14160 -0.318454 -0.207073 
14161 -0.319082 -0.036317 
14162 -0.318851 0.134332 
14163 -0.318475 0.305088 
14164 -0.176084 -0.207341 
14165 -0.176455 -0.0363156 
14166 -0.176482 0.133927 
14167 -0.176151 0.304409 
14168 -0.0335915 -0.20674 
14169 -0.0335599 -0.0354206 
14170 -0.034244 0.134799 
14171 -0.0347549 0.304245 
14172 0.10787 -0.206061 
14173 0.107763 -0.0354654 
14174 0.10751 0.134028 
14175 0.106813 0.304207 
14176 0.249249 -0.205425 
14177 0.249102 -0.0353602 
14178 0.248793 0.134021 
14179 0.248279 0.303478 
14180 -0.313964 -0.203827 
14181 -0.313779 -0.0439282 
14182 -0.313234 0.115132 
14183 -0.313608 0.273448 
14184 -0.180397 -0.202889 
14185 -0.180744 -0.0438698 
14186 -0.180367 0.115386 
14187 -0.181108 0.273723 
14188 -0.0483315 -0.201809 
14189 -0.0482649 -0.0430185 
14190 -0.0488631 0.115161 
14191 -0.04832 0.273156 
14192 0.0842886 -0.201456 
14193 0.0837572 -0.0428753 
14194 0.0834151 0.115271 
14195 0.0832619 0.272964 
14196 0.21616 -0.200187 
14197 0.215022 -0.0427638 
14198 0.215032 0.115731 
14199 0.21401 0.272961 
14200 -0.309284 -0.199255 
14201 -0.309498 -0.0506451 
14202 -0.309906 0.0983145 
14203 -0.309343 0.247131 
14204 -0.184776 -0.199 
14205 -0.185098 -0.049359 
14206 -0.184524 0.0987228 
14207 -0.185126 0.246769 
14208 -0.0607645 -0.197609 
14209 -0.0609983 -0.0489873 
14210 -0.0614988 0.0991725 
14211 -0.0617046 0.246019 
14212 0.0632836 -0.197338 
14213 0.0629073 -0.0486136 
14214 0.0616902 0.0991683 
14215 0.0618893 0.24583 
14216 0.186157 -0.196107 
14217 0.185871 -0.048204 
14218 0.184786 0.0992693 
14219 0.184279 0.245701 
14220 -0.30649 -0.196164 
14221 -0.305926 -0.0560086 
14222 -0.306619 0.0845894 
14223 -0.306679 0.223531 
14224 -0.188734 -0.195688 
14225 -0.189314 -0.0548039 
14226 -0.189402 0.0840724 
14227 -0.18936 0.223651 
14228 -0.0722652 -0.194626 
14229 -0.0722469 -0.0544414 
14230 -0.0728752 0.0844781 
14231 -0.0727271 0.223527 
14232 0.0446935 -0.192899 
14233 0.0433105 -0.054133 
14234 0.0428443 0.0846855 
14235 0.0420526 0.222545 
14236 0.159578 -0.191812 
14237 0.159317 -0.0537187 
14238 0.158028 0.0846144 
14239 0.157182 0.222635 
14240 -0.30334 -0.19344 
14241 -0.303907 -0.0602104 
14242 -0.303891 0.071827 
14243 -0.30329 0.202984 
14244 -0.192795 -0.192155 
14245 -0.192625 -0.0595221 
14246 -0.192812 0.0724436 
14247 -0.193506 0.203005 
14248 -0.0819887 -0.190472 
14249 -0.0830106 -0.0586418 
14250 -0.0828388 0.072743 
14251 -0.0840825 0.202987 
14252 0.0272454 -0.189049 
14253 0.0261699 -0.0580019 
14254 0.0261946 0.0728098 
14255 0.0253417 0.202796 
14256 0.135846 -0.187758 
14257 0.134754 -0.0571041 
14258 0.134116 0.072659 
14259 0.133536 0.202275 
14260 -0.3011 -0.189778 
14261 -0.301559 -0.0640379 
14262 -0.30196 0.0610026 
14263 -0.301734 0.184611 
14264 -0.196021 -0.188263 
14265 -0.19702 -0.0638654 
14266 -0.196619 0.0610896 
14267 -0.19701 0.185154 
14268 -0.0920318 -0.187252 
14269 -0.0928454 -0.0627597 
14270 -0.0934699 0.0617612 
14271 -0.0941068 0.184781 
14272 0.0122888 -0.185566 
14273 0.0112577 -0.0614598 
14274 0.0098941 0.0620607 
14275 0.00968833 0.184596 
14276 0.115015 -0.184509 
14277 0.113343 -0.061223 
14278 0.112213 0.0626012 
14279 0.111278 0.184725 
14280 -0.299851 -0.187185 
14281 -0.299518 -0.0673421 
14282 -0.300487 0.0505523 
14283 -0.300516 0.169096 
14284 -0.199361 -0.185559 
14285 -0.19979 -0.0662045 
14286 -0.201252 0.0511039 
14287 -0.200809 0.16886 
14288 -0.100487 -0.183379 
14289 -0.101488 -0.0651378 
14290 -0.102253 0.0520167 
14291 -0.102581 0.16884 
14292 -0.00186559 -0.182057 
14293 -0.00305987 -0.0649754 
14294 -0.00442347 0.0530512 
14295 -0.00529997 0.168852 
14296 0.0952803 -0.181097 
14297 0.0936923 -0.0635203 
14298 0.0933406 0.0533103 
14299 0.0921265 0.168863 
14300 -0.298078 -0.184242 
14301 -0.298481 -0.0700754 
14302 -0.299036 0.0421502 
14303 -0.299963 0.155302 
14304 -0.203402 -0.182575 
14305 -0.20422 -0.0695703 
14306 -0.204874 0.0434377 
14307 -0.20463 0.154524 
14308 -0.109349 -0.180508 
14309 -0.109474 -0.0684565 
14310 -0.110887 0.0433711 
14311 -0.11108 0.155424 
14312 -0.0150095 -0.179107 
14313 -0.016837 -0.0673407 
14314 -0.017614 0.0442113 
14315 -0.0184742 0.154911 
14316 0.0774246 -0.177427 
14317 0.0761323 -0.0658576 
14318 0.075326 0.0446789 
14319 0.0736307 0.155125 
14320 -0.297503 -0.180791 
14321 -0.298336 -0.0724054 
14322 -0.299093 0.0346933 
14323 -0.298967 0.141757 
14324 -0.206316 -0.178927 
14325 -0.207536 -0.0711452 
14326 -0.208388 0.0353173 
14327 -0.208822 0.142064 
14328 -0.116262 -0.177776 
14329 -0.117826 -0.0706038 
14330 -0.118872 0.0364481 
14331 -0.119489 0.14247 
14332 -0.027702 -0.175624 
14333 -0.0281674 -0.0683971 
14334 -0.0292626 0.0370891 
14335 -0.03063 0.142975 
14336 0.0608575 -0.174146 
14337 0.0597093 -0.0673817 
14338 0.0585604 0.0377154 
14339 0.0570597 0.143373 
14340 -0.297133 -0.177638 
14341 -0.297479 -0.0740876 
14342 -0.298268 0.0283338 
14343 -0.298918 0.130523 
14344 -0.210279 -0.176173 
14345 -0.211338 -0.0734706 
14346 -0.211437 0.0293962 
14347 -0.212257 0.131245 
14348 -0.123795 -0.174669 
14349 -0.125163 -0.0721808 
14350 -0.125872 0.0303454 
14351 -0.126886 0.131408 
14352 -0.0388454 -0.172819 
14353 -0.0396481 -0.0704692 
14354 -0.0407864 0.0315016 
14355 -0.042412 0.131707 
14356 0.045497 -0.170675 
14357 0.0445453 -0.0687404 
14358 0.0429219 0.0321257 
14359 0.0414502 0.132136 
14360 -0.296967 -0.175139 
14361 -0.297531 -0.0764517 
14362 -0.298372 0.0225525 
14363 -0.298706 0.120478 
14364 -0.213823 -0.173046 
14365 -0.214368 -0.074549 
14366 -0.21519 0.0237873 
14367 -0.21582 0.120955 
14368 -0.131157 -0.171123 
14369 -0.132316 -0.0727398 
14370 -0.132905 0.024775 
14371 -0.134027 0.121226 
14372 -0.0494106 -0.169356 
14373 -0.0506352 -0.0718219 
14374 -0.0521131 0.0259137 
14375 -0.0529596 0.122615 
14376 0.0316436 -0.166735 
14377 0.0302865 -0.0699388 
14378 0.0287448 0.026592 
14379 0.0270674 0.123211 
14380 -0.297222 -0.17238 
14381 -0.298138 -0.077301 
14382 -0.298403 0.0173165 
14383 -0.298866 0.111614 
14384 -0.216816 -0.170435 
14385 -0.217962 -0.0750154 
14386 -0.218878 0.0189252 
14387 -0.220293 0.111926 
14388 -0.137922 -0.167989 
14389 -0.138845 -0.0737759 
14390 -0.140449 0.0195379 
14391 -0.141578 0.112999 
14392 -0.0592276 -0.165717 
14393 -0.0609001 -0.0726863 
14394 -0.0621165 0.02051 
14395 -0.0632826 0.113221 
14396 0.018439 -0.163601 
14397 0.0167618 -0.0710257 
14398 0.0155702 0.0221282 
14399 0.0134919 0.113937 
14400 -0.297503 -0.16907 
14401 -0.298199 -0.0779448 
14402 -0.298665 0.0128485 
14403 -0.299943 0.103306 
14404 -0.219973 -0.167451 
14405 -0.22165 -0.0762323 
14406 -0.222134 0.0146925 
14407 -0.223324 0.104611 
14408 -0.144033 -0.165205 
14409 -0.145393 -0.074474 
14410 -0.146069 0.0160379 
14411 -0.148096 0.105248 
14412 -0.0678862 -0.162813 
14413 -0.0696603 -0.0725524 
14414 -0.0719643 0.0169451 
14415 -0.0729397 0.105802 
14416 0.00618587 -0.160059 
14417 0.00454552 -0.071024 
14418 0.00228172 0.0180457 
14419 0.00122145 0.106579 
14420 -0.29748 -0.166191 
14421 -0.298842 -0.0787594 
14422 -0.299683 0.00925518 
14423 -0.301102 0.0964278 
14424 -0.222854 -0.164214 
14425 -0.224016 -0.076304 
14426 -0.225739 0.0100685 
14427 -0.226947 0.0971847 
14428 -0.149757 -0.16142 
14429 -0.150787 -0.0746799 
14430 -0.153133 0.0114727 
14431 -0.154681 0.0976046 
14432 -0.0766757 -0.159573 
14433 -0.0793511 -0.0727786 
14434 -0.0802216 0.0130902 
14435 -0.0826927 0.0985982 
14436 -0.00543554 -0.157534 
14437 -0.00683126 -0.0712558 
14438 -0.00960242 0.0144175 
14439 -0.0105557 0.0997734 
14440 -0.297949 -0.163328 
14441 -0.299261 -0.0786268 
14442 -0.300902 0.005986 
14443 -0.301165 0.0894329 
14444 -0.2266 -0.161022 
14445 -0.227912 -0.0762916 
14446 -0.22911 0.00762064 
14447 -0.230355 0.0908522 
14448 -0.155966 -0.15811 
14449 -0.157314 -0.0745888 
14450 -0.158898 0.00863319 
14451 -0.160592 0.0914315 
14452 -0.0856603 -0.156075 
14453 -0.0870885 -0.0727635 
14454 -0.0887091 0.00988658 
14455 -0.0910472 0.0930292 
14456 -0.0167861 -0.153404 
14457 -0.0182317 -0.0709338 
14458 -0.0200133 0.0111919 
14459 -0.0227457 0.0933083 
14460 -0.299162 -0.160821 
14461 -0.299967 -0.0781982 
14462 -0.301162 0.00304346 
14463 -0.303083 0.0841036 
14464 -0.229519 -0.158045 
14465 -0.230941 -0.0765914 
14466 -0.232256 0.00472217 
14467 -0.233965 0.0850937 
14468 -0.160889 -0.155335 
14469 -0.163205 -0.0746444 
14470 -0.16473 0.00567305 
14471 -0.166362 0.0863684 
14472 -0.0931537 -0.153087 
14473 -0.0958727 -0.0727586 
14474 -0.0968649 0.00746895 
14475 -0.0989419 0.0873225 
14476 -0.0271464 -0.150111 
14477 -0.0286746 -0.0707511 
14478 -0.0313337 0.00908079 
14479 -0.0325515 0.0880914 
14480 -0.299559 -0.157118 
14481 -0.300892 -0.0783284 
14482 -0.30299 0.000313524 
14483 -0.303561 0.078454 
14484 -0.232405 -0.155183 
14485 -0.234046 -0.0765749 
14486 -0.236384 0.00187958 
14487 -0.237869 0.0794826 
14488 -0.166644 -0.152459 
14489 -0.168099 -0.0739101 
14490 -0.170456 0.00369846 
14491 -0.17244 0.0812232 
14492 -0.101021 -0.149243 
14493 -0.103233 -0.0715246 
14494 -0.10564 0.00512716 
14495 -0.107209 0.0822081 
14496 -0.0369179 -0.146603 
14497 -0.0387114 -0.0696073 
14498 -0.0414266 0.00747444 
14499 -0.0431367 0.0829369 
14500 -0.300524 -0.154495 
14501 -0.302117 -0.0782473 
14502 -0.303488 -0.00202348 
14503 -0.305527 0.0739233 
14504 -0.236286 -0.151953 
14505 -0.237914 -0.0758314 
14506 -0.239607 0.000508878 
14507 -0.240749 0.0748832 
14508 -0.171985 -0.148592 
14509 -0.174054 -0.0733595 
14510 -0.175313 0.00184484 
14511 -0.177938 0.0767776 
14512 -0.108262 -0.146652 
14513 -0.110418 -0.0706535 
14514 -0.112819 0.00332634 
14515 -0.114948 0.0777268 
14516 -0.0456628 -0.14311 
14517 -0.0481089 -0.0693351 
14518 -0.0510197 0.0049211 
14519 -0.0523769 0.0791182 
