1420 -0.332925 -0.216682 
1421 -0.333712 -0.0169593 
1422 -0.333507 0.183103 
1423 -0.333215 0.383708 
1424 -0.166825 -0.216576 
1425 -0.166923 -0.0169689 
1426 -0.16637 0.183264 
1427 -0.166277 0.383784 
1428 -0.000184829 -0.216749 
1429 0.000205891 -0.0163913 
1430 -0.000354037 0.183332 
1431 -0.00030564 0.383197 
1432 0.166752 -0.216244 
1433 0.166978 -0.0168481 
1434 0.166233 0.18286 
1435 0.167123 0.382889 
1436 0.333112 -0.216928 
1437 0.333586 -0.0162305 
1438 0.332956 0.183408 
1439 0.333422 0.383271 
1440 -0.325061 -0.205837 
1441 -0.325032 -0.0198558 
1442 -0.324661 0.165118 
1443 -0.324204 0.349762 
1444 -0.170926 -0.204813 
1445 -0.170774 -0.0197143 
1446 -0.170965 0.164336 
1447 -0.169953 0.348966 
1448 -0.016529 -0.204785 
1449 -0.0168708 -0.0202347 
1450 -0.0165771 0.164512 
1451 -0.0165568 0.348835 
1452 0.137454 -0.204599 
1453 0.137637 -0.0200005 
1454 0.137521 0.163979 
1455 0.137231 0.34871 
1456 0.290643 -0.204775 
1457 0.290882 -0.0207353 
1458 0.290496 0.164221 
1459 0.290959 0.348227 
1460 -0.31908 -0.196365 
1461 -0.318193 -0.0238847 
1462 -0.318034 0.148236 
1463 -0.317363 0.32016 
1464 -0.17476 -0.195542 
1465 -0.174372 -0.0233932 
1466 -0.174522 0.148047 
1467 -0.174172 0.320113 
1468 -0.0311497 -0.195922 
1469 -0.0316069 -0.0241517 
1470 -0.031378 0.147738 
1471 -0.0307849 0.318722 
1472 0.111804 -0.195457 
1473 0.111729 -0.0236086 
1474 0.111309 0.147692 
1475 0.111319 0.318622 
1476 0.254066 -0.19522 
1477 0.254589 -0.0238415 
1478 0.254351 0.147172 
1479 0.254111 0.318032 
1480 -0.313846 -0.18839 
1481 -0.312457 -0.0276806 
1482 -0.312016 0.133698 
1483 -0.311638 0.293798 
1484 -0.178368 -0.187816 
1485 -0.177974 -0.0273045 
1486 -0.178092 0.13302 
1487 -0.177501 0.294004 
1488 -0.0442298 -0.187844 
1489 -0.0439328 -0.0269087 
1490 -0.0440273 0.133165 
1491 -0.0439454 0.29328 
1492 0.0888346 -0.187696 
1493 0.0893272 -0.0269016 
1494 0.0896669 0.132881 
1495 0.0897255 0.292236 
1496 0.222654 -0.18783 
1497 0.221807 -0.0275186 
1498 0.2222 0.132417 
1499 0.221612 0.291034 
1500 -0.308871 -0.182518 
1501 -0.308019 -0.0311544 
1502 -0.30796 0.120626 
1503 -0.307373 0.270872 
1504 -0.182112 -0.182265 
1505 -0.181719 -0.031179 
1506 -0.181527 0.11997 
1507 -0.181337 0.270175 
1508 -0.0565688 -0.181669 
1509 -0.0561299 -0.0310786 
1510 -0.0563543 0.119152 
1511 -0.0558689 0.268944 
1512 0.0694824 -0.180874 
1513 0.0690845 -0.0309329 
1514 0.069148 0.119289 
1515 0.0687433 0.268089 
1516 0.193773 -0.180599 
1517 0.193824 -0.0313106 
1518 0.193137 0.118864 
1519 0.193268 0.268273 
1520 -0.30564 -0.177396 
1521 -0.305351 -0.0347071 
1522 -0.303968 0.107667 
1523 -0.303531 0.249452 
1524 -0.186354 -0.176904 
1525 -0.186007 -0.0344182 
1526 -0.184959 0.108164 
1527 -0.185019 0.248982 
1528 -0.0668681 -0.176184 
1529 -0.0670623 -0.034603 
1530 -0.066725 0.107027 
1531 -0.0669822 0.248751 
1532 0.0509334 -0.175585 
1533 0.0514657 -0.0339068 
1534 0.0511458 0.107369 
1535 0.0505483 0.247656 
1536 0.169064 -0.17523 
1537 0.168103 -0.0344484 
1538 0.167831 0.106574 
1539 0.168032 0.246581 
1540 -0.30262 -0.173079 
1541 -0.301685 -0.038002 
1542 -0.301812 0.0972131 
1543 -0.301162 0.230683 
1544 -0.18968 -0.172929 
1545 -0.188649 -0.0377915 
1546 -0.188295 0.0967991 
1547 -0.188738 0.230292 
1548 -0.0768959 -0.172143 
1549 -0.0770589 -0.0381628 
1550 -0.0763412 0.0959355 
1551 -0.0763292 0.228713 
1552 0.0342752 -0.171385 
1553 0.0349529 -0.037525 
1554 0.0346725 0.0955196 
1555 0.0343466 0.228641 
1556 0.145527 -0.170716 
1557 0.145587 -0.0380384 
1558 0.145026 0.0953801 
1559 0.144848 0.227708 
1560 -0.300803 -0.169852 
1561 -0.299729 -0.0416885 
1562 -0.298789 0.0859244 
1563 -0.298494 0.213572 
1564 -0.193291 -0.16922 
1565 -0.192541 -0.0413116 
1566 -0.19224 0.0860801 
1567 -0.191944 0.212538 
1568 -0.0863215 -0.168264 
1569 -0.0857489 -0.0413262 
1570 -0.085593 0.0856064 
1571 -0.0852877 0.211433 
1572 0.0193077 -0.167819 
1573 0.0199631 -0.0405156 
1574 0.0192722 0.0848811 
1575 0.0193557 0.210873 
1576 0.124973 -0.167283 
1577 0.12456 -0.0409662 
1578 0.123865 0.0853401 
1579 0.123985 0.209895 
1580 -0.29847 -0.167034 
1581 -0.29777 -0.0447702 
1582 -0.297319 0.0763622 
1583 -0.296676 0.197806 
1584 -0.196511 -0.165994 
1585 -0.195737 -0.0448953 
1586 -0.195416 0.0762131 
1587 -0.195179 0.196107 
1588 -0.0942773 -0.165036 
1589 -0.094713 -0.0447199 
1590 -0.0945048 0.0757064 
1591 -0.0944935 0.195607 
1592 0.00599427 -0.165211 
1593 0.00605078 -0.0443869 
1594 0.00522085 0.0758689 
1595 0.00524828 0.194981 
1596 0.106116 -0.163864 
1597 0.105282 -0.0436084 
1598 0.105454 0.0757824 
1599 0.104981 0.194009 
1600 -0.297652 -0.164468 
1601 -0.29661 -0.048468 
1602 -0.296341 0.0677159 
1603 -0.295375 0.182793 
1604 -0.199865 -0.163905 
1605 -0.1992 -0.0483687 
1606 -0.199121 0.0667022 
1607 -0.198623 0.181761 
1608 -0.102291 -0.163069 
1609 -0.10302 -0.0477527 
1610 -0.102498 0.0666042 
1611 -0.102855 0.181469 
1612 -0.00643215 -0.162725 
1613 -0.00690489 -0.0478068 
1614 -0.00683152 0.0666321 
1615 -0.00723381 0.180446 
1616 0.0885875 -0.161539 
1617 0.0880679 -0.0474447 
1618 0.087499 0.0665375 
1619 0.0867109 0.180035 
1620 -0.296127 -0.16296 
1621 -0.296101 -0.0517755 
1622 -0.295458 0.0585628 
1623 -0.294408 0.1684 
1624 -0.202812 -0.162386 
1625 -0.202775 -0.0515812 
1626 -0.201937 0.0590439 
1627 -0.202184 0.16768 
1628 -0.110517 -0.160992 
1629 -0.10991 -0.0511489 
1630 -0.110803 0.0587375 
1631 -0.10989 0.167946 
1632 -0.0188248 -0.160477 
1633 -0.0191969 -0.0505548 
1634 -0.0186423 0.0581854 
1635 -0.0189731 0.167069 
1636 0.0725694 -0.159813 
1637 0.0715695 -0.0506076 
1638 0.0714337 0.0581551 
1639 0.0706995 0.166314 
1640 -0.295777 -0.161859 
1641 -0.295389 -0.0548948 
1642 -0.29468 0.0507578 
1643 -0.294472 0.156315 
1644 -0.205982 -0.160764 
1645 -0.206266 -0.0546662 
1646 -0.205412 0.0507894 
1647 -0.205958 0.155331 
1648 -0.117674 -0.15932 
1649 -0.117544 -0.0540749 
1650 -0.117091 0.0501973 
1651 -0.117512 0.154937 
1652 -0.0291371 -0.158971 
1653 -0.0299589 -0.0534183 
1654 -0.0306323 0.050158 
1655 -0.0307254 0.154719 
1656 0.0569844 -0.157389 
1657 0.0571042 -0.0529824 
1658 0.0564765 0.0501269 
1659 0.0551391 0.153737 
1660 -0.295216 -0.160259 
1661 -0.294672 -0.0586403 
1662 -0.294798 0.0428356 
1663 -0.293721 0.144099 
1664 -0.208947 -0.160046 
1665 -0.208852 -0.0575613 
1666 -0.208588 0.0427369 
1667 -0.208467 0.143901 
1668 -0.123813 -0.158148 
1669 -0.124016 -0.0576317 
1670 -0.124337 0.0429553 
1671 -0.124398 0.143362 
1672 -0.0401637 -0.157262 
1673 -0.0404567 -0.0567811 
1674 -0.0407885 0.0432806 
1675 -0.0412404 0.142583 
1676 0.0431785 -0.155808 
1677 0.0427316 -0.0561323 
1678 0.0422942 0.0435964 
1679 0.0418214 0.142296 
1680 -0.295682 -0.160472 
1681 -0.294715 -0.0621959 
1682 -0.2948 0.0360383 
1683 -0.294439 0.132945 
1684 -0.212988 -0.158426 
1685 -0.212212 -0.0615263 
1686 -0.212051 0.0360065 
1687 -0.212641 0.132301 
1688 -0.130485 -0.157408 
1689 -0.130838 -0.0606836 
1690 -0.131301 0.0359649 
1691 -0.131622 0.132367 
1692 -0.0494477 -0.156489 
1693 -0.0506301 -0.0600137 
1694 -0.0512291 0.0365794 
1695 -0.0510741 0.131672 
1696 0.0304948 -0.155593 
1697 0.0294126 -0.0587214 
1698 0.0291146 0.0361186 
1699 0.0284707 0.130933 
1700 -0.294899 -0.159072 
1701 -0.295123 -0.0651036 
1702 -0.295147 0.0286267 
1703 -0.294733 0.122404 
1704 -0.215156 -0.157776 
1705 -0.215855 -0.0638149 
1706 -0.215846 0.0289285 
1707 -0.215612 0.122292 
1708 -0.136797 -0.157016 
1709 -0.137408 -0.0631433 
1710 -0.137558 0.0298423 
1711 -0.137985 0.121465 
1712 -0.0589769 -0.155346 
1713 -0.0593349 -0.063088 
1714 -0.0605946 0.0297738 
1715 -0.0609908 0.121197 
1716 0.0182004 -0.154297 
1717 0.0173886 -0.0621092 
1718 0.0162893 0.030238 
1719 0.0159365 0.120881 
1720 -0.295868 -0.159577 
1721 -0.29574 -0.0683696 
1722 -0.295456 0.0220232 
1723 -0.295277 0.112237 
1724 -0.21895 -0.157422 
1725 -0.218433 -0.0674156 
1726 -0.219499 0.0229714 
1727 -0.21932 0.111807 
1728 -0.143144 -0.156263 
1729 -0.143052 -0.0666858 
1730 -0.144038 0.0228183 
1731 -0.144442 0.111678 
1732 -0.0677683 -0.154482 
1733 -0.0684723 -0.0651763 
1734 -0.0694519 0.023741 
1735 -0.0696873 0.112155 
1736 0.00675018 -0.153401 
1737 0.00594916 -0.0647195 
1738 0.00474505 0.0237308 
1739 0.00356802 0.111904 
1740 -0.295728 -0.158849 
1741 -0.295688 -0.0711383 
1742 -0.295793 0.0164804 
1743 -0.295853 0.103082 
1744 -0.221824 -0.157503 
1745 -0.222578 -0.070293 
1746 -0.22253 0.0161826 
1747 -0.222888 0.103153 
1748 -0.148372 -0.155576 
1749 -0.14859 -0.0695174 
1750 -0.149395 0.0175887 
1751 -0.149851 0.102612 
1752 -0.0759718 -0.154183 
1753 -0.0770078 -0.068466 
1754 -0.0773038 0.0179138 
1755 -0.0787238 0.102458 
1756 -0.00491135 -0.152898 
1757 -0.00591352 -0.0670753 
1758 -0.00645078 0.0182689 
1759 -0.00714409 0.102503 
1760 -0.297127 -0.159093 
1761 -0.296324 -0.0745621 
1762 -0.297257 0.010138 
1763 -0.296787 0.0943243 
1764 -0.224716 -0.157222 
1765 -0.225704 -0.0726956 
1766 -0.226033 0.0104122 
1767 -0.225502 0.0938366 
1768 -0.153753 -0.156277 
1769 -0.154654 -0.0717235 
1770 -0.154814 0.0111552 
1771 -0.156099 0.0941892 
1772 -0.0836248 -0.154151 
1773 -0.0845279 -0.0707707 
1774 -0.0857885 0.0119504 
1775 -0.0866834 0.0937269 
1776 -0.015365 -0.152195 
1777 -0.0158113 -0.0701036 
1778 -0.0167214 0.0130154 
1779 -0.0181494 0.0945822 
1780 -0.297747 -0.159149 
1781 -0.298029 -0.0766884 
1782 -0.297442 0.00495435 
1783 -0.298026 0.0855725 
1784 -0.227949 -0.157747 
1785 -0.228782 -0.0759992 
1786 -0.228871 0.00493722 
1787 -0.229248 0.0854323 
1788 -0.159086 -0.155327 
1789 -0.160511 -0.0747672 
1790 -0.160713 0.00604786 
1791 -0.16108 0.086375 
1792 -0.0919794 -0.154447 
1793 -0.0931098 -0.0735085 
1794 -0.0937327 0.00621319 
1795 -0.0946405 0.0865674 
1796 -0.0247786 -0.15226 
1797 -0.0257607 -0.0724559 
1798 -0.0271237 0.0078428 
1799 -0.0285914 0.0868604 
1800 -0.298682 -0.159466 
1801 -0.29876 -0.0796264 
1802 -0.298602 -0.000909247 
1803 -0.298898 0.0776414 
1804 -0.230679 -0.157555 
1805 -0.231553 -0.0786091 
1806 -0.232637 -9.92036e-05 
1807 -0.233119 0.0783085 
1808 -0.164179 -0.156163 
1809 -0.165707 -0.0776483 
1810 -0.166086 0.000546452 
1811 -0.166599 0.077759 
1812 -0.0986854 -0.154116 
1813 -0.100157 -0.0755324 
1814 -0.101443 0.00183397 
1815 -0.10253 0.0787141 
1816 -0.0344069 -0.152279 
1817 -0.0350175 -0.0746786 
1818 -0.0364781 0.00284106 
1819 -0.0377181 0.0786256 
