14320 -0.333405 -0.216199 
14321 -0.333355 -0.0162614 
14322 -0.333355 0.183764 
14323 -0.332884 0.383504 
14324 -0.166681 -0.217163 
14325 -0.166841 -0.0168088 
14326 -0.166405 0.183689 
14327 -0.166479 0.383656 
14328 -3.83962e-05 -0.216674 
14329 0.000468989 -0.0166072 
14330 -0.000224119 0.183809 
14331 0.000228346 0.383555 
14332 0.166466 -0.216816 
14333 0.166322 -0.0164247 
14334 0.166924 0.183012 
14335 0.166783 0.382977 
14336 0.333101 -0.216743 
14337 0.333179 -0.0169974 
14338 0.333569 0.183483 
14339 0.333623 0.38303 
14340 -0.324963 -0.206718 
14341 -0.324962 -0.0219282 
14342 -0.326024 0.162003 
14343 -0.325789 0.345255 
14344 -0.171745 -0.205884 
14345 -0.172281 -0.0219878 
14346 -0.172071 0.161945 
14347 -0.172519 0.345858 
14348 -0.0179582 -0.205828 
14349 -0.0188136 -0.0214608 
14350 -0.018693 0.162122 
14351 -0.0196939 0.345911 
14352 0.13424 -0.204802 
14353 0.134737 -0.0209649 
14354 0.133478 0.162511 
14355 0.133731 0.346049 
14356 0.28754 -0.204724 
14357 0.287025 -0.0211099 
14358 0.286837 0.161965 
14359 0.285925 0.345184 
14360 -0.31831 -0.196877 
14361 -0.318836 -0.0261738 
14362 -0.319226 0.144297 
14363 -0.320129 0.31437 
14364 -0.175847 -0.196448 
14365 -0.176405 -0.0254836 
14366 -0.17703 0.144052 
14367 -0.177423 0.313591 
14368 -0.0348925 -0.195633 
14369 -0.0351143 -0.0254964 
14370 -0.0360266 0.144057 
14371 -0.035912 0.314413 
14372 0.107265 -0.194187 
14373 0.106802 -0.0247982 
14374 0.10606 0.144577 
14375 0.104512 0.314135 
14376 0.247994 -0.194025 
14377 0.247639 -0.0239959 
14378 0.246739 0.144656 
14379 0.246014 0.31368 
14380 -0.313174 -0.188672 
14381 -0.314484 -0.0292416 
14382 -0.314334 0.128847 
14383 -0.314815 0.28656 
14384 -0.180705 -0.187637 
14385 -0.181031 -0.029363 
14386 -0.181901 0.129253 
14387 -0.183268 0.286696 
14388 -0.0486472 -0.186485 
14389 -0.0489954 -0.027827 
14390 -0.050188 0.129759 
14391 -0.0508548 0.287292 
14392 0.0832785 -0.185477 
14393 0.0816566 -0.0269112 
14394 0.0814942 0.130076 
14395 0.0800025 0.286944 
14396 0.214455 -0.184195 
14397 0.212555 -0.0268764 
14398 0.211934 0.130451 
14399 0.210311 0.287673 
14400 -0.309223 -0.181187 
14401 -0.309542 -0.0323422 
14402 -0.310838 0.116259 
14403 -0.311626 0.264008 
14404 -0.184832 -0.17896 
14405 -0.18629 -0.030765 
14406 -0.186287 0.116921 
14407 -0.187567 0.263871 
14408 -0.0609875 -0.177904 
14409 -0.0619826 -0.0304685 
14410 -0.0631549 0.117727 
14411 -0.0641671 0.264684 
14412 0.0619148 -0.176301 
14413 0.0599881 -0.0286865 
14414 0.0593698 0.117804 
14415 0.0581036 0.265117 
14416 0.183558 -0.174955 
14417 0.182929 -0.0284054 
14418 0.181523 0.1187 
14419 0.179711 0.26539 
14420 -0.305368 -0.173349 
14421 -0.306258 -0.0337477 
14422 -0.307435 0.105349 
14423 -0.308248 0.244347 
14424 -0.18913 -0.172342 
14425 -0.189652 -0.0330811 
14426 -0.191661 0.105727 
14427 -0.192677 0.244916 
14428 -0.0730391 -0.170626 
14429 -0.0742218 -0.0319404 
14430 -0.0755903 0.107235 
14431 -0.0764421 0.244644 
14432 0.0431424 -0.168545 
14433 0.0415561 -0.0306419 
14434 0.0401869 0.107659 
14435 0.0381137 0.245046 
14436 0.157582 -0.167067 
14437 0.155611 -0.0285617 
14438 0.153798 0.108924 
14439 0.152604 0.245228 
14440 -0.302769 -0.166437 
14441 -0.304204 -0.0350562 
14442 -0.30512 0.0962006 
14443 -0.306126 0.227302 
14444 -0.193109 -0.1645 
14445 -0.194123 -0.0336813 
14446 -0.195246 0.0967091 
14447 -0.196389 0.227916 
14448 -0.0836185 -0.16257 
14449 -0.0850763 -0.0318351 
14450 -0.0863051 0.0976414 
14451 -0.0877726 0.228327 
14452 0.0251108 -0.161345 
14453 0.0235264 -0.03095 
14454 0.0218518 0.099466 
14455 0.020874 0.228425 
14456 0.13405 -0.159806 
14457 0.132285 -0.0290503 
14458 0.129631 0.0997912 
14459 0.127996 0.229138 
14460 -0.301135 -0.160163 
14461 -0.302052 -0.035685 
14462 -0.303459 0.0886918 
14463 -0.3049 0.211583 
14464 -0.196317 -0.158234 
14465 -0.198269 -0.0346545 
14466 -0.199313 0.0897015 
14467 -0.200593 0.212759 
14468 -0.0931945 -0.156154 
14469 -0.0948434 -0.0331267 
14470 -0.0965971 0.0909148 
14471 -0.0976519 0.213148 
14472 0.0101352 -0.154663 
14473 0.00865685 -0.0306187 
14474 0.00658983 0.0918256 
14475 0.00470488 0.213945 
14476 0.112041 -0.151886 
14477 0.110149 -0.0291526 
14478 0.108454 0.0926165 
14479 0.106541 0.214735 
14480 -0.29966 -0.153797 
14481 -0.30048 -0.0359128 
14482 -0.302296 0.0820368 
14483 -0.304105 0.198988 
14484 -0.200141 -0.152152 
14485 -0.201338 -0.0345569 
14486 -0.203068 0.083283 
14487 -0.205517 0.199721 
14488 -0.101893 -0.14957 
14489 -0.103156 -0.0327076 
14490 -0.105275 0.0841323 
14491 -0.107181 0.200199 
14492 -0.00424049 -0.147954 
14493 -0.00643973 -0.03043 
14494 -0.00792667 0.0858188 
14495 -0.00981145 0.20106 
14496 0.0921975 -0.144904 
14497 0.0904694 -0.0287118 
14498 0.0880435 0.0868581 
14499 0.0862214 0.202288 
14500 -0.297568 -0.14889 
14501 -0.299835 -0.0360926 
14502 -0.301297 0.0760748 
14503 -0.303137 0.187484 
14504 -0.203276 -0.146133 
14505 -0.205594 -0.033922 
14506 -0.207295 0.0776549 
14507 -0.208952 0.188077 
14508 -0.109675 -0.143674 
14509 -0.112371 -0.0323171 
14510 -0.113671 0.0783602 
14511 -0.115733 0.189247 
14512 -0.0169915 -0.140864 
14513 -0.0196446 -0.0302143 
14514 -0.0216794 0.0805077 
14515 -0.0236131 0.190602 
14516 0.074579 -0.138918 
14517 0.0728389 -0.0284746 
14518 0.0697183 0.0816597 
14519 0.0676084 0.191095 
14520 -0.296839 -0.142844 
14521 -0.298636 -0.035982 
14522 -0.300921 0.0711494 
14523 -0.302286 0.17782 
14524 -0.206626 -0.140647 
14525 -0.208836 -0.0333252 
14526 -0.211278 0.0724779 
14527 -0.213127 0.178554 
14528 -0.117671 -0.137243 
14529 -0.120242 -0.0316036 
14530 -0.121846 0.0747417 
14531 -0.123818 0.179773 
14532 -0.0290319 -0.134714 
14533 -0.0314987 -0.0291492 
14534 -0.034423 0.0759834 
14535 -0.0358666 0.180841 
14536 0.0582732 -0.132722 
14537 0.055822 -0.0271912 
14538 0.0538182 0.0771634 
14539 0.0511701 0.181796 
14540 -0.296842 -0.137237 
14541 -0.298787 -0.0352313 
14542 -0.30054 0.0673815 
14543 -0.303007 0.168576 
14544 -0.210321 -0.134158 
14545 -0.212727 -0.0324229 
14546 -0.214615 0.0692064 
14547 -0.216542 0.170135 
14548 -0.125477 -0.131637 
14549 -0.127903 -0.0306099 
14550 -0.129459 0.0702059 
14551 -0.132198 0.171094 
14552 -0.0409139 -0.129601 
14553 -0.0426242 -0.0279727 
14554 -0.0456294 0.0722375 
14555 -0.0475139 0.172367 
14556 0.0431324 -0.126722 
14557 0.0401967 -0.0260215 
14558 0.0378513 0.0734012 
14559 0.035675 0.173663 
14560 -0.296047 -0.132386 
14561 -0.298925 -0.0344296 
14562 -0.301019 0.0637524 
14563 -0.303235 0.16077 
14564 -0.213666 -0.128923 
14565 -0.215994 -0.0313239 
14566 -0.218433 0.065759 
14567 -0.220404 0.162025 
14568 -0.132229 -0.125968 
14569 -0.134197 -0.0293774 
14570 -0.136893 0.0670266 
14571 -0.139686 0.163848 
14572 -0.0511091 -0.123538 
14573 -0.0534177 -0.0271979 
14574 -0.0562304 0.0691071 
14575 -0.058578 0.16506 
14576 0.0293841 -0.120439 
14577 0.0261809 -0.0243888 
14578 0.0232952 0.0712819 
14579 0.020469 0.166385 
14580 -0.296029 -0.12685 
14581 -0.298676 -0.0326642 
14582 -0.301372 0.0605521 
14583 -0.303201 0.154157 
14584 -0.216957 -0.123861 
14585 -0.219042 -0.030238 
14586 -0.221822 0.0628635 
14587 -0.224655 0.156076 
14588 -0.138837 -0.120462 
14589 -0.140885 -0.0278874 
14590 -0.143771 0.0643127 
14591 -0.145947 0.156791 
14592 -0.0613361 -0.117887 
14593 -0.0636564 -0.0258493 
14594 -0.0661945 0.0668369 
14595 -0.0685574 0.15799 
14596 0.0157138 -0.115011 
14597 0.0125564 -0.0235588 
14598 0.00988287 0.0684843 
14599 0.00724136 0.160257 
14600 -0.296834 -0.121845 
14601 -0.299392 -0.0311496 
14602 -0.301411 0.0586169 
14603 -0.304 0.147826 
14604 -0.220029 -0.118691 
14605 -0.222771 -0.028358 
14606 -0.22533 0.0606485 
14607 -0.228513 0.149793 
14608 -0.145342 -0.115612 
14609 -0.147305 -0.0264055 
14610 -0.149974 0.0624157 
14611 -0.15337 0.15094 
14612 -0.0703682 -0.112362 
14613 -0.0734024 -0.0239203 
14614 -0.0762401 0.064998 
14615 -0.0788721 0.153193 
14616 0.00327572 -0.10984 
14617 0.000461683 -0.0210165 
14618 -0.00201637 0.0669884 
14619 -0.00513336 0.154463 
14620 -0.297139 -0.116357 
14621 -0.300017 -0.0295716 
14622 -0.302256 0.0567954 
14623 -0.305099 0.143116 
14624 -0.223263 -0.113565 
14625 -0.226725 -0.0271069 
14626 -0.229257 0.0589982 
14627 -0.232058 0.144952 
14628 -0.151279 -0.11089 
14629 -0.154183 -0.0246151 
14630 -0.156429 0.0611074 
14631 -0.159046 0.146432 
14632 -0.0795718 -0.107646 
14633 -0.0825901 -0.0216654 
14634 -0.085017 0.0630666 
14635 -0.0882048 0.147492 
14636 -0.00811213 -0.103988 
14637 -0.0110776 -0.0196893 
14638 -0.013986 0.0654334 
14639 -0.0174637 0.149174 
14640 -0.297452 -0.112141 
14641 -0.3002 -0.0285069 
14642 -0.303203 0.0557041 
14643 -0.306014 0.138055 
14644 -0.2266 -0.108657 
14645 -0.229347 -0.0250082 
14646 -0.232032 0.0575673 
14647 -0.234784 0.139817 
14648 -0.156486 -0.10549 
14649 -0.16001 -0.022732 
14650 -0.162196 0.0598443 
14651 -0.165858 0.142457 
14652 -0.087558 -0.102703 
14653 -0.0900941 -0.0196733 
14654 -0.0931175 0.0623719 
14655 -0.0966876 0.143652 
14656 -0.0189284 -0.0992717 
14657 -0.0227506 -0.0171736 
14658 -0.0255313 0.0636128 
14659 -0.0284794 0.145208 
14660 -0.297911 -0.106922 
14661 -0.301083 -0.0265503 
14662 -0.303932 0.0539929 
14663 -0.306543 0.134697 
14664 -0.230263 -0.103131 
14665 -0.232845 -0.0233394 
14666 -0.235951 0.0561367 
14667 -0.238186 0.136614 
14668 -0.162664 -0.100674 
14669 -0.164889 -0.0205557 
14670 -0.168265 0.0584455 
14671 -0.17113 0.138121 
14672 -0.0958055 -0.0968667 
14673 -0.0984429 -0.0178098 
14674 -0.101981 0.0615152 
14675 -0.105072 0.140272 
14676 -0.0292701 -0.0944259 
14677 -0.0330727 -0.0150767 
14678 -0.0356518 0.0631888 
14679 -0.0389046 0.142169 
14680 -0.298952 -0.101905 
14681 -0.30238 -0.0238136 
14682 -0.305426 0.0537728 
14683 -0.308023 0.130714 
14684 -0.233422 -0.0991859 
14685 -0.236495 -0.0211965 
14686 -0.23941 0.0563839 
14687 -0.241658 0.132821 
14688 -0.167541 -0.0952676 
14689 -0.171013 -0.0180157 
14690 -0.174359 0.0579616 
14691 -0.176837 0.134971 
14692 -0.103036 -0.0919819 
14693 -0.106076 -0.0157162 
14694 -0.109544 0.0609571 
14695 -0.112438 0.136707 
14696 -0.0391876 -0.0888962 
14697 -0.0428185 -0.0128943 
14698 -0.0462153 0.0633544 
14699 -0.0491962 0.138232 
14700 -0.299632 -0.0971415 
14701 -0.302738 -0.0218165 
14702 -0.305883 0.0527975 
14703 -0.309355 0.128399 
14704 -0.235833 -0.0943015 
14705 -0.238884 -0.0195636 
14706 -0.242234 0.0553457 
14707 -0.2454 0.129658 
14708 -0.1727 -0.0902031 
14709 -0.176232 -0.0159318 
14710 -0.179684 0.0575802 
14711 -0.1822 0.132362 
14712 -0.110017 -0.0878028 
14713 -0.113676 -0.0128785 
14714 -0.116607 0.0608812 
14715 -0.11997 0.134453 
14716 -0.0485139 -0.0845897 
14717 -0.0523335 -0.0101742 
14718 -0.0552851 0.0624855 
14719 -0.0590398 0.136368 
