1440 -0.333468 -0.216967 
1441 -0.332969 -0.0169944 
1442 -0.333689 0.182969 
1443 -0.33351 0.383471 
1444 -0.16711 -0.216185 
1445 -0.166212 -0.0166658 
1446 -0.167086 0.18379 
1447 -0.166808 0.383308 
1448 0.000317072 -0.217031 
1449 0.000220505 -0.0166684 
1450 -0.00028962 0.183672 
1451 -0.000177101 0.383761 
1452 0.166717 -0.217037 
1453 0.166795 -0.0161706 
1454 0.166657 0.183369 
1455 0.166795 0.382946 
1456 0.332842 -0.216233 
1457 0.333218 -0.0168256 
1458 0.333716 0.183099 
1459 0.333753 0.38337 
1460 -0.325247 -0.205422 
1461 -0.325508 -0.020549 
1462 -0.325204 0.164328 
1463 -0.324334 0.349289 
1464 -0.170916 -0.205548 
1465 -0.170338 -0.0201893 
1466 -0.170628 0.164197 
1467 -0.169982 0.348998 
1468 -0.0171169 -0.205622 
1469 -0.0162114 -0.020277 
1470 -0.016395 0.164101 
1471 -0.0167654 0.348736 
1472 0.137421 -0.204901 
1473 0.136794 -0.0204828 
1474 0.137228 0.163835 
1475 0.137484 0.348704 
1476 0.291325 -0.205333 
1477 0.290432 -0.0204706 
1478 0.2906 0.164238 
1479 0.290507 0.347574 
1480 -0.318359 -0.196803 
1481 -0.318401 -0.024439 
1482 -0.317743 0.147534 
1483 -0.317793 0.319713 
1484 -0.174427 -0.196966 
1485 -0.174153 -0.0244619 
1486 -0.174262 0.147308 
1487 -0.174546 0.319096 
1488 -0.0317525 -0.196663 
1489 -0.0308894 -0.0245519 
1490 -0.0314648 0.147194 
1491 -0.0306783 0.318379 
1492 0.111439 -0.195665 
1493 0.112165 -0.0241305 
1494 0.111475 0.147455 
1495 0.111482 0.317654 
1496 0.254086 -0.196167 
1497 0.254006 -0.0244645 
1498 0.253737 0.147045 
1499 0.253622 0.317229 
1500 -0.313203 -0.189853 
1501 -0.312579 -0.0278126 
1502 -0.312503 0.132678 
1503 -0.312336 0.29342 
1504 -0.178937 -0.189062 
1505 -0.178315 -0.0276523 
1506 -0.17809 0.132768 
1507 -0.178231 0.292449 
1508 -0.0441094 -0.189019 
1509 -0.0442309 -0.0277704 
1510 -0.0444825 0.131753 
1511 -0.0442927 0.291464 
1512 0.089453 -0.188883 
1513 0.0889887 -0.0281097 
1514 0.0886445 0.131354 
1515 0.0886725 0.291206 
1516 0.22222 -0.188001 
1517 0.221523 -0.0277621 
1518 0.221968 0.131607 
1519 0.221586 0.290341 
1520 -0.309509 -0.183068 
1521 -0.308342 -0.0314213 
1522 -0.307869 0.118696 
1523 -0.307364 0.269258 
1524 -0.182378 -0.183171 
1525 -0.182435 -0.0313522 
1526 -0.182148 0.119096 
1527 -0.181601 0.268632 
1528 -0.0564621 -0.182718 
1529 -0.0557844 -0.0315813 
1530 -0.0563682 0.118614 
1531 -0.056066 0.268755 
1532 0.0694116 -0.182439 
1533 0.0685789 -0.0320189 
1534 0.0691376 0.118079 
1535 0.0687314 0.267716 
1536 0.193941 -0.181573 
1537 0.193214 -0.0319831 
1538 0.192795 0.117666 
1539 0.192442 0.266449 
1540 -0.305819 -0.178064 
1541 -0.30526 -0.0355643 
1542 -0.304372 0.106294 
1543 -0.304131 0.248274 
1544 -0.185945 -0.177773 
1545 -0.185318 -0.0355267 
1546 -0.184995 0.10658 
1547 -0.185285 0.247706 
1548 -0.0668333 -0.177156 
1549 -0.0669632 -0.0358188 
1550 -0.06698 0.105964 
1551 -0.0667502 0.247013 
1552 0.0510363 -0.176795 
1553 0.0507091 -0.035783 
1554 0.050194 0.10574 
1555 0.0504293 0.245799 
1556 0.168043 -0.176092 
1557 0.168085 -0.0347799 
1558 0.167157 0.105776 
1559 0.167154 0.245088 
1560 -0.302845 -0.174472 
1561 -0.302123 -0.0394517 
1562 -0.302019 0.0952233 
1563 -0.301525 0.229094 
1564 -0.189344 -0.173696 
1565 -0.189681 -0.0394318 
1566 -0.189406 0.094806 
1567 -0.188859 0.228086 
1568 -0.0774004 -0.173183 
1569 -0.0769627 -0.0394367 
1570 -0.0767559 0.0943464 
1571 -0.0771777 0.227839 
1572 0.0341307 -0.172134 
1573 0.0345334 -0.038747 
1574 0.0343332 0.0941835 
1575 0.0335119 0.226957 
1576 0.145287 -0.171464 
1577 0.14527 -0.0385181 
1578 0.144588 0.094563 
1579 0.143628 0.225918 
1580 -0.300397 -0.171086 
1581 -0.300097 -0.042584 
1582 -0.299809 0.0842159 
1583 -0.298704 0.211738 
1584 -0.192923 -0.170051 
1585 -0.192268 -0.0425782 
1586 -0.191976 0.0840963 
1587 -0.192655 0.2112 
1588 -0.086189 -0.170126 
1589 -0.0858168 -0.0426799 
1590 -0.0864268 0.0837218 
1591 -0.085884 0.210177 
1592 0.0192421 -0.169373 
1593 0.0190046 -0.0423067 
1594 0.0186639 0.0843703 
1595 0.019304 0.20926 
1596 0.125015 -0.167853 
1597 0.124028 -0.0420418 
1598 0.123749 0.0839031 
1599 0.122801 0.209342 
1600 -0.29849 -0.168996 
1601 -0.297808 -0.0468847 
1602 -0.297648 0.07491 
1603 -0.296862 0.195637 
1604 -0.195971 -0.168235 
1605 -0.196482 -0.0462144 
1606 -0.196214 0.0749734 
1607 -0.195892 0.194667 
1608 -0.0946053 -0.166926 
1609 -0.0946571 -0.0463253 
1610 -0.0951119 0.0749708 
1611 -0.0950847 0.193768 
1612 0.00537382 -0.165855 
1613 0.00552023 -0.0457455 
1614 0.00535836 0.0745006 
1615 0.00517216 0.193639 
1616 0.105407 -0.165228 
1617 0.105096 -0.0452758 
1618 0.104862 0.0744059 
1619 0.103833 0.192822 
1620 -0.297563 -0.165992 
1621 -0.297228 -0.0497597 
1622 -0.296915 0.0653617 
1623 -0.296199 0.180931 
1624 -0.199956 -0.16583 
1625 -0.199089 -0.0497685 
1626 -0.19885 0.065536 
1627 -0.199188 0.179776 
1628 -0.102953 -0.164652 
1629 -0.103341 -0.0488611 
1630 -0.102736 0.0656798 
1631 -0.10333 0.179825 
1632 -0.00654339 -0.164061 
1633 -0.00734074 -0.0491787 
1634 -0.00747998 0.0657253 
1635 -0.00830863 0.178632 
1636 0.0885698 -0.163052 
1637 0.087241 -0.0479121 
1638 0.0864794 0.0649798 
1639 0.0862274 0.178648 
1640 -0.296518 -0.164501 
1641 -0.296083 -0.0540996 
1642 -0.295963 0.0572113 
1643 -0.295387 0.166461 
1644 -0.202698 -0.164151 
1645 -0.202456 -0.0532974 
1646 -0.20233 0.0573911 
1647 -0.202489 0.166006 
1648 -0.110692 -0.162226 
1649 -0.110726 -0.0529227 
1650 -0.110278 0.0565855 
1651 -0.110842 0.165848 
1652 -0.018436 -0.162043 
1653 -0.0192896 -0.0517884 
1654 -0.019837 0.0566229 
1655 -0.0199376 0.165009 
1656 0.0723611 -0.160828 
1657 0.0715729 -0.0517408 
1658 0.0701887 0.0568446 
1659 0.0696586 0.164938 
1660 -0.295755 -0.16311 
1661 -0.295853 -0.0573455 
1662 -0.295084 0.0486964 
1663 -0.294914 0.153594 
1664 -0.206449 -0.162788 
1665 -0.2065 -0.0567688 
1666 -0.20617 0.0490871 
1667 -0.206437 0.153062 
1668 -0.117169 -0.161345 
1669 -0.117997 -0.0560808 
1670 -0.118275 0.049245 
1671 -0.118261 0.153133 
1672 -0.0297026 -0.160232 
1673 -0.030544 -0.054684 
1674 -0.0304998 0.0489953 
1675 -0.0317536 0.152294 
1676 0.0571253 -0.158652 
1677 0.0562075 -0.0546836 
1678 0.0551033 0.049242 
1679 0.054993 0.151833 
1680 -0.295582 -0.162373 
1681 -0.295087 -0.060296 
1682 -0.29518 0.0410837 
1683 -0.29455 0.142256 
1684 -0.209054 -0.161422 
1685 -0.209134 -0.0592055 
1686 -0.209366 0.0410521 
1687 -0.209944 0.141507 
1688 -0.124479 -0.160211 
1689 -0.124576 -0.059097 
1690 -0.124788 0.0418253 
1691 -0.125361 0.14176 
1692 -0.039958 -0.15857 
1693 -0.0410914 -0.0581973 
1694 -0.0412976 0.0413141 
1695 -0.0422662 0.140633 
1696 0.0434801 -0.157905 
1697 0.0417817 -0.0573015 
1698 0.0417092 0.0416815 
1699 0.0402933 0.14092 
1700 -0.294736 -0.161288 
1701 -0.294859 -0.0639121 
1702 -0.29538 0.0337194 
1703 -0.294526 0.131109 
1704 -0.212184 -0.160435 
1705 -0.212554 -0.0632233 
1706 -0.212855 0.033963 
1707 -0.213046 0.130444 
1708 -0.130501 -0.159239 
1709 -0.131444 -0.0616458 
1710 -0.131821 0.034729 
1711 -0.131987 0.130153 
1712 -0.0499491 -0.157863 
1713 -0.0504435 -0.061292 
1714 -0.0508368 0.0347752 
1715 -0.0524122 0.129639 
1716 0.0301058 -0.156084 
1717 0.0289204 -0.0602677 
1718 0.0282329 0.0349682 
1719 0.0268163 0.129914 
1720 -0.295471 -0.161379 
1721 -0.295553 -0.0670737 
1722 -0.294757 0.0264495 
1723 -0.295162 0.120102 
1724 -0.216112 -0.15981 
1725 -0.216413 -0.0655906 
1726 -0.216351 0.0270254 
1727 -0.21653 0.120036 
1728 -0.137359 -0.157833 
1729 -0.137841 -0.0650831 
1730 -0.138233 0.0279635 
1731 -0.138872 0.12005 
1732 -0.0592289 -0.157315 
1733 -0.059542 -0.064471 
1734 -0.060884 0.0280739 
1735 -0.0610763 0.119484 
1736 0.0178549 -0.155037 
1737 0.0163742 -0.0629188 
1738 0.015511 0.0287005 
1739 0.0152678 0.119438 
1740 -0.295492 -0.160702 
1741 -0.295204 -0.0702962 
1742 -0.296096 0.0202618 
1743 -0.296174 0.109999 
1744 -0.21862 -0.159349 
1745 -0.218648 -0.0689711 
1746 -0.219689 0.0209404 
1747 -0.219927 0.110631 
1748 -0.142855 -0.15729 
1749 -0.143909 -0.0677763 
1750 -0.144218 0.0219917 
1751 -0.144575 0.110629 
1752 -0.068065 -0.155953 
1753 -0.0685263 -0.0663522 
1754 -0.0697967 0.0217185 
1755 -0.0702936 0.11074 
1756 0.00602115 -0.154204 
1757 0.00466911 -0.0655769 
1758 0.00393475 0.0229239 
1759 0.00313088 0.110471 
1760 -0.295576 -0.160501 
1761 -0.296402 -0.0726904 
1762 -0.296115 0.0140898 
1763 -0.296811 0.101227 
1764 -0.221817 -0.159151 
1765 -0.222097 -0.0718502 
1766 -0.222779 0.0150218 
1767 -0.222863 0.101352 
1768 -0.149144 -0.157031 
1769 -0.149815 -0.0706379 
1770 -0.149585 0.0157178 
1771 -0.150787 0.1009 
1772 -0.0758931 -0.155809 
1773 -0.0775419 -0.0698716 
1774 -0.0783892 0.016676 
1775 -0.0789892 0.101355 
1776 -0.00491643 -0.153906 
1777 -0.00581733 -0.0684957 
1778 -0.00706312 0.0167355 
1779 -0.00824698 0.101199 
1780 -0.296821 -0.160634 
1781 -0.29648 -0.0756348 
1782 -0.297263 0.00780846 
1783 -0.297946 0.0918492 
1784 -0.225242 -0.159008 
1785 -0.225338 -0.0749512 
1786 -0.226301 0.00932014 
1787 -0.226491 0.0921026 
1788 -0.153909 -0.156907 
1789 -0.154652 -0.0735378 
1790 -0.155347 0.00991281 
1791 -0.156433 0.092856 
1792 -0.0841189 -0.15507 
1793 -0.0853809 -0.0721925 
1794 -0.0860721 0.0106883 
1795 -0.0870832 0.0931946 
1796 -0.0156328 -0.153895 
1797 -0.0160764 -0.0706155 
1798 -0.0180808 0.0115017 
1799 -0.0188518 0.0929475 
1800 -0.297814 -0.161163 
1801 -0.297466 -0.0783286 
1802 -0.297826 0.00228809 
1803 -0.29842 0.0831906 
1804 -0.227586 -0.159037 
1805 -0.228883 -0.076974 
1806 -0.229659 0.00353243 
1807 -0.229888 0.0840431 
1808 -0.159984 -0.156819 
1809 -0.160546 -0.07577 
1810 -0.161025 0.0042962 
1811 -0.162117 0.0843673 
1812 -0.0916967 -0.154651 
1813 -0.0926905 -0.0743167 
1814 -0.0945562 0.00533392 
1815 -0.0951343 0.0846708 
1816 -0.0251515 -0.153 
1817 -0.0267755 -0.0727331 
1818 -0.0273051 0.00576801 
1819 -0.029331 0.0855534 
1820 -0.298082 -0.160618 
1821 -0.298492 -0.0817969 
1822 -0.29935 -0.00232941 
1823 -0.299847 0.0757451 
1824 -0.230941 -0.158521 
1825 -0.231899 -0.0796607 
1826 -0.232311 -0.00133347 
1827 -0.233796 0.0762157 
1828 -0.164716 -0.157363 
1829 -0.16574 -0.0782326 
1830 -0.167065 -0.000470861 
1831 -0.168097 0.07712 
1832 -0.0989877 -0.154721 
1833 -0.100588 -0.0769894 
1834 -0.101822 0.000560423 
1835 -0.102414 0.0768986 
1836 -0.0343862 -0.152929 
1837 -0.0358878 -0.0759416 
1838 -0.0373305 0.0015573 
1839 -0.0391584 0.0779791 
