14500 -0.333598 -0.216346 
14501 -0.333825 -0.0170256 
14502 -0.333251 0.183686 
14503 -0.333677 0.382854 
14504 -0.166951 -0.216526 
14505 -0.166842 -0.016524 
14506 -0.166371 0.183593 
14507 -0.166659 0.383073 
14508 0.000443106 -0.21702 
14509 0.000393872 -0.0170815 
14510 -0.000424145 0.183381 
14511 0.000450505 0.38318 
14512 0.166759 -0.217135 
14513 0.167091 -0.0162726 
14514 0.167052 0.183249 
14515 0.166759 0.383416 
14516 0.333361 -0.216185 
14517 0.333514 -0.0171604 
14518 0.333713 0.183237 
14519 0.332959 0.383071 
14520 -0.324569 -0.199814 
14521 -0.325088 -0.0158695 
14522 -0.32558 0.167742 
14523 -0.326216 0.351926 
14524 -0.171951 -0.199156 
14525 -0.171842 -0.0151008 
14526 -0.172542 0.167905 
14527 -0.172485 0.35187 
14528 -0.0187582 -0.198931 
14529 -0.0190826 -0.014947 
14530 -0.0197722 0.167971 
14531 -0.020032 0.351323 
14532 0.134186 -0.198066 
14533 0.133565 -0.0146776 
14534 0.133351 0.168391 
14535 0.132317 0.352392 
14536 0.286432 -0.197416 
14537 0.286076 -0.0137768 
14538 0.286033 0.169305 
14539 0.284812 0.351738 
14540 -0.318077 -0.184793 
14541 -0.318905 -0.0149511 
14542 -0.320002 0.155267 
14543 -0.320208 0.324885 
14544 -0.176081 -0.183333 
14545 -0.177551 -0.0135447 
14546 -0.178394 0.156193 
14547 -0.178722 0.325572 
14548 -0.0345348 -0.182798 
14549 -0.0358027 -0.012859 
14550 -0.0363697 0.156708 
14551 -0.03763 0.325685 
14552 0.106008 -0.181884 
14553 0.105491 -0.0121482 
14554 0.104335 0.157185 
14555 0.103917 0.326241 
14556 0.246842 -0.180226 
14557 0.24596 -0.011784 
14558 0.245618 0.157242 
14559 0.244221 0.325664 
14560 -0.313344 -0.171203 
14561 -0.314128 -0.0130106 
14562 -0.31501 0.144974 
14563 -0.315651 0.303134 
14564 -0.180298 -0.16954 
14565 -0.182261 -0.0117032 
14566 -0.182635 0.145779 
14567 -0.184191 0.303523 
14568 -0.0491984 -0.168861 
14569 -0.0503876 -0.0112491 
14570 -0.0512381 0.146856 
14571 -0.0521185 0.303994 
14572 0.0825847 -0.167352 
14573 0.0809432 -0.00990625 
14574 0.0796283 0.14718 
14575 0.0780159 0.303906 
14576 0.212512 -0.165966 
14577 0.211646 -0.00847865 
14578 0.210515 0.148129 
14579 0.208778 0.304824 
14580 -0.30806 -0.159476 
14581 -0.31035 -0.0107955 
14582 -0.31097 0.136761 
14583 -0.312723 0.284541 
14584 -0.184637 -0.15751 
14585 -0.186535 -0.01007 
14586 -0.187751 0.137747 
14587 -0.1891 0.284893 
14588 -0.06198 -0.156144 
14589 -0.0634359 -0.00876045 
14590 -0.0642435 0.138076 
14591 -0.0658155 0.284987 
14592 0.0610232 -0.154356 
14593 0.0591094 -0.0071775 
14594 0.0577536 0.139134 
14595 0.0564963 0.285495 
14596 0.182911 -0.152862 
14597 0.180634 -0.0062812 
14598 0.179245 0.140512 
14599 0.177473 0.28631 
14600 -0.304856 -0.148191 
14601 -0.306252 -0.00910418 
14602 -0.308582 0.12962 
14603 -0.309764 0.267834 
14604 -0.188887 -0.146032 
14605 -0.190729 -0.00752947 
14606 -0.191857 0.131159 
14607 -0.194027 0.268971 
14608 -0.0729945 -0.143968 
14609 -0.0749195 -0.00560156 
14610 -0.0771835 0.131458 
14611 -0.0786843 0.270057 
14612 0.0413329 -0.142038 
14613 0.0400729 -0.00451793 
14614 0.0382849 0.132843 
14615 0.0362483 0.269881 
14616 0.155655 -0.139999 
14617 0.15355 -0.00325673 
14618 0.152433 0.133793 
14619 0.1499 0.27109 
14620 -0.302637 -0.137534 
14621 -0.303702 -0.00704537 
14622 -0.305975 0.124176 
14623 -0.307989 0.254254 
14624 -0.192138 -0.135334 
14625 -0.19407 -0.00527578 
14626 -0.196892 0.125139 
14627 -0.19807 0.255368 
14628 -0.0833281 -0.1329 
14629 -0.0859059 -0.00293043 
14630 -0.0876152 0.126922 
14631 -0.0900929 0.256591 
14632 0.0245386 -0.131266 
14633 0.0223742 -0.00200864 
14634 0.020013 0.127553 
14635 0.0185047 0.256608 
14636 0.132265 -0.128506 
14637 0.130141 0.000582647 
14638 0.128152 0.128583 
14639 0.125759 0.257696 
14640 -0.299653 -0.12771 
14641 -0.301967 -0.00411237 
14642 -0.304183 0.119334 
14643 -0.305834 0.243079 
14644 -0.195995 -0.125878 
14645 -0.198567 -0.0019238 
14646 -0.200469 0.120641 
14647 -0.202427 0.243483 
14648 -0.0936109 -0.123414 
14649 -0.0952854 -0.0007337 
14650 -0.0973332 0.122475 
14651 -0.100129 0.244208 
14652 0.00877219 -0.120549 
14653 0.00708491 0.00148591 
14654 0.00459382 0.123235 
14655 0.00249866 0.245121 
14656 0.11035 -0.118263 
14657 0.107587 0.00349558 
14658 0.105845 0.125364 
14659 0.103789 0.24627 
14660 -0.298014 -0.118506 
14661 -0.301001 -0.00115088 
14662 -0.302862 0.11521 
14663 -0.305039 0.232717 
14664 -0.199827 -0.116611 
14665 -0.202049 0.000772407 
14666 -0.204515 0.116868 
14667 -0.206584 0.233544 
14668 -0.101853 -0.114021 
14669 -0.104277 0.00223353 
14670 -0.10677 0.118715 
14671 -0.109285 0.235133 
14672 -0.00538486 -0.111128 
14673 -0.00806928 0.00452599 
14674 -0.0103463 0.120336 
14675 -0.012728 0.235808 
14676 0.0912353 -0.108619 
14677 0.0884733 0.00621583 
14678 0.0858546 0.122217 
14679 0.0829959 0.236424 
14680 -0.29688 -0.110727 
14681 -0.299633 0.0010882 
14682 -0.301968 0.112792 
14683 -0.304338 0.223371 
14684 -0.202877 -0.107371 
14685 -0.205615 0.0035218 
14686 -0.208094 0.114533 
14687 -0.21106 0.225323 
14688 -0.110182 -0.105518 
14689 -0.112732 0.00521425 
14690 -0.115538 0.115714 
14691 -0.118288 0.226355 
14692 -0.0185622 -0.102348 
14693 -0.021287 0.00726395 
14694 -0.0236003 0.117834 
14695 -0.0259173 0.226962 
14696 0.0725232 -0.0994302 
14697 0.0700634 0.0101099 
14698 0.0680095 0.118853 
14699 0.064746 0.228117 
14700 -0.295714 -0.102314 
14701 -0.298993 0.00345569 
14702 -0.301175 0.110347 
14703 -0.304212 0.216544 
14704 -0.206863 -0.0998112 
14705 -0.209418 0.00648057 
14706 -0.212661 0.111983 
14707 -0.214997 0.21735 
14708 -0.118495 -0.0970765 
14709 -0.1204 0.00886211 
14710 -0.123523 0.113847 
14711 -0.126828 0.218599 
14712 -0.0307642 -0.0941944 
14713 -0.0334696 0.0106147 
14714 -0.0364061 0.115057 
14715 -0.0382858 0.219915 
14716 0.0567407 -0.0908395 
14717 0.0536908 0.0129326 
14718 0.0507685 0.117321 
14719 0.0478351 0.221824 
14720 -0.295959 -0.0945217 
14721 -0.298713 0.00645231 
14722 -0.300751 0.107929 
14723 -0.303742 0.209501 
14724 -0.210132 -0.0919465 
14725 -0.212661 0.00970325 
14726 -0.215687 0.110627 
14727 -0.219069 0.210758 
14728 -0.125888 -0.0890954 
14729 -0.128553 0.0113156 
14730 -0.13081 0.11188 
14731 -0.134197 0.212254 
14732 -0.0417925 -0.0856467 
14733 -0.0440559 0.0141974 
14734 -0.0478282 0.11382 
14735 -0.0504487 0.21365 
14736 0.0414304 -0.083517 
14737 0.0389078 0.0162005 
14738 0.0357707 0.11605 
14739 0.0329853 0.215197 
14740 -0.295526 -0.0872566 
14741 -0.298656 0.00936822 
14742 -0.301587 0.106514 
14743 -0.30474 0.203752 
14744 -0.213815 -0.0842244 
14745 -0.216402 0.0120876 
14746 -0.219775 0.109386 
14747 -0.222834 0.20547 
14748 -0.132094 -0.0814294 
14749 -0.135421 0.0144118 
14750 -0.138065 0.110991 
14751 -0.14159 0.206753 
14752 -0.0518699 -0.0780774 
14753 -0.0556019 0.0169883 
14754 -0.0583564 0.11268 
14755 -0.061174 0.208049 
14756 0.0273035 -0.0755819 
14757 0.0245548 0.0200542 
14758 0.0216748 0.114499 
14759 0.0181629 0.21 
14760 -0.295137 -0.0799406 
14761 -0.298323 0.0125905 
14762 -0.301185 0.105842 
14763 -0.30433 0.198796 
14764 -0.216743 -0.077514 
14765 -0.220211 0.0152246 
14766 -0.223397 0.108514 
14767 -0.226274 0.200035 
14768 -0.138598 -0.0736289 
14769 -0.141776 0.0179979 
14770 -0.144894 0.109681 
14771 -0.148313 0.20202 
14772 -0.0620343 -0.0706507 
14773 -0.0651436 0.0208912 
14774 -0.0677954 0.112079 
14775 -0.0711132 0.20364 
14776 0.0145939 -0.0676064 
14777 0.0114263 0.0235158 
14778 0.00800574 0.114403 
14779 0.00485337 0.205478 
14780 -0.295278 -0.0739082 
14781 -0.298206 0.0164038 
14782 -0.301945 0.105255 
14783 -0.305085 0.194517 
14784 -0.219724 -0.0704392 
14785 -0.223035 0.0189711 
14786 -0.226423 0.10764 
14787 -0.22932 0.196242 
14788 -0.144779 -0.0672068 
14789 -0.148848 0.0215991 
14790 -0.152112 0.109668 
14791 -0.154884 0.198479 
14792 -0.0711375 -0.0638543 
14793 -0.0741611 0.0235229 
14794 -0.0780458 0.112192 
14795 -0.0808612 0.199849 
14796 0.00217263 -0.0607144 
14797 -0.00155734 0.0260087 
14798 -0.00484831 0.113787 
14799 -0.00815068 0.201785 
14800 -0.295491 -0.0673812 
14801 -0.299536 0.0186079 
14802 -0.302124 0.10475 
14803 -0.305806 0.190606 
14804 -0.222891 -0.0637206 
14805 -0.22632 0.021993 
14806 -0.230031 0.106976 
14807 -0.233246 0.193251 
14808 -0.150792 -0.0606569 
14809 -0.154794 0.0244008 
14810 -0.158262 0.10994 
14811 -0.160765 0.194574 
14812 -0.0798968 -0.0571759 
14813 -0.0831213 0.0269122 
14814 -0.0864213 0.111634 
14815 -0.0904758 0.196122 
14816 -0.00985442 -0.0541324 
14817 -0.0129329 0.0298891 
14818 -0.0158841 0.113434 
14819 -0.019279 0.198053 
14820 -0.296217 -0.0602355 
14821 -0.299836 0.0224415 
14822 -0.302947 0.105105 
14823 -0.306901 0.187558 
14824 -0.226378 -0.0576961 
14825 -0.229475 0.0248458 
14826 -0.233302 0.107278 
14827 -0.236868 0.189968 
14828 -0.156449 -0.0545825 
14829 -0.160444 0.028129 
14830 -0.164001 0.109487 
14831 -0.167583 0.191213 
14832 -0.0881421 -0.0510387 
14833 -0.0921987 0.0308908 
14834 -0.0955713 0.111658 
14835 -0.0985653 0.192889 
14836 -0.0200252 -0.0478607 
14837 -0.0242316 0.0329097 
14838 -0.0275734 0.114281 
14839 -0.0305122 0.19479 
14840 -0.297115 -0.0546059 
14841 -0.300291 0.0258071 
14842 -0.303793 0.105283 
14843 -0.308025 0.185063 
14844 -0.228705 -0.0513331 
14845 -0.232946 0.0280548 
14846 -0.236825 0.107119 
14847 -0.239832 0.186973 
14848 -0.161912 -0.0477679 
14849 -0.165538 0.0307862 
14850 -0.16894 0.110215 
14851 -0.172631 0.189233 
14852 -0.0960189 -0.0444556 
14853 -0.0998727 0.0338046 
14854 -0.10367 0.112669 
14855 -0.106392 0.191063 
14856 -0.0311626 -0.0412884 
14857 -0.0344811 0.0369876 
14858 -0.0382156 0.114188 
14859 -0.0412111 0.193021 
14860 -0.297861 -0.0487833 
14861 -0.301722 0.0289598 
14862 -0.304683 0.105259 
14863 -0.308591 0.183237 
14864 -0.231724 -0.0448766 
14865 -0.236115 0.0317741 
14866 -0.239847 0.10785 
14867 -0.243647 0.184984 
14868 -0.167105 -0.042133 
14869 -0.17086 0.0340854 
14870 -0.175212 0.110918 
14871 -0.178915 0.186666 
14872 -0.103665 -0.0387445 
14873 -0.107228 0.0370101 
14874 -0.110982 0.11285 
14875 -0.114133 0.188583 
14876 -0.0406767 -0.0356884 
14877 -0.0436833 0.0402763 
14878 -0.0474879 0.115519 
14879 -0.0516089 0.190387 
14880 -0.298404 -0.0432422 
14881 -0.302442 0.0318482 
14882 -0.306162 0.105895 
14883 -0.310309 0.181144 
14884 -0.235738 -0.0398696 
14885 -0.238826 0.0344986 
14886 -0.242597 0.109222 
14887 -0.246532 0.18313 
14888 -0.172992 -0.0358201 
14889 -0.176863 0.0370138 
14890 -0.180238 0.110779 
14891 -0.184144 0.185351 
14892 -0.110504 -0.0330103 
14893 -0.114431 0.0402363 
14894 -0.117836 0.113169 
14895 -0.122139 0.186823 
14896 -0.0499455 -0.0297777 
14897 -0.0539934 0.0430198 
14898 -0.0575676 0.115636 
14899 -0.060845 0.189256 
