14520 -0.333265 -0.216311 
14521 -0.333459 -0.0166045 
14522 -0.33321 0.183428 
14523 -0.333185 0.383435 
14524 -0.166534 -0.216703 
14525 -0.166857 -0.0164788 
14526 -0.166836 0.183343 
14527 -0.16681 0.382968 
14528 -0.000117618 -0.216238 
14529 -0.00013453 -0.0161758 
14530 0.000133311 0.183542 
14531 0.000423021 0.383674 
14532 0.166789 -0.216797 
14533 0.166608 -0.0163166 
14534 0.166341 0.183578 
14535 0.166891 0.38296 
14536 0.333331 -0.216271 
14537 0.333419 -0.0163691 
14538 0.332987 0.183692 
14539 0.333513 0.383194 
14540 -0.324589 -0.198436 
14541 -0.325622 -0.0150113 
14542 -0.325483 0.168785 
14543 -0.326551 0.351981 
14544 -0.171494 -0.198137 
14545 -0.172152 -0.0146034 
14546 -0.172215 0.168478 
14547 -0.172754 0.35202 
14548 -0.018681 -0.197481 
14549 -0.0192099 -0.0145926 
14550 -0.019218 0.169158 
14551 -0.0203635 0.352356 
14552 0.134045 -0.197612 
14553 0.134112 -0.0143257 
14554 0.133182 0.169788 
14555 0.132766 0.352718 
14556 0.287171 -0.196934 
14557 0.286077 -0.0133086 
14558 0.286176 0.169414 
14559 0.284922 0.352866 
14560 -0.317931 -0.183218 
14561 -0.319033 -0.0127841 
14562 -0.319334 0.157167 
14563 -0.320846 0.32617 
14564 -0.176453 -0.181755 
14565 -0.176974 -0.0128605 
14566 -0.17827 0.15709 
14567 -0.17841 0.327111 
14568 -0.0344487 -0.181362 
14569 -0.0360996 -0.0121323 
14570 -0.0365592 0.157279 
14571 -0.0369007 0.327504 
14572 0.106048 -0.180475 
14573 0.105656 -0.0111533 
14574 0.104902 0.157883 
14575 0.103157 0.326961 
14576 0.246937 -0.179745 
14577 0.246394 -0.00986307 
14578 0.244668 0.158781 
14579 0.244074 0.3272 
14580 -0.312623 -0.169219 
14581 -0.313932 -0.0111474 
14582 -0.315115 0.146473 
14583 -0.316254 0.305257 
14584 -0.180636 -0.168148 
14585 -0.181596 -0.0103278 
14586 -0.182943 0.148154 
14587 -0.184187 0.305431 
14588 -0.0492375 -0.16609 
14589 -0.0506477 -0.0088497 
14590 -0.0516425 0.148259 
14591 -0.0521697 0.305459 
14592 0.0819496 -0.165427 
14593 0.0807385 -0.00745967 
14594 0.0791229 0.14885 
14595 0.0779308 0.305994 
14596 0.212612 -0.164248 
14597 0.211142 -0.0071061 
14598 0.210096 0.149473 
14599 0.208268 0.306201 
14600 -0.308762 -0.156526 
14601 -0.30975 -0.00912552 
14602 -0.311398 0.13885 
14603 -0.312574 0.286074 
14604 -0.184592 -0.154828 
14605 -0.186656 -0.00777999 
14606 -0.188019 0.139838 
14607 -0.188842 0.287113 
14608 -0.0612799 -0.153058 
14609 -0.0632209 -0.00627461 
14610 -0.0648004 0.141242 
14611 -0.0661724 0.287565 
14612 0.0607698 -0.151942 
14613 0.0590438 -0.00449185 
14614 0.0578962 0.141923 
14615 0.0557237 0.288026 
14616 0.182184 -0.149753 
14617 0.180506 -0.00356228 
14618 0.179113 0.143127 
14619 0.177103 0.288897 
14620 -0.304708 -0.144821 
14621 -0.306155 -0.00641422 
14622 -0.308314 0.132133 
14623 -0.310141 0.271458 
14624 -0.188465 -0.142624 
14625 -0.190084 -0.00469066 
14626 -0.192479 0.133112 
14627 -0.194395 0.272045 
14628 -0.0734356 -0.1406 
14629 -0.0752148 -0.00347329 
14630 -0.0772586 0.134356 
14631 -0.0783554 0.27258 
14632 0.0413553 -0.139613 
14633 0.0396933 -0.0017945 
14634 0.0382627 0.136192 
14635 0.0360128 0.272703 
14636 0.156022 -0.136701 
14637 0.153983 0.000383088 
14638 0.151877 0.137029 
14639 0.149997 0.273707 
14640 -0.301802 -0.134279 
14641 -0.303534 -0.00340592 
14642 -0.305513 0.127054 
14643 -0.308118 0.257441 
14644 -0.192723 -0.132008 
14645 -0.194937 -0.00220391 
14646 -0.196961 0.128566 
14647 -0.198408 0.25838 
14648 -0.0841009 -0.130194 
14649 -0.0860825 1.51084e-05 
14650 -0.0876211 0.129768 
14651 -0.0895964 0.258839 
14652 0.0242627 -0.127243 
14653 0.022243 0.00172243 
14654 0.020044 0.13078 
14655 0.0180549 0.260595 
14656 0.132124 -0.125692 
14657 0.129938 0.00387768 
14658 0.127885 0.132321 
14659 0.125326 0.260862 
14660 -0.299549 -0.123838 
14661 -0.302183 -0.000242128 
14662 -0.303779 0.12326 
14663 -0.305906 0.246112 
14664 -0.196473 -0.121757 
14665 -0.198463 0.00127376 
14666 -0.200784 0.124449 
14667 -0.202341 0.247526 
14668 -0.0932135 -0.119183 
14669 -0.0954601 0.00264292 
14670 -0.0980239 0.125731 
14671 -0.0995532 0.247715 
14672 0.00847714 -0.117412 
14673 0.00655667 0.00474057 
14674 0.00406245 0.127399 
14675 0.00246224 0.24903 
14676 0.110456 -0.114488 
14677 0.107915 0.00726238 
14678 0.105565 0.128497 
14679 0.103583 0.250268 
14680 -0.298034 -0.11546 
14681 -0.300266 0.00202436 
14682 -0.302968 0.118891 
14683 -0.304808 0.236745 
14684 -0.199906 -0.112094 
14685 -0.201744 0.00472313 
14686 -0.204378 0.120965 
14687 -0.206739 0.236994 
14688 -0.102223 -0.110344 
14689 -0.10483 0.00587936 
14690 -0.107236 0.122063 
14691 -0.109959 0.23833 
14692 -0.00506264 -0.107577 
14693 -0.00753992 0.00869586 
14694 -0.0101281 0.123662 
14695 -0.0128959 0.239394 
14696 0.0912266 -0.105003 
14697 0.0885734 0.0106326 
14698 0.0855681 0.126055 
14699 0.0835072 0.241196 
14700 -0.296721 -0.105959 
14701 -0.299132 0.00506549 
14702 -0.301674 0.116521 
14703 -0.304518 0.227895 
14704 -0.203042 -0.103965 
14705 -0.205677 0.00713463 
14706 -0.208617 0.118166 
14707 -0.210892 0.229105 
14708 -0.110334 -0.100671 
14709 -0.113388 0.0100412 
14710 -0.115246 0.120025 
14711 -0.11868 0.229746 
14712 -0.0187104 -0.0977386 
14713 -0.0213312 0.0120401 
14714 -0.0232673 0.121754 
14715 -0.025842 0.231052 
14716 0.0727821 -0.095997 
14717 0.0701991 0.0141192 
14718 0.0675051 0.12378 
14719 0.0648675 0.232907 
14720 -0.296248 -0.0980707 
14721 -0.298635 0.00823442 
14722 -0.301619 0.114274 
14723 -0.304594 0.220468 
14724 -0.206346 -0.094657 
14725 -0.209466 0.0105636 
14726 -0.212499 0.115832 
14727 -0.214536 0.221664 
14728 -0.117939 -0.0918677 
14729 -0.121325 0.0128785 
14730 -0.123496 0.118432 
14731 -0.126373 0.223099 
14732 -0.030513 -0.0895396 
14733 -0.0334948 0.0156111 
14734 -0.0359581 0.120035 
14735 -0.0388692 0.224453 
14736 0.0563167 -0.0864937 
14737 0.0541103 0.0177493 
14738 0.0512489 0.121601 
14739 0.0484753 0.226137 
14740 -0.294821 -0.0902895 
14741 -0.298514 0.0109302 
14742 -0.301188 0.113233 
14743 -0.303576 0.214056 
14744 -0.209803 -0.0870835 
14745 -0.212837 0.0138047 
14746 -0.215469 0.114316 
14747 -0.218923 0.21533 
14748 -0.124918 -0.0844853 
14749 -0.128457 0.0164813 
14750 -0.131317 0.116929 
14751 -0.133961 0.216548 
14752 -0.0414882 -0.0815477 
14753 -0.0448696 0.0183413 
14754 -0.0471494 0.118148 
14755 -0.0508038 0.218031 
14756 0.0415498 -0.0783328 
14757 0.0387647 0.0209082 
14758 0.0357216 0.120074 
14759 0.032062 0.219593 
14760 -0.29542 -0.0827732 
14761 -0.297781 0.0147347 
14762 -0.301102 0.111803 
14763 -0.30409 0.208613 
14764 -0.212839 -0.0795398 
14765 -0.216457 0.0169445 
14766 -0.21903 0.114045 
14767 -0.222239 0.210277 
14768 -0.132257 -0.0763585 
14769 -0.13524 0.0197149 
14770 -0.138405 0.115828 
14771 -0.141294 0.211644 
14772 -0.0522676 -0.0735121 
14773 -0.0552909 0.0221949 
14774 -0.0578335 0.118117 
14775 -0.0613041 0.212764 
14776 0.0272248 -0.0710547 
14777 0.0246411 0.0242225 
14778 0.0212034 0.119885 
14779 0.0183333 0.214965 
14780 -0.295296 -0.0751802 
14781 -0.298463 0.0182504 
14782 -0.301756 0.11033 
14783 -0.304203 0.203709 
14784 -0.216107 -0.0716905 
14785 -0.220037 0.0206165 
14786 -0.222687 0.113411 
14787 -0.226499 0.205851 
14788 -0.138749 -0.0692226 
14789 -0.142147 0.0233077 
14790 -0.144798 0.114543 
14791 -0.148407 0.206869 
14792 -0.0615632 -0.0657717 
14793 -0.0654375 0.0259303 
14794 -0.0680217 0.116834 
14795 -0.0712203 0.208918 
14796 0.0139156 -0.0635127 
14797 0.0110513 0.0283801 
14798 0.00814285 0.118715 
14799 0.00421918 0.21009 
14800 -0.294822 -0.0685632 
14801 -0.298375 0.0212093 
14802 -0.301686 0.110381 
14803 -0.30505 0.199351 
14804 -0.21928 -0.0647262 
14805 -0.222788 0.0241665 
14806 -0.225911 0.112198 
14807 -0.22968 0.201832 
14808 -0.145021 -0.0616438 
14809 -0.148348 0.0262444 
14810 -0.151899 0.115115 
14811 -0.154733 0.202661 
14812 -0.0708301 -0.0589475 
14813 -0.0748318 0.0288751 
14814 -0.0772592 0.117335 
14815 -0.0807712 0.205056 
14816 0.00161177 -0.0553894 
14817 -0.00185585 0.0313012 
14818 -0.0045145 0.118581 
14819 -0.00846842 0.206803 
14820 -0.295009 -0.0614305 
14821 -0.299041 0.0238485 
14822 -0.301847 0.11049 
14823 -0.305727 0.196427 
14824 -0.222469 -0.0589197 
14825 -0.226329 0.0271569 
14826 -0.229293 0.112821 
14827 -0.232975 0.197721 
14828 -0.151106 -0.0556253 
14829 -0.154647 0.0295303 
14830 -0.15784 0.114536 
14831 -0.160804 0.199422 
14832 -0.0799036 -0.0517907 
14833 -0.0833326 0.0319117 
14834 -0.0870211 0.116457 
14835 -0.0901198 0.201236 
14836 -0.00964486 -0.0489966 
14837 -0.0133871 0.0352039 
14838 -0.0163628 0.118675 
14839 -0.0198782 0.203207 
14840 -0.296352 -0.0548425 
14841 -0.299295 0.0277521 
14842 -0.303358 0.110457 
14843 -0.306778 0.193597 
14844 -0.225477 -0.0516207 
14845 -0.229165 0.0302393 
14846 -0.233421 0.112923 
14847 -0.236062 0.195109 
14848 -0.157074 -0.0485916 
14849 -0.160065 0.0334394 
14850 -0.163502 0.114563 
14851 -0.167234 0.196869 
14852 -0.0885086 -0.0456512 
14853 -0.0917912 0.0359831 
14854 -0.0952247 0.117533 
14855 -0.099138 0.199012 
14856 -0.0207409 -0.0424476 
14857 -0.0234919 0.0380342 
14858 -0.0271648 0.11916 
14859 -0.0308029 0.200421 
14860 -0.297024 -0.0494277 
14861 -0.300426 0.0305271 
14862 -0.304025 0.11046 
14863 -0.307687 0.190859 
14864 -0.229186 -0.0460304 
14865 -0.232468 0.0336219 
14866 -0.236357 0.113003 
14867 -0.239703 0.192292 
14868 -0.162253 -0.0426186 
14869 -0.166058 0.0361344 
14870 -0.169383 0.115708 
14871 -0.173397 0.19382 
14872 -0.0958771 -0.0389997 
14873 -0.100029 0.0390787 
14874 -0.103226 0.117164 
14875 -0.106771 0.19603 
14876 -0.0312368 -0.0356742 
14877 -0.0345716 0.0421818 
14878 -0.0378786 0.120258 
14879 -0.0409798 0.197548 
14880 -0.297743 -0.0433459 
14881 -0.300689 0.0339818 
14882 -0.304731 0.111063 
14883 -0.309053 0.188837 
14884 -0.232418 -0.0393452 
14885 -0.235702 0.0372951 
14886 -0.238981 0.113772 
14887 -0.24315 0.190223 
14888 -0.167259 -0.03675 
14889 -0.171076 0.0398555 
14890 -0.175107 0.116303 
14891 -0.178013 0.191816 
14892 -0.103644 -0.0332275 
14893 -0.106904 0.0422433 
14894 -0.11058 0.118071 
14895 -0.114986 0.194454 
14896 -0.0406076 -0.0303763 
14897 -0.0445296 0.0452334 
14898 -0.0479505 0.1208 
14899 -0.050958 0.195581 
14900 -0.298071 -0.0367989 
14901 -0.302133 0.0376688 
14902 -0.305905 0.111958 
14903 -0.310036 0.186668 
14904 -0.234909 -0.0344106 
14905 -0.238371 0.0399979 
14906 -0.242895 0.114727 
14907 -0.246681 0.188666 
14908 -0.172223 -0.0307761 
14909 -0.175927 0.0428329 
14910 -0.179584 0.116595 
14911 -0.183458 0.190157 
14912 -0.110765 -0.0278478 
14913 -0.11489 0.0454802 
14914 -0.118059 0.119142 
14915 -0.121671 0.192589 
14916 -0.050359 -0.0241341 
14917 -0.0535236 0.0481475 
14918 -0.057046 0.121824 
14919 -0.0606808 0.194152 
