14600 -0.333099 -0.216939 
14601 -0.333195 -0.0166103 
14602 -0.332914 0.183126 
14603 -0.333596 0.383436 
14604 -0.166535 -0.216901 
14605 -0.166941 -0.016283 
14606 -0.166442 0.183355 
14607 -0.167042 0.383281 
14608 -0.000499667 -0.216423 
14609 -0.000265921 -0.0165462 
14610 -0.000472361 0.182981 
14611 0.000449131 0.382861 
14612 0.166469 -0.216642 
14613 0.167105 -0.0166742 
14614 0.166468 0.183538 
14615 0.166661 0.383094 
14616 0.333187 -0.216557 
14617 0.33308 -0.0169001 
14618 0.332845 0.18336 
14619 0.333088 0.382945 
14620 -0.324558 -0.196098 
14621 -0.324787 -0.0119564 
14622 -0.325516 0.171851 
14623 -0.326274 0.354926 
14624 -0.171528 -0.195384 
14625 -0.172097 -0.01133 
14626 -0.172072 0.171732 
14627 -0.173373 0.355381 
14628 -0.0188627 -0.194622 
14629 -0.0186219 -0.0113666 
14630 -0.0199416 0.172458 
14631 -0.020065 0.354971 
14632 0.134062 -0.194406 
14633 0.133731 -0.0113219 
14634 0.132878 0.17208 
14635 0.13305 0.355839 
14636 0.286975 -0.193775 
14637 0.285906 -0.0106861 
14638 0.285193 0.173072 
14639 0.285076 0.356148 
14640 -0.317653 -0.177873 
14641 -0.319231 -0.00785594 
14642 -0.319473 0.162267 
14643 -0.320709 0.332096 
14644 -0.175788 -0.176169 
14645 -0.176529 -0.0066081 
14646 -0.17784 0.162925 
14647 -0.178846 0.332337 
14648 -0.0345028 -0.175132 
14649 -0.0358879 -0.00595822 
14650 -0.0364519 0.162604 
14651 -0.0376069 0.332347 
14652 0.105998 -0.174865 
14653 0.105054 -0.00572918 
14654 0.104828 0.163789 
14655 0.10376 0.33231 
14656 0.24665 -0.173072 
14657 0.245616 -0.00419672 
14658 0.244998 0.164014 
14659 0.243926 0.332788 
14660 -0.312064 -0.161628 
14661 -0.313634 -0.00334179 
14662 -0.315103 0.154892 
14663 -0.316154 0.312037 
14664 -0.179931 -0.160295 
14665 -0.181363 -0.0026497 
14666 -0.182769 0.155646 
14667 -0.183777 0.312706 
14668 -0.0490295 -0.158345 
14669 -0.049749 -0.00137034 
14670 -0.0512621 0.155439 
14671 -0.0531162 0.313009 
14672 0.0815318 -0.156716 
14673 0.0802802 5.47496e-05 
14674 0.0797844 0.156942 
14675 0.0781839 0.313339 
14676 0.212763 -0.155452 
14677 0.210677 0.00116553 
14678 0.209419 0.157085 
14679 0.208262 0.314355 
14680 -0.308145 -0.146399 
14681 -0.309003 0.000357293 
14682 -0.311126 0.14788 
14683 -0.312221 0.295651 
14684 -0.183956 -0.144872 
14685 -0.186246 0.00214584 
14686 -0.188033 0.149208 
14687 -0.188885 0.296308 
14688 -0.0621 -0.143069 
14689 -0.0634409 0.00301724 
14690 -0.0648132 0.14995 
14691 -0.065974 0.297085 
14692 0.0604073 -0.141213 
14693 0.0585008 0.00433723 
14694 0.0572426 0.151162 
14695 0.0556567 0.297227 
14696 0.181622 -0.139851 
14697 0.180258 0.00649665 
14698 0.178913 0.15207 
14699 0.176853 0.298309 
14700 -0.304319 -0.133342 
14701 -0.305777 0.00461278 
14702 -0.308238 0.143441 
14703 -0.31018 0.281814 
14704 -0.188252 -0.131973 
14705 -0.189885 0.00701251 
14706 -0.191775 0.144148 
14707 -0.193754 0.282965 
14708 -0.073132 -0.129348 
14709 -0.0745733 0.00760805 
14710 -0.0773014 0.146038 
14711 -0.0782477 0.2832 
14712 0.0411052 -0.128047 
14713 0.0395615 0.00992367 
14714 0.0380384 0.146756 
14715 0.0359421 0.284263 
14716 0.155712 -0.125278 
14717 0.153446 0.0116 
14718 0.151642 0.147776 
14719 0.149295 0.285005 
14720 -0.301117 -0.121817 
14721 -0.303781 0.00896386 
14722 -0.306036 0.139023 
14723 -0.307696 0.269621 
14724 -0.191819 -0.119267 
14725 -0.194244 0.0104649 
14726 -0.196088 0.140677 
14727 -0.19876 0.27042 
14728 -0.0832388 -0.116661 
14729 -0.0855681 0.0130462 
14730 -0.0872229 0.142521 
14731 -0.0901523 0.271954 
14732 0.0240909 -0.114313 
14733 0.0223292 0.0145517 
14734 0.0197353 0.143359 
14735 0.0176675 0.272981 
14736 0.131055 -0.112646 
14737 0.128958 0.0155384 
14738 0.127544 0.14455 
14739 0.125597 0.273632 
14740 -0.298883 -0.110378 
14741 -0.301264 0.0133226 
14742 -0.303343 0.136733 
14743 -0.305828 0.259787 
14744 -0.195415 -0.10739 
14745 -0.198421 0.0154527 
14746 -0.20069 0.137694 
14747 -0.20237 0.260619 
14748 -0.0931912 -0.105833 
14749 -0.0956249 0.0172949 
14750 -0.097756 0.138877 
14751 -0.0995525 0.261361 
14752 0.00878845 -0.103182 
14753 0.00651798 0.01859 
14754 0.00439807 0.140628 
14755 0.00202562 0.262224 
14756 0.110131 -0.10092 
14757 0.107827 0.0211333 
14758 0.105732 0.141908 
14759 0.103058 0.263237 
14760 -0.296823 -0.0993425 
14761 -0.299305 0.0172746 
14762 -0.302687 0.134099 
14763 -0.305386 0.250814 
14764 -0.198682 -0.0968718 
14765 -0.201452 0.018987 
14766 -0.204704 0.135217 
14767 -0.20635 0.252375 
14768 -0.101764 -0.0944843 
14769 -0.10409 0.0209038 
14770 -0.107032 0.137753 
14771 -0.109065 0.253684 
14772 -0.00546369 -0.0917939 
14773 -0.00803346 0.0232984 
14774 -0.010722 0.138887 
14775 -0.0123971 0.253816 
14776 0.0902556 -0.0897771 
14777 0.088219 0.0254388 
14778 0.085972 0.140458 
14779 0.0825751 0.255615 
14780 -0.295785 -0.0893709 
14781 -0.29839 0.0214611 
14782 -0.30129 0.13195 
14783 -0.304158 0.24381 
14784 -0.202337 -0.0873061 
14785 -0.205097 0.023329 
14786 -0.207784 0.133881 
14787 -0.210458 0.244189 
14788 -0.110072 -0.0840505 
14789 -0.112521 0.0254754 
14790 -0.114923 0.135772 
14791 -0.118318 0.246077 
14792 -0.0182888 -0.0824087 
14793 -0.0208375 0.0274014 
14794 -0.0240959 0.137616 
14795 -0.0262514 0.246745 
14796 0.0727192 -0.0790563 
14797 0.0702304 0.0296146 
14798 0.0674566 0.139286 
14799 0.0643607 0.248038 
14800 -0.294879 -0.0810181 
14801 -0.297969 0.0248413 
14802 -0.30058 0.131547 
14803 -0.303944 0.236525 
14804 -0.205522 -0.0778886 
14805 -0.208361 0.0279626 
14806 -0.211216 0.132666 
14807 -0.214854 0.238684 
14808 -0.117351 -0.0748894 
14809 -0.12078 0.0293147 
14810 -0.123222 0.13418 
14811 -0.125861 0.239209 
14812 -0.0304436 -0.0726988 
14813 -0.0335552 0.0323697 
14814 -0.0357175 0.136257 
14815 -0.0386728 0.240934 
14816 0.0566231 -0.069581 
14817 0.0533342 0.0337658 
14818 0.05118 0.138473 
14819 0.0483819 0.242652 
14820 -0.294509 -0.0723472 
14821 -0.296796 0.0289083 
14822 -0.300135 0.130424 
14823 -0.303881 0.231373 
14824 -0.209597 -0.0692958 
14825 -0.211827 0.0313379 
14826 -0.215497 0.132117 
14827 -0.218493 0.232835 
14828 -0.124555 -0.0657765 
14829 -0.128121 0.033355 
14830 -0.130505 0.134215 
14831 -0.134313 0.234435 
14832 -0.0417776 -0.0631832 
14833 -0.0439978 0.0366273 
14834 -0.04757 0.135528 
14835 -0.0506208 0.235794 
14836 0.0414695 -0.0609587 
14837 0.038367 0.0382511 
14838 0.0349666 0.137535 
14839 0.0328634 0.236488 
14840 -0.294181 -0.063736 
14841 -0.297021 0.0332032 
14842 -0.300324 0.13024 
14843 -0.303758 0.226671 
14844 -0.211842 -0.0612174 
14845 -0.215568 0.0355474 
14846 -0.218369 0.131764 
14847 -0.221603 0.228145 
14848 -0.131229 -0.0575592 
14849 -0.135153 0.0375358 
14850 -0.138068 0.133785 
14851 -0.140807 0.229799 
14852 -0.0520567 -0.0545688 
14853 -0.055064 0.0400578 
14854 -0.0583738 0.135891 
14855 -0.0615421 0.230715 
14856 0.0272049 -0.0518204 
14857 0.0240204 0.0429031 
14858 0.0214393 0.137347 
14859 0.0178893 0.232868 
14860 -0.293214 -0.0558248 
14861 -0.296807 0.0370248 
14862 -0.300438 0.129477 
14863 -0.304253 0.222357 
14864 -0.215604 -0.0524539 
14865 -0.218908 0.0391829 
14866 -0.221677 0.131856 
14867 -0.225906 0.224156 
14868 -0.137716 -0.0501812 
14869 -0.141378 0.0420973 
14870 -0.144512 0.13358 
14871 -0.148134 0.2254 
14872 -0.0620101 -0.0474605 
14873 -0.0646416 0.0445032 
14874 -0.0676588 0.135491 
14875 -0.0707954 0.227454 
14876 0.0139775 -0.0437176 
14877 0.0113209 0.0464273 
14878 0.00828044 0.137438 
14879 0.00440695 0.228793 
14880 -0.293392 -0.0483369 
14881 -0.297299 0.0407528 
14882 -0.300853 0.129454 
14883 -0.304258 0.219271 
14884 -0.218328 -0.0450102 
14885 -0.221652 0.0427336 
14886 -0.225548 0.131931 
14887 -0.228659 0.220467 
14888 -0.144395 -0.0419579 
14889 -0.147798 0.0454015 
14890 -0.151358 0.133346 
14891 -0.153953 0.221591 
14892 -0.0711005 -0.0397234 
14893 -0.0738863 0.0483833 
14894 -0.0776131 0.135523 
14895 -0.0810914 0.223643 
14896 0.00212888 -0.0365103 
14897 -0.000834572 0.0508171 
14898 -0.00469218 0.137561 
14899 -0.00810632 0.225491 
14900 -0.293818 -0.0409118 
14901 -0.297497 0.0442137 
14902 -0.301443 0.130395 
14903 -0.304815 0.215759 
14904 -0.221923 -0.0387154 
14905 -0.225111 0.0469385 
14906 -0.228837 0.13243 
14907 -0.232286 0.217164 
14908 -0.150054 -0.0356689 
14909 -0.15401 0.0491693 
14910 -0.156602 0.134247 
14911 -0.160641 0.219431 
14912 -0.0795654 -0.0323567 
14913 -0.083286 0.0522465 
14914 -0.0865068 0.135978 
14915 -0.0900166 0.221166 
14916 -0.00928208 -0.0293158 
14917 -0.0127942 0.0541058 
14918 -0.0161045 0.13797 
14919 -0.0189908 0.222528 
14920 -0.29462 -0.0347807 
14921 -0.297877 0.0482582 
14922 -0.301538 0.130058 
14923 -0.306036 0.213628 
14924 -0.224621 -0.0312563 
14925 -0.22798 0.0507411 
14926 -0.23182 0.132357 
14927 -0.236046 0.214599 
14928 -0.155804 -0.0284216 
14929 -0.159505 0.0530624 
14930 -0.162659 0.134367 
14931 -0.166096 0.216878 
14932 -0.0873064 -0.0249094 
14933 -0.0907242 0.0555578 
14934 -0.0949248 0.137203 
14935 -0.0977 0.218237 
14936 -0.0205664 -0.0220738 
14937 -0.0240526 0.058328 
14938 -0.0265641 0.139365 
14939 -0.0302763 0.219483 
14940 -0.295603 -0.0278802 
14941 -0.29905 0.0510584 
14942 -0.302998 0.131098 
14943 -0.30653 0.210694 
14944 -0.22792 -0.0247877 
14945 -0.231464 0.0540834 
14946 -0.235379 0.133585 
14947 -0.238445 0.212561 
14948 -0.161678 -0.0213895 
14949 -0.164426 0.0566715 
14950 -0.16798 0.135979 
14951 -0.172007 0.214146 
14952 -0.0950218 -0.0190565 
14953 -0.0990658 0.0589225 
14954 -0.102307 0.137148 
14955 -0.106436 0.216506 
14956 -0.0305575 -0.0159551 
14957 -0.0341311 0.0620593 
14958 -0.0372182 0.139629 
14959 -0.0411718 0.21779 
14960 -0.295642 -0.0220412 
14961 -0.30008 0.0546293 
14962 -0.303597 0.132027 
14963 -0.30706 0.209227 
14964 -0.231276 -0.0184875 
14965 -0.234899 0.0578687 
14966 -0.238238 0.133885 
14967 -0.242179 0.210413 
14968 -0.166318 -0.0155945 
14969 -0.169803 0.0598353 
14970 -0.174025 0.135888 
14971 -0.177605 0.212868 
14972 -0.1032 -0.0129499 
14973 -0.106379 0.0633152 
14974 -0.110062 0.13852 
14975 -0.113526 0.213803 
14976 -0.040271 -0.00949527 
14977 -0.0432734 0.0653413 
14978 -0.0470462 0.140134 
14979 -0.0501345 0.21606 
14980 -0.296614 -0.015772 
14981 -0.301154 0.0584136 
14982 -0.304238 0.133253 
14983 -0.30868 0.207449 
14984 -0.234305 -0.0128493 
14985 -0.237654 0.0607388 
14986 -0.241066 0.134973 
14987 -0.244956 0.209625 
14988 -0.171702 -0.00933322 
14989 -0.175746 0.0632768 
14990 -0.178959 0.136843 
14991 -0.182783 0.211373 
14992 -0.110517 -0.00689871 
14993 -0.113364 0.0662249 
14994 -0.117345 0.139213 
14995 -0.120485 0.212423 
14996 -0.0490103 -0.0037356 
14997 -0.0532713 0.0684553 
14998 -0.0565093 0.141277 
14999 -0.060025 0.214329 
