15060 -0.333084 -0.216885 
15061 -0.33376 -0.0162147 
15062 -0.333807 0.183705 
15063 -0.333572 0.383729 
15064 -0.166873 -0.216777 
15065 -0.166552 -0.0167804 
15066 -0.166188 0.183399 
15067 -0.16706 0.383673 
15068 -0.000302912 -0.216402 
15069 0.000269535 -0.0170208 
15070 -0.000302023 0.183696 
15071 -3.35835e-05 0.383754 
15072 0.166769 -0.217157 
15073 0.166312 -0.0167157 
15074 0.166348 0.18299 
15075 0.166196 0.383424 
15076 0.333414 -0.216895 
15077 0.333338 -0.016374 
15078 0.333131 0.183101 
15079 0.332946 0.383167 
15080 -0.322928 -0.184172 
15081 -0.323359 -0.00116693 
15082 -0.323443 0.182367 
15083 -0.323937 0.365013 
15084 -0.169741 -0.183347 
15085 -0.170896 -0.000736143 
15086 -0.170853 0.182294 
15087 -0.171287 0.365636 
15088 -0.0181127 -0.18364 
15089 -0.0176722 -0.00103945 
15090 -0.0181501 0.182141 
15091 -0.0185447 0.365184 
15092 0.134749 -0.183221 
15093 0.134562 -7.5065e-05 
15094 0.133891 0.182426 
15095 0.13405 0.365245 
15096 0.28638 -0.183047 
15097 0.286052 -0.000115556 
15098 0.286215 0.182123 
15099 0.285961 0.364754 
15100 -0.314466 -0.156695 
15101 -0.314949 0.012294 
15102 -0.31626 0.181283 
15103 -0.316796 0.350892 
15104 -0.17393 -0.156047 
15105 -0.17373 0.0120964 
15106 -0.174422 0.181454 
15107 -0.174951 0.350709 
15108 -0.0327544 -0.155733 
15109 -0.0335223 0.0130971 
15110 -0.0345308 0.181276 
15111 -0.0347073 0.350605 
15112 0.107314 -0.154169 
15113 0.106928 0.0134059 
15114 0.106296 0.181431 
15115 0.105298 0.34993 
15116 0.246693 -0.15447 
15117 0.24643 0.0142044 
15118 0.24564 0.181469 
15119 0.246162 0.350531 
15120 -0.307126 -0.132919 
15121 -0.308652 0.0236306 
15122 -0.309031 0.181035 
15123 -0.310742 0.337946 
15124 -0.176361 -0.132324 
15125 -0.177704 0.0238478 
15126 -0.178418 0.180593 
15127 -0.179042 0.337384 
15128 -0.0468115 -0.13131 
15129 -0.04713 0.024989 
15130 -0.0479347 0.180824 
15131 -0.048872 0.337945 
15132 0.0832272 -0.130716 
15133 0.0826798 0.0253447 
15134 0.0819827 0.180775 
15135 0.0810184 0.337623 
15136 0.211923 -0.129392 
15137 0.212391 0.0261573 
15138 0.211862 0.18119 
15139 0.210638 0.337551 
15140 -0.302297 -0.11214 
15141 -0.303429 0.0341656 
15142 -0.303971 0.180837 
15143 -0.305717 0.327393 
15144 -0.180298 -0.110491 
15145 -0.181105 0.0350027 
15146 -0.181651 0.180095 
15147 -0.182578 0.326725 
15148 -0.0580058 -0.110285 
15149 -0.0592425 0.035275 
15150 -0.0598141 0.181114 
15151 -0.0611655 0.327137 
15152 0.0625524 -0.109091 
15153 0.0615652 0.0362131 
15154 0.0613112 0.180972 
15155 0.0599862 0.326298 
15156 0.182848 -0.108643 
15157 0.182193 0.0359166 
15158 0.181849 0.181648 
15159 0.181194 0.326993 
15160 -0.297142 -0.0941474 
15161 -0.29882 0.0431261 
15162 -0.300397 0.179897 
15163 -0.301046 0.318323 
15164 -0.182746 -0.0921521 
15165 -0.183652 0.0433755 
15166 -0.184957 0.18094 
15167 -0.186705 0.317312 
15168 -0.0694038 -0.091921 
15169 -0.070595 0.044522 
15170 -0.0709965 0.180778 
15171 -0.0721871 0.317353 
15172 0.0441831 -0.0909323 
15173 0.0431796 0.0451026 
15174 0.0423898 0.18056 
15175 0.0419006 0.317284 
15176 0.156389 -0.0891131 
15177 0.155376 0.0452191 
15178 0.155519 0.181293 
15179 0.154664 0.317247 
15180 -0.293033 -0.0774191 
15181 -0.294625 0.0515968 
15182 -0.296042 0.180083 
15183 -0.298096 0.309836 
15184 -0.185954 -0.0766923 
15185 -0.186762 0.0515109 
15186 -0.188924 0.180664 
15187 -0.189593 0.309604 
15188 -0.0793636 -0.0754201 
15189 -0.0803877 0.0519547 
15190 -0.0813347 0.18045 
15191 -0.0824112 0.309679 
15192 0.0275196 -0.0739848 
15193 0.0263041 0.0528627 
15194 0.0254692 0.180555 
15195 0.0245842 0.30951 
15196 0.132941 -0.0730768 
15197 0.13246 0.0532651 
15198 0.131342 0.180662 
15199 0.130585 0.309043 
15200 -0.290932 -0.0628856 
15201 -0.291575 0.0585892 
15202 -0.293286 0.180321 
15203 -0.295193 0.302585 
15204 -0.189132 -0.0623718 
15205 -0.190336 0.059367 
15206 -0.191168 0.180573 
15207 -0.192927 0.302408 
15208 -0.0883483 -0.0609247 
15209 -0.0887635 0.0593763 
15210 -0.0906403 0.180693 
15211 -0.0909559 0.301974 
15212 0.012326 -0.059624 
15213 0.0117752 0.0601928 
15214 0.0105185 0.180753 
15215 0.00961522 0.302229 
15216 0.111365 -0.0588822 
15217 0.111102 0.0604957 
15218 0.110768 0.181351 
15219 0.110072 0.302167 
15220 -0.288038 -0.0497463 
15221 -0.29004 0.0649344 
15222 -0.291035 0.180325 
15223 -0.292849 0.296114 
15224 -0.191822 -0.0492604 
15225 -0.193494 0.065432 
15226 -0.194317 0.180167 
15227 -0.196 0.295917 
15228 -0.0964636 -0.04787 
15229 -0.0977323 0.0659154 
15230 -0.0980486 0.180555 
15231 -0.0993525 0.295704 
15232 -0.00131919 -0.0466228 
15233 -0.00216197 0.0667039 
15234 -0.00273925 0.181025 
15235 -0.0045465 0.295531 
15236 0.0926328 -0.0460371 
15237 0.0916497 0.0669271 
15238 0.0918027 0.180734 
15239 0.0904998 0.29498 
15240 -0.286292 -0.0387509 
15241 -0.287293 0.0705049 
15242 -0.289934 0.180496 
15243 -0.291612 0.2905 
15244 -0.194872 -0.0370413 
15245 -0.196244 0.0716116 
15246 -0.197119 0.180183 
15247 -0.199039 0.290451 
15248 -0.10365 -0.0365475 
15249 -0.105333 0.0719884 
15250 -0.106706 0.180891 
15251 -0.107477 0.29005 
15252 -0.0134448 -0.0347588 
15253 -0.0147039 0.0726189 
15254 -0.0157028 0.180756 
15255 -0.0163471 0.289634 
15256 0.075464 -0.0342787 
15257 0.0748437 0.0727576 
15258 0.0744042 0.180721 
15259 0.07368 0.288998 
15260 -0.284546 -0.0274276 
15261 -0.286406 0.0765232 
15262 -0.287941 0.180844 
15263 -0.28972 0.285817 
15264 -0.196919 -0.0269485 
15265 -0.198636 0.0766342 
15266 -0.200201 0.180916 
15267 -0.201462 0.284955 
15268 -0.110796 -0.0261876 
15269 -0.112388 0.0772428 
15270 -0.113055 0.180772 
15271 -0.11444 0.284432 
15272 -0.025033 -0.0251234 
15273 -0.0265421 0.0774171 
15274 -0.0269386 0.180407 
15275 -0.0287023 0.284159 
15276 0.0595464 -0.0239314 
15277 0.0585442 0.0783249 
15278 0.0582156 0.181027 
15279 0.0574749 0.284366 
15280 -0.283841 -0.0184032 
15281 -0.285453 0.0804375 
15282 -0.287065 0.180371 
15283 -0.288333 0.281234 
15284 -0.199882 -0.0171003 
15285 -0.201614 0.0818064 
15286 -0.203528 0.180701 
15287 -0.204394 0.280627 
15288 -0.11804 -0.0164733 
15289 -0.119382 0.0815927 
15290 -0.120171 0.180826 
15291 -0.121066 0.280112 
15292 -0.0356683 -0.014989 
15293 -0.0372092 0.0827874 
15294 -0.0384017 0.181223 
15295 -0.0385299 0.279892 
15296 0.0453351 -0.0141587 
15297 0.0443153 0.0829487 
15298 0.0435936 0.180617 
15299 0.0427465 0.279674 
15300 -0.282647 -0.00980936 
15301 -0.284157 0.085288 
15302 -0.286253 0.180344 
15303 -0.287409 0.276696 
15304 -0.203368 -0.00897697 
15305 -0.204606 0.085349 
15306 -0.205869 0.180147 
15307 -0.207795 0.275881 
15308 -0.124003 -0.00789283 
15309 -0.125093 0.0857397 
15310 -0.126762 0.180847 
15311 -0.12728 0.275906 
15312 -0.0457832 -0.00725448 
15313 -0.047158 0.0870172 
15314 -0.047409 0.180559 
15315 -0.0493225 0.275696 
15316 0.031773 -0.00636267 
15317 0.0307202 0.0867493 
15318 0.0299127 0.180249 
15319 0.0295935 0.274583 
15320 -0.281973 -0.00152274 
15321 -0.283528 0.0896088 
15322 -0.285206 0.180856 
15323 -0.28701 0.272205 
15324 -0.205755 -0.00114152 
15325 -0.207049 0.0891521 
15326 -0.208734 0.180684 
15327 -0.20972 0.272022 
15328 -0.130396 -0.000415577 
15329 -0.130845 0.0896502 
15330 -0.132156 0.180224 
15331 -0.134133 0.271345 
15332 -0.0554969 0.000491176 
15333 -0.056558 0.0907857 
15334 -0.0567331 0.180708 
15335 -0.0585421 0.271107 
15336 0.0187276 0.00212426 
15337 0.0177281 0.0911805 
15338 0.0176845 0.180806 
15339 0.0164088 0.270061 
15340 -0.28153 0.00536083 
15341 -0.283597 0.093028 
15342 -0.285164 0.180992 
15343 -0.287148 0.268535 
15344 -0.20827 0.00597647 
15345 -0.210265 0.0928942 
15346 -0.211255 0.180451 
15347 -0.212462 0.268345 
15348 -0.135825 0.00761775 
15349 -0.137432 0.0930131 
15350 -0.137835 0.18009 
15351 -0.139428 0.267553 
15352 -0.06377 0.00761343 
15353 -0.0651727 0.0940991 
15354 -0.0661469 0.179908 
15355 -0.067185 0.26719 
15356 0.00701106 0.00843625 
15357 0.00620489 0.0940406 
15358 0.00589948 0.179862 
15359 0.00505228 0.266611 
15360 -0.281569 0.011735 
15361 -0.283401 0.096052 
15362 -0.285378 0.180078 
15363 -0.286912 0.265663 
15364 -0.210695 0.0126953 
15365 -0.212658 0.0966524 
15366 -0.213498 0.180093 
15367 -0.21544 0.264739 
15368 -0.141703 0.0131906 
15369 -0.142295 0.0965645 
15370 -0.144049 0.180345 
15371 -0.144815 0.264389 
15372 -0.072077 0.013931 
15373 -0.0731161 0.0969917 
15374 -0.0736845 0.179649 
15375 -0.0754574 0.263266 
15376 -0.00422418 0.0150647 
15377 -0.00450924 0.0973801 
15378 -0.00499828 0.17972 
15379 -0.00548314 0.262522 
15380 -0.281887 0.0181566 
15381 -0.283153 0.0989696 
15382 -0.285243 0.179999 
15383 -0.286479 0.261894 
15384 -0.214009 0.0193004 
15385 -0.215492 0.0986699 
15386 -0.216601 0.18041 
15387 -0.217701 0.261642 
15388 -0.146566 0.019031 
15389 -0.147844 0.0996286 
15390 -0.148764 0.17956 
15391 -0.149707 0.260691 
15392 -0.0805127 0.019821 
15393 -0.0811141 0.0992991 
15394 -0.0818648 0.179755 
15395 -0.0827121 0.259896 
15396 -0.0143518 0.0211009 
15397 -0.0151022 0.0997096 
15398 -0.0160253 0.179574 
15399 -0.0158308 0.259128 
15400 -0.282434 0.0241558 
15401 -0.283984 0.101634 
15402 -0.284672 0.180124 
15403 -0.286676 0.258837 
15404 -0.216554 0.0238315 
15405 -0.218148 0.101514 
15406 -0.219206 0.179657 
15407 -0.220575 0.258016 
15408 -0.151714 0.0245075 
15409 -0.153013 0.101325 
15410 -0.153998 0.179359 
15411 -0.154367 0.257356 
15412 -0.0879165 0.0251358 
15413 -0.0881832 0.102386 
15414 -0.0895612 0.178657 
15415 -0.0896041 0.256544 
15416 -0.024096 0.0255259 
15417 -0.0242755 0.102024 
15418 -0.0255791 0.178852 
15419 -0.026332 0.255872 
15420 -0.282602 0.0290959 
15421 -0.284418 0.104009 
15422 -0.285066 0.179635 
15423 -0.287082 0.255518 
15424 -0.218856 0.0287587 
15425 -0.220036 0.103983 
15426 -0.221498 0.179484 
15427 -0.22266 0.255005 
15428 -0.156986 0.0299743 
15429 -0.157966 0.103635 
15430 -0.158775 0.178612 
15431 -0.15955 0.254187 
15432 -0.095036 0.030293 
15433 -0.0952101 0.103671 
15434 -0.0965051 0.178754 
15435 -0.0967204 0.253318 
15436 -0.0334062 0.0302754 
15437 -0.0335947 0.103968 
15438 -0.0347227 0.177569 
15439 -0.0348225 0.252177 
15440 -0.283529 0.0333587 
15441 -0.284328 0.10551 
15442 -0.285496 0.179119 
15443 -0.287244 0.252958 
15444 -0.221759 0.0336485 
15445 -0.223374 0.106054 
15446 -0.223765 0.179099 
15447 -0.224958 0.251845 
15448 -0.161742 0.0338185 
15449 -0.162461 0.105536 
15450 -0.16285 0.178587 
15451 -0.164549 0.251125 
15452 -0.101266 0.0349009 
15453 -0.102188 0.105765 
15454 -0.103147 0.178019 
15455 -0.103522 0.250575 
15456 -0.0418183 0.0343379 
15457 -0.0424441 0.105369 
15458 -0.043239 0.176879 
15459 -0.0434321 0.24923 
