15180 -0.333065 -0.2164 
15181 -0.333754 -0.0164286 
15182 -0.333757 0.183573 
15183 -0.333426 0.383497 
15184 -0.16666 -0.21693 
15185 -0.167069 -0.0164788 
15186 -0.166786 0.183162 
15187 -0.166967 0.38326 
15188 -1.84317e-05 -0.216656 
15189 0.00019326 -0.0168373 
15190 -0.000391141 0.183357 
15191 -0.000346716 0.383108 
15192 0.166354 -0.216591 
15193 0.166326 -0.0171075 
15194 0.166633 0.183593 
15195 0.166682 0.383434 
15196 0.333567 -0.216677 
15197 0.332914 -0.0162459 
15198 0.332895 0.183092 
15199 0.333781 0.383596 
15200 -0.32261 -0.183909 
15201 -0.322995 -0.00113226 
15202 -0.323083 0.181394 
15203 -0.32324 0.364622 
15204 -0.169509 -0.183951 
15205 -0.170188 -0.000803377 
15206 -0.169864 0.181552 
15207 -0.170185 0.365143 
15208 -0.0176436 -0.183879 
15209 -0.0180216 -0.000910432 
15210 -0.017591 0.182145 
15211 -0.0178122 0.364749 
15212 0.134712 -0.183469 
15213 0.133987 -0.000815021 
15214 0.134604 0.181519 
15215 0.133752 0.364966 
15216 0.286075 -0.183305 
15217 0.285817 -0.000625882 
15218 0.286386 0.181749 
15219 0.286335 0.364931 
15220 -0.313052 -0.156479 
15221 -0.314455 0.0115465 
15222 -0.314123 0.181138 
15223 -0.315068 0.349365 
15224 -0.172666 -0.156443 
15225 -0.173451 0.0125473 
15226 -0.174063 0.180872 
15227 -0.174354 0.349686 
15228 -0.0330647 -0.155588 
15229 -0.0328226 0.0124695 
15230 -0.0332189 0.180221 
15231 -0.033342 0.349048 
15232 0.106965 -0.155623 
15233 0.106495 0.0121106 
15234 0.107242 0.181083 
15235 0.106174 0.348475 
15236 0.24607 -0.154678 
15237 0.246176 0.0128047 
15238 0.246155 0.180405 
15239 0.246764 0.348877 
15240 -0.305847 -0.132792 
15241 -0.306742 0.0235465 
15242 -0.3072 0.180026 
15243 -0.308721 0.336422 
15244 -0.176016 -0.132603 
15245 -0.176634 0.0239329 
15246 -0.177338 0.180165 
15247 -0.177743 0.336471 
15248 -0.0461864 -0.131915 
15249 -0.0466169 0.0240695 
15250 -0.0471568 0.179111 
15251 -0.046954 0.336235 
15252 0.0835389 -0.130986 
15253 0.0827676 0.0238616 
15254 0.0832916 0.17966 
15255 0.0825357 0.335043 
15256 0.212662 -0.130315 
15257 0.212453 0.0244891 
15258 0.212078 0.179516 
15259 0.212636 0.334963 
15260 -0.299984 -0.112547 
15261 -0.301307 0.0334906 
15262 -0.30251 0.179467 
15263 -0.302406 0.324965 
15264 -0.178456 -0.111556 
15265 -0.179815 0.0336471 
15266 -0.179604 0.178644 
15267 -0.180437 0.325302 
15268 -0.0578028 -0.111561 
15269 -0.0586125 0.0339265 
15270 -0.0582085 0.179029 
15271 -0.058605 0.324774 
15272 0.0625843 -0.110422 
15273 0.062147 0.0341381 
15274 0.0626256 0.178246 
15275 0.0622439 0.324043 
15276 0.18221 -0.110064 
15277 0.18286 0.0334315 
15278 0.182703 0.178776 
15279 0.182559 0.323515 
15280 -0.295373 -0.0943127 
15281 -0.296639 0.0413394 
15282 -0.297863 0.178042 
15283 -0.298415 0.315264 
15284 -0.181667 -0.0939467 
15285 -0.181998 0.0421594 
15286 -0.183357 0.178155 
15287 -0.183821 0.314726 
15288 -0.0681769 -0.0937849 
15289 -0.0690149 0.0420204 
15290 -0.0697492 0.177709 
15291 -0.0701993 0.314136 
15292 0.0442495 -0.0931602 
15293 0.0442498 0.0425443 
15294 0.0441036 0.177891 
15295 0.0433992 0.313462 
15296 0.156531 -0.0926474 
15297 0.156221 0.0421407 
15298 0.156432 0.177585 
15299 0.156022 0.313525 
15300 -0.29212 -0.079207 
15301 -0.292361 0.0485236 
15302 -0.293499 0.177904 
15303 -0.294858 0.30654 
15304 -0.184504 -0.0781394 
15305 -0.185535 0.0487392 
15306 -0.186365 0.177165 
15307 -0.186381 0.305918 
15308 -0.078292 -0.0781472 
15309 -0.0785926 0.0490877 
15310 -0.0787758 0.177 
15311 -0.0796813 0.304857 
15312 0.0276721 -0.0776601 
15313 0.0273133 0.0499539 
15314 0.0274665 0.176308 
15315 0.0267087 0.304639 
15316 0.133114 -0.0769866 
15317 0.132829 0.0492688 
15318 0.133188 0.176507 
15319 0.132794 0.303546 
15320 -0.288248 -0.0655189 
15321 -0.289397 0.0554499 
15322 -0.290574 0.177305 
15323 -0.291097 0.29905 
15324 -0.187365 -0.064393 
15325 -0.187562 0.0558878 
15326 -0.188227 0.176342 
15327 -0.189914 0.297583 
15328 -0.0871838 -0.0637306 
15329 -0.0876605 0.0559547 
15330 -0.0876648 0.176511 
15331 -0.0882321 0.297715 
15332 0.0124921 -0.0639493 
15333 0.0123185 0.0562703 
15334 0.0122498 0.175915 
15335 0.0120724 0.29612 
15336 0.111746 -0.0632449 
15337 0.112003 0.0559546 
15338 0.112102 0.175861 
15339 0.112048 0.295886 
15340 -0.285517 -0.0532061 
15341 -0.286617 0.061157 
15342 -0.28787 0.176151 
15343 -0.289073 0.291907 
15344 -0.190399 -0.0528034 
15345 -0.190642 0.0615129 
15346 -0.191678 0.175946 
15347 -0.191787 0.291331 
15348 -0.0951396 -0.052526 
15349 -0.0953851 0.0614191 
15350 -0.0954695 0.175689 
15351 -0.0965831 0.290463 
15352 -0.00039719 -0.0514226 
15353 -0.000529527 0.0613918 
15354 -0.00126582 0.174968 
15355 -0.00130462 0.289558 
15356 0.0930883 -0.0508874 
15357 0.0928678 0.0613801 
15358 0.0933521 0.174321 
15359 0.0929564 0.28887 
15360 -0.283964 -0.0418466 
15361 -0.284785 0.0667411 
15362 -0.285805 0.175761 
15363 -0.286886 0.285729 
15364 -0.192644 -0.0414972 
15365 -0.193519 0.0667904 
15366 -0.194631 0.17531 
15367 -0.195223 0.284561 
15368 -0.102278 -0.0416907 
15369 -0.102449 0.0659693 
15370 -0.102968 0.174474 
15371 -0.10356 0.28383 
15372 -0.0132642 -0.0408406 
15373 -0.0132175 0.0668421 
15374 -0.0130571 0.173729 
15375 -0.0133965 0.282479 
15376 0.0760348 -0.0402057 
15377 0.0760553 0.0661422 
15378 0.075763 0.174167 
15379 0.0763095 0.281275 
15380 -0.28213 -0.0326849 
15381 -0.283083 0.0713096 
15382 -0.283924 0.174431 
15383 -0.285014 0.278976 
15384 -0.195857 -0.0316242 
15385 -0.195878 0.0713118 
15386 -0.196746 0.174556 
15387 -0.197388 0.278763 
15388 -0.109428 -0.0318516 
15389 -0.109492 0.0703724 
15390 -0.110453 0.173999 
15391 -0.110339 0.277176 
15392 -0.024617 -0.0313294 
15393 -0.0247878 0.071112 
15394 -0.0249048 0.17323 
15395 -0.0245684 0.276056 
15396 0.0602872 -0.0309763 
15397 0.0602251 0.0700876 
15398 0.0601189 0.172589 
15399 0.0598193 0.275513 
15400 -0.281424 -0.0233082 
15401 -0.281624 0.0746188 
15402 -0.28229 0.173722 
15403 -0.283888 0.273561 
15404 -0.197812 -0.023701 
15405 -0.198964 0.0746615 
15406 -0.199179 0.173781 
15407 -0.199776 0.272439 
15408 -0.116389 -0.0235793 
15409 -0.116762 0.0745816 
15410 -0.117138 0.172369 
15411 -0.117168 0.2721 
15412 -0.0348013 -0.0229594 
15413 -0.0350301 0.0740712 
15414 -0.0355871 0.172579 
15415 -0.035799 0.27007 
15416 0.0452925 -0.0229163 
15417 0.0454827 0.0744742 
15418 0.0458546 0.171821 
15419 0.0457773 0.2699 
15420 -0.279565 -0.0157123 
15421 -0.280906 0.0785053 
15422 -0.281947 0.172802 
15423 -0.282553 0.268315 
15424 -0.20084 -0.0157714 
15425 -0.201305 0.0778829 
15426 -0.201922 0.1729 
15427 -0.202683 0.26755 
15428 -0.12289 -0.0153112 
15429 -0.122671 0.0783565 
15430 -0.123204 0.171922 
15431 -0.12318 0.266542 
15432 -0.0447191 -0.0149741 
15433 -0.0446707 0.0776321 
15434 -0.0452111 0.171273 
15435 -0.0446292 0.265444 
15436 0.0325808 -0.0148266 
15437 0.0328326 0.0777091 
15438 0.0325628 0.169973 
15439 0.0326656 0.263896 
15440 -0.279476 -0.0084037 
15441 -0.28011 0.0812588 
15442 -0.281451 0.172088 
15443 -0.28215 0.263871 
15444 -0.203477 -0.00819588 
15445 -0.204522 0.0814084 
15446 -0.204504 0.171608 
15447 -0.204661 0.262814 
15448 -0.128469 -0.00902212 
15449 -0.128517 0.0811315 
15450 -0.128622 0.171095 
15451 -0.128843 0.26138 
15452 -0.0541312 -0.00808264 
15453 -0.0537927 0.0801951 
15454 -0.0538413 0.170374 
15455 -0.0543205 0.260084 
15456 0.0198758 -0.00860778 
15457 0.0201831 0.0805777 
15458 0.0196193 0.169167 
15459 0.020167 0.258587 
15460 -0.278831 -0.00256893 
15461 -0.279342 0.0845442 
15462 -0.280742 0.17095 
15463 -0.281003 0.259253 
15464 -0.205886 -0.00224008 
15465 -0.207068 0.0838283 
15466 -0.207149 0.170578 
15467 -0.207563 0.257689 
15468 -0.134536 -0.0027008 
15469 -0.133834 0.0837265 
15470 -0.134714 0.17012 
15471 -0.134698 0.256174 
15472 -0.0630495 -0.00199428 
15473 -0.0627779 0.0831323 
15474 -0.0628783 0.168872 
15475 -0.0623871 0.255454 
15476 0.00820613 -0.00264258 
15477 0.00790672 0.0821355 
15478 0.00863619 0.168214 
15479 0.00894976 0.254223 
15480 -0.27919 0.00302656 
15481 -0.279942 0.0860279 
15482 -0.280331 0.170045 
15483 -0.281064 0.255194 
15484 -0.208404 0.00354535 
15485 -0.209171 0.0855903 
15486 -0.209394 0.169565 
15487 -0.209815 0.252943 
15488 -0.139632 0.00283532 
15489 -0.139745 0.0856357 
15490 -0.13935 0.168791 
15491 -0.139691 0.251436 
15492 -0.0708605 0.00332198 
15493 -0.0709285 0.085007 
15494 -0.0703029 0.167953 
15495 -0.0710485 0.250097 
15496 -0.0025144 0.00260522 
15497 -0.00282192 0.0843244 
15498 -0.00186666 0.166929 
15499 -0.00166407 0.249552 
15500 -0.279414 0.00873857 
15501 -0.279093 0.0884599 
15502 -0.280098 0.169439 
15503 -0.280824 0.25005 
15504 -0.211813 0.00867275 
15505 -0.212128 0.0874482 
15506 -0.212059 0.168099 
15507 -0.212273 0.249422 
15508 -0.144393 0.0082748 
15509 -0.144629 0.0876396 
15510 -0.144509 0.167218 
15511 -0.145253 0.247183 
15512 -0.0790127 0.00750272 
15513 -0.0784086 0.0863529 
15514 -0.0783412 0.166402 
15515 -0.0780411 0.245914 
15516 -0.0130951 0.00780166 
15517 -0.0131367 0.0861694 
15518 -0.0125298 0.165204 
15519 -0.0120605 0.244914 
15520 -0.278982 0.0128369 
15521 -0.279304 0.0899143 
15522 -0.279881 0.168063 
15523 -0.281106 0.2459 
15524 -0.21396 0.0125353 
15525 -0.21463 0.0893319 
15526 -0.214859 0.166929 
15527 -0.214521 0.24465 
15528 -0.149439 0.0129417 
15529 -0.14935 0.0890969 
15530 -0.150207 0.165693 
15531 -0.149284 0.243372 
15532 -0.0859315 0.0126666 
15533 -0.0854893 0.0879902 
15534 -0.0860098 0.164331 
15535 -0.0851962 0.241864 
15536 -0.0234504 0.0121011 
15537 -0.0222592 0.0878348 
15538 -0.0220312 0.163217 
15539 -0.0215241 0.239877 
15540 -0.279884 0.0167732 
15541 -0.279629 0.0917225 
15542 -0.280723 0.166871 
15543 -0.280457 0.241977 
15544 -0.216565 0.0171916 
15545 -0.216911 0.0905827 
15546 -0.21719 0.165792 
15547 -0.217167 0.241183 
15548 -0.154992 0.016351 
15549 -0.15437 0.0896347 
15550 -0.154818 0.164551 
15551 -0.154475 0.238687 
15552 -0.0935176 0.0164132 
15553 -0.0925926 0.0892352 
15554 -0.0920514 0.163655 
15555 -0.0924568 0.237506 
15556 -0.0322109 0.0156577 
15557 -0.0316407 0.08907 
15558 -0.0311187 0.161899 
15559 -0.0304923 0.236261 
15560 -0.280318 0.0206187 
15561 -0.280368 0.0925297 
15562 -0.281113 0.165778 
15563 -0.281506 0.238031 
15564 -0.219889 0.020215 
15565 -0.21948 0.0919226 
15566 -0.21963 0.164421 
15567 -0.219831 0.237129 
15568 -0.159656 0.0203122 
15569 -0.158987 0.0908213 
15570 -0.158571 0.162611 
15571 -0.158472 0.235184 
15572 -0.0994084 0.0190429 
15573 -0.0990805 0.0906199 
15574 -0.0987381 0.161672 
15575 -0.0988153 0.233815 
15576 -0.0413928 0.0191153 
15577 -0.0406491 0.0897515 
15578 -0.0401563 0.160447 
15579 -0.0389452 0.231384 
