15240 -0.333638 -0.216626 
15241 -0.333601 -0.0166318 
15242 -0.332892 0.183198 
15243 -0.333772 0.383012 
15244 -0.167018 -0.216918 
15245 -0.166751 -0.0170958 
15246 -0.166748 0.183171 
15247 -0.166909 0.383748 
15248 -0.000311823 -0.216837 
15249 -0.000363572 -0.0164019 
15250 -0.000285721 0.182857 
15251 -0.000461904 0.383627 
15252 0.166717 -0.216706 
15253 0.167029 -0.0162687 
15254 0.166245 0.18321 
15255 0.166319 0.383681 
15256 0.333048 -0.216843 
15257 0.333207 -0.0170615 
15258 0.333794 0.18302 
15259 0.333669 0.383805 
15260 -0.322076 -0.184039 
15261 -0.322289 -0.00183712 
15262 -0.322904 0.180855 
15263 -0.322565 0.364047 
15264 -0.169761 -0.183912 
15265 -0.16972 -0.00157814 
15266 -0.169574 0.181221 
15267 -0.170293 0.363988 
15268 -0.0179762 -0.184106 
15269 -0.0176817 -0.00150105 
15270 -0.0177853 0.180889 
15271 -0.0176675 0.36381 
15272 0.134795 -0.18404 
15273 0.134519 -0.00145273 
15274 0.134424 0.181437 
15275 0.134663 0.363504 
15276 0.286648 -0.183831 
15277 0.286291 -0.00141916 
15278 0.286649 0.18118 
15279 0.286227 0.363295 
15280 -0.312801 -0.15736 
15281 -0.313988 0.0108618 
15282 -0.313681 0.179345 
15283 -0.31392 0.348077 
15284 -0.172431 -0.156993 
15285 -0.173349 0.0106936 
15286 -0.172926 0.179457 
15287 -0.173176 0.34757 
15288 -0.0323417 -0.156198 
15289 -0.0331712 0.0109762 
15290 -0.0325898 0.179515 
15291 -0.0330289 0.347987 
15292 0.107225 -0.15597 
15293 0.107298 0.0108207 
15294 0.10689 0.179319 
15295 0.107418 0.347471 
15296 0.24615 -0.155912 
15297 0.246049 0.0114836 
15298 0.246399 0.17906 
15299 0.246602 0.346917 
15300 -0.305297 -0.134659 
15301 -0.305993 0.0213499 
15302 -0.307184 0.178216 
15303 -0.306833 0.335155 
15304 -0.175469 -0.134243 
15305 -0.176376 0.0220124 
15306 -0.176666 0.17765 
15307 -0.176462 0.334459 
15308 -0.0457136 -0.133815 
15309 -0.0458037 0.0217566 
15310 -0.0464167 0.177878 
15311 -0.0465453 0.33325 
15312 0.0832714 -0.133348 
15313 0.0838412 0.0218053 
15314 0.0833482 0.177354 
15315 0.0838258 0.332771 
15316 0.211993 -0.132874 
15317 0.21255 0.0216563 
15318 0.212036 0.17749 
15319 0.212726 0.332128 
15320 -0.299712 -0.114493 
15321 -0.3007 0.0311435 
15322 -0.301054 0.176683 
15323 -0.301715 0.322535 
15324 -0.17832 -0.114275 
15325 -0.178474 0.0312629 
15326 -0.179138 0.176089 
15327 -0.179977 0.321647 
15328 -0.0573419 -0.113806 
15329 -0.0576105 0.0308584 
15330 -0.0580022 0.17586 
15331 -0.0583387 0.321542 
15332 0.0623111 -0.113185 
15333 0.0630153 0.0313368 
15334 0.0624321 0.175667 
15335 0.0624992 0.320346 
15336 0.182318 -0.11284 
15337 0.182976 0.0305932 
15338 0.183154 0.175737 
15339 0.183332 0.319821 
15340 -0.294602 -0.0970274 
15341 -0.295442 0.0386007 
15342 -0.296331 0.175517 
15343 -0.296884 0.311895 
15344 -0.180809 -0.096583 
15345 -0.181759 0.0390284 
15346 -0.182322 0.17446 
15347 -0.181963 0.311785 
15348 -0.0683044 -0.0962316 
15349 -0.0680819 0.0384623 
15350 -0.0680466 0.17431 
15351 -0.0682142 0.31065 
15352 0.0446088 -0.0955436 
15353 0.0438641 0.038719 
15354 0.0448123 0.173991 
15355 0.0441731 0.309852 
15356 0.155804 -0.0951509 
15357 0.155912 0.0384752 
15358 0.157046 0.17316 
15359 0.156562 0.308653 
15360 -0.291278 -0.0815952 
15361 -0.29189 0.0461502 
15362 -0.292325 0.17387 
15363 -0.292779 0.302959 
15364 -0.184379 -0.0812844 
15365 -0.184759 0.0456609 
15366 -0.184923 0.17365 
15367 -0.185482 0.302119 
15368 -0.0774648 -0.08139 
15369 -0.0781093 0.0459132 
15370 -0.0783498 0.172932 
15371 -0.0781696 0.300778 
15372 0.0282399 -0.0813991 
15373 0.027873 0.0449816 
15374 0.0282894 0.172447 
15375 0.0284876 0.299792 
15376 0.132561 -0.081226 
15377 0.132611 0.0448957 
15378 0.133055 0.171802 
15379 0.13343 0.298892 
15380 -0.288097 -0.0687651 
15381 -0.288075 0.051414 
15382 -0.289163 0.17251 
15383 -0.289183 0.294933 
15384 -0.186335 -0.0689619 
15385 -0.187031 0.0513435 
15386 -0.187377 0.172185 
15387 -0.187904 0.293331 
15388 -0.086558 -0.0685833 
15389 -0.0860786 0.05173 
15390 -0.0866063 0.171804 
15391 -0.086743 0.292179 
15392 0.0134565 -0.0675886 
15393 0.0129196 0.051369 
15394 0.0135703 0.171272 
15395 0.0129166 0.291486 
15396 0.111792 -0.0673627 
15397 0.111843 0.0514909 
15398 0.113001 0.170386 
15399 0.112887 0.290811 
15400 -0.285462 -0.0573124 
15401 -0.285193 0.0573182 
15402 -0.285789 0.171789 
15403 -0.287223 0.287019 
15404 -0.189506 -0.056802 
15405 -0.189685 0.0566802 
15406 -0.190558 0.171196 
15407 -0.190122 0.286115 
15408 -0.0949166 -0.0565611 
15409 -0.0943225 0.0566321 
15410 -0.0947386 0.169714 
15411 -0.0943755 0.2848 
15412 -0.000690388 -0.0569457 
15413 -0.000107332 0.0564184 
15414 0.000374911 0.169354 
15415 -0.000165774 0.283438 
15416 0.0930501 -0.0565066 
15417 0.0938558 0.0561716 
15418 0.0933646 0.16851 
15419 0.0945188 0.282545 
15420 -0.283073 -0.0466652 
15421 -0.282962 0.0612196 
15422 -0.284238 0.170643 
15423 -0.284692 0.279957 
15424 -0.192414 -0.0466354 
15425 -0.192531 0.0610232 
15426 -0.192915 0.169953 
15427 -0.19297 0.278915 
15428 -0.101707 -0.0463689 
15429 -0.102429 0.0609224 
15430 -0.102491 0.169149 
15431 -0.102329 0.277743 
15432 -0.0124267 -0.046426 
15433 -0.0124903 0.0603633 
15434 -0.0124791 0.167616 
15435 -0.0119148 0.276465 
15436 0.0754371 -0.0467212 
15437 0.0759793 0.060569 
15438 0.0765963 0.167316 
15439 0.076706 0.275144 
15440 -0.281635 -0.0372888 
15441 -0.281224 0.0652145 
15442 -0.282433 0.168688 
15443 -0.283001 0.273343 
15444 -0.194562 -0.0377005 
15445 -0.194565 0.0653512 
15446 -0.195048 0.167995 
15447 -0.19574 0.271785 
15448 -0.109119 -0.0376522 
15449 -0.109359 0.0646827 
15450 -0.108573 0.167316 
15451 -0.10934 0.270807 
15452 -0.0245225 -0.0372382 
15453 -0.0236453 0.0637705 
15454 -0.0235146 0.166222 
15455 -0.0235852 0.269212 
15456 0.0597195 -0.0377974 
15457 0.0605866 0.0637789 
15458 0.0611898 0.166027 
15459 0.0620408 0.267785 
15460 -0.279858 -0.0292859 
15461 -0.280843 0.0687154 
15462 -0.280404 0.167935 
15463 -0.280974 0.267359 
15464 -0.197854 -0.0290938 
15465 -0.197395 0.0686085 
15466 -0.198242 0.167213 
15467 -0.198256 0.26524 
15468 -0.115409 -0.0293468 
15469 -0.115582 0.0678759 
15470 -0.115272 0.165837 
15471 -0.115818 0.264091 
15472 -0.0342816 -0.0296201 
15473 -0.0341478 0.0675325 
15474 -0.0335397 0.165121 
15475 -0.0339863 0.263335 
15476 0.0457551 -0.0298277 
15477 0.0462285 0.0666339 
15478 0.0470437 0.163693 
15479 0.047306 0.261866 
15480 -0.279199 -0.0222715 
15481 -0.279577 0.0722929 
15482 -0.279433 0.166408 
15483 -0.280522 0.261294 
15484 -0.200494 -0.0223972 
15485 -0.200247 0.0708154 
15486 -0.199916 0.165442 
15487 -0.20004 0.259885 
15488 -0.121823 -0.0223074 
15489 -0.12206 0.0706868 
15490 -0.121754 0.164053 
15491 -0.121267 0.258883 
15492 -0.044812 -0.0223333 
15493 -0.0439254 0.0697659 
15494 -0.0437551 0.163556 
15495 -0.0431183 0.256743 
15496 0.0327547 -0.0227913 
15497 0.0329681 0.069155 
15498 0.033584 0.162057 
15499 0.0338265 0.255464 
15500 -0.278428 -0.0156631 
15501 -0.278664 0.0742209 
15502 -0.279427 0.165129 
15503 -0.279325 0.255846 
15504 -0.202322 -0.0159178 
15505 -0.203151 0.073589 
15506 -0.203028 0.163607 
15507 -0.203317 0.254347 
15508 -0.127551 -0.0161631 
15509 -0.127685 0.0725243 
15510 -0.127237 0.162412 
15511 -0.127237 0.252519 
15512 -0.0540138 -0.0167318 
15513 -0.052934 0.0720695 
15514 -0.0531042 0.161749 
15515 -0.0524721 0.251659 
15516 0.0197543 -0.016475 
15517 0.0208715 0.0719537 
15518 0.0210977 0.160255 
15519 0.0214537 0.250032 
15520 -0.277658 -0.0102651 
15521 -0.278272 0.0765472 
15522 -0.27861 0.163758 
15523 -0.278397 0.250933 
15524 -0.205054 -0.00966428 
15525 -0.204946 0.0759425 
15526 -0.205547 0.162644 
15527 -0.204788 0.248689 
15528 -0.133793 -0.010508 
15529 -0.133676 0.0751226 
15530 -0.132845 0.160509 
15531 -0.132533 0.247585 
15532 -0.062393 -0.0107519 
15533 -0.0622651 0.0742038 
15534 -0.0610084 0.159955 
15535 -0.060919 0.246274 
15536 0.00868516 -0.0111596 
15537 0.00909323 0.0732909 
15538 0.00925008 0.159016 
15539 0.0101904 0.244408 
15540 -0.277934 -0.00480318 
15541 -0.278017 0.0784639 
15542 -0.278155 0.161373 
15543 -0.278207 0.245798 
15544 -0.207978 -0.00508984 
15545 -0.208216 0.0775074 
15546 -0.207466 0.160869 
15547 -0.207648 0.244386 
15548 -0.138812 -0.00515892 
15549 -0.138172 0.0765674 
15550 -0.138002 0.159018 
15551 -0.13732 0.242313 
15552 -0.0706574 -0.00569211 
15553 -0.070135 0.0758258 
15554 -0.0694881 0.157861 
15555 -0.0683278 0.240503 
15556 -0.00251199 -0.00589298 
15557 -0.0014513 0.0747463 
15558 -0.000844813 0.156247 
15559 -0.000356225 0.238602 
15560 -0.277697 0.000318213 
15561 -0.277719 0.0797575 
15562 -0.278396 0.160281 
15563 -0.277711 0.240833 
15564 -0.211118 -0.000939523 
15565 -0.210011 0.0784183 
15566 -0.209751 0.158902 
15567 -0.20955 0.238764 
15568 -0.143749 -0.000990807 
15569 -0.143665 0.0774523 
15570 -0.143613 0.157343 
15571 -0.142624 0.237252 
15572 -0.0776996 -0.00191088 
15573 -0.0778182 0.0772748 
15574 -0.0766103 0.156 
15575 -0.0766791 0.235478 
15576 -0.0128625 -0.00238834 
15577 -0.0120557 0.0759548 
15578 -0.0114778 0.154821 
15579 -0.0103668 0.234276 
15580 -0.278581 0.00402196 
15581 -0.278223 0.0807979 
15582 -0.278059 0.158047 
15583 -0.277624 0.23605 
15584 -0.213526 0.00357627 
15585 -0.213139 0.080414 
15586 -0.212424 0.156529 
15587 -0.212058 0.234605 
15588 -0.148599 0.00290311 
15589 -0.148897 0.0787431 
15590 -0.148049 0.155345 
15591 -0.147054 0.232532 
15592 -0.0856899 0.00257415 
15593 -0.0852167 0.077633 
15594 -0.0835971 0.153854 
15595 -0.0829761 0.230474 
15596 -0.0231461 0.00169695 
15597 -0.0215892 0.077212 
15598 -0.0205212 0.152948 
15599 -0.0198967 0.228649 
15600 -0.278727 0.00722934 
15601 -0.27861 0.0820797 
15602 -0.27768 0.156533 
15603 -0.277517 0.232168 
15604 -0.216349 0.00731139 
15605 -0.215005 0.0807796 
15606 -0.214922 0.155045 
15607 -0.215092 0.230239 
15608 -0.153852 0.00608908 
15609 -0.153181 0.0797067 
15610 -0.152558 0.153949 
15611 -0.151546 0.228367 
15612 -0.0923778 0.00538007 
15613 -0.091395 0.0780964 
15614 -0.0912414 0.151892 
15615 -0.0906091 0.226212 
15616 -0.0320313 0.0044431 
15617 -0.0313476 0.0775269 
15618 -0.029641 0.150512 
15619 -0.0293455 0.224353 
15620 -0.279285 0.0109196 
15621 -0.278602 0.0822129 
15622 -0.278967 0.155055 
15623 -0.278667 0.227602 
15624 -0.21898 0.00962815 
15625 -0.217739 0.0812731 
15626 -0.217856 0.152779 
15627 -0.217354 0.225793 
15628 -0.158793 0.00969586 
15629 -0.157509 0.0806333 
15630 -0.157632 0.152053 
15631 -0.1567 0.223082 
15632 -0.0989358 0.00808693 
15633 -0.0980353 0.0785806 
15634 -0.0971143 0.149721 
15635 -0.0965006 0.221252 
15636 -0.0402469 0.00786761 
15637 -0.040103 0.0781637 
15638 -0.0389786 0.148344 
15639 -0.0376487 0.219209 
