1540 -0.333422 -0.21694 
1541 -0.333646 -0.016678 
1542 -0.333489 0.182865 
1543 -0.333251 0.382882 
1544 -0.167153 -0.21692 
1545 -0.166984 -0.0162141 
1546 -0.16648 0.183787 
1547 -0.16623 0.382919 
1548 0.000299278 -0.217093 
1549 -0.000224599 -0.0164038 
1550 0.000330217 0.18295 
1551 -0.000124598 0.383278 
1552 0.166956 -0.216694 
1553 0.166888 -0.016592 
1554 0.166614 0.182951 
1555 0.166624 0.38299 
1556 0.33328 -0.216548 
1557 0.333656 -0.0161995 
1558 0.33329 0.183178 
1559 0.332911 0.382859 
1560 -0.325662 -0.207077 
1561 -0.325216 -0.0220995 
1562 -0.324964 0.162577 
1563 -0.324567 0.347832 
1564 -0.171395 -0.207169 
1565 -0.170515 -0.0216757 
1566 -0.17045 0.162798 
1567 -0.171094 0.346876 
1568 -0.0172815 -0.206276 
1569 -0.017227 -0.0219181 
1570 -0.0165728 0.162726 
1571 -0.0165932 0.34731 
1572 0.13714 -0.206044 
1573 0.137025 -0.0215619 
1574 0.136561 0.162495 
1575 0.136884 0.346482 
1576 0.291175 -0.206043 
1577 0.290482 -0.0213581 
1578 0.290163 0.162113 
1579 0.290064 0.346687 
1580 -0.318441 -0.199879 
1581 -0.318544 -0.0274996 
1582 -0.318088 0.144622 
1583 -0.317922 0.316562 
1584 -0.175159 -0.198924 
1585 -0.175326 -0.0273428 
1586 -0.175255 0.144859 
1587 -0.175354 0.316155 
1588 -0.0319886 -0.198505 
1589 -0.0321604 -0.0267304 
1590 -0.0315924 0.144101 
1591 -0.0325621 0.315128 
1592 0.110864 -0.198654 
1593 0.111339 -0.0265364 
1594 0.110759 0.144053 
1595 0.110088 0.31549 
1596 0.253743 -0.197573 
1597 0.253788 -0.0262638 
1598 0.252839 0.144565 
1599 0.252994 0.314787 
1600 -0.313543 -0.193327 
1601 -0.312872 -0.0317792 
1602 -0.313431 0.12806 
1603 -0.313037 0.288626 
1604 -0.17851 -0.193022 
1605 -0.178899 -0.0315096 
1606 -0.179195 0.128862 
1607 -0.178547 0.288584 
1608 -0.0447917 -0.192309 
1609 -0.0447933 -0.0315297 
1610 -0.0449605 0.128275 
1611 -0.0456507 0.288035 
1612 0.0881929 -0.191341 
1613 0.0878724 -0.0316771 
1614 0.0877497 0.128763 
1615 0.0873893 0.287874 
1616 0.221411 -0.190971 
1617 0.221182 -0.0304886 
1618 0.219803 0.128643 
1619 0.219611 0.286826 
1620 -0.309009 -0.188147 
1621 -0.30858 -0.0368956 
1622 -0.308625 0.113835 
1623 -0.308281 0.264386 
1624 -0.182137 -0.186986 
1625 -0.182891 -0.0359365 
1626 -0.18322 0.113821 
1627 -0.182723 0.263915 
1628 -0.057146 -0.186073 
1629 -0.0575359 -0.0362892 
1630 -0.0577522 0.113829 
1631 -0.057884 0.263548 
1632 0.0687562 -0.185229 
1633 0.0676473 -0.0359771 
1634 0.0670322 0.114051 
1635 0.0669158 0.26283 
1636 0.192556 -0.184955 
1637 0.191799 -0.0355706 
1638 0.191687 0.113976 
1639 0.190209 0.262783 
1640 -0.305108 -0.183256 
1641 -0.305245 -0.041439 
1642 -0.304957 0.101286 
1643 -0.305126 0.242342 
1644 -0.186476 -0.182556 
1645 -0.186813 -0.0405773 
1646 -0.186623 0.100863 
1647 -0.186334 0.241711 
1648 -0.0673863 -0.181435 
1649 -0.0677824 -0.0405221 
1650 -0.0682984 0.101188 
1651 -0.0685957 0.241575 
1652 0.0501043 -0.180638 
1653 0.0498063 -0.0391177 
1654 0.0484433 0.101114 
1655 0.048718 0.241768 
1656 0.167098 -0.179922 
1657 0.16613 -0.0394968 
1658 0.16523 0.101392 
1659 0.165163 0.240581 
1660 -0.302635 -0.180565 
1661 -0.302481 -0.0451873 
1662 -0.302872 0.089192 
1663 -0.302402 0.22229 
1664 -0.189541 -0.178823 
1665 -0.189671 -0.0444049 
1666 -0.190687 0.0892401 
1667 -0.190342 0.222344 
1668 -0.0775759 -0.177797 
1669 -0.078129 -0.0440238 
1670 -0.0785315 0.089426 
1671 -0.0788211 0.222367 
1672 0.0334941 -0.177233 
1673 0.0324584 -0.0431068 
1674 0.0318912 0.0891594 
1675 0.0313529 0.221919 
1676 0.143914 -0.176209 
1677 0.143577 -0.0425964 
1678 0.142448 0.0897131 
1679 0.140918 0.221446 
1680 -0.300035 -0.176901 
1681 -0.300781 -0.0496264 
1682 -0.300477 0.0774491 
1683 -0.301048 0.204426 
1684 -0.193152 -0.175618 
1685 -0.193327 -0.0490106 
1686 -0.194028 0.0784628 
1687 -0.19407 0.204239 
1688 -0.0871118 -0.174385 
1689 -0.0876655 -0.0481515 
1690 -0.0881566 0.0785858 
1691 -0.0884013 0.203933 
1692 0.0189388 -0.173954 
1693 0.0179652 -0.0474606 
1694 0.0173491 0.0784479 
1695 0.0163558 0.203883 
1696 0.122864 -0.172576 
1697 0.121833 -0.0466915 
1698 0.121346 0.0793336 
1699 0.119816 0.203246 
1700 -0.298371 -0.17537 
1701 -0.298373 -0.0537379 
1702 -0.298544 0.0675514 
1703 -0.298726 0.187692 
1704 -0.196311 -0.17344 
1705 -0.19747 -0.0525499 
1706 -0.197951 0.0680636 
1707 -0.197884 0.187849 
1708 -0.0958202 -0.171833 
1709 -0.0961634 -0.0519333 
1710 -0.0970043 0.0680614 
1711 -0.097195 0.187571 
1712 0.00505233 -0.171087 
1713 0.0041685 -0.0506222 
1714 0.0029114 0.0688888 
1715 0.00239704 0.187999 
1716 0.104168 -0.169272 
1717 0.102953 -0.0496034 
1718 0.10155 0.068904 
1719 0.100778 0.188052 
1720 -0.296991 -0.173517 
1721 -0.297276 -0.0571091 
1722 -0.297333 0.0581717 
1723 -0.297956 0.172895 
1724 -0.200095 -0.17146 
1725 -0.200159 -0.0561073 
1726 -0.201104 0.0584837 
1727 -0.202058 0.172607 
1728 -0.103318 -0.169781 
1729 -0.104756 -0.0551211 
1730 -0.105401 0.0590351 
1731 -0.105896 0.173068 
1732 -0.00768096 -0.168716 
1733 -0.00872915 -0.0540888 
1734 -0.00975921 0.0599512 
1735 -0.0106423 0.173152 
1736 0.0863276 -0.166708 
1737 0.0854777 -0.0533381 
1738 0.0845044 0.0606652 
1739 0.0830876 0.173314 
1740 -0.296196 -0.171408 
1741 -0.296797 -0.0606576 
1742 -0.296588 0.0495574 
1743 -0.297056 0.158839 
1744 -0.202982 -0.169727 
1745 -0.203617 -0.0598833 
1746 -0.204499 0.0500994 
1747 -0.204833 0.159279 
1748 -0.111166 -0.168382 
1749 -0.111677 -0.0587645 
1750 -0.112714 0.0506451 
1751 -0.114036 0.159051 
1752 -0.0201948 -0.166534 
1753 -0.0208523 -0.0576515 
1754 -0.0218735 0.05113 
1755 -0.0228237 0.159453 
1756 0.0705288 -0.165216 
1757 0.0693132 -0.0564072 
1758 0.0676154 0.052243 
1759 0.0663667 0.15965 
1760 -0.295705 -0.169878 
1761 -0.295868 -0.0643335 
1762 -0.296399 0.0415459 
1763 -0.297435 0.145752 
1764 -0.205999 -0.168546 
1765 -0.207434 -0.0631519 
1766 -0.207763 0.0424344 
1767 -0.208797 0.145853 
1768 -0.118583 -0.166467 
1769 -0.118978 -0.0617114 
1770 -0.120223 0.0427466 
1771 -0.120754 0.146521 
1772 -0.0309357 -0.164228 
1773 -0.0317688 -0.0601757 
1774 -0.0333568 0.0431432 
1775 -0.0343136 0.147044 
1776 0.0558063 -0.162778 
1777 0.054436 -0.0588856 
1778 0.0528756 0.0446377 
1779 0.0513977 0.147229 
1780 -0.294729 -0.169024 
1781 -0.295702 -0.0671921 
1782 -0.296233 0.0334199 
1783 -0.29709 0.134258 
1784 -0.209257 -0.167372 
1785 -0.210043 -0.0664651 
1786 -0.211732 0.0342545 
1787 -0.212459 0.134639 
1788 -0.124741 -0.165579 
1789 -0.126456 -0.0642491 
1790 -0.12753 0.0350651 
1791 -0.128361 0.134662 
1792 -0.040996 -0.163197 
1793 -0.0426195 -0.0629767 
1794 -0.0441207 0.0363599 
1795 -0.0456399 0.135559 
1796 0.0418161 -0.161268 
1797 0.0396288 -0.0614474 
1798 0.0383942 0.0373383 
1799 0.0365938 0.135769 
1800 -0.295294 -0.168292 
1801 -0.295841 -0.0705692 
1802 -0.296823 0.0259873 
1803 -0.29729 0.122669 
1804 -0.212513 -0.1662 
1805 -0.214184 -0.0686501 
1806 -0.214404 0.0274048 
1807 -0.215291 0.123003 
1808 -0.131152 -0.164534 
1809 -0.133202 -0.0676832 
1810 -0.13358 0.0288622 
1811 -0.134928 0.124224 
1812 -0.0507216 -0.162181 
1813 -0.052193 -0.0661291 
1814 -0.0536498 0.0291879 
1815 -0.0552725 0.124417 
1816 0.0283437 -0.160505 
1817 0.0269185 -0.0645726 
1818 0.0253317 0.0309797 
1819 0.0234936 0.124962 
1820 -0.295628 -0.167891 
1821 -0.295585 -0.0740049 
1822 -0.296701 0.0200748 
1823 -0.297738 0.112492 
1824 -0.216461 -0.165737 
1825 -0.216707 -0.0722412 
1826 -0.218481 0.0205195 
1827 -0.219694 0.113072 
1828 -0.137344 -0.163473 
1829 -0.138727 -0.0705886 
1830 -0.140171 0.0216297 
1831 -0.141787 0.114027 
1832 -0.0606214 -0.160631 
1833 -0.0621983 -0.0683129 
1834 -0.0631046 0.0231834 
1835 -0.0653818 0.114211 
1836 0.0159999 -0.158584 
1837 0.013994 -0.0668388 
1838 0.0131721 0.0242588 
1839 0.0105963 0.11479 
1840 -0.295756 -0.166867 
1841 -0.296685 -0.0766039 
1842 -0.297107 0.0136004 
1843 -0.298284 0.102612 
1844 -0.219165 -0.164404 
1845 -0.220515 -0.0751892 
1846 -0.221887 0.0146194 
1847 -0.222328 0.103644 
1848 -0.143984 -0.161896 
1849 -0.145513 -0.0729545 
1850 -0.146062 0.0156972 
1851 -0.14796 0.10466 
1852 -0.0689906 -0.159745 
1853 -0.0703505 -0.0707545 
1854 -0.0726071 0.0174254 
1855 -0.0742237 0.104908 
1856 0.00452196 -0.157759 
1857 0.00298419 -0.0694886 
1858 0.000736086 0.0189815 
1859 -0.00121314 0.105629 
1860 -0.29625 -0.167008 
1861 -0.296706 -0.0794538 
1862 -0.297965 0.00706278 
1863 -0.298847 0.0936314 
1864 -0.222509 -0.164293 
1865 -0.223683 -0.0771504 
1866 -0.224809 0.00907809 
1867 -0.226411 0.0945945 
1868 -0.14914 -0.161577 
1869 -0.150635 -0.0758197 
1870 -0.152149 0.0103466 
1871 -0.154495 0.0955038 
1872 -0.0776011 -0.159048 
1873 -0.079315 -0.0730469 
1874 -0.0806885 0.0112437 
1875 -0.0821903 0.0960166 
1876 -0.00669741 -0.157309 
1877 -0.00862328 -0.0718085 
1878 -0.00983679 0.0132037 
1879 -0.0123322 0.0976247 
1880 -0.296096 -0.166544 
1881 -0.298138 -0.0819589 
1882 -0.299233 0.00241595 
1883 -0.300514 0.0855946 
1884 -0.22506 -0.164006 
1885 -0.226543 -0.0799846 
1886 -0.227811 0.002996 
1887 -0.229714 0.0864725 
1888 -0.155003 -0.160994 
1889 -0.157079 -0.0779793 
1890 -0.157813 0.00520465 
1891 -0.15951 0.0877339 
1892 -0.0849677 -0.158693 
1893 -0.0870255 -0.07587 
1894 -0.0893151 0.00673687 
1895 -0.091164 0.0878548 
1896 -0.0162308 -0.155845 
1897 -0.0190457 -0.0735707 
1898 -0.0209654 0.00828616 
1899 -0.0225732 0.0897317 
1900 -0.297432 -0.165692 
1901 -0.29907 -0.0847692 
1902 -0.299845 -0.00325906 
1903 -0.301749 0.0767713 
1904 -0.228005 -0.163446 
1905 -0.230446 -0.0822917 
1906 -0.23135 -0.00191928 
1907 -0.233335 0.0781311 
1908 -0.16008 -0.16012 
1909 -0.162511 -0.0801372 
1910 -0.163608 0.000374195 
1911 -0.16535 0.0792318 
1912 -0.0931239 -0.157956 
1913 -0.0947933 -0.0782257 
1914 -0.0968454 0.00194671 
1915 -0.0991524 0.0808476 
1916 -0.0265982 -0.154917 
1917 -0.0283923 -0.075739 
1918 -0.0311345 0.00336483 
1919 -0.0332045 0.0814248 
1920 -0.298314 -0.166146 
1921 -0.299845 -0.0864068 
1922 -0.301231 -0.00805466 
1923 -0.302828 0.0700778 
1924 -0.231717 -0.162402 
1925 -0.233236 -0.0840781 
1926 -0.234476 -0.00603048 
1927 -0.236837 0.0715374 
1928 -0.165731 -0.160401 
1929 -0.167111 -0.0820832 
1930 -0.169222 -0.0049375 
1931 -0.170878 0.0727538 
1932 -0.100712 -0.157131 
1933 -0.101962 -0.0802631 
1934 -0.104031 -0.00248377 
1935 -0.106253 0.0735577 
1936 -0.035771 -0.154652 
1937 -0.0385172 -0.0774 
1938 -0.0409908 -0.00156342 
1939 -0.0428544 0.0745744 
