15620 -0.333433 -0.21698 
15621 -0.333339 -0.0171174 
15622 -0.332918 0.182835 
15623 -0.33364 0.38325 
15624 -0.166816 -0.216517 
15625 -0.166401 -0.0170494 
15626 -0.166676 0.183759 
15627 -0.167107 0.383363 
15628 0.000292012 -0.216382 
15629 0.000373505 -0.0163629 
15630 8.57834e-05 0.183454 
15631 0.000319903 0.382884 
15632 0.166574 -0.217005 
15633 0.166597 -0.0169522 
15634 0.166795 0.182953 
15635 0.16685 0.383092 
15636 0.333533 -0.21634 
15637 0.33301 -0.0166017 
15638 0.333428 0.183556 
15639 0.333414 0.382984 
15640 -0.3214 -0.193282 
15641 -0.320789 -0.0116888 
15642 -0.320646 0.171048 
15643 -0.320576 0.35397 
15644 -0.169049 -0.194025 
15645 -0.168781 -0.0120054 
15646 -0.16807 0.170813 
15647 -0.16818 0.353347 
15648 -0.0178169 -0.194326 
15649 -0.0173185 -0.0117027 
15650 -0.0170394 0.169739 
15651 -0.0166767 0.352585 
15652 0.134333 -0.193785 
15653 0.134176 -0.0127503 
15654 0.135036 0.169282 
15655 0.135373 0.352255 
15656 0.286091 -0.194823 
15657 0.286125 -0.0124093 
15658 0.286519 0.16937 
15659 0.286643 0.350958 
15660 -0.311289 -0.175211 
15661 -0.311502 -0.00760742 
15662 -0.310162 0.16007 
15663 -0.310016 0.328453 
15664 -0.17175 -0.175655 
15665 -0.171001 -0.0076612 
15666 -0.170375 0.159053 
15667 -0.169453 0.326888 
15668 -0.0325228 -0.176133 
15669 -0.0314226 -0.00869827 
15670 -0.0313892 0.159098 
15671 -0.0303492 0.326427 
15672 0.106964 -0.17569 
15673 0.107368 -0.00942321 
15674 0.108629 0.157747 
15675 0.108776 0.324817 
15676 0.245654 -0.176332 
15677 0.246353 -0.00947121 
15678 0.247224 0.157071 
15679 0.248351 0.323926 
15680 -0.3032 -0.159647 
15681 -0.303026 -0.00489475 
15682 -0.302191 0.150186 
15683 -0.301886 0.305502 
15684 -0.174486 -0.159776 
15685 -0.173071 -0.00513363 
15686 -0.172428 0.149575 
15687 -0.171645 0.304909 
15688 -0.0451398 -0.16076 
15689 -0.0441817 -0.00598863 
15690 -0.043639 0.148098 
15691 -0.0421515 0.303572 
15692 0.0836237 -0.161004 
15693 0.0847133 -0.00699939 
15694 0.0848478 0.147456 
15695 0.0867639 0.301612 
15696 0.21106 -0.161184 
15697 0.212537 -0.00735384 
15698 0.21362 0.14623 
15699 0.214299 0.300743 
15700 -0.297212 -0.14697 
15701 -0.296388 -0.00246073 
15702 -0.294829 0.141938 
15703 -0.294293 0.286226 
15704 -0.176539 -0.147713 
15705 -0.175265 -0.00382724 
15706 -0.174099 0.140193 
15707 -0.173371 0.28467 
15708 -0.0564859 -0.148141 
15709 -0.0556951 -0.0050625 
15710 -0.0544163 0.13925 
15711 -0.0529657 0.282784 
15712 0.0628669 -0.14919 
15713 0.0635893 -0.00595051 
15714 0.0649632 0.137949 
15715 0.0663142 0.280902 
15716 0.181758 -0.149396 
15717 0.182924 -0.00660735 
15718 0.184384 0.136822 
15719 0.185174 0.279447 
15720 -0.291439 -0.136514 
15721 -0.291008 -0.00134116 
15722 -0.289379 0.133824 
15723 -0.287982 0.269174 
15724 -0.179548 -0.136626 
15725 -0.177609 -0.00254841 
15726 -0.176948 0.13214 
15727 -0.174907 0.266897 
15728 -0.0666239 -0.138041 
15729 -0.0657381 -0.0038321 
15730 -0.0641456 0.130692 
15731 -0.0628674 0.264718 
15732 0.0448726 -0.138912 
15733 0.0456084 -0.00524784 
15734 0.0473657 0.128496 
15735 0.049176 0.263018 
15736 0.155162 -0.139091 
15737 0.156762 -0.00602049 
15738 0.158068 0.127475 
15739 0.160218 0.260982 
15740 -0.287577 -0.126526 
15741 -0.285912 -0.000978508 
15742 -0.284976 0.126755 
15743 -0.283655 0.25342 
15744 -0.181581 -0.127922 
15745 -0.179659 -0.0022257 
15746 -0.179044 0.124367 
15747 -0.177138 0.250827 
15748 -0.0758878 -0.128413 
15749 -0.0743592 -0.00349291 
15750 -0.0728298 0.122618 
15751 -0.0716323 0.249129 
15752 0.0280851 -0.130038 
15753 0.0303884 -0.00424229 
15754 0.0315845 0.120558 
15755 0.0335001 0.246262 
15756 0.132248 -0.130927 
15757 0.134074 -0.00569722 
15758 0.135893 0.119186 
15759 0.13754 0.244193 
15760 -0.283606 -0.119615 
15761 -0.282242 -0.000646703 
15762 -0.28088 0.118863 
15763 -0.278933 0.238697 
15764 -0.183922 -0.120879 
15765 -0.182854 -0.00163269 
15766 -0.180456 0.117358 
15767 -0.178942 0.236272 
15768 -0.0849518 -0.12167 
15769 -0.0828536 -0.00349666 
15770 -0.0811611 0.115339 
15771 -0.0797879 0.234111 
15772 0.0132912 -0.122309 
15773 0.0157427 -0.00481255 
15774 0.0175777 0.113515 
15775 0.019702 0.231753 
15776 0.111655 -0.124222 
15777 0.113674 -0.00662633 
15778 0.115888 0.111125 
15779 0.117465 0.229184 
15780 -0.280572 -0.11259 
15781 -0.279009 -0.0003023 
15782 -0.277853 0.112557 
15783 -0.275636 0.226382 
15784 -0.18678 -0.113791 
15785 -0.184348 -0.00213077 
15786 -0.183021 0.110959 
15787 -0.180562 0.223721 
15788 -0.0927991 -0.115014 
15789 -0.0904122 -0.00360327 
15790 -0.0892174 0.108302 
15791 -0.0865201 0.221057 
15792 0.000845558 -0.116815 
15793 0.00217843 -0.00557783 
15794 0.00484052 0.106433 
15795 0.00661269 0.21814 
15796 0.0932238 -0.117624 
15797 0.0947926 -0.00722342 
15798 0.0970397 0.104295 
15799 0.099124 0.215995 
15800 -0.27832 -0.107384 
15801 -0.277268 -0.000403776 
15802 -0.275037 0.106728 
15803 -0.273039 0.213869 
15804 -0.188762 -0.10898 
15805 -0.186833 -0.00233759 
15806 -0.185054 0.104346 
15807 -0.182809 0.211199 
15808 -0.10042 -0.110561 
15809 -0.0977629 -0.00408706 
15810 -0.0955836 0.101724 
15811 -0.0933033 0.208563 
15812 -0.0120486 -0.11209 
15813 -0.00962674 -0.00569739 
15814 -0.0068653 0.100125 
15815 -0.00468668 0.206194 
15816 0.0757859 -0.11339 
15817 0.0782322 -0.00818847 
15818 0.0808414 0.097109 
15819 0.0823585 0.202801 
15820 -0.276837 -0.103342 
15821 -0.274348 -0.00152475 
15822 -0.272662 0.10029 
15823 -0.270311 0.202584 
15824 -0.191418 -0.104294 
15825 -0.189126 -0.00365305 
15826 -0.187009 0.0977823 
15827 -0.184508 0.199891 
15828 -0.106405 -0.106363 
15829 -0.104548 -0.00520449 
15830 -0.102007 0.0959075 
15831 -0.100103 0.197079 
15832 -0.0225367 -0.107442 
15833 -0.020314 -0.00728347 
15834 -0.0181257 0.093091 
15835 -0.0158608 0.194305 
15836 0.0607767 -0.108788 
15837 0.0632383 -0.00888465 
15838 0.0647742 0.091375 
15839 0.0675302 0.191434 
15840 -0.275402 -0.0989735 
15841 -0.272787 -0.00253845 
15842 -0.270775 0.094702 
15843 -0.269123 0.192245 
15844 -0.193488 -0.101284 
15845 -0.191741 -0.00395121 
15846 -0.189073 0.0920908 
15847 -0.186694 0.18863 
15848 -0.113364 -0.102802 
15849 -0.11111 -0.00604812 
15850 -0.10811 0.0892437 
15851 -0.105731 0.185992 
15852 -0.0327264 -0.104082 
15853 -0.0310495 -0.00898177 
15854 -0.0278708 0.0870491 
15855 -0.0253772 0.182972 
15856 0.0458141 -0.105752 
15857 0.0485728 -0.0102384 
15858 0.0512087 0.0846115 
15859 0.0535921 0.179924 
15860 -0.274268 -0.096241 
15861 -0.271778 -0.0033721 
15862 -0.269294 0.0892167 
15863 -0.266669 0.182295 
15864 -0.196728 -0.0976977 
15865 -0.193489 -0.00547841 
15866 -0.191389 0.0865656 
15867 -0.189237 0.178605 
15868 -0.11904 -0.0994643 
15869 -0.116958 -0.00743266 
15870 -0.11447 0.0838828 
15871 -0.111616 0.175936 
15872 -0.04291 -0.101327 
15873 -0.0398948 -0.00992037 
15874 -0.0370315 0.0816598 
15875 -0.0353089 0.172793 
15876 0.0328517 -0.102534 
15877 0.0358223 -0.0116975 
15878 0.0388172 0.0784641 
15879 0.0415056 0.170124 
15880 -0.273028 -0.0933162 
15881 -0.270834 -0.00536885 
15882 -0.268069 0.0840801 
15883 -0.265849 0.172337 
15884 -0.199122 -0.0951553 
15885 -0.196246 -0.00769631 
15886 -0.193508 0.080849 
15887 -0.191271 0.169904 
15888 -0.124553 -0.0968173 
15889 -0.122191 -0.00958191 
15890 -0.11989 0.0780486 
15891 -0.11706 0.166559 
15892 -0.0515548 -0.09872 
15893 -0.0494262 -0.0120918 
15894 -0.0462086 0.075423 
15895 -0.0438634 0.163884 
15896 0.0209198 -0.100632 
15897 0.023862 -0.0134985 
15898 0.0264721 0.0732759 
15899 0.0288179 0.160057 
15900 -0.272247 -0.0915489 
15901 -0.270555 -0.00611617 
15902 -0.267933 0.0787599 
15903 -0.264605 0.163583 
15904 -0.200884 -0.0929011 
15905 -0.197947 -0.00871488 
15906 -0.196071 0.0760029 
15907 -0.192522 0.160181 
15908 -0.13025 -0.0951933 
15909 -0.127164 -0.0114671 
15910 -0.125103 0.0733029 
15911 -0.121709 0.157128 
15912 -0.0598457 -0.0972149 
15913 -0.0571849 -0.013658 
15914 -0.0547177 0.0704453 
15915 -0.0519026 0.154347 
15916 0.00935491 -0.0991908 
15917 0.012767 -0.015419 
15918 0.0148505 0.0673924 
15919 0.0181743 0.150742 
15920 -0.27215 -0.0900212 
15921 -0.270072 -0.00826741 
15922 -0.26685 0.0734298 
15923 -0.264552 0.155151 
15924 -0.203275 -0.0918343 
15925 -0.200549 -0.0108741 
15926 -0.19821 0.0711057 
15927 -0.19513 0.152562 
15928 -0.135661 -0.0934973 
15929 -0.13286 -0.0125606 
15930 -0.129928 0.0678441 
15931 -0.127172 0.148652 
15932 -0.0679451 -0.0951986 
15933 -0.0649885 -0.0157514 
15934 -0.0616914 0.0653111 
15935 -0.0588309 0.145909 
15936 -0.000907752 -0.0979333 
15937 0.00170145 -0.0180645 
15938 0.00458432 0.0626006 
15939 0.00753465 0.142438 
15940 -0.271809 -0.0882006 
15941 -0.269426 -0.00989334 
15942 -0.266283 0.0689813 
15943 -0.264035 0.147125 
15944 -0.205773 -0.090545 
15945 -0.203356 -0.0128748 
15946 -0.200354 0.0659664 
15947 -0.19713 0.144161 
15948 -0.140002 -0.0926163 
15949 -0.137539 -0.0150322 
15950 -0.134432 0.0632811 
15951 -0.131626 0.141225 
15952 -0.0751844 -0.0946275 
15953 -0.0722318 -0.0174638 
15954 -0.0694067 0.0596767 
15955 -0.0662568 0.137761 
15956 -0.0117263 -0.0966533 
15957 -0.00824502 -0.0195473 
15958 -0.00496213 0.057576 
15959 -0.0022943 0.134299 
15960 -0.272336 -0.0876076 
15961 -0.269365 -0.0121974 
15962 -0.266099 0.0635863 
15963 -0.263391 0.140131 
15964 -0.208761 -0.0891291 
15965 -0.204955 -0.0141753 
15966 -0.20189 0.0606737 
15967 -0.199448 0.136288 
15968 -0.145032 -0.0913987 
15969 -0.14223 -0.0173093 
15970 -0.138994 0.0574258 
15971 -0.13548 0.132523 
15972 -0.0822331 -0.0934457 
15973 -0.0790352 -0.0190377 
15974 -0.075978 0.0546354 
15975 -0.0729368 0.129307 
15976 -0.0211231 -0.0954964 
15977 -0.0171141 -0.0216202 
15978 -0.0144437 0.0524742 
15979 -0.0109137 0.126768 
15980 -0.272195 -0.0869593 
15981 -0.269394 -0.0143092 
15982 -0.266591 0.0595068 
15983 -0.263173 0.131997 
15984 -0.210811 -0.0886142 
15985 -0.207501 -0.0160917 
15986 -0.204152 0.0556646 
15987 -0.201578 0.128782 
15988 -0.149587 -0.0908879 
15989 -0.146339 -0.0186501 
15990 -0.143394 0.0530592 
15991 -0.140412 0.125666 
15992 -0.0891818 -0.0936773 
15993 -0.0860852 -0.0211822 
15994 -0.0828912 0.0498205 
15995 -0.0793234 0.122555 
15996 -0.0301738 -0.0952916 
15997 -0.0265632 -0.0241885 
15998 -0.0233303 0.0475008 
15999 -0.0203958 0.119208 
16000 -0.272775 -0.0869224 
16001 -0.269901 -0.0156537 
16002 -0.266106 0.0543821 
16003 -0.263146 0.125658 
16004 -0.212976 -0.0885888 
16005 -0.210093 -0.0183624 
16006 -0.206607 0.0512303 
16007 -0.203045 0.121287 
16008 -0.154349 -0.0906347 
16009 -0.151345 -0.0208785 
16010 -0.147619 0.0486757 
16011 -0.14439 0.118561 
16012 -0.095731 -0.0934121 
16013 -0.0925131 -0.0234439 
16014 -0.089368 0.0456202 
16015 -0.0855288 0.115138 
16016 -0.0377718 -0.0952842 
16017 -0.0346513 -0.0267878 
16018 -0.0312604 0.0424835 
16019 -0.0279539 0.111174 
