15680 -0.333121 -0.216511 
15681 -0.33361 -0.0163419 
15682 -0.333544 0.182882 
15683 -0.33328 0.38339 
15684 -0.166704 -0.216681 
15685 -0.166341 -0.0161921 
15686 -0.166875 0.183737 
15687 -0.166826 0.383373 
15688 0.000108444 -0.217088 
15689 -0.000397804 -0.0163193 
15690 0.000423133 0.183711 
15691 -8.83336e-05 0.38349 
15692 0.16635 -0.216237 
15693 0.166524 -0.0164704 
15694 0.167028 0.18366 
15695 0.166247 0.38342 
15696 0.333099 -0.216981 
15697 0.33327 -0.0165632 
15698 0.33342 0.182851 
15699 0.333144 0.383609 
15700 -0.321456 -0.195986 
15701 -0.32125 -0.0133528 
15702 -0.320214 0.169094 
15703 -0.320166 0.351108 
15704 -0.168967 -0.196114 
15705 -0.168333 -0.0141485 
15706 -0.168352 0.168316 
15707 -0.167702 0.350712 
15708 -0.0171262 -0.19613 
15709 -0.0166895 -0.0142672 
15710 -0.0163577 0.167395 
15711 -0.0155447 0.350046 
15712 0.134411 -0.196635 
15713 0.13517 -0.0142134 
15714 0.135127 0.167531 
15715 0.135209 0.349442 
15716 0.285556 -0.196292 
15717 0.285851 -0.0152073 
15718 0.286899 0.166825 
15719 0.287194 0.348373 
15720 -0.311181 -0.179303 
15721 -0.310749 -0.011765 
15722 -0.310115 0.155754 
15723 -0.309803 0.32335 
15724 -0.171858 -0.178962 
15725 -0.170409 -0.0118328 
15726 -0.169717 0.155303 
15727 -0.16897 0.322837 
15728 -0.0321586 -0.179769 
15729 -0.0316558 -0.0132963 
15730 -0.0307032 0.154244 
15731 -0.0300415 0.321365 
15732 0.106904 -0.180212 
15733 0.108146 -0.0135468 
15734 0.108089 0.153553 
15735 0.109482 0.320986 
15736 0.245976 -0.180635 
15737 0.245915 -0.0137803 
15738 0.247614 0.152604 
15739 0.248094 0.319072 
15740 -0.302856 -0.165208 
15741 -0.301955 -0.0102127 
15742 -0.301483 0.145062 
15743 -0.300824 0.299786 
15744 -0.173713 -0.166258 
15745 -0.17324 -0.0113514 
15746 -0.172139 0.143563 
15747 -0.170738 0.298845 
15748 -0.0446798 -0.166298 
15749 -0.0437573 -0.0125555 
15750 -0.0424422 0.142493 
15751 -0.0418653 0.297029 
15752 0.083301 -0.166754 
15753 0.0846443 -0.012996 
15754 0.0853344 0.141294 
15755 0.0867061 0.295889 
15756 0.211079 -0.16748 
15757 0.212611 -0.0138423 
15758 0.213438 0.14009 
15759 0.21536 0.294173 
15760 -0.2968 -0.153987 
15761 -0.29566 -0.0101593 
15762 -0.294675 0.134473 
15763 -0.292775 0.279364 
15764 -0.17669 -0.154352 
15765 -0.174523 -0.0112424 
15766 -0.174233 0.13269 
15767 -0.172401 0.277159 
15768 -0.0568591 -0.155278 
15769 -0.0555097 -0.0117027 
15770 -0.0532623 0.131503 
15771 -0.0521653 0.275127 
15772 0.0631919 -0.155513 
15773 0.0641307 -0.0134182 
15774 0.065295 0.129794 
15775 0.066754 0.27398 
15776 0.181485 -0.156379 
15777 0.183163 -0.0136539 
15778 0.184416 0.128296 
15779 0.186232 0.271458 
15780 -0.291435 -0.143897 
15781 -0.289779 -0.00933664 
15782 -0.288886 0.125036 
15783 -0.287322 0.260597 
15784 -0.178137 -0.145219 
15785 -0.177361 -0.0107099 
15786 -0.175513 0.123615 
15787 -0.17449 0.258405 
15788 -0.0666338 -0.14565 
15789 -0.0649416 -0.0122905 
15790 -0.06336 0.122 
15791 -0.0614508 0.256186 
15792 0.0443521 -0.147373 
15793 0.0460351 -0.013415 
15794 0.0482018 0.119988 
15795 0.0492639 0.253647 
15796 0.155873 -0.148131 
15797 0.15741 -0.0145519 
15798 0.158707 0.118851 
15799 0.160911 0.251466 
15800 -0.286743 -0.136154 
15801 -0.28498 -0.009964 
15802 -0.283199 0.116184 
15803 -0.281637 0.243332 
15804 -0.180766 -0.137515 
15805 -0.179193 -0.0117213 
15806 -0.177241 0.115004 
15807 -0.175627 0.241492 
15808 -0.0758303 -0.138982 
15809 -0.0737669 -0.0125471 
15810 -0.0723008 0.112734 
15811 -0.0702671 0.238942 
15812 0.0282213 -0.139249 
15813 0.030549 -0.0140797 
15814 0.0322207 0.111186 
15815 0.0342157 0.236652 
15816 0.132343 -0.14081 
15817 0.134381 -0.0157305 
15818 0.1365 0.109064 
15819 0.138241 0.234438 
15820 -0.28364 -0.129988 
15821 -0.281279 -0.0105741 
15822 -0.27986 0.108101 
15823 -0.278112 0.227549 
15824 -0.183641 -0.13141 
15825 -0.181077 -0.0126285 
15826 -0.179239 0.10617 
15827 -0.178014 0.225237 
15828 -0.0846457 -0.132187 
15829 -0.0822484 -0.0140504 
15830 -0.0798406 0.104214 
15831 -0.0782726 0.222875 
15832 0.0136949 -0.132954 
15833 0.0162111 -0.0153759 
15834 0.0179706 0.102625 
15835 0.0207764 0.22059 
15836 0.11194 -0.134098 
15837 0.113705 -0.017193 
15838 0.115984 0.10063 
15839 0.118694 0.218461 
15840 -0.279896 -0.124352 
15841 -0.277738 -0.0120743 
15842 -0.275722 0.101038 
15843 -0.274368 0.213766 
15844 -0.185392 -0.125128 
15845 -0.183539 -0.0138405 
15846 -0.18121 0.0988 
15847 -0.179458 0.21136 
15848 -0.0918395 -0.126558 
15849 -0.0901605 -0.0148014 
15850 -0.0879994 0.096937 
15851 -0.0856262 0.208774 
15852 0.00122037 -0.128421 
15853 0.00365065 -0.0167373 
15854 0.00501689 0.0941147 
15855 0.0072651 0.20626 
15856 0.0934315 -0.129647 
15857 0.0960001 -0.0184851 
15858 0.0974681 0.0922921 
15859 0.100547 0.203489 
15860 -0.277439 -0.119709 
15861 -0.275308 -0.0128551 
15862 -0.273359 0.0941467 
15863 -0.271494 0.200733 
15864 -0.18821 -0.121478 
15865 -0.185839 -0.0146106 
15866 -0.183619 0.0912983 
15867 -0.181576 0.198082 
15868 -0.0994545 -0.122511 
15869 -0.0969998 -0.0167055 
15870 -0.0942442 0.0894424 
15871 -0.0924841 0.194981 
15872 -0.010916 -0.124444 
15873 -0.00888961 -0.0183184 
15874 -0.00661201 0.0869723 
15875 -0.00364084 0.192841 
15876 0.076676 -0.125177 
15877 0.0783165 -0.020698 
15878 0.0811134 0.0845531 
15879 0.0836878 0.189957 
15880 -0.275242 -0.115713 
15881 -0.273021 -0.0141682 
15882 -0.270777 0.0872395 
15883 -0.268399 0.189485 
15884 -0.190209 -0.117655 
15885 -0.18853 -0.0168221 
15886 -0.185884 0.0845624 
15887 -0.183011 0.186271 
15888 -0.106372 -0.119064 
15889 -0.103382 -0.0187472 
15890 -0.100746 0.082633 
15891 -0.0982439 0.183435 
15892 -0.0220898 -0.120869 
15893 -0.0196089 -0.0202828 
15894 -0.016566 0.0796243 
15895 -0.0147036 0.180667 
15896 0.0610338 -0.121988 
15897 0.063562 -0.0224233 
15898 0.065851 0.0775018 
15899 0.0689761 0.177928 
15900 -0.273948 -0.112595 
15901 -0.271738 -0.0164453 
15902 -0.269228 0.0805731 
15903 -0.266545 0.177787 
15904 -0.193096 -0.114929 
15905 -0.190043 -0.0184573 
15906 -0.187382 0.0780146 
15907 -0.185094 0.174416 
15908 -0.112638 -0.115678 
15909 -0.109675 -0.0201409 
15910 -0.106974 0.0758291 
15911 -0.104007 0.171984 
15912 -0.0322723 -0.117985 
15913 -0.0293394 -0.0228056 
15914 -0.0270357 0.0730032 
15915 -0.0244752 0.168714 
15916 0.0468167 -0.119794 
15917 0.0495759 -0.024342 
15918 0.0526975 0.0706583 
15919 0.0549468 0.16556 
15920 -0.272613 -0.110017 
15921 -0.270066 -0.0174017 
15922 -0.267244 0.0749017 
15923 -0.264988 0.167461 
15924 -0.194912 -0.112381 
15925 -0.192187 -0.0200716 
15926 -0.190161 0.0714893 
15927 -0.187508 0.16401 
15928 -0.118462 -0.113313 
15929 -0.115192 -0.0227553 
15930 -0.113151 0.0688967 
15931 -0.109832 0.160912 
15932 -0.0416584 -0.115245 
15933 -0.0388627 -0.0246206 
15934 -0.0358288 0.0670766 
15935 -0.0339521 0.158307 
15936 0.0337133 -0.116799 
15937 0.0369685 -0.0271817 
15938 0.0389609 0.0640818 
15939 0.0422973 0.154831 
15940 -0.271656 -0.107744 
15941 -0.269004 -0.0200432 
15942 -0.266549 0.0690397 
15943 -0.264072 0.157611 
15944 -0.197411 -0.109586 
15945 -0.194447 -0.0221778 
15946 -0.191832 0.0654836 
15947 -0.188877 0.154141 
15948 -0.12373 -0.112287 
15949 -0.120634 -0.0241552 
15950 -0.118335 0.0636467 
15951 -0.114886 0.150836 
15952 -0.0506959 -0.113402 
15953 -0.047547 -0.0267265 
15954 -0.0445671 0.0600479 
15955 -0.0421038 0.147955 
15956 0.0215986 -0.115658 
15957 0.0247811 -0.029084 
15958 0.0277499 0.0577564 
15959 0.0302803 0.145238 
15960 -0.271547 -0.106434 
15961 -0.268478 -0.0218369 
15962 -0.265591 0.0628598 
15963 -0.263041 0.147835 
15964 -0.200303 -0.108219 
15965 -0.197452 -0.024378 
15966 -0.194088 0.0599683 
15967 -0.190825 0.144603 
15968 -0.128928 -0.110166 
15969 -0.126495 -0.0265767 
15970 -0.122843 0.057282 
15971 -0.120528 0.141087 
15972 -0.0589685 -0.112882 
15973 -0.0562792 -0.0287013 
15974 -0.0532194 0.0550749 
15975 -0.0498105 0.138111 
15976 0.00991683 -0.113896 
15977 0.0127967 -0.0309637 
15978 0.0166488 0.0514621 
15979 0.0194979 0.135143 
15980 -0.271361 -0.105278 
15981 -0.267776 -0.0242002 
15982 -0.264505 0.0578818 
15983 -0.262258 0.139192 
15984 -0.201779 -0.107413 
15985 -0.19876 -0.0265942 
15986 -0.195886 0.0546409 
15987 -0.193405 0.1359 
15988 -0.133834 -0.109689 
15989 -0.131174 -0.0287941 
15990 -0.127988 0.0516948 
15991 -0.12501 0.132681 
15992 -0.066532 -0.111423 
15993 -0.0639417 -0.0308313 
15994 -0.0605477 0.0493203 
15995 -0.0577632 0.128942 
15996 -0.000175561 -0.113274 
15997 0.00277564 -0.0340198 
15998 0.00622614 0.0461966 
15999 0.00863948 0.126455 
16000 -0.271055 -0.10467 
16001 -0.267776 -0.026469 
16002 -0.264994 0.0525349 
16003 -0.261746 0.130568 
16004 -0.204148 -0.107057 
16005 -0.201095 -0.0288219 
16006 -0.197953 0.0495946 
16007 -0.19506 0.127105 
16008 -0.13896 -0.108593 
16009 -0.136009 -0.0313 
16010 -0.132517 0.0459635 
16011 -0.12946 0.124443 
16012 -0.0742733 -0.110831 
16013 -0.0707275 -0.0333754 
16014 -0.067861 0.0435893 
16015 -0.0651172 0.120894 
16016 -0.00995171 -0.11304 
16017 -0.00750698 -0.0362957 
16018 -0.00422477 0.0409271 
16019 -0.00093612 0.117409 
16020 -0.271079 -0.10396 
16021 -0.267095 -0.0284365 
16022 -0.263877 0.0466821 
16023 -0.260816 0.122954 
16024 -0.207052 -0.106351 
16025 -0.203444 -0.0311931 
16026 -0.20047 0.0437486 
16027 -0.197272 0.119423 
16028 -0.144161 -0.10809 
16029 -0.140515 -0.0334373 
16030 -0.137805 0.0415091 
16031 -0.134012 0.115868 
16032 -0.0818606 -0.109951 
16033 -0.0784907 -0.0361492 
16034 -0.075118 0.0380899 
16035 -0.0715495 0.112637 
16036 -0.0192256 -0.112298 
16037 -0.0161941 -0.0388207 
16038 -0.0128862 0.0350522 
16039 -0.00960537 0.109258 
16040 -0.270347 -0.103701 
16041 -0.267576 -0.0303721 
16042 -0.263992 0.0425011 
16043 -0.260742 0.114903 
16044 -0.208971 -0.106179 
16045 -0.205959 -0.0332475 
16046 -0.202393 0.0388574 
16047 -0.199362 0.111737 
16048 -0.148734 -0.108081 
16049 -0.145207 -0.0358537 
16050 -0.141393 0.0358021 
16051 -0.138111 0.108534 
16052 -0.0881868 -0.109949 
16053 -0.0849615 -0.0387935 
16054 -0.0809665 0.0334014 
16055 -0.0784551 0.104914 
16056 -0.0285464 -0.112675 
16057 -0.0252101 -0.0411897 
16058 -0.0216992 0.0297852 
16059 -0.018 0.10166 
16060 -0.27104 -0.103488 
16061 -0.268061 -0.0336241 
16062 -0.264502 0.0376188 
16063 -0.26051 0.107279 
16064 -0.211633 -0.105425 
16065 -0.208663 -0.0361286 
16066 -0.204569 0.0345781 
16067 -0.201819 0.103951 
16068 -0.152208 -0.108417 
16069 -0.149263 -0.0388582 
16070 -0.145941 0.0308676 
16071 -0.142352 0.10074 
16072 -0.0942167 -0.110504 
16073 -0.0908668 -0.0407135 
16074 -0.0878295 0.0283926 
16075 -0.0844563 0.0969185 
16076 -0.036655 -0.112782 
16077 -0.0339782 -0.0438552 
16078 -0.029949 0.0255087 
16079 -0.0266138 0.0941649 
