15720 -0.333033 -0.216982 
15721 -0.33309 -0.0168842 
15722 -0.333622 0.183459 
15723 -0.333374 0.383731 
15724 -0.166618 -0.216993 
15725 -0.16666 -0.016314 
15726 -0.166168 0.183604 
15727 -0.166947 0.382994 
15728 -0.0004495 -0.217128 
15729 -0.000237402 -0.0167316 
15730 0.000368818 0.18354 
15731 0.000141497 0.383328 
15732 0.167023 -0.216228 
15733 0.167026 -0.0161796 
15734 0.167076 0.183061 
15735 0.166638 0.383389 
15736 0.333728 -0.216662 
15737 0.333794 -0.0169146 
15738 0.333236 0.183316 
15739 0.333456 0.38331 
15740 -0.320567 -0.197006 
15741 -0.320624 -0.0148562 
15742 -0.320038 0.167515 
15743 -0.319811 0.349377 
15744 -0.168921 -0.197324 
15745 -0.168881 -0.0155198 
15746 -0.168185 0.166292 
15747 -0.167666 0.348603 
15748 -0.0173732 -0.197668 
15749 -0.0165936 -0.0156879 
15750 -0.0164691 0.166378 
15751 -0.0161644 0.348621 
15752 0.134354 -0.197795 
15753 0.135091 -0.0157222 
15754 0.135255 0.166076 
15755 0.135659 0.347768 
15756 0.285838 -0.198352 
15757 0.285903 -0.0167286 
15758 0.287016 0.165273 
15759 0.287129 0.346863 
15760 -0.310596 -0.181943 
15761 -0.310653 -0.0141841 
15762 -0.309664 0.153279 
15763 -0.308639 0.320896 
15764 -0.171311 -0.181953 
15765 -0.170973 -0.0147969 
15766 -0.170195 0.151994 
15767 -0.168691 0.319601 
15768 -0.0315102 -0.182542 
15769 -0.0314522 -0.015885 
15770 -0.0307443 0.151705 
15771 -0.0291901 0.318949 
15772 0.106789 -0.18343 
15773 0.107972 -0.0167481 
15774 0.108287 0.150192 
15775 0.109923 0.317315 
15776 0.245683 -0.183569 
15777 0.246567 -0.0171928 
15778 0.247403 0.149665 
15779 0.248353 0.316267 
15780 -0.302619 -0.168676 
15781 -0.301668 -0.0138428 
15782 -0.300464 0.140797 
15783 -0.30016 0.295689 
15784 -0.173314 -0.169944 
15785 -0.172291 -0.0147371 
15786 -0.171446 0.139329 
15787 -0.170518 0.294227 
15788 -0.044519 -0.170583 
15789 -0.0439579 -0.0163808 
15790 -0.0422046 0.137926 
15791 -0.0409793 0.293233 
15792 0.0837001 -0.171012 
15793 0.0845391 -0.0173814 
15794 0.0862302 0.137081 
15795 0.0871669 0.291226 
15796 0.210962 -0.170958 
15797 0.213115 -0.0174091 
15798 0.214103 0.135803 
15799 0.214783 0.290036 
15800 -0.296429 -0.158709 
15801 -0.294592 -0.0145971 
15802 -0.293957 0.129655 
15803 -0.292112 0.273759 
15804 -0.175792 -0.159591 
15805 -0.174068 -0.0159043 
15806 -0.173591 0.128244 
15807 -0.171515 0.272001 
15808 -0.0557962 -0.160433 
15809 -0.0551026 -0.0173345 
15810 -0.0533285 0.126913 
15811 -0.0520081 0.270332 
15812 0.0636197 -0.1609 
15813 0.0641256 -0.0181023 
15814 0.0660197 0.12483 
15815 0.0679818 0.267902 
15816 0.18129 -0.161798 
15817 0.18278 -0.0195442 
15818 0.184642 0.123883 
15819 0.186264 0.266328 
15820 -0.290677 -0.150231 
15821 -0.289743 -0.0155466 
15822 -0.28796 0.118984 
15823 -0.285863 0.254185 
15824 -0.17802 -0.151231 
15825 -0.1764 -0.0164444 
15826 -0.175423 0.117206 
15827 -0.173053 0.25229 
15828 -0.066514 -0.151549 
15829 -0.0647707 -0.0182092 
15830 -0.0632737 0.11572 
15831 -0.0611726 0.250166 
15832 0.0447278 -0.152939 
15833 0.0469812 -0.0193141 
15834 0.0487396 0.11443 
15835 0.0498846 0.248206 
15836 0.155376 -0.153241 
15837 0.157795 -0.0204774 
15838 0.159437 0.112945 
15839 0.160721 0.246198 
15840 -0.285791 -0.142808 
15841 -0.284048 -0.0160876 
15842 -0.282306 0.109839 
15843 -0.281376 0.236963 
15844 -0.180164 -0.143334 
15845 -0.178588 -0.0181806 
15846 -0.176853 0.108002 
15847 -0.174719 0.234502 
15848 -0.0756018 -0.144817 
15849 -0.0730839 -0.0196828 
15850 -0.0718474 0.106639 
15851 -0.0697745 0.232175 
15852 0.029459 -0.146492 
15853 0.0306404 -0.0213102 
15854 0.0333792 0.104623 
15855 0.0350564 0.229945 
15856 0.133161 -0.147509 
15857 0.134993 -0.0222582 
15858 0.137089 0.102665 
15859 0.13923 0.227503 
15860 -0.282959 -0.137025 
15861 -0.280934 -0.0174126 
15862 -0.278187 0.101624 
15863 -0.276964 0.220789 
15864 -0.182385 -0.137764 
15865 -0.181159 -0.0190969 
15866 -0.178363 0.0989539 
15867 -0.176565 0.217873 
15868 -0.0840861 -0.13916 
15869 -0.0812514 -0.0212195 
15870 -0.0798182 0.0969154 
15871 -0.0776203 0.215657 
15872 0.0144994 -0.140364 
15873 0.01669 -0.0232052 
15874 0.0190303 0.0947912 
15875 0.0212464 0.212664 
15876 0.11181 -0.141717 
15877 0.114142 -0.0249087 
15878 0.116357 0.0933771 
15879 0.119068 0.210272 
15880 -0.279449 -0.131969 
15881 -0.277077 -0.0196726 
15882 -0.274784 0.0933326 
15883 -0.273362 0.205943 
15884 -0.185348 -0.132715 
15885 -0.182896 -0.0211041 
15886 -0.180247 0.0909017 
15887 -0.178789 0.203701 
15888 -0.0913435 -0.134694 
15889 -0.0892647 -0.0225557 
15890 -0.0870158 0.0884343 
15891 -0.0844577 0.200331 
15892 0.00189692 -0.136001 
15893 0.00346979 -0.0246109 
15894 0.00647458 0.086885 
15895 0.00846818 0.197644 
15896 0.0936864 -0.137824 
15897 0.095724 -0.026606 
15898 0.0985829 0.0841573 
15899 0.100338 0.195698 
15900 -0.276628 -0.12788 
15901 -0.274288 -0.0206859 
15902 -0.271975 0.0859542 
15903 -0.270312 0.19233 
15904 -0.187271 -0.12945 
15905 -0.185118 -0.0228943 
15906 -0.182419 0.0829836 
15907 -0.18079 0.189303 
15908 -0.0985132 -0.131235 
15909 -0.0962817 -0.0253306 
15910 -0.0935424 0.0811344 
15911 -0.0908231 0.186979 
15912 -0.0103148 -0.13212 
15913 -0.0080984 -0.0265674 
15914 -0.00588495 0.0787218 
15915 -0.00351927 0.184406 
15916 0.0764744 -0.133997 
15917 0.0797213 -0.0288435 
15918 0.0823261 0.0756782 
15919 0.0840935 0.181697 
15920 -0.275351 -0.124252 
15921 -0.272639 -0.0231843 
15922 -0.270413 0.0784958 
15923 -0.267565 0.179953 
15924 -0.189857 -0.126124 
15925 -0.187118 -0.0253645 
15926 -0.184255 0.0756014 
15927 -0.182499 0.176938 
15928 -0.105481 -0.127766 
15929 -0.102611 -0.0272951 
15930 -0.0998 0.0738621 
15931 -0.0974946 0.174233 
15932 -0.0216794 -0.12883 
15933 -0.0190604 -0.028953 
15934 -0.0158256 0.0711863 
15935 -0.0133318 0.171496 
15936 0.0616361 -0.13054 
15937 0.064232 -0.0309547 
15938 0.0673175 0.0686791 
15939 0.0694351 0.168642 
15940 -0.272822 -0.122139 
15941 -0.271123 -0.0248339 
15942 -0.26844 0.0720164 
15943 -0.265341 0.168592 
15944 -0.19158 -0.123719 
15945 -0.189751 -0.0273585 
15946 -0.187106 0.0686317 
15947 -0.184165 0.165573 
15948 -0.111272 -0.125409 
15949 -0.108804 -0.0297334 
15950 -0.105736 0.0665799 
15951 -0.103249 0.162241 
15952 -0.031744 -0.126922 
15953 -0.0287452 -0.0320571 
15954 -0.026299 0.0642543 
15955 -0.0237421 0.159577 
15956 0.0469126 -0.129026 
15957 0.0506419 -0.034046 
15958 0.0528297 0.0608897 
15959 0.0555358 0.156585 
15960 -0.271893 -0.119305 
15961 -0.268963 -0.0273863 
15962 -0.266749 0.0648004 
15963 -0.263278 0.157961 
15964 -0.194279 -0.121252 
15965 -0.191712 -0.0295695 
15966 -0.188438 0.0624421 
15967 -0.186171 0.154873 
15968 -0.117566 -0.123349 
15969 -0.114206 -0.0314261 
15970 -0.111687 0.0597287 
15971 -0.109302 0.151238 
15972 -0.0414604 -0.125218 
15973 -0.0384957 -0.034378 
15974 -0.0351208 0.0566046 
15975 -0.0320656 0.148404 
15976 0.0340997 -0.126639 
15977 0.0371176 -0.0357724 
15978 0.0397444 0.054411 
15979 0.0434288 0.145122 
15980 -0.270989 -0.117361 
15981 -0.268477 -0.0290317 
15982 -0.265279 0.0591929 
15983 -0.261958 0.147768 
15984 -0.197095 -0.120121 
15985 -0.194092 -0.0321678 
15986 -0.190962 0.0558905 
15987 -0.188089 0.144187 
15988 -0.122492 -0.121546 
15989 -0.120109 -0.0343111 
15990 -0.117315 0.0537619 
15991 -0.11448 0.140883 
15992 -0.0494692 -0.123503 
15993 -0.0469253 -0.036106 
15994 -0.0435021 0.0502757 
15995 -0.0408903 0.13764 
15996 0.022477 -0.12537 
15997 0.0253186 -0.0385248 
15998 0.0283391 0.0480516 
15999 0.0308316 0.134456 
16000 -0.269976 -0.116513 
16001 -0.267496 -0.0314047 
16002 -0.264591 0.0533086 
16003 -0.261529 0.137277 
16004 -0.19906 -0.118675 
16005 -0.196281 -0.0343223 
16006 -0.192492 0.0502869 
16007 -0.189781 0.134441 
16008 -0.128464 -0.120074 
16009 -0.124663 -0.0364669 
16010 -0.122072 0.0471661 
16011 -0.119436 0.131092 
16012 -0.0582701 -0.122354 
16013 -0.0549908 -0.0386043 
16014 -0.0525319 0.0439191 
16015 -0.0489919 0.128406 
16016 0.0114442 -0.124035 
16017 0.0143323 -0.0409132 
16018 0.0176648 0.0420287 
16019 0.0203826 0.124354 
16020 -0.27007 -0.115578 
16021 -0.266746 -0.0339859 
16022 -0.2631 0.0467281 
16023 -0.260272 0.128924 
16024 -0.201434 -0.117597 
16025 -0.197707 -0.0370606 
16026 -0.194966 0.0445041 
16027 -0.192097 0.125734 
16028 -0.133137 -0.12011 
16029 -0.13002 -0.038729 
16030 -0.126763 0.0417845 
16031 -0.124011 0.121691 
16032 -0.0660052 -0.121655 
16033 -0.0627617 -0.041878 
16034 -0.0594187 0.0384248 
16035 -0.0561132 0.118954 
16036 0.000635067 -0.123306 
16037 0.0032898 -0.0438927 
16038 0.00659291 0.0359285 
16039 0.0100825 0.115071 
16040 -0.269513 -0.115152 
16041 -0.266463 -0.0366624 
16042 -0.263395 0.0417503 
16043 -0.259864 0.119639 
16044 -0.203146 -0.11702 
16045 -0.20064 -0.0389939 
16046 -0.196705 0.0385963 
16047 -0.19351 0.116538 
16048 -0.137673 -0.119353 
16049 -0.134573 -0.0418018 
16050 -0.131259 0.0356249 
16051 -0.127944 0.113495 
16052 -0.0730714 -0.121548 
16053 -0.0705927 -0.0445861 
16054 -0.066737 0.0324994 
16055 -0.0640754 0.110065 
16056 -0.0094548 -0.123296 
16057 -0.00651909 -0.0470266 
16058 -0.00280894 0.0294528 
16059 -2.86875e-05 0.106431 
16060 -0.269605 -0.114913 
16061 -0.265884 -0.0393985 
16062 -0.262967 0.0364908 
16063 -0.259586 0.111407 
16064 -0.20543 -0.117138 
16065 -0.202346 -0.042136 
16066 -0.199393 0.0328671 
16067 -0.195336 0.108153 
16068 -0.142506 -0.118812 
16069 -0.139202 -0.0443642 
16070 -0.136482 0.0297858 
16071 -0.133228 0.105226 
16072 -0.0807473 -0.121323 
16073 -0.076984 -0.0463972 
16074 -0.073955 0.0270792 
16075 -0.0708094 0.101275 
16076 -0.018577 -0.122623 
16077 -0.0154658 -0.0489749 
16078 -0.0116803 0.0247909 
16079 -0.00886525 0.0986881 
16080 -0.269438 -0.114682 
16081 -0.266215 -0.0414479 
16082 -0.263116 0.0305429 
16083 -0.258981 0.103337 
16084 -0.207828 -0.116189 
16085 -0.20513 -0.0447301 
16086 -0.20141 0.0282375 
16087 -0.197976 0.100433 
16088 -0.147632 -0.119248 
16089 -0.144214 -0.0469478 
16090 -0.13994 0.0254719 
16091 -0.137253 0.0968559 
16092 -0.0865703 -0.120631 
16093 -0.0832158 -0.0498499 
16094 -0.0801868 0.0220094 
16095 -0.076508 0.0940625 
16096 -0.0274552 -0.122652 
16097 -0.0240365 -0.0518953 
16098 -0.0209402 0.0190641 
16099 -0.0174305 0.0901999 
16100 -0.26939 -0.114578 
16101 -0.26621 -0.0444858 
16102 -0.263013 0.0263397 
16103 -0.259359 0.0961443 
16104 -0.21084 -0.116946 
16105 -0.206685 -0.0472685 
16106 -0.203281 0.0229676 
16107 -0.200083 0.0929004 
16108 -0.151555 -0.118999 
16109 -0.147944 -0.050002 
16110 -0.144792 0.019818 
16111 -0.141349 0.0896406 
16112 -0.0934372 -0.1213 
16113 -0.0903596 -0.0525647 
16114 -0.0868071 0.0169268 
16115 -0.082762 0.0859906 
16116 -0.0363401 -0.123155 
16117 -0.0326101 -0.0542428 
16118 -0.0286013 0.0144822 
16119 -0.0257441 0.0826115 
