15760 -0.333824 -0.216278 
15761 -0.333217 -0.0165726 
15762 -0.333308 0.183167 
15763 -0.333727 0.383112 
15764 -0.166471 -0.216278 
15765 -0.166207 -0.0170995 
15766 -0.167105 0.182865 
15767 -0.167014 0.383798 
15768 -0.000109413 -0.216315 
15769 0.000100594 -0.0168867 
15770 8.75214e-05 0.183434 
15771 -0.000363547 0.383697 
15772 0.166442 -0.216877 
15773 0.167143 -0.0165523 
15774 0.166405 0.18321 
15775 0.166563 0.383325 
15776 0.333767 -0.216959 
15777 0.333573 -0.0170425 
15778 0.333508 0.183477 
15779 0.333145 0.383187 
15780 -0.320965 -0.198908 
15781 -0.320397 -0.0169093 
15782 -0.320215 0.165645 
15783 -0.319743 0.348258 
15784 -0.168389 -0.199119 
15785 -0.168701 -0.0171798 
15786 -0.168263 0.165067 
15787 -0.167553 0.347031 
15788 -0.0171082 -0.199452 
15789 -0.016365 -0.0170109 
15790 -0.0164244 0.164893 
15791 -0.0156507 0.346457 
15792 0.134778 -0.19907 
15793 0.134803 -0.0179436 
15794 0.135029 0.163787 
15795 0.13616 0.346505 
15796 0.286189 -0.2002 
15797 0.286474 -0.0182998 
15798 0.286362 0.163557 
15799 0.287358 0.344982 
15800 -0.3105 -0.184329 
15801 -0.30984 -0.0171379 
15802 -0.308713 0.150354 
15803 -0.308298 0.318266 
15804 -0.17149 -0.184544 
15805 -0.170473 -0.0176295 
15806 -0.169848 0.149925 
15807 -0.168175 0.316974 
15808 -0.0312325 -0.185853 
15809 -0.0308171 -0.0188301 
15810 -0.0298149 0.148898 
15811 -0.0292846 0.31518 
15812 0.10676 -0.185985 
15813 0.107782 -0.0189966 
15814 0.108653 0.147327 
15815 0.109844 0.314517 
15816 0.245609 -0.185909 
15817 0.246308 -0.0201924 
15818 0.247334 0.146248 
15819 0.248912 0.313079 
15820 -0.30298 -0.172873 
15821 -0.301597 -0.0179367 
15822 -0.299894 0.136791 
15823 -0.299594 0.291414 
15824 -0.173251 -0.17295 
15825 -0.171962 -0.0194124 
15826 -0.170631 0.135871 
15827 -0.170237 0.290033 
15828 -0.0444232 -0.173968 
15829 -0.043296 -0.0201923 
15830 -0.0418502 0.133977 
15831 -0.0411993 0.288473 
15832 0.0835242 -0.174806 
15833 0.085382 -0.0211145 
15834 0.0865219 0.133129 
15835 0.0879182 0.287373 
15836 0.21178 -0.175393 
15837 0.212379 -0.0219299 
15838 0.213831 0.132088 
15839 0.215725 0.285078 
15840 -0.296122 -0.162946 
15841 -0.294447 -0.0192858 
15842 -0.2928 0.124714 
15843 -0.291581 0.269193 
15844 -0.175735 -0.163927 
15845 -0.174398 -0.0204552 
15846 -0.172403 0.123183 
15847 -0.170889 0.266856 
15848 -0.055567 -0.164409 
15849 -0.0537642 -0.0214474 
15850 -0.0523256 0.121217 
15851 -0.0508221 0.264911 
15852 0.0632857 -0.16532 
15853 0.0645118 -0.0230336 
15854 0.0660568 0.120477 
15855 0.0684138 0.263461 
15856 0.182 -0.166085 
15857 0.183335 -0.0238477 
15858 0.1856 0.118642 
15859 0.187182 0.261192 
15860 -0.290117 -0.155311 
15861 -0.288808 -0.0209623 
15862 -0.287384 0.113389 
15863 -0.285285 0.248357 
15864 -0.177872 -0.156835 
15865 -0.175605 -0.0221004 
15866 -0.173834 0.111565 
15867 -0.172784 0.246585 
15868 -0.0660853 -0.157623 
15869 -0.0644555 -0.0238439 
15870 -0.0623273 0.110161 
15871 -0.0608479 0.244016 
15872 0.0450567 -0.158296 
15873 0.0472926 -0.0246274 
15874 0.049443 0.108639 
15875 0.0504447 0.241603 
15876 0.155959 -0.159798 
15877 0.158206 -0.0262718 
15878 0.160238 0.106804 
15879 0.161927 0.240093 
15880 -0.28586 -0.148437 
15881 -0.283311 -0.022749 
15882 -0.282088 0.103819 
15883 -0.279632 0.229884 
15884 -0.1798 -0.150095 
15885 -0.178166 -0.0247734 
15886 -0.176478 0.101149 
15887 -0.17379 0.22763 
15888 -0.0746759 -0.150931 
15889 -0.0733637 -0.0254487 
15890 -0.0708847 0.100064 
15891 -0.0685154 0.225209 
15892 0.0296587 -0.152658 
15893 0.0318806 -0.0272843 
15894 0.0335212 0.0981638 
15895 0.0350307 0.222568 
15896 0.133041 -0.153941 
15897 0.135326 -0.0291107 
15898 0.136915 0.095593 
15899 0.139652 0.220125 
15900 -0.281685 -0.143713 
15901 -0.280177 -0.0243573 
15902 -0.277297 0.094398 
15903 -0.275782 0.213947 
15904 -0.182593 -0.145346 
15905 -0.179704 -0.0259693 
15906 -0.178113 0.0925844 
15907 -0.175476 0.210846 
15908 -0.0832467 -0.146134 
15909 -0.0811298 -0.0278835 
15910 -0.0785878 0.0900904 
15911 -0.0770177 0.208188 
15912 0.014888 -0.147598 
15913 0.0171958 -0.0297427 
15914 0.019877 0.0875419 
15915 0.0214314 0.205397 
15916 0.112849 -0.149027 
15917 0.115102 -0.0316426 
15918 0.117186 0.0859566 
15919 0.119514 0.202778 
15920 -0.279098 -0.139277 
15921 -0.276156 -0.026657 
15922 -0.27455 0.0860885 
15923 -0.271404 0.198475 
15924 -0.184783 -0.1411 
15925 -0.182218 -0.0291648 
15926 -0.17956 0.0836398 
15927 -0.177206 0.195474 
15928 -0.0906785 -0.14197 
15929 -0.0888637 -0.0308412 
15930 -0.0856171 0.0810867 
15931 -0.0837439 0.193161 
15932 0.00226342 -0.143434 
15933 0.00398299 -0.032734 
15934 0.00647225 0.0790244 
15935 0.00950965 0.189953 
15936 0.0946136 -0.144859 
15937 0.0967245 -0.0347263 
15938 0.0992923 0.0764709 
15939 0.101429 0.187072 
15940 -0.275966 -0.135215 
15941 -0.273904 -0.0289568 
15942 -0.27129 0.077808 
15943 -0.268497 0.18447 
15944 -0.186446 -0.13714 
15945 -0.183736 -0.0312772 
15946 -0.181241 0.0751015 
15947 -0.179169 0.181685 
15948 -0.0975676 -0.138441 
15949 -0.0950714 -0.0335031 
15950 -0.0932089 0.0732072 
15951 -0.0907024 0.178145 
15952 -0.00947705 -0.140488 
15953 -0.00764709 -0.0345769 
15954 -0.00438831 0.0705722 
15955 -0.00213388 0.175453 
15956 0.0770088 -0.142059 
15957 0.0796158 -0.0371749 
15958 0.0827441 0.0674794 
15959 0.0856153 0.173011 
15960 -0.274004 -0.133122 
15961 -0.271521 -0.0318075 
15962 -0.26882 0.0697434 
15963 -0.266229 0.171518 
15964 -0.188718 -0.134909 
15965 -0.186022 -0.0338759 
15966 -0.184019 0.0675648 
15967 -0.181418 0.168791 
15968 -0.104093 -0.136119 
15969 -0.101983 -0.0355518 
15970 -0.0992091 0.0651232 
15971 -0.0964923 0.165914 
15972 -0.020503 -0.137646 
15973 -0.0179267 -0.0377668 
15974 -0.0157926 0.062102 
15975 -0.0122018 0.162198 
15976 0.0616969 -0.138887 
15977 0.0647971 -0.0398355 
15978 0.0673748 0.0599676 
15979 0.0698965 0.15976 
15980 -0.271869 -0.130236 
15981 -0.269895 -0.0337919 
15982 -0.266859 0.062594 
15983 -0.264444 0.159898 
15984 -0.191249 -0.132361 
15985 -0.18803 -0.036437 
15986 -0.185414 0.0596451 
15987 -0.183025 0.156386 
15988 -0.110254 -0.133532 
15989 -0.108301 -0.0384304 
15990 -0.105012 0.0576998 
15991 -0.102297 0.153012 
15992 -0.0305176 -0.135334 
15993 -0.0284419 -0.0402024 
15994 -0.0253579 0.0547504 
15995 -0.0226243 0.150203 
15996 0.0483919 -0.13768 
15997 0.0513113 -0.0429395 
15998 0.0542621 0.0518107 
15999 0.0568264 0.147292 
16000 -0.270511 -0.128927 
16001 -0.267982 -0.0365764 
16002 -0.265645 0.0563258 
16003 -0.262365 0.148413 
16004 -0.193177 -0.130592 
16005 -0.190892 -0.0391969 
16006 -0.18764 0.0533031 
16007 -0.184665 0.144738 
16008 -0.116137 -0.132385 
16009 -0.113641 -0.0405782 
16010 -0.110797 0.050764 
16011 -0.10815 0.142141 
16012 -0.0399876 -0.134079 
16013 -0.0373504 -0.0431017 
16014 -0.0342106 0.0482221 
16015 -0.0314525 0.138377 
16016 0.0349794 -0.13625 
16017 0.0379406 -0.0452996 
16018 0.040705 0.0449541 
16019 0.0439138 0.13555 
16020 -0.270367 -0.127238 
16021 -0.266833 -0.0388692 
16022 -0.263898 0.0495896 
16023 -0.260393 0.13785 
16024 -0.195766 -0.129091 
16025 -0.192539 -0.041339 
16026 -0.18901 0.0463249 
16027 -0.186543 0.134046 
16028 -0.12197 -0.130836 
16029 -0.119107 -0.0437206 
16030 -0.115583 0.0434677 
16031 -0.112543 0.131322 
16032 -0.048561 -0.132477 
16033 -0.0459864 -0.0455691 
16034 -0.0432544 0.0414119 
16035 -0.0397102 0.128505 
16036 0.0228659 -0.134821 
16037 0.0259047 -0.0483931 
16038 0.029544 0.03789 
16039 0.0321708 0.124755 
16040 -0.269001 -0.126653 
16041 -0.266032 -0.0421012 
16042 -0.263259 0.0430329 
16043 -0.260122 0.127449 
16044 -0.19746 -0.12857 
16045 -0.194583 -0.0443751 
16046 -0.191452 0.0406646 
16047 -0.188793 0.124057 
16048 -0.12706 -0.130512 
16049 -0.12392 -0.0462867 
16050 -0.120598 0.0378669 
16051 -0.118118 0.121318 
16052 -0.057543 -0.132488 
16053 -0.0542392 -0.0490514 
16054 -0.0513863 0.0347571 
16055 -0.0476884 0.117912 
16056 0.0123183 -0.134143 
16057 0.015175 -0.0506298 
16058 0.0179051 0.0314784 
16059 0.0215314 0.114875 
16060 -0.268929 -0.125519 
16061 -0.265778 -0.0447256 
16062 -0.26179 0.0374312 
16063 -0.25874 0.118537 
16064 -0.200028 -0.127309 
16065 -0.196869 -0.0463146 
16066 -0.193879 0.0337612 
16067 -0.190148 0.115345 
16068 -0.132635 -0.129551 
16069 -0.129383 -0.0491344 
16070 -0.125428 0.0310472 
16071 -0.122657 0.112069 
16072 -0.065226 -0.131594 
16073 -0.0617948 -0.0511178 
16074 -0.0580928 0.0285621 
16075 -0.0549501 0.108 
16076 0.00159742 -0.133258 
16077 0.0045418 -0.054148 
16078 0.00809951 0.0258818 
16079 0.0111054 0.105539 
16080 -0.268757 -0.125251 
16081 -0.265422 -0.0473792 
16082 -0.261471 0.0314331 
16083 -0.257785 0.109131 
16084 -0.201931 -0.126831 
16085 -0.199082 -0.049305 
16086 -0.195898 0.0282431 
16087 -0.191811 0.106566 
16088 -0.137377 -0.129181 
16089 -0.133598 -0.0514758 
16090 -0.130072 0.025548 
16091 -0.126974 0.102629 
16092 -0.0725701 -0.131058 
16093 -0.0689255 -0.05474 
16094 -0.0657026 0.0220931 
16095 -0.0623091 0.09916 
16096 -0.00830424 -0.133134 
16097 -0.00495987 -0.0567413 
16098 -0.00218283 0.019658 
16099 0.00167157 0.0960972 
16100 -0.267999 -0.12543 
16101 -0.264405 -0.0491265 
16102 -0.261205 0.0260454 
16103 -0.257893 0.100773 
16104 -0.20405 -0.126958 
16105 -0.200879 -0.0524911 
16106 -0.198079 0.0232391 
16107 -0.194017 0.0977139 
16108 -0.141727 -0.129555 
16109 -0.137943 -0.0550536 
16110 -0.134698 0.0198905 
16111 -0.131636 0.094399 
16112 -0.079567 -0.131116 
16113 -0.0755745 -0.0574064 
16114 -0.072313 0.0166049 
16115 -0.0688842 0.0912609 
16116 -0.0179603 -0.132966 
16117 -0.0139566 -0.0596704 
16118 -0.0106756 0.0141826 
16119 -0.00812006 0.0878811 
16120 -0.268701 -0.125101 
16121 -0.26488 -0.0519309 
16122 -0.261489 0.0204445 
16123 -0.257456 0.0934544 
16124 -0.207218 -0.127026 
16125 -0.202998 -0.0547812 
16126 -0.199601 0.0173281 
16127 -0.196289 0.0901445 
16128 -0.145823 -0.129096 
16129 -0.14252 -0.0575458 
16130 -0.139167 0.0142748 
16131 -0.135804 0.0861107 
16132 -0.0853716 -0.131679 
16133 -0.0820975 -0.060189 
16134 -0.0789653 0.0118523 
16135 -0.0752173 0.0834262 
16136 -0.0259936 -0.133694 
16137 -0.0232536 -0.0624315 
16138 -0.0200649 0.0085104 
16139 -0.0164621 0.079918 
16140 -0.268258 -0.124743 
16141 -0.264611 -0.0552512 
16142 -0.261324 0.0152026 
16143 -0.257672 0.085327 
16144 -0.209201 -0.127463 
16145 -0.205666 -0.0572464 
16146 -0.20198 0.0125916 
16147 -0.198479 0.0816014 
16148 -0.150663 -0.129515 
16149 -0.146801 -0.0599819 
16150 -0.143031 0.00907463 
16151 -0.139717 0.0785351 
16152 -0.0923877 -0.13206 
16153 -0.088835 -0.0627911 
16154 -0.0854864 0.00674975 
16155 -0.0817691 0.0751659 
16156 -0.0349087 -0.133349 
16157 -0.0312761 -0.0650623 
16158 -0.027467 0.00384414 
16159 -0.0240408 0.0719784 
