15920 -0.332956 -0.216205 
15921 -0.332938 -0.0162857 
15922 -0.332992 0.183303 
15923 -0.333621 0.3829 
15924 -0.166863 -0.216417 
15925 -0.167014 -0.0170575 
15926 -0.166536 0.183674 
15927 -0.166733 0.383566 
15928 3.18997e-05 -0.216914 
15929 0.000321925 -0.0162439 
15930 0.000225275 0.182977 
15931 -0.000219351 0.382928 
15932 0.166599 -0.216175 
15933 0.166994 -0.0166495 
15934 0.16628 0.182862 
15935 0.166865 0.383711 
15936 0.333713 -0.216805 
15937 0.332969 -0.0170768 
15938 0.333387 0.183003 
15939 0.333239 0.382963 
15940 -0.320485 -0.204022 
15941 -0.319145 -0.0219014 
15942 -0.318842 0.159603 
15943 -0.318382 0.341725 
15944 -0.167892 -0.204331 
15945 -0.167728 -0.0229841 
15946 -0.167307 0.159328 
15947 -0.166384 0.341205 
15948 -0.0167729 -0.20538 
15949 -0.0156031 -0.0226489 
15950 -0.0154852 0.15907 
15951 -0.0146457 0.340735 
15952 0.134974 -0.205253 
15953 0.135681 -0.0237355 
15954 0.136428 0.157941 
15955 0.136994 0.339611 
15956 0.286673 -0.2059 
15957 0.287018 -0.0240314 
15958 0.28688 0.157821 
15959 0.287719 0.339128 
15960 -0.309543 -0.19491 
15961 -0.308174 -0.0275011 
15962 -0.307357 0.140159 
15963 -0.306861 0.307229 
15964 -0.169846 -0.19505 
15965 -0.168262 -0.0281918 
15966 -0.168003 0.138412 
15967 -0.166458 0.305319 
15968 -0.0300333 -0.195588 
15969 -0.0291727 -0.0286187 
15970 -0.0288961 0.137738 
15971 -0.0276489 0.304494 
15972 0.108449 -0.196453 
15973 0.109249 -0.029471 
15974 0.11045 0.136497 
15975 0.111289 0.303466 
15976 0.246499 -0.196673 
15977 0.24785 -0.0299811 
15978 0.248891 0.136144 
15979 0.249401 0.301725 
15980 -0.299985 -0.187067 
15981 -0.298687 -0.0324358 
15982 -0.297618 0.121809 
15983 -0.29612 0.276699 
15984 -0.171677 -0.1876 
15985 -0.169503 -0.0337539 
15986 -0.168509 0.12058 
15987 -0.167506 0.275506 
15988 -0.0430857 -0.188555 
15989 -0.0410996 -0.0343497 
15990 -0.0404802 0.119465 
15991 -0.0391713 0.273688 
15992 0.0850956 -0.18954 
15993 0.0871621 -0.0353483 
15994 0.0877392 0.118411 
15995 0.0889014 0.271545 
15996 0.213062 -0.18956 
15997 0.214295 -0.0360318 
15998 0.21543 0.11661 
15999 0.216384 0.269954 
16000 -0.292921 -0.180376 
16001 -0.291415 -0.0370137 
16002 -0.289471 0.106279 
16003 -0.288135 0.24996 
16004 -0.172516 -0.181436 
16005 -0.171376 -0.0386427 
16006 -0.169348 0.105011 
16007 -0.167863 0.247859 
16008 -0.0534564 -0.182879 
16009 -0.051403 -0.0397649 
16010 -0.0498497 0.103822 
16011 -0.0484997 0.246074 
16012 0.065388 -0.183482 
16013 0.0672058 -0.0403717 
16014 0.0687913 0.101448 
16015 0.0703057 0.244374 
16016 0.184399 -0.184278 
16017 0.185401 -0.0418088 
16018 0.186667 0.100363 
16019 0.188939 0.242053 
16020 -0.286674 -0.175811 
16021 -0.284874 -0.0421048 
16022 -0.283213 0.0929353 
16023 -0.281573 0.226627 
16024 -0.174263 -0.176591 
16025 -0.172767 -0.0425846 
16026 -0.170699 0.0912224 
16027 -0.169218 0.224119 
16028 -0.0631428 -0.178283 
16029 -0.061497 -0.0446891 
16030 -0.0590937 0.0889608 
16031 -0.0575905 0.221976 
16032 0.0480967 -0.178693 
16033 0.049371 -0.0458253 
16034 0.0516422 0.0874288 
16035 0.0535693 0.219831 
16036 0.158166 -0.180245 
16037 0.160579 -0.0468086 
16038 0.162279 0.0856471 
16039 0.16426 0.217796 
16040 -0.281745 -0.172068 
16041 -0.280216 -0.0459931 
16042 -0.277364 0.0804469 
16043 -0.275351 0.205759 
16044 -0.176725 -0.17306 
16045 -0.174176 -0.0476128 
16046 -0.172081 0.077666 
16047 -0.169793 0.203797 
16048 -0.0721221 -0.174177 
16049 -0.0692559 -0.0485726 
16050 -0.0676423 0.0761259 
16051 -0.0655219 0.200705 
16052 0.0322823 -0.175289 
16053 0.0344485 -0.0510915 
16054 0.0365477 0.0743768 
16055 0.038501 0.198818 
16056 0.135429 -0.176569 
16057 0.137503 -0.0521658 
16058 0.140065 0.0716583 
16059 0.142176 0.195993 
16060 -0.278178 -0.168779 
16061 -0.275838 -0.0504477 
16062 -0.272783 0.068569 
16063 -0.271198 0.186566 
16064 -0.178331 -0.170399 
16065 -0.176337 -0.0514082 
16066 -0.17331 0.0661467 
16067 -0.171838 0.184859 
16068 -0.0797402 -0.171275 
16069 -0.0774393 -0.0536609 
16070 -0.0748846 0.0642254 
16071 -0.0732452 0.181595 
16072 0.0185393 -0.172815 
16073 0.0209751 -0.0555071 
16074 0.0230611 0.061967 
16075 0.0250059 0.179029 
16076 0.115607 -0.173617 
16077 0.11833 -0.0569629 
16078 0.11985 0.0599137 
16079 0.122189 0.176544 
16080 -0.274197 -0.165977 
16081 -0.272093 -0.054363 
16082 -0.269015 0.0576581 
16083 -0.266833 0.169836 
16084 -0.180224 -0.167485 
16085 -0.178136 -0.0555913 
16086 -0.17546 0.0554289 
16087 -0.172462 0.167111 
16088 -0.0866154 -0.168649 
16089 -0.0839744 -0.0581508 
16090 -0.0818231 0.0539736 
16091 -0.0790988 0.164448 
16092 0.00553934 -0.170362 
16093 0.00819483 -0.0591061 
16094 0.0106967 0.051043 
16095 0.0133032 0.162258 
16096 0.0974556 -0.171533 
16097 0.099713 -0.0612941 
16098 0.102414 0.0491474 
16099 0.104916 0.159758 
16100 -0.271177 -0.16442 
16101 -0.268238 -0.0584195 
16102 -0.266385 0.048072 
16103 -0.263078 0.15408 
16104 -0.182115 -0.165722 
16105 -0.179411 -0.0598026 
16106 -0.176803 0.0456886 
16107 -0.174321 0.151197 
16108 -0.0936238 -0.167441 
16109 -0.0912038 -0.0616819 
16110 -0.0881488 0.0436764 
16111 -0.0862486 0.148969 
16112 -0.00607913 -0.169019 
16113 -0.00287576 -0.063447 
16114 -0.00119745 0.0409156 
16115 0.00213114 0.14571 
16116 0.0816257 -0.170392 
16117 0.0841071 -0.0656684 
16118 0.0862436 0.0391057 
16119 0.0885219 0.143447 
16120 -0.268999 -0.162785 
16121 -0.266309 -0.0615832 
16122 -0.263048 0.0393146 
16123 -0.260277 0.139806 
16124 -0.184044 -0.164786 
16125 -0.180888 -0.0637547 
16126 -0.178621 0.0364109 
16127 -0.175977 0.136879 
16128 -0.100194 -0.165591 
16129 -0.096825 -0.0652615 
16130 -0.094252 0.0346826 
16131 -0.0920131 0.134078 
16132 -0.0161621 -0.167022 
16133 -0.0139429 -0.0675519 
16134 -0.0109027 0.0324345 
16135 -0.00826906 0.131676 
16136 0.0663965 -0.168883 
16137 0.0694201 -0.0695956 
16138 0.0711026 0.0298355 
16139 0.0740994 0.12896 
16140 -0.266889 -0.161386 
16141 -0.263604 -0.0655368 
16142 -0.261452 0.0312153 
16143 -0.25799 0.126852 
16144 -0.186323 -0.163734 
16145 -0.183459 -0.0676859 
16146 -0.179938 0.0286032 
16147 -0.177481 0.12345 
16148 -0.105212 -0.165311 
16149 -0.103098 -0.0696219 
16150 -0.100488 0.0259404 
16151 -0.0976998 0.121036 
16152 -0.0265143 -0.166348 
16153 -0.0234206 -0.071282 
16154 -0.0206589 0.02323 
16155 -0.0180129 0.118023 
16156 0.0527163 -0.168351 
16157 0.0554484 -0.0737699 
16158 0.0584086 0.0213879 
16159 0.0610127 0.114834 
16160 -0.265396 -0.16134 
16161 -0.261991 -0.0691489 
16162 -0.258703 0.0227723 
16163 -0.255651 0.115087 
16164 -0.187954 -0.163068 
16165 -0.185359 -0.0707827 
16166 -0.181891 0.0205219 
16167 -0.178704 0.111978 
16168 -0.110879 -0.164514 
16169 -0.108433 -0.0729616 
16170 -0.105808 0.0183279 
16171 -0.102715 0.108825 
16172 -0.0355222 -0.165767 
16173 -0.03248 -0.0755734 
16174 -0.0299469 0.0154646 
16175 -0.026508 0.105653 
16176 0.0401491 -0.167504 
16177 0.043095 -0.0769841 
16178 0.0450815 0.0129007 
16179 0.0483491 0.102871 
16180 -0.26419 -0.160399 
16181 -0.261143 -0.0721601 
16182 -0.257742 0.0155632 
16183 -0.254642 0.102961 
16184 -0.189519 -0.162198 
16185 -0.186294 -0.0744904 
16186 -0.183828 0.0132937 
16187 -0.180149 0.0999219 
16188 -0.116577 -0.16423 
16189 -0.113642 -0.0767408 
16190 -0.110386 0.0105138 
16191 -0.106985 0.0973781 
16192 -0.0437532 -0.166014 
16193 -0.0410539 -0.0786646 
16194 -0.0379845 0.00782997 
16195 -0.0353115 0.0947428 
16196 0.027723 -0.167449 
16197 0.0308412 -0.0810173 
16198 0.0343586 0.0054124 
16199 0.037054 0.091165 
16200 -0.262717 -0.160287 
16201 -0.259889 -0.0759765 
16202 -0.256624 0.00871687 
16203 -0.252786 0.0929952 
16204 -0.191874 -0.161887 
16205 -0.188777 -0.0776121 
16206 -0.18528 0.00572454 
16207 -0.181778 0.0893111 
16208 -0.121631 -0.163901 
16209 -0.118703 -0.080142 
16210 -0.114944 0.00379985 
16211 -0.111733 0.0863585 
16212 -0.0513693 -0.165246 
16213 -0.0483456 -0.0826169 
16214 -0.0456876 0.00112467 
16215 -0.0425637 0.0837102 
16216 0.0169355 -0.167529 
16217 0.0200696 -0.0843484 
16218 0.0229944 -0.00156171 
16219 0.0257586 0.0807099 
16220 -0.262348 -0.160663 
16221 -0.259207 -0.078652 
16222 -0.255353 0.00190655 
16223 -0.252358 0.0827957 
16224 -0.19401 -0.162003 
16225 -0.190885 -0.0809735 
16226 -0.187515 -0.00104126 
16227 -0.183901 0.0791908 
16228 -0.126051 -0.163363 
16229 -0.122908 -0.0834693 
16230 -0.11938 -0.00348566 
16231 -0.11678 0.076431 
16232 -0.0589493 -0.165761 
16233 -0.0557884 -0.0855566 
16234 -0.0534849 -0.00570788 
16235 -0.0504733 0.0734675 
16236 0.00736836 -0.167122 
16237 0.0103354 -0.0878629 
16238 0.0133548 -0.00813617 
16239 0.0160441 0.0704584 
16240 -0.261655 -0.160019 
16241 -0.257789 -0.0824447 
16242 -0.254878 -0.00446777 
16243 -0.251362 0.0732964 
16244 -0.1955 -0.161571 
16245 -0.192771 -0.0844185 
16246 -0.18933 -0.00676713 
16247 -0.186272 0.0700933 
16248 -0.130189 -0.164244 
16249 -0.127872 -0.0863882 
16250 -0.124508 -0.00950627 
16251 -0.121509 0.0674167 
16252 -0.0659383 -0.165092 
16253 -0.0629988 -0.088173 
16254 -0.0599157 -0.0116837 
16255 -0.0571337 0.06397 
16256 -0.00205886 -0.16689 
16257 0.000921377 -0.0909238 
16258 0.00390463 -0.0143053 
16259 0.00685946 0.0610468 
16260 -0.260875 -0.16005 
16261 -0.257204 -0.0853905 
16262 -0.254197 -0.0102085 
16263 -0.250901 0.0644863 
16264 -0.197512 -0.162361 
16265 -0.194386 -0.0873564 
16266 -0.190969 -0.0133043 
16267 -0.187882 0.0620116 
16268 -0.135004 -0.163955 
16269 -0.131344 -0.0897493 
16270 -0.12888 -0.0149439 
16271 -0.125621 0.0590334 
16272 -0.0726155 -0.165578 
16273 -0.0697811 -0.0915608 
16274 -0.0665051 -0.0182111 
16275 -0.0631462 0.0561248 
16276 -0.0113344 -0.167349 
16277 -0.00835652 -0.093956 
16278 -0.00515681 -0.0200772 
16279 -0.00279366 0.0530823 
16280 -0.261372 -0.16072 
16281 -0.257935 -0.0883929 
16282 -0.253774 -0.0155278 
16283 -0.250973 0.0561147 
16284 -0.199902 -0.162225 
16285 -0.196426 -0.0907108 
16286 -0.192979 -0.0185279 
16287 -0.189336 0.0530465 
16288 -0.139349 -0.164002 
16289 -0.135442 -0.0921777 
16290 -0.132395 -0.0206912 
16291 -0.129004 0.0508855 
16292 -0.0795069 -0.166062 
16293 -0.0762361 -0.094891 
16294 -0.0724496 -0.0231307 
16295 -0.0694968 0.0477194 
16296 -0.0204033 -0.167697 
16297 -0.0170206 -0.0966279 
16298 -0.0136852 -0.0261773 
16299 -0.0112912 0.0443228 
16300 -0.260787 -0.161243 
16301 -0.257666 -0.0905315 
16302 -0.253967 -0.0212637 
16303 -0.250012 0.0480548 
16304 -0.201886 -0.162867 
16305 -0.197994 -0.0928795 
16306 -0.194509 -0.0233357 
16307 -0.191476 0.0460493 
16308 -0.142961 -0.164957 
16309 -0.139437 -0.0955339 
16310 -0.13669 -0.0266931 
16311 -0.133309 0.0425608 
16312 -0.0853673 -0.16592 
16313 -0.0818545 -0.0969525 
16314 -0.0790259 -0.029004 
16315 -0.0757191 0.0399332 
16316 -0.0280771 -0.167949 
16317 -0.0246523 -0.0996397 
16318 -0.0219949 -0.0308293 
16319 -0.0191761 0.0372098 
