16020 -0.333219 -0.216172 
16021 -0.333249 -0.0165951 
16022 -0.333535 0.182898 
16023 -0.333663 0.38285 
16024 -0.166962 -0.216721 
16025 -0.166647 -0.0163408 
16026 -0.166317 0.183355 
16027 -0.16634 0.383227 
16028 -7.36582e-05 -0.21649 
16029 5.03504e-05 -0.0171398 
16030 0.00037701 0.183394 
16031 -7.13101e-05 0.383356 
16032 0.166819 -0.21621 
16033 0.166505 -0.0169231 
16034 0.166414 0.183471 
16035 0.166475 0.383394 
16036 0.333499 -0.216881 
16037 0.333583 -0.0169177 
16038 0.333014 0.183544 
16039 0.333657 0.383015 
16040 -0.319636 -0.207555 
16041 -0.319106 -0.0253486 
16042 -0.318165 0.156787 
16043 -0.317856 0.338504 
16044 -0.167274 -0.208083 
16045 -0.166448 -0.0254872 
16046 -0.16598 0.156447 
16047 -0.165408 0.338206 
16048 -0.0157957 -0.208183 
16049 -0.0151154 -0.0260065 
16050 -0.0150507 0.155546 
16051 -0.0138367 0.337187 
16052 0.135401 -0.208459 
16053 0.135996 -0.0264674 
16054 0.136782 0.154935 
16055 0.136821 0.336524 
16056 0.287035 -0.208635 
16057 0.287492 -0.0265375 
16058 0.288179 0.154811 
16059 0.287726 0.336467 
16060 -0.308181 -0.200459 
16061 -0.306515 -0.0332057 
16062 -0.305694 0.133929 
16063 -0.305461 0.3015 
16064 -0.16865 -0.200237 
16065 -0.167957 -0.0340759 
16066 -0.166748 0.133683 
16067 -0.165981 0.299865 
16068 -0.0294528 -0.201066 
16069 -0.0288757 -0.0341742 
16070 -0.0272376 0.132507 
16071 -0.0269884 0.299024 
16072 0.108968 -0.201062 
16073 0.109834 -0.0346168 
16074 0.111242 0.131329 
16075 0.112347 0.297742 
16076 0.247863 -0.201487 
16077 0.248384 -0.0357361 
16078 0.249419 0.130227 
16079 0.249726 0.296745 
16080 -0.298414 -0.194356 
16081 -0.297046 -0.0393769 
16082 -0.296226 0.114565 
16083 -0.294174 0.269259 
16084 -0.169724 -0.19537 
16085 -0.168578 -0.0406824 
16086 -0.166878 0.112878 
16087 -0.165535 0.26744 
16088 -0.0413186 -0.195475 
16089 -0.0396433 -0.0412798 
16090 -0.0386793 0.112378 
16091 -0.0368528 0.265479 
16092 0.0867714 -0.196669 
16093 0.0886199 -0.0425157 
16094 0.0892398 0.110574 
16095 0.0903112 0.263671 
16096 0.214544 -0.196972 
16097 0.215714 -0.0438839 
16098 0.217145 0.109564 
16099 0.217512 0.262246 
16100 -0.29062 -0.189847 
16101 -0.28942 -0.0463642 
16102 -0.287514 0.097047 
16103 -0.286246 0.240245 
16104 -0.171302 -0.190074 
16105 -0.1691 -0.0475939 
16106 -0.167537 0.095418 
16107 -0.166082 0.238467 
16108 -0.0510578 -0.191227 
16109 -0.0499185 -0.0484923 
16110 -0.0485413 0.0938117 
16111 -0.0465193 0.236606 
16112 0.0679559 -0.192149 
16113 0.0686295 -0.0500563 
16114 0.0707507 0.0930907 
16115 0.071452 0.235313 
16116 0.186045 -0.192722 
16117 0.18753 -0.050897 
16118 0.188782 0.0908414 
16119 0.190307 0.232947 
16120 -0.28405 -0.185992 
16121 -0.282364 -0.0523174 
16122 -0.280372 0.0814367 
16123 -0.278207 0.215581 
16124 -0.172001 -0.186879 
16125 -0.170058 -0.0530757 
16126 -0.168041 0.0804307 
16127 -0.166597 0.213561 
16128 -0.0602377 -0.187805 
16129 -0.0592459 -0.0550648 
16130 -0.0568602 0.0783523 
16131 -0.0548679 0.212001 
16132 0.0503517 -0.189221 
16133 0.0520017 -0.0561026 
16134 0.0537075 0.0772861 
16135 0.0553045 0.209885 
16136 0.160899 -0.189656 
16137 0.161979 -0.0571336 
16138 0.164117 0.0755875 
16139 0.164976 0.207269 
16140 -0.278616 -0.183383 
16141 -0.277038 -0.0577344 
16142 -0.275151 0.0679056 
16143 -0.272258 0.193486 
16144 -0.173394 -0.184921 
16145 -0.172014 -0.0593007 
16146 -0.169967 0.0660676 
16147 -0.167095 0.191067 
16148 -0.0689555 -0.185223 
16149 -0.0672538 -0.0599849 
16150 -0.0650421 0.0644032 
16151 -0.0631301 0.188848 
16152 0.0354188 -0.186045 
16153 0.0371308 -0.0622453 
16154 0.0387148 0.0623652 
16155 0.0411459 0.187175 
16156 0.13803 -0.18772 
16157 0.140651 -0.063108 
16158 0.142011 0.0604112 
16159 0.144037 0.184436 
16160 -0.274594 -0.181456 
16161 -0.271646 -0.063082 
16162 -0.269312 0.0561294 
16163 -0.267805 0.173798 
16164 -0.17522 -0.182324 
16165 -0.17277 -0.0642617 
16166 -0.17026 0.0540885 
16167 -0.167962 0.171664 
16168 -0.0766389 -0.183937 
16169 -0.0748654 -0.0657927 
16170 -0.0725584 0.0521217 
16171 -0.0704835 0.169318 
16172 0.0211257 -0.184378 
16173 0.0230157 -0.0671788 
16174 0.0250717 0.0494044 
16175 0.027919 0.167123 
16176 0.118512 -0.185926 
16177 0.120058 -0.0691034 
16178 0.122157 0.0482554 
16179 0.124702 0.164836 
16180 -0.270223 -0.179066 
16181 -0.268102 -0.0678846 
16182 -0.265177 0.0440172 
16183 -0.262815 0.155695 
16184 -0.176785 -0.18093 
16185 -0.174721 -0.0694381 
16186 -0.171919 0.0418186 
16187 -0.169546 0.153917 
16188 -0.0839597 -0.182364 
16189 -0.0815417 -0.0703231 
16190 -0.0791669 0.040588 
16191 -0.0768052 0.15134 
16192 0.00922415 -0.183065 
16193 0.0110491 -0.072036 
16194 0.0137833 0.0383624 
16195 0.0153135 0.148432 
16196 0.101158 -0.184162 
16197 0.1029 -0.074198 
16198 0.105428 0.035871 
16199 0.106528 0.145903 
16200 -0.267805 -0.177956 
16201 -0.264405 -0.0721091 
16202 -0.261697 0.0340442 
16203 -0.259966 0.139744 
16204 -0.178056 -0.179541 
16205 -0.175669 -0.0732239 
16206 -0.173342 0.0320204 
16207 -0.171016 0.136697 
16208 -0.0898648 -0.181058 
16209 -0.0876587 -0.0753627 
16210 -0.0846607 0.0300321 
16211 -0.0828691 0.134254 
16212 -0.00208727 -0.181595 
16213 -0.000218657 -0.0771338 
16214 0.00245148 0.0275414 
16215 0.00499207 0.132008 
16216 0.0841315 -0.182928 
16217 0.0870431 -0.0786226 
16218 0.0891137 0.0258775 
16219 0.0915498 0.129901 
16220 -0.264607 -0.177125 
16221 -0.262297 -0.0760715 
16222 -0.259073 0.024042 
16223 -0.256472 0.124557 
16224 -0.180196 -0.178867 
16225 -0.177747 -0.0785036 
16226 -0.174767 0.0224317 
16227 -0.172435 0.122121 
16228 -0.0954783 -0.179998 
16229 -0.0932157 -0.079331 
16230 -0.0912055 0.0200782 
16231 -0.0883204 0.119921 
16232 -0.0127038 -0.181089 
16233 -0.0103164 -0.0814454 
16234 -0.00739383 0.018162 
16235 -0.00539918 0.117279 
16236 0.06977 -0.182829 
16237 0.0717566 -0.0832328 
16238 0.0740684 0.015497 
16239 0.0769685 0.11463 
16240 -0.262824 -0.176373 
16241 -0.259819 -0.0800157 
16242 -0.25691 0.0155823 
16243 -0.253817 0.110923 
16244 -0.181593 -0.177601 
16245 -0.179311 -0.0819471 
16246 -0.176539 0.0138178 
16247 -0.173392 0.109124 
16248 -0.101644 -0.179174 
16249 -0.099363 -0.0834653 
16250 -0.0965129 0.0108626 
16251 -0.0938922 0.106074 
16252 -0.0223749 -0.18088 
16253 -0.0198273 -0.0858996 
16254 -0.0174703 0.0088718 
16255 -0.0148079 0.103951 
16256 0.056493 -0.181627 
16257 0.0584043 -0.0871466 
16258 0.0606966 0.00709809 
16259 0.0633834 0.100703 
16260 -0.260909 -0.17598 
16261 -0.257446 -0.083998 
16262 -0.254647 0.00735054 
16263 -0.252169 0.098867 
16264 -0.183707 -0.177277 
16265 -0.180158 -0.086474 
16266 -0.178061 0.00500034 
16267 -0.174904 0.0960128 
16268 -0.106993 -0.178535 
16269 -0.103829 -0.0880963 
16270 -0.101534 0.00346168 
16271 -0.098783 0.0930744 
16272 -0.0308279 -0.180653 
16273 -0.0283213 -0.089256 
16274 -0.0260591 0.00120977 
16275 -0.0234946 0.0904515 
16276 0.044059 -0.18127 
16277 0.0464885 -0.0918198 
16278 0.0489617 -0.00149773 
16279 0.0510429 0.0882648 
16280 -0.259386 -0.176125 
16281 -0.256444 -0.0877472 
16282 -0.253443 -0.000145967 
16283 -0.249873 0.087389 
16284 -0.184727 -0.177771 
16285 -0.181867 -0.0896619 
16286 -0.179525 -0.00283577 
16287 -0.176219 0.0845463 
16288 -0.112297 -0.178844 
16289 -0.108725 -0.0919601 
16290 -0.105934 -0.00421021 
16291 -0.103594 0.0823395 
16292 -0.0389683 -0.179634 
16293 -0.0367066 -0.0929315 
16294 -0.0338531 -0.0072257 
16295 -0.031152 0.0795126 
16296 0.0322557 -0.181601 
16297 0.0353574 -0.0946325 
16298 0.0377814 -0.00949832 
16299 0.0399831 0.076828 
16300 -0.257557 -0.175638 
16301 -0.25502 -0.0913885 
16302 -0.251888 -0.00686892 
16303 -0.248837 0.0763006 
16304 -0.187402 -0.177551 
16305 -0.184108 -0.0936314 
16306 -0.180607 -0.00972329 
16307 -0.177976 0.0735139 
16308 -0.117157 -0.178468 
16309 -0.113364 -0.0945689 
16310 -0.111231 -0.0121148 
16311 -0.108337 0.0711561 
16312 -0.0474176 -0.18004 
16313 -0.0446367 -0.0966781 
16314 -0.0418032 -0.0137289 
16315 -0.039113 0.0683255 
16316 0.0212875 -0.18098 
16317 0.0245885 -0.0989338 
16318 0.0266405 -0.0164345 
16319 0.0288746 0.0655798 
16320 -0.256825 -0.176241 
16321 -0.254044 -0.0944718 
16322 -0.250187 -0.0142438 
16323 -0.24766 0.066235 
16324 -0.188487 -0.177298 
16325 -0.185267 -0.0969764 
16326 -0.183207 -0.0158925 
16327 -0.180126 0.0639769 
16328 -0.121393 -0.178612 
16329 -0.1184 -0.0980287 
16330 -0.115263 -0.0185506 
16331 -0.112969 0.0611517 
16332 -0.0549001 -0.179429 
16333 -0.0515465 -0.100451 
16334 -0.0490531 -0.0203887 
16335 -0.0464678 0.0589696 
16336 0.0118385 -0.181233 
16337 0.0143924 -0.102074 
16338 0.0164157 -0.0225741 
16339 0.0194435 0.0564302 
16340 -0.255612 -0.175868 
16341 -0.253062 -0.0980663 
16342 -0.249881 -0.0200627 
16343 -0.246788 0.0568977 
16344 -0.190731 -0.176807 
16345 -0.187611 -0.0993623 
16346 -0.184628 -0.0223885 
16347 -0.181336 0.054793 
16348 -0.125758 -0.178524 
16349 -0.122818 -0.10152 
16350 -0.119421 -0.0241961 
16351 -0.116906 0.0517686 
16352 -0.0608861 -0.179903 
16353 -0.0586245 -0.102834 
16354 -0.0558777 -0.0264821 
16355 -0.0531057 0.0492384 
16356 0.00274129 -0.181028 
16357 0.00470198 -0.104519 
16358 0.00722106 -0.0287661 
16359 0.0105201 0.0467874 
16360 -0.25599 -0.175641 
16361 -0.252181 -0.10052 
16362 -0.249099 -0.0264009 
16363 -0.246191 0.0482879 
16364 -0.191969 -0.177631 
16365 -0.189504 -0.102975 
16366 -0.185808 -0.0286028 
16367 -0.183407 0.0458336 
16368 -0.129552 -0.178417 
16369 -0.126409 -0.104874 
16370 -0.123496 -0.0306222 
16371 -0.121044 0.0428678 
16372 -0.0676856 -0.179762 
16373 -0.0647804 -0.105715 
16374 -0.0626594 -0.0321205 
16375 -0.0593821 0.0407964 
16376 -0.00613601 -0.181276 
16377 -0.00391343 -0.107767 
16378 -0.00150819 -0.0348414 
16379 0.00142741 0.0383055 
16380 -0.255509 -0.176379 
16381 -0.252207 -0.103434 
16382 -0.249285 -0.0313367 
16383 -0.245196 0.0404654 
16384 -0.19402 -0.177338 
16385 -0.190779 -0.105313 
16386 -0.187918 -0.0332933 
16387 -0.184874 0.037677 
16388 -0.134026 -0.179087 
16389 -0.130374 -0.107023 
16390 -0.128209 -0.0359987 
16391 -0.125312 0.035184 
16392 -0.0744435 -0.179751 
16393 -0.0716714 -0.108993 
16394 -0.0684131 -0.0382013 
16395 -0.0658252 0.0330459 
16396 -0.0153301 -0.181547 
16397 -0.0118513 -0.110805 
16398 -0.00922657 -0.0396155 
16399 -0.00699495 0.0306158 
16400 -0.255315 -0.176222 
16401 -0.251619 -0.10588 
16402 -0.248809 -0.0363402 
16403 -0.245514 0.032971 
16404 -0.196157 -0.178004 
16405 -0.192542 -0.108484 
16406 -0.189651 -0.0386976 
16407 -0.186477 0.0306719 
16408 -0.137278 -0.179407 
16409 -0.13488 -0.110006 
16410 -0.132112 -0.0405041 
16411 -0.129091 0.0278586 
16412 -0.0799558 -0.180019 
16413 -0.0767074 -0.111713 
16414 -0.0746128 -0.0432172 
16415 -0.0720173 0.0257702 
16416 -0.023215 -0.181249 
16417 -0.0199685 -0.113012 
16418 -0.0173582 -0.0452863 
16419 -0.015271 0.0232477 
