16040 -0.333597 -0.216294 
16041 -0.333606 -0.0166584 
16042 -0.333418 0.183455 
16043 -0.332893 0.383468 
16044 -0.167154 -0.21709 
16045 -0.166273 -0.0171599 
16046 -0.166694 0.183408 
16047 -0.16653 0.382896 
16048 -0.000257838 -0.216667 
16049 -0.000437749 -0.0161759 
16050 0.000383036 0.183116 
16051 -0.000179874 0.382834 
16052 0.166438 -0.216497 
16053 0.166873 -0.016507 
16054 0.166823 0.18353 
16055 0.16709 0.383236 
16056 0.333664 -0.216662 
16057 0.333498 -0.0167065 
16058 0.333163 0.182942 
16059 0.333226 0.383806 
16060 -0.319286 -0.207694 
16061 -0.318726 -0.0260084 
16062 -0.318507 0.156378 
16063 -0.317331 0.338041 
16064 -0.167467 -0.207635 
16065 -0.166802 -0.0257332 
16066 -0.166093 0.15554 
16067 -0.166079 0.337386 
16068 -0.0156375 -0.208471 
16069 -0.0154074 -0.0262739 
16070 -0.014708 0.15488 
16071 -0.0143159 0.336988 
16072 0.13554 -0.208968 
16073 0.136007 -0.0265571 
16074 0.13662 0.154478 
16075 0.137497 0.336169 
16076 0.287223 -0.208476 
16077 0.287795 -0.0269794 
16078 0.287275 0.154237 
16079 0.288363 0.335249 
16080 -0.307614 -0.200505 
16081 -0.306366 -0.034133 
16082 -0.305774 0.133394 
16083 -0.304299 0.300419 
16084 -0.16792 -0.201618 
16085 -0.166763 -0.0341957 
16086 -0.166126 0.132653 
16087 -0.164895 0.299401 
16088 -0.0291863 -0.201473 
16089 -0.0285217 -0.0350846 
16090 -0.0276386 0.130978 
16091 -0.0262409 0.298162 
16092 0.109719 -0.202641 
16093 0.110272 -0.035541 
16094 0.11127 0.130321 
16095 0.112265 0.2971 
16096 0.248118 -0.202775 
16097 0.24886 -0.0365178 
16098 0.249214 0.129752 
16099 0.250073 0.295628 
16100 -0.298066 -0.195533 
16101 -0.297318 -0.0414254 
16102 -0.29526 0.11356 
16103 -0.294146 0.267423 
16104 -0.169605 -0.19573 
16105 -0.168353 -0.0422309 
16106 -0.166572 0.111807 
16107 -0.164871 0.266318 
16108 -0.04111 -0.19718 
16109 -0.039348 -0.0431866 
16110 -0.0377371 0.111092 
16111 -0.0368565 0.26381 
16112 0.0872635 -0.197224 
16113 0.0881603 -0.0440812 
16114 0.0892439 0.109443 
16115 0.0905656 0.262456 
16116 0.21509 -0.19803 
16117 0.21619 -0.0445747 
16118 0.217371 0.108371 
16119 0.217814 0.261187 
16120 -0.290337 -0.190864 
16121 -0.28828 -0.0480126 
16122 -0.287528 0.0953967 
16123 -0.285537 0.238923 
16124 -0.170548 -0.191644 
16125 -0.168663 -0.0489232 
16126 -0.167265 0.0939393 
16127 -0.16568 0.236884 
16128 -0.0504689 -0.192678 
16129 -0.0495962 -0.0498939 
16130 -0.0475135 0.0922593 
16131 -0.0460546 0.235205 
16132 0.0674495 -0.193796 
16133 0.069236 -0.0511138 
16134 0.0707923 0.0911951 
16135 0.0724417 0.233752 
16136 0.185963 -0.193838 
16137 0.187359 -0.0519944 
16138 0.189004 0.0901565 
16139 0.190143 0.23154 
16140 -0.283383 -0.187819 
16141 -0.281584 -0.0536404 
16142 -0.280388 0.0799994 
16143 -0.278008 0.214221 
16144 -0.171781 -0.189269 
16145 -0.170026 -0.0547839 
16146 -0.168308 0.0781108 
16147 -0.166067 0.211857 
16148 -0.06023 -0.189998 
16149 -0.058488 -0.0561056 
16150 -0.0562155 0.076278 
16151 -0.0546913 0.209383 
16152 0.0512656 -0.190152 
16153 0.052326 -0.0576619 
16154 0.053925 0.0746482 
16155 0.0558867 0.207348 
16156 0.161525 -0.191499 
16157 0.16294 -0.0592275 
16158 0.164352 0.0732221 
16159 0.166099 0.205926 
16160 -0.278384 -0.185619 
16161 -0.276217 -0.0597607 
16162 -0.274098 0.0665677 
16163 -0.272452 0.191191 
16164 -0.172934 -0.186185 
16165 -0.171025 -0.0611066 
16166 -0.168842 0.0646564 
16167 -0.166453 0.189449 
16168 -0.0679222 -0.187202 
16169 -0.0659576 -0.062735 
16170 -0.0641223 0.0628004 
16171 -0.0627274 0.187058 
16172 0.0353809 -0.187794 
16173 0.0377325 -0.0636127 
16174 0.0394798 0.0611582 
16175 0.0413319 0.184545 
16176 0.138489 -0.189339 
16177 0.140768 -0.0653963 
16178 0.1426 0.0592131 
16179 0.144385 0.182302 
16180 -0.273947 -0.183548 
16181 -0.271417 -0.0645946 
16182 -0.269049 0.0534784 
16183 -0.266625 0.171494 
16184 -0.174262 -0.184007 
16185 -0.172611 -0.065975 
16186 -0.170162 0.0511255 
16187 -0.167656 0.168829 
16188 -0.0757365 -0.185356 
16189 -0.0739277 -0.0678412 
16190 -0.0718007 0.0498979 
16191 -0.0698266 0.166707 
16192 0.0220164 -0.18619 
16193 0.0239616 -0.068738 
16194 0.0262622 0.0474222 
16195 0.0284054 0.164978 
16196 0.119311 -0.187827 
16197 0.12061 -0.0708018 
16198 0.122852 0.0454428 
16199 0.125206 0.162486 
16200 -0.269673 -0.181891 
16201 -0.267112 -0.0701063 
16202 -0.265106 0.0424085 
16203 -0.262456 0.153433 
16204 -0.176226 -0.182879 
16205 -0.173279 -0.0709131 
16206 -0.171582 0.0396164 
16207 -0.169096 0.151377 
16208 -0.0829549 -0.184033 
16209 -0.0806183 -0.0731503 
16210 -0.0782252 0.0384866 
16211 -0.0761203 0.149131 
16212 0.00998763 -0.185249 
16213 0.0114925 -0.074295 
16214 0.0136013 0.0362633 
16215 0.0162234 0.146646 
16216 0.101417 -0.186641 
16217 0.103011 -0.0756442 
16218 0.105146 0.0343718 
16219 0.107739 0.144323 
16220 -0.266603 -0.180366 
16221 -0.264372 -0.0740241 
16222 -0.261215 0.0311567 
16223 -0.259121 0.137739 
16224 -0.177209 -0.181857 
16225 -0.175367 -0.0756007 
16226 -0.172349 0.0297001 
16227 -0.169815 0.135134 
16228 -0.089406 -0.183362 
16229 -0.0872635 -0.0773606 
16230 -0.0841681 0.0271931 
16231 -0.0818853 0.132182 
16232 -0.0011921 -0.183732 
16233 0.000723758 -0.0796757 
16234 0.00293965 0.0253534 
16235 0.00498399 0.129979 
16236 0.0853905 -0.185296 
16237 0.0876252 -0.0807346 
16238 0.0897824 0.0233408 
16239 0.0917247 0.127705 
16240 -0.263698 -0.179905 
16241 -0.260815 -0.0788798 
16242 -0.258239 0.0221594 
16243 -0.255647 0.122105 
16244 -0.179339 -0.180964 
16245 -0.177009 -0.0803743 
16246 -0.173641 0.0201895 
16247 -0.170881 0.119434 
16248 -0.0954969 -0.182361 
16249 -0.09264 -0.0819704 
16250 -0.0898196 0.0179609 
16251 -0.0873127 0.117717 
16252 -0.0120829 -0.182877 
16253 -0.00925362 -0.0836964 
16254 -0.00696449 0.0161411 
16255 -0.0045535 0.114797 
16256 0.070203 -0.18423 
16257 0.073407 -0.0854398 
16258 0.0748432 0.0138756 
16259 0.0773974 0.11255 
16260 -0.262023 -0.179093 
16261 -0.258986 -0.0825165 
16262 -0.256088 0.0127038 
16263 -0.252595 0.108625 
16264 -0.180454 -0.18032 
16265 -0.17796 -0.0842723 
16266 -0.175236 0.0105692 
16267 -0.173162 0.105813 
16268 -0.100913 -0.181679 
16269 -0.0978724 -0.0866012 
16270 -0.0951999 0.00898176 
16271 -0.0931007 0.103476 
16272 -0.0211475 -0.183285 
16273 -0.0191841 -0.0883484 
16274 -0.0164999 0.00684329 
16275 -0.0141184 0.1014 
16276 0.0569306 -0.183958 
16277 0.0593916 -0.0898391 
16278 0.061789 0.00446173 
16279 0.0645465 0.0981231 
16280 -0.259368 -0.178427 
16281 -0.256437 -0.0863761 
16282 -0.253994 0.00443103 
16283 -0.250493 0.095868 
16284 -0.182076 -0.180387 
16285 -0.179188 -0.0882445 
16286 -0.176919 0.00245536 
16287 -0.173672 0.0934609 
16288 -0.106213 -0.180701 
16289 -0.103665 -0.0902577 
16290 -0.100547 0.000902185 
16291 -0.0984797 0.0910925 
16292 -0.0297285 -0.182622 
16293 -0.0273331 -0.0918241 
16294 -0.0256599 -0.00171736 
16295 -0.0230252 0.0886591 
16296 0.0449936 -0.183331 
16297 0.0470987 -0.0937246 
16298 0.0499498 -0.00343684 
16299 0.0514524 0.0861847 
16300 -0.258026 -0.178794 
16301 -0.255317 -0.0900563 
16302 -0.252405 -0.00262979 
16303 -0.248901 0.0849636 
16304 -0.184284 -0.179645 
16305 -0.180856 -0.0925775 
16306 -0.178232 -0.00494075 
16307 -0.176072 0.0820474 
16308 -0.111384 -0.180992 
16309 -0.107963 -0.0939618 
16310 -0.105953 -0.00687962 
16311 -0.103208 0.0793691 
16312 -0.0389078 -0.182491 
16313 -0.0359633 -0.0950819 
16314 -0.032933 -0.00938412 
16315 -0.0305974 0.0767388 
16316 0.0336741 -0.183799 
16317 0.0361392 -0.097685 
16318 0.0379046 -0.0109621 
16319 0.0406006 0.074738 
16320 -0.25643 -0.1781 
16321 -0.253447 -0.093564 
16322 -0.250353 -0.00978096 
16323 -0.247378 0.074079 
16324 -0.186234 -0.179634 
16325 -0.183025 -0.0955671 
16326 -0.180492 -0.0122545 
16327 -0.177748 0.0715899 
16328 -0.115222 -0.180342 
16329 -0.113322 -0.0972828 
16330 -0.110287 -0.0137253 
16331 -0.107385 0.0686712 
16332 -0.0459476 -0.181703 
16333 -0.0431824 -0.0988425 
16334 -0.0405103 -0.0161991 
16335 -0.0385678 0.0667351 
16336 0.0229884 -0.18383 
16337 0.0254059 -0.100939 
16338 0.0278075 -0.0187267 
16339 0.0297626 0.0641636 
16340 -0.256145 -0.177892 
16341 -0.252561 -0.0974095 
16342 -0.249869 -0.0167835 
16343 -0.246404 0.0637432 
16344 -0.187949 -0.179853 
16345 -0.185041 -0.0992889 
16346 -0.181639 -0.0183075 
16347 -0.178982 0.0614278 
16348 -0.120585 -0.181287 
16349 -0.11729 -0.100513 
16350 -0.114482 -0.0207766 
16351 -0.111923 0.0593158 
16352 -0.0535247 -0.182213 
16353 -0.0503943 -0.102758 
16354 -0.0479938 -0.0227505 
16355 -0.0456639 0.0566667 
16356 0.0130694 -0.183133 
16357 0.0153857 -0.10428 
16358 0.0178272 -0.0252045 
16359 0.0199391 0.0539199 
16360 -0.25544 -0.178037 
16361 -0.252192 -0.100253 
16362 -0.248505 -0.0227135 
16363 -0.245477 0.055087 
16364 -0.189564 -0.179513 
16365 -0.18592 -0.101815 
16366 -0.183216 -0.0246919 
16367 -0.181092 0.0520175 
16368 -0.124252 -0.181234 
16369 -0.121415 -0.103252 
16370 -0.119176 -0.027258 
16371 -0.116254 0.0495982 
16372 -0.0605499 -0.182386 
16373 -0.05723 -0.105659 
16374 -0.0553759 -0.028664 
16375 -0.0525675 0.0474186 
16376 0.00341859 -0.183106 
16377 0.0059683 -0.106843 
16378 0.0083413 -0.031133 
16379 0.010681 0.044361 
16380 -0.254413 -0.178151 
16381 -0.251503 -0.102884 
16382 -0.248024 -0.0288757 
16383 -0.244972 0.0458276 
16384 -0.191271 -0.179584 
16385 -0.188601 -0.105374 
16386 -0.184988 -0.0300967 
16387 -0.18222 0.0432185 
16388 -0.128677 -0.180667 
16389 -0.126202 -0.107072 
16390 -0.122936 -0.0322754 
16391 -0.119804 0.0414361 
16392 -0.0662913 -0.182435 
16393 -0.0637593 -0.107895 
16394 -0.0617293 -0.0343994 
16395 -0.0585981 0.0381601 
16396 -0.0053448 -0.183472 
16397 -0.00312338 -0.109791 
16398 -0.000739015 -0.0366483 
16399 0.00244413 0.0357855 
16400 -0.254279 -0.178088 
16401 -0.251256 -0.106333 
16402 -0.247969 -0.033849 
16403 -0.244315 0.0380981 
16404 -0.192542 -0.179619 
16405 -0.189996 -0.107287 
16406 -0.187033 -0.035474 
16407 -0.18461 0.035179 
16408 -0.132601 -0.180758 
16409 -0.130222 -0.109498 
16410 -0.127414 -0.0378164 
16411 -0.124536 0.0330994 
16412 -0.0724338 -0.182544 
16413 -0.0701339 -0.11128 
16414 -0.0676649 -0.0398205 
16415 -0.0645809 0.0302646 
16416 -0.0138268 -0.183502 
16417 -0.0108453 -0.11234 
16418 -0.00884812 -0.0416716 
16419 -0.00651013 0.0278476 
16420 -0.254022 -0.179154 
16421 -0.250837 -0.10861 
16422 -0.247686 -0.0391959 
16423 -0.244345 0.0306393 
16424 -0.194268 -0.180239 
16425 -0.191304 -0.110706 
16426 -0.189133 -0.0414781 
16427 -0.185637 0.0278092 
16428 -0.136239 -0.181299 
16429 -0.133782 -0.112115 
16430 -0.130624 -0.0429102 
16431 -0.127735 0.025878 
16432 -0.0783812 -0.1823 
16433 -0.0756853 -0.113592 
16434 -0.0736103 -0.0447372 
16435 -0.0711001 0.0229946 
16436 -0.0213479 -0.183203 
16437 -0.0192902 -0.115033 
16438 -0.0169929 -0.047268 
16439 -0.0143229 0.021439 
