16100 -0.333669 -0.216804 
16101 -0.333513 -0.0161751 
16102 -0.333139 0.183377 
16103 -0.333371 0.383233 
16104 -0.166217 -0.216946 
16105 -0.166529 -0.0170249 
16106 -0.166335 0.183796 
16107 -0.166443 0.383536 
16108 6.33762e-05 -0.216556 
16109 6.53223e-05 -0.0164939 
16110 -0.000310479 0.183604 
16111 0.000110511 0.383036 
16112 0.166296 -0.216431 
16113 0.167081 -0.016332 
16114 0.166446 0.183046 
16115 0.167062 0.383228 
16116 0.333133 -0.21661 
16117 0.33326 -0.0167404 
16118 0.333516 0.183411 
16119 0.33371 0.383665 
16120 -0.318464 -0.209106 
16121 -0.318476 -0.0269352 
16122 -0.317288 0.154675 
16123 -0.316725 0.336573 
16124 -0.166416 -0.209502 
16125 -0.166683 -0.0273846 
16126 -0.165389 0.154624 
16127 -0.165162 0.335841 
16128 -0.0154182 -0.209434 
16129 -0.0151663 -0.0280228 
16130 -0.0142723 0.154141 
16131 -0.0139211 0.335605 
16132 0.135651 -0.210281 
16133 0.136425 -0.0286661 
16134 0.137305 0.153152 
16135 0.137308 0.334719 
16136 0.287007 -0.209693 
16137 0.287611 -0.0290374 
16138 0.287735 0.152689 
16139 0.287957 0.333735 
16140 -0.306647 -0.203408 
16141 -0.305311 -0.0364946 
16142 -0.304626 0.130801 
16143 -0.303686 0.297604 
16144 -0.167124 -0.203881 
16145 -0.166075 -0.0367309 
16146 -0.165044 0.130213 
16147 -0.164581 0.295828 
16148 -0.0279612 -0.204017 
16149 -0.0269285 -0.0377064 
16150 -0.0261427 0.128914 
16151 -0.025533 0.29519 
16152 0.110821 -0.204688 
16153 0.111287 -0.0385407 
16154 0.111892 0.127839 
16155 0.112872 0.294422 
16156 0.248209 -0.205344 
16157 0.248869 -0.0391712 
16158 0.250188 0.127345 
16159 0.251115 0.292748 
16160 -0.296815 -0.199245 
16161 -0.296081 -0.0449056 
16162 -0.29478 0.10933 
16163 -0.293028 0.263397 
16164 -0.167937 -0.199122 
16165 -0.166373 -0.0455106 
16166 -0.165126 0.108658 
16167 -0.163827 0.262264 
16168 -0.0394664 -0.200196 
16169 -0.038419 -0.0464373 
16170 -0.0370174 0.107218 
16171 -0.036292 0.261236 
16172 0.0888086 -0.200354 
16173 0.0893595 -0.0470785 
16174 0.0905551 0.105791 
16175 0.0913454 0.259116 
16176 0.215623 -0.200768 
16177 0.217214 -0.0480272 
16178 0.217386 0.104832 
16179 0.219002 0.257621 
16180 -0.288293 -0.194898 
16181 -0.287185 -0.0517041 
16182 -0.28525 0.0918263 
16183 -0.283649 0.234162 
16184 -0.168878 -0.195622 
16185 -0.167069 -0.0533266 
16186 -0.166307 0.0898128 
16187 -0.164066 0.232846 
16188 -0.04925 -0.196621 
16189 -0.0478552 -0.0540539 
16190 -0.0471418 0.0890263 
16191 -0.0452032 0.231407 
16192 0.0693452 -0.197044 
16193 0.0701553 -0.0544941 
16194 0.0721366 0.0877544 
16195 0.0729314 0.229707 
16196 0.187366 -0.197863 
16197 0.188558 -0.0563283 
16198 0.189304 0.0863383 
16199 0.191494 0.228014 
16200 -0.282052 -0.192845 
16201 -0.28024 -0.0589644 
16202 -0.278647 0.0754111 
16203 -0.276518 0.208926 
16204 -0.170182 -0.193012 
16205 -0.16809 -0.0599117 
16206 -0.166007 0.0742386 
16207 -0.164403 0.207251 
16208 -0.0585954 -0.193651 
16209 -0.0568822 -0.0610281 
16210 -0.055447 0.0719931 
16211 -0.0533333 0.204578 
16212 0.0525546 -0.194552 
16213 0.0542116 -0.0614436 
16214 0.0558959 0.0710619 
16215 0.0569606 0.202776 
16216 0.162867 -0.195429 
16217 0.163739 -0.062977 
16218 0.164992 0.0688881 
16219 0.167156 0.200742 
16220 -0.276326 -0.190576 
16221 -0.274545 -0.064517 
16222 -0.272343 0.060825 
16223 -0.27058 0.186352 
16224 -0.170732 -0.190844 
16225 -0.169107 -0.0655924 
16226 -0.167608 0.059098 
16227 -0.164835 0.183679 
16228 -0.0668633 -0.191791 
16229 -0.0644646 -0.0673082 
16230 -0.0633103 0.0579119 
16231 -0.0613376 0.181591 
16232 0.0371757 -0.193294 
16233 0.039372 -0.0685455 
16234 0.0407114 0.0558488 
16235 0.0423649 0.180275 
16236 0.140341 -0.193895 
16237 0.141909 -0.0691389 
16238 0.144158 0.0543447 
16239 0.145163 0.178112 
16240 -0.271539 -0.18834 
16241 -0.269184 -0.0703754 
16242 -0.266763 0.0475949 
16243 -0.264472 0.165721 
16244 -0.171934 -0.189666 
16245 -0.169779 -0.0715736 
16246 -0.168155 0.0464997 
16247 -0.165828 0.16356 
16248 -0.074233 -0.190364 
16249 -0.0722345 -0.0733136 
16250 -0.0696947 0.0445714 
16251 -0.0678085 0.161505 
16252 0.0238289 -0.190956 
16253 0.0253296 -0.0744407 
16254 0.0272181 0.0424647 
16255 0.029364 0.159049 
16256 0.12061 -0.191847 
16257 0.122357 -0.0758521 
16258 0.124265 0.0413145 
16259 0.125883 0.157313 
16260 -0.266901 -0.187561 
16261 -0.264987 -0.0757843 
16262 -0.262671 0.0361531 
16263 -0.260076 0.147525 
16264 -0.173074 -0.188373 
16265 -0.171362 -0.076575 
16266 -0.169258 0.0345557 
16267 -0.166628 0.145496 
16268 -0.0809821 -0.189028 
16269 -0.0785344 -0.0784656 
16270 -0.0758683 0.0321429 
16271 -0.0743501 0.143567 
16272 0.0114221 -0.190219 
16273 0.0136376 -0.0799757 
16274 0.0156398 0.0306574 
16275 0.0181179 0.141133 
16276 0.103845 -0.19127 
16277 0.105481 -0.0809764 
16278 0.106969 0.0286209 
16279 0.108976 0.138453 
16280 -0.263985 -0.185901 
16281 -0.261896 -0.0805118 
16282 -0.258808 0.0253627 
16283 -0.256464 0.130913 
16284 -0.17543 -0.187472 
16285 -0.172764 -0.0814918 
16286 -0.170149 0.0233592 
16287 -0.1683 0.128893 
16288 -0.086529 -0.188477 
16289 -0.0844679 -0.083064 
16290 -0.0823742 0.0214644 
16291 -0.0806518 0.126399 
16292 0.000493335 -0.189338 
16293 0.00237425 -0.0848042 
16294 0.00518828 0.0196883 
16295 0.0070222 0.124301 
16296 0.0874496 -0.190629 
16297 0.0898392 -0.0860522 
16298 0.0909253 0.0180353 
16299 0.0927658 0.121571 
16300 -0.261254 -0.185307 
16301 -0.258827 -0.0850769 
16302 -0.255736 0.0161707 
16303 -0.253366 0.1158 
16304 -0.17595 -0.186517 
16305 -0.173857 -0.0863788 
16306 -0.171365 0.0140977 
16307 -0.169016 0.113404 
16308 -0.0920899 -0.187643 
16309 -0.0907411 -0.0872424 
16310 -0.0877153 0.0119515 
16311 -0.0857935 0.111634 
16312 -0.00981122 -0.188552 
16313 -0.00757775 -0.0894446 
16314 -0.00519907 0.0106652 
16315 -0.00323774 0.109354 
16316 0.0727694 -0.189436 
16317 0.0753229 -0.0905614 
16318 0.0766571 0.00879143 
16319 0.0791052 0.107152 
16320 -0.258991 -0.185332 
16321 -0.255888 -0.0888079 
16322 -0.253064 0.0067948 
16323 -0.250433 0.102306 
16324 -0.178316 -0.185983 
16325 -0.175097 -0.0906677 
16326 -0.172924 0.00476927 
16327 -0.170194 0.100206 
16328 -0.097447 -0.186782 
16329 -0.0953736 -0.0917155 
16330 -0.0934412 0.00293774 
16331 -0.0906944 0.0978442 
16332 -0.0185651 -0.187903 
16333 -0.0161661 -0.0928504 
16334 -0.0141378 0.000869774 
16335 -0.0117428 0.0956907 
16336 0.0601554 -0.189519 
16337 0.0613278 -0.0944571 
16338 0.0636706 -0.000173904 
16339 0.0653549 0.0927614 
16340 -0.256951 -0.184157 
16341 -0.253929 -0.0931376 
16342 -0.251419 -0.00173294 
16343 -0.248441 0.0903119 
16344 -0.179125 -0.185941 
16345 -0.177193 -0.0944342 
16346 -0.174364 -0.00330026 
16347 -0.171382 0.087366 
16348 -0.103272 -0.186901 
16349 -0.101009 -0.0954688 
16350 -0.0981475 -0.0048496 
16351 -0.0959111 0.085543 
16352 -0.026948 -0.187625 
16353 -0.0250085 -0.0970002 
16354 -0.0225764 -0.00692835 
16355 -0.021144 0.083167 
16356 0.0474095 -0.18837 
16357 0.0500039 -0.098937 
16358 0.0511891 -0.00909972 
16359 0.0533018 0.0807697 
16360 -0.254846 -0.183798 
16361 -0.252098 -0.0964287 
16362 -0.248923 -0.00855923 
16363 -0.246508 0.0781893 
16364 -0.180839 -0.185716 
16365 -0.178449 -0.0981933 
16366 -0.176316 -0.0105532 
16367 -0.172844 0.0762053 
16368 -0.10775 -0.18651 
16369 -0.105957 -0.0989972 
16370 -0.103195 -0.0124331 
16371 -0.100822 0.0733751 
16372 -0.0359583 -0.187828 
16373 -0.0336178 -0.100449 
16374 -0.0307733 -0.0148841 
16375 -0.0286657 0.0716001 
16376 0.0361027 -0.1887 
16377 0.0379685 -0.102379 
16378 0.0399163 -0.0166808 
16379 0.0420593 0.0688806 
16380 -0.253324 -0.184394 
16381 -0.250277 -0.0997924 
16382 -0.247566 -0.015502 
16383 -0.245143 0.0679209 
16384 -0.182689 -0.185434 
16385 -0.1802 -0.101286 
16386 -0.177231 -0.0178339 
16387 -0.175143 0.0652302 
16388 -0.112366 -0.186646 
16389 -0.110152 -0.102604 
16390 -0.107588 -0.0191677 
16391 -0.10524 0.063203 
16392 -0.0426688 -0.187593 
16393 -0.0408353 -0.104146 
16394 -0.0389813 -0.0215358 
16395 -0.0366924 0.0606913 
16396 0.0252531 -0.188248 
16397 0.0279792 -0.105331 
16398 0.0296491 -0.0234995 
16399 0.0320303 0.0589952 
16400 -0.251876 -0.18371 
16401 -0.249118 -0.103156 
16402 -0.247064 -0.0221837 
16403 -0.243824 0.0580114 
16404 -0.18456 -0.184509 
16405 -0.181488 -0.104758 
16406 -0.178545 -0.0245779 
16407 -0.176043 0.0554262 
16408 -0.117154 -0.186327 
16409 -0.114614 -0.10611 
16410 -0.112435 -0.0260674 
16411 -0.109094 0.0527681 
16412 -0.05025 -0.186743 
16413 -0.0480664 -0.107616 
16414 -0.0457917 -0.0280845 
16415 -0.0434773 0.0509388 
16416 0.0153612 -0.187929 
16417 0.0183593 -0.108436 
16418 0.0205009 -0.030194 
16419 0.0220834 0.0483816 
16420 -0.2515 -0.184375 
16421 -0.248283 -0.106271 
16422 -0.245234 -0.0289485 
16423 -0.243153 0.0490128 
16424 -0.186159 -0.184713 
16425 -0.182981 -0.106909 
16426 -0.180988 -0.0298324 
16427 -0.177803 0.0468893 
16428 -0.12153 -0.185511 
16429 -0.118701 -0.108846 
16430 -0.116141 -0.0320366 
16431 -0.113424 0.0445742 
16432 -0.0567743 -0.186737 
16433 -0.0547867 -0.110282 
16434 -0.0525918 -0.0340977 
16435 -0.0504296 0.0423308 
16436 0.0070098 -0.188011 
16437 0.00891015 -0.112057 
16438 0.010437 -0.0357502 
16439 0.0129601 0.0394494 
16440 -0.250694 -0.183593 
16441 -0.247589 -0.109216 
16442 -0.245087 -0.0341323 
16443 -0.241826 0.0404498 
16444 -0.187386 -0.185125 
16445 -0.185144 -0.110296 
16446 -0.18255 -0.0359392 
16447 -0.18015 0.0383804 
16448 -0.124956 -0.186178 
16449 -0.122848 -0.11167 
16450 -0.119762 -0.0377246 
16451 -0.117721 0.0359253 
16452 -0.0633102 -0.187072 
16453 -0.0610181 -0.1128 
16454 -0.0582769 -0.0397664 
16455 -0.0565728 0.0335153 
16456 -0.0020936 -0.18738 
16457 -2.7587e-06 -0.114017 
16458 0.00207258 -0.0416115 
16459 0.00434612 0.0314247 
16460 -0.250389 -0.18356 
16461 -0.246875 -0.111717 
16462 -0.244633 -0.0395887 
16463 -0.24178 0.0327717 
16464 -0.188802 -0.184639 
16465 -0.186303 -0.112589 
16466 -0.183713 -0.0408075 
16467 -0.181143 0.0303658 
16468 -0.129278 -0.185897 
16469 -0.126216 -0.11391 
16470 -0.124218 -0.0428401 
16471 -0.121396 0.027712 
16472 -0.0691632 -0.186184 
16473 -0.0675674 -0.115019 
16474 -0.0648668 -0.0440636 
16475 -0.062734 0.0263205 
16476 -0.0103918 -0.187949 
16477 -0.00805532 -0.116839 
16478 -0.00647562 -0.0456683 
16479 -0.00458061 0.0238518 
16480 -0.24964 -0.184119 
16481 -0.247247 -0.114201 
16482 -0.244323 -0.0442351 
16483 -0.241449 0.0251607 
16484 -0.19083 -0.184817 
16485 -0.18796 -0.114727 
16486 -0.185919 -0.0454083 
16487 -0.183552 0.0230901 
16488 -0.132488 -0.18592 
16489 -0.130249 -0.116762 
16490 -0.128253 -0.0474734 
16491 -0.12547 0.020459 
16492 -0.0755211 -0.186102 
16493 -0.0730348 -0.11796 
16494 -0.0710496 -0.0494123 
16495 -0.0681867 0.0187559 
16496 -0.0182538 -0.187797 
16497 -0.0164838 -0.119058 
16498 -0.0140741 -0.051024 
16499 -0.0118596 0.0171542 
