16120 -0.332979 -0.216294 
16121 -0.333321 -0.0167751 
16122 -0.33291 0.183119 
16123 -0.333675 0.382841 
16124 -0.166981 -0.216813 
16125 -0.166507 -0.0169973 
16126 -0.166673 0.183291 
16127 -0.166253 0.383826 
16128 -0.000366287 -0.21685 
16129 0.000170984 -0.016502 
16130 0.000410631 0.183155 
16131 -0.000257049 0.383422 
16132 0.166791 -0.216369 
16133 0.166358 -0.0164152 
16134 0.166909 0.18356 
16135 0.166874 0.382904 
16136 0.333724 -0.216499 
16137 0.333007 -0.0162547 
16138 0.332976 0.183034 
16139 0.333788 0.383549 
16140 -0.318013 -0.209366 
16141 -0.317753 -0.0279474 
16142 -0.31716 0.153915 
16143 -0.317397 0.336093 
16144 -0.166643 -0.209347 
16145 -0.165973 -0.0275264 
16146 -0.165528 0.153937 
16147 -0.164896 0.335985 
16148 -0.0155748 -0.210099 
16149 -0.0145455 -0.0282727 
16150 -0.0142915 0.153339 
16151 -0.014078 0.335353 
16152 0.136395 -0.210203 
16153 0.136898 -0.0289843 
16154 0.137003 0.153189 
16155 0.137622 0.334063 
16156 0.287209 -0.210005 
16157 0.287618 -0.0291826 
16158 0.287982 0.152531 
16159 0.288044 0.333764 
16160 -0.306074 -0.20428 
16161 -0.305489 -0.0369743 
16162 -0.304426 0.12999 
16163 -0.303501 0.296592 
16164 -0.166728 -0.204185 
16165 -0.16636 -0.037462 
16166 -0.164839 0.128897 
16167 -0.164666 0.295356 
16168 -0.0276281 -0.204409 
16169 -0.0269599 -0.0384561 
16170 -0.0265709 0.128411 
16171 -0.0253569 0.294512 
16172 0.111127 -0.204926 
16173 0.111849 -0.038569 
16174 0.111907 0.126839 
16175 0.11295 0.293308 
16176 0.249305 -0.20595 
16177 0.249323 -0.0398122 
16178 0.250189 0.126653 
16179 0.250998 0.291866 
16180 -0.296183 -0.199984 
16181 -0.295661 -0.0457747 
16182 -0.293745 0.108897 
16183 -0.292299 0.262252 
16184 -0.167338 -0.200159 
16185 -0.166182 -0.0458826 
16186 -0.16532 0.107234 
16187 -0.16363 0.261587 
16188 -0.038729 -0.200339 
16189 -0.0385504 -0.0471461 
16190 -0.0374073 0.106939 
16191 -0.0353902 0.259365 
16192 0.0884506 -0.20132 
16193 0.0899155 -0.0474234 
16194 0.0904789 0.105532 
16195 0.0919636 0.258049 
16196 0.216 -0.201514 
16197 0.217235 -0.0489258 
16198 0.218033 0.103923 
16199 0.219044 0.257376 
16200 -0.288231 -0.196075 
16201 -0.286802 -0.05256 
16202 -0.285523 0.090492 
16203 -0.283856 0.233592 
16204 -0.167943 -0.197134 
16205 -0.166736 -0.0535696 
16206 -0.165109 0.0888506 
16207 -0.163879 0.231726 
16208 -0.0493563 -0.197565 
16209 -0.0475866 -0.0554013 
16210 -0.0463684 0.0875063 
16211 -0.0446178 0.229853 
16212 0.0693426 -0.198501 
16213 0.0706271 -0.0563419 
16214 0.0718269 0.0859737 
16215 0.0731244 0.227827 
16216 0.187361 -0.198663 
16217 0.189102 -0.0566155 
16218 0.19035 0.0849646 
16219 0.191633 0.226264 
16220 -0.281755 -0.193852 
16221 -0.279928 -0.0595507 
16222 -0.2779 0.074068 
16223 -0.275845 0.207497 
16224 -0.168878 -0.194902 
16225 -0.168051 -0.0608071 
16226 -0.166354 0.0723883 
16227 -0.164546 0.205845 
16228 -0.0577871 -0.195326 
16229 -0.0567594 -0.0620291 
16230 -0.0545385 0.0708014 
16231 -0.053527 0.203235 
16232 0.0529687 -0.195741 
16233 0.0547791 -0.0627075 
16234 0.0562973 0.0693761 
16235 0.056936 0.202176 
16236 0.163462 -0.196683 
16237 0.164486 -0.0643977 
16238 0.165883 0.0684834 
16239 0.166783 0.200058 
16240 -0.275517 -0.191329 
16241 -0.273588 -0.0664436 
16242 -0.271672 0.0595132 
16243 -0.26918 0.18477 
16244 -0.169926 -0.192638 
16245 -0.168306 -0.0672499 
16246 -0.166574 0.0575913 
16247 -0.164422 0.182725 
16248 -0.0660273 -0.193722 
16249 -0.0639902 -0.0685401 
16250 -0.0619568 0.0561818 
16251 -0.0601964 0.180088 
16252 0.0384578 -0.194034 
16253 0.0394603 -0.0693252 
16254 0.0412541 0.0543103 
16255 0.0429404 0.17889 
16256 0.14125 -0.194609 
16257 0.142953 -0.0703497 
16258 0.14415 0.0526276 
16259 0.14602 0.176757 
16260 -0.270623 -0.18956 
16261 -0.268168 -0.0719633 
16262 -0.266289 0.0460627 
16263 -0.264241 0.164294 
16264 -0.171222 -0.19104 
16265 -0.169735 -0.0727579 
16266 -0.167362 0.0446487 
16267 -0.1651 0.162013 
16268 -0.0732736 -0.191296 
16269 -0.0714542 -0.0740207 
16270 -0.0689372 0.0435093 
16271 -0.0672273 0.160356 
16272 0.0250689 -0.192195 
16273 0.0267047 -0.0758224 
16274 0.028201 0.0416292 
16275 0.0296841 0.157523 
16276 0.121443 -0.193667 
16277 0.12374 -0.0771458 
16278 0.125209 0.0396823 
16279 0.126293 0.156139 
16280 -0.266524 -0.188366 
16281 -0.264378 -0.076439 
16282 -0.261498 0.0346223 
16283 -0.260024 0.146281 
16284 -0.173123 -0.189419 
16285 -0.170106 -0.0783257 
16286 -0.168872 0.0332635 
16287 -0.165997 0.144027 
16288 -0.0794646 -0.190862 
16289 -0.0776976 -0.0794587 
16290 -0.0753724 0.0309322 
16291 -0.0739238 0.141564 
16292 0.0123287 -0.191012 
16293 0.0148622 -0.0807345 
16294 0.0160211 0.0297542 
16295 0.0180662 0.139812 
16296 0.104488 -0.192487 
16297 0.105868 -0.0824353 
16298 0.108147 0.0274729 
16299 0.109819 0.137259 
16300 -0.262806 -0.187438 
16301 -0.260961 -0.0814945 
16302 -0.258293 0.023784 
16303 -0.255722 0.128917 
16304 -0.173705 -0.188927 
16305 -0.171491 -0.0829403 
16306 -0.170045 0.0217092 
16307 -0.167293 0.127577 
16308 -0.0861122 -0.189927 
16309 -0.0834799 -0.0842067 
16310 -0.0818742 0.0206785 
16311 -0.079963 0.124921 
16312 0.00149635 -0.190309 
16313 0.00328661 -0.0859839 
16314 0.0051691 0.0188086 
16315 0.00699807 0.123013 
16316 0.0883514 -0.191698 
16317 0.0900646 -0.0867184 
16318 0.0920042 0.0164803 
16319 0.0932762 0.12039 
16320 -0.260131 -0.187245 
16321 -0.25761 -0.0863399 
16322 -0.254805 0.0144578 
16323 -0.252947 0.113864 
16324 -0.175432 -0.187559 
16325 -0.173264 -0.0876473 
16326 -0.170562 0.0126337 
16327 -0.168694 0.112597 
16328 -0.0912731 -0.188968 
16329 -0.0896182 -0.0893916 
16330 -0.0870892 0.0110454 
16331 -0.0851147 0.109777 
16332 -0.00858065 -0.189504 
16333 -0.0066145 -0.0901128 
16334 -0.00484037 0.00844643 
16335 -0.00288903 0.107651 
16336 0.0743976 -0.19048 
16337 0.0756441 -0.0915076 
16338 0.0774246 0.00742251 
16339 0.0796347 0.105568 
16340 -0.257056 -0.186975 
16341 -0.254688 -0.0903024 
16342 -0.25227 0.00549674 
16343 -0.249646 0.100587 
16344 -0.176994 -0.187786 
16345 -0.174434 -0.091574 
16346 -0.171886 0.0039358 
16347 -0.170148 0.09879 
16348 -0.0966817 -0.188113 
16349 -0.0945148 -0.0931273 
16350 -0.0929444 0.00191848 
16351 -0.0901029 0.0965072 
16352 -0.0182572 -0.189565 
16353 -0.0153033 -0.0949715 
16354 -0.0135566 4.58524e-05 
16355 -0.0118255 0.0943427 
16356 0.0604118 -0.190041 
16357 0.0624752 -0.0959958 
16358 0.0645447 -0.00160149 
16359 0.0668066 0.0918977 
16360 -0.254939 -0.185926 
16361 -0.25318 -0.0942341 
16362 -0.250642 -0.00305753 
16363 -0.248012 0.0877591 
16364 -0.178687 -0.186924 
16365 -0.175706 -0.0953023 
16366 -0.173079 -0.00485168 
16367 -0.171252 0.0863205 
16368 -0.102007 -0.187905 
16369 -0.0995559 -0.0973553 
16370 -0.0974849 -0.00691952 
16371 -0.0955597 0.0838206 
16372 -0.0260829 -0.188719 
16373 -0.0240614 -0.098564 
16374 -0.0218173 -0.00848118 
16375 -0.020424 0.0809974 
16376 0.0486716 -0.190236 
16377 0.0507444 -0.0993109 
16378 0.0524604 -0.00997035 
16379 0.0544525 0.0791306 
16380 -0.253951 -0.185749 
16381 -0.251215 -0.0980823 
16382 -0.24816 -0.0100686 
16383 -0.245497 0.0769216 
16384 -0.179526 -0.186251 
16385 -0.177092 -0.0995976 
16386 -0.175201 -0.0127092 
16387 -0.172488 0.0743005 
16388 -0.107184 -0.187693 
16389 -0.104854 -0.100373 
16390 -0.10191 -0.0142143 
16391 -0.099558 0.0717211 
16392 -0.0342134 -0.188662 
16393 -0.0325097 -0.101761 
16394 -0.0300236 -0.0158509 
16395 -0.0283592 0.0700816 
16396 0.0367686 -0.189895 
16397 0.038766 -0.103528 
16398 0.0407965 -0.0175101 
16399 0.0434117 0.0673772 
16400 -0.252581 -0.185682 
16401 -0.249845 -0.101543 
16402 -0.246823 -0.017264 
16403 -0.244335 0.066192 
16404 -0.181669 -0.186018 
16405 -0.179252 -0.10241 
16406 -0.176648 -0.0188321 
16407 -0.173958 0.0640503 
16408 -0.111359 -0.18748 
16409 -0.109256 -0.103857 
16410 -0.106529 -0.0213955 
16411 -0.104836 0.0613388 
16412 -0.0423367 -0.188061 
16413 -0.0399656 -0.105581 
16414 -0.0378361 -0.0225525 
16415 -0.0360256 0.0592049 
16416 0.0263834 -0.188838 
16417 0.0287892 -0.106867 
16418 0.0302426 -0.0241924 
16419 0.0329776 0.0572444 
16420 -0.251451 -0.184968 
16421 -0.248684 -0.104055 
16422 -0.245594 -0.023439 
16423 -0.242652 0.0558896 
16424 -0.182702 -0.186312 
16425 -0.180895 -0.105767 
16426 -0.178442 -0.0257418 
16427 -0.175208 0.0540112 
16428 -0.116131 -0.187535 
16429 -0.113009 -0.107275 
16430 -0.111414 -0.0276413 
16431 -0.108599 0.0519157 
16432 -0.0493669 -0.187959 
16433 -0.0467942 -0.107961 
16434 -0.0444535 -0.0291514 
16435 -0.0421513 0.049803 
16436 0.0171389 -0.189075 
16437 0.0192179 -0.109773 
16438 0.0203185 -0.0306421 
16439 0.0227293 0.0479181 
16440 -0.249727 -0.18562 
16441 -0.24764 -0.107547 
16442 -0.244554 -0.0300359 
16443 -0.242518 0.0470542 
16444 -0.184192 -0.186551 
16445 -0.182229 -0.108714 
16446 -0.180086 -0.0311479 
16447 -0.177543 0.0455109 
16448 -0.120332 -0.186663 
16449 -0.117362 -0.110414 
16450 -0.114839 -0.0333069 
16451 -0.113346 0.0430905 
16452 -0.0553203 -0.187388 
16453 -0.0533385 -0.111347 
16454 -0.0513711 -0.0347158 
16455 -0.0496662 0.0413204 
16456 0.0074222 -0.188264 
16457 0.00932548 -0.112489 
16458 0.0119682 -0.036429 
16459 0.0132166 0.0392998 
16460 -0.249279 -0.185232 
16461 -0.24686 -0.110163 
16462 -0.244135 -0.0356556 
16463 -0.241389 0.038585 
16464 -0.186717 -0.186257 
16465 -0.183971 -0.111271 
16466 -0.180939 -0.0371205 
16467 -0.179186 0.0367774 
16468 -0.123483 -0.186955 
16469 -0.121512 -0.112861 
16470 -0.119335 -0.039171 
16471 -0.116851 0.0344159 
16472 -0.0619024 -0.187428 
16473 -0.0597182 -0.114211 
16474 -0.0575243 -0.0399305 
16475 -0.055744 0.0326343 
16476 -0.00131229 -0.188008 
16477 0.0010395 -0.11537 
16478 0.0026189 -0.0424105 
16479 0.00525037 0.030272 
16480 -0.248581 -0.184882 
16481 -0.245776 -0.112501 
16482 -0.243911 -0.0405661 
16483 -0.240556 0.0314748 
16484 -0.187859 -0.186001 
16485 -0.185737 -0.113318 
16486 -0.183344 -0.0419387 
16487 -0.180244 0.02916 
16488 -0.127455 -0.186342 
16489 -0.125694 -0.114596 
16490 -0.123143 -0.0436368 
16491 -0.120606 0.0268746 
16492 -0.0685469 -0.187111 
16493 -0.0662034 -0.116402 
16494 -0.0641768 -0.0449069 
16495 -0.0615817 0.0248844 
16496 -0.00895764 -0.188495 
16497 -0.00769201 -0.11765 
16498 -0.00539567 -0.0474325 
16499 -0.00303198 0.0226214 
16500 -0.248808 -0.185054 
16501 -0.245501 -0.115359 
16502 -0.243306 -0.0458604 
16503 -0.24075 0.0233236 
16504 -0.18922 -0.186001 
16505 -0.187638 -0.115928 
16506 -0.185162 -0.0467563 
16507 -0.182152 0.0219862 
16508 -0.131908 -0.186324 
16509 -0.128755 -0.117052 
16510 -0.126529 -0.0486791 
16511 -0.125035 0.0194294 
16512 -0.0738149 -0.186918 
16513 -0.0721684 -0.118163 
16514 -0.0698821 -0.0503813 
16515 -0.0675855 0.0183168 
16516 -0.0172691 -0.188443 
16517 -0.0152564 -0.119927 
16518 -0.0130397 -0.0515955 
16519 -0.0112906 0.0165825 
