16240 -0.333757 -0.216879 
16241 -0.332912 -0.0169693 
16242 -0.333322 0.183199 
16243 -0.333205 0.38363 
16244 -0.166347 -0.216922 
16245 -0.166806 -0.0168263 
16246 -0.166179 0.182953 
16247 -0.166326 0.383736 
16248 -4.41918e-05 -0.216539 
16249 0.000400926 -0.0169112 
16250 -0.000225891 0.183826 
16251 -0.000487009 0.383761 
16252 0.166815 -0.217065 
16253 0.167109 -0.0169509 
16254 0.166902 0.183266 
16255 0.16642 0.383197 
16256 0.333647 -0.216755 
16257 0.333084 -0.0168414 
16258 0.333375 0.183766 
16259 0.333816 0.383093 
16260 -0.317747 -0.211611 
16261 -0.316645 -0.0290376 
16262 -0.316358 0.152691 
16263 -0.315652 0.334777 
16264 -0.166088 -0.210988 
16265 -0.164761 -0.0289716 
16266 -0.165065 0.152126 
16267 -0.164469 0.334245 
16268 -0.0137682 -0.211202 
16269 -0.0138407 -0.0301608 
16270 -0.0132853 0.15162 
16271 -0.0129213 0.333202 
16272 0.136669 -0.211603 
16273 0.137861 -0.0303343 
16274 0.137451 0.150918 
16275 0.137845 0.332998 
16276 0.288584 -0.211949 
16277 0.288667 -0.0303271 
16278 0.288614 0.150948 
16279 0.289045 0.331845 
16280 -0.304217 -0.207303 
16281 -0.303839 -0.0402711 
16282 -0.303087 0.126682 
16283 -0.302434 0.293284 
16284 -0.164739 -0.206639 
16285 -0.164272 -0.0401612 
16286 -0.163386 0.125637 
16287 -0.162599 0.291784 
16288 -0.0258634 -0.207495 
16289 -0.0253887 -0.0412407 
16290 -0.0251564 0.125009 
16291 -0.0242221 0.291529 
16292 0.111811 -0.207784 
16293 0.113102 -0.041121 
16294 0.113824 0.124611 
16295 0.114211 0.290147 
16296 0.25019 -0.208229 
16297 0.250758 -0.0414488 
16298 0.251209 0.123983 
16299 0.251891 0.289744 
16300 -0.294189 -0.203808 
16301 -0.293111 -0.0496563 
16302 -0.291682 0.104801 
16303 -0.290132 0.258283 
16304 -0.164729 -0.203599 
16305 -0.164502 -0.0498711 
16306 -0.162599 0.103567 
16307 -0.161561 0.256854 
16308 -0.0371906 -0.204081 
16309 -0.0357617 -0.0507759 
16310 -0.0347112 0.10237 
16311 -0.0338192 0.256147 
16312 0.0913819 -0.204795 
16313 0.0915505 -0.0512497 
16314 0.0926707 0.101527 
16315 0.0931827 0.254115 
16316 0.218237 -0.204318 
16317 0.218326 -0.0519528 
16318 0.219258 0.100544 
16319 0.220124 0.253656 
16320 -0.28481 -0.200507 
16321 -0.283641 -0.0570835 
16322 -0.28208 0.0855231 
16323 -0.281044 0.227606 
16324 -0.164668 -0.2006 
16325 -0.164276 -0.0581039 
16326 -0.162772 0.0844181 
16327 -0.161165 0.226966 
16328 -0.045589 -0.201231 
16329 -0.0454305 -0.059046 
16330 -0.0443928 0.0832112 
16331 -0.0425845 0.224781 
16332 0.0723834 -0.201577 
16333 0.0736666 -0.0597355 
16334 0.0744617 0.0827564 
16335 0.0751905 0.224013 
16336 0.19087 -0.202002 
16337 0.191501 -0.0600763 
16338 0.192018 0.081259 
16339 0.192802 0.222046 
16340 -0.277251 -0.198325 
16341 -0.275452 -0.0651049 
16342 -0.274504 0.0690631 
16343 -0.272336 0.201322 
16344 -0.165582 -0.19842 
16345 -0.164417 -0.0650822 
16346 -0.162364 0.0678376 
16347 -0.161843 0.200561 
16348 -0.0540836 -0.199534 
16349 -0.0533393 -0.0658902 
16350 -0.0518936 0.0663275 
16351 -0.050438 0.198824 
16352 0.0566002 -0.199941 
16353 0.0569961 -0.066511 
16354 0.0585147 0.0652176 
16355 0.0591406 0.19712 
16356 0.166097 -0.200466 
16357 0.166749 -0.0681637 
16358 0.168422 0.0643972 
16359 0.168862 0.195332 
16360 -0.271203 -0.196384 
16361 -0.269108 -0.0709253 
16362 -0.267435 0.0541235 
16363 -0.266168 0.178365 
16364 -0.166057 -0.196898 
16365 -0.165059 -0.0720974 
16366 -0.162974 0.052363 
16367 -0.161605 0.177367 
16368 -0.0620728 -0.197148 
16369 -0.0603737 -0.0732275 
16370 -0.0595365 0.0512227 
16371 -0.0578417 0.175765 
16372 0.0417707 -0.197624 
16373 0.0431443 -0.0731382 
16374 0.0437563 0.0507381 
16375 0.045004 0.173818 
16376 0.144894 -0.198351 
16377 0.145635 -0.0739863 
16378 0.146596 0.0489557 
16379 0.147573 0.172231 
16380 -0.266159 -0.195071 
16381 -0.263617 -0.0770535 
16382 -0.262328 0.0404798 
16383 -0.26055 0.158349 
16384 -0.167044 -0.195594 
16385 -0.165632 -0.0778265 
16386 -0.163242 0.0396931 
16387 -0.161718 0.156817 
16388 -0.0683885 -0.19611 
16389 -0.0667797 -0.0785104 
16390 -0.0653307 0.0382739 
16391 -0.0644634 0.154884 
16392 0.0290938 -0.19651 
16393 0.0303264 -0.0796459 
16394 0.0309433 0.0366007 
16395 0.0322961 0.153576 
16396 0.125374 -0.196901 
16397 0.127234 -0.0799786 
16398 0.127358 0.035868 
16399 0.128591 0.151129 
16400 -0.261164 -0.193646 
16401 -0.25945 -0.082526 
16402 -0.257591 0.0295968 
16403 -0.255135 0.139555 
16404 -0.16771 -0.194233 
16405 -0.166356 -0.0826659 
16406 -0.164514 0.0277429 
16407 -0.162225 0.138513 
16408 -0.0748304 -0.195117 
16409 -0.0730035 -0.0836339 
16410 -0.0717137 0.0268829 
16411 -0.069937 0.136797 
16412 0.0174912 -0.19554 
16413 0.0180385 -0.085056 
16414 0.0199347 0.0251812 
16415 0.0206878 0.134624 
16416 0.108761 -0.195874 
16417 0.109256 -0.0858065 
16418 0.110856 0.023557 
16419 0.112071 0.133007 
16420 -0.257506 -0.192483 
16421 -0.25566 -0.0868218 
16422 -0.253436 0.0188653 
16423 -0.251487 0.123248 
16424 -0.168475 -0.192938 
16425 -0.166731 -0.0873803 
16426 -0.165484 0.0175963 
16427 -0.163757 0.121299 
16428 -0.0805129 -0.193863 
16429 -0.0793046 -0.0886164 
16430 -0.077496 0.015846 
16431 -0.0764139 0.119549 
16432 0.00654667 -0.194359 
16433 0.00773216 -0.0891689 
16434 0.00923053 0.0149548 
16435 0.0108433 0.118575 
16436 0.0930659 -0.19414 
16437 0.0938045 -0.0898993 
16438 0.0955519 0.0135238 
16439 0.0967816 0.116363 
16440 -0.254327 -0.19206 
16441 -0.252177 -0.0911755 
16442 -0.249942 0.00919506 
16443 -0.248586 0.108543 
16444 -0.169781 -0.191881 
16445 -0.167859 -0.0924251 
16446 -0.166564 0.00771001 
16447 -0.164891 0.107229 
16448 -0.0858765 -0.192128 
16449 -0.084587 -0.0932833 
16450 -0.0828754 0.00648261 
16451 -0.0813569 0.104818 
16452 -0.00338026 -0.192813 
16453 -0.00235174 -0.0935179 
16454 -0.000264717 0.00528915 
16455 0.0011332 0.103603 
16456 0.0788069 -0.193946 
16457 0.0805687 -0.0942823 
16458 0.0808354 0.0039265 
16459 0.0828612 0.101966 
16460 -0.251211 -0.191078 
16461 -0.24881 -0.095318 
16462 -0.246865 6.03524e-05 
16463 -0.245235 0.0950427 
16464 -0.170442 -0.191012 
16465 -0.168735 -0.0962069 
16466 -0.167301 -0.00123394 
16467 -0.1652 0.0935055 
16468 -0.0909991 -0.191998 
16469 -0.0900701 -0.0969706 
16470 -0.0876844 -0.00257283 
16471 -0.0863129 0.0918564 
16472 -0.012211 -0.192014 
16473 -0.0108315 -0.0975351 
16474 -0.00928137 -0.00348877 
16475 -0.00763558 0.0898841 
16476 0.0657782 -0.192959 
16477 0.0667872 -0.0980425 
16478 0.0679552 -0.00433207 
16479 0.0692954 0.0890641 
16480 -0.248536 -0.18986 
16481 -0.247118 -0.0988571 
16482 -0.24521 -0.00719711 
16483 -0.242757 0.0835495 
16484 -0.172438 -0.190655 
16485 -0.170273 -0.0989292 
16486 -0.168593 -0.00853122 
16487 -0.166362 0.081536 
16488 -0.0957955 -0.191085 
16489 -0.0948268 -0.100409 
16490 -0.0925941 -0.00984283 
16491 -0.0907553 0.0797996 
16492 -0.0203284 -0.191596 
16493 -0.0195982 -0.100923 
16494 -0.0178212 -0.0114224 
16495 -0.0161945 0.0782317 
16496 0.0543316 -0.191679 
16497 0.0548648 -0.101877 
16498 0.0561049 -0.0119943 
16499 0.0577633 0.0765567 
16500 -0.246861 -0.189581 
16501 -0.244632 -0.101534 
16502 -0.243241 -0.0150133 
16503 -0.240599 0.0718939 
16504 -0.173585 -0.189695 
16505 -0.171883 -0.102404 
16506 -0.169926 -0.0158863 
16507 -0.168021 0.070157 
16508 -0.100265 -0.190194 
16509 -0.0990065 -0.103696 
16510 -0.0975404 -0.0167758 
16511 -0.095466 0.0684883 
16512 -0.0281306 -0.190493 
16513 -0.0267392 -0.104375 
16514 -0.0255895 -0.0183559 
16515 -0.0245152 0.0674363 
16516 0.0433936 -0.190896 
16517 0.0440676 -0.105284 
16518 0.0454489 -0.0192656 
16519 0.0463744 0.0658936 
16520 -0.245021 -0.188437 
16521 -0.243355 -0.104405 
16522 -0.241439 -0.0210338 
16523 -0.239191 0.0616748 
16524 -0.174583 -0.188603 
16525 -0.172714 -0.1051 
16526 -0.171243 -0.0220573 
16527 -0.169273 0.0608025 
16528 -0.104602 -0.189318 
16529 -0.103252 -0.105662 
16530 -0.101908 -0.0236258 
16531 -0.0997558 0.0592304 
16532 -0.0355036 -0.189858 
16533 -0.0344351 -0.106565 
16534 -0.0325809 -0.0240534 
16535 -0.0319573 0.057547 
16536 0.0324356 -0.189917 
16537 0.0338972 -0.107704 
16538 0.0348126 -0.0257369 
16539 0.0360297 0.0555907 
16540 -0.243785 -0.187655 
16541 -0.241575 -0.107491 
16542 -0.239727 -0.026742 
16543 -0.238239 0.052809 
16544 -0.17628 -0.188651 
16545 -0.174698 -0.108415 
16546 -0.172916 -0.0284771 
16547 -0.17103 0.051223 
16548 -0.108883 -0.188103 
16549 -0.107583 -0.109055 
16550 -0.105905 -0.0289113 
16551 -0.104253 0.0500972 
16552 -0.0424953 -0.188947 
16553 -0.0407846 -0.109807 
16554 -0.0399578 -0.0303227 
16555 -0.0384214 0.0485908 
16556 0.0229795 -0.188628 
16557 0.0246668 -0.109606 
16558 0.025108 -0.0315845 
16559 0.0263342 0.0470901 
16560 -0.2426 -0.18747 
16561 -0.240562 -0.109349 
16562 -0.238617 -0.0324984 
16563 -0.236773 0.0438296 
16564 -0.177432 -0.187598 
16565 -0.17525 -0.109894 
16566 -0.174044 -0.033553 
16567 -0.172755 0.042452 
16568 -0.113032 -0.187893 
16569 -0.111244 -0.110981 
16570 -0.109551 -0.0347301 
16571 -0.108251 0.0408623 
16572 -0.0488396 -0.187456 
16573 -0.0481745 -0.111934 
16574 -0.045994 -0.0355604 
16575 -0.0452094 0.0399557 
16576 0.0144679 -0.187662 
16577 0.014732 -0.112232 
16578 0.0157969 -0.0364796 
16579 0.0171173 0.0387273 
16580 -0.242048 -0.187013 
16581 -0.239993 -0.111486 
16582 -0.237713 -0.0370128 
16583 -0.23591 0.0367822 
16584 -0.178825 -0.186439 
16585 -0.176721 -0.112541 
16586 -0.17537 -0.038147 
16587 -0.173573 0.0354285 
16588 -0.11662 -0.187327 
16589 -0.11555 -0.112745 
16590 -0.113586 -0.0389333 
16591 -0.11222 0.0334609 
16592 -0.0553654 -0.187228 
16593 -0.0536799 -0.113181 
16594 -0.0528376 -0.039843 
16595 -0.0515646 0.0320803 
16596 0.00535011 -0.187237 
16597 0.00623873 -0.114171 
16598 0.00749519 -0.0408842 
16599 0.00899133 0.030828 
16600 -0.240784 -0.186096 
16601 -0.239039 -0.11352 
16602 -0.237629 -0.0420324 
16603 -0.235489 0.0296853 
16604 -0.180337 -0.185533 
16605 -0.178375 -0.114585 
16606 -0.176942 -0.0426592 
16607 -0.175205 0.0281641 
16608 -0.120668 -0.185906 
16609 -0.119115 -0.115133 
16610 -0.117222 -0.0441213 
16611 -0.115879 0.0261871 
16612 -0.0614331 -0.186481 
16613 -0.059995 -0.115447 
16614 -0.0581686 -0.0447643 
16615 -0.0569553 0.025008 
16616 -0.00216143 -0.185894 
16617 -0.00091804 -0.115726 
16618 -0.000161 -0.0451051 
16619 0.000612165 0.0241732 
16620 -0.240564 -0.18503 
16621 -0.238357 -0.114924 
16622 -0.236461 -0.0459338 
16623 -0.235181 0.022391 
16624 -0.181949 -0.184904 
16625 -0.180156 -0.115792 
16626 -0.179161 -0.0469031 
16627 -0.176715 0.0213299 
16628 -0.124158 -0.185058 
16629 -0.122972 -0.116023 
16630 -0.120853 -0.0478924 
16631 -0.11961 0.0199974 
16632 -0.0667804 -0.184871 
16633 -0.0653539 -0.116799 
16634 -0.0647685 -0.0485575 
16635 -0.0631236 0.0194045 
16636 -0.00964222 -0.185291 
16637 -0.00943156 -0.11707 
16638 -0.00780978 -0.0498049 
16639 -0.00660287 0.0175343 
