16440 -0.333665 -0.216221 
16441 -0.333281 -0.0165832 
16442 -0.333015 0.183592 
16443 -0.333085 0.383567 
16444 -0.167098 -0.216949 
16445 -0.16703 -0.0162753 
16446 -0.166506 0.18331 
16447 -0.166572 0.38312 
16448 -0.000148997 -0.216602 
16449 -0.000395842 -0.0170269 
16450 -0.000496912 0.183827 
16451 -0.000264665 0.383731 
16452 0.166856 -0.217031 
16453 0.166766 -0.0162598 
16454 0.166857 0.18356 
16455 0.166512 0.383496 
16456 0.333743 -0.216754 
16457 0.33305 -0.0164266 
16458 0.33337 0.183356 
16459 0.333284 0.383061 
16460 -0.315847 -0.210372 
16461 -0.315022 -0.0288073 
16462 -0.315383 0.152297 
16463 -0.314576 0.333837 
16464 -0.164111 -0.211034 
16465 -0.163823 -0.0286558 
16466 -0.163418 0.15283 
16467 -0.163404 0.333911 
16468 -0.0128766 -0.210256 
16469 -0.0124865 -0.0293523 
16470 -0.0121158 0.152421 
16471 -0.0117894 0.333712 
16472 0.13803 -0.210497 
16473 0.13827 -0.0291827 
16474 0.138784 0.152442 
16475 0.138814 0.332871 
16476 0.289149 -0.21097 
16477 0.289573 -0.0296326 
16478 0.289704 0.15174 
16479 0.289464 0.332934 
16480 -0.301607 -0.205292 
16481 -0.300664 -0.0389001 
16482 -0.300468 0.127638 
16483 -0.299484 0.293303 
16484 -0.162212 -0.205754 
16485 -0.162143 -0.0391189 
16486 -0.161839 0.127174 
16487 -0.161404 0.292571 
16488 -0.0233674 -0.205655 
16489 -0.0235395 -0.0397615 
16490 -0.0228111 0.126608 
16491 -0.0228242 0.291845 
16492 0.114756 -0.205341 
16493 0.114976 -0.0392917 
16494 0.115215 0.125775 
16495 0.115476 0.291538 
16496 0.252649 -0.205321 
16497 0.252571 -0.039572 
16498 0.253145 0.126147 
16499 0.252897 0.291088 
16500 -0.289626 -0.20178 
16501 -0.288225 -0.0473976 
16502 -0.287609 0.106042 
16503 -0.287421 0.259307 
16504 -0.161003 -0.201168 
16505 -0.159985 -0.0481673 
16506 -0.160336 0.105322 
16507 -0.159394 0.258349 
16508 -0.0333052 -0.201692 
16509 -0.0324118 -0.0480241 
16510 -0.0322801 0.104634 
16511 -0.0321732 0.257501 
16512 0.0944143 -0.200977 
16513 0.0948597 -0.048239 
16514 0.0952591 0.104171 
16515 0.0946218 0.25629 
16516 0.221635 -0.201175 
16517 0.22131 -0.0481968 
16518 0.221939 0.104275 
16519 0.221333 0.255954 
16520 -0.279171 -0.197318 
16521 -0.278621 -0.0549937 
16522 -0.277738 0.0879042 
16523 -0.277043 0.229063 
16524 -0.160325 -0.19732 
16525 -0.15974 -0.0554632 
16526 -0.15923 0.0871477 
16527 -0.158464 0.228206 
16528 -0.0416034 -0.197314 
16529 -0.0406478 -0.055435 
16530 -0.0403757 0.0869207 
16531 -0.0397405 0.227495 
16532 0.0764636 -0.196998 
16533 0.0766691 -0.0557244 
16534 0.077362 0.0863383 
16535 0.0774542 0.227158 
16536 0.194222 -0.196951 
16537 0.194307 -0.0558449 
16538 0.195019 0.0850814 
16539 0.195038 0.226211 
16540 -0.270845 -0.194705 
16541 -0.270154 -0.0610539 
16542 -0.26932 0.0717233 
16543 -0.269015 0.203687 
16544 -0.159938 -0.194167 
16545 -0.158521 -0.0615032 
16546 -0.158662 0.0714392 
16547 -0.157792 0.203115 
16548 -0.0485476 -0.193743 
16549 -0.0487477 -0.0615429 
16550 -0.0483963 0.0702797 
16551 -0.0471317 0.202587 
16552 0.0617254 -0.193888 
16553 0.0617138 -0.061194 
16554 0.0614444 0.0701296 
16555 0.0622889 0.201685 
16556 0.170855 -0.193215 
16557 0.170641 -0.0615371 
16558 0.171025 0.0691617 
16559 0.170923 0.200446 
16560 -0.263494 -0.191591 
16561 -0.26283 -0.0670095 
16562 -0.262571 0.058046 
16563 -0.261477 0.182056 
16564 -0.158994 -0.190856 
16565 -0.159054 -0.0665723 
16566 -0.157993 0.057611 
16567 -0.157907 0.180668 
16568 -0.0549888 -0.190932 
16569 -0.054705 -0.0669674 
16570 -0.0545972 0.0569495 
16571 -0.0538905 0.180329 
16572 0.0476164 -0.19047 
16573 0.0481638 -0.0667797 
16574 0.0485909 0.0565197 
16575 0.0483735 0.179786 
16576 0.150783 -0.190208 
16577 0.150232 -0.0668202 
16578 0.150499 0.0564814 
16579 0.150039 0.178833 
16580 -0.257452 -0.189224 
16581 -0.256625 -0.0709181 
16582 -0.25633 0.0462253 
16583 -0.255236 0.162787 
16584 -0.159074 -0.188927 
16585 -0.158707 -0.0713525 
16586 -0.158528 0.0452084 
16587 -0.157278 0.162197 
16588 -0.0614416 -0.188035 
16589 -0.0616807 -0.0715732 
16590 -0.0608596 0.0455291 
16591 -0.0604894 0.160442 
16592 0.0352487 -0.188137 
16593 0.0359517 -0.0717607 
16594 0.0354486 0.0448415 
16595 0.035557 0.159826 
16596 0.131532 -0.187427 
16597 0.131509 -0.0710226 
16598 0.131973 0.0439467 
16599 0.131408 0.158772 
16600 -0.252501 -0.186648 
16601 -0.251868 -0.0754531 
16602 -0.251493 0.0358793 
16603 -0.250061 0.145187 
16604 -0.159277 -0.185743 
16605 -0.158764 -0.0755246 
16606 -0.158732 0.0345601 
16607 -0.157866 0.144986 
16608 -0.0671311 -0.185987 
16609 -0.0667851 -0.0747682 
16610 -0.0662432 0.0345848 
16611 -0.0666452 0.144368 
16612 0.0238561 -0.185393 
16613 0.0244818 -0.074954 
16614 0.0250883 0.0346944 
16615 0.0248085 0.142814 
16616 0.115105 -0.18451 
16617 0.115609 -0.0754319 
16618 0.115174 0.0341173 
16619 0.115235 0.14245 
16620 -0.248695 -0.184311 
16621 -0.247528 -0.0789527 
16622 -0.246778 0.0264739 
16623 -0.246122 0.129908 
16624 -0.160493 -0.183468 
16625 -0.159892 -0.0785871 
16626 -0.159195 0.0253007 
16627 -0.15866 0.129907 
16628 -0.0726514 -0.182646 
16629 -0.0720237 -0.0782161 
16630 -0.0720161 0.0252265 
16631 -0.0719732 0.129049 
16632 0.0141765 -0.182653 
16633 0.0147262 -0.0781386 
16634 0.0139624 0.0246884 
16635 0.0140793 0.128497 
16636 0.100365 -0.182175 
16637 0.100464 -0.0783929 
16638 0.100318 0.0251543 
16639 0.0996866 0.127557 
16640 -0.244377 -0.181413 
16641 -0.243716 -0.0820225 
16642 -0.243416 0.0183373 
16643 -0.241816 0.116756 
16644 -0.160671 -0.18122 
16645 -0.160111 -0.0812086 
16646 -0.160136 0.0174303 
16647 -0.159209 0.115755 
16648 -0.0779817 -0.180895 
16649 -0.0772669 -0.0817636 
16650 -0.0768232 0.0178579 
16651 -0.0762354 0.115878 
16652 0.00527706 -0.180117 
16653 0.00474329 -0.0812735 
16654 0.00450335 0.017485 
16655 0.00474507 0.114565 
16656 0.0865718 -0.179367 
16657 0.0868746 -0.0812799 
16658 0.0859857 0.01707 
16659 0.0862642 0.114299 
16660 -0.240931 -0.17939 
16661 -0.240727 -0.0838058 
16662 -0.2399 0.0102977 
16663 -0.238792 0.104757 
16664 -0.161258 -0.179212 
16665 -0.161183 -0.0839141 
16666 -0.160694 0.0108977 
16667 -0.159961 0.103774 
16668 -0.0823141 -0.17773 
16669 -0.0817147 -0.0839205 
16670 -0.0817502 0.0105249 
16671 -0.0815632 0.103561 
16672 -0.00427771 -0.177602 
16673 -0.00388506 -0.0837209 
16674 -0.00399545 0.00966533 
16675 -0.00415241 0.102958 
16676 0.0735335 -0.177465 
16677 0.0738143 -0.0828546 
16678 0.0732061 0.0101347 
16679 0.0737455 0.102639 
16680 -0.238171 -0.177535 
16681 -0.238084 -0.0859117 
16682 -0.236868 0.00439677 
16683 -0.236147 0.0939817 
16684 -0.162114 -0.176896 
16685 -0.162293 -0.0865438 
16686 -0.161455 0.0036523 
16687 -0.161212 0.0931052 
16688 -0.0865845 -0.176206 
16689 -0.0868929 -0.0858786 
16690 -0.0862662 0.00386137 
16691 -0.0863217 0.0930554 
16692 -0.012048 -0.174797 
16693 -0.0121736 -0.0859049 
16694 -0.0117019 0.00339199 
16695 -0.0118832 0.0927677 
16696 0.0620952 -0.174344 
16697 0.0622462 -0.0848891 
16698 0.062056 0.00413914 
16699 0.0614246 0.0922366 
16700 -0.235779 -0.17533 
16701 -0.235868 -0.088245 
16702 -0.235248 -0.0019601 
16703 -0.234948 0.0840812 
16704 -0.163533 -0.174502 
16705 -0.162833 -0.0878389 
16706 -0.162223 -0.0018112 
16707 -0.161731 0.083978 
16708 -0.0907701 -0.173982 
16709 -0.0906836 -0.0877236 
16710 -0.0902304 -0.0020816 
16711 -0.0907952 0.0835062 
16712 -0.019484 -0.173381 
16713 -0.0190701 -0.0874576 
16714 -0.0194405 -0.00200638 
16715 -0.0192772 0.0831776 
16716 0.0519 -0.17192 
16717 0.0510926 -0.0869136 
16718 0.0511827 -0.00194672 
16719 0.0503283 0.0828415 
16720 -0.233951 -0.173328 
16721 -0.233606 -0.0895433 
16722 -0.233139 -0.00705992 
16723 -0.232794 0.0757282 
16724 -0.164382 -0.172109 
16725 -0.163665 -0.0895389 
16726 -0.164049 -0.00700368 
16727 -0.163116 0.0752799 
16728 -0.0944182 -0.171054 
16729 -0.0946604 -0.0890648 
16730 -0.0946923 -0.00681827 
16731 -0.0951726 0.0747692 
16732 -0.026451 -0.170897 
16733 -0.0267282 -0.0880752 
16734 -0.0269298 -0.00625626 
16735 -0.0261915 0.0741306 
16736 0.041411 -0.169359 
16737 0.041463 -0.0874476 
16738 0.0410735 -0.00692749 
16739 0.0406551 0.0743354 
16740 -0.232061 -0.170983 
16741 -0.232454 -0.090867 
16742 -0.231729 -0.0109599 
16743 -0.230995 0.0674235 
16744 -0.165544 -0.169973 
16745 -0.164878 -0.090516 
16746 -0.165009 -0.0111901 
16747 -0.164949 0.0674794 
16748 -0.099143 -0.16956 
16749 -0.0989524 -0.0894047 
16750 -0.0990133 -0.0113286 
16751 -0.0984163 0.0670624 
16752 -0.0325268 -0.168237 
16753 -0.03287 -0.0892243 
16754 -0.0334241 -0.0112971 
16755 -0.0330322 0.0671763 
16756 0.0326146 -0.167212 
16757 0.0324699 -0.0888122 
16758 0.0318659 -0.0110298 
16759 0.0308178 0.0664398 
16760 -0.230605 -0.168517 
16761 -0.2312 -0.0913533 
16762 -0.230426 -0.014796 
16763 -0.22981 0.0604617 
16764 -0.165961 -0.167729 
16765 -0.16598 -0.0912839 
16766 -0.165945 -0.0154589 
16767 -0.166231 0.0609778 
16768 -0.102452 -0.166501 
16769 -0.102699 -0.0902307 
16770 -0.102998 -0.0147934 
16771 -0.102522 0.0599997 
16772 -0.0385783 -0.166014 
16773 -0.0397424 -0.0897007 
16774 -0.0393719 -0.0145106 
16775 -0.0398545 0.0597762 
16776 0.0238143 -0.16445 
16777 0.0231928 -0.0895349 
16778 0.0231477 -0.0149257 
16779 0.0221266 0.0597411 
16780 -0.230227 -0.166678 
16781 -0.229332 -0.092302 
16782 -0.229595 -0.0185644 
16783 -0.229364 0.0548859 
16784 -0.167733 -0.165978 
16785 -0.167189 -0.0920846 
16786 -0.167103 -0.0190333 
16787 -0.167615 0.0542935 
16788 -0.10572 -0.164553 
16789 -0.106307 -0.0912073 
16790 -0.105855 -0.0183059 
16791 -0.10635 0.0539799 
16792 -0.045465 -0.163285 
16793 -0.045429 -0.0905181 
16794 -0.0453534 -0.0179488 
16795 -0.0461648 0.054574 
16796 0.0154515 -0.1624 
16797 0.0146949 -0.0901232 
16798 0.0145034 -0.0174105 
16799 0.0134489 0.054218 
16800 -0.228775 -0.164191 
16801 -0.229138 -0.0927627 
16802 -0.229243 -0.0216803 
16803 -0.228193 0.0486547 
16804 -0.168713 -0.163108 
16805 -0.169445 -0.0926571 
16806 -0.16858 -0.021957 
16807 -0.16859 0.0485053 
16808 -0.109806 -0.162313 
16809 -0.109392 -0.0917004 
16810 -0.109807 -0.0212973 
16811 -0.110246 0.049046 
16812 -0.0501116 -0.16128 
16813 -0.0511159 -0.0911011 
16814 -0.0518897 -0.020405 
16815 -0.0515547 0.0488483 
16816 0.007879 -0.159957 
16817 0.00684129 -0.0904763 
16818 0.00647021 -0.0201728 
16819 0.00615167 0.048718 
16820 -0.22846 -0.162121 
16821 -0.228065 -0.0935755 
16822 -0.228021 -0.0248985 
16823 -0.228505 0.0435715 
16824 -0.169868 -0.161314 
16825 -0.170443 -0.0927221 
16826 -0.170553 -0.0240278 
16827 -0.171053 0.0431162 
16828 -0.113173 -0.159911 
16829 -0.11268 -0.0920772 
16830 -0.113659 -0.0240525 
16831 -0.114228 0.0432237 
16832 -0.0562851 -0.1592 
16833 -0.056712 -0.090409 
16834 -0.0571785 -0.0232159 
16835 -0.0573071 0.0436648 
16836 0.000110626 -0.157421 
16837 -0.000524204 -0.0897678 
16838 -0.00168825 -0.0231217 
16839 -0.00223805 0.0442399 
