16560 -0.333694 -0.216406 
16561 -0.33332 -0.0164382 
16562 -0.333746 0.183083 
16563 -0.333829 0.383589 
16564 -0.166249 -0.216723 
16565 -0.167147 -0.0168738 
16566 -0.166936 0.183345 
16567 -0.166236 0.382947 
16568 1.66906e-05 -0.216599 
16569 -0.000495172 -0.0171127 
16570 -0.000464094 0.183637 
16571 1.2138e-05 0.383402 
16572 0.166427 -0.216268 
16573 0.166814 -0.0170841 
16574 0.166716 0.182847 
16575 0.166997 0.382899 
16576 0.332867 -0.21652 
16577 0.333653 -0.0166508 
16578 0.333116 0.183072 
16579 0.333665 0.383481 
16580 -0.314235 -0.208403 
16581 -0.314711 -0.0269075 
16582 -0.314817 0.1543 
16583 -0.314306 0.335748 
16584 -0.162955 -0.208566 
16585 -0.163329 -0.027002 
16586 -0.163298 0.154432 
16587 -0.16266 0.335355 
16588 -0.0123476 -0.208152 
16589 -0.0116146 -0.0273487 
16590 -0.0123292 0.15464 
16591 -0.0117095 0.335512 
16592 0.139056 -0.207988 
16593 0.138639 -0.0273348 
16594 0.139284 0.15462 
16595 0.13942 0.335103 
16596 0.290241 -0.207934 
16597 0.289355 -0.0269931 
16598 0.289917 0.153808 
16599 0.289545 0.335221 
16600 -0.299615 -0.201352 
16601 -0.298842 -0.035024 
16602 -0.29881 0.130393 
16603 -0.298972 0.296537 
16604 -0.160602 -0.201074 
16605 -0.160002 -0.0349702 
16606 -0.160642 0.13113 
16607 -0.159957 0.296698 
16608 -0.0223951 -0.201099 
16609 -0.022399 -0.0353506 
16610 -0.0218715 0.130091 
16611 -0.0224053 0.295496 
16612 0.116229 -0.200398 
16613 0.116009 -0.0353956 
16614 0.115847 0.12995 
16615 0.115299 0.295149 
16616 0.25372 -0.200744 
16617 0.253404 -0.0346704 
16618 0.253219 0.129983 
16619 0.253396 0.295283 
16620 -0.287033 -0.19573 
16621 -0.286922 -0.0417657 
16622 -0.286188 0.110919 
16623 -0.286199 0.263643 
16624 -0.158436 -0.194994 
16625 -0.158617 -0.042534 
16626 -0.15872 0.111136 
16627 -0.158375 0.263131 
16628 -0.0309038 -0.195068 
16629 -0.0305049 -0.0418494 
16630 -0.0308326 0.110551 
16631 -0.0307272 0.263295 
16632 0.0968264 -0.194649 
16633 0.0958135 -0.0415485 
16634 0.0956437 0.110665 
16635 0.0952978 0.262416 
16636 0.222775 -0.193609 
16637 0.223225 -0.0417319 
16638 0.222343 0.109907 
16639 0.221886 0.262439 
16640 -0.276446 -0.190229 
16641 -0.276033 -0.0482056 
16642 -0.275582 0.0945992 
16643 -0.275089 0.236363 
16644 -0.157649 -0.189802 
16645 -0.157572 -0.0478785 
16646 -0.156952 0.0941642 
16647 -0.157302 0.235509 
16648 -0.0384359 -0.189604 
16649 -0.0391599 -0.0474036 
16650 -0.0393134 0.0943258 
16651 -0.0388657 0.235373 
16652 0.0789805 -0.188276 
16653 0.078558 -0.0472019 
16654 0.0788333 0.0934229 
16655 0.0782589 0.234517 
16656 0.197031 -0.18775 
16657 0.195838 -0.0467323 
16658 0.195832 0.0941912 
16659 0.195339 0.234386 
16660 -0.267798 -0.185755 
16661 -0.266797 -0.0524023 
16662 -0.267103 0.0795294 
16663 -0.266406 0.212145 
16664 -0.155888 -0.184526 
16665 -0.155926 -0.0527715 
16666 -0.155956 0.0801633 
16667 -0.156381 0.211227 
16668 -0.0461892 -0.184291 
16669 -0.04635 -0.0516687 
16670 -0.0463008 0.0799586 
16671 -0.0459233 0.210928 
16672 0.0637387 -0.183713 
16673 0.0636264 -0.0519523 
16674 0.0636696 0.0795103 
16675 0.0629103 0.210875 
16676 0.173742 -0.183113 
16677 0.172873 -0.0514032 
16678 0.171948 0.0801067 
16679 0.171993 0.210424 
16680 -0.259983 -0.18103 
16681 -0.260001 -0.0565912 
16682 -0.259527 0.0679717 
16683 -0.259294 0.191235 
16684 -0.155568 -0.180001 
16685 -0.155507 -0.0564272 
16686 -0.155763 0.0678455 
16687 -0.1555 0.190553 
16688 -0.0520132 -0.179863 
16689 -0.0524976 -0.0556856 
16690 -0.0525676 0.0674502 
16691 -0.0530845 0.190972 
16692 0.050382 -0.178897 
16693 0.0506147 -0.0556744 
16694 0.0500501 0.0678888 
16695 0.0496825 0.189762 
16696 0.153413 -0.178169 
16697 0.15298 -0.0554181 
16698 0.152156 0.0673205 
16699 0.151122 0.18943 
16700 -0.253986 -0.176958 
16701 -0.253055 -0.0599446 
16702 -0.25344 0.0569231 
16703 -0.253568 0.172888 
16704 -0.155614 -0.175755 
16705 -0.15551 -0.0592475 
16706 -0.155747 0.057039 
16707 -0.155258 0.173347 
16708 -0.0578049 -0.175827 
16709 -0.0580134 -0.0590776 
16710 -0.0589681 0.0567889 
16711 -0.0590556 0.172275 
16712 0.0388182 -0.174408 
16713 0.0382845 -0.0579848 
16714 0.038116 0.05677 
16715 0.0368449 0.172319 
16716 0.134522 -0.173122 
16717 0.133907 -0.0580172 
16718 0.133893 0.0570013 
16719 0.132872 0.171695 
16720 -0.248382 -0.172781 
16721 -0.24777 -0.0624738 
16722 -0.247573 0.0478002 
16723 -0.248013 0.157322 
16724 -0.15509 -0.172517 
16725 -0.155592 -0.0617879 
16726 -0.155274 0.0477658 
16727 -0.155447 0.157311 
16728 -0.0630927 -0.171099 
16729 -0.0638785 -0.0610659 
16730 -0.0636986 0.0481586 
16731 -0.0649102 0.15689 
16732 0.02809 -0.16995 
16733 0.0274564 -0.060355 
16734 0.0271658 0.0479046 
16735 0.0265062 0.156828 
16736 0.118925 -0.169182 
16737 0.117964 -0.0606379 
16738 0.117112 0.0479615 
16739 0.116394 0.156149 
16740 -0.243147 -0.169109 
16741 -0.243881 -0.0646513 
16742 -0.243643 0.0396035 
16743 -0.243842 0.143797 
16744 -0.155727 -0.168298 
16745 -0.155539 -0.0642533 
16746 -0.156447 0.0402628 
16747 -0.156026 0.143535 
16748 -0.0686742 -0.167083 
16749 -0.0686972 -0.0637201 
16750 -0.0695725 0.0399173 
16751 -0.0693292 0.143834 
16752 0.0183323 -0.166398 
16753 0.0172437 -0.0626671 
16754 0.0165801 0.0401124 
16755 0.0165662 0.142726 
16756 0.104297 -0.165207 
16757 0.102617 -0.0620671 
16758 0.102121 0.0407633 
16759 0.101332 0.143525 
16760 -0.239818 -0.165611 
16761 -0.239163 -0.0660695 
16762 -0.239479 0.0331468 
16763 -0.239904 0.131759 
16764 -0.155749 -0.16514 
16765 -0.156299 -0.0652727 
16766 -0.156447 0.0328074 
16767 -0.156849 0.131602 
16768 -0.0730594 -0.163665 
16769 -0.0733868 -0.0650163 
16770 -0.0738065 0.033779 
16771 -0.0747101 0.130864 
16772 0.00885469 -0.162107 
16773 0.008027 -0.064363 
16774 0.00785807 0.033754 
16775 0.00722658 0.131548 
16776 0.0900424 -0.161453 
16777 0.0889684 -0.0629855 
16778 0.0881838 0.0345667 
16779 0.0877065 0.131437 
16780 -0.235977 -0.163138 
16781 -0.236005 -0.0673671 
16782 -0.236433 0.0270055 
16783 -0.236618 0.120191 
16784 -0.156541 -0.161269 
16785 -0.156681 -0.0667698 
16786 -0.157669 0.027055 
16787 -0.15811 0.121003 
16788 -0.0776145 -0.160256 
16789 -0.0783857 -0.065945 
16790 -0.0785155 0.0280219 
16791 -0.0794975 0.120472 
16792 0.000192988 -0.158563 
16793 -0.000436339 -0.0651682 
16794 -0.00143924 0.0280901 
16795 -0.00188719 0.12105 
16796 0.0778018 -0.157982 
16797 0.0769752 -0.064878 
16798 0.0762743 0.0282094 
16799 0.0751755 0.120816 
16800 -0.233625 -0.159809 
16801 -0.233505 -0.0689907 
16802 -0.233403 0.020928 
16803 -0.234435 0.110859 
16804 -0.157378 -0.157599 
16805 -0.157702 -0.0676332 
16806 -0.158271 0.0223069 
16807 -0.158458 0.110634 
16808 -0.081704 -0.157106 
16809 -0.0822685 -0.0673183 
16810 -0.0831996 0.0228242 
16811 -0.0836867 0.111648 
16812 -0.00723282 -0.154874 
16813 -0.00781514 -0.0655355 
16814 -0.00874156 0.0227042 
16815 -0.0096993 0.111701 
16816 0.0665011 -0.153505 
16817 0.0657443 -0.0653368 
16818 0.0647218 0.0234288 
16819 0.0634312 0.110955 
16820 -0.230445 -0.15627 
16821 -0.231495 -0.0693359 
16822 -0.231118 0.0163058 
16823 -0.231724 0.102077 
16824 -0.158192 -0.154317 
16825 -0.158865 -0.0681205 
16826 -0.158952 0.017284 
16827 -0.159839 0.102418 
16828 -0.0863392 -0.153183 
16829 -0.0870156 -0.0678288 
16830 -0.087491 0.0177692 
16831 -0.088355 0.103151 
16832 -0.0147388 -0.152113 
16833 -0.015741 -0.0667573 
16834 -0.0164576 0.0181043 
16835 -0.0178797 0.10348 
16836 0.0564568 -0.150698 
16837 0.0552159 -0.0649136 
16838 0.0534323 0.0191353 
16839 0.0530374 0.102955 
16840 -0.228628 -0.152836 
16841 -0.229124 -0.0701913 
16842 -0.2293 0.012571 
16843 -0.230427 0.0944952 
16844 -0.158494 -0.151702 
16845 -0.159102 -0.0685491 
16846 -0.160144 0.0135954 
16847 -0.161251 0.095286 
16848 -0.0899239 -0.149689 
16849 -0.0904524 -0.068021 
16850 -0.0911333 0.0146146 
16851 -0.0921498 0.0954573 
16852 -0.0211677 -0.148019 
16853 -0.0228123 -0.0664144 
16854 -0.0238982 0.01512 
16855 -0.0243134 0.0959652 
16856 0.0459563 -0.146877 
16857 0.0444691 -0.0656046 
16858 0.0435719 0.0152536 
16859 0.0420817 0.0960649 
16860 -0.226852 -0.149873 
16861 -0.227657 -0.0700424 
16862 -0.228315 0.0097005 
16863 -0.228309 0.088441 
16864 -0.160251 -0.148635 
16865 -0.160588 -0.0687758 
16866 -0.161564 0.00976208 
16867 -0.161968 0.0885844 
16868 -0.0934856 -0.146968 
16869 -0.0941388 -0.0681134 
16870 -0.0954841 0.0104711 
16871 -0.0965043 0.0891354 
16872 -0.0281396 -0.144697 
16873 -0.028797 -0.0660707 
16874 -0.0306113 0.0118509 
16875 -0.0309705 0.0888112 
16876 0.037409 -0.143756 
16877 0.0357888 -0.0652595 
16878 0.0340557 0.0124579 
16879 0.0328815 0.0894968 
16880 -0.225002 -0.14627 
16881 -0.226051 -0.0696871 
16882 -0.226752 0.00650604 
16883 -0.227462 0.0817251 
16884 -0.16088 -0.145434 
16885 -0.162014 -0.0684254 
16886 -0.162789 0.00677074 
16887 -0.163391 0.0824356 
16888 -0.0973173 -0.143225 
16889 -0.0985737 -0.0669668 
16890 -0.0993757 0.00797344 
16891 -0.099936 0.0827388 
16892 -0.0338836 -0.141147 
16893 -0.0354977 -0.0662754 
16894 -0.03655 0.00866643 
16895 -0.037974 0.0833765 
16896 0.0286708 -0.139619 
16897 0.0272561 -0.0653289 
16898 0.0256513 0.010181 
16899 0.0241974 0.0840059 
16900 -0.223985 -0.143219 
16901 -0.225008 -0.0696438 
16902 -0.225315 0.00355244 
16903 -0.226601 0.0765222 
16904 -0.161485 -0.14189 
16905 -0.163079 -0.0681795 
16906 -0.164375 0.0050886 
16907 -0.165286 0.0770556 
16908 -0.100629 -0.139538 
16909 -0.102077 -0.06667 
16910 -0.102556 0.00583213 
16911 -0.103725 0.0781519 
16912 -0.0401239 -0.138608 
16913 -0.0410286 -0.0653876 
16914 -0.0422088 0.00693977 
16915 -0.0433554 0.0783612 
16916 0.0204072 -0.13699 
16917 0.0190779 -0.0639837 
16918 0.0171503 0.0073856 
16919 0.0157115 0.0792528 
16920 -0.222872 -0.140302 
16921 -0.223491 -0.0694089 
16922 -0.224312 0.00197044 
16923 -0.22611 0.0722703 
16924 -0.163036 -0.138531 
16925 -0.16375 -0.067582 
16926 -0.164834 0.00256033 
16927 -0.165919 0.0720986 
16928 -0.104404 -0.136891 
16929 -0.105519 -0.0665955 
16930 -0.106503 0.00344972 
16931 -0.107311 0.0728989 
16932 -0.0449753 -0.135327 
16933 -0.0472207 -0.0650023 
16934 -0.047725 0.00473727 
16935 -0.0492791 0.0741542 
16936 0.012992 -0.133019 
16937 0.0112784 -0.0635704 
16938 0.00934848 0.00560281 
16939 0.00772054 0.0740787 
16940 -0.221817 -0.137403 
16941 -0.222665 -0.0684452 
16942 -0.223676 0.000142276 
16943 -0.225566 0.0678615 
16944 -0.164467 -0.135516 
16945 -0.165135 -0.0671687 
16946 -0.167136 0.000746274 
16947 -0.168239 0.0685337 
16948 -0.106843 -0.133179 
16949 -0.108159 -0.0660402 
16950 -0.110296 0.00220473 
16951 -0.111463 0.0692774 
16952 -0.050753 -0.131928 
16953 -0.0523065 -0.0642707 
16954 -0.0534479 0.00267656 
16955 -0.0556496 0.0699674 
16956 0.0052562 -0.129319 
16957 0.00361872 -0.0623931 
16958 0.00162701 0.00432267 
16959 0.0004451 0.0701674 
