16740 -0.332913 -0.216326 
16741 -0.3333 -0.0166413 
16742 -0.332971 0.183152 
16743 -0.333386 0.38325 
16744 -0.167018 -0.216935 
16745 -0.167145 -0.0165726 
16746 -0.166526 0.183801 
16747 -0.166566 0.382946 
16748 0.000254711 -0.216675 
16749 -1.33028e-05 -0.0163652 
16750 -0.000485693 0.183708 
16751 -0.000162844 0.383014 
16752 0.166455 -0.216603 
16753 0.166787 -0.0163049 
16754 0.16712 0.183314 
16755 0.166925 0.383766 
16756 0.333054 -0.216978 
16757 0.333679 -0.0163346 
16758 0.333715 0.182898 
16759 0.332923 0.38336 
16760 -0.313678 -0.203656 
16761 -0.313286 -0.0219808 
16762 -0.31334 0.159352 
16763 -0.313159 0.340739 
16764 -0.16206 -0.203022 
16765 -0.161882 -0.0216791 
16766 -0.162252 0.159623 
16767 -0.162447 0.340976 
16768 -0.0105218 -0.202583 
16769 -0.0107553 -0.0215874 
16770 -0.01155 0.159199 
16771 -0.0112957 0.340486 
16772 0.140017 -0.202692 
16773 0.139698 -0.0211389 
16774 0.139371 0.159204 
16775 0.138956 0.340111 
16776 0.290977 -0.202232 
16777 0.289982 -0.0208482 
16778 0.290412 0.159966 
16779 0.289488 0.339993 
16780 -0.297447 -0.19255 
16781 -0.297472 -0.0259366 
16782 -0.297895 0.139757 
16783 -0.297323 0.305767 
16784 -0.158488 -0.191397 
16785 -0.158745 -0.0258428 
16786 -0.159315 0.140063 
16787 -0.15924 0.305478 
16788 -0.0204759 -0.190592 
16789 -0.0208851 -0.0248612 
16790 -0.0205214 0.139831 
16791 -0.0211933 0.305155 
16792 0.117601 -0.19067 
16793 0.117178 -0.0244577 
16794 0.116482 0.140782 
16795 0.116705 0.305496 
16796 0.255415 -0.189377 
16797 0.254257 -0.0245793 
16798 0.253955 0.140157 
16799 0.253122 0.304941 
16800 -0.284155 -0.182707 
16801 -0.283506 -0.0287039 
16802 -0.284734 0.123712 
16803 -0.28447 0.276608 
16804 -0.155191 -0.181336 
16805 -0.156094 -0.0282636 
16806 -0.156565 0.124722 
16807 -0.156919 0.276262 
16808 -0.0283135 -0.180548 
16809 -0.0290334 -0.0279002 
16810 -0.029342 0.124337 
16811 -0.0295407 0.276163 
16812 0.0984943 -0.179941 
16813 0.0978827 -0.0275258 
16814 0.0971072 0.125261 
16815 0.0970748 0.276277 
16816 0.224805 -0.178636 
16817 0.224337 -0.0269716 
16818 0.223558 0.124542 
16819 0.222777 0.276066 
16820 -0.272257 -0.172961 
16821 -0.272466 -0.0312717 
16822 -0.273765 0.110983 
16823 -0.273694 0.252574 
16824 -0.153172 -0.172023 
16825 -0.154226 -0.030649 
16826 -0.154687 0.111419 
16827 -0.155922 0.251993 
16828 -0.0358677 -0.171592 
16829 -0.0361151 -0.0294708 
16830 -0.0374052 0.111636 
16831 -0.0380762 0.251965 
16832 0.0823732 -0.170231 
16833 0.0814246 -0.0286576 
16834 0.0804175 0.1121 
16835 0.0796245 0.251823 
16836 0.199111 -0.168569 
16837 0.198087 -0.028669 
16838 0.197063 0.112322 
16839 0.195917 0.251968 
16840 -0.262589 -0.165688 
16841 -0.263327 -0.0325596 
16842 -0.264419 0.0992458 
16843 -0.264296 0.231707 
16844 -0.15179 -0.164448 
16845 -0.153393 -0.0316126 
16846 -0.153192 0.0997264 
16847 -0.154708 0.230949 
16848 -0.0417851 -0.162693 
16849 -0.0431961 -0.030505 
16850 -0.0441607 0.100495 
16851 -0.044823 0.23137 
16852 0.0677854 -0.161466 
16853 0.0669014 -0.0300857 
16854 0.0653498 0.101081 
16855 0.0643972 0.231268 
16856 0.176432 -0.159825 
16857 0.17568 -0.029481 
16858 0.174552 0.101982 
16859 0.172806 0.23185 
16860 -0.2553 -0.158415 
16861 -0.255334 -0.0338613 
16862 -0.256898 0.0897873 
16863 -0.257528 0.213049 
16864 -0.151359 -0.156934 
16865 -0.151753 -0.0323017 
16866 -0.153232 0.0906314 
16867 -0.153385 0.213403 
16868 -0.0475597 -0.15505 
16869 -0.0485789 -0.0313494 
16870 -0.0495379 0.0916633 
16871 -0.0506408 0.21428 
16872 0.0546075 -0.154139 
16873 0.0539934 -0.0302036 
16874 0.0527346 0.0920815 
16875 0.0511961 0.214721 
16876 0.156854 -0.151951 
16877 0.155075 -0.0294724 
16878 0.153564 0.0924523 
16879 0.152094 0.214518 
16880 -0.248366 -0.151089 
16881 -0.248646 -0.0343394 
16882 -0.250069 0.0823842 
16883 -0.250762 0.19861 
16884 -0.149968 -0.149884 
16885 -0.151193 -0.0327464 
16886 -0.15217 0.082673 
16887 -0.153906 0.198577 
16888 -0.0528167 -0.147541 
16889 -0.0545359 -0.0323301 
16890 -0.0555183 0.0841637 
16891 -0.056865 0.198781 
16892 0.0427371 -0.146506 
16893 0.041582 -0.030924 
16894 0.0408456 0.0843068 
16895 0.0393537 0.199202 
16896 0.138524 -0.145136 
16897 0.137563 -0.0299776 
16898 0.135628 0.0848007 
16899 0.13433 0.199775 
16900 -0.242699 -0.144896 
16901 -0.243388 -0.0349401 
16902 -0.244646 0.0756631 
16903 -0.245127 0.184468 
16904 -0.149648 -0.143269 
16905 -0.15111 -0.0336354 
16906 -0.152519 0.0766075 
16907 -0.153718 0.185706 
16908 -0.0585929 -0.141628 
16909 -0.0594624 -0.0320908 
16910 -0.0610367 0.077246 
16911 -0.0626384 0.186047 
16912 0.0326487 -0.139581 
16913 0.0307194 -0.0301942 
16914 0.0296329 0.0782137 
16915 0.0284778 0.18671 
16916 0.12294 -0.138361 
16917 0.121423 -0.0297556 
16918 0.120109 0.0792689 
16919 0.11797 0.187085 
16920 -0.237486 -0.138934 
16921 -0.238181 -0.0341215 
16922 -0.239616 0.0700037 
16923 -0.240635 0.172926 
16924 -0.150043 -0.137377 
16925 -0.151319 -0.0326986 
16926 -0.152969 0.0704807 
16927 -0.154224 0.173804 
16928 -0.0628665 -0.135001 
16929 -0.064043 -0.0311962 
16930 -0.0655956 0.0715042 
16931 -0.0677392 0.174697 
16932 0.0235619 -0.133793 
16933 0.0209739 -0.0302182 
16934 0.0200771 0.0721814 
16935 0.0183377 0.175354 
16936 0.10812 -0.131954 
16937 0.106753 -0.0287827 
16938 0.105168 0.0733461 
16939 0.103484 0.175824 
16940 -0.232972 -0.132664 
16941 -0.234633 -0.0338309 
16942 -0.23557 0.0645215 
16943 -0.236632 0.163259 
16944 -0.149571 -0.131445 
16945 -0.151204 -0.0323175 
16946 -0.153139 0.0656264 
16947 -0.153845 0.16359 
16948 -0.0675084 -0.129252 
16949 -0.0687716 -0.0307478 
16950 -0.0710081 0.0672973 
16951 -0.0718577 0.164207 
16952 0.0139342 -0.12765 
16953 0.0129839 -0.0294954 
16954 0.0104558 0.0684464 
16955 0.00852296 0.164844 
16956 0.0955046 -0.125585 
16957 0.0938467 -0.027941 
16958 0.0914498 0.0692684 
16959 0.089413 0.166346 
16960 -0.229472 -0.127304 
16961 -0.230766 -0.0329578 
16962 -0.231881 0.0606665 
16963 -0.234042 0.154414 
16964 -0.149746 -0.125339 
16965 -0.151913 -0.0312577 
16966 -0.153452 0.0616355 
16967 -0.154863 0.15559 
16968 -0.0714965 -0.123398 
16969 -0.073604 -0.0303594 
16970 -0.0751071 0.063123 
16971 -0.0771035 0.156285 
16972 0.00587787 -0.121909 
16973 0.00435622 -0.0278489 
16974 0.00270517 0.0646551 
16975 -1.2204e-05 0.157259 
16976 0.0829673 -0.119426 
16977 0.0809565 -0.0272106 
16978 0.0793024 0.0652931 
16979 0.0775944 0.157554 
16980 -0.22632 -0.122055 
16981 -0.228244 -0.0325383 
16982 -0.229592 0.0574358 
16983 -0.230614 0.146366 
16984 -0.150483 -0.119815 
16985 -0.152048 -0.0304115 
16986 -0.153628 0.0585163 
16987 -0.155741 0.14729 
16988 -0.0758813 -0.118202 
16989 -0.0771717 -0.0291895 
16990 -0.0791463 0.059756 
16991 -0.0812979 0.149013 
16992 -0.00177971 -0.115957 
16993 -0.00307585 -0.0269971 
16994 -0.00560934 0.0618252 
16995 -0.00755192 0.149853 
16996 0.0715587 -0.113749 
16997 0.0703463 -0.0252731 
16998 0.0678261 0.0629989 
16999 0.0652781 0.150603 
17000 -0.223229 -0.117618 
17001 -0.225193 -0.0311705 
17002 -0.226393 0.0543064 
17003 -0.228983 0.139863 
17004 -0.151542 -0.114726 
17005 -0.153134 -0.0290535 
17006 -0.154785 0.0560796 
17007 -0.156659 0.140828 
17008 -0.0799595 -0.112929 
17009 -0.0817184 -0.0271257 
17010 -0.0836745 0.0575344 
17011 -0.0856448 0.141905 
17012 -0.00891034 -0.111112 
17013 -0.0103467 -0.0254031 
17014 -0.0123167 0.0586704 
17015 -0.0149202 0.14271 
17016 0.0620058 -0.10846 
17017 0.0598102 -0.0237813 
17018 0.0574968 0.0600577 
17019 0.0545701 0.144418 
17020 -0.221431 -0.112565 
17021 -0.222841 -0.0294329 
17022 -0.224979 0.0519643 
17023 -0.226226 0.134589 
17024 -0.151776 -0.109812 
17025 -0.153587 -0.0276327 
17026 -0.155262 0.0541264 
17027 -0.157278 0.135489 
17028 -0.0829478 -0.107792 
17029 -0.0848605 -0.0261472 
17030 -0.0870918 0.0548563 
17031 -0.0890726 0.135939 
17032 -0.0149997 -0.105135 
17033 -0.017362 -0.0242793 
17034 -0.0197684 0.0567739 
17035 -0.0221091 0.137045 
17036 0.05167 -0.10342 
17037 0.0497874 -0.0224392 
17038 0.0470191 0.057678 
17039 0.0455157 0.138285 
17040 -0.219681 -0.107704 
17041 -0.221522 -0.0284363 
17042 -0.223057 0.0506878 
17043 -0.225185 0.12845 
17044 -0.152953 -0.104826 
17045 -0.154599 -0.0264052 
17046 -0.15688 0.0517946 
17047 -0.158863 0.130274 
17048 -0.0863576 -0.102492 
17049 -0.0889953 -0.024385 
17050 -0.091081 0.0532066 
17051 -0.0936485 0.131103 
17052 -0.0219051 -0.100486 
17053 -0.0236917 -0.0225426 
17054 -0.0265547 0.0553348 
17055 -0.0284305 0.132389 
17056 0.0431321 -0.0983724 
17057 0.040643 -0.0210806 
17058 0.0382802 0.0570553 
17059 0.035387 0.133289 
17060 -0.217826 -0.103162 
17061 -0.219375 -0.0264649 
17062 -0.221636 0.0490979 
17063 -0.223283 0.123979 
17064 -0.153817 -0.100997 
17065 -0.155995 -0.0243892 
17066 -0.157669 0.0504022 
17067 -0.160356 0.125611 
17068 -0.0900482 -0.0977379 
17069 -0.0922741 -0.0232722 
17070 -0.0951155 0.0520122 
17071 -0.0969661 0.127306 
17072 -0.0278108 -0.0952425 
17073 -0.0294253 -0.0204786 
17074 -0.0323949 0.0543134 
17075 -0.0343223 0.128612 
17076 0.0346101 -0.0928331 
17077 0.0317387 -0.0189673 
17078 0.0290194 0.0553983 
17079 0.0273181 0.129611 
17080 -0.215827 -0.0987295 
17081 -0.218727 -0.0251411 
17082 -0.220725 0.0472644 
17083 -0.222328 0.120148 
17084 -0.154133 -0.0962822 
17085 -0.156395 -0.023354 
17086 -0.159487 0.0493121 
17087 -0.160815 0.121777 
17088 -0.0931097 -0.0939746 
17089 -0.0961556 -0.0208868 
17090 -0.0981198 0.0516042 
17091 -0.100589 0.123562 
17092 -0.0328663 -0.0913771 
17093 -0.0354374 -0.0186267 
17094 -0.0379226 0.0531877 
17095 -0.0403305 0.124735 
17096 0.0270171 -0.0885021 
17097 0.0235047 -0.0166776 
17098 0.0208737 0.0543806 
17099 0.0188147 0.125801 
17100 -0.214745 -0.0943257 
17101 -0.21726 -0.023451 
17102 -0.219292 0.0467358 
17103 -0.222169 0.117251 
17104 -0.155817 -0.0914659 
17105 -0.158364 -0.0211985 
17106 -0.160068 0.0486095 
17107 -0.162213 0.118149 
17108 -0.0965012 -0.0884523 
17109 -0.0990789 -0.0189328 
17110 -0.102136 0.0505775 
17111 -0.103823 0.119419 
17112 -0.0383065 -0.0861382 
17113 -0.0412243 -0.0165701 
17114 -0.043476 0.0522129 
17115 -0.0466544 0.120803 
17116 0.0189284 -0.0836019 
17117 0.0158448 -0.0149383 
17118 0.0137113 0.0540837 
17119 0.0104514 0.122458 
17120 -0.214097 -0.0896232 
17121 -0.216031 -0.0214256 
17122 -0.218844 0.045964 
17123 -0.22112 0.113883 
17124 -0.15677 -0.0870611 
17125 -0.158845 -0.0192384 
17126 -0.1618 0.047803 
17127 -0.164275 0.115962 
17128 -0.100042 -0.0847082 
17129 -0.10216 -0.0165969 
17130 -0.105232 0.049914 
17131 -0.107963 0.117213 
17132 -0.0440204 -0.0822759 
17133 -0.0462144 -0.0145101 
17134 -0.0493183 0.0515722 
17135 -0.0514523 0.118664 
17136 0.012021 -0.0788548 
17137 0.00891164 -0.0130055 
17138 0.00584898 0.0538683 
17139 0.00335957 0.120391 
