16800 -0.333041 -0.217122 
16801 -0.333575 -0.0163038 
16802 -0.333172 0.183806 
16803 -0.333372 0.383489 
16804 -0.167117 -0.216548 
16805 -0.166453 -0.0166543 
16806 -0.166797 0.183733 
16807 -0.166496 0.383626 
16808 -0.000239824 -0.216295 
16809 3.50221e-05 -0.0165804 
16810 0.000194101 0.183147 
16811 0.000217574 0.383215 
16812 0.166571 -0.216327 
16813 0.167048 -0.0171125 
16814 0.166169 0.183224 
16815 0.166395 0.383348 
16816 0.333652 -0.216287 
16817 0.333302 -0.0166088 
16818 0.33298 0.183667 
16819 0.33301 0.383763 
16820 -0.313433 -0.201647 
16821 -0.313141 -0.0202755 
16822 -0.313439 0.161764 
16823 -0.313218 0.342857 
16824 -0.161097 -0.201299 
16825 -0.1623 -0.019981 
16826 -0.16181 0.161321 
16827 -0.162347 0.342268 
16828 -0.00997845 -0.200427 
16829 -0.0111099 -0.0189178 
16830 -0.0107302 0.161736 
16831 -0.0114653 0.342616 
16832 0.140178 -0.199996 
16833 0.139884 -0.0188703 
16834 0.139828 0.161298 
16835 0.138981 0.342829 
16836 0.291375 -0.199326 
16837 0.290968 -0.0190061 
16838 0.290779 0.162308 
16839 0.28952 0.342706 
16840 -0.296275 -0.188067 
16841 -0.296355 -0.0226094 
16842 -0.297382 0.143732 
16843 -0.297139 0.309674 
16844 -0.157948 -0.187082 
16845 -0.157975 -0.021259 
16846 -0.158967 0.143512 
16847 -0.159052 0.309842 
16848 -0.019425 -0.187035 
16849 -0.0202754 -0.0211152 
16850 -0.0201729 0.144363 
16851 -0.0215393 0.309195 
16852 0.118136 -0.186526 
16853 0.117889 -0.0203989 
16854 0.117442 0.144644 
16855 0.116313 0.309748 
16856 0.255901 -0.185223 
16857 0.255385 -0.020362 
16858 0.254742 0.144868 
16859 0.253719 0.309613 
16860 -0.283047 -0.177217 
16861 -0.283119 -0.0239562 
16862 -0.283796 0.128915 
16863 -0.283864 0.282135 
16864 -0.154533 -0.175611 
16865 -0.155302 -0.0224291 
16866 -0.15644 0.129918 
16867 -0.156877 0.282332 
16868 -0.0272784 -0.17436 
16869 -0.0276109 -0.022025 
16870 -0.0292189 0.130096 
16871 -0.0295706 0.282225 
16872 0.0990982 -0.173534 
16873 0.0984011 -0.0214941 
16874 0.0978892 0.129931 
16875 0.0966522 0.282479 
16876 0.225752 -0.173214 
16877 0.22488 -0.0205535 
16878 0.223513 0.130937 
16879 0.223261 0.281707 
16880 -0.271422 -0.16674 
16881 -0.272122 -0.0245289 
16882 -0.272649 0.116839 
16883 -0.273502 0.259047 
16884 -0.152763 -0.165412 
16885 -0.153489 -0.0237947 
16886 -0.154083 0.117476 
16887 -0.15514 0.259309 
16888 -0.0345771 -0.164176 
16889 -0.0353935 -0.0224009 
16890 -0.0358686 0.118672 
16891 -0.0373857 0.259462 
16892 0.083505 -0.162884 
16893 0.0821579 -0.0215921 
16894 0.0808988 0.119304 
16895 0.0803412 0.259184 
16896 0.200627 -0.161434 
16897 0.199235 -0.0211394 
16898 0.197429 0.119305 
16899 0.197033 0.259448 
16900 -0.261774 -0.15717 
16901 -0.262641 -0.0248566 
16902 -0.263484 0.106987 
16903 -0.264335 0.23905 
16904 -0.150466 -0.155464 
16905 -0.151811 -0.0239597 
16906 -0.153147 0.108206 
16907 -0.153615 0.239276 
16908 -0.040819 -0.154762 
16909 -0.0420036 -0.0232019 
16910 -0.0428353 0.108409 
16911 -0.0441157 0.239856 
16912 0.0688036 -0.153066 
16913 0.0672996 -0.021945 
16914 0.0665769 0.109291 
16915 0.0652466 0.239688 
16916 0.177322 -0.151571 
16917 0.176322 -0.0204956 
16918 0.174601 0.110444 
16919 0.173088 0.24026 
16920 -0.253189 -0.148972 
16921 -0.254815 -0.0247271 
16922 -0.255082 0.0987017 
16923 -0.256903 0.222016 
16924 -0.14926 -0.147257 
16925 -0.150673 -0.0238253 
16926 -0.151987 0.0998936 
16927 -0.153095 0.223269 
16928 -0.0462384 -0.145203 
16929 -0.047904 -0.0219907 
16930 -0.0492986 0.10107 
16931 -0.0503424 0.223319 
16932 0.0559698 -0.143714 
16933 0.054483 -0.0210802 
16934 0.0532817 0.100952 
16935 0.0515704 0.223197 
16936 0.158069 -0.142639 
16937 0.156153 -0.0199526 
16938 0.154357 0.102184 
16939 0.153211 0.224285 
16940 -0.246803 -0.14127 
16941 -0.24717 -0.0239922 
16942 -0.248399 0.0920002 
16943 -0.249713 0.207861 
16944 -0.14875 -0.138858 
16945 -0.150392 -0.0232793 
16946 -0.151404 0.0930608 
16947 -0.153255 0.20876 
16948 -0.0513318 -0.137844 
16949 -0.0531205 -0.0213361 
16950 -0.0547638 0.0943187 
16951 -0.0557405 0.209156 
16952 0.0441844 -0.136234 
16953 0.0434311 -0.0201599 
16954 0.0413611 0.0949727 
16955 0.0396656 0.209871 
16956 0.139979 -0.134052 
16957 0.138816 -0.0192367 
16958 0.136358 0.0952888 
16959 0.134956 0.210267 
16960 -0.240918 -0.133795 
16961 -0.241744 -0.023573 
16962 -0.243474 0.086549 
16963 -0.244263 0.195464 
16964 -0.147836 -0.132141 
16965 -0.150111 -0.0217834 
16966 -0.151247 0.0877361 
16967 -0.152714 0.196588 
16968 -0.0565699 -0.129957 
16969 -0.0581383 -0.0203327 
16970 -0.0595201 0.0878978 
16971 -0.0613672 0.197228 
16972 0.034554 -0.127644 
16973 0.0319589 -0.0194017 
16974 0.0310084 0.0891692 
16975 0.0290286 0.19742 
16976 0.124285 -0.12668 
16977 0.122487 -0.0174739 
16978 0.120783 0.0908863 
16979 0.118606 0.198497 
16980 -0.235339 -0.127034 
16981 -0.236586 -0.0222581 
16982 -0.238659 0.0812327 
16983 -0.240277 0.184667 
16984 -0.14812 -0.125333 
16985 -0.14924 -0.0209968 
16986 -0.151672 0.082839 
16987 -0.152434 0.185322 
16988 -0.061053 -0.123404 
16989 -0.0628952 -0.0195871 
16990 -0.0649172 0.0833834 
16991 -0.0663145 0.186345 
16992 0.0251769 -0.120551 
16993 0.0229313 -0.0182455 
16994 0.0212319 0.0852736 
16995 0.0194685 0.187079 
16996 0.109984 -0.119438 
16997 0.10847 -0.0166867 
16998 0.106099 0.0864444 
16999 0.103879 0.187897 
17000 -0.230942 -0.12091 
17001 -0.23229 -0.0215451 
17002 -0.234696 0.0773901 
17003 -0.236064 0.176072 
17004 -0.148129 -0.118304 
17005 -0.149797 -0.0202164 
17006 -0.151874 0.0786995 
17007 -0.153786 0.176673 
17008 -0.0657322 -0.116505 
17009 -0.0675593 -0.0185038 
17010 -0.0694144 0.0802407 
17011 -0.0718313 0.177462 
17012 0.0156807 -0.113859 
17013 0.0139288 -0.0160053 
17014 0.0120029 0.0805775 
17015 0.0102083 0.178572 
17016 0.0967788 -0.111773 
17017 0.0946533 -0.014574 
17018 0.0921211 0.0827052 
17019 0.0908557 0.179323 
17020 -0.226819 -0.11424 
17021 -0.228578 -0.0199706 
17022 -0.230343 0.0740728 
17023 -0.23266 0.167661 
17024 -0.147821 -0.111734 
17025 -0.149981 -0.0183733 
17026 -0.152173 0.0749273 
17027 -0.15436 0.168111 
17028 -0.0700359 -0.110053 
17029 -0.0719253 -0.0169537 
17030 -0.0740933 0.0765781 
17031 -0.0761841 0.16987 
17032 0.00748351 -0.107672 
17033 0.0055915 -0.0143785 
17034 0.0039562 0.0778895 
17035 0.00133025 0.170291 
17036 0.0853557 -0.10557 
17037 0.0830365 -0.0129377 
17038 0.080493 0.0796446 
17039 0.0778988 0.170848 
17040 -0.223928 -0.108563 
17041 -0.225495 -0.0190474 
17042 -0.227875 0.0708611 
17043 -0.23015 0.160138 
17044 -0.148137 -0.106315 
17045 -0.150577 -0.0170925 
17046 -0.152304 0.0728534 
17047 -0.154241 0.161266 
17048 -0.0738559 -0.104222 
17049 -0.0757912 -0.014912 
17050 -0.0781093 0.0736171 
17051 -0.0805148 0.162433 
17052 0.000142172 -0.101386 
17053 -0.00178491 -0.0127033 
17054 -0.00423369 0.0758284 
17055 -0.00671285 0.163782 
17056 0.0740708 -0.0996181 
17057 0.0715288 -0.0110401 
17058 0.0686906 0.0766396 
17059 0.0668236 0.165045 
17060 -0.221239 -0.102809 
17061 -0.223016 -0.0173989 
17062 -0.224957 0.0683525 
17063 -0.227405 0.154287 
17064 -0.148597 -0.100343 
17065 -0.151434 -0.0144959 
17066 -0.152954 0.0701637 
17067 -0.155719 0.155771 
17068 -0.0777954 -0.0983097 
17069 -0.0793073 -0.0126042 
17070 -0.0822672 0.0723122 
17071 -0.0847917 0.15663 
17072 -0.0065247 -0.0959769 
17073 -0.00861454 -0.0107476 
17074 -0.0118726 0.0734359 
17075 -0.0140998 0.157345 
17076 0.0635056 -0.0935629 
17077 0.0613971 -0.00936892 
17078 0.0589974 0.0748193 
17079 0.0558609 0.158719 
17080 -0.219015 -0.0979537 
17081 -0.22145 -0.0154215 
17082 -0.223219 0.0670601 
17083 -0.225165 0.148629 
17084 -0.149412 -0.0948381 
17085 -0.151398 -0.0127159 
17086 -0.154127 0.0689126 
17087 -0.156262 0.150533 
17088 -0.0810637 -0.0921157 
17089 -0.0831402 -0.0110247 
17090 -0.0860579 0.0706336 
17091 -0.0881477 0.15143 
17092 -0.0135874 -0.0899561 
17093 -0.0162002 -0.00932721 
17094 -0.0178386 0.0721801 
17095 -0.0209538 0.152236 
17096 0.054393 -0.0878697 
17097 0.0517997 -0.00695146 
17098 0.0487048 0.0740165 
17099 0.0460646 0.153589 
17100 -0.217107 -0.0925299 
17101 -0.219486 -0.0136294 
17102 -0.221551 0.0654636 
17103 -0.223291 0.143968 
17104 -0.150325 -0.0895523 
17105 -0.152978 -0.0109259 
17106 -0.155081 0.0669577 
17107 -0.157279 0.145102 
17108 -0.0849846 -0.0874943 
17109 -0.0872749 -0.0084625 
17110 -0.0891534 0.0686612 
17111 -0.0923656 0.146961 
17112 -0.0199064 -0.0842095 
17113 -0.0219674 -0.0062496 
17114 -0.0250052 0.0712617 
17115 -0.0275199 0.147737 
17116 0.0449088 -0.0825457 
17117 0.042311 -0.00464402 
17118 0.0397673 0.0721289 
17119 0.0368229 0.149168 
17120 -0.214601 -0.0866836 
17121 -0.21791 -0.0111787 
17122 -0.220176 0.0650352 
17123 -0.222216 0.140238 
17124 -0.150663 -0.0844397 
17125 -0.153585 -0.00927612 
17126 -0.155994 0.0660691 
17127 -0.159039 0.141457 
17128 -0.0877595 -0.0817629 
17129 -0.0905906 -0.00695596 
17130 -0.0932565 0.0683778 
17131 -0.095985 0.142702 
17132 -0.0248904 -0.0789761 
17133 -0.0278924 -0.00430336 
17134 -0.0302623 0.0696544 
17135 -0.0331097 0.144804 
17136 0.0364052 -0.0769086 
17137 0.0338403 -0.00217412 
17138 0.0310977 0.0716612 
17139 0.0282853 0.146221 
17140 -0.213982 -0.0823407 
17141 -0.215984 -0.00919957 
17142 -0.218371 0.0634156 
17143 -0.22106 0.136165 
17144 -0.152273 -0.0799402 
17145 -0.154496 -0.00645573 
17146 -0.157151 0.0659624 
17147 -0.160365 0.138409 
17148 -0.0915143 -0.0768661 
17149 -0.0939851 -0.00440289 
17150 -0.0965746 0.0677138 
17151 -0.0994991 0.139802 
17152 -0.030976 -0.0746012 
17153 -0.0332518 -0.00241913 
17154 -0.0365786 0.0690996 
17155 -0.0394817 0.140896 
17156 0.0290977 -0.0711723 
17157 0.0261541 8.67148e-05 
17158 0.0233652 0.0714343 
17159 0.020324 0.142953 
17160 -0.212221 -0.0778502 
17161 -0.21475 -0.00683851 
17162 -0.217637 0.0629202 
17163 -0.220195 0.133666 
17164 -0.153175 -0.0748647 
17165 -0.155813 -0.00415616 
17166 -0.158722 0.0652827 
17167 -0.161595 0.135328 
17168 -0.0939629 -0.0720875 
17169 -0.0967523 -0.00269692 
17170 -0.0994812 0.0673736 
17171 -0.103052 0.136639 
17172 -0.0360676 -0.0693464 
17173 -0.039051 0.00018876 
17174 -0.0419181 0.0690466 
17175 -0.0445244 0.137766 
17176 0.0210126 -0.0665286 
17177 0.0181107 0.00258689 
17178 0.0153192 0.0712572 
17179 0.0122403 0.139697 
17180 -0.211856 -0.0732328 
17181 -0.213817 -0.00485902 
17182 -0.216586 0.0631103 
17183 -0.219935 0.130481 
17184 -0.153687 -0.0696117 
17185 -0.15668 -0.00251843 
17186 -0.159401 0.065227 
17187 -0.16229 0.132005 
17188 -0.0975364 -0.0672745 
17189 -0.100348 0.000285738 
17190 -0.103247 0.0670217 
17191 -0.106044 0.13399 
17192 -0.0414458 -0.064717 
17193 -0.0445766 0.00264496 
17194 -0.047465 0.0692814 
17195 -0.0504725 0.135597 
17196 0.0136139 -0.06145 
17197 0.0114264 0.00471252 
17198 0.00795567 0.0708656 
17199 0.00485448 0.137115 
