16900 -0.333067 -0.216249 
16901 -0.333079 -0.0169273 
16902 -0.333526 0.183657 
16903 -0.333804 0.383136 
16904 -0.166677 -0.216215 
16905 -0.166501 -0.016622 
16906 -0.166393 0.183237 
16907 -0.166319 0.382836 
16908 -0.000157023 -0.216486 
16909 -0.000166178 -0.0162698 
16910 -0.000117609 0.183019 
16911 -0.000499649 0.383037 
16912 0.166308 -0.216251 
16913 0.166555 -0.0162992 
16914 0.166878 0.183155 
16915 0.167111 0.382931 
16916 0.333387 -0.216357 
16917 0.333795 -0.0165495 
16918 0.333006 0.183463 
16919 0.333047 0.38284 
16920 -0.312277 -0.197313 
16921 -0.312321 -0.016409 
16922 -0.312521 0.16479 
16923 -0.313327 0.34647 
16924 -0.161206 -0.197382 
16925 -0.161459 -0.0156015 
16926 -0.161915 0.164777 
16927 -0.162278 0.346621 
16928 -0.00978038 -0.196768 
16929 -0.00977533 -0.015968 
16930 -0.0105165 0.165635 
16931 -0.0105278 0.346361 
16932 0.140993 -0.196553 
16933 0.140312 -0.0148408 
16934 0.139931 0.165562 
16935 0.139975 0.346919 
16936 0.291384 -0.196071 
16937 0.290796 -0.0152869 
16938 0.290728 0.165422 
16939 0.289816 0.346835 
16940 -0.295507 -0.181379 
16941 -0.296002 -0.0150313 
16942 -0.296558 0.150091 
16943 -0.297151 0.31588 
16944 -0.156666 -0.180158 
16945 -0.156821 -0.0149943 
16946 -0.157843 0.150574 
16947 -0.158873 0.316577 
16948 -0.0179372 -0.180242 
16949 -0.0194128 -0.013693 
16950 -0.0199923 0.151695 
16951 -0.0202723 0.316211 
16952 0.119848 -0.179175 
16953 0.11907 -0.0133879 
16954 0.117943 0.151086 
16955 0.116614 0.316389 
16956 0.256939 -0.178143 
16957 0.255566 -0.0127381 
16958 0.255526 0.152454 
16959 0.254103 0.316985 
16960 -0.280661 -0.16734 
16961 -0.281693 -0.0143461 
16962 -0.282869 0.138875 
16963 -0.283386 0.291105 
16964 -0.152912 -0.165621 
16965 -0.153552 -0.0129319 
16966 -0.155197 0.139332 
16967 -0.155638 0.291421 
16968 -0.0259766 -0.165006 
16969 -0.0268833 -0.0126055 
16970 -0.0274235 0.140191 
16971 -0.0291687 0.291778 
16972 0.101358 -0.163817 
16973 0.100274 -0.0114531 
16974 0.0986333 0.140134 
16975 0.0980815 0.291636 
16976 0.227277 -0.162152 
16977 0.226335 -0.0106056 
16978 0.22517 0.140682 
16979 0.223493 0.291787 
16980 -0.26913 -0.15479 
16981 -0.270175 -0.0129299 
16982 -0.271091 0.128701 
16983 -0.272128 0.270896 
16984 -0.150148 -0.153744 
16985 -0.151998 -0.0115625 
16986 -0.153233 0.129549 
16987 -0.154422 0.27115 
16988 -0.0322902 -0.151725 
16989 -0.0334454 -0.0101223 
16990 -0.0354316 0.130432 
16991 -0.0362194 0.271285 
16992 0.0845172 -0.15024 
16993 0.0833635 -0.00969388 
16994 0.0827785 0.131355 
16995 0.0812404 0.271923 
16996 0.201664 -0.149096 
16997 0.20019 -0.00881796 
16998 0.19924 0.131737 
16999 0.197899 0.271763 
17000 -0.259585 -0.143078 
17001 -0.260123 -0.010736 
17002 -0.261477 0.120948 
17003 -0.263217 0.253238 
17004 -0.148155 -0.141737 
17005 -0.149724 -0.00926889 
17006 -0.150802 0.122099 
17007 -0.152744 0.252905 
17008 -0.0382444 -0.140104 
17009 -0.0399011 -0.00853023 
17010 -0.0409945 0.123119 
17011 -0.0428645 0.253725 
17012 0.070422 -0.138271 
17013 0.0691241 -0.00741789 
17014 0.0673332 0.124141 
17015 0.0664262 0.254537 
17016 0.179871 -0.137355 
17017 0.177965 -0.00553398 
17018 0.176405 0.124292 
17019 0.174808 0.255199 
17020 -0.250572 -0.132776 
17021 -0.252604 -0.00895295 
17022 -0.254041 0.114478 
17023 -0.255559 0.238256 
17024 -0.146893 -0.131138 
17025 -0.148585 -0.00754707 
17026 -0.150267 0.115546 
17027 -0.151841 0.23874 
17028 -0.0436019 -0.128972 
17029 -0.0456731 -0.00655668 
17030 -0.047246 0.116199 
17031 -0.0489981 0.239609 
17032 0.0588082 -0.128074 
17033 0.0567896 -0.00529213 
17034 0.0551185 0.11721 
17035 0.0528147 0.239841 
17036 0.160048 -0.126059 
17037 0.157764 -0.00305502 
17038 0.156004 0.118412 
17039 0.154698 0.240743 
17040 -0.244022 -0.123504 
17041 -0.245595 -0.00713925 
17042 -0.24711 0.108738 
17043 -0.248265 0.225707 
17044 -0.1456 -0.121747 
17045 -0.14778 -0.00599553 
17046 -0.14925 0.109973 
17047 -0.151501 0.226363 
17048 -0.0490494 -0.119387 
17049 -0.0508602 -0.00352637 
17050 -0.0527945 0.111385 
17051 -0.0542874 0.227022 
17052 0.0471614 -0.117936 
17053 0.0453988 -0.0028857 
17054 0.0435476 0.112587 
17055 0.0415463 0.227849 
17056 0.142657 -0.116088 
17057 0.140218 -0.000597695 
17058 0.139007 0.113547 
17059 0.136348 0.2279 
17060 -0.237086 -0.115356 
17061 -0.239355 -0.00533075 
17062 -0.240665 0.104626 
17063 -0.242996 0.214188 
17064 -0.144829 -0.112665 
17065 -0.147265 -0.00362432 
17066 -0.149203 0.106508 
17067 -0.151448 0.215497 
17068 -0.0542908 -0.110988 
17069 -0.0558671 -0.00130559 
17070 -0.0575095 0.107336 
17071 -0.0600541 0.215671 
17072 0.0369028 -0.108234 
17073 0.0345792 0.00020641 
17074 0.0324724 0.108893 
17075 0.0304776 0.217401 
17076 0.127394 -0.10657 
17077 0.124675 0.00145496 
17078 0.122996 0.110426 
17079 0.120196 0.217317 
17080 -0.2325 -0.107039 
17081 -0.234182 -0.00301748 
17082 -0.236425 0.101473 
17083 -0.238167 0.204911 
17084 -0.145245 -0.104328 
17085 -0.147163 -0.000928862 
17086 -0.148776 0.102872 
17087 -0.150879 0.205971 
17088 -0.0582031 -0.102571 
17089 -0.0606834 0.000616826 
17090 -0.0630174 0.10435 
17091 -0.0645497 0.207055 
17092 0.0276709 -0.100388 
17093 0.0254467 0.00319541 
17094 0.0230762 0.105906 
17095 0.020971 0.20765 
17096 0.112493 -0.0973924 
17097 0.110325 0.00504941 
17098 0.10766 0.107116 
17099 0.106153 0.209243 
17100 -0.227916 -0.0990542 
17101 -0.230049 -0.000452581 
17102 -0.232124 0.0983173 
17103 -0.233991 0.196469 
17104 -0.144843 -0.0971852 
17105 -0.146601 0.0021261 
17106 -0.148876 0.100237 
17107 -0.150813 0.197649 
17108 -0.0622029 -0.0941233 
17109 -0.0643689 0.00336802 
17110 -0.0670824 0.101748 
17111 -0.0693884 0.198749 
17112 0.0189888 -0.0920307 
17113 0.0163093 0.00566879 
17114 0.0145057 0.103337 
17115 0.0118827 0.20046 
17116 0.0998292 -0.0894181 
17117 0.0976008 0.00694645 
17118 0.0946929 0.103896 
17119 0.092691 0.200981 
17120 -0.223373 -0.0923729 
17121 -0.225973 0.00179606 
17122 -0.228074 0.0963403 
17123 -0.230445 0.189911 
17124 -0.144807 -0.0891128 
17125 -0.146701 0.00403434 
17126 -0.149463 0.0974295 
17127 -0.152148 0.190891 
17128 -0.0667289 -0.0870692 
17129 -0.069033 0.00649668 
17130 -0.070818 0.0993322 
17131 -0.073296 0.1923 
17132 0.0115516 -0.0848269 
17133 0.00906808 0.00787368 
17134 0.0064416 0.101189 
17135 0.00323583 0.193221 
17136 0.0878031 -0.081806 
17137 0.0854111 0.0105323 
17138 0.0829799 0.101969 
17139 0.0802017 0.194718 
17140 -0.220003 -0.0847461 
17141 -0.222504 0.0042963 
17142 -0.224936 0.0940854 
17143 -0.227198 0.183476 
17144 -0.145101 -0.0822173 
17145 -0.147228 0.00646522 
17146 -0.14945 0.0962518 
17147 -0.152212 0.184735 
17148 -0.0706497 -0.0802414 
17149 -0.072372 0.00860068 
17150 -0.0750898 0.0973825 
17151 -0.0783802 0.1859 
17152 0.00421089 -0.077357 
17153 0.000779754 0.0113551 
17154 -0.00139296 0.0992824 
17155 -0.00366266 0.187093 
17156 0.0773798 -0.0747333 
17157 0.0742326 0.0128969 
17158 0.0711447 0.100879 
17159 0.0693767 0.188945 
17160 -0.216913 -0.0784879 
17161 -0.219659 0.00756787 
17162 -0.222084 0.092405 
17163 -0.225076 0.178415 
17164 -0.144923 -0.0764858 
17165 -0.1479 0.00982041 
17166 -0.150935 0.0948143 
17167 -0.15323 0.179755 
17168 -0.0742786 -0.0736103 
17169 -0.0763786 0.011394 
17170 -0.0796342 0.096065 
17171 -0.0820833 0.180996 
17172 -0.0031248 -0.0712659 
17173 -0.00597991 0.0139182 
17174 -0.00864709 0.0984799 
17175 -0.0118572 0.182072 
17176 0.066653 -0.0681394 
17177 0.0644463 0.0160169 
17178 0.0610768 0.0998101 
17179 0.0587012 0.183891 
17180 -0.21447 -0.0724285 
17181 -0.217374 0.00934756 
17182 -0.220462 0.0922059 
17183 -0.222406 0.17378 
17184 -0.146142 -0.0693361 
17185 -0.148924 0.0120515 
17186 -0.150833 0.0939375 
17187 -0.153833 0.175237 
17188 -0.0769358 -0.067068 
17189 -0.0797853 0.0140774 
17190 -0.0825102 0.0956581 
17191 -0.085602 0.176882 
17192 -0.0099633 -0.0639946 
17193 -0.0124257 0.0163305 
17194 -0.0149335 0.0978701 
17195 -0.0183042 0.178072 
17196 0.0575002 -0.0614309 
17197 0.0541733 0.018978 
17198 0.0518193 0.0992214 
17199 0.0486029 0.179991 
17200 -0.212842 -0.0660108 
17201 -0.215373 0.012384 
17202 -0.218619 0.0914621 
17203 -0.220581 0.16965 
17204 -0.146225 -0.0637569 
17205 -0.149232 0.0150061 
17206 -0.151919 0.0936084 
17207 -0.154638 0.171347 
17208 -0.081126 -0.0606263 
17209 -0.0832982 0.0176059 
17210 -0.0869653 0.0949849 
17211 -0.0895392 0.173117 
17212 -0.01603 -0.0582763 
17213 -0.0186039 0.0193288 
17214 -0.0216694 0.097137 
17215 -0.024391 0.174012 
17216 0.0483011 -0.0552247 
17217 0.0452212 0.0217449 
17218 0.0424726 0.0992012 
17219 0.0394594 0.17637 
17220 -0.210934 -0.0602646 
17221 -0.213382 0.0149496 
17222 -0.216199 0.0902765 
17223 -0.219591 0.166293 
17224 -0.1467 -0.0578994 
17225 -0.149584 0.0173622 
17226 -0.153242 0.0923256 
17227 -0.155623 0.167988 
17228 -0.0838435 -0.0550577 
17229 -0.0867846 0.0199182 
17230 -0.0899457 0.0951213 
17231 -0.0926004 0.169314 
17232 -0.0216638 -0.0523135 
17233 -0.0240771 0.0223446 
17234 -0.027851 0.0970572 
17235 -0.0309409 0.171293 
17236 0.0399761 -0.0500092 
17237 0.0375466 0.0247487 
17238 0.0344863 0.0983151 
17239 0.0314743 0.172285 
17240 -0.208867 -0.0551001 
17241 -0.212479 0.0178876 
17242 -0.215396 0.090538 
17243 -0.218669 0.163805 
17244 -0.148264 -0.0526623 
17245 -0.150506 0.0197607 
17246 -0.154326 0.0931743 
17247 -0.156557 0.164992 
17248 -0.0873126 -0.0498827 
17249 -0.0906671 0.022749 
17250 -0.0935796 0.0948857 
17251 -0.0968314 0.166459 
17252 -0.027206 -0.0462625 
17253 -0.0302765 0.0255051 
17254 -0.0333351 0.0967325 
17255 -0.0365578 0.168806 
17256 0.0325245 -0.0434871 
17257 0.0294471 0.0278315 
17258 0.0258175 0.0984811 
17259 0.022893 0.170455 
17260 -0.207974 -0.0499822 
17261 -0.211463 0.0204243 
17262 -0.214362 0.0908893 
17263 -0.216977 0.160509 
17264 -0.148564 -0.0472566 
17265 -0.15243 0.0230392 
17266 -0.155172 0.0927753 
17267 -0.15843 0.162258 
17268 -0.0903643 -0.0445058 
17269 -0.0929746 0.0249935 
17270 -0.0962614 0.0946115 
17271 -0.0992432 0.164639 
17272 -0.0324246 -0.0412687 
17273 -0.0354679 0.0277368 
17274 -0.0389307 0.096804 
17275 -0.0417906 0.165665 
17276 0.0249872 -0.0386262 
17277 0.0213917 0.030403 
17278 0.0184462 0.0987586 
17279 0.0150303 0.167439 
17280 -0.207033 -0.0450858 
17281 -0.209957 0.0228805 
17282 -0.213681 0.0913013 
17283 -0.216218 0.158883 
17284 -0.15027 -0.0422771 
17285 -0.153212 0.0257224 
17286 -0.156529 0.0934635 
17287 -0.159152 0.160495 
17288 -0.0927931 -0.0387587 
17289 -0.0962016 0.0283431 
17290 -0.0993661 0.094858 
17291 -0.102533 0.162688 
17292 -0.0371293 -0.0358942 
17293 -0.0402349 0.0302836 
17294 -0.0434469 0.0975488 
17295 -0.0471951 0.163578 
17296 0.0181315 -0.0335703 
17297 0.0150496 0.0328999 
17298 0.011574 0.0995498 
17299 0.00816829 0.165904 
