16940 -0.333153 -0.216466 
16941 -0.333792 -0.0171564 
16942 -0.333224 0.182975 
16943 -0.333502 0.383148 
16944 -0.1666 -0.216348 
16945 -0.1669 -0.0164362 
16946 -0.166587 0.183607 
16947 -0.166469 0.383042 
16948 0.000151767 -0.21677 
16949 -0.0001048 -0.0163327 
16950 0.000295026 0.183032 
16951 0.000121357 0.383281 
16952 0.166447 -0.217047 
16953 0.166833 -0.0168712 
16954 0.166479 0.183016 
16955 0.167149 0.382877 
16956 0.332909 -0.216754 
16957 0.333196 -0.0168874 
16958 0.332993 0.183539 
16959 0.333384 0.383525 
16960 -0.312287 -0.196468 
16961 -0.31215 -0.0151341 
16962 -0.312485 0.166617 
16963 -0.312978 0.348175 
16964 -0.161172 -0.195319 
16965 -0.161048 -0.013935 
16966 -0.161635 0.167238 
16967 -0.161872 0.347708 
16968 -0.00995939 -0.195074 
16969 -0.010176 -0.0137786 
16970 -0.0106367 0.166592 
16971 -0.0108009 0.34795 
16972 0.141069 -0.194752 
16973 0.140928 -0.0137263 
16974 0.140802 0.167373 
16975 0.139463 0.347946 
16976 0.291366 -0.193884 
16977 0.29103 -0.0132637 
16978 0.291017 0.167275 
16979 0.29024 0.348132 
16980 -0.29477 -0.17887 
16981 -0.295689 -0.0126918 
16982 -0.296375 0.152789 
16983 -0.296021 0.318466 
16984 -0.156252 -0.178079 
16985 -0.156778 -0.0121743 
16986 -0.157728 0.153305 
16987 -0.158307 0.319196 
16988 -0.0182719 -0.176697 
16989 -0.018821 -0.0110691 
16990 -0.0191535 0.153625 
16991 -0.0201435 0.319302 
16992 0.119721 -0.175935 
16993 0.118988 -0.0111441 
16994 0.11831 0.154317 
16995 0.117395 0.319095 
16996 0.257063 -0.174873 
16997 0.256581 -0.0104965 
16998 0.255536 0.154626 
16999 0.254124 0.3199 
17000 -0.28009 -0.163311 
17001 -0.281057 -0.0107715 
17002 -0.281824 0.142395 
17003 -0.282815 0.295333 
17004 -0.152132 -0.162633 
17005 -0.153134 -0.009327 
17006 -0.154224 0.143494 
17007 -0.155551 0.295732 
17008 -0.0256716 -0.160619 
17009 -0.026688 -0.00822381 
17010 -0.0273082 0.143856 
17011 -0.0279836 0.295332 
17012 0.101305 -0.160069 
17013 0.100551 -0.00730552 
17014 0.0992624 0.144555 
17015 0.0984536 0.295847 
17016 0.228013 -0.158701 
17017 0.22689 -0.00664505 
17018 0.225047 0.144375 
17019 0.224712 0.2966 
17020 -0.26879 -0.149877 
17021 -0.269837 -0.00808868 
17022 -0.2703 0.133351 
17023 -0.271417 0.275184 
17024 -0.149777 -0.148648 
17025 -0.150561 -0.00703519 
17026 -0.151827 0.134933 
17027 -0.153469 0.275814 
17028 -0.0320682 -0.147323 
17029 -0.033022 -0.00533807 
17030 -0.0342196 0.135101 
17031 -0.0361535 0.276025 
17032 0.0853275 -0.145432 
17033 0.0840553 -0.00415409 
17034 0.0829845 0.136037 
17035 0.0819427 0.276919 
17036 0.202948 -0.14446 
17037 0.200638 -0.003887 
17038 0.199994 0.136649 
17039 0.197835 0.27656 
17040 -0.258718 -0.137968 
17041 -0.259382 -0.00541212 
17042 -0.261077 0.126248 
17043 -0.262351 0.258086 
17044 -0.147566 -0.135717 
17045 -0.149543 -0.0040346 
17046 -0.150575 0.127758 
17047 -0.151893 0.259203 
17048 -0.0376371 -0.13404 
17049 -0.0393469 -0.00317937 
17050 -0.0407639 0.128635 
17051 -0.0420175 0.259738 
17052 0.0722424 -0.13231 
17053 0.0698367 -0.0017802 
17054 0.0682767 0.129801 
17055 0.0671523 0.260204 
17056 0.180615 -0.130984 
17057 0.179132 -0.000593113 
17058 0.176929 0.12994 
17059 0.175797 0.260278 
17060 -0.249526 -0.126319 
17061 -0.251277 -0.00240431 
17062 -0.252477 0.12056 
17063 -0.254211 0.24428 
17064 -0.146142 -0.125241 
17065 -0.147233 -0.00122529 
17066 -0.149197 0.121788 
17067 -0.151479 0.245441 
17068 -0.0432237 -0.122585 
17069 -0.044265 -9.37248e-05 
17070 -0.0461085 0.123152 
17071 -0.0484987 0.245735 
17072 0.0592755 -0.120752 
17073 0.0575684 0.0020023 
17074 0.0552289 0.124487 
17075 0.0540558 0.246432 
17076 0.161155 -0.119403 
17077 0.15956 0.00349879 
17078 0.157148 0.124828 
17079 0.15478 0.24747 
17080 -0.242831 -0.117155 
17081 -0.244489 -9.27368e-05 
17082 -0.246134 0.116051 
17083 -0.247356 0.232045 
17084 -0.145119 -0.114301 
17085 -0.146196 0.00158496 
17086 -0.149019 0.117022 
17087 -0.15016 0.233128 
17088 -0.0476912 -0.112231 
17089 -0.0503406 0.00342842 
17090 -0.0521061 0.118302 
17091 -0.0533757 0.233712 
17092 0.0479564 -0.110768 
17093 0.0457563 0.00506613 
17094 0.0437259 0.119966 
17095 0.0424729 0.23454 
17096 0.143508 -0.108553 
17097 0.14185 0.00669357 
17098 0.139152 0.121032 
17099 0.137169 0.23555 
17100 -0.235643 -0.107738 
17101 -0.23825 0.00252141 
17102 -0.239571 0.111764 
17103 -0.242116 0.221617 
17104 -0.144305 -0.105287 
17105 -0.14566 0.00445213 
17106 -0.147865 0.113629 
17107 -0.150539 0.222925 
17108 -0.0521485 -0.102549 
17109 -0.0549573 0.00561175 
17110 -0.0571024 0.114682 
17111 -0.0585122 0.223819 
17112 0.0385721 -0.1007 
17113 0.0356271 0.00799984 
17114 0.0336845 0.115881 
17115 0.0309987 0.224907 
17116 0.128258 -0.0982616 
17117 0.125371 0.00949176 
17118 0.123341 0.117458 
17119 0.121188 0.225769 
17120 -0.230814 -0.0989815 
17121 -0.233029 0.00492392 
17122 -0.235461 0.10902 
17123 -0.236863 0.212649 
17124 -0.143009 -0.0967318 
17125 -0.145549 0.00695197 
17126 -0.148364 0.110976 
17127 -0.150505 0.213659 
17128 -0.057341 -0.0937558 
17129 -0.0593859 0.00949472 
17130 -0.0617654 0.112314 
17131 -0.0637844 0.21462 
17132 0.0288233 -0.0916931 
17133 0.0264404 0.0106193 
17134 0.0244315 0.113148 
17135 0.0216726 0.216119 
17136 0.113927 -0.0892492 
17137 0.111503 0.0128825 
17138 0.108944 0.115285 
17139 0.107193 0.217055 
17140 -0.226032 -0.0905151 
17141 -0.228151 0.00802622 
17142 -0.230951 0.106627 
17143 -0.233285 0.205262 
17144 -0.143636 -0.0879891 
17145 -0.14526 0.00989621 
17146 -0.147917 0.108764 
17147 -0.150401 0.205985 
17148 -0.060626 -0.0858244 
17149 -0.0637977 0.012029 
17150 -0.0662631 0.109827 
17151 -0.0679008 0.20758 
17152 0.0202499 -0.0832871 
17153 0.0176282 0.0143688 
17154 0.0149927 0.111849 
17155 0.0126703 0.208729 
17156 0.100993 -0.0806401 
17157 0.0982789 0.0163334 
17158 0.0955446 0.112868 
17159 0.0935763 0.209836 
17160 -0.221679 -0.0829097 
17161 -0.224875 0.0106286 
17162 -0.226701 0.10463 
17163 -0.229839 0.1986 
17164 -0.14331 -0.0801033 
17165 -0.145246 0.0132239 
17166 -0.147957 0.10647 
17167 -0.151184 0.200073 
17168 -0.065345 -0.0782422 
17169 -0.0673567 0.0146858 
17170 -0.0698093 0.108022 
17171 -0.0723024 0.201218 
17172 0.0126778 -0.0751117 
17173 0.0096235 0.0172312 
17174 0.00773337 0.109485 
17175 0.0043926 0.202143 
17176 0.0893316 -0.0729408 
17177 0.0868858 0.019109 
17178 0.0844313 0.111881 
17179 0.0817484 0.203898 
17180 -0.218559 -0.0759004 
17181 -0.220794 0.0141016 
17182 -0.223438 0.103333 
17183 -0.226688 0.192659 
17184 -0.143662 -0.0732893 
17185 -0.146007 0.0160265 
17186 -0.148534 0.104622 
17187 -0.151439 0.193759 
17188 -0.0688109 -0.0703016 
17189 -0.0717224 0.018648 
17190 -0.0743438 0.10707 
17191 -0.0767513 0.19568 
17192 0.0048202 -0.0682006 
17193 0.00239581 0.0205538 
17194 -0.000653401 0.108445 
17195 -0.0027627 0.196443 
17196 0.0788811 -0.0652517 
17197 0.0761612 0.0226644 
17198 0.0731036 0.11022 
17199 0.06968 0.198074 
17200 -0.215175 -0.0692781 
17201 -0.218027 0.016479 
17202 -0.22105 0.102516 
17203 -0.224183 0.18755 
17204 -0.14393 -0.0666086 
17205 -0.146453 0.01893 
17206 -0.149329 0.103664 
17207 -0.152064 0.189421 
17208 -0.0720728 -0.0636326 
17209 -0.0750457 0.0210401 
17210 -0.0775052 0.106236 
17211 -0.0805223 0.190561 
17212 -0.00186683 -0.0612033 
17213 -0.00487909 0.0229648 
17214 -0.00692301 0.107336 
17215 -0.00988299 0.191638 
17216 0.0688174 -0.0586165 
17217 0.0658415 0.0252728 
17218 0.0630736 0.109264 
17219 0.0595343 0.193806 
17220 -0.21307 -0.0627848 
17221 -0.216057 0.019346 
17222 -0.219038 0.101617 
17223 -0.221622 0.183914 
17224 -0.143825 -0.0600218 
17225 -0.146662 0.0220721 
17226 -0.149941 0.10366 
17227 -0.152746 0.184843 
17228 -0.0758522 -0.0570266 
17229 -0.0788842 0.0245168 
17230 -0.0813085 0.105047 
17231 -0.0849482 0.186396 
17232 -0.00818592 -0.0543298 
17233 -0.0112746 0.0262189 
17234 -0.0143267 0.107691 
17235 -0.0164494 0.188156 
17236 0.0587771 -0.0517402 
17237 0.0562764 0.028534 
17238 0.0531509 0.108928 
17239 0.0504237 0.189573 
17240 -0.210931 -0.0563259 
17241 -0.214123 0.0225301 
17242 -0.216403 0.101528 
17243 -0.219286 0.180118 
17244 -0.144173 -0.0532625 
17245 -0.148114 0.0250167 
17246 -0.150963 0.102821 
17247 -0.153323 0.181246 
17248 -0.0787433 -0.0512263 
17249 -0.0822573 0.0276549 
17250 -0.0848229 0.105272 
17251 -0.0877983 0.183288 
17252 -0.0141966 -0.0476905 
17253 -0.0168469 0.0290473 
17254 -0.0203838 0.107045 
17255 -0.0235034 0.18427 
17256 0.0500525 -0.0457034 
17257 0.0471463 0.0317856 
17258 0.0443717 0.109294 
17259 0.0414412 0.185824 
17260 -0.209144 -0.0503954 
17261 -0.211802 0.0249844 
17262 -0.215245 0.100488 
17263 -0.218527 0.17614 
17264 -0.145396 -0.0471807 
17265 -0.148792 0.0275492 
17266 -0.151116 0.103006 
17267 -0.154502 0.178631 
17268 -0.0823013 -0.0448628 
17269 -0.0852855 0.0303973 
17270 -0.0886883 0.104698 
17271 -0.0920441 0.180312 
17272 -0.0196439 -0.0424076 
17273 -0.0234013 0.0323866 
17274 -0.0258532 0.106727 
17275 -0.0290663 0.181007 
17276 0.0418649 -0.0394556 
17277 0.038847 0.0351619 
17278 0.0355174 0.108916 
17279 0.0325273 0.183087 
17280 -0.207617 -0.0451413 
17281 -0.211085 0.0278634 
17282 -0.214015 0.101102 
17283 -0.21654 0.174046 
17284 -0.14604 -0.0421622 
17285 -0.149451 0.0303709 
17286 -0.152592 0.102938 
17287 -0.155669 0.175629 
17288 -0.0854553 -0.0392844 
17289 -0.0885378 0.0334002 
17290 -0.0915961 0.105083 
17291 -0.0946521 0.17738 
17292 -0.0252417 -0.0358261 
17293 -0.0281033 0.035448 
17294 -0.0315078 0.107684 
17295 -0.0352317 0.178414 
17296 0.0340458 -0.0335607 
17297 0.0309578 0.0377683 
17298 0.027367 0.109208 
17299 0.0239707 0.180665 
17300 -0.206456 -0.0393343 
17301 -0.209043 0.0309657 
17302 -0.212377 0.100858 
17303 -0.215594 0.171897 
17304 -0.146592 -0.0362239 
17305 -0.150217 0.0334397 
17306 -0.153106 0.103625 
17307 -0.156606 0.173683 
17308 -0.0889901 -0.0332313 
17309 -0.0918033 0.0360971 
17310 -0.0947758 0.105696 
17311 -0.0982897 0.174577 
17312 -0.0306184 -0.0308442 
17313 -0.0337784 0.0388011 
17314 -0.0370323 0.107321 
17315 -0.0401191 0.176982 
17316 0.0261772 -0.0281384 
17317 0.023465 0.0412521 
17318 0.0198179 0.110051 
17319 0.0170167 0.178075 
17320 -0.204929 -0.0337985 
17321 -0.208519 0.0342804 
17322 -0.211727 0.101938 
17323 -0.214696 0.169607 
17324 -0.147607 -0.030701 
17325 -0.151025 0.0364402 
17326 -0.154598 0.103347 
17327 -0.157694 0.171679 
17328 -0.0919464 -0.0283038 
17329 -0.0949756 0.038598 
17330 -0.0978799 0.106027 
17331 -0.101774 0.173352 
17332 -0.0360507 -0.0250767 
17333 -0.0389009 0.0418227 
17334 -0.0423171 0.107708 
17335 -0.0450868 0.175251 
17336 0.0197798 -0.0227641 
17337 0.0163074 0.044204 
17338 0.0128301 0.110489 
17339 0.00972578 0.176224 
