16960 -0.33291 -0.216953 
16961 -0.333604 -0.0163806 
16962 -0.333826 0.183265 
16963 -0.33301 0.383266 
16964 -0.167015 -0.216301 
16965 -0.167022 -0.0164513 
16966 -0.166933 0.183342 
16967 -0.166383 0.383682 
16968 -0.000256208 -0.216634 
16969 -0.000182238 -0.0171525 
16970 0.000409724 0.182943 
16971 0.000375799 0.383622 
16972 0.166969 -0.216882 
16973 0.16661 -0.016724 
16974 0.167136 0.183639 
16975 0.166776 0.383428 
16976 0.333154 -0.216246 
16977 0.333283 -0.0163648 
16978 0.333591 0.182893 
16979 0.333082 0.382961 
16980 -0.311677 -0.195232 
16981 -0.311785 -0.0135773 
16982 -0.312954 0.166966 
16983 -0.312871 0.348327 
16984 -0.161049 -0.194565 
16985 -0.160769 -0.0138756 
16986 -0.161739 0.167149 
16987 -0.162141 0.34859 
16988 -0.00953139 -0.19433 
16989 -0.00984823 -0.0134679 
16990 -0.0103928 0.168011 
16991 -0.0104436 0.348599 
16992 0.141375 -0.194217 
16993 0.14117 -0.012454 
16994 0.140348 0.168107 
16995 0.140258 0.348508 
16996 0.291609 -0.193031 
16997 0.291922 -0.0123999 
16998 0.290647 0.167808 
16999 0.290346 0.349327 
17000 -0.294822 -0.177658 
17001 -0.295314 -0.0115636 
17002 -0.295462 0.154446 
17003 -0.295952 0.32021 
17004 -0.155565 -0.176752 
17005 -0.157043 -0.0108496 
17006 -0.15756 0.155016 
17007 -0.157626 0.320755 
17008 -0.0173611 -0.175223 
17009 -0.0184369 -0.00969164 
17010 -0.0188121 0.155674 
17011 -0.020065 0.320706 
17012 0.119805 -0.174601 
17013 0.119336 -0.00972842 
17014 0.118156 0.155376 
17015 0.117461 0.320915 
17016 0.257706 -0.173756 
17017 0.256558 -0.00842599 
17018 0.255351 0.155999 
17019 0.25425 0.321469 
17020 -0.279683 -0.161155 
17021 -0.280511 -0.008879 
17022 -0.281484 0.144094 
17023 -0.282749 0.297091 
17024 -0.15263 -0.160606 
17025 -0.15311 -0.00788884 
17026 -0.154242 0.145089 
17027 -0.155256 0.297102 
17028 -0.0246279 -0.158817 
17029 -0.0264442 -0.00680404 
17030 -0.0272864 0.145892 
17031 -0.0282962 0.297806 
17032 0.102032 -0.157674 
17033 0.100489 -0.0054866 
17034 0.0990844 0.146153 
17035 0.0987776 0.297573 
17036 0.228105 -0.157025 
17037 0.227224 -0.00478221 
17038 0.225754 0.146372 
17039 0.224766 0.298299 
17040 -0.267852 -0.147416 
17041 -0.26869 -0.00562412 
17042 -0.269814 0.13573 
17043 -0.271659 0.277852 
17044 -0.149796 -0.146092 
17045 -0.150262 -0.00456668 
17046 -0.152339 0.136423 
17047 -0.15278 0.278043 
17048 -0.0311705 -0.144034 
17049 -0.0329928 -0.00336461 
17050 -0.0342328 0.137717 
17051 -0.0354338 0.278807 
17052 0.0864378 -0.142501 
17053 0.0844687 -0.002032 
17054 0.0835854 0.138812 
17055 0.0816609 0.279027 
17056 0.202527 -0.141595 
17057 0.20144 -0.000608086 
17058 0.20021 0.138971 
17059 0.198749 0.279405 
17060 -0.257584 -0.135431 
17061 -0.258796 -0.00272561 
17062 -0.260297 0.129776 
17063 -0.261666 0.260822 
17064 -0.146681 -0.132815 
17065 -0.148796 -0.00148268 
17066 -0.149918 0.130157 
17067 -0.151968 0.262177 
17068 -0.0369178 -0.131938 
17069 -0.0387268 0.000329925 
17070 -0.0399544 0.131615 
17071 -0.0421108 0.26207 
17072 0.0719157 -0.13012 
17073 0.0703058 0.00172152 
17074 0.069101 0.131783 
17075 0.0667913 0.26255 
17076 0.181052 -0.12767 
17077 0.178927 0.0026895 
17078 0.17699 0.133102 
17079 0.175541 0.263984 
17080 -0.24893 -0.123911 
17081 -0.250998 0.000730476 
17082 -0.252707 0.12429 
17083 -0.25383 0.247176 
17084 -0.145048 -0.121257 
17085 -0.147412 0.00208733 
17086 -0.148823 0.125442 
17087 -0.150961 0.247653 
17088 -0.0423635 -0.119618 
17089 -0.0444742 0.0033948 
17090 -0.0459205 0.125665 
17091 -0.0482396 0.24896 
17092 0.0600539 -0.117397 
17093 0.0584645 0.00443585 
17094 0.0559057 0.127409 
17095 0.0543081 0.249391 
17096 0.161593 -0.115995 
17097 0.159081 0.00586203 
17098 0.158071 0.128121 
17099 0.156055 0.250387 
17100 -0.241335 -0.113044 
17101 -0.243551 0.00337914 
17102 -0.245255 0.119952 
17103 -0.247387 0.235283 
17104 -0.144393 -0.111461 
17105 -0.14618 0.00531839 
17106 -0.147962 0.121069 
17107 -0.150094 0.236452 
17108 -0.0473308 -0.109074 
17109 -0.0497674 0.00620625 
17110 -0.0517893 0.122475 
17111 -0.053468 0.237428 
17112 0.0492656 -0.106552 
17113 0.0464327 0.00807781 
17114 0.044716 0.123357 
17115 0.0422616 0.238141 
17116 0.14462 -0.105308 
17117 0.141641 0.00964443 
17118 0.139844 0.124689 
17119 0.137586 0.238732 
17120 -0.235416 -0.103911 
17121 -0.237447 0.00633509 
17122 -0.23986 0.116288 
17123 -0.241971 0.225247 
17124 -0.143054 -0.10165 
17125 -0.145151 0.00817675 
17126 -0.147367 0.117793 
17127 -0.149875 0.226543 
17128 -0.0523276 -0.0992852 
17129 -0.054468 0.00989264 
17130 -0.0559902 0.1191 
17131 -0.0580603 0.227547 
17132 0.0387624 -0.0970379 
17133 0.0363738 0.0117285 
17134 0.0346369 0.119901 
17135 0.0320644 0.228749 
17136 0.128729 -0.0946532 
17137 0.126788 0.0134627 
17138 0.124185 0.121408 
17139 0.121585 0.229826 
17140 -0.23015 -0.095143 
17141 -0.232191 0.0095221 
17142 -0.234471 0.113463 
17143 -0.236556 0.216765 
17144 -0.142762 -0.0927299 
17145 -0.14493 0.0114794 
17146 -0.147197 0.11498 
17147 -0.149532 0.217851 
17148 -0.0560742 -0.0902089 
17149 -0.0588674 0.0133345 
17150 -0.061373 0.115655 
17151 -0.0635906 0.21887 
17152 0.0295476 -0.0881155 
17153 0.026873 0.0146299 
17154 0.0248254 0.117125 
17155 0.0218682 0.219552 
17156 0.115051 -0.0857354 
17157 0.112102 0.0166413 
17158 0.109662 0.119306 
17159 0.107592 0.221155 
17160 -0.225632 -0.0869065 
17161 -0.228072 0.0118511 
17162 -0.229939 0.111069 
17163 -0.232818 0.209465 
17164 -0.142239 -0.0839997 
17165 -0.144701 0.0140597 
17166 -0.147404 0.112448 
17167 -0.150221 0.21082 
17168 -0.060191 -0.081926 
17169 -0.0626142 0.0158469 
17170 -0.0651973 0.114381 
17171 -0.0676231 0.21132 
17172 0.0206848 -0.078794 
17173 0.0188728 0.0183771 
17174 0.0159216 0.115381 
17175 0.0130154 0.212623 
17176 0.101502 -0.0770284 
17177 0.0995395 0.0200018 
17178 0.0965358 0.117379 
17179 0.0942485 0.214334 
17180 -0.220869 -0.0785726 
17181 -0.223803 0.0152491 
17182 -0.226366 0.10936 
17183 -0.228393 0.203229 
17184 -0.141986 -0.076534 
17185 -0.144859 0.0169817 
17186 -0.14767 0.111024 
17187 -0.150555 0.204533 
17188 -0.0646013 -0.0740529 
17189 -0.0665816 0.0194318 
17190 -0.0695707 0.11274 
17191 -0.0723124 0.205863 
17192 0.012814 -0.0712814 
17193 0.0106504 0.0211932 
17194 0.00760144 0.113941 
17195 0.0057039 0.206396 
17196 0.0904726 -0.0685559 
17197 0.0868646 0.0239216 
17198 0.0845219 0.115521 
17199 0.0820171 0.20794 
17200 -0.217391 -0.0714743 
17201 -0.220563 0.0185967 
17202 -0.223548 0.107715 
17203 -0.225695 0.197662 
17204 -0.142675 -0.0690721 
17205 -0.145632 0.0202402 
17206 -0.147661 0.109317 
17207 -0.15055 0.198982 
17208 -0.0676405 -0.066534 
17209 -0.0702809 0.0230695 
17210 -0.0734827 0.111796 
17211 -0.076021 0.199797 
17212 0.00584752 -0.0634 
17213 0.00324792 0.0246467 
17214 0.000438462 0.11275 
17215 -0.00205114 0.201706 
17216 0.0790453 -0.0608505 
17217 0.0765673 0.0272152 
17218 0.0733817 0.114712 
17219 0.0704381 0.202425 
17220 -0.215193 -0.0644091 
17221 -0.217954 0.0216557 
17222 -0.220244 0.106488 
17223 -0.223244 0.192118 
17224 -0.142887 -0.0614623 
17225 -0.145644 0.0239343 
17226 -0.148249 0.109265 
17227 -0.151649 0.193973 
17228 -0.0716469 -0.0594631 
17229 -0.0746503 0.0256997 
17230 -0.077203 0.110787 
17231 -0.0796178 0.194941 
17232 -0.000436478 -0.0563127 
17233 -0.00420581 0.0278681 
17234 -0.00678575 0.112095 
17235 -0.00901521 0.196883 
17236 0.0689298 -0.0541159 
17237 0.065781 0.0299812 
17238 0.0629923 0.11466 
17239 0.0604977 0.198143 
17240 -0.212302 -0.0573813 
17241 -0.215073 0.0242399 
17242 -0.217713 0.106495 
17243 -0.221211 0.188185 
17244 -0.142977 -0.0552503 
17245 -0.146076 0.0261444 
17246 -0.149378 0.107872 
17247 -0.152024 0.189857 
17248 -0.0750989 -0.052623 
17249 -0.0775591 0.0287211 
17250 -0.080829 0.10987 
17251 -0.0838654 0.191191 
17252 -0.00745694 -0.0497018 
17253 -0.00978028 0.0308501 
17254 -0.0128223 0.111909 
17255 -0.0165599 0.19301 
17256 0.0595336 -0.0473286 
17257 0.0562274 0.0332583 
17258 0.0536673 0.113965 
17259 0.0511183 0.194283 
17260 -0.210075 -0.0512565 
17261 -0.213143 0.027263 
17262 -0.215568 0.10643 
17263 -0.219401 0.184504 
17264 -0.143864 -0.0491314 
17265 -0.146518 0.0293726 
17266 -0.149627 0.108231 
17267 -0.152474 0.186547 
17268 -0.0784233 -0.0457811 
17269 -0.0813434 0.0318368 
17270 -0.0844548 0.10972 
17271 -0.0870659 0.188224 
17272 -0.0133158 -0.0427515 
17273 -0.0159571 0.0339661 
17274 -0.0195988 0.112318 
17275 -0.0226797 0.189099 
17276 0.0509069 -0.0406927 
17277 0.0483471 0.0367423 
17278 0.044605 0.113856 
17279 0.0417997 0.190703 
17280 -0.208443 -0.0456199 
17281 -0.211437 0.0297943 
17282 -0.213869 0.106108 
17283 -0.217407 0.18193 
17284 -0.144604 -0.0430326 
17285 -0.147477 0.0326856 
17286 -0.150202 0.107771 
17287 -0.153453 0.183062 
17288 -0.0813588 -0.0400578 
17289 -0.0849171 0.0346953 
17290 -0.0878102 0.109685 
17291 -0.0904306 0.185316 
17292 -0.0192665 -0.0373174 
17293 -0.022478 0.0380199 
17294 -0.0249592 0.111683 
17295 -0.0281786 0.186768 
17296 0.0430782 -0.0345106 
17297 0.0393898 0.0397853 
17298 0.0363657 0.113882 
17299 0.0328889 0.188151 
17300 -0.206611 -0.039481 
17301 -0.210105 0.0332008 
17302 -0.213361 0.106481 
17303 -0.215995 0.178397 
17304 -0.145489 -0.0365846 
17305 -0.148545 0.0354624 
17306 -0.151877 0.108252 
17307 -0.154467 0.180205 
17308 -0.0843627 -0.0337138 
17309 -0.0874573 0.0378007 
17310 -0.0908805 0.110208 
17311 -0.0942823 0.182792 
17312 -0.0248554 -0.0316432 
17313 -0.0281644 0.0404515 
17314 -0.03084 0.112678 
17315 -0.0337303 0.183872 
17316 0.0346044 -0.0287663 
17317 0.0320631 0.0427871 
17318 0.0288654 0.114008 
17319 0.0250567 0.185947 
17320 -0.204969 -0.0342166 
17321 -0.208903 0.0363743 
17322 -0.21171 0.106504 
17323 -0.214715 0.176397 
17324 -0.145924 -0.0313895 
17325 -0.149375 0.0385604 
17326 -0.152179 0.108025 
17327 -0.155961 0.178135 
17328 -0.0873304 -0.0286583 
17329 -0.0904052 0.0408901 
17330 -0.0942324 0.110667 
17331 -0.0977427 0.179712 
17332 -0.0298054 -0.0257231 
17333 -0.0325398 0.0440416 
17334 -0.0363296 0.112437 
17335 -0.0391253 0.18205 
17336 0.02777 -0.0229811 
17337 0.0244996 0.0465719 
17338 0.020564 0.114487 
17339 0.0174084 0.183093 
17340 -0.203938 -0.0288306 
17341 -0.207559 0.0392343 
17342 -0.211296 0.106463 
17343 -0.214002 0.174628 
17344 -0.147266 -0.0257528 
17345 -0.150011 0.0415456 
17346 -0.153242 0.108718 
17347 -0.157128 0.17632 
17348 -0.090746 -0.0231457 
17349 -0.0941401 0.0441098 
17350 -0.0972272 0.111465 
17351 -0.100281 0.177744 
17352 -0.0347089 -0.0205627 
17353 -0.0383867 0.0461988 
17354 -0.0415852 0.113004 
17355 -0.0451291 0.18041 
17356 0.0201569 -0.017606 
17357 0.0171303 0.0489053 
17358 0.0139512 0.115893 
17359 0.0108274 0.181949 
