17000 -0.333168 -0.216599 
17001 -0.333513 -0.0165115 
17002 -0.333154 0.183795 
17003 -0.333535 0.383381 
17004 -0.167006 -0.216759 
17005 -0.166947 -0.0168348 
17006 -0.166301 0.183643 
17007 -0.167026 0.38336 
17008 0.000161541 -0.216689 
17009 -0.000195535 -0.0169153 
17010 -0.000170981 0.183608 
17011 0.000309555 0.383633 
17012 0.166242 -0.216724 
17013 0.166186 -0.0170525 
17014 0.16687 0.182932 
17015 0.166537 0.383525 
17016 0.333806 -0.216849 
17017 0.333684 -0.0165436 
17018 0.333312 0.18362 
17019 0.333654 0.383814 
17020 -0.312077 -0.19408 
17021 -0.312449 -0.0128308 
17022 -0.312244 0.168465 
17023 -0.312645 0.349882 
17024 -0.160104 -0.193784 
17025 -0.161001 -0.0116508 
17026 -0.161164 0.168795 
17027 -0.161295 0.350371 
17028 -0.0096005 -0.192531 
17029 -0.0099442 -0.0113594 
17030 -0.00987466 0.168984 
17031 -0.0110273 0.349886 
17032 0.14148 -0.192369 
17033 0.141431 -0.0113194 
17034 0.141073 0.169949 
17035 0.140324 0.349999 
17036 0.292166 -0.191749 
17037 0.29169 -0.0114516 
17038 0.291106 0.170235 
17039 0.290962 0.350497 
17040 -0.293581 -0.174109 
17041 -0.294397 -0.00867432 
17042 -0.295385 0.157501 
17043 -0.296476 0.322994 
17044 -0.155136 -0.173869 
17045 -0.15612 -0.00771395 
17046 -0.157241 0.158184 
17047 -0.157514 0.322948 
17048 -0.0176148 -0.172745 
17049 -0.0184352 -0.00671301 
17050 -0.0189394 0.158038 
17051 -0.0198838 0.323578 
17052 0.120239 -0.17199 
17053 0.120114 -0.00668451 
17054 0.118303 0.159081 
17055 0.11797 0.324053 
17056 0.257882 -0.17075 
17057 0.257068 -0.00611113 
17058 0.255744 0.158856 
17059 0.255296 0.324303 
17060 -0.27938 -0.157961 
17061 -0.28006 -0.00433671 
17062 -0.280842 0.148404 
17063 -0.282645 0.300966 
17064 -0.151426 -0.156868 
17065 -0.152069 -0.00405067 
17066 -0.153531 0.148545 
17067 -0.154292 0.300955 
17068 -0.0246028 -0.155452 
17069 -0.0251547 -0.00272811 
17070 -0.0266983 0.149511 
17071 -0.0277803 0.301818 
17072 0.102965 -0.15346 
17073 0.100837 -0.0018052 
17074 0.0999201 0.150052 
17075 0.0989317 0.30144 
17076 0.228452 -0.152564 
17077 0.227507 -0.00033847 
17078 0.226643 0.150414 
17079 0.224655 0.302205 
17080 -0.26657 -0.142842 
17081 -0.26815 -0.000993697 
17082 -0.269116 0.140834 
17083 -0.271021 0.282706 
17084 -0.148759 -0.141246 
17085 -0.149565 -0.000142352 
17086 -0.151611 0.141187 
17087 -0.152203 0.282269 
17088 -0.0309563 -0.139842 
17089 -0.0315925 0.00135299 
17090 -0.0329283 0.14242 
17091 -0.0345771 0.28336 
17092 0.086405 -0.13805 
17093 0.0858107 0.00237231 
17094 0.0841495 0.142848 
17095 0.082156 0.283698 
17096 0.203634 -0.136353 
17097 0.202219 0.00390646 
17098 0.200503 0.144043 
17099 0.198572 0.283994 
17100 -0.256183 -0.129229 
17101 -0.258237 0.00252617 
17102 -0.25955 0.1353 
17103 -0.261699 0.267114 
17104 -0.146576 -0.128196 
17105 -0.147936 0.00401216 
17106 -0.148864 0.136083 
17107 -0.150508 0.26747 
17108 -0.036604 -0.125501 
17109 -0.0378542 0.00583901 
17110 -0.0395857 0.136463 
17111 -0.0416631 0.267547 
17112 0.0736278 -0.124404 
17113 0.0715839 0.00686189 
17114 0.0695122 0.138055 
17115 0.0675311 0.268529 
17116 0.182243 -0.122564 
17117 0.180065 0.00855521 
17118 0.178645 0.138938 
17119 0.176178 0.26962 
17120 -0.248259 -0.117366 
17121 -0.249728 0.00664743 
17122 -0.251059 0.130232 
17123 -0.253061 0.253666 
17124 -0.143919 -0.115028 
17125 -0.146221 0.00805111 
17126 -0.14791 0.131497 
17127 -0.150104 0.254709 
17128 -0.0408759 -0.113625 
17129 -0.0436046 0.00916344 
17130 -0.0447937 0.132775 
17131 -0.0468448 0.254901 
17132 0.0604599 -0.111303 
17133 0.0590882 0.010995 
17134 0.0568077 0.133525 
17135 0.0550823 0.255626 
17136 0.162361 -0.109739 
17137 0.161032 0.0121561 
17138 0.158465 0.134211 
17139 0.156438 0.256503 
17140 -0.239985 -0.106512 
17141 -0.2422 0.00949736 
17142 -0.24487 0.12645 
17143 -0.246687 0.242709 
17144 -0.143337 -0.10485 
17145 -0.14484 0.0112336 
17146 -0.146636 0.127301 
17147 -0.148901 0.243432 
17148 -0.046543 -0.101907 
17149 -0.048494 0.0132742 
17150 -0.0500261 0.128548 
17151 -0.052966 0.244462 
17152 0.0501841 -0.0996862 
17153 0.0474758 0.0146956 
17154 0.0457101 0.130576 
17155 0.0436963 0.244645 
17156 0.14534 -0.098365 
17157 0.143109 0.0162688 
17158 0.141242 0.131332 
17159 0.138842 0.246034 
17160 -0.233983 -0.0960792 
17161 -0.236558 0.0129615 
17162 -0.238818 0.122747 
17163 -0.240275 0.232961 
17164 -0.14202 -0.0941582 
17165 -0.14453 0.0154235 
17166 -0.145996 0.124135 
17167 -0.148752 0.233396 
17168 -0.0504061 -0.0915093 
17169 -0.0532887 0.017291 
17170 -0.0554211 0.125929 
17171 -0.0573438 0.234582 
17172 0.0398201 -0.0897885 
17173 0.0375688 0.0190206 
17174 0.0349124 0.127748 
17175 0.0328629 0.235937 
17176 0.130064 -0.0874156 
17177 0.127313 0.0209325 
17178 0.125454 0.128413 
17179 0.123214 0.236544 
17180 -0.228443 -0.0868349 
17181 -0.231327 0.0164625 
17182 -0.233483 0.120699 
17183 -0.236026 0.224633 
17184 -0.141203 -0.0843491 
17185 -0.143849 0.0184247 
17186 -0.146121 0.122615 
17187 -0.1485 0.225692 
17188 -0.0545023 -0.0819889 
17189 -0.0577347 0.0207418 
17190 -0.059288 0.123809 
17191 -0.0623278 0.226816 
17192 0.0309207 -0.0795568 
17193 0.0282011 0.0227413 
17194 0.0257741 0.125607 
17195 0.0233373 0.22774 
17196 0.116308 -0.0774532 
17197 0.112992 0.0242593 
17198 0.110451 0.127267 
17199 0.108037 0.228678 
17200 -0.223384 -0.0785781 
17201 -0.226376 0.0207698 
17202 -0.228304 0.119044 
17203 -0.231628 0.217234 
17204 -0.141334 -0.0760565 
17205 -0.143493 0.0223563 
17206 -0.145977 0.120515 
17207 -0.148686 0.218592 
17208 -0.0584387 -0.0735198 
17209 -0.0611651 0.0246739 
17210 -0.0638289 0.121922 
17211 -0.0668073 0.21983 
17212 0.022163 -0.0710425 
17213 0.0196268 0.0259913 
17214 0.0173619 0.12347 
17215 0.0150509 0.221176 
17216 0.102797 -0.0681272 
17217 0.10054 0.028609 
17218 0.0983522 0.125928 
17219 0.0948994 0.222238 
17220 -0.219595 -0.0698508 
17221 -0.221959 0.0237852 
17222 -0.224884 0.117684 
17223 -0.227275 0.210906 
17224 -0.141162 -0.0676973 
17225 -0.143455 0.0261599 
17226 -0.146505 0.119472 
17227 -0.148968 0.212819 
17228 -0.0624781 -0.0653309 
17229 -0.0649736 0.02793 
17230 -0.068337 0.121353 
17231 -0.0712172 0.214355 
17232 0.0142694 -0.0628454 
17233 0.012484 0.0298358 
17234 0.00936913 0.123191 
17235 0.00672763 0.215251 
17236 0.0917287 -0.0596852 
17237 0.0883397 0.0319079 
17238 0.0855461 0.123955 
17239 0.0833458 0.216479 
17240 -0.215735 -0.0626586 
17241 -0.219013 0.0273826 
17242 -0.221996 0.116759 
17243 -0.224446 0.206558 
17244 -0.141251 -0.059892 
17245 -0.143524 0.029296 
17246 -0.146984 0.118389 
17247 -0.149268 0.207222 
17248 -0.066136 -0.0576356 
17249 -0.0695411 0.0316923 
17250 -0.0721947 0.120367 
17251 -0.0752198 0.208874 
17252 0.00752248 -0.054399 
17253 0.00473373 0.0335062 
17254 0.00222538 0.122404 
17255 -0.000544371 0.210161 
17256 0.0803491 -0.0519431 
17257 0.0774592 0.035427 
17258 0.0750965 0.124191 
17259 0.0721682 0.211943 
17260 -0.213544 -0.0551939 
17261 -0.215715 0.0307082 
17262 -0.218467 0.116153 
17263 -0.221632 0.201531 
17264 -0.140742 -0.0523569 
17265 -0.144112 0.0323127 
17266 -0.147387 0.117589 
17267 -0.149466 0.203136 
17268 -0.0700357 -0.0499201 
17269 -0.0726108 0.0350763 
17270 -0.0753803 0.119311 
17271 -0.0789247 0.204321 
17272 0.000450764 -0.04714 
17273 -0.00215201 0.0370668 
17274 -0.00554883 0.121381 
17275 -0.00808741 0.205543 
17276 0.0709965 -0.0446317 
17277 0.0672881 0.0397057 
17278 0.0643686 0.123563 
17279 0.0613591 0.207237 
17280 -0.209944 -0.0483722 
17281 -0.213169 0.0332628 
17282 -0.216901 0.115864 
17283 -0.219297 0.198008 
17284 -0.141259 -0.0459288 
17285 -0.144234 0.0354801 
17286 -0.147313 0.117593 
17287 -0.150456 0.198785 
17288 -0.0728336 -0.0430877 
17289 -0.0757891 0.0383338 
17290 -0.0790574 0.119132 
17291 -0.0824082 0.201112 
17292 -0.00586764 -0.0407741 
17293 -0.00900348 0.0409591 
17294 -0.0115386 0.121335 
17295 -0.014443 0.201986 
17296 0.0614443 -0.0371764 
17297 0.0585358 0.0428084 
17298 0.0548261 0.123439 
17299 0.0525683 0.203297 
17300 -0.20838 -0.0418835 
17301 -0.21095 0.0364353 
17302 -0.214491 0.115384 
17303 -0.217869 0.194093 
17304 -0.141877 -0.0391121 
17305 -0.145446 0.0390648 
17306 -0.148199 0.117619 
17307 -0.151609 0.195636 
17308 -0.0761757 -0.0365717 
17309 -0.0794105 0.0414745 
17310 -0.0831543 0.119526 
17311 -0.0855322 0.197461 
17312 -0.0117441 -0.0335933 
17313 -0.0148434 0.0436684 
17314 -0.01804 0.121823 
17315 -0.0209831 0.19858 
17316 0.052287 -0.0309708 
17317 0.0495636 0.0465438 
17318 0.0459642 0.123035 
17319 0.0437348 0.200234 
17320 -0.205856 -0.0357693 
17321 -0.209005 0.0395122 
17322 -0.212705 0.115369 
17323 -0.215434 0.191526 
17324 -0.142273 -0.0328044 
17325 -0.146143 0.042341 
17326 -0.14889 0.117351 
17327 -0.152089 0.193178 
17328 -0.0794073 -0.0306139 
17329 -0.0824439 0.0448966 
17330 -0.0855401 0.119292 
17331 -0.0891831 0.194706 
17332 -0.0170734 -0.0275491 
17333 -0.0201922 0.0473 
17334 -0.0236293 0.121389 
17335 -0.026691 0.195884 
17336 0.044161 -0.0247203 
17337 0.0408964 0.0492426 
17338 0.0378966 0.123975 
17339 0.0347165 0.197668 
17340 -0.204473 -0.0294579 
17341 -0.207647 0.0426755 
17342 -0.211454 0.11562 
17343 -0.214756 0.188358 
17344 -0.143598 -0.0270559 
17345 -0.146479 0.0457312 
17346 -0.149424 0.117865 
17347 -0.152967 0.190702 
17348 -0.0824911 -0.0244641 
17349 -0.0859455 0.0481534 
17350 -0.0894962 0.120127 
17351 -0.0927964 0.191819 
17352 -0.022706 -0.0213819 
17353 -0.0264106 0.0500612 
17354 -0.0295736 0.122288 
17355 -0.0323122 0.193823 
17356 0.0369585 -0.0189422 
17357 0.033366 0.0531063 
17358 0.0303878 0.124493 
17359 0.0267383 0.195297 
17360 -0.203135 -0.0243187 
17361 -0.206912 0.0459019 
17362 -0.210331 0.115981 
17363 -0.213113 0.186673 
17364 -0.143975 -0.0217855 
17365 -0.147853 0.0487895 
17366 -0.151333 0.118054 
17367 -0.154572 0.188795 
17368 -0.0858376 -0.0181099 
17369 -0.0890257 0.0512338 
17370 -0.0923375 0.120802 
17371 -0.0955445 0.190043 
17372 -0.0281949 -0.0154448 
17373 -0.0314872 0.053003 
17374 -0.0348786 0.123082 
17375 -0.0376523 0.191438 
17376 0.0289135 -0.0130407 
17377 0.0258114 0.0556998 
17378 0.02227 0.124317 
17379 0.0192226 0.193567 
17380 -0.202351 -0.0190358 
17381 -0.205614 0.04866 
17382 -0.208631 0.1169 
17383 -0.212138 0.184624 
17384 -0.145543 -0.0161732 
17385 -0.148652 0.0516317 
17386 -0.152033 0.118569 
17387 -0.154798 0.186755 
17388 -0.088926 -0.0131239 
17389 -0.0923617 0.0536475 
17390 -0.0958854 0.120717 
17391 -0.0990809 0.188615 
17392 -0.0329067 -0.0103062 
17393 -0.0366325 0.056424 
17394 -0.0397942 0.123213 
17395 -0.0432847 0.190497 
17396 0.0226084 -0.00696889 
17397 0.0191115 0.0592039 
17398 0.0152246 0.124884 
17399 0.0120337 0.192095 
