17200 -0.333249 -0.216836 
17201 -0.333026 -0.0163645 
17202 -0.333235 0.183616 
17203 -0.333625 0.383242 
17204 -0.16662 -0.216829 
17205 -0.166333 -0.0170271 
17206 -0.166537 0.183212 
17207 -0.166459 0.383813 
17208 -0.000440978 -0.216771 
17209 0.000149657 -0.0167908 
17210 -0.000460453 0.183004 
17211 0.000463011 0.383819 
17212 0.166861 -0.216993 
17213 0.166786 -0.0170882 
17214 0.166844 0.183676 
17215 0.16667 0.383761 
17216 0.33329 -0.216429 
17217 0.333208 -0.016419 
17218 0.332968 0.182983 
17219 0.333288 0.383661 
17220 -0.310412 -0.186692 
17221 -0.310313 -0.00586099 
17222 -0.310999 0.175374 
17223 -0.311674 0.356819 
17224 -0.158508 -0.186558 
17225 -0.158846 -0.00581904 
17226 -0.159721 0.175564 
17227 -0.159762 0.357292 
17228 -0.0076243 -0.185883 
17229 -0.00823245 -0.00465549 
17230 -0.00862301 0.175665 
17231 -0.00925493 0.356696 
17232 0.142948 -0.18593 
17233 0.142094 -0.00458035 
17234 0.141857 0.176037 
17235 0.141713 0.357691 
17236 0.293051 -0.185406 
17237 0.292793 -0.00400227 
17238 0.292693 0.17702 
17239 0.29166 0.357397 
17240 -0.290516 -0.161765 
17241 -0.291822 0.00343233 
17242 -0.292452 0.169755 
17243 -0.293841 0.335734 
17244 -0.152303 -0.161218 
17245 -0.153377 0.0047572 
17246 -0.154221 0.17028 
17247 -0.154972 0.335835 
17248 -0.0147112 -0.1604 
17249 -0.0149183 0.00484282 
17250 -0.0162884 0.171019 
17251 -0.0172164 0.33627 
17252 0.123182 -0.159449 
17253 0.1218 0.00622204 
17254 0.121345 0.170913 
17255 0.120194 0.335925 
17256 0.260485 -0.158647 
17257 0.259668 0.00695468 
17258 0.258399 0.171642 
17259 0.257392 0.336565 
17260 -0.275024 -0.140486 
17261 -0.276699 0.012319 
17262 -0.278071 0.165108 
17263 -0.279397 0.317511 
17264 -0.148049 -0.13969 
17265 -0.149261 0.0131575 
17266 -0.150141 0.165164 
17267 -0.151682 0.318265 
17268 -0.020438 -0.138515 
17269 -0.0220311 0.0143109 
17270 -0.0234568 0.166341 
17271 -0.0244142 0.318729 
17272 0.106092 -0.136417 
17273 0.104914 0.0151933 
17274 0.10347 0.167385 
17275 0.102213 0.318946 
17276 0.232719 -0.135449 
17277 0.230908 0.0163295 
17278 0.229375 0.16814 
17279 0.22837 0.319757 
17280 -0.262268 -0.121775 
17281 -0.263978 0.0197732 
17282 -0.265605 0.161626 
17283 -0.267292 0.30333 
17284 -0.143398 -0.120758 
17285 -0.145388 0.0206976 
17286 -0.146925 0.162573 
17287 -0.148796 0.303813 
17288 -0.0260537 -0.118407 
17289 -0.0276702 0.0223162 
17290 -0.0289873 0.162906 
17291 -0.0306444 0.304349 
17292 0.0910397 -0.11723 
17293 0.0901849 0.0235967 
17294 0.0887494 0.164383 
17295 0.0864039 0.305261 
17296 0.20846 -0.115552 
17297 0.206841 0.0246098 
17298 0.204604 0.16517 
17299 0.20398 0.304904 
17300 -0.250706 -0.105878 
17301 -0.252505 0.026528 
17302 -0.254469 0.158542 
17303 -0.256767 0.291197 
17304 -0.14066 -0.103733 
17305 -0.142456 0.0281707 
17306 -0.143736 0.159564 
17307 -0.14558 0.291635 
17308 -0.0310098 -0.102146 
17309 -0.0322757 0.0295882 
17310 -0.0338905 0.161194 
17311 -0.0360703 0.292281 
17312 0.0780791 -0.0997593 
17313 0.0764497 0.0308681 
17314 0.0745864 0.161673 
17315 0.0729414 0.293392 
17316 0.186799 -0.0981565 
17317 0.185581 0.0322547 
17318 0.183625 0.163105 
17319 0.182012 0.293416 
17320 -0.241748 -0.0910192 
17321 -0.243405 0.0333804 
17322 -0.245383 0.156521 
17323 -0.248265 0.280155 
17324 -0.138158 -0.0884627 
17325 -0.140096 0.0344938 
17326 -0.141904 0.157682 
17327 -0.144644 0.281671 
17328 -0.0352295 -0.0864193 
17329 -0.0373603 0.0364123 
17330 -0.0391366 0.159011 
17331 -0.0411171 0.282307 
17332 0.0670864 -0.0853079 
17333 0.0646448 0.0376679 
17334 0.0629485 0.160093 
17335 0.0614407 0.283232 
17336 0.168094 -0.0825613 
17337 0.166342 0.0391286 
17338 0.163995 0.161261 
17339 0.162271 0.283588 
17340 -0.23339 -0.0776985 
17341 -0.236073 0.0387923 
17342 -0.237789 0.155491 
17343 -0.240005 0.27222 
17344 -0.135798 -0.0755353 
17345 -0.137878 0.0406092 
17346 -0.140681 0.156502 
17347 -0.142939 0.273127 
17348 -0.0393389 -0.0727898 
17349 -0.0419926 0.0424105 
17350 -0.0442834 0.15813 
17351 -0.045613 0.273725 
17352 0.0559694 -0.0710869 
17353 0.0546856 0.0441736 
17354 0.0521775 0.159062 
17355 0.0499417 0.274702 
17356 0.152037 -0.0689208 
17357 0.149825 0.045709 
17358 0.147743 0.160385 
17359 0.145021 0.275386 
17360 -0.226058 -0.0654382 
17361 -0.228455 0.0445646 
17362 -0.231658 0.153787 
17363 -0.23368 0.264412 
17364 -0.134552 -0.0633158 
17365 -0.136956 0.0458077 
17366 -0.139634 0.155403 
17367 -0.142097 0.265237 
17368 -0.0429589 -0.0606643 
17369 -0.0462578 0.0481302 
17370 -0.0485708 0.156959 
17371 -0.0505023 0.266506 
17372 0.0474759 -0.0588674 
17373 0.0448654 0.0497751 
17374 0.0421098 0.158779 
17375 0.0397982 0.267098 
17376 0.137121 -0.0568769 
17377 0.134537 0.0511733 
17378 0.132095 0.160117 
17379 0.129927 0.267894 
17380 -0.220925 -0.0543734 
17381 -0.222619 0.0497476 
17382 -0.226069 0.153878 
17383 -0.228387 0.257721 
17384 -0.133355 -0.0518461 
17385 -0.136171 0.0519121 
17386 -0.139004 0.155023 
17387 -0.140638 0.258589 
17388 -0.0475252 -0.050173 
17389 -0.0493261 0.0531858 
17390 -0.0523323 0.156113 
17391 -0.0546949 0.259968 
17392 0.0387221 -0.0470169 
17393 0.0358129 0.0552253 
17394 0.0330778 0.15783 
17395 0.031241 0.261133 
17396 0.12313 -0.0449629 
17397 0.120776 0.0571293 
17398 0.11883 0.15904 
17399 0.115887 0.261671 
17400 -0.215205 -0.0440016 
17401 -0.218206 0.0544265 
17402 -0.220636 0.153538 
17403 -0.223101 0.252552 
17404 -0.132764 -0.0421892 
17405 -0.135505 0.0561284 
17406 -0.138264 0.15516 
17407 -0.14109 0.252841 
17408 -0.0506819 -0.03944 
17409 -0.053496 0.0583107 
17410 -0.0562595 0.156602 
17411 -0.058489 0.254502 
17412 0.0307056 -0.0375323 
17413 0.0281932 0.0602662 
17414 0.0255633 0.157363 
17415 0.0225639 0.255606 
17416 0.111346 -0.03525 
17417 0.108606 0.061618 
17418 0.106209 0.158711 
17419 0.103629 0.256286 
17420 -0.210616 -0.0349181 
17421 -0.213841 0.0593165 
17422 -0.21601 0.153347 
17423 -0.21891 0.247675 
17424 -0.132518 -0.0323553 
17425 -0.135131 0.0608318 
17426 -0.137885 0.154291 
17427 -0.140622 0.248626 
17428 -0.054621 -0.0296592 
17429 -0.0568558 0.0630341 
17430 -0.0600354 0.15613 
17431 -0.0627287 0.249535 
17432 0.0230664 -0.0272722 
17433 0.0207555 0.0651816 
17434 0.018131 0.157846 
17435 0.0152433 0.250702 
17436 0.0995014 -0.0255706 
17437 0.0973676 0.0667016 
17438 0.0948293 0.159631 
17439 0.0920378 0.251611 
17440 -0.207129 -0.0262387 
17441 -0.209516 0.0635625 
17442 -0.212657 0.153043 
17443 -0.215654 0.243309 
17444 -0.131548 -0.0238687 
17445 -0.134394 0.0654899 
17446 -0.137131 0.155084 
17447 -0.140609 0.243828 
17448 -0.057962 -0.0208769 
17449 -0.0606594 0.0669187 
17450 -0.0631459 0.156156 
17451 -0.0655286 0.245359 
17452 0.0157394 -0.0185759 
17453 0.0135846 0.0689558 
17454 0.0106603 0.157683 
17455 0.00801364 0.246706 
17456 0.0894204 -0.0163019 
17457 0.0868813 0.0710844 
17458 0.0842316 0.159426 
17459 0.0813731 0.248157 
17460 -0.203375 -0.0183346 
17461 -0.206682 0.0676176 
17462 -0.209372 0.153306 
17463 -0.212394 0.239192 
17464 -0.131261 -0.0152203 
17465 -0.134532 0.0696402 
17466 -0.137551 0.154767 
17467 -0.140055 0.240564 
17468 -0.0606074 -0.0130478 
17469 -0.0639018 0.07127 
17470 -0.0661942 0.156227 
17471 -0.0695012 0.242103 
17472 0.00958261 -0.0109387 
17473 0.00745119 0.0734775 
17474 0.00433466 0.158123 
17475 0.00167429 0.243327 
17476 0.0792666 -0.00801927 
17477 0.0765969 0.0756055 
17478 0.0745793 0.159806 
17479 0.0714729 0.243863 
17480 -0.200742 -0.0109326 
17481 -0.203423 0.0710012 
17482 -0.206519 0.153597 
17483 -0.209486 0.23576 
17484 -0.131781 -0.00816638 
17485 -0.13507 0.073192 
17486 -0.137744 0.154988 
17487 -0.140438 0.237297 
17488 -0.0633799 -0.00588799 
17489 -0.0667725 0.0756943 
17490 -0.0693371 0.157274 
17491 -0.0725792 0.238304 
17492 0.00420145 -0.00294116 
17493 0.00101783 0.0772734 
17494 -0.00239477 0.158845 
17495 -0.00509503 0.240018 
17496 0.0707026 -0.00122425 
17497 0.0675794 0.0799875 
17498 0.0650763 0.16051 
17499 0.0625081 0.240759 
17500 -0.197768 -0.00392296 
17501 -0.200869 0.075246 
17502 -0.203961 0.153786 
17503 -0.207746 0.23368 
17504 -0.131945 -0.000863893 
17505 -0.135077 0.077435 
17506 -0.13831 0.15592 
17507 -0.141309 0.234454 
17508 -0.0667989 0.00169111 
17509 -0.0700521 0.0790431 
17510 -0.0730627 0.157356 
17511 -0.0754032 0.235526 
17512 -0.00245453 0.0039449 
17513 -0.00473887 0.0809639 
17514 -0.00744421 0.158619 
17515 -0.0109779 0.237089 
17516 0.0618862 0.00605968 
17517 0.0590387 0.0836506 
17518 0.0567588 0.160487 
17519 0.0539609 0.23803 
17520 -0.195835 0.00305388 
17521 -0.19922 0.0784239 
17522 -0.201974 0.154398 
17523 -0.205091 0.230531 
17524 -0.132228 0.00553984 
17525 -0.135695 0.0802813 
17526 -0.13824 0.156033 
17527 -0.141497 0.231777 
17528 -0.0700389 0.00752172 
17529 -0.0727218 0.0829307 
17530 -0.0756292 0.158319 
17531 -0.0787665 0.23364 
17532 -0.00696345 0.0102145 
17533 -0.0107515 0.0847832 
17534 -0.0134481 0.159193 
17535 -0.0158679 0.234376 
17536 0.0544555 0.0127724 
17537 0.0515265 0.0864568 
17538 0.0486537 0.161601 
17539 0.0453169 0.235409 
17540 -0.194158 0.00871803 
17541 -0.197215 0.0820408 
17542 -0.200491 0.155513 
17543 -0.203213 0.228468 
17544 -0.132715 0.0116902 
17545 -0.136208 0.0838038 
17546 -0.138962 0.156749 
17547 -0.142407 0.229854 
17548 -0.0723511 0.0139194 
17549 -0.0758876 0.0856001 
17550 -0.0785938 0.158896 
17551 -0.0810681 0.230864 
17552 -0.0125218 0.0164026 
17553 -0.0156907 0.0882923 
17554 -0.0184256 0.16018 
17555 -0.0210289 0.231957 
17556 0.0463704 0.0190605 
17557 0.0440267 0.0898532 
17558 0.041386 0.161907 
17559 0.0382214 0.233727 
17560 -0.19216 0.0150637 
17561 -0.195331 0.084818 
17562 -0.198976 0.155842 
17563 -0.202455 0.226401 
17564 -0.13335 0.0172317 
17565 -0.137095 0.0875635 
17566 -0.139946 0.157109 
17567 -0.142463 0.227864 
17568 -0.075484 0.0198203 
17569 -0.0785733 0.0891794 
17570 -0.0814945 0.158895 
17571 -0.0838656 0.228508 
17572 -0.017124 0.0220186 
17573 -0.0207901 0.0916889 
17574 -0.0237392 0.160347 
17575 -0.0261021 0.230097 
17576 0.03909 0.0245501 
17577 0.0363493 0.093458 
17578 0.0343632 0.162716 
17579 0.0314328 0.231182 
17580 -0.191204 0.0204052 
17581 -0.194578 0.0881809 
17582 -0.198089 0.156345 
17583 -0.201266 0.224892 
17584 -0.13379 0.0224847 
17585 -0.137357 0.0898572 
17586 -0.140489 0.15806 
17587 -0.143876 0.226152 
17588 -0.0780523 0.0252967 
17589 -0.0810982 0.092128 
17590 -0.0841096 0.159242 
17591 -0.0869482 0.226752 
17592 -0.0227353 0.0273354 
17593 -0.0255956 0.0945426 
17594 -0.028312 0.161681 
17595 -0.0308738 0.227961 
17596 0.0323071 0.0293558 
17597 0.0302435 0.0960197 
17598 0.0273555 0.162503 
17599 0.0244608 0.229983 
