17260 -0.33312 -0.216297 
17261 -0.333207 -0.016771 
17262 -0.333112 0.18369 
17263 -0.33361 0.383718 
17264 -0.167161 -0.216742 
17265 -0.166276 -0.0165014 
17266 -0.166837 0.183114 
17267 -0.166917 0.383067 
17268 -0.000137446 -0.216951 
17269 0.000406901 -0.0162174 
17270 5.88603e-05 0.18349 
17271 -7.85356e-05 0.383436 
17272 0.166625 -0.216734 
17273 0.167043 -0.016957 
17274 0.16684 0.183638 
17275 0.167109 0.383332 
17276 0.333205 -0.216969 
17277 0.333191 -0.0168352 
17278 0.333338 0.183352 
17279 0.333359 0.383598 
17280 -0.309071 -0.185885 
17281 -0.310092 -0.00399291 
17282 -0.310173 0.177213 
17283 -0.311037 0.358386 
17284 -0.157788 -0.185476 
17285 -0.158877 -0.00381517 
17286 -0.159172 0.177765 
17287 -0.160229 0.358115 
17288 -0.00763803 -0.183992 
17289 -0.00776963 -0.00362882 
17290 -0.00817392 0.177271 
17291 -0.00876008 0.358491 
17292 0.143825 -0.184011 
17293 0.142531 -0.00263794 
17294 0.142296 0.177498 
17295 0.142098 0.359119 
17296 0.294392 -0.183542 
17297 0.293047 -0.00229387 
17298 0.292735 0.177947 
17299 0.292762 0.358785 
17300 -0.289683 -0.1592 
17301 -0.290644 0.00630931 
17302 -0.292033 0.172694 
17303 -0.292472 0.338578 
17304 -0.152027 -0.158403 
17305 -0.152765 0.00759423 
17306 -0.153133 0.172774 
17307 -0.153933 0.338653 
17308 -0.0133141 -0.157295 
17309 -0.0148327 0.00756162 
17310 -0.0151854 0.173566 
17311 -0.0166639 0.338628 
17312 0.123825 -0.156399 
17313 0.123584 0.0089535 
17314 0.122446 0.173597 
17315 0.121424 0.338903 
17316 0.261389 -0.155314 
17317 0.260508 0.00953414 
17318 0.259653 0.17448 
17319 0.258226 0.339007 
17320 -0.274395 -0.137078 
17321 -0.27494 0.0163387 
17322 -0.27692 0.169015 
17323 -0.277978 0.321432 
17324 -0.145916 -0.135171 
17325 -0.147573 0.0165335 
17326 -0.148387 0.169069 
17327 -0.14995 0.322008 
17328 -0.0196682 -0.134644 
17329 -0.0203609 0.0182021 
17330 -0.0220569 0.170186 
17331 -0.0230212 0.322603 
17332 0.107836 -0.132556 
17333 0.105701 0.0190338 
17334 0.10462 0.170665 
17335 0.103571 0.32296 
17336 0.233235 -0.131802 
17337 0.231884 0.0199246 
17338 0.230835 0.171957 
17339 0.230368 0.32311 
17340 -0.260399 -0.117197 
17341 -0.26208 0.0248402 
17342 -0.263196 0.166521 
17343 -0.265682 0.307995 
17344 -0.141599 -0.115653 
17345 -0.143357 0.0254773 
17346 -0.145439 0.166951 
17347 -0.146296 0.308395 
17348 -0.0242463 -0.114121 
17349 -0.0260312 0.0271667 
17350 -0.0275875 0.16781 
17351 -0.0284122 0.30948 
17352 0.0930081 -0.112843 
17353 0.0910875 0.0281234 
17354 0.0896582 0.168501 
17355 0.0884254 0.309864 
17356 0.209626 -0.111464 
17357 0.207811 0.0292803 
17358 0.206655 0.169316 
17359 0.204942 0.309757 
17360 -0.24862 -0.100187 
17361 -0.251095 0.0321021 
17362 -0.252533 0.164609 
17363 -0.254737 0.296268 
17364 -0.138808 -0.0979202 
17365 -0.140092 0.0329336 
17366 -0.141993 0.16505 
17367 -0.144439 0.296858 
17368 -0.029323 -0.0960306 
17369 -0.0311715 0.0347419 
17370 -0.0328502 0.166238 
17371 -0.0346268 0.298182 
17372 0.08016 -0.0946439 
17373 0.0786696 0.035769 
17374 0.0771702 0.167195 
17375 0.0751985 0.298546 
17376 0.188184 -0.0933901 
17377 0.186829 0.0375403 
17378 0.185411 0.168472 
17379 0.183394 0.29849 
17380 -0.239778 -0.0841465 
17381 -0.241421 0.0387847 
17382 -0.243487 0.163034 
17383 -0.245466 0.287018 
17384 -0.135597 -0.0825277 
17385 -0.138218 0.0409115 
17386 -0.139897 0.163967 
17387 -0.141888 0.287004 
17388 -0.0329964 -0.0808529 
17389 -0.035704 0.0415201 
17390 -0.0369951 0.164513 
17391 -0.0393978 0.287942 
17392 0.0690568 -0.0791373 
17393 0.0667893 0.0433839 
17394 0.0654639 0.165817 
17395 0.0632888 0.289081 
17396 0.170094 -0.0766856 
17397 0.168313 0.0449304 
17398 0.166586 0.167015 
17399 0.164437 0.289706 
17400 -0.231416 -0.0704858 
17401 -0.232966 0.04578 
17402 -0.236013 0.161925 
17403 -0.237452 0.277939 
17404 -0.133417 -0.0692128 
17405 -0.136023 0.0467161 
17406 -0.138054 0.163336 
17407 -0.140619 0.279379 
17408 -0.0375423 -0.0671282 
17409 -0.0394696 0.0482913 
17410 -0.0417972 0.164301 
17411 -0.0439776 0.280007 
17412 0.0588578 -0.0650264 
17413 0.0567999 0.0505847 
17414 0.0541551 0.164836 
17415 0.0521645 0.280606 
17416 0.153453 -0.0626042 
17417 0.151926 0.0514557 
17418 0.150055 0.166007 
17419 0.148457 0.281312 
17420 -0.223848 -0.0583685 
17421 -0.226112 0.050985 
17422 -0.228498 0.16103 
17423 -0.230976 0.271376 
17424 -0.132433 -0.0562575 
17425 -0.134952 0.0524685 
17426 -0.136715 0.162818 
17427 -0.138878 0.272334 
17428 -0.0415106 -0.0545644 
17429 -0.0437873 0.0550356 
17430 -0.0451975 0.163571 
17431 -0.0483436 0.272911 
17432 0.0498024 -0.052614 
17433 0.0472492 0.0559872 
17434 0.0454404 0.164847 
17435 0.0424397 0.273553 
17436 0.139242 -0.0499555 
17437 0.136718 0.0578746 
17438 0.134738 0.166134 
17439 0.132819 0.274309 
17440 -0.218344 -0.047228 
17441 -0.220448 0.0564332 
17442 -0.223451 0.160662 
17443 -0.225921 0.26473 
17444 -0.131199 -0.0451564 
17445 -0.133685 0.0588174 
17446 -0.136132 0.162481 
17447 -0.13817 0.266372 
17448 -0.0450624 -0.042857 
17449 -0.0471008 0.0605206 
17450 -0.0494914 0.163869 
17451 -0.0521459 0.267221 
17452 0.040691 -0.0410098 
17453 0.0385464 0.0614774 
17454 0.0363469 0.164645 
17455 0.034401 0.267408 
17456 0.125976 -0.0388065 
17457 0.123734 0.0636154 
17458 0.121137 0.165557 
17459 0.119398 0.268925 
17460 -0.212751 -0.0368928 
17461 -0.215381 0.0615947 
17462 -0.217395 0.160612 
17463 -0.220137 0.259715 
17464 -0.130403 -0.0350568 
17465 -0.132453 0.0634794 
17466 -0.135352 0.16147 
17467 -0.138045 0.260148 
17468 -0.0483227 -0.0325218 
17469 -0.0507759 0.0651809 
17470 -0.0529813 0.163597 
17471 -0.0559515 0.26191 
17472 0.0331112 -0.0302622 
17473 0.0305937 0.0671016 
17474 0.0278108 0.165044 
17475 0.0262268 0.262697 
17476 0.113351 -0.0281979 
17477 0.111022 0.068386 
17478 0.109127 0.165786 
17479 0.106463 0.263182 
17480 -0.208071 -0.0275984 
17481 -0.210847 0.0665412 
17482 -0.213495 0.160917 
17483 -0.215967 0.255195 
17484 -0.129529 -0.0253411 
17485 -0.131674 0.0682278 
17486 -0.134854 0.161615 
17487 -0.137718 0.255997 
17488 -0.0511754 -0.0226519 
17489 -0.0541476 0.070279 
17490 -0.0561311 0.163276 
17491 -0.0590862 0.256609 
17492 0.0259459 -0.0201989 
17493 0.0230252 0.0717092 
17494 0.0211167 0.16455 
17495 0.0185403 0.257659 
17496 0.102155 -0.0184901 
17497 0.0996506 0.0740079 
17498 0.0978167 0.166038 
17499 0.0948684 0.258459 
17500 -0.203906 -0.0182689 
17501 -0.206534 0.0713151 
17502 -0.210035 0.161093 
17503 -0.212698 0.251072 
17504 -0.128656 -0.0166215 
17505 -0.131217 0.072999 
17506 -0.133952 0.162646 
17507 -0.136952 0.252025 
17508 -0.0550311 -0.0142568 
17509 -0.0570614 0.0745405 
17510 -0.0602935 0.163988 
17511 -0.062036 0.252497 
17512 0.018761 -0.0116874 
17513 0.0160833 0.0766679 
17514 0.0136815 0.164606 
17515 0.0114863 0.254118 
17516 0.0924153 -0.00950805 
17517 0.0898732 0.0778865 
17518 0.0875667 0.166914 
17519 0.0843719 0.25441 
17520 -0.200237 -0.0108021 
17521 -0.202852 0.0754018 
17522 -0.20597 0.160833 
17523 -0.209285 0.246737 
17524 -0.128891 -0.00821418 
17525 -0.13121 0.0772255 
17526 -0.133932 0.162283 
17527 -0.137158 0.24803 
17528 -0.057198 -0.0060062 
17529 -0.0600419 0.0791156 
17530 -0.0625194 0.163922 
17531 -0.065622 0.249288 
17532 0.0122855 -0.0032179 
17533 0.00990855 0.0805936 
17534 0.00784305 0.165502 
17535 0.00536775 0.250055 
17536 0.0824935 -0.00157555 
17537 0.0802133 0.0827098 
17538 0.077342 0.16668 
17539 0.0752852 0.251067 
17540 -0.19712 -0.0033764 
17541 -0.200471 0.0788477 
17542 -0.203772 0.161171 
17543 -0.206451 0.244252 
17544 -0.128413 -0.00070579 
17545 -0.131662 0.0812346 
17546 -0.133871 0.163182 
17547 -0.137379 0.245155 
17548 -0.0607965 0.00191339 
17549 -0.0633097 0.0829322 
17550 -0.0663386 0.164051 
17551 -0.068363 0.246415 
17552 0.00637102 0.00389991 
17553 0.00382248 0.0849316 
17554 0.00112098 0.166077 
17555 -0.000903076 0.246939 
17556 0.0731128 0.00556087 
17557 0.0711419 0.0863434 
17558 0.0689671 0.167164 
17559 0.0655487 0.247795 
17560 -0.195041 0.00434869 
17561 -0.197954 0.0822254 
17562 -0.200665 0.162025 
17563 -0.204153 0.240799 
17564 -0.129084 0.00579757 
17565 -0.131738 0.0846116 
17566 -0.134443 0.163434 
17567 -0.137936 0.242435 
17568 -0.0633231 0.00845035 
17569 -0.0667921 0.0861894 
17570 -0.0685694 0.16422 
17571 -0.0720517 0.243328 
17572 0.00157097 0.0112377 
17573 -0.00134843 0.0887973 
17574 -0.00369517 0.166037 
17575 -0.00699407 0.244246 
17576 0.0647282 0.0129388 
17577 0.0625077 0.0897349 
17578 0.0597681 0.167573 
17579 0.0579028 0.245624 
17580 -0.192607 0.0105361 
17581 -0.19573 0.0861525 
17582 -0.198194 0.161874 
17583 -0.201569 0.23823 
17584 -0.129471 0.0127144 
17585 -0.132422 0.0880939 
17586 -0.135087 0.163452 
17587 -0.13813 0.239088 
17588 -0.0663187 0.0147821 
17589 -0.0689829 0.089665 
17590 -0.0715795 0.165237 
17591 -0.0745358 0.240345 
17592 -0.00446197 0.0175705 
17593 -0.00701689 0.0918232 
17594 -0.00917279 0.166281 
17595 -0.0123395 0.241658 
17596 0.0573592 0.0194494 
17597 0.0549276 0.093299 
17598 0.05185 0.16834 
17599 0.0492101 0.242549 
17600 -0.190455 0.016264 
17601 -0.193927 0.0892105 
17602 -0.196871 0.163031 
17603 -0.199476 0.235802 
17604 -0.129115 0.0186449 
17605 -0.132678 0.091348 
17606 -0.134914 0.164183 
17607 -0.138361 0.237214 
17608 -0.069665 0.0209647 
17609 -0.0719798 0.0932586 
17610 -0.0749782 0.165764 
17611 -0.0777045 0.238102 
17612 -0.00937697 0.0234094 
17613 -0.0117554 0.0945105 
17614 -0.0148344 0.166964 
17615 -0.0175412 0.239191 
17616 0.0497329 0.0252888 
17617 0.0473792 0.0964129 
17618 0.045236 0.168864 
17619 0.0421151 0.240358 
17620 -0.188791 0.0220436 
17621 -0.192079 0.0923234 
17622 -0.195446 0.163362 
17623 -0.198267 0.234185 
17624 -0.130564 0.0247182 
17625 -0.133108 0.0943009 
17626 -0.13552 0.164885 
17627 -0.139187 0.235323 
17628 -0.0724083 0.0270129 
17629 -0.075057 0.0964751 
17630 -0.0776728 0.166365 
17631 -0.0801199 0.23605 
17632 -0.0144813 0.0291312 
17633 -0.017031 0.098322 
17634 -0.0200224 0.167612 
17635 -0.021978 0.23674 
17636 0.0432091 0.0305763 
17637 0.040363 0.0992757 
17638 0.0374778 0.168876 
17639 0.0347882 0.237793 
17640 -0.187167 0.0270329 
17641 -0.190856 0.0952663 
17642 -0.194157 0.163696 
17643 -0.197066 0.231552 
17644 -0.131098 0.0293862 
17645 -0.133231 0.0976265 
17646 -0.136736 0.165416 
17647 -0.139046 0.232553 
17648 -0.0747955 0.03152 
17649 -0.0772012 0.0993333 
17650 -0.0802975 0.166084 
17651 -0.0833275 0.233955 
17652 -0.0191304 0.0334899 
17653 -0.0211842 0.100698 
17654 -0.023797 0.16801 
17655 -0.0263802 0.234732 
17656 0.0361356 0.0357375 
17657 0.0331741 0.102432 
17658 0.0308468 0.16961 
17659 0.0281638 0.235659 
