17340 -0.333504 -0.21709 
17341 -0.332861 -0.0170595 
17342 -0.333533 0.182876 
17343 -0.333059 0.383459 
17344 -0.166595 -0.216401 
17345 -0.166778 -0.0161861 
17346 -0.167048 0.183586 
17347 -0.16666 0.383492 
17348 -0.000378726 -0.21678 
17349 0.000319031 -0.0170445 
17350 0.000201986 0.183062 
17351 -0.000265836 0.383507 
17352 0.166381 -0.217038 
17353 0.166225 -0.016819 
17354 0.166861 0.183546 
17355 0.16671 0.38307 
17356 0.333547 -0.216514 
17357 0.333821 -0.0165017 
17358 0.332945 0.183217 
17359 0.332853 0.383137 
17360 -0.308422 -0.183883 
17361 -0.309721 -0.00225321 
17362 -0.310278 0.179023 
17363 -0.310366 0.359812 
17364 -0.15756 -0.183673 
17365 -0.15776 -0.0017152 
17366 -0.158976 0.179192 
17367 -0.158924 0.360128 
17368 -0.00695712 -0.182355 
17369 -0.00750512 -0.0016562 
17370 -0.00730783 0.179063 
17371 -0.00803303 0.36075 
17372 0.144212 -0.181912 
17373 0.143306 -0.00153672 
17374 0.143414 0.179383 
17375 0.143097 0.360536 
17376 0.294734 -0.182159 
17377 0.294246 -0.00147378 
17378 0.293649 0.179647 
17379 0.293195 0.360869 
17380 -0.288672 -0.155915 
17381 -0.289241 0.00945007 
17382 -0.290976 0.175739 
17383 -0.291888 0.341442 
17384 -0.150182 -0.155403 
17385 -0.150901 0.00982284 
17386 -0.152351 0.176002 
17387 -0.152979 0.342047 
17388 -0.0128066 -0.154417 
17389 -0.0131483 0.0107083 
17390 -0.0137049 0.176622 
17391 -0.0147923 0.341942 
17392 0.125048 -0.153907 
17393 0.124746 0.0113214 
17394 0.123778 0.176532 
17395 0.122459 0.342367 
17396 0.26206 -0.152152 
17397 0.261222 0.012185 
17398 0.260896 0.177275 
17399 0.260351 0.342795 
17400 -0.272114 -0.13268 
17401 -0.273762 0.0202255 
17402 -0.274258 0.173314 
17403 -0.2762 0.326498 
17404 -0.144597 -0.131134 
17405 -0.146151 0.0210118 
17406 -0.147039 0.173197 
17407 -0.14787 0.326521 
17408 -0.0171485 -0.130371 
17409 -0.0184153 0.0222815 
17410 -0.0193798 0.17402 
17411 -0.0208419 0.326686 
17412 0.109022 -0.129436 
17413 0.108226 0.0232053 
17414 0.107003 0.175034 
17415 0.105641 0.326527 
17416 0.234527 -0.127713 
17417 0.234077 0.0236038 
17418 0.232732 0.175607 
17419 0.231559 0.327375 
17420 -0.257836 -0.112733 
17421 -0.259441 0.0294102 
17422 -0.261583 0.171581 
17423 -0.263445 0.313549 
17424 -0.140196 -0.110609 
17425 -0.141039 0.0306944 
17426 -0.142741 0.171991 
17427 -0.144093 0.313577 
17428 -0.0218588 -0.109621 
17429 -0.0232285 0.0314497 
17430 -0.0251713 0.172253 
17431 -0.0262312 0.314071 
17432 0.0946945 -0.107751 
17433 0.0936197 0.032928 
17434 0.0923484 0.173386 
17435 0.0912403 0.313992 
17436 0.211524 -0.106541 
17437 0.210133 0.0332768 
17438 0.209057 0.174346 
17439 0.207554 0.314918 
17440 -0.24677 -0.0941118 
17441 -0.248575 0.037387 
17442 -0.249911 0.169793 
17443 -0.252009 0.301846 
17444 -0.136665 -0.0929904 
17445 -0.137862 0.0384342 
17446 -0.140163 0.170337 
17447 -0.141779 0.302618 
17448 -0.0270002 -0.0909359 
17449 -0.0280182 0.0399599 
17450 -0.0298106 0.171889 
17451 -0.0309937 0.302726 
17452 0.0827434 -0.0896864 
17453 0.0812867 0.0409934 
17454 0.0793083 0.172005 
17455 0.0777393 0.303621 
17456 0.190914 -0.0880454 
17457 0.18986 0.0425582 
17458 0.18842 0.173264 
17459 0.186417 0.303989 
17460 -0.236593 -0.0786398 
17461 -0.238898 0.0446403 
17462 -0.240544 0.168779 
17463 -0.242114 0.293419 
17464 -0.133393 -0.0771974 
17465 -0.134744 0.0468209 
17466 -0.137071 0.170239 
17467 -0.139317 0.293898 
17468 -0.0303221 -0.0753661 
17469 -0.0326459 0.0476921 
17470 -0.0342584 0.170586 
17471 -0.0356122 0.294084 
17472 0.0714092 -0.0737132 
17473 0.0695872 0.048897 
17474 0.0678686 0.171919 
17475 0.0666428 0.294571 
17476 0.172613 -0.0713784 
17477 0.170759 0.0500159 
17478 0.170082 0.172508 
17479 0.168231 0.294702 
17480 -0.227601 -0.0647039 
17481 -0.230548 0.0516718 
17482 -0.232677 0.16868 
17483 -0.234414 0.284953 
17484 -0.130508 -0.0621837 
17485 -0.132551 0.0532936 
17486 -0.134817 0.168851 
17487 -0.137404 0.286063 
17488 -0.0347371 -0.0607548 
17489 -0.0363477 0.0545205 
17490 -0.0386623 0.170442 
17491 -0.0401774 0.286748 
17492 0.0616564 -0.0585789 
17493 0.059154 0.0556225 
17494 0.0580505 0.171305 
17495 0.0561876 0.287146 
17496 0.157018 -0.0570467 
17497 0.154458 0.0572344 
17498 0.152768 0.172546 
17499 0.151055 0.287454 
17500 -0.221154 -0.0512177 
17501 -0.222958 0.0582076 
17502 -0.225474 0.168065 
17503 -0.227581 0.278425 
17504 -0.128568 -0.0501492 
17505 -0.13142 0.0594069 
17506 -0.133018 0.16944 
17507 -0.135854 0.279111 
17508 -0.0379701 -0.0483548 
17509 -0.0402102 0.0606477 
17510 -0.0421782 0.169998 
17511 -0.0439068 0.279014 
17512 0.0521112 -0.0457193 
17513 0.0501583 0.0621118 
17514 0.0485287 0.171626 
17515 0.0466451 0.280105 
17516 0.141923 -0.0439563 
17517 0.140759 0.0635122 
17518 0.138468 0.17255 
17519 0.136635 0.280557 
17520 -0.214434 -0.0397981 
17521 -0.21654 0.0636266 
17522 -0.218904 0.167696 
17523 -0.221232 0.272297 
17524 -0.12783 -0.038154 
17525 -0.1296 0.0653144 
17526 -0.131942 0.168881 
17527 -0.134073 0.273129 
17528 -0.0411401 -0.0366192 
17529 -0.0431951 0.0668782 
17530 -0.0451819 0.170024 
17531 -0.0474809 0.273446 
17532 0.0443134 -0.0341871 
17533 0.0422145 0.0683834 
17534 0.040284 0.171459 
17535 0.0381197 0.274522 
17536 0.128988 -0.0328522 
17537 0.126628 0.0699751 
17538 0.125409 0.172628 
17539 0.123485 0.275105 
17540 -0.208799 -0.0297239 
17541 -0.211365 0.0685278 
17542 -0.213478 0.16738 
17543 -0.216771 0.266665 
17544 -0.12656 -0.0280278 
17545 -0.128604 0.070455 
17546 -0.131452 0.168411 
17547 -0.133792 0.267388 
17548 -0.0451034 -0.0257329 
17549 -0.0471614 0.0720814 
17550 -0.0494163 0.170353 
17551 -0.051605 0.268383 
17552 0.0369499 -0.0239567 
17553 0.0340315 0.0736641 
17554 0.0325925 0.171027 
17555 0.0307306 0.26921 
17556 0.116774 -0.0219258 
17557 0.114498 0.0749231 
17558 0.11289 0.172655 
17559 0.111018 0.269395 
17560 -0.20415 -0.019758 
17561 -0.207055 0.0734839 
17562 -0.209247 0.168055 
17563 -0.211559 0.261933 
17564 -0.12605 -0.0185636 
17565 -0.12813 0.0749657 
17566 -0.130109 0.169246 
17567 -0.133037 0.262746 
17568 -0.0480643 -0.0161582 
17569 -0.0502441 0.0769263 
17570 -0.0520841 0.170336 
17571 -0.0550069 0.264133 
17572 0.0297897 -0.014139 
17573 0.0275263 0.0784618 
17574 0.0254499 0.170953 
17575 0.0232011 0.264077 
17576 0.105361 -0.0122212 
17577 0.104306 0.0798504 
17578 0.102307 0.172316 
17579 0.100081 0.26557 
17580 -0.200209 -0.0117509 
17581 -0.20258 0.0780905 
17582 -0.205 0.1683 
17583 -0.207844 0.257716 
17584 -0.125289 -0.00941665 
17585 -0.127913 0.0797819 
17586 -0.129601 0.169295 
17587 -0.132453 0.259279 
17588 -0.0512229 -0.00777769 
17589 -0.0531404 0.0815268 
17590 -0.0551331 0.169882 
17591 -0.0581868 0.259558 
17592 0.0223906 -0.00588879 
17593 0.0204387 0.0824653 
17594 0.0183917 0.171545 
17595 0.0163636 0.260637 
17596 0.0953327 -0.00387433 
17597 0.0935164 0.0843277 
17598 0.0915112 0.172539 
17599 0.0893908 0.261516 
17600 -0.196578 -0.00327345 
17601 -0.198723 0.0824387 
17602 -0.201644 0.167796 
17603 -0.204735 0.254501 
17604 -0.124884 -0.00131916 
17605 -0.127172 0.0834098 
17606 -0.129564 0.168807 
17607 -0.132671 0.254694 
17608 -0.0535021 0.000773946 
17609 -0.0562924 0.0853616 
17610 -0.0587136 0.170275 
17611 -0.0608555 0.256013 
17612 0.0167358 0.00233008 
17613 0.0142403 0.086872 
17614 0.0117583 0.17183 
17615 0.0104341 0.256151 
17616 0.0866167 0.00435939 
17617 0.0841027 0.0883494 
17618 0.0820081 0.172805 
17619 0.0799771 0.257736 
17620 -0.193352 0.00357245 
17621 -0.196357 0.0859749 
17622 -0.199032 0.167897 
17623 -0.20084 0.251379 
17624 -0.124798 0.00561551 
17625 -0.127182 0.0874832 
17626 -0.129222 0.169553 
17627 -0.131678 0.251854 
17628 -0.0568549 0.00805235 
17629 -0.058695 0.0888334 
17630 -0.0609246 0.170141 
17631 -0.0636787 0.252813 
17632 0.0106152 0.0101147 
17633 0.00883134 0.0902318 
17634 0.00582027 0.171921 
17635 0.00402745 0.253362 
17636 0.0769554 0.0120252 
17637 0.0758204 0.0920786 
17638 0.0733621 0.173038 
17639 0.0716181 0.254136 
17640 -0.190093 0.0103975 
17641 -0.193467 0.0897325 
17642 -0.19605 0.168176 
17643 -0.198673 0.248408 
17644 -0.124905 0.0126806 
17645 -0.12701 0.0905447 
17646 -0.129426 0.170063 
17647 -0.131876 0.249073 
17648 -0.0594288 0.0145534 
17649 -0.062044 0.092203 
17650 -0.0637572 0.170583 
17651 -0.0661674 0.249851 
17652 0.00527864 0.0160311 
17653 0.00292338 0.0939957 
17654 0.00045698 0.171895 
17655 -0.0013745 0.250116 
17656 0.0688839 0.018461 
17657 0.0672895 0.0959369 
17658 0.0651319 0.172683 
17659 0.0627978 0.250941 
17660 -0.188657 0.0175159 
17661 -0.190845 0.0929633 
17662 -0.193047 0.168256 
17663 -0.196046 0.245616 
17664 -0.125191 0.0186556 
17665 -0.127818 0.0938289 
17666 -0.129617 0.17034 
17667 -0.132222 0.245913 
17668 -0.0624744 0.0207025 
17669 -0.0641563 0.0955774 
17670 -0.0670863 0.170729 
17671 -0.0695371 0.24648 
17672 -0.000380541 0.0226516 
17673 -0.00247215 0.0968072 
17674 -0.0047342 0.172613 
17675 -0.00647131 0.247339 
17676 0.0613337 0.0246329 
17677 0.0596232 0.0990049 
17678 0.0570091 0.173581 
17679 0.0549128 0.248523 
17680 -0.18661 0.0228326 
17681 -0.188542 0.0955594 
17682 -0.191011 0.169141 
17683 -0.194498 0.242605 
17684 -0.125343 0.0245541 
17685 -0.128047 0.097652 
17686 -0.130141 0.169844 
17687 -0.132237 0.243002 
17688 -0.0646907 0.0263943 
17689 -0.0670931 0.0990987 
17690 -0.0691562 0.170969 
17691 -0.0722089 0.243751 
17692 -0.00510643 0.0281402 
17693 -0.0068603 0.0996796 
17694 -0.00909429 0.172542 
17695 -0.0113929 0.244499 
17696 0.0537403 0.0300107 
17697 0.0517327 0.101753 
17698 0.0494749 0.173144 
17699 0.0474051 0.24585 
17700 -0.184166 0.0278915 
17701 -0.187393 0.0981538 
17702 -0.189327 0.168822 
17703 -0.192808 0.240512 
17704 -0.125833 0.0303108 
17705 -0.127721 0.0995069 
17706 -0.130748 0.170102 
17707 -0.133349 0.24124 
17708 -0.0670573 0.0323011 
17709 -0.0701848 0.1017 
17710 -0.0723184 0.171452 
17711 -0.0744506 0.241094 
17712 -0.0102817 0.0341489 
17713 -0.011837 0.10324 
17714 -0.0138891 0.17232 
17715 -0.016074 0.242517 
17716 0.0469689 0.0354743 
17717 0.0454767 0.103915 
17718 0.0426605 0.173284 
17719 0.0410357 0.243372 
17720 -0.182795 0.0330316 
17721 -0.185571 0.101051 
17722 -0.188739 0.169472 
17723 -0.191219 0.237478 
17724 -0.126283 0.0350728 
17725 -0.129115 0.102081 
17726 -0.130867 0.170812 
17727 -0.133336 0.238334 
17728 -0.0704089 0.0366439 
17729 -0.0719287 0.104289 
17730 -0.0751502 0.170914 
17731 -0.0772169 0.239464 
17732 -0.0144169 0.0386051 
17733 -0.016558 0.10549 
17734 -0.0192972 0.172587 
17735 -0.0205665 0.240069 
17736 0.0407329 0.0402497 
17737 0.0386366 0.107108 
17738 0.0364379 0.173599 
17739 0.0341215 0.24007 
