17440 -0.333367 -0.216273 
17441 -0.333763 -0.0162035 
17442 -0.333132 0.183741 
17443 -0.333046 0.383144 
17444 -0.16655 -0.217094 
17445 -0.166294 -0.0171495 
17446 -0.166569 0.182917 
17447 -0.166339 0.382835 
17448 9.0031e-05 -0.2167 
17449 0.000281024 -0.0164424 
17450 -4.47276e-05 0.182898 
17451 0.000431284 0.383678 
17452 0.166588 -0.216232 
17453 0.167027 -0.0162202 
17454 0.167005 0.183333 
17455 0.166829 0.383185 
17456 0.332964 -0.216728 
17457 0.333043 -0.0170115 
17458 0.333723 0.183148 
17459 0.333829 0.383446 
17460 -0.307823 -0.182225 
17461 -0.307916 -0.00146787 
17462 -0.309198 0.179825 
17463 -0.30954 0.361523 
17464 -0.156287 -0.182324 
17465 -0.157671 -0.0010027 
17466 -0.157218 0.180645 
17467 -0.157664 0.361849 
17468 -0.00543341 -0.181168 
17469 -0.00578417 -0.00014207 
17470 -0.00649803 0.180245 
17471 -0.0069132 0.362011 
17472 0.144477 -0.181397 
17473 0.145045 -0.000552505 
17474 0.143736 0.180982 
17475 0.143482 0.361549 
17476 0.295619 -0.180194 
17477 0.294912 -0.000236317 
17478 0.294901 0.181112 
17479 0.294325 0.362008 
17480 -0.286996 -0.153446 
17481 -0.288471 0.0118326 
17482 -0.289213 0.177512 
17483 -0.289614 0.343509 
17484 -0.148412 -0.152893 
17485 -0.150092 0.0125498 
17486 -0.150552 0.177969 
17487 -0.151613 0.344051 
17488 -0.0113602 -0.152039 
17489 -0.0120684 0.0131596 
17490 -0.0119967 0.178609 
17491 -0.0135386 0.344147 
17492 0.126721 -0.151581 
17493 0.12606 0.0137346 
17494 0.125499 0.178564 
17495 0.124309 0.343844 
17496 0.263246 -0.150314 
17497 0.262767 0.0139149 
17498 0.263052 0.179151 
17499 0.261745 0.343897 
17500 -0.270312 -0.12972 
17501 -0.271418 0.0236526 
17502 -0.271962 0.175788 
17503 -0.27345 0.329589 
17504 -0.142213 -0.128335 
17505 -0.143247 0.0237735 
17506 -0.145063 0.176279 
17507 -0.146122 0.329198 
17508 -0.0156485 -0.127524 
17509 -0.0164783 0.0250017 
17510 -0.0177261 0.176785 
17511 -0.0180062 0.32967 
17512 0.110529 -0.126 
17513 0.109985 0.0256627 
17514 0.108935 0.177294 
17515 0.107898 0.329764 
17516 0.237071 -0.125613 
17517 0.236221 0.0262753 
17518 0.23554 0.178383 
17519 0.234829 0.330308 
17520 -0.255943 -0.10849 
17521 -0.256999 0.0330939 
17522 -0.258172 0.174807 
17523 -0.260002 0.316668 
17524 -0.137248 -0.10684 
17525 -0.138287 0.0334437 
17526 -0.139698 0.175349 
17527 -0.141375 0.317163 
17528 -0.0199965 -0.106365 
17529 -0.0205435 0.0348088 
17530 -0.0221138 0.175832 
17531 -0.0236672 0.317758 
17532 0.0976581 -0.105278 
17533 0.0958179 0.0352931 
17534 0.0949856 0.176324 
17535 0.0941137 0.317106 
17536 0.213593 -0.103192 
17537 0.212663 0.0370979 
17538 0.211777 0.176679 
17539 0.210714 0.317403 
17540 -0.243746 -0.0904783 
17541 -0.245395 0.0414376 
17542 -0.247087 0.174301 
17543 -0.248897 0.306249 
17544 -0.133473 -0.08869 
17545 -0.134747 0.0425164 
17546 -0.136569 0.174309 
17547 -0.138102 0.30656 
17548 -0.0240296 -0.0870432 
17549 -0.025417 0.0435747 
17550 -0.0263605 0.175507 
17551 -0.0277693 0.307316 
17552 0.0856471 -0.0863856 
17553 0.0842299 0.0449192 
17554 0.0829397 0.175859 
17555 0.082029 0.306749 
17556 0.193365 -0.084607 
17557 0.192137 0.0453705 
17558 0.191515 0.176532 
17559 0.190043 0.307404 
17560 -0.233401 -0.0744256 
17561 -0.235347 0.0495217 
17562 -0.236691 0.173026 
17563 -0.238683 0.297786 
17564 -0.129967 -0.0726237 
17565 -0.131393 0.0499205 
17566 -0.133258 0.173902 
17567 -0.134568 0.29725 
17568 -0.0274279 -0.0711832 
17569 -0.0284215 0.0515422 
17570 -0.0303815 0.174966 
17571 -0.0316875 0.297952 
17572 0.074253 -0.0696255 
17573 0.0735515 0.0521523 
17574 0.0719412 0.175098 
17575 0.0700752 0.297907 
17576 0.175914 -0.0685993 
17577 0.174725 0.0539748 
17578 0.173829 0.176191 
17579 0.172026 0.299006 
17580 -0.224753 -0.0602933 
17581 -0.225922 0.0559352 
17582 -0.228475 0.172969 
17583 -0.230341 0.289878 
17584 -0.126811 -0.0582816 
17585 -0.129317 0.0568878 
17586 -0.130854 0.173358 
17587 -0.132385 0.289399 
17588 -0.0304141 -0.0571534 
17589 -0.0328073 0.0584024 
17590 -0.033735 0.173799 
17591 -0.0360674 0.29045 
17592 0.065178 -0.0555066 
17593 0.0639187 0.0597884 
17594 0.0620846 0.174883 
17595 0.0607609 0.290389 
17596 0.160316 -0.0539314 
17597 0.159002 0.060577 
17598 0.157064 0.17518 
17599 0.156292 0.291117 
17600 -0.216703 -0.0468407 
17601 -0.218924 0.0620797 
17602 -0.220835 0.172696 
17603 -0.222559 0.282544 
17604 -0.124807 -0.0455637 
17605 -0.126688 0.0639861 
17606 -0.129175 0.1732 
17607 -0.130639 0.282929 
17608 -0.0346019 -0.0441789 
17609 -0.0353395 0.0643497 
17610 -0.0377293 0.174134 
17611 -0.0391971 0.283221 
17612 0.0559735 -0.0426407 
17613 0.0545052 0.0655167 
17614 0.0526319 0.174726 
17615 0.0518049 0.284137 
17616 0.146103 -0.0412917 
17617 0.144842 0.0670653 
17618 0.143317 0.174977 
17619 0.141591 0.284069 
17620 -0.210134 -0.0353335 
17621 -0.212083 0.0682469 
17622 -0.214129 0.171858 
17623 -0.216258 0.276509 
17624 -0.123412 -0.0338165 
17625 -0.125161 0.0688339 
17626 -0.127063 0.173067 
17627 -0.128698 0.276975 
17628 -0.0375484 -0.0330748 
17629 -0.0392146 0.0699157 
17630 -0.0408585 0.173302 
17631 -0.0423245 0.277684 
17632 0.0477606 -0.0314211 
17633 0.0467097 0.0710656 
17634 0.0449247 0.17452 
17635 0.0437515 0.277266 
17636 0.132752 -0.0296905 
17637 0.131584 0.0723171 
17638 0.129711 0.174609 
17639 0.128608 0.278294 
17640 -0.204127 -0.0256289 
17641 -0.206535 0.0728619 
17642 -0.208652 0.172002 
17643 -0.210342 0.271551 
17644 -0.122364 -0.0241326 
17645 -0.123902 0.0740531 
17646 -0.125968 0.172585 
17647 -0.127643 0.271665 
17648 -0.0402339 -0.0224703 
17649 -0.042102 0.07488 
17650 -0.0440881 0.17299 
17651 -0.0453806 0.27177 
17652 0.0406023 -0.020338 
17653 0.0390882 0.076923 
17654 0.0370372 0.174178 
17655 0.035618 0.272188 
17656 0.12141 -0.0187677 
17657 0.119157 0.0776235 
17658 0.118376 0.174853 
17659 0.11662 0.272708 
17660 -0.199227 -0.016007 
17661 -0.201983 0.0773921 
17662 -0.203985 0.172016 
17663 -0.206385 0.266689 
17664 -0.121077 -0.0143891 
17665 -0.123254 0.0783699 
17666 -0.124564 0.172499 
17667 -0.127276 0.266505 
17668 -0.0429188 -0.0135201 
17669 -0.0454924 0.0803054 
17670 -0.0469723 0.172905 
17671 -0.0482763 0.266808 
17672 0.0339325 -0.0113019 
17673 0.0325325 0.0813479 
17674 0.0303936 0.173476 
17675 0.0285968 0.26695 
17676 0.110006 -0.0099801 
17677 0.108787 0.0821784 
17678 0.107328 0.174509 
17679 0.106112 0.267895 
17680 -0.195376 -0.00816618 
17681 -0.197325 0.0813566 
17682 -0.199121 0.171404 
17683 -0.201229 0.262092 
17684 -0.120597 -0.00652089 
17685 -0.122102 0.0824303 
17686 -0.124336 0.172735 
17687 -0.126553 0.262574 
17688 -0.0458512 -0.00453184 
17689 -0.0483019 0.083848 
17690 -0.050108 0.172898 
17691 -0.0520424 0.262616 
17692 0.0275561 -0.00331045 
17693 0.0252552 0.0847396 
17694 0.0244642 0.173868 
17695 0.0227851 0.262544 
17696 0.0999394 -0.00118097 
17697 0.0987339 0.086344 
17698 0.0973877 0.174151 
17699 0.0962312 0.263143 
17700 -0.191626 0.000234097 
17701 -0.193563 0.0852671 
17702 -0.195482 0.171683 
17703 -0.198207 0.258053 
17704 -0.120272 0.00129539 
17705 -0.121679 0.0870112 
17706 -0.123624 0.172208 
17707 -0.125445 0.257866 
17708 -0.048671 0.00301287 
17709 -0.0507211 0.0873184 
17710 -0.0528999 0.172938 
17711 -0.054214 0.258862 
17712 0.0210479 0.00476738 
17713 0.0198542 0.0887362 
17714 0.018021 0.173809 
17715 0.016268 0.258489 
17716 0.0904226 0.00632678 
17717 0.0891457 0.0895404 
17718 0.0883177 0.174771 
17719 0.0862597 0.259348 
17720 -0.18855 0.00688773 
17721 -0.189843 0.0891395 
17722 -0.192837 0.171416 
17723 -0.194764 0.254303 
17724 -0.119653 0.0082998 
17725 -0.121605 0.0896178 
17726 -0.123853 0.171803 
17727 -0.1252 0.254327 
17728 -0.0516223 0.0094346 
17729 -0.0532605 0.0908561 
17730 -0.0549897 0.172591 
17731 -0.0574619 0.254609 
17732 0.0150541 0.0111109 
17733 0.0140391 0.092416 
17734 0.0122032 0.173119 
17735 0.0111299 0.255484 
17736 0.0816983 0.0131995 
17737 0.0811407 0.0932384 
17738 0.0789418 0.174414 
17739 0.0782108 0.255129 
17740 -0.18578 0.0134937 
17741 -0.187647 0.0920713 
17742 -0.189792 0.171359 
17743 -0.192084 0.250308 
17744 -0.119589 0.0149236 
17745 -0.121002 0.0926797 
17746 -0.12306 0.17178 
17747 -0.125096 0.251314 
17748 -0.0542804 0.0157518 
17749 -0.0557553 0.0936497 
17750 -0.0582366 0.17266 
17751 -0.0601548 0.251661 
17752 0.010537 0.0173121 
17753 0.00806271 0.0950467 
17754 0.00687958 0.173058 
17755 0.0054937 0.251558 
17756 0.0741152 0.018586 
17757 0.0722352 0.0959577 
17758 0.07149 0.173268 
17759 0.0695019 0.251885 
17760 -0.183359 0.0193761 
17761 -0.185013 0.0953565 
17762 -0.186886 0.171153 
17763 -0.188883 0.247729 
17764 -0.120038 0.0210338 
17765 -0.121526 0.0959375 
17766 -0.123055 0.17166 
17767 -0.125438 0.247409 
17768 -0.0571255 0.0219364 
17769 -0.0587684 0.0965478 
17770 -0.0608378 0.172663 
17771 -0.0620875 0.247459 
17772 0.00501109 0.0234801 
17773 0.00373646 0.0975814 
17774 0.00208658 0.173033 
17775 0.000225861 0.248397 
17776 0.0662265 0.024579 
17777 0.065145 0.0993321 
17778 0.0635584 0.173859 
17779 0.0620024 0.24846 
17780 -0.180536 0.024929 
17781 -0.183254 0.0974417 
17782 -0.184749 0.171112 
17783 -0.18731 0.244533 
17784 -0.119858 0.0256226 
17785 -0.121541 0.0983161 
17786 -0.123488 0.171778 
17787 -0.125971 0.244487 
17788 -0.0592982 0.0276651 
17789 -0.0612579 0.0993697 
17790 -0.0629831 0.172082 
17791 -0.0652031 0.245113 
17792 -0.000333211 0.0289131 
17793 -0.00153584 0.0999611 
17794 -0.00300764 0.172061 
17795 -0.00441703 0.244662 
17796 0.0592559 0.03018 
17797 0.0580332 0.100944 
17798 0.0563476 0.173307 
17799 0.0554483 0.245062 
17800 -0.179475 0.0294972 
17801 -0.180617 0.100056 
17802 -0.182998 0.169949 
17803 -0.185311 0.241872 
17804 -0.120238 0.0309336 
17805 -0.122594 0.101036 
17806 -0.123519 0.170708 
17807 -0.126292 0.241938 
17808 -0.0621643 0.0320069 
17809 -0.0636734 0.101362 
17810 -0.0652727 0.171552 
17811 -0.0670462 0.241346 
17812 -0.00490603 0.0337548 
17813 -0.00567174 0.10226 
17814 -0.00739219 0.171936 
17815 -0.00938041 0.2422 
17816 0.0525205 0.035056 
17817 0.0508202 0.1037 
17818 0.0499772 0.172869 
17819 0.0485136 0.242445 
17820 -0.177552 0.0342193 
17821 -0.17974 0.101614 
17822 -0.181222 0.169921 
17823 -0.183375 0.239192 
17824 -0.120689 0.0354344 
17825 -0.122452 0.10295 
17826 -0.124478 0.1708 
17827 -0.125692 0.238691 
17828 -0.0649325 0.0361149 
17829 -0.0659592 0.103248 
17830 -0.0680957 0.1715 
17831 -0.0696389 0.23909 
17832 -0.0091423 0.0380844 
17833 -0.0105599 0.104855 
17834 -0.0115722 0.171708 
17835 -0.0137403 0.239419 
17836 0.0460592 0.0392278 
17837 0.0449163 0.104996 
17838 0.0429958 0.171941 
17839 0.0419891 0.239458 
