17560 -0.333209 -0.216688 
17561 -0.33309 -0.0161836 
17562 -0.333105 0.183543 
17563 -0.333172 0.383801 
17564 -0.166368 -0.216609 
17565 -0.16661 -0.0164982 
17566 -0.166282 0.1834 
17567 -0.166783 0.38353 
17568 -0.000297351 -0.217092 
17569 0.000365924 -0.0169005 
17570 -7.43314e-05 0.18312 
17571 -0.000122176 0.383558 
17572 0.166599 -0.217036 
17573 0.166725 -0.0166501 
17574 0.1663 0.183275 
17575 0.166543 0.38379 
17576 0.333266 -0.216325 
17577 0.333572 -0.0162865 
17578 0.333402 0.183153 
17579 0.332859 0.383238 
17580 -0.307062 -0.182183 
17581 -0.307667 -0.000421336 
17582 -0.307506 0.180415 
17583 -0.308614 0.362339 
17584 -0.155508 -0.182064 
17585 -0.156079 -0.00077241 
17586 -0.156501 0.180269 
17587 -0.156857 0.36177 
17588 -0.00508311 -0.181187 
17589 -0.00490858 -0.00027329 
17590 -0.00587616 0.180683 
17591 -0.00548026 0.361936 
17592 0.146157 -0.181336 
17593 0.145714 0.000429881 
17594 0.145447 0.180631 
17595 0.144661 0.361777 
17596 0.296321 -0.180402 
17597 0.295914 0.000241148 
17598 0.295448 0.180981 
17599 0.295297 0.361497 
17600 -0.285784 -0.152931 
17601 -0.286583 0.0129095 
17602 -0.286864 0.177909 
17603 -0.287276 0.344214 
17604 -0.146802 -0.152941 
17605 -0.148021 0.0131309 
17606 -0.14813 0.178746 
17607 -0.148639 0.344893 
17608 -0.0095326 -0.151791 
17609 -0.00977063 0.0128303 
17610 -0.0108667 0.178936 
17611 -0.0108909 0.344319 
17612 0.128038 -0.151695 
17613 0.128137 0.013318 
17614 0.127511 0.179337 
17615 0.127113 0.343917 
17616 0.264799 -0.150087 
17617 0.264772 0.0136469 
17618 0.264095 0.178681 
17619 0.264718 0.344676 
17620 -0.267999 -0.128646 
17621 -0.268247 0.0233451 
17622 -0.270046 0.176375 
17623 -0.270434 0.329754 
17624 -0.140572 -0.127883 
17625 -0.141156 0.0246893 
17626 -0.14195 0.176684 
17627 -0.14229 0.329944 
17628 -0.0137412 -0.127209 
17629 -0.013913 0.0247149 
17630 -0.0146896 0.176897 
17631 -0.0158954 0.32945 
17632 0.112998 -0.126419 
17633 0.112148 0.02571 
17634 0.112156 0.177642 
17635 0.111817 0.329204 
17636 0.23914 -0.125862 
17637 0.238841 0.0262511 
17638 0.237925 0.178067 
17639 0.237209 0.329301 
17640 -0.253133 -0.108182 
17641 -0.253707 0.0338766 
17642 -0.254865 0.175545 
17643 -0.2564 0.317258 
17644 -0.134989 -0.106537 
17645 -0.136088 0.0336882 
17646 -0.136969 0.175047 
17647 -0.137834 0.317715 
17648 -0.0172315 -0.105795 
17649 -0.0182111 0.0343263 
17650 -0.0182402 0.175568 
17651 -0.0195549 0.317069 
17652 0.100045 -0.105021 
17653 0.0995436 0.0356168 
17654 0.0990233 0.176375 
17655 0.0980046 0.31735 
17656 0.216233 -0.104269 
17657 0.215487 0.035737 
17658 0.215773 0.176766 
17659 0.214895 0.31687 
17660 -0.239754 -0.0899377 
17661 -0.241204 0.0417535 
17662 -0.242707 0.174039 
17663 -0.243537 0.306275 
17664 -0.130021 -0.0885763 
17665 -0.13103 0.0427424 
17666 -0.132573 0.174519 
17667 -0.133472 0.30642 
17668 -0.0210459 -0.088075 
17669 -0.0212659 0.0430224 
17670 -0.0224501 0.17428 
17671 -0.0231496 0.306402 
17672 0.0887873 -0.0872312 
17673 0.0879526 0.0442042 
17674 0.0865127 0.174461 
17675 0.085669 0.306242 
17676 0.196582 -0.0856495 
17677 0.195973 0.0445633 
17678 0.195466 0.175025 
17679 0.194401 0.306242 
17680 -0.229309 -0.0741268 
17681 -0.23032 0.048814 
17682 -0.232153 0.173085 
17683 -0.233853 0.29754 
17684 -0.126133 -0.0735001 
17685 -0.127147 0.0493579 
17686 -0.128227 0.172998 
17687 -0.129968 0.296901 
17688 -0.0243473 -0.071942 
17689 -0.0251154 0.0500909 
17690 -0.0254545 0.174034 
17691 -0.0271604 0.297233 
17692 0.0784293 -0.070906 
17693 0.0770171 0.0508728 
17694 0.0758571 0.173731 
17695 0.0753094 0.296613 
17696 0.178742 -0.07002 
17697 0.17813 0.0519202 
17698 0.177657 0.174331 
17699 0.177743 0.297052 
17700 -0.219958 -0.0605563 
17701 -0.222106 0.055626 
17702 -0.223217 0.171875 
17703 -0.224701 0.289485 
17704 -0.123027 -0.0590205 
17705 -0.124247 0.0561714 
17706 -0.125945 0.171999 
17707 -0.127216 0.288644 
17708 -0.0270126 -0.0585962 
17709 -0.0284782 0.0564706 
17710 -0.0286982 0.172384 
17711 -0.0302749 0.288312 
17712 0.0687216 -0.0567958 
17713 0.0678965 0.0575908 
17714 0.0669216 0.173349 
17715 0.0657056 0.288793 
17716 0.163675 -0.0562258 
17717 0.163421 0.0582484 
17718 0.16238 0.173687 
17719 0.161326 0.28848 
17720 -0.212098 -0.0477207 
17721 -0.214033 0.0614338 
17722 -0.215267 0.171128 
17723 -0.21644 0.28164 
17724 -0.120533 -0.0467127 
17725 -0.121811 0.0619773 
17726 -0.123828 0.171053 
17727 -0.125086 0.281431 
17728 -0.0301396 -0.0456077 
17729 -0.0313586 0.0629944 
17730 -0.032397 0.171988 
17731 -0.0335235 0.281079 
17732 0.0601383 -0.0452072 
17733 0.0592479 0.0637737 
17734 0.0581389 0.172344 
17735 0.0571465 0.281491 
17736 0.149561 -0.0438421 
17737 0.14885 0.0641776 
17738 0.147809 0.172583 
17739 0.14749 0.280816 
17740 -0.20531 -0.0370683 
17741 -0.2071 0.0666896 
17742 -0.208693 0.170106 
17743 -0.209865 0.274878 
17744 -0.118923 -0.0367014 
17745 -0.120266 0.0669704 
17746 -0.121476 0.170975 
17747 -0.122296 0.274436 
17748 -0.032907 -0.0356899 
17749 -0.0336264 0.0676807 
17750 -0.0351312 0.170684 
17751 -0.0358498 0.274634 
17752 0.0518318 -0.03426 
17753 0.0518912 0.0679554 
17754 0.0510195 0.17128 
17755 0.0499406 0.274123 
17756 0.136694 -0.0335762 
17757 0.13614 0.0693767 
17758 0.135517 0.171275 
17759 0.135194 0.274019 
17760 -0.199907 -0.027795 
17761 -0.200704 0.0707641 
17762 -0.202605 0.169872 
17763 -0.204325 0.268577 
17764 -0.117136 -0.0268825 
17765 -0.118246 0.0714141 
17766 -0.119658 0.169981 
17767 -0.121055 0.268904 
17768 -0.0357712 -0.0256904 
17769 -0.0368833 0.0722403 
17770 -0.0379123 0.170525 
17771 -0.0390685 0.268912 
17772 0.0446535 -0.0248467 
17773 0.0445066 0.0731003 
17774 0.0428516 0.170506 
17775 0.0422933 0.268447 
17776 0.125261 -0.0231696 
17777 0.124655 0.0735363 
17778 0.124316 0.170701 
17779 0.123587 0.26868 
17780 -0.194305 -0.0189769 
17781 -0.196356 0.0745502 
17782 -0.197889 0.169165 
17783 -0.198614 0.263872 
17784 -0.116487 -0.0184101 
17785 -0.117961 0.0752656 
17786 -0.118345 0.169261 
17787 -0.119578 0.262953 
17788 -0.0384235 -0.0164819 
17789 -0.0393952 0.0758398 
17790 -0.0411265 0.169354 
17791 -0.041881 0.262966 
17792 0.0382713 -0.0159977 
17793 0.0370505 0.0761997 
17794 0.0367175 0.168985 
17795 0.0361847 0.262589 
17796 0.114533 -0.0147111 
17797 0.113704 0.0773057 
17798 0.113704 0.169773 
17799 0.113114 0.263009 
17800 -0.190116 -0.0115056 
17801 -0.19107 0.0782535 
17802 -0.192748 0.16827 
17803 -0.194211 0.257933 
17804 -0.115752 -0.00977174 
17805 -0.116712 0.0784948 
17806 -0.117742 0.168186 
17807 -0.118939 0.258472 
17808 -0.0413901 -0.00900581 
17809 -0.0421799 0.0791789 
17810 -0.0428853 0.167977 
17811 -0.0440137 0.257815 
17812 0.032571 -0.00830464 
17813 0.0317203 0.0801073 
17814 0.030693 0.168482 
17815 0.029563 0.257316 
17816 0.10523 -0.00790348 
17817 0.103952 0.0804695 
17818 0.103851 0.168792 
17819 0.102769 0.256987 
17820 -0.186266 -0.00401235 
17821 -0.187552 0.08152 
17822 -0.18893 0.167243 
17823 -0.190069 0.253949 
17824 -0.114241 -0.00334487 
17825 -0.116115 0.0821364 
17826 -0.116755 0.167026 
17827 -0.118737 0.253147 
17828 -0.0442008 -0.00217312 
17829 -0.0445525 0.0824075 
17830 -0.0462241 0.167654 
17831 -0.0469645 0.25327 
17832 0.0260438 -0.00133624 
17833 0.0254701 0.0828828 
17834 0.0244588 0.16794 
17835 0.02384 0.252622 
17836 0.0959035 -0.000906214 
17837 0.0946955 0.0828853 
17838 0.093986 0.167223 
17839 0.0939112 0.252705 
17840 -0.182421 0.00172071 
17841 -0.184217 0.0845295 
17842 -0.185101 0.166576 
17843 -0.187145 0.248924 
17844 -0.113874 0.00306966 
17845 -0.11529 0.0849719 
17846 -0.117014 0.166109 
17847 -0.117974 0.248424 
17848 -0.0469903 0.00417023 
17849 -0.047388 0.0848558 
17850 -0.0482555 0.166818 
17851 -0.0497743 0.248488 
17852 0.0203044 0.0043489 
17853 0.0201304 0.0852349 
17854 0.0186923 0.16607 
17855 0.0184112 0.248535 
17856 0.0873878 0.00587402 
17857 0.0862829 0.0859385 
17858 0.0856539 0.166566 
17859 0.0857405 0.247348 
17860 -0.179464 0.00757904 
17861 -0.181544 0.0860754 
17862 -0.182823 0.165899 
17863 -0.183312 0.24544 
17864 -0.114166 0.00823999 
17865 -0.11505 0.0871069 
17866 -0.116171 0.165609 
17867 -0.117288 0.244793 
17868 -0.0492718 0.00971255 
17869 -0.0495884 0.086876 
17870 -0.0513284 0.16595 
17871 -0.0522376 0.244476 
17872 0.0150057 0.0104068 
17873 0.0145477 0.0873903 
17874 0.0142002 0.165709 
17875 0.0136229 0.244211 
17876 0.0790058 0.0113062 
17877 0.0785988 0.0884003 
17878 0.0785401 0.165359 
17879 0.0777544 0.243778 
17880 -0.177492 0.0128646 
17881 -0.178901 0.0880949 
17882 -0.17992 0.16498 
17883 -0.181458 0.240777 
17884 -0.113699 0.0137164 
17885 -0.1148 0.0893217 
17886 -0.116619 0.164796 
17887 -0.116953 0.240218 
17888 -0.0511797 0.0148987 
17889 -0.0529504 0.0890385 
17890 -0.0532209 0.164096 
17891 -0.0538006 0.239676 
17892 0.010283 0.0155266 
17893 0.00913427 0.0892449 
17894 0.00945999 0.164487 
17895 0.00835433 0.23924 
17896 0.0719978 0.0162565 
17897 0.0713202 0.0902344 
17898 0.0705691 0.164683 
17899 0.0706441 0.238941 
17900 -0.175383 0.0179292 
17901 -0.176532 0.0901034 
17902 -0.177487 0.163928 
17903 -0.178828 0.237686 
17904 -0.114274 0.0178217 
17905 -0.114862 0.0902222 
17906 -0.11672 0.163899 
17907 -0.117112 0.236969 
17908 -0.0541224 0.0184404 
17909 -0.0548166 0.0906523 
17910 -0.0555502 0.162943 
17911 -0.0565671 0.236533 
17912 0.005783 0.019963 
17913 0.00513991 0.0910078 
17914 0.00393671 0.163713 
17915 0.00408952 0.235462 
17916 0.0639645 0.0205851 
17917 0.0635606 0.0917116 
17918 0.0634766 0.162692 
17919 0.06305 0.235752 
17920 -0.172736 0.0221599 
17921 -0.173826 0.0922814 
17922 -0.175397 0.16281 
17923 -0.176812 0.233368 
17924 -0.114845 0.0223757 
17925 -0.115462 0.0924253 
17926 -0.116853 0.161999 
17927 -0.11771 0.23343 
17928 -0.0570695 0.0231094 
17929 -0.0571511 0.0922529 
17930 -0.0578603 0.16193 
17931 -0.0583372 0.23259 
17932 0.000406866 0.0232383 
17933 0.000575087 0.0926398 
17934 6.75875e-05 0.161763 
17935 -0.000370607 0.23182 
17936 0.0579143 0.0241883 
17937 0.0576761 0.0925493 
17938 0.0567549 0.161382 
17939 0.0563423 0.231307 
17940 -0.172084 0.0260335 
17941 -0.173014 0.0934768 
17942 -0.174144 0.16189 
17943 -0.17462 0.230355 
17944 -0.114923 0.0255444 
17945 -0.116189 0.0929489 
17946 -0.116843 0.160991 
17947 -0.117608 0.229816 
17948 -0.0594179 0.0267606 
17949 -0.0594591 0.0935931 
17950 -0.0602202 0.160949 
17951 -0.0604957 0.229301 
17952 -0.00397979 0.0267041 
17953 -0.00368182 0.0940848 
17954 -0.00413851 0.160942 
17955 -0.00527783 0.227822 
17956 0.0508833 0.0273648 
17957 0.050656 0.093673 
17958 0.0508765 0.160141 
17959 0.0499576 0.227316 
