17800 -0.332943 -0.216507 
17801 -0.333421 -0.0170035 
17802 -0.332882 0.183455 
17803 -0.332963 0.383588 
17804 -0.167078 -0.216562 
17805 -0.166447 -0.0168106 
17806 -0.166249 0.183814 
17807 -0.166533 0.38364 
17808 -0.000314242 -0.216766 
17809 -3.37994e-05 -0.0163472 
17810 0.000344178 0.183073 
17811 5.6224e-05 0.383727 
17812 0.166505 -0.216266 
17813 0.166291 -0.0168169 
17814 0.166544 0.182997 
17815 0.166582 0.383679 
17816 0.333566 -0.216815 
17817 0.333111 -0.0166126 
17818 0.333441 0.18291 
17819 0.333063 0.383831 
17820 -0.305425 -0.185438 
17821 -0.305299 -0.00424755 
17822 -0.306285 0.177038 
17823 -0.305917 0.358341 
17824 -0.154857 -0.185385 
17825 -0.154224 -0.00352866 
17826 -0.154999 0.177435 
17827 -0.154679 0.358465 
17828 -0.00331717 -0.185239 
17829 -0.00355051 -0.00438732 
17830 -0.00353891 0.176971 
17831 -0.00337652 0.357803 
17832 0.146727 -0.184416 
17833 0.147559 -0.00386344 
17834 0.146665 0.177074 
17835 0.146922 0.358066 
17836 0.297271 -0.184658 
17837 0.297946 -0.00416679 
17838 0.297448 0.177057 
17839 0.297779 0.357886 
17840 -0.283033 -0.15894 
17841 -0.283172 0.0064177 
17842 -0.283785 0.171815 
17843 -0.283844 0.338511 
17844 -0.144909 -0.15941 
17845 -0.144341 0.00611854 
17846 -0.145178 0.17207 
17847 -0.144853 0.338046 
17848 -0.00706349 -0.158926 
17849 -0.00734799 0.00637104 
17850 -0.00696646 0.171847 
17851 -0.00716139 0.336901 
17852 0.130422 -0.15873 
17853 0.130825 0.00589962 
17854 0.13095 0.171265 
17855 0.130927 0.336971 
17856 0.267201 -0.158831 
17857 0.267254 0.00670579 
17858 0.26782 0.171541 
17859 0.268574 0.336192 
17860 -0.264215 -0.137984 
17861 -0.264696 0.0146811 
17862 -0.264356 0.167724 
17863 -0.264494 0.321177 
17864 -0.136902 -0.137622 
17865 -0.136606 0.0142223 
17866 -0.137399 0.167335 
17867 -0.137603 0.319871 
17868 -0.00997528 -0.136931 
17869 -0.00953094 0.0144435 
17870 -0.0097515 0.167191 
17871 -0.0101486 0.319421 
17872 0.116645 -0.137194 
17873 0.116632 0.014105 
17874 0.116608 0.166529 
17875 0.116855 0.318991 
17876 0.242063 -0.136773 
17877 0.242512 0.0140156 
17878 0.242317 0.166177 
17879 0.243 0.318578 
17880 -0.248431 -0.119686 
17881 -0.249057 0.0218636 
17882 -0.249041 0.163358 
17883 -0.249388 0.305061 
17884 -0.130788 -0.119436 
17885 -0.131023 0.0219379 
17886 -0.130611 0.163366 
17887 -0.131169 0.3045 
17888 -0.0125639 -0.118864 
17889 -0.0131095 0.0214978 
17890 -0.0125085 0.16264 
17891 -0.0125458 0.304081 
17892 0.103915 -0.119026 
17893 0.104056 0.021435 
17894 0.104361 0.162311 
17895 0.104702 0.302899 
17896 0.219712 -0.118208 
17897 0.220329 0.0216377 
17898 0.221471 0.161124 
17899 0.22104 0.302667 
17900 -0.234816 -0.103841 
17901 -0.235902 0.0272785 
17902 -0.235446 0.159973 
17903 -0.235813 0.291702 
17904 -0.125061 -0.104043 
17905 -0.125769 0.0275961 
17906 -0.125803 0.158799 
17907 -0.125407 0.291109 
17908 -0.0156674 -0.104185 
17909 -0.0158062 0.0275619 
17910 -0.0153066 0.157999 
17911 -0.0151831 0.290564 
17912 0.0927079 -0.103526 
17913 0.0927901 0.0273639 
17914 0.0932537 0.157853 
17915 0.0934755 0.289562 
17916 0.201294 -0.103347 
17917 0.201505 0.0265118 
17918 0.20208 0.157872 
17919 0.202407 0.288991 
17920 -0.223966 -0.0910046 
17921 -0.223771 0.0319062 
17922 -0.224849 0.156241 
17923 -0.224538 0.279807 
17924 -0.120506 -0.0907961 
17925 -0.12077 0.0316179 
17926 -0.121107 0.15533 
17927 -0.120633 0.278793 
17928 -0.018858 -0.0905161 
17929 -0.0183442 0.0320706 
17930 -0.0185022 0.154681 
17931 -0.0179314 0.278551 
17932 0.0827092 -0.0901216 
17933 0.0836211 0.0315182 
17934 0.0837427 0.154266 
17935 0.0841607 0.276922 
17936 0.183779 -0.0901083 
17937 0.184604 0.0314481 
17938 0.184924 0.153012 
17939 0.18614 0.276537 
17940 -0.214201 -0.0791179 
17941 -0.214311 0.0365142 
17942 -0.214489 0.15234 
17943 -0.215248 0.269767 
17944 -0.117208 -0.0789624 
17945 -0.117195 0.0359135 
17946 -0.117271 0.151473 
17947 -0.117137 0.268149 
17948 -0.0218016 -0.0792886 
17949 -0.0212191 0.0357897 
17950 -0.0211818 0.151569 
17951 -0.0207388 0.266793 
17952 0.0744836 -0.0794511 
17953 0.0750804 0.0357824 
17954 0.0746167 0.150339 
17955 0.0758285 0.26587 
17956 0.168657 -0.0796257 
17957 0.16962 0.0349783 
17958 0.170834 0.149894 
17959 0.171537 0.264666 
17960 -0.20614 -0.0700198 
17961 -0.206349 0.0392632 
17962 -0.205993 0.149347 
17963 -0.206034 0.2599 
17964 -0.115016 -0.0695977 
17965 -0.11428 0.0388846 
17966 -0.11486 0.148421 
17967 -0.114432 0.258187 
17968 -0.0242796 -0.0701396 
17969 -0.0240458 0.0387135 
17970 -0.0228093 0.14815 
17971 -0.0228956 0.25784 
17972 0.066349 -0.0697895 
17973 0.0665702 0.0384408 
17974 0.0669021 0.147411 
17975 0.0672308 0.255994 
17976 0.155492 -0.0699399 
17977 0.155746 0.0383284 
17978 0.157405 0.146438 
17979 0.157988 0.255001 
17980 -0.199344 -0.0613191 
17981 -0.198805 0.042377 
17982 -0.198843 0.146239 
17983 -0.198805 0.250727 
17984 -0.111966 -0.0606887 
17985 -0.111832 0.0414789 
17986 -0.112005 0.14574 
17987 -0.111236 0.249351 
17988 -0.026964 -0.0610895 
17989 -0.0257274 0.0419244 
17990 -0.0256652 0.145071 
17991 -0.025558 0.248273 
17992 0.0590957 -0.0616416 
17993 0.0597285 0.0411035 
17994 0.0597188 0.143372 
17995 0.0601675 0.246685 
17996 0.143219 -0.0614025 
17997 0.143492 0.0408163 
17998 0.145027 0.142954 
17999 0.145729 0.245356 
18000 -0.193003 -0.0530942 
18001 -0.192339 0.0448161 
18002 -0.192591 0.143078 
18003 -0.192667 0.242136 
18004 -0.110626 -0.0541291 
18005 -0.109845 0.0439626 
18006 -0.110043 0.142211 
18007 -0.109722 0.241336 
18008 -0.0287287 -0.0540056 
18009 -0.0286164 0.0438704 
18010 -0.0279479 0.141287 
18011 -0.027691 0.239893 
18012 0.0515052 -0.0543645 
18013 0.0523584 0.0427993 
18014 0.0534634 0.140831 
18015 0.0533672 0.238079 
18016 0.131576 -0.0538335 
18017 0.132359 0.0419945 
18018 0.133538 0.139781 
18019 0.134831 0.23746 
18020 -0.187185 -0.0472006 
18021 -0.187019 0.0460279 
18022 -0.187369 0.140049 
18023 -0.186826 0.235147 
18024 -0.109119 -0.0472971 
18025 -0.108636 0.0458947 
18026 -0.10793 0.138874 
18027 -0.107546 0.233764 
18028 -0.0315424 -0.0476667 
18029 -0.0307082 0.0455026 
18030 -0.0299758 0.138171 
18031 -0.0301951 0.232009 
18032 0.0451718 -0.0482115 
18033 0.0459196 0.04467 
18034 0.0466642 0.137187 
18035 0.0474157 0.230586 
18036 0.121295 -0.0483264 
18037 0.122588 0.044017 
18038 0.123691 0.136515 
18039 0.124203 0.229518 
18040 -0.1828 -0.041086 
18041 -0.182009 0.048207 
18042 -0.181925 0.137033 
18043 -0.181499 0.227428 
18044 -0.108453 -0.0420237 
18045 -0.107104 0.047175 
18046 -0.106684 0.136764 
18047 -0.106115 0.226354 
18048 -0.033985 -0.0416323 
18049 -0.03344 0.0467325 
18050 -0.0327149 0.134889 
18051 -0.0316059 0.224714 
18052 0.0396845 -0.0420741 
18053 0.040164 0.0452613 
18054 0.0408213 0.133946 
18055 0.0420086 0.223056 
18056 0.111621 -0.0429949 
18057 0.11328 0.0445562 
18058 0.113525 0.133362 
18059 0.115148 0.221048 
18060 -0.178845 -0.0364349 
18061 -0.178458 0.048961 
18062 -0.177459 0.13417 
18063 -0.176875 0.220828 
18064 -0.106735 -0.0372495 
18065 -0.106641 0.0481476 
18066 -0.105492 0.133756 
18067 -0.105571 0.219075 
18068 -0.036275 -0.0368306 
18069 -0.0358575 0.0471411 
18070 -0.0349683 0.132485 
18071 -0.0345576 0.217798 
18072 0.0339376 -0.0377611 
18073 0.0340908 0.045985 
18074 0.0359671 0.131023 
18075 0.0360121 0.216322 
18076 0.102545 -0.0381588 
18077 0.104016 0.0456653 
18078 0.104876 0.129428 
18079 0.10619 0.213967 
18080 -0.174454 -0.0324875 
18081 -0.174464 0.0492131 
18082 -0.173905 0.132301 
18083 -0.173715 0.214483 
18084 -0.106149 -0.0327987 
18085 -0.105921 0.0489265 
18086 -0.105624 0.130481 
18087 -0.104034 0.212294 
18088 -0.0391228 -0.0333713 
18089 -0.0381431 0.0475074 
18090 -0.0373687 0.129048 
18091 -0.03657 0.210715 
18092 0.0285644 -0.0338057 
18093 0.0289051 0.046885 
18094 0.0298934 0.128 
18095 0.0314592 0.208917 
18096 0.0946063 -0.0335957 
18097 0.0956699 0.0461393 
18098 0.0974623 0.126411 
18099 0.0985584 0.207259 
18100 -0.171719 -0.028046 
18101 -0.171132 0.0498485 
18102 -0.1705 0.129038 
18103 -0.169883 0.207832 
18104 -0.106266 -0.0290761 
18105 -0.105472 0.0495621 
18106 -0.105015 0.127402 
18107 -0.104212 0.206334 
18108 -0.0412936 -0.0292339 
18109 -0.0398365 0.0480771 
18110 -0.03955 0.126294 
18111 -0.0385898 0.205036 
18112 0.0225801 -0.0299607 
18113 0.0246492 0.0472847 
18114 0.0256038 0.124601 
18115 0.026923 0.203106 
18116 0.086647 -0.0310696 
18117 0.0883461 0.0458067 
18118 0.0889111 0.123491 
18119 0.0906308 0.20142 
18120 -0.169305 -0.0246497 
18121 -0.168349 0.0498928 
18122 -0.16804 0.126235 
18123 -0.167032 0.202772 
18124 -0.106275 -0.0260696 
18125 -0.104775 0.049743 
18126 -0.103914 0.124263 
18127 -0.103134 0.200246 
18128 -0.0435111 -0.02654 
18129 -0.0430381 0.0479458 
18130 -0.0410267 0.122913 
18131 -0.0400338 0.198535 
18132 0.0179773 -0.02741 
18133 0.0194788 0.0476293 
18134 0.0210962 0.121982 
18135 0.0216454 0.197165 
18136 0.0792695 -0.0279539 
18137 0.0809844 0.0463209 
18138 0.0818702 0.120853 
18139 0.0831617 0.195328 
18140 -0.16691 -0.0221394 
18141 -0.165752 0.0501866 
18142 -0.165307 0.12326 
18143 -0.16479 0.197067 
18144 -0.106175 -0.023381 
18145 -0.105282 0.0493794 
18146 -0.104145 0.121685 
18147 -0.103146 0.195244 
18148 -0.0458739 -0.023789 
18149 -0.0450666 0.0475657 
18150 -0.0433349 0.120078 
18151 -0.0426115 0.192976 
18152 0.013336 -0.0242828 
18153 0.0151805 0.0467569 
18154 0.0160409 0.119083 
18155 0.0177581 0.190623 
18156 0.0727477 -0.0248808 
18157 0.0742344 0.0462472 
18158 0.0749419 0.116939 
18159 0.0765432 0.189524 
18160 -0.165058 -0.0202407 
18161 -0.1635 0.0496791 
18162 -0.16292 0.120904 
18163 -0.162077 0.19124 
18164 -0.106525 -0.0209564 
18165 -0.104999 0.048849 
18166 -0.104503 0.118497 
18167 -0.103343 0.189612 
18168 -0.048644 -0.0214817 
18169 -0.0470218 0.0476245 
18170 -0.0458942 0.117683 
18171 -0.0444048 0.187628 
18172 0.0086484 -0.0223101 
18173 0.0107541 0.0466114 
18174 0.0114192 0.115421 
18175 0.012994 0.185059 
18176 0.0660085 -0.0234849 
18177 0.0676064 0.0451841 
18178 0.0683681 0.113704 
18179 0.0704643 0.183554 
18180 -0.163527 -0.0174357 
18181 -0.161626 0.0494123 
18182 -0.160624 0.117325 
18183 -0.159619 0.185716 
18184 -0.106329 -0.0190062 
18185 -0.105332 0.0483004 
18186 -0.10454 0.116126 
18187 -0.102893 0.184281 
18188 -0.0505379 -0.0196979 
18189 -0.0494427 0.0472259 
18190 -0.0476864 0.114518 
18191 -0.046634 0.181462 
18192 0.00494811 -0.0205972 
18193 0.0059296 0.0461441 
18194 0.00740945 0.112746 
18195 0.00955764 0.179983 
18196 0.0590753 -0.0211182 
18197 0.0611187 0.0446425 
18198 0.0621789 0.111268 
18199 0.064536 0.177803 
