18120 -0.333005 -0.21627 
18121 -0.333811 -0.0164187 
18122 -0.333003 0.183214 
18123 -0.333564 0.383804 
18124 -0.166344 -0.216329 
18125 -0.166198 -0.0170336 
18126 -0.166181 0.183542 
18127 -0.166713 0.382919 
18128 -4.696e-05 -0.216447 
18129 -0.000142893 -0.0166702 
18130 -0.000250773 0.183167 
18131 -0.000188433 0.383712 
18132 0.166897 -0.216963 
18133 0.167161 -0.0170866 
18134 0.166437 0.18304 
18135 0.166533 0.382904 
18136 0.333351 -0.216746 
18137 0.333414 -0.0170008 
18138 0.333185 0.183659 
18139 0.333041 0.383571 
18140 -0.304795 -0.195352 
18141 -0.304242 -0.0139614 
18142 -0.303511 0.166734 
18143 -0.303198 0.348641 
18144 -0.15326 -0.195768 
18145 -0.152513 -0.0147614 
18146 -0.152414 0.167111 
18147 -0.152463 0.348028 
18148 -0.00194854 -0.195585 
18149 -0.0023138 -0.014649 
18150 -0.00200258 0.165961 
18151 -0.00147151 0.347846 
18152 0.148137 -0.196377 
18153 0.149242 -0.0151304 
18154 0.149134 0.166023 
18155 0.1492 0.347153 
18156 0.298574 -0.195889 
18157 0.299673 -0.0156906 
18158 0.29929 0.165016 
18159 0.300346 0.346647 
18160 -0.280322 -0.178089 
18161 -0.280029 -0.0125007 
18162 -0.279981 0.153456 
18163 -0.279752 0.31967 
18164 -0.14266 -0.178678 
18165 -0.14228 -0.0138399 
18166 -0.141008 0.15242 
18167 -0.140501 0.318239 
18168 -0.00486191 -0.179099 
18169 -0.00417246 -0.0139979 
18170 -0.00309829 0.151733 
18171 -0.00284591 0.317466 
18172 0.13314 -0.179861 
18173 0.133963 -0.0143716 
18174 0.134644 0.150887 
18175 0.134637 0.316238 
18176 0.270127 -0.179683 
18177 0.270655 -0.0153163 
18178 0.271684 0.149859 
18179 0.272441 0.315198 
18180 -0.261666 -0.165137 
18181 -0.260498 -0.0125365 
18182 -0.259781 0.141006 
18183 -0.258792 0.294295 
18184 -0.133797 -0.165644 
18185 -0.133238 -0.0127261 
18186 -0.132399 0.139377 
18187 -0.131276 0.292433 
18188 -0.00650016 -0.166051 
18189 -0.00548243 -0.0131806 
18190 -0.00516892 0.139075 
18191 -0.00400219 0.290893 
18192 0.119709 -0.165957 
18193 0.120128 -0.0142215 
18194 0.121297 0.138028 
18195 0.12283 0.290205 
18196 0.245195 -0.166278 
18197 0.246778 -0.0151409 
18198 0.247834 0.13687 
18199 0.248861 0.288879 
18200 -0.244688 -0.153329 
18201 -0.243815 -0.0116947 
18202 -0.242849 0.129547 
18203 -0.241762 0.272215 
18204 -0.12688 -0.153766 
18205 -0.125423 -0.0131528 
18206 -0.124616 0.128145 
18207 -0.12361 0.270429 
18208 -0.00874741 -0.154959 
18209 -0.00828723 -0.0142653 
18210 -0.00673312 0.127754 
18211 -0.00592018 0.268884 
18212 0.107621 -0.154936 
18213 0.109477 -0.0149534 
18214 0.110321 0.125581 
18215 0.111323 0.267509 
18216 0.224492 -0.155259 
18217 0.226059 -0.0152707 
18218 0.22773 0.125097 
18219 0.229125 0.26568 
18220 -0.23114 -0.1439 
18221 -0.229823 -0.0122662 
18222 -0.228888 0.120325 
18223 -0.227952 0.252566 
18224 -0.121091 -0.14482 
18225 -0.120171 -0.0134095 
18226 -0.118163 0.118596 
18227 -0.117624 0.250804 
18228 -0.0109727 -0.145708 
18229 -0.00984533 -0.0146533 
18230 -0.008178 0.117486 
18231 -0.00729358 0.24923 
18232 0.0979988 -0.146459 
18233 0.0987163 -0.0156325 
18234 0.100176 0.116053 
18235 0.102117 0.247215 
18236 0.206054 -0.147214 
18237 0.207765 -0.016683 
18238 0.209181 0.114328 
18239 0.210915 0.245122 
18240 -0.219741 -0.136661 
18241 -0.217905 -0.0127991 
18242 -0.216981 0.111279 
18243 -0.215804 0.235091 
18244 -0.116633 -0.137435 
18245 -0.115088 -0.0141501 
18246 -0.113195 0.109318 
18247 -0.111264 0.233267 
18248 -0.0140444 -0.138064 
18249 -0.0120752 -0.0153105 
18250 -0.0107784 0.107854 
18251 -0.00902635 0.231463 
18252 0.088886 -0.138818 
18253 0.089647 -0.0166749 
18254 0.0913802 0.105639 
18255 0.0939578 0.228979 
18256 0.189327 -0.139984 
18257 0.191095 -0.0181465 
18258 0.193647 0.104291 
18259 0.195404 0.227403 
18260 -0.209036 -0.129772 
18261 -0.207599 -0.0132454 
18262 -0.206166 0.102853 
18263 -0.204888 0.219977 
18264 -0.112501 -0.130367 
18265 -0.110344 -0.015129 
18266 -0.108506 0.100617 
18267 -0.10748 0.216941 
18268 -0.0158741 -0.131876 
18269 -0.0144563 -0.0166863 
18270 -0.0125394 0.0993087 
18271 -0.010219 0.215169 
18272 0.0796034 -0.132617 
18273 0.0816025 -0.017436 
18274 0.0839347 0.0976925 
18275 0.0856359 0.213149 
18276 0.175154 -0.134132 
18277 0.177273 -0.0193215 
18278 0.179335 0.0956851 
18279 0.180777 0.210265 
18280 -0.201012 -0.124484 
18281 -0.198878 -0.0146801 
18282 -0.196679 0.0946766 
18283 -0.195691 0.204767 
18284 -0.109163 -0.125415 
18285 -0.10686 -0.0159364 
18286 -0.104886 0.0926487 
18287 -0.103295 0.202402 
18288 -0.0182349 -0.126836 
18289 -0.0163931 -0.0174295 
18290 -0.0145033 0.091495 
18291 -0.012028 0.200729 
18292 0.0725098 -0.127948 
18293 0.0744533 -0.0196781 
18294 0.0763794 0.0889677 
18295 0.0782128 0.197957 
18296 0.162444 -0.129271 
18297 0.16432 -0.0213819 
18298 0.166639 0.0873491 
18299 0.168653 0.196241 
18300 -0.192566 -0.119393 
18301 -0.190788 -0.0161451 
18302 -0.188946 0.0879824 
18303 -0.187397 0.1917 
18304 -0.106126 -0.121106 
18305 -0.104176 -0.0179719 
18306 -0.101891 0.0857311 
18307 -0.100564 0.189956 
18308 -0.0200992 -0.122802 
18309 -0.0182039 -0.0195106 
18310 -0.0156586 0.0833539 
18311 -0.0141059 0.186924 
18312 0.0649413 -0.123303 
18313 0.0675298 -0.0206781 
18314 0.0698032 0.0814865 
18315 0.0723464 0.185146 
18316 0.150101 -0.124931 
18317 0.152399 -0.0225958 
18318 0.154918 0.0799596 
18319 0.156752 0.182616 
18320 -0.186648 -0.115855 
18321 -0.184695 -0.0176402 
18322 -0.182052 0.0809577 
18323 -0.180628 0.180176 
18324 -0.103554 -0.117805 
18325 -0.102262 -0.0192578 
18326 -0.0992522 0.0788218 
18327 -0.0977617 0.177777 
18328 -0.0218947 -0.118462 
18329 -0.0196452 -0.0210022 
18330 -0.0180189 0.0769259 
18331 -0.0154575 0.174905 
18332 0.0582974 -0.120497 
18333 0.0612777 -0.0227437 
18334 0.0635943 0.0750137 
18335 0.065784 0.172127 
18336 0.138815 -0.121323 
18337 0.142004 -0.0247639 
18338 0.144005 0.0721509 
18339 0.146357 0.16989 
18340 -0.181078 -0.113484 
18341 -0.178232 -0.0189226 
18342 -0.176166 0.0742939 
18343 -0.174163 0.168917 
18344 -0.10234 -0.114963 
18345 -0.100111 -0.0212671 
18346 -0.0976658 0.0726234 
18347 -0.0953743 0.1661 
18348 -0.0244856 -0.116247 
18349 -0.021939 -0.0232994 
18350 -0.0192019 0.0699988 
18351 -0.0171863 0.163534 
18352 0.0523931 -0.117708 
18353 0.0548893 -0.0247841 
18354 0.0573205 0.0675694 
18355 0.0597983 0.16046 
18356 0.129046 -0.118678 
18357 0.131878 -0.0271999 
18358 0.134098 0.0653954 
18359 0.136466 0.158239 
18360 -0.175246 -0.111011 
18361 -0.172994 -0.0216856 
18362 -0.171229 0.0688078 
18363 -0.168217 0.158915 
18364 -0.101086 -0.112285 
18365 -0.0982382 -0.0227154 
18366 -0.0954846 0.0662265 
18367 -0.093513 0.156102 
18368 -0.0265458 -0.113346 
18369 -0.0243935 -0.0254224 
18370 -0.0216945 0.0635256 
18371 -0.0189092 0.152991 
18372 0.0468214 -0.114883 
18373 0.0494516 -0.0266446 
18374 0.0518787 0.0609885 
18375 0.0545568 0.150415 
18376 0.119748 -0.116463 
18377 0.12252 -0.0284676 
18378 0.125024 0.0592666 
18379 0.127931 0.147632 
18380 -0.171145 -0.109083 
18381 -0.169174 -0.0231157 
18382 -0.166686 0.0626226 
18383 -0.164192 0.14904 
18384 -0.100016 -0.110078 
18385 -0.096806 -0.0256265 
18386 -0.0944849 0.0601242 
18387 -0.0916128 0.145863 
18388 -0.0287889 -0.111642 
18389 -0.0265696 -0.0272458 
18390 -0.0231182 0.0577081 
18391 -0.0205022 0.142919 
18392 0.041518 -0.113269 
18393 0.043778 -0.0287576 
18394 0.0474192 0.0549336 
18395 0.0493329 0.139863 
18396 0.110778 -0.115115 
18397 0.113687 -0.0307392 
18398 0.116956 0.0526153 
18399 0.119981 0.137702 
18400 -0.167727 -0.107106 
18401 -0.165312 -0.0255784 
18402 -0.161868 0.0570652 
18403 -0.160113 0.139296 
18404 -0.0992543 -0.108876 
18405 -0.0959272 -0.0268314 
18406 -0.0935179 0.0546594 
18407 -0.0903561 0.136647 
18408 -0.0305071 -0.110798 
18409 -0.0283178 -0.0291954 
18410 -0.0258877 0.0520128 
18411 -0.022979 0.133464 
18412 0.036857 -0.111737 
18413 0.038902 -0.0315486 
18414 0.041921 0.0497831 
18415 0.0444117 0.130167 
18416 0.103484 -0.113774 
18417 0.105994 -0.0336313 
18418 0.108694 0.0472145 
18419 0.111787 0.127464 
18420 -0.164277 -0.105653 
18421 -0.161522 -0.0274044 
18422 -0.158358 0.0513716 
18423 -0.156116 0.130797 
18424 -0.0982026 -0.107925 
18425 -0.0954686 -0.0295382 
18426 -0.0931452 0.0495489 
18427 -0.0897998 0.127871 
18428 -0.0328445 -0.109126 
18429 -0.0306355 -0.0316762 
18430 -0.0275532 0.0462678 
18431 -0.0249147 0.125036 
18432 0.0314565 -0.111563 
18433 0.0342879 -0.0333082 
18434 0.037242 0.0443359 
18435 0.0399878 0.122187 
18436 0.0952702 -0.11332 
18437 0.0981843 -0.0353421 
18438 0.101619 0.0418766 
18439 0.104644 0.119305 
18440 -0.160951 -0.104742 
18441 -0.158888 -0.0288527 
18442 -0.155632 0.0468966 
18443 -0.15276 0.122472 
18444 -0.0982377 -0.106915 
18445 -0.0953113 -0.0318225 
18446 -0.0917224 0.0436089 
18447 -0.089162 0.118891 
18448 -0.0355749 -0.108672 
18449 -0.0321605 -0.0338039 
18450 -0.0296091 0.0408674 
18451 -0.0260616 0.11606 
18452 0.026553 -0.110757 
18453 0.029958 -0.0357062 
18454 0.0326041 0.0382856 
18455 0.0361576 0.113345 
18456 0.0884565 -0.111955 
18457 0.0908424 -0.0378297 
18458 0.0942717 0.0355869 
18459 0.0977127 0.110346 
18460 -0.158979 -0.103885 
18461 -0.155664 -0.0311267 
18462 -0.152602 0.0415862 
18463 -0.150181 0.1149 
18464 -0.0975691 -0.105888 
18465 -0.0944816 -0.0335242 
18466 -0.0918654 0.0386321 
18467 -0.0886598 0.111456 
18468 -0.0375133 -0.107868 
18469 -0.0341798 -0.0365751 
18470 -0.0316146 0.0363872 
18471 -0.0286684 0.108789 
18472 0.0221749 -0.109973 
18473 0.0252947 -0.0380475 
18474 0.0283848 0.0330084 
18475 0.0320775 0.105107 
18476 0.0815882 -0.111665 
18477 0.084741 -0.0406046 
18478 0.0882137 0.0311521 
18479 0.0904063 0.10263 
18480 -0.156689 -0.104348 
18481 -0.152971 -0.0339914 
18482 -0.15052 0.0368237 
18483 -0.146992 0.107228 
18484 -0.0976539 -0.105523 
18485 -0.0946428 -0.0361109 
18486 -0.0915447 0.0343288 
18487 -0.0887828 0.103943 
18488 -0.0390402 -0.108167 
18489 -0.0363274 -0.0381275 
18490 -0.0331296 0.03151 
18491 -0.0296478 0.101063 
18492 0.018432 -0.110053 
18493 0.0212972 -0.0402837 
18494 0.0240783 0.0281135 
18495 0.0275475 0.0979749 
18496 0.0748909 -0.112171 
18497 0.0787332 -0.0430386 
18498 0.0813476 0.026224 
18499 0.0849879 0.0948134 
18500 -0.154429 -0.103994 
18501 -0.1516 -0.0358613 
18502 -0.148399 0.0316332 
18503 -0.14522 0.100192 
18504 -0.0981121 -0.10614 
18505 -0.0941271 -0.0380274 
18506 -0.0917218 0.0293571 
18507 -0.0887302 0.0971124 
18508 -0.041431 -0.107479 
18509 -0.0385284 -0.0405933 
18510 -0.0351487 0.0262642 
18511 -0.0323391 0.0936473 
18512 0.0142289 -0.110038 
18513 0.0174729 -0.043434 
18514 0.0208464 0.0235395 
18515 0.0233747 0.0903326 
18516 0.0685673 -0.111558 
18517 0.0726006 -0.0456222 
18518 0.0755416 0.0204983 
18519 0.0789678 0.0872492 
