18360 -0.333389 -0.216406 
18361 -0.333007 -0.016821 
18362 -0.333317 0.183766 
18363 -0.333468 0.383675 
18364 -0.167059 -0.217157 
18365 -0.166401 -0.0168582 
18366 -0.166711 0.182999 
18367 -0.167023 0.383827 
18368 -8.17008e-06 -0.216405 
18369 0.000292112 -0.0171323 
18370 0.000202753 0.183039 
18371 -0.000395854 0.382884 
18372 0.166357 -0.216294 
18373 0.166854 -0.0167215 
18374 0.166458 0.182855 
18375 0.166214 0.383757 
18376 0.333096 -0.216422 
18377 0.333299 -0.0170594 
18378 0.333236 0.183717 
18379 0.333669 0.38354 
18380 -0.303264 -0.204212 
18381 -0.302787 -0.0227118 
18382 -0.302403 0.158835 
18383 -0.301652 0.340272 
18384 -0.151953 -0.204394 
18385 -0.15197 -0.0227712 
18386 -0.151575 0.158332 
18387 -0.150528 0.339411 
18388 -0.000899111 -0.205195 
18389 -0.000799001 -0.0235444 
18390 0.000374306 0.157948 
18391 0.000108952 0.338919 
18392 0.149399 -0.20504 
18393 0.150023 -0.0239367 
18394 0.15077 0.157387 
18395 0.151162 0.338488 
18396 0.300493 -0.205307 
18397 0.300493 -0.0239104 
18398 0.301588 0.156646 
18399 0.302055 0.337644 
18400 -0.279165 -0.194265 
18401 -0.278279 -0.0282777 
18402 -0.277167 0.137546 
18403 -0.276755 0.304129 
18404 -0.14083 -0.194473 
18405 -0.139612 -0.0286205 
18406 -0.139052 0.137127 
18407 -0.137795 0.302966 
18408 -0.00257683 -0.195644 
18409 -0.001007 -0.0301254 
18410 -0.000430013 0.13553 
18411 0.000970711 0.301477 
18412 0.135728 -0.19534 
18413 0.136999 -0.0307636 
18414 0.137035 0.134484 
18415 0.138643 0.300783 
18416 0.273189 -0.196439 
18417 0.274195 -0.0307731 
18418 0.274883 0.13365 
18419 0.275989 0.299725 
18420 -0.258412 -0.186444 
18421 -0.257248 -0.0331439 
18422 -0.256389 0.119539 
18423 -0.254617 0.272542 
18424 -0.130875 -0.187357 
18425 -0.129632 -0.0343445 
18426 -0.128515 0.118464 
18427 -0.127377 0.271214 
18428 -0.00323742 -0.188211 
18429 -0.00216207 -0.0351429 
18430 -0.0010585 0.116852 
18431 0.000593489 0.269513 
18432 0.123144 -0.188626 
18433 0.125009 -0.0367425 
18434 0.125913 0.116246 
18435 0.126667 0.268435 
18436 0.249518 -0.189628 
18437 0.251137 -0.0376291 
18438 0.25187 0.114503 
18439 0.254015 0.267048 
18440 -0.241829 -0.180243 
18441 -0.240118 -0.0381281 
18442 -0.238924 0.103415 
18443 -0.237081 0.245878 
18444 -0.123401 -0.181441 
18445 -0.121709 -0.0395287 
18446 -0.119765 0.102632 
18447 -0.117918 0.24419 
18448 -0.00446925 -0.18159 
18449 -0.00312929 -0.0408224 
18450 -0.00143471 0.100471 
18451 1.0321e-05 0.242474 
18452 0.112446 -0.183008 
18453 0.114353 -0.0416696 
18454 0.115482 0.0987047 
18455 0.117718 0.239816 
18456 0.229112 -0.183586 
18457 0.231197 -0.0425782 
18458 0.232743 0.0975623 
18459 0.234261 0.23879 
18460 -0.226636 -0.175402 
18461 -0.225415 -0.0431116 
18462 -0.223766 0.0896158 
18463 -0.221702 0.222538 
18464 -0.116931 -0.175939 
18465 -0.114261 -0.0445704 
18466 -0.113206 0.0876354 
18467 -0.111518 0.220354 
18468 -0.00682288 -0.176984 
18469 -0.00489395 -0.045395 
18470 -0.00265983 0.0857891 
18471 -0.00114689 0.218212 
18472 0.102823 -0.178022 
18473 0.104748 -0.0472456 
18474 0.106457 0.0844574 
18475 0.108474 0.215574 
18476 0.211338 -0.179715 
18477 0.213589 -0.0478676 
18478 0.215887 0.0825063 
18479 0.217627 0.213597 
18480 -0.214856 -0.1714 
18481 -0.213062 -0.0469804 
18482 -0.210476 0.0764436 
18483 -0.208518 0.200913 
18484 -0.110865 -0.172081 
18485 -0.109296 -0.0482829 
18486 -0.107021 0.0753953 
18487 -0.104595 0.198656 
18488 -0.00829166 -0.173424 
18489 -0.00565475 -0.0501176 
18490 -0.00352451 0.0734445 
18491 -0.00147911 0.196622 
18492 0.0940968 -0.175165 
18493 0.0963121 -0.0516955 
18494 0.0983361 0.0710231 
18495 0.101021 0.193696 
18496 0.195835 -0.175729 
18497 0.198435 -0.0533094 
18498 0.200569 0.0691232 
18499 0.202048 0.191392 
18500 -0.20405 -0.168413 
18501 -0.201985 -0.0511008 
18502 -0.200061 0.0658953 
18503 -0.197242 0.181731 
18504 -0.106733 -0.169257 
18505 -0.10444 -0.0531393 
18506 -0.102329 0.0634251 
18507 -0.100221 0.179884 
18508 -0.0093965 -0.170603 
18509 -0.00722502 -0.0549079 
18510 -0.00510169 0.0614939 
18511 -0.00246925 0.177161 
18512 0.0871214 -0.171655 
18513 0.0890594 -0.0564778 
18514 0.0909327 0.058898 
18515 0.0929802 0.174642 
18516 0.18202 -0.173146 
18517 0.184713 -0.0582555 
18518 0.187042 0.0574325 
18519 0.188479 0.172733 
18520 -0.195091 -0.165813 
18521 -0.192716 -0.0557644 
18522 -0.189627 0.0551755 
18523 -0.187146 0.165056 
18524 -0.102567 -0.166925 
18525 -0.100297 -0.0570958 
18526 -0.0980888 0.0531919 
18527 -0.0957079 0.162269 
18528 -0.0107357 -0.168525 
18529 -0.0087225 -0.0588179 
18530 -0.00656531 0.0507305 
18531 -0.00370832 0.159768 
18532 0.0796431 -0.169294 
18533 0.082167 -0.0608821 
18534 0.0845786 0.0486105 
18535 0.0869044 0.157467 
18536 0.169216 -0.171299 
18537 0.172484 -0.0620352 
18538 0.174228 0.0459143 
18539 0.177034 0.154915 
18540 -0.187001 -0.163427 
18541 -0.183783 -0.0587027 
18542 -0.181157 0.0455718 
18543 -0.179429 0.150027 
18544 -0.0999136 -0.165373 
18545 -0.0965514 -0.0610798 
18546 -0.0947973 0.0425573 
18547 -0.0917083 0.146463 
18548 -0.0131876 -0.166304 
18549 -0.0107432 -0.0633741 
18550 -0.00812258 0.0405639 
18551 -0.00538948 0.144666 
18552 0.0729606 -0.167667 
18553 0.0758183 -0.0646422 
18554 0.0783994 0.0386731 
18555 0.0810322 0.141478 
18556 0.15858 -0.169063 
18557 0.160782 -0.066176 
18558 0.163653 0.0358889 
18559 0.165377 0.13874 
18560 -0.179723 -0.161592 
18561 -0.177086 -0.0624785 
18562 -0.174462 0.0362329 
18563 -0.172009 0.13563 
18564 -0.096364 -0.163157 
18565 -0.0942762 -0.0649535 
18566 -0.091384 0.0342963 
18567 -0.0888917 0.132467 
18568 -0.0142078 -0.164583 
18569 -0.0123664 -0.0665188 
18570 -0.00944747 0.0312931 
18571 -0.00632688 0.130313 
18572 0.0670602 -0.166578 
18573 0.0696388 -0.0683075 
18574 0.0720531 0.029085 
18575 0.0746666 0.126881 
18576 0.147315 -0.167911 
18577 0.150897 -0.0704249 
18578 0.152912 0.0266154 
18579 0.155717 0.124165 
18580 -0.173399 -0.160841 
18581 -0.170494 -0.0659098 
18582 -0.167659 0.0279117 
18583 -0.164589 0.12261 
18584 -0.0950369 -0.162466 
18585 -0.0920397 -0.0685396 
18586 -0.0888749 0.0258355 
18587 -0.0862279 0.119965 
18588 -0.0161678 -0.164497 
18589 -0.0132004 -0.0705631 
18590 -0.0107715 0.0229861 
18591 -0.00780899 0.116232 
18592 0.0610748 -0.165806 
18593 0.0635981 -0.0721805 
18594 0.0670612 0.0210224 
18595 0.069781 0.114294 
18596 0.138295 -0.167152 
18597 0.141291 -0.0740896 
18598 0.143927 0.0185819 
18599 0.146061 0.111 
18600 -0.168231 -0.160115 
18601 -0.165026 -0.0696827 
18602 -0.162121 0.0205078 
18603 -0.15886 0.110145 
18604 -0.0932154 -0.161543 
18605 -0.0895362 -0.0720897 
18606 -0.0872402 0.0182653 
18607 -0.0834944 0.107255 
18608 -0.0178984 -0.163551 
18609 -0.0147118 -0.074365 
18610 -0.0125979 0.0150413 
18611 -0.00924789 0.10463 
18612 0.0554672 -0.164883 
18613 0.059165 -0.0763438 
18614 0.0620137 0.0124375 
18615 0.0644286 0.101626 
18616 0.128837 -0.166939 
18617 0.132011 -0.0776827 
18618 0.135302 0.00996291 
18619 0.137416 0.0992382 
18620 -0.163344 -0.159498 
18621 -0.16019 -0.0734742 
18622 -0.157722 0.0127096 
18623 -0.153971 0.0995393 
18624 -0.0915409 -0.160581 
18625 -0.0879352 -0.0753481 
18626 -0.0847897 0.0101961 
18627 -0.0825265 0.0966766 
18628 -0.0202075 -0.162572 
18629 -0.0164856 -0.0769344 
18630 -0.0138364 0.00766276 
18631 -0.0111511 0.0934621 
18632 0.0506419 -0.164348 
18633 0.054101 -0.0796994 
18634 0.0563589 0.0051188 
18635 0.0598521 0.090645 
18636 0.121156 -0.165674 
18637 0.123931 -0.0818493 
18638 0.127237 0.00338869 
18639 0.129454 0.0870006 
18640 -0.15893 -0.158761 
18641 -0.15591 -0.0763261 
18642 -0.152832 0.00664921 
18643 -0.150044 0.0884066 
18644 -0.0901101 -0.160373 
18645 -0.0867895 -0.0789156 
18646 -0.084255 0.00377069 
18647 -0.0809926 0.086256 
18648 -0.0211885 -0.162689 
18649 -0.018276 -0.0809 
18650 -0.0156341 0.00160081 
18651 -0.0128986 0.0827011 
18652 0.0461028 -0.164292 
18653 0.0493796 -0.0830223 
18654 0.0520976 -0.00178673 
18655 0.0555696 0.0800106 
18656 0.113599 -0.165499 
18657 0.116361 -0.0846491 
18658 0.119377 -0.00362248 
18659 0.12216 0.0774157 
18660 -0.155464 -0.158863 
18661 -0.151812 -0.0788989 
18662 -0.148798 -0.00017446 
18663 -0.145529 0.079307 
18664 -0.0888297 -0.160965 
18665 -0.0856663 -0.0818301 
18666 -0.0832192 -0.00224594 
18667 -0.0794137 0.0758248 
18668 -0.0231931 -0.162747 
18669 -0.0201019 -0.0841808 
18670 -0.0175456 -0.00490301 
18671 -0.0137802 0.0729879 
18672 0.0416449 -0.164241 
18673 0.0442975 -0.0862126 
18674 0.0479398 -0.00754151 
18675 0.0506633 0.0698285 
18676 0.106376 -0.166037 
18677 0.109115 -0.0885357 
18678 0.111525 -0.0106355 
18679 0.114713 0.0667885 
18680 -0.151809 -0.158295 
18681 -0.149102 -0.0827128 
18682 -0.145385 -0.00622404 
18683 -0.142391 0.0704907 
18684 -0.0887565 -0.16087 
18685 -0.0847629 -0.0842603 
18686 -0.0815563 -0.0083731 
18687 -0.0791551 0.0668547 
18688 -0.0255421 -0.16181 
18689 -0.0222811 -0.0865236 
18690 -0.0187395 -0.0112371 
18691 -0.0161376 0.0644912 
18692 0.0373027 -0.164545 
18693 0.0402535 -0.0890766 
18694 0.0435008 -0.0141556 
18695 0.0466133 0.0608257 
18696 0.0991189 -0.165731 
18697 0.102023 -0.0908384 
18698 0.105406 -0.0167565 
18699 0.107884 0.0583629 
18700 -0.14942 -0.158615 
18701 -0.145583 -0.084868 
18702 -0.142997 -0.01175 
18703 -0.139094 0.0619759 
18704 -0.0876422 -0.160769 
18705 -0.0847161 -0.0874961 
18706 -0.0809301 -0.0141627 
18707 -0.0781297 0.0588159 
18708 -0.0271092 -0.162238 
18709 -0.0240311 -0.0901081 
18710 -0.020992 -0.0165463 
18711 -0.0172493 0.055671 
18712 0.0334961 -0.163922 
18713 0.0362595 -0.0917457 
18714 0.0389822 -0.0193318 
18715 0.0421696 0.0521826 
18716 0.0922859 -0.1662 
18717 0.0952334 -0.0943606 
18718 0.099025 -0.0224243 
18719 0.102129 0.0498205 
18720 -0.146913 -0.159247 
18721 -0.143263 -0.0880522 
18722 -0.139506 -0.0165868 
18723 -0.136857 0.0534965 
18724 -0.0873533 -0.160867 
18725 -0.08456 -0.0902279 
18726 -0.0808345 -0.0193932 
18727 -0.0774194 0.0510439 
18728 -0.0292644 -0.162609 
18729 -0.0254438 -0.0924113 
18730 -0.0224196 -0.0226036 
18731 -0.0194081 0.0476215 
18732 0.0291728 -0.163941 
18733 0.0318907 -0.0948749 
18734 0.035594 -0.0245774 
18735 0.0383668 0.0447629 
18736 0.0869273 -0.16592 
18737 0.089274 -0.0963306 
18738 0.092495 -0.0276062 
18739 0.0959352 0.0411996 
18740 -0.144218 -0.158958 
18741 -0.141482 -0.090632 
18742 -0.137371 -0.0224501 
18743 -0.133847 0.0462137 
18744 -0.0872181 -0.160687 
18745 -0.0837336 -0.0924612 
18746 -0.0807484 -0.0243676 
18747 -0.0770022 0.0430183 
18748 -0.0303416 -0.162523 
18749 -0.0276097 -0.094881 
18750 -0.0236371 -0.0278047 
18751 -0.0206637 0.0402517 
18752 0.0257393 -0.164861 
18753 0.0281516 -0.0974268 
18754 0.0320839 -0.0304545 
18755 0.0347329 0.0366651 
18756 0.0803711 -0.165983 
18757 0.0839688 -0.0989772 
18758 0.0872238 -0.0321948 
18759 0.0898106 0.0341221 
