18420 -0.333148 -0.216326 
18421 -0.333027 -0.0164142 
18422 -0.333046 0.183688 
18423 -0.333721 0.383658 
18424 -0.166729 -0.216361 
18425 -0.166408 -0.0170445 
18426 -0.166899 0.183393 
18427 -0.166553 0.38354 
18428 -0.000187298 -0.217052 
18429 0.000487872 -0.0162516 
18430 0.000417632 0.183011 
18431 0.000479348 0.383827 
18432 0.166212 -0.216388 
18433 0.167154 -0.0168846 
18434 0.166527 0.183736 
18435 0.166619 0.383709 
18436 0.333272 -0.216497 
18437 0.333587 -0.0164221 
18438 0.333072 0.183009 
18439 0.333704 0.383334 
18440 -0.30285 -0.206468 
18441 -0.302301 -0.0245904 
18442 -0.302578 0.157053 
18443 -0.301922 0.338682 
18444 -0.151402 -0.20591 
18445 -0.151451 -0.0247245 
18446 -0.150946 0.156821 
18447 -0.150335 0.33824 
18448 -0.000567955 -0.206845 
18449 -0.000579814 -0.0250491 
18450 0.000788689 0.155544 
18451 0.000913067 0.337633 
18452 0.150465 -0.207035 
18453 0.150725 -0.0253166 
18454 0.151152 0.155102 
18455 0.151499 0.336726 
18456 0.300962 -0.207142 
18457 0.301399 -0.0257659 
18458 0.301601 0.154674 
18459 0.302928 0.336015 
18460 -0.278465 -0.197697 
18461 -0.277306 -0.0318954 
18462 -0.276791 0.135027 
18463 -0.275765 0.301335 
18464 -0.139338 -0.197865 
18465 -0.13829 -0.0320951 
18466 -0.138198 0.133999 
18467 -0.137331 0.299763 
18468 -0.00180966 -0.198606 
18469 -0.000349336 -0.0326634 
18470 0.000880423 0.132964 
18471 0.00085527 0.298042 
18472 0.136686 -0.199211 
18473 0.13744 -0.0339436 
18474 0.138227 0.132255 
18475 0.139658 0.297609 
18476 0.274224 -0.199613 
18477 0.275123 -0.0343333 
18478 0.275532 0.131231 
18479 0.276342 0.295725 
18480 -0.257318 -0.191416 
18481 -0.256374 -0.0379269 
18482 -0.255717 0.115096 
18483 -0.253849 0.268544 
18484 -0.129729 -0.191506 
18485 -0.129025 -0.038447 
18486 -0.127715 0.113599 
18487 -0.125934 0.266901 
18488 -0.00247972 -0.192939 
18489 -0.00156114 -0.040155 
18490 0.000456755 0.112866 
18491 0.00184523 0.265313 
18492 0.124994 -0.1933 
18493 0.125562 -0.0406213 
18494 0.127264 0.111368 
18495 0.127988 0.264332 
18496 0.25105 -0.194102 
18497 0.252625 -0.0413707 
18498 0.253006 0.110049 
18499 0.254652 0.262337 
18500 -0.240228 -0.185835 
18501 -0.238922 -0.0440178 
18502 -0.237335 0.0980813 
18503 -0.235784 0.240918 
18504 -0.122077 -0.18703 
18505 -0.119843 -0.0447191 
18506 -0.118894 0.0967571 
18507 -0.116839 0.238917 
18508 -0.00350892 -0.188033 
18509 -0.0021902 -0.0459835 
18510 -0.000600937 0.095115 
18511 0.00109271 0.236817 
18512 0.113636 -0.188706 
18513 0.115833 -0.0468292 
18514 0.117646 0.0937429 
18515 0.118248 0.234612 
18516 0.230808 -0.189093 
18517 0.232401 -0.0486809 
18518 0.234535 0.0923894 
18519 0.235749 0.232872 
18520 -0.226014 -0.181506 
18521 -0.223517 -0.0490996 
18522 -0.222057 0.0830935 
18523 -0.220117 0.215803 
18524 -0.115334 -0.182257 
18525 -0.113093 -0.0508645 
18526 -0.110923 0.0819013 
18527 -0.109829 0.213886 
18528 -0.00490867 -0.183752 
18529 -0.00250482 -0.0518504 
18530 -0.00157492 0.0798992 
18531 0.000781901 0.21234 
18532 0.105221 -0.184548 
18533 0.10656 -0.0533333 
18534 0.10823 0.0782563 
18535 0.110302 0.210023 
18536 0.213852 -0.186058 
18537 0.215633 -0.0541973 
18538 0.217303 0.0769176 
18539 0.218792 0.208056 
18540 -0.213307 -0.178634 
18541 -0.210671 -0.054417 
18542 -0.209472 0.0703652 
18543 -0.20718 0.194035 
18544 -0.109335 -0.179541 
18545 -0.107431 -0.0558013 
18546 -0.105567 0.0681134 
18547 -0.103576 0.191791 
18548 -0.00602893 -0.180896 
18549 -0.00407197 -0.0572114 
18550 -0.00218152 0.0662453 
18551 -1.85419e-05 0.189375 
18552 0.0966333 -0.181289 
18553 0.0987275 -0.0586266 
18554 0.100048 0.0647121 
18555 0.102716 0.187126 
18556 0.198782 -0.182749 
18557 0.199852 -0.0598308 
18558 0.202304 0.0621767 
18559 0.203975 0.185604 
18560 -0.20228 -0.176205 
18561 -0.199635 -0.0588976 
18562 -0.198005 0.0578899 
18563 -0.195094 0.175158 
18564 -0.104612 -0.176534 
18565 -0.102342 -0.0606042 
18566 -0.100587 0.0558897 
18567 -0.0977444 0.172189 
18568 -0.00746002 -0.178664 
18569 -0.00517643 -0.0618131 
18570 -0.00322148 0.0538619 
18571 -0.0013654 0.169503 
18572 0.0891222 -0.179113 
18573 0.0914358 -0.0637282 
18574 0.0929976 0.0519787 
18575 0.0956335 0.167649 
18576 0.184255 -0.180381 
18577 0.186689 -0.0656799 
18578 0.18847 0.0497341 
18579 0.190742 0.164697 
18580 -0.193218 -0.174043 
18581 -0.190925 -0.0631562 
18582 -0.18758 0.0475177 
18583 -0.185376 0.156912 
18584 -0.100394 -0.175096 
18585 -0.0980255 -0.0651681 
18586 -0.0959405 0.04519 
18587 -0.0930883 0.15498 
18588 -0.00894301 -0.176025 
18589 -0.00678478 -0.0672297 
18590 -0.00393203 0.0431042 
18591 -0.00230205 0.152038 
18592 0.0815896 -0.177801 
18593 0.0843346 -0.0679833 
18594 0.0861363 0.0404381 
18595 0.0891402 0.149475 
18596 0.172275 -0.178999 
18597 0.174197 -0.0700802 
18598 0.176583 0.0382597 
18599 0.179258 0.146805 
18600 -0.184407 -0.172086 
18601 -0.182012 -0.0671918 
18602 -0.179437 0.0368994 
18603 -0.176761 0.141754 
18604 -0.09756 -0.173722 
18605 -0.0949971 -0.0691245 
18606 -0.092614 0.0351536 
18607 -0.0899951 0.139098 
18608 -0.0103988 -0.175209 
18609 -0.00761127 -0.0711276 
18610 -0.00548039 0.0330118 
18611 -0.00284934 0.135906 
18612 0.0750185 -0.176128 
18613 0.0775238 -0.0733574 
18614 0.0800242 0.0299262 
18615 0.0832869 0.133195 
18616 0.160551 -0.177866 
18617 0.16339 -0.0751193 
18618 0.165263 0.0278591 
18619 0.16795 0.130608 
18620 -0.177871 -0.170696 
18621 -0.174905 -0.0710491 
18622 -0.172445 0.0278726 
18623 -0.169151 0.127476 
18624 -0.094748 -0.172584 
18625 -0.0916538 -0.0734824 
18626 -0.0891506 0.0254142 
18627 -0.0859279 0.124418 
18628 -0.012331 -0.173639 
18629 -0.00979118 -0.0752069 
18630 -0.00689268 0.0228395 
18631 -0.00388515 0.121692 
18632 0.0691998 -0.175527 
18633 0.0724887 -0.0774968 
18634 0.07482 0.0204724 
18635 0.0768536 0.118966 
18636 0.151003 -0.176371 
18637 0.152667 -0.0794286 
18638 0.155692 0.0190244 
18639 0.157906 0.116181 
18640 -0.171042 -0.169542 
18641 -0.168788 -0.0752873 
18642 -0.165935 0.0191879 
18643 -0.162621 0.113701 
18644 -0.0919967 -0.171614 
18645 -0.0888415 -0.0767749 
18646 -0.0868886 0.0172615 
18647 -0.0832831 0.110964 
18648 -0.0132413 -0.172687 
18649 -0.0108275 -0.0794948 
18650 -0.00834052 0.0143959 
18651 -0.00573179 0.107597 
18652 0.0637882 -0.174758 
18653 0.0670283 -0.0807348 
18654 0.0695446 0.0125375 
18655 0.0718092 0.105104 
18656 0.140778 -0.175675 
18657 0.143266 -0.0829688 
18658 0.146736 0.0102194 
18659 0.148844 0.102819 
18660 -0.165939 -0.168717 
18661 -0.162606 -0.0785333 
18662 -0.160139 0.0110692 
18663 -0.156661 0.101837 
18664 -0.0898535 -0.170957 
18665 -0.0868216 -0.081024 
18666 -0.0842752 0.00928339 
18667 -0.0810235 0.0984117 
18668 -0.0152422 -0.172006 
18669 -0.0128225 -0.0831086 
18670 -0.00921948 0.00621004 
18671 -0.00682824 0.0960362 
18672 0.0587591 -0.174196 
18673 0.0610982 -0.0848741 
18674 0.0641375 0.00379604 
18675 0.0672052 0.092483 
18676 0.132275 -0.175818 
18677 0.134771 -0.0868436 
18678 0.137622 0.00125571 
18679 0.139988 0.0902306 
18680 -0.1612 -0.168443 
18681 -0.158145 -0.082062 
18682 -0.154691 0.00419032 
18683 -0.151713 0.0899615 
18684 -0.0889855 -0.170728 
18685 -0.0851277 -0.0847373 
18686 -0.0828787 0.0019074 
18687 -0.0792782 0.0867859 
18688 -0.0172484 -0.172087 
18689 -0.014404 -0.0860109 
18690 -0.0110152 -0.000916122 
18691 -0.00806402 0.0845021 
18692 0.0534469 -0.17386 
18693 0.0562401 -0.0882828 
18694 0.0592347 -0.00297376 
18695 0.0621585 0.0816612 
18696 0.124321 -0.175223 
18697 0.126912 -0.0902941 
18698 0.129184 -0.0055232 
18699 0.132455 0.078734 
18700 -0.156801 -0.168136 
18701 -0.153716 -0.0857414 
18702 -0.150393 -0.00324314 
18703 -0.147506 0.0799714 
18704 -0.0871733 -0.170308 
18705 -0.0844051 -0.0875859 
18706 -0.0813793 -0.00519904 
18707 -0.0785112 0.0766815 
18708 -0.018922 -0.171812 
18709 -0.0154823 -0.0898825 
18710 -0.0124449 -0.00767836 
18711 -0.0098775 0.0735054 
18712 0.049358 -0.173301 
18713 0.0524009 -0.0920826 
18714 0.054856 -0.0100972 
18715 0.0577611 0.071513 
18716 0.115994 -0.175189 
18717 0.119346 -0.0939171 
18718 0.122068 -0.0129452 
18719 0.124897 0.0677906 
18720 -0.152855 -0.168058 
18721 -0.149783 -0.088616 
18722 -0.145881 -0.00919022 
18723 -0.143609 0.0704386 
18724 -0.085886 -0.169963 
18725 -0.0832862 -0.0909008 
18726 -0.0800984 -0.0121396 
18727 -0.0768419 0.0673525 
18728 -0.0200459 -0.172121 
18729 -0.0178167 -0.0930064 
18730 -0.0145952 -0.0145437 
18731 -0.0117095 0.0638549 
18732 0.0448596 -0.173295 
18733 0.0476972 -0.0945893 
18734 0.0509141 -0.0168926 
18735 0.0538251 0.0615426 
18736 0.109129 -0.174728 
18737 0.112291 -0.0974046 
18738 0.114679 -0.0191497 
18739 0.117573 0.0582215 
18740 -0.149624 -0.167839 
18741 -0.145769 -0.0919554 
18742 -0.142472 -0.0154793 
18743 -0.139661 0.0605197 
18744 -0.0852031 -0.169942 
18745 -0.0822285 -0.0941666 
18746 -0.0790589 -0.0180937 
18747 -0.0761509 0.0576842 
18748 -0.0219525 -0.1716 
18749 -0.0186488 -0.0962091 
18750 -0.016271 -0.0201939 
18751 -0.0127532 0.0547084 
18752 0.0403609 -0.173139 
18753 0.0436538 -0.0975639 
18754 0.0466344 -0.0232201 
18755 0.049643 0.0520766 
18756 0.102676 -0.174723 
18757 0.105533 -0.099626 
18758 0.10817 -0.0250539 
18759 0.110795 0.04958 
18760 -0.146056 -0.168659 
18761 -0.142812 -0.0946196 
18762 -0.140248 -0.0210968 
18763 -0.136737 0.0520807 
18764 -0.0842799 -0.170366 
18765 -0.081791 -0.0962447 
18766 -0.0785815 -0.0236568 
18767 -0.0751117 0.0491519 
18768 -0.0237834 -0.171267 
18769 -0.0206831 -0.0983336 
18770 -0.0179023 -0.0257839 
18771 -0.0144314 0.0467707 
18772 0.0361718 -0.173524 
18773 0.0398624 -0.10114 
18774 0.042225 -0.028399 
18775 0.0450959 0.044148 
18776 0.0960682 -0.175407 
18777 0.0985768 -0.102921 
18778 0.101966 -0.0304476 
18779 0.104538 0.0412318 
18780 -0.143953 -0.167883 
18781 -0.140054 -0.0975524 
18782 -0.136592 -0.0265883 
18783 -0.133742 0.0448642 
18784 -0.0844266 -0.170291 
18785 -0.0812768 -0.0995413 
18786 -0.0773896 -0.028398 
18787 -0.0746868 0.0411903 
18788 -0.0251032 -0.172156 
18789 -0.0227862 -0.101298 
18790 -0.0190906 -0.0307647 
18791 -0.0158742 0.0388336 
18792 0.0328712 -0.173775 
18793 0.0351024 -0.103279 
18794 0.0384781 -0.0336756 
18795 0.041338 0.0357155 
18796 0.0899452 -0.175648 
18797 0.0932008 -0.105918 
18798 0.0958575 -0.0358869 
18799 0.0989978 0.0330971 
18800 -0.1409 -0.168395 
18801 -0.137818 -0.0997913 
18802 -0.135165 -0.0316816 
18803 -0.130946 0.037017 
18804 -0.0836837 -0.170701 
18805 -0.0808446 -0.102115 
18806 -0.0771948 -0.033999 
18807 -0.0744402 0.0343004 
18808 -0.0271845 -0.171641 
18809 -0.0246093 -0.104382 
18810 -0.0214095 -0.0360218 
18811 -0.0175196 0.0312076 
18812 0.0283903 -0.173918 
18813 0.0323064 -0.106102 
18814 0.0347203 -0.0387984 
18815 0.0374203 0.0288601 
18816 0.0838085 -0.175806 
18817 0.0875259 -0.107895 
18818 0.0900279 -0.0405981 
18819 0.093317 0.0257798 
