1860 -0.333301 -0.217123 
1861 -0.333135 -0.0168298 
1862 -0.333213 0.183233 
1863 -0.333621 0.383057 
1864 -0.166575 -0.216628 
1865 -0.167022 -0.0169638 
1866 -0.167135 0.183768 
1867 -0.16683 0.383249 
1868 -0.000496224 -0.216245 
1869 0.000440239 -0.0169675 
1870 -7.76919e-05 0.183254 
1871 -0.00015281 0.383576 
1872 0.166922 -0.21714 
1873 0.166233 -0.0164984 
1874 0.166954 0.183822 
1875 0.166258 0.383558 
1876 0.333754 -0.216571 
1877 0.33353 -0.0170875 
1878 0.333468 0.183452 
1879 0.333559 0.383555 
1880 -0.325233 -0.208627 
1881 -0.325445 -0.0237664 
1882 -0.326207 0.160705 
1883 -0.326464 0.345553 
1884 -0.170804 -0.208399 
1885 -0.171867 -0.0234303 
1886 -0.171594 0.16115 
1887 -0.172066 0.344978 
1888 -0.017075 -0.207407 
1889 -0.0176433 -0.0233255 
1890 -0.0181137 0.160783 
1891 -0.0191731 0.344807 
1892 0.13627 -0.206624 
1893 0.135617 -0.0227503 
1894 0.135154 0.161714 
1895 0.134388 0.345485 
1896 0.28907 -0.206843 
1897 0.289088 -0.0219793 
1898 0.288022 0.161522 
1899 0.287594 0.345026 
1900 -0.318679 -0.20111 
1901 -0.319542 -0.0300973 
1902 -0.319545 0.141358 
1903 -0.320413 0.312389 
1904 -0.175886 -0.200238 
1905 -0.176333 -0.0290157 
1906 -0.176883 0.14184 
1907 -0.177716 0.312361 
1908 -0.0326938 -0.19904 
1909 -0.0337316 -0.028399 
1910 -0.0346095 0.141701 
1911 -0.0352599 0.313031 
1912 0.109376 -0.198311 
1913 0.108762 -0.0275563 
1914 0.107378 0.142558 
1915 0.106882 0.313267 
1916 0.250811 -0.197862 
1917 0.25016 -0.0268177 
1918 0.248883 0.142801 
1919 0.248382 0.313064 
1920 -0.313145 -0.195414 
1921 -0.314093 -0.0357019 
1922 -0.315297 0.124027 
1923 -0.315542 0.283917 
1924 -0.179696 -0.194395 
1925 -0.180297 -0.0342043 
1926 -0.181461 0.125216 
1927 -0.182334 0.284179 
1928 -0.0467148 -0.192371 
1929 -0.0473194 -0.0331069 
1930 -0.0486063 0.125798 
1931 -0.0500423 0.284166 
1932 0.0863772 -0.191325 
1933 0.0851036 -0.0325491 
1934 0.0839229 0.126528 
1935 0.0823051 0.284442 
1936 0.217478 -0.189861 
1937 0.21688 -0.0318225 
1938 0.215689 0.127079 
1939 0.213694 0.285509 
1940 -0.30938 -0.190559 
1941 -0.310044 -0.0404996 
1942 -0.311593 0.109403 
1943 -0.312879 0.258843 
1944 -0.183598 -0.187947 
1945 -0.184568 -0.0388824 
1946 -0.185978 0.110384 
1947 -0.187642 0.259782 
1948 -0.0593025 -0.187092 
1949 -0.0606168 -0.0376026 
1950 -0.0618967 0.111102 
1951 -0.0631469 0.260467 
1952 0.0651041 -0.184651 
1953 0.0634665 -0.0366259 
1954 0.0619474 0.112133 
1955 0.0605474 0.2607 
1956 0.188725 -0.18374 
1957 0.187481 -0.0348529 
1958 0.185771 0.112902 
1959 0.183983 0.261393 
1960 -0.305398 -0.185101 
1961 -0.306959 -0.044157 
1962 -0.307895 0.096318 
1963 -0.309867 0.23735 
1964 -0.186919 -0.183382 
1965 -0.188792 -0.0426134 
1966 -0.190523 0.0971651 
1967 -0.192398 0.237887 
1968 -0.0703443 -0.181847 
1969 -0.0721425 -0.0410628 
1970 -0.0736756 0.0992469 
1971 -0.07478 0.238474 
1972 0.0470722 -0.17986 
1973 0.0445606 -0.0393437 
1974 0.0429562 0.0994347 
1975 0.0410024 0.239581 
1976 0.162418 -0.177166 
1977 0.160261 -0.0385315 
1978 0.158722 0.100546 
1979 0.156822 0.240063 
1980 -0.302394 -0.181019 
1981 -0.304306 -0.0481126 
1982 -0.306302 0.0850197 
1983 -0.307177 0.217331 
1984 -0.19099 -0.178778 
1985 -0.192469 -0.0462094 
1986 -0.19451 0.0867445 
1987 -0.196719 0.218542 
1988 -0.0806268 -0.177073 
1989 -0.0821202 -0.0444926 
1990 -0.0837149 0.0879366 
1991 -0.0862893 0.219516 
1992 0.0297867 -0.174214 
1993 0.027507 -0.042722 
1994 0.0261779 0.0894188 
1995 0.0238773 0.220588 
1996 0.139111 -0.172065 
1997 0.137053 -0.0414263 
1998 0.135495 0.0898041 
1999 0.132676 0.221428 
2000 -0.300166 -0.17713 
2001 -0.302442 -0.0516257 
2002 -0.304736 0.0745372 
2003 -0.306177 0.200431 
2004 -0.194339 -0.175182 
2005 -0.196736 -0.0494002 
2006 -0.199063 0.0763249 
2007 -0.200703 0.20114 
2008 -0.0899394 -0.172665 
2009 -0.091834 -0.0467432 
2010 -0.0935153 0.0782057 
2011 -0.0962713 0.202539 
2012 0.0146766 -0.169834 
2013 0.0121062 -0.0451884 
2014 0.0097245 0.0796534 
2015 0.0079352 0.203146 
2016 0.118304 -0.167764 
2017 0.115935 -0.0435359 
2018 0.113629 0.0809795 
2019 0.110959 0.204812 
2020 -0.298583 -0.173613 
2021 -0.300825 -0.0537115 
2022 -0.303342 0.0652882 
2023 -0.304655 0.184543 
2024 -0.197709 -0.171465 
2025 -0.199974 -0.0516869 
2026 -0.202491 0.0675088 
2027 -0.204246 0.186087 
2028 -0.0981217 -0.168819 
2029 -0.100357 -0.0492077 
2030 -0.103094 0.0693969 
2031 -0.104789 0.186944 
2032 0.000592462 -0.1662 
2033 -0.00208959 -0.0479407 
2034 -0.00412375 0.0705567 
2035 -0.00631664 0.188884 
2036 0.0988761 -0.163257 
2037 0.0965284 -0.0453711 
2038 0.0932014 0.0721437 
2039 0.0910885 0.18996 
2040 -0.29714 -0.170276 
2041 -0.29997 -0.0560325 
2042 -0.301765 0.0570606 
2043 -0.304713 0.171199 
2044 -0.201733 -0.168038 
2045 -0.203602 -0.0544135 
2046 -0.206851 0.0595324 
2047 -0.209001 0.172495 
2048 -0.106972 -0.164519 
2049 -0.10875 -0.0520506 
2050 -0.112065 0.0608748 
2051 -0.114341 0.173285 
2052 -0.0126161 -0.162482 
2053 -0.0150871 -0.0492165 
2054 -0.0180571 0.0632897 
2055 -0.0202963 0.174605 
2056 0.0808867 -0.159085 
2057 0.0784244 -0.0470027 
2058 0.0759452 0.0643649 
2059 0.0734516 0.176313 
2060 -0.296545 -0.167681 
2061 -0.299199 -0.0588818 
2062 -0.301973 0.0505068 
2063 -0.304407 0.159002 
2064 -0.205539 -0.164954 
2065 -0.207816 -0.0558877 
2066 -0.210065 0.0520677 
2067 -0.212281 0.159975 
2068 -0.114255 -0.161017 
2069 -0.11698 -0.0533393 
2070 -0.119928 0.0541116 
2071 -0.122538 0.161847 
2072 -0.0249058 -0.158464 
2073 -0.0268114 -0.0513067 
2074 -0.0299367 0.0560955 
2075 -0.0329637 0.163166 
2076 0.0648272 -0.155726 
2077 0.0616489 -0.0488519 
2078 0.0588703 0.05762 
2079 0.0564875 0.164609 
2080 -0.295746 -0.164755 
2081 -0.298319 -0.060374 
2082 -0.301074 0.0438487 
2083 -0.303457 0.14717 
2084 -0.208202 -0.161119 
2085 -0.210727 -0.0573654 
2086 -0.213601 0.0457479 
2087 -0.216816 0.149308 
2088 -0.122011 -0.157917 
2089 -0.12396 -0.0553265 
2090 -0.126803 0.0482452 
2091 -0.130076 0.150202 
2092 -0.0359866 -0.155449 
2093 -0.0387778 -0.0527592 
2094 -0.0414127 0.0499655 
2095 -0.044171 0.151819 
2096 0.049474 -0.152043 
2097 0.0464767 -0.0498975 
2098 0.04358 0.0518072 
2099 0.0409838 0.15395 
2100 -0.295541 -0.161432 
2101 -0.298924 -0.0621896 
2102 -0.301055 0.0373375 
2103 -0.304156 0.136648 
2104 -0.211722 -0.158419 
2105 -0.214364 -0.0596721 
2106 -0.217435 0.0400527 
2107 -0.220183 0.138429 
2108 -0.128511 -0.155612 
2109 -0.131316 -0.0562336 
2110 -0.134175 0.0421329 
2111 -0.137481 0.140832 
2112 -0.0463887 -0.152324 
2113 -0.0496532 -0.0532706 
2114 -0.0517466 0.0445084 
2115 -0.0555198 0.142702 
2116 0.0354525 -0.148818 
2117 0.031757 -0.0509902 
2118 0.0292921 0.0463451 
2119 0.0257088 0.144238 
2120 -0.295895 -0.158793 
2121 -0.299095 -0.0629429 
2122 -0.301824 0.0319622 
2123 -0.304618 0.127334 
2124 -0.214926 -0.1559 
2125 -0.218005 -0.0600743 
2126 -0.220959 0.0347246 
2127 -0.224257 0.129567 
2128 -0.134997 -0.152106 
2129 -0.138454 -0.057379 
2130 -0.141436 0.0370182 
2131 -0.144355 0.131334 
2132 -0.0562118 -0.149027 
2133 -0.0596051 -0.0544101 
2134 -0.0624783 0.0398306 
2135 -0.0656965 0.133604 
2136 0.0216274 -0.145215 
2137 0.0189507 -0.0520549 
2138 0.01539 0.0415982 
2139 0.0128572 0.134745 
2140 -0.295807 -0.156051 
2141 -0.298716 -0.0646876 
2142 -0.301951 0.027636 
2143 -0.305194 0.118703 
2144 -0.218443 -0.152881 
2145 -0.221543 -0.0609225 
2146 -0.224692 0.0296565 
2147 -0.227879 0.121465 
2148 -0.141286 -0.148938 
2149 -0.144965 -0.0582802 
2150 -0.148326 0.0325212 
2151 -0.151332 0.123736 
2152 -0.0659239 -0.146094 
2153 -0.0685681 -0.0552067 
2154 -0.0723543 0.0346251 
2155 -0.0756298 0.125129 
2156 0.00915435 -0.141874 
2157 0.00682046 -0.0520544 
2158 0.00264019 0.0377679 
2159 0.000178951 0.127708 
2160 -0.295827 -0.15377 
2161 -0.299666 -0.0652432 
2162 -0.302963 0.023398 
2163 -0.306461 0.11195 
2164 -0.22143 -0.149824 
2165 -0.224874 -0.0620506 
2166 -0.227575 0.0254123 
2167 -0.231552 0.113264 
2168 -0.147137 -0.146456 
2169 -0.150975 -0.0588192 
2170 -0.15386 0.0282037 
2171 -0.157219 0.115457 
2172 -0.0745534 -0.143145 
2173 -0.0776517 -0.0555969 
2174 -0.0814638 0.031476 
2175 -0.0846127 0.117809 
2176 -0.00243558 -0.139396 
2177 -0.00529449 -0.0532083 
2178 -0.00853063 0.0337918 
2179 -0.0121555 0.120521 
2180 -0.297151 -0.151408 
2181 -0.300028 -0.0657245 
2182 -0.303738 0.019057 
2183 -0.307145 0.104804 
2184 -0.225035 -0.147494 
2185 -0.22826 -0.0629717 
2186 -0.231926 0.0220502 
2187 -0.235125 0.107084 
2188 -0.15301 -0.143448 
2189 -0.156358 -0.0598245 
2190 -0.159963 0.025324 
2191 -0.163559 0.109169 
2192 -0.082837 -0.139689 
2193 -0.0864631 -0.0565059 
2194 -0.0893118 0.0275718 
2195 -0.0934922 0.111716 
2196 -0.0128795 -0.13598 
2197 -0.0163568 -0.0533452 
2198 -0.0204976 0.0299655 
2199 -0.0236324 0.113253 
2200 -0.297351 -0.149294 
2201 -0.301569 -0.0666088 
2202 -0.304556 0.0157991 
2203 -0.307878 0.0985049 
2204 -0.227529 -0.14505 
2205 -0.231001 -0.0634972 
2206 -0.2346 0.0186473 
2207 -0.238484 0.100137 
2208 -0.159253 -0.140757 
2209 -0.162353 -0.0592227 
2210 -0.166189 0.021211 
2211 -0.16916 0.103226 
2212 -0.0910318 -0.137062 
2213 -0.0942415 -0.0566693 
2214 -0.0975095 0.0248577 
2215 -0.10157 0.105121 
2216 -0.0237518 -0.133491 
2217 -0.0266629 -0.0531913 
2218 -0.0306325 0.0275567 
2219 -0.0341165 0.10782 
2220 -0.298153 -0.146214 
2221 -0.302368 -0.0663533 
2222 -0.305277 0.0126166 
2223 -0.309483 0.0925349 
2224 -0.231184 -0.142479 
2225 -0.234562 -0.0630659 
2226 -0.237973 0.0160784 
2227 -0.242321 0.0951509 
2228 -0.164686 -0.137973 
2229 -0.168056 -0.0599778 
2230 -0.171733 0.0187524 
2231 -0.175767 0.0975884 
2232 -0.0982151 -0.134601 
2233 -0.10198 -0.0567142 
2234 -0.105461 0.0215285 
2235 -0.109652 0.0995559 
2236 -0.0333932 -0.130892 
2237 -0.0369325 -0.0531904 
2238 -0.0403914 0.0243082 
2239 -0.0445135 0.1018 
2240 -0.299439 -0.143983 
2241 -0.303283 -0.066673 
2242 -0.306922 0.0105377 
2243 -0.310871 0.0870686 
2244 -0.2345 -0.13971 
2245 -0.237766 -0.0630545 
2246 -0.241551 0.0130709 
2247 -0.245638 0.0896278 
2248 -0.169974 -0.136 
2249 -0.173208 -0.0596937 
2250 -0.176916 0.0161196 
2251 -0.181265 0.0918067 
2252 -0.105958 -0.131599 
2253 -0.109713 -0.0557103 
2254 -0.113038 0.0194082 
2255 -0.117393 0.094303 
2256 -0.0430118 -0.127796 
2257 -0.0472184 -0.0529736 
2258 -0.0500087 0.022552 
2259 -0.054221 0.0971246 
