18800 -0.333287 -0.216353 
18801 -0.3337 -0.0166554 
18802 -0.332866 0.183388 
18803 -0.33377 0.383785 
18804 -0.166587 -0.216298 
18805 -0.166774 -0.0162944 
18806 -0.166592 0.183345 
18807 -0.167125 0.383117 
18808 0.000120717 -0.216478 
18809 -0.000371104 -0.0165119 
18810 0.000310942 0.183759 
18811 -0.000278139 0.38364 
18812 0.166651 -0.216266 
18813 0.16617 -0.0169164 
18814 0.167152 0.183041 
18815 0.166442 0.383007 
18816 0.333626 -0.217038 
18817 0.333811 -0.0167314 
18818 0.332838 0.183422 
18819 0.33316 0.383294 
18820 -0.300521 -0.21084 
18821 -0.300597 -0.0290872 
18822 -0.299499 0.152873 
18823 -0.299101 0.33401 
18824 -0.148658 -0.211024 
18825 -0.148801 -0.0296318 
18826 -0.14782 0.152614 
18827 -0.148312 0.333845 
18828 0.0021652 -0.211426 
18829 0.00251211 -0.0297833 
18830 0.00262198 0.152221 
18831 0.0034177 0.332809 
18832 0.153262 -0.211752 
18833 0.153969 -0.0298932 
18834 0.154059 0.151014 
18835 0.154601 0.332362 
18836 0.304206 -0.211779 
18837 0.304775 -0.0298272 
18838 0.305054 0.151389 
18839 0.304863 0.332465 
18840 -0.273748 -0.206402 
18841 -0.272868 -0.0400983 
18842 -0.271939 0.127071 
18843 -0.271099 0.292856 
18844 -0.134728 -0.206777 
18845 -0.133357 -0.0396259 
18846 -0.133097 0.12609 
18847 -0.132644 0.292421 
18848 0.00444507 -0.207269 
18849 0.00464817 -0.0400332 
18850 0.00521937 0.125916 
18851 0.00624546 0.291076 
18852 0.142387 -0.20645 
18853 0.142941 -0.0414151 
18854 0.143088 0.124578 
18855 0.14402 0.29047 
18856 0.280389 -0.206986 
18857 0.280493 -0.040902 
18858 0.281238 0.123782 
18859 0.281014 0.289531 
18860 -0.250809 -0.202472 
18861 -0.249765 -0.0486147 
18862 -0.24913 0.104629 
18863 -0.248486 0.258086 
18864 -0.122798 -0.202834 
18865 -0.121672 -0.0488892 
18866 -0.120439 0.103881 
18867 -0.119813 0.257503 
18868 0.00514963 -0.203406 
18869 0.00627494 -0.049609 
18870 0.00651575 0.10374 
18871 0.00726845 0.255579 
18872 0.132785 -0.203362 
18873 0.133216 -0.0497406 
18874 0.134056 0.102533 
18875 0.1345 0.254694 
18876 0.260077 -0.203556 
18877 0.260378 -0.050448 
18878 0.26087 0.101219 
18879 0.261492 0.254293 
18880 -0.231716 -0.19926 
18881 -0.231202 -0.0561816 
18882 -0.230044 0.0867467 
18883 -0.228891 0.228245 
18884 -0.112687 -0.199414 
18885 -0.111328 -0.0571481 
18886 -0.110347 0.0850787 
18887 -0.1096 0.227682 
18888 0.00595943 -0.199989 
18889 0.00749687 -0.0578879 
18890 0.00811117 0.0840799 
18891 0.00919175 0.225939 
18892 0.124547 -0.199975 
18893 0.124596 -0.0582874 
18894 0.125611 0.0837973 
18895 0.126374 0.225084 
18896 0.2421 -0.200013 
18897 0.242226 -0.0582573 
18898 0.243367 0.0825993 
18899 0.243412 0.223878 
18900 -0.216049 -0.196435 
18901 -0.21458 -0.0626937 
18902 -0.213424 0.070255 
18903 -0.211911 0.203295 
18904 -0.104772 -0.197194 
18905 -0.10278 -0.0634568 
18906 -0.102435 0.0687111 
18907 -0.100835 0.20172 
18908 0.00677786 -0.197308 
18909 0.00723251 -0.0642744 
18910 0.00844775 0.0684992 
18911 0.0098736 0.199615 
18912 0.116919 -0.19695 
18913 0.117933 -0.0645748 
18914 0.11879 0.0669485 
18915 0.118733 0.198606 
18916 0.226599 -0.197379 
18917 0.226697 -0.0656771 
18918 0.228002 0.0660065 
18919 0.228118 0.19685 
18920 -0.20168 -0.194221 
18921 -0.200135 -0.0691577 
18922 -0.198825 0.055828 
18923 -0.197406 0.180927 
18924 -0.0973736 -0.19397 
18925 -0.0960037 -0.0692895 
18926 -0.0948695 0.055328 
18927 -0.0935487 0.178492 
18928 0.00699865 -0.194628 
18929 0.00789752 -0.0704755 
18930 0.0087221 0.0536696 
18931 0.00988901 0.177884 
18932 0.109688 -0.194781 
18933 0.11034 -0.0709495 
18934 0.111283 0.0525781 
18935 0.112688 0.175739 
18936 0.212557 -0.195465 
18937 0.213549 -0.0710304 
18938 0.213355 0.0514779 
18939 0.214041 0.174593 
18940 -0.189426 -0.192201 
18941 -0.188069 -0.0738012 
18942 -0.18696 0.0435886 
18943 -0.185473 0.160336 
18944 -0.0909843 -0.192569 
18945 -0.0897463 -0.074643 
18946 -0.088565 0.042898 
18947 -0.087744 0.159656 
18948 0.00681581 -0.192456 
18949 0.00793112 -0.0749448 
18950 0.00823168 0.0418868 
18951 0.00967721 0.157224 
18952 0.103644 -0.192942 
18953 0.104629 -0.0757966 
18954 0.105442 0.0404473 
18955 0.106427 0.156282 
18956 0.200246 -0.192505 
18957 0.200439 -0.0764087 
18958 0.201198 0.0389967 
18959 0.202132 0.154531 
18960 -0.179338 -0.189694 
18961 -0.177606 -0.0784177 
18962 -0.17627 0.0328394 
18963 -0.174409 0.14346 
18964 -0.086046 -0.190425 
18965 -0.0845774 -0.0785738 
18966 -0.0834007 0.0320478 
18967 -0.0823133 0.142175 
18968 0.00649034 -0.190198 
18969 0.00702552 -0.0792908 
18970 0.00877563 0.0301488 
18971 0.00980803 0.139846 
18972 0.0979346 -0.190693 
18973 0.0985634 -0.0800009 
18974 0.0994423 0.0294701 
18975 0.100563 0.138381 
18976 0.188573 -0.191287 
18977 0.189809 -0.0813091 
18978 0.190135 0.0284425 
18979 0.190381 0.13702 
18980 -0.170322 -0.187654 
18981 -0.168946 -0.0817683 
18982 -0.167405 0.0228846 
18983 -0.165685 0.12785 
18984 -0.0814581 -0.188002 
18985 -0.0806548 -0.0824656 
18986 -0.0791199 0.0214844 
18987 -0.078197 0.126242 
18988 0.00537747 -0.188703 
18989 0.00706006 -0.0834892 
18990 0.00790118 0.020398 
18991 0.00892764 0.124209 
18992 0.0925964 -0.188534 
18993 0.0930716 -0.0838057 
18994 0.0936864 0.0196822 
18995 0.0954698 0.12288 
18996 0.178283 -0.1887 
18997 0.179321 -0.0851466 
18998 0.179408 0.0187057 
18999 0.180922 0.121882 
19000 -0.16174 -0.186028 
19001 -0.160023 -0.0860364 
19002 -0.158374 0.0140045 
19003 -0.157451 0.113912 
19004 -0.0778195 -0.186573 
19005 -0.0763737 -0.086698 
19006 -0.0750042 0.0132065 
19007 -0.0744344 0.112574 
19008 0.00466564 -0.186887 
19009 0.00561648 -0.0866455 
19010 0.00687821 0.0124874 
19011 0.00846517 0.110352 
19012 0.0869342 -0.187095 
19013 0.0884175 -0.0878724 
19014 0.0892581 0.0106587 
19015 0.0895547 0.109674 
19016 0.168607 -0.186892 
19017 0.169535 -0.0885739 
19018 0.169983 0.0102034 
19019 0.171307 0.107875 
19020 -0.154404 -0.183969 
19021 -0.153112 -0.0883251 
19022 -0.151586 0.00625385 
19023 -0.149877 0.101021 
19024 -0.0750802 -0.184333 
19025 -0.0739947 -0.089504 
19026 -0.0728331 0.00585419 
19027 -0.07155 0.0996453 
19028 0.00432587 -0.185215 
19029 0.00499452 -0.0903714 
19030 0.00633929 0.00451565 
19031 0.00765712 0.0987885 
19032 0.0827218 -0.184641 
19033 0.0839431 -0.0909781 
19034 0.0848476 0.00346195 
19035 0.0856304 0.096493 
19036 0.160202 -0.185624 
19037 0.160587 -0.09165 
19038 0.16131 0.00253317 
19039 0.162628 0.0956141 
19040 -0.148815 -0.182922 
19041 -0.146801 -0.0915001 
19042 -0.145271 -3.45068e-05 
19043 -0.144357 0.0899286 
19044 -0.0718776 -0.182439 
19045 -0.0709094 -0.0916162 
19046 -0.0701756 -0.0010675 
19047 -0.0681629 0.0882619 
19048 0.00319951 -0.183336 
19049 0.00467677 -0.092779 
19050 0.00495072 -0.00257754 
19051 0.00646958 0.0874616 
19052 0.0778093 -0.183136 
19053 0.0786069 -0.0932173 
19054 0.0799945 -0.00364927 
19055 0.0803009 0.085361 
19056 0.152481 -0.183854 
19057 0.153328 -0.093704 
19058 0.153495 -0.00429941 
19059 0.153952 0.0843036 
19060 -0.14283 -0.181554 
19061 -0.14097 -0.0933936 
19062 -0.139942 -0.00648797 
19063 -0.138636 0.0797889 
19064 -0.0697061 -0.181718 
19065 -0.0687915 -0.0944935 
19066 -0.0671229 -0.00754938 
19067 -0.0661199 0.0786056 
19068 0.0025408 -0.181271 
19069 0.00350212 -0.0948552 
19070 0.00465225 -0.00853065 
19071 0.00561974 0.0772472 
19072 0.0734419 -0.181884 
19073 0.0744876 -0.0955041 
19074 0.0753091 -0.00959602 
19075 0.0759472 0.0756359 
19076 0.144854 -0.181613 
19077 0.145693 -0.0957222 
19078 0.145557 -0.0102344 
19079 0.14627 0.0749927 
19080 -0.137344 -0.179074 
19081 -0.136195 -0.0954975 
19082 -0.135409 -0.0119972 
19083 -0.133461 0.0705099 
19084 -0.0679847 -0.179162 
19085 -0.0667137 -0.0959222 
19086 -0.0656176 -0.0125987 
19087 -0.0639567 0.0691556 
19088 0.000850157 -0.179969 
19089 0.00257976 -0.0968562 
19090 0.00328583 -0.014351 
19091 0.00443209 0.0682972 
19092 0.070292 -0.179901 
19093 0.0710417 -0.0968067 
19094 0.0710855 -0.0144906 
19095 0.0720655 0.0668934 
19096 0.137943 -0.179813 
19097 0.138397 -0.0970752 
19098 0.138334 -0.015641 
19099 0.139671 0.0659028 
19100 -0.133723 -0.178286 
19101 -0.131832 -0.0977759 
19102 -0.130492 -0.0174702 
19103 -0.129762 0.0621649 
19104 -0.0663876 -0.178175 
19105 -0.0650581 -0.097809 
19106 -0.0641272 -0.0183227 
19107 -0.0634553 0.0615232 
19108 0.000579848 -0.177681 
19109 0.000886674 -0.0982882 
19110 0.00172476 -0.0192306 
19111 0.00291737 0.0604788 
19112 0.0664377 -0.177848 
19113 0.0667949 -0.0981597 
19114 0.0672509 -0.0194778 
19115 0.0676453 0.0585561 
19116 0.131029 -0.177708 
19117 0.131533 -0.0992689 
19118 0.132223 -0.0207673 
19119 0.132666 0.0573794 
19120 -0.129068 -0.176122 
19121 -0.127915 -0.0985024 
19122 -0.127447 -0.02156 
19123 -0.125285 0.0550009 
19124 -0.0648597 -0.176164 
19125 -0.063857 -0.0992992 
19126 -0.0629508 -0.021988 
19127 -0.0616985 0.0538057 
19128 -0.00138765 -0.176385 
19129 -0.000274341 -0.0997263 
19130 0.000555053 -0.0230908 
19131 0.00155355 0.0530864 
19132 0.0621529 -0.176406 
19133 0.06248 -0.100116 
19134 0.063495 -0.023542 
19135 0.0645248 0.0517665 
19136 0.124818 -0.176335 
19137 0.125144 -0.0998 
19138 0.125636 -0.0249478 
19139 0.126505 0.0506035 
19140 -0.125797 -0.17501 
19141 -0.124902 -0.0997531 
19142 -0.123169 -0.0261316 
19143 -0.122592 0.0480981 
19144 -0.0633823 -0.174974 
19145 -0.0631981 -0.100374 
19146 -0.0622214 -0.026051 
19147 -0.0609133 0.0469418 
19148 -0.00177719 -0.17485 
19149 -0.00178651 -0.100752 
19150 -0.000584978 -0.0273916 
19151 0.000311704 0.0462591 
19152 0.0590234 -0.174974 
19153 0.0595174 -0.100812 
19154 0.0599733 -0.0282336 
19155 0.0598415 0.0453205 
19156 0.118497 -0.174378 
19157 0.119094 -0.100722 
19158 0.119568 -0.0283817 
19159 0.120187 0.0436952 
19160 -0.122585 -0.172744 
19161 -0.121554 -0.1014 
19162 -0.12068 -0.0297143 
19163 -0.119692 0.0419061 
19164 -0.0631391 -0.173025 
19165 -0.0620425 -0.100725 
19166 -0.0615505 -0.0296792 
19167 -0.0599528 0.0405537 
19168 -0.00336255 -0.172444 
19169 -0.00315954 -0.101062 
19170 -0.00212412 -0.0309918 
19171 -0.00158399 0.0402188 
19172 0.0547094 -0.172933 
19173 0.0558966 -0.101912 
19174 0.0559938 -0.0307044 
19175 0.0570583 0.0385233 
19176 0.113617 -0.173005 
19177 0.11389 -0.102252 
19178 0.114175 -0.0323016 
19179 0.114466 0.037764 
19180 -0.1198 -0.171084 
19181 -0.119184 -0.101315 
19182 -0.117694 -0.0319691 
19183 -0.117318 0.0362603 
19184 -0.0626612 -0.170905 
19185 -0.0611341 -0.10177 
19186 -0.0605882 -0.0333119 
19187 -0.0600227 0.0350513 
19188 -0.0051476 -0.171151 
19189 -0.00409741 -0.101737 
19190 -0.00406481 -0.0336939 
19191 -0.00334765 0.0343657 
19192 0.0518697 -0.171064 
19193 0.0518751 -0.10256 
19194 0.0525082 -0.0340888 
19195 0.0533205 0.0334593 
19196 0.107651 -0.170898 
19197 0.107869 -0.102504 
19198 0.108441 -0.0345311 
19199 0.10822 0.0328698 
