18880 -0.333189 -0.216494 
18881 -0.332846 -0.016374 
18882 -0.332992 0.182951 
18883 -0.333625 0.383034 
18884 -0.166548 -0.217086 
18885 -0.166524 -0.0169418 
18886 -0.166423 0.183561 
18887 -0.166247 0.383753 
18888 0.000286848 -0.216655 
18889 -0.000164684 -0.0167012 
18890 0.000191879 0.182837 
18891 -0.000315482 0.383447 
18892 0.166447 -0.216592 
18893 0.166239 -0.0169913 
18894 0.167079 0.182839 
18895 0.166483 0.383283 
18896 0.332922 -0.21663 
18897 0.333279 -0.0164804 
18898 0.333405 0.183071 
18899 0.333322 0.382898 
18900 -0.300555 -0.209954 
18901 -0.299774 -0.0282599 
18902 -0.299601 0.153726 
18903 -0.299171 0.335159 
18904 -0.148649 -0.210467 
18905 -0.147988 -0.0286848 
18906 -0.147613 0.152826 
18907 -0.147946 0.334304 
18908 0.00345656 -0.210587 
18909 0.00282929 -0.0283715 
18910 0.00304139 0.152247 
18911 0.00344652 0.334013 
18912 0.153835 -0.210895 
18913 0.154468 -0.0286398 
18914 0.154566 0.152277 
18915 0.155144 0.333702 
18916 0.304911 -0.210422 
18917 0.305826 -0.0289264 
18918 0.305697 0.151547 
18919 0.3055 0.332595 
18920 -0.272623 -0.205453 
18921 -0.272418 -0.0384182 
18922 -0.271067 0.128125 
18923 -0.270312 0.294848 
18924 -0.133672 -0.205455 
18925 -0.133291 -0.0389091 
18926 -0.132387 0.127356 
18927 -0.132088 0.293587 
18928 0.00519597 -0.204783 
18929 0.00572122 -0.0390366 
18930 0.00643472 0.127439 
18931 0.0066337 0.293266 
18932 0.143843 -0.205213 
18933 0.143803 -0.0386841 
18934 0.143789 0.127073 
18935 0.144319 0.292463 
18936 0.281643 -0.204853 
18937 0.281379 -0.0392507 
18938 0.282094 0.126465 
18939 0.282126 0.291625 
18940 -0.250234 -0.200249 
18941 -0.248979 -0.0469152 
18942 -0.248214 0.107023 
18943 -0.246983 0.260613 
18944 -0.121284 -0.200943 
18945 -0.120765 -0.0473734 
18946 -0.119532 0.106146 
18947 -0.118806 0.259888 
18948 0.00638434 -0.200402 
18949 0.00747712 -0.0472358 
18950 0.00750268 0.105479 
18951 0.00848142 0.259033 
18952 0.134171 -0.200502 
18953 0.13447 -0.0474265 
18954 0.134743 0.105431 
18955 0.13514 0.257953 
18956 0.261187 -0.200773 
18957 0.261637 -0.0475921 
18958 0.261541 0.104883 
18959 0.261813 0.256389 
18960 -0.230798 -0.196561 
18961 -0.229405 -0.0535774 
18962 -0.229071 0.0891319 
18963 -0.228064 0.231711 
18964 -0.110662 -0.196706 
18965 -0.109918 -0.0541739 
18966 -0.108992 0.0880036 
18967 -0.108357 0.229923 
18968 0.00755367 -0.196468 
18969 0.00866266 -0.0542946 
18970 0.00899244 0.0873269 
18971 0.00961229 0.229497 
18972 0.126407 -0.196969 
18973 0.127003 -0.0545275 
18974 0.127547 0.0868501 
18975 0.12781 0.228211 
18976 0.243924 -0.1974 
18977 0.244327 -0.0551921 
18978 0.244765 0.0860201 
18979 0.244616 0.227264 
18980 -0.213941 -0.192808 
18981 -0.213103 -0.0600552 
18982 -0.211565 0.0740406 
18983 -0.211041 0.206694 
18984 -0.101947 -0.193526 
18985 -0.10137 -0.0604032 
18986 -0.100892 0.0723735 
18987 -0.100284 0.205685 
18988 0.00854258 -0.193579 
18989 0.00969109 -0.0605339 
18990 0.00945557 0.07208 
18991 0.0104676 0.204319 
18992 0.119201 -0.193825 
18993 0.119045 -0.0609612 
18994 0.119963 0.0709843 
18995 0.120285 0.202941 
18996 0.228337 -0.193729 
18997 0.228842 -0.0607705 
18998 0.229173 0.0709445 
18999 0.229096 0.202296 
19000 -0.19939 -0.189669 
19001 -0.198575 -0.0647564 
19002 -0.19745 0.0605305 
19003 -0.196142 0.184787 
19004 -0.0948727 -0.190161 
19005 -0.0946322 -0.0655186 
19006 -0.0930362 0.0594889 
19007 -0.0927205 0.183512 
19008 0.00911649 -0.18978 
19009 0.00995244 -0.0658321 
19010 0.0102856 0.0587685 
19011 0.0111008 0.181809 
19012 0.112495 -0.189924 
19013 0.112653 -0.0662257 
19014 0.113345 0.0579707 
19015 0.11412 0.181208 
19016 0.214584 -0.189909 
19017 0.215018 -0.0662978 
19018 0.215709 0.0575115 
19019 0.21612 0.179457 
19020 -0.187519 -0.1874 
19021 -0.186247 -0.0692795 
19022 -0.184834 0.0486728 
19023 -0.184469 0.165752 
19024 -0.0885354 -0.187483 
19025 -0.0879616 -0.069576 
19026 -0.0867896 0.0475618 
19027 -0.0862193 0.164741 
19028 0.00926222 -0.187066 
19029 0.0101986 -0.070269 
19030 0.010529 0.0467615 
19031 0.0110607 0.163248 
19032 0.106421 -0.186886 
19033 0.106209 -0.0699182 
19034 0.107264 0.0456342 
19035 0.107446 0.161751 
19036 0.203016 -0.18695 
19037 0.203191 -0.0711238 
19038 0.203023 0.0449688 
19039 0.203337 0.160626 
19040 -0.176759 -0.184909 
19041 -0.175248 -0.0725339 
19042 -0.175 0.0384083 
19043 -0.173389 0.148642 
19044 -0.0838802 -0.184194 
19045 -0.0827793 -0.0728424 
19046 -0.0821481 0.0376143 
19047 -0.0812728 0.147331 
19048 0.00912377 -0.183996 
19049 0.0091786 -0.0736463 
19050 0.00990038 0.0369476 
19051 0.0107267 0.146704 
19052 0.100707 -0.184262 
19053 0.10136 -0.0744171 
19054 0.101664 0.0360592 
19055 0.102205 0.145493 
19056 0.19198 -0.184406 
19057 0.192034 -0.0745131 
19058 0.19172 0.0350517 
19059 0.192004 0.14458 
19060 -0.166817 -0.1823 
19061 -0.16602 -0.0762569 
19062 -0.165147 0.02885 
19063 -0.164023 0.134255 
19064 -0.0787843 -0.181812 
19065 -0.078353 -0.0763304 
19066 -0.0774921 0.0284093 
19067 -0.0768014 0.132327 
19068 0.00871717 -0.181808 
19069 0.00891981 -0.0770759 
19070 0.0096446 0.0281189 
19071 0.0100839 0.131305 
19072 0.095589 -0.181559 
19073 0.09537 -0.0774173 
19074 0.0962354 0.0270543 
19075 0.0964439 0.129994 
19076 0.18193 -0.181406 
19077 0.181461 -0.0769602 
19078 0.181983 0.0265643 
19079 0.181753 0.129181 
19080 -0.158836 -0.179492 
19081 -0.158293 -0.0788698 
19082 -0.157485 0.021279 
19083 -0.156162 0.12066 
19084 -0.0751858 -0.178999 
19085 -0.0738726 -0.0795647 
19086 -0.073591 0.0207915 
19087 -0.0728837 0.119462 
19088 0.0083648 -0.179202 
19089 0.00877678 -0.0790928 
19090 0.0088591 0.0193466 
19091 0.00951044 0.118576 
19092 0.0903303 -0.178826 
19093 0.0908542 -0.0793229 
19094 0.0912312 0.0194463 
19095 0.0911667 0.11754 
19096 0.172633 -0.179293 
19097 0.172256 -0.0804645 
19098 0.172434 0.0182187 
19099 0.173185 0.116471 
19100 -0.15206 -0.177679 
19101 -0.150414 -0.0813362 
19102 -0.149965 0.0138609 
19103 -0.148475 0.10857 
19104 -0.071468 -0.177322 
19105 -0.0712018 -0.0814289 
19106 -0.0701413 0.0133584 
19107 -0.0700912 0.107402 
19108 0.00743911 -0.176407 
19109 0.00842332 -0.0821187 
19110 0.00846488 0.0122063 
19111 0.00877786 0.106959 
19112 0.0854538 -0.176981 
19113 0.0864371 -0.0820258 
19114 0.0862448 0.0120109 
19115 0.0867334 0.105786 
19116 0.163616 -0.17687 
19117 0.163447 -0.0822674 
19118 0.163556 0.0113822 
19119 0.164299 0.104309 
19120 -0.14519 -0.174968 
19121 -0.144404 -0.0834858 
19122 -0.143707 0.00739035 
19123 -0.142696 0.0982953 
19124 -0.0689649 -0.174549 
19125 -0.0683531 -0.0831858 
19126 -0.0676043 0.00686731 
19127 -0.0671636 0.0975752 
19128 0.00695018 -0.174823 
19129 0.0069241 -0.0839394 
19130 0.00794016 0.00664283 
19131 0.00825295 0.096186 
19132 0.082013 -0.174221 
19133 0.0822533 -0.08418 
19134 0.0818946 0.00620035 
19135 0.0818181 0.0949391 
19136 0.155355 -0.173797 
19137 0.156031 -0.0844367 
19138 0.155452 0.00543735 
19139 0.155413 0.0941984 
19140 -0.139426 -0.172329 
19141 -0.138468 -0.084906 
19142 -0.138193 0.00247729 
19143 -0.13727 0.088658 
19144 -0.066675 -0.172766 
19145 -0.0657032 -0.0852166 
19146 -0.0654898 0.00131869 
19147 -0.0646121 0.087525 
19148 0.00626509 -0.172519 
19149 0.00648323 -0.0850227 
19150 0.0064535 0.000542317 
19151 0.00741715 0.0872167 
19152 0.0778655 -0.171689 
19153 0.0780713 -0.0848817 
19154 0.0777542 0.00040268 
19155 0.0783863 0.085751 
19156 0.148217 -0.171505 
19157 0.148481 -0.0853785 
19158 0.148023 0.000417279 
19159 0.148215 0.0854803 
19160 -0.134443 -0.170274 
19161 -0.133517 -0.0865221 
19162 -0.13254 -0.0031402 
19163 -0.132374 0.0801844 
19164 -0.0643425 -0.170352 
19165 -0.06405 -0.0868792 
19166 -0.0636739 -0.00380588 
19167 -0.0625694 0.0794134 
19168 0.00435316 -0.170051 
19169 0.00506334 -0.0866335 
19170 0.00546224 -0.00357225 
19171 0.00553591 0.0785746 
19172 0.0735282 -0.169754 
19173 0.0734732 -0.0862527 
19174 0.0735909 -0.0037687 
19175 0.0733639 0.0777665 
19176 0.141145 -0.168731 
19177 0.141554 -0.086637 
19178 0.141339 -0.0046707 
19179 0.141449 0.0767415 
19180 -0.130482 -0.167925 
19181 -0.129337 -0.0876866 
19182 -0.128304 -0.00753922 
19183 -0.128386 0.0722223 
19184 -0.0623671 -0.167355 
19185 -0.0618578 -0.0872951 
19186 -0.0616306 -0.00797313 
19187 -0.0610709 0.0716216 
19188 0.00371984 -0.166938 
19189 0.00444135 -0.0876625 
19190 0.00465881 -0.00813378 
19191 0.00452494 0.0708819 
19192 0.0696546 -0.166844 
19193 0.0696142 -0.0876305 
19194 0.0697188 -0.00877121 
19195 0.0695301 0.0698167 
19196 0.13507 -0.166977 
19197 0.134629 -0.0871135 
19198 0.134732 -0.00922361 
19199 0.13409 0.0688926 
19200 -0.126293 -0.166012 
19201 -0.125189 -0.0882543 
19202 -0.124795 -0.01139 
19203 -0.124408 0.0658232 
19204 -0.0614889 -0.165964 
19205 -0.0606201 -0.0886851 
19206 -0.0601276 -0.0113772 
19207 -0.0601942 0.0651755 
19208 0.00313273 -0.16517 
19209 0.00234314 -0.0885251 
19210 0.00289276 -0.0121451 
19211 0.00346483 0.0642489 
19212 0.0659449 -0.165041 
19213 0.0659221 -0.0882888 
19214 0.0660693 -0.0123429 
19215 0.0658772 0.0638695 
19216 0.128414 -0.164485 
19217 0.128818 -0.0875358 
19218 0.128024 -0.0125783 
19219 0.127991 0.0622886 
19220 -0.122826 -0.163531 
19221 -0.121882 -0.0891328 
19222 -0.12113 -0.0147596 
19223 -0.121308 0.0590944 
19224 -0.0596873 -0.163732 
19225 -0.0594647 -0.0884931 
19226 -0.0599407 -0.015249 
19227 -0.0592989 0.0587348 
19228 0.00132573 -0.162979 
19229 0.00158494 -0.0883492 
19230 0.00176788 -0.0149114 
19231 0.00215825 0.0580366 
19232 0.0627419 -0.161785 
19233 0.0624428 -0.088447 
19234 0.0622075 -0.0153659 
19235 0.0625104 0.0577014 
19236 0.123237 -0.161875 
19237 0.122537 -0.0882347 
19238 0.121759 -0.0153226 
19239 0.122088 0.056761 
19240 -0.119508 -0.161562 
19241 -0.118414 -0.0898451 
19242 -0.118879 -0.0179704 
19243 -0.11832 0.0534566 
19244 -0.0592046 -0.16133 
19245 -0.0588403 -0.0888485 
19246 -0.0589829 -0.0176155 
19247 -0.0591399 0.0526807 
19248 0.000567835 -0.160029 
19249 0.000327387 -0.0893287 
19250 0.000391252 -0.0179585 
19251 0.000379963 0.0523634 
19252 0.0589164 -0.159578 
19253 0.0583753 -0.088992 
19254 0.0588853 -0.018457 
19255 0.0583459 0.0516507 
19256 0.1171 -0.159454 
19257 0.116725 -0.0880749 
19258 0.116305 -0.0184144 
19259 0.11593 0.0512901 
19260 -0.11608 -0.159088 
19261 -0.116095 -0.0894761 
19262 -0.11548 -0.0206536 
19263 -0.115949 0.048613 
19264 -0.0585695 -0.158717 
19265 -0.0583034 -0.0897057 
19266 -0.0580238 -0.0203391 
19267 -0.058144 0.048397 
19268 -0.00116311 -0.157768 
19269 -0.00168198 -0.0892419 
19270 -0.00130823 -0.0208001 
19271 -0.00133615 0.0475856 
19272 0.0558733 -0.156845 
19273 0.0552849 -0.0883045 
19274 0.055333 -0.0203262 
19275 0.0544883 0.0477094 
19276 0.111512 -0.156672 
19277 0.111294 -0.088789 
19278 0.110629 -0.0205033 
19279 0.11016 0.0463781 
