19040 -0.332987 -0.216238 
19041 -0.332924 -0.0170566 
19042 -0.333168 0.183281 
19043 -0.333518 0.38342 
19044 -0.166817 -0.216617 
19045 -0.166871 -0.017059 
19046 -0.167116 0.18299 
19047 -0.167093 0.383363 
19048 -0.0001252 -0.217014 
19049 -0.000295925 -0.0165647 
19050 0.000492846 0.18368 
19051 0.000348855 0.38311 
19052 0.167077 -0.216763 
19053 0.166807 -0.0169864 
19054 0.167152 0.183373 
19055 0.166865 0.382896 
19056 0.333112 -0.21676 
19057 0.333823 -0.017068 
19058 0.332989 0.183622 
19059 0.332887 0.383602 
19060 -0.29885 -0.207715 
19061 -0.29894 -0.0256496 
19062 -0.298717 0.156567 
19063 -0.298501 0.337516 
19064 -0.147888 -0.207497 
19065 -0.147035 -0.0256119 
19066 -0.147537 0.15591 
19067 -0.147161 0.337255 
19068 0.00376098 -0.206969 
19069 0.0037565 -0.0252221 
19070 0.00443193 0.155753 
19071 0.00437581 0.3376 
19072 0.155361 -0.206819 
19073 0.155157 -0.0259547 
19074 0.155578 0.15585 
19075 0.155179 0.337028 
19076 0.306677 -0.206841 
19077 0.306114 -0.0259478 
19078 0.306142 0.156101 
19079 0.306172 0.336662 
19080 -0.271369 -0.199849 
19081 -0.271403 -0.0328989 
19082 -0.270342 0.133668 
19083 -0.270646 0.300641 
19084 -0.13218 -0.199183 
19085 -0.131365 -0.032188 
19086 -0.13158 0.133402 
19087 -0.131023 0.299835 
19088 0.00721567 -0.199144 
19089 0.00687755 -0.0321692 
19090 0.00669776 0.133747 
19091 0.00759669 0.299317 
19092 0.145477 -0.198435 
19093 0.145991 -0.03237 
19094 0.145329 0.1331 
19095 0.14523 0.299608 
19096 0.284064 -0.19822 
19097 0.283263 -0.0324056 
19098 0.283696 0.133089 
19099 0.283281 0.298398 
19100 -0.247713 -0.193121 
19101 -0.246931 -0.0379064 
19102 -0.246875 0.115985 
19103 -0.246644 0.269187 
19104 -0.11849 -0.192331 
19105 -0.118881 -0.0382869 
19106 -0.118902 0.115171 
19107 -0.118355 0.268402 
19108 0.00891878 -0.191545 
19109 0.00918919 -0.0385494 
19110 0.00892788 0.115477 
19111 0.00915652 0.268088 
19112 0.136588 -0.192024 
19113 0.136965 -0.0379203 
19114 0.136777 0.114376 
19115 0.137019 0.267411 
19116 0.264682 -0.191672 
19117 0.263549 -0.0379899 
19118 0.263383 0.114154 
19119 0.263588 0.26681 
19120 -0.227446 -0.186899 
19121 -0.227558 -0.0430031 
19122 -0.22703 0.100175 
19123 -0.226558 0.242079 
19124 -0.108284 -0.186489 
19125 -0.108158 -0.0425097 
19126 -0.107434 0.0993044 
19127 -0.107371 0.241458 
19128 0.0111046 -0.185115 
19129 0.0105208 -0.0423857 
19130 0.0105701 0.0994541 
19131 0.011181 0.241209 
19132 0.129491 -0.184785 
19133 0.129357 -0.0429794 
19134 0.129016 0.0991877 
19135 0.128901 0.240958 
19136 0.247369 -0.18466 
19137 0.246592 -0.0422916 
19138 0.246522 0.0988713 
19139 0.24638 0.240324 
19140 -0.211356 -0.181209 
19141 -0.210125 -0.0464834 
19142 -0.209828 0.0868521 
19143 -0.210235 0.219909 
19144 -0.0988923 -0.180266 
19145 -0.0986068 -0.0465432 
19146 -0.0986218 0.0860433 
19147 -0.098864 0.218889 
19148 0.0120038 -0.179321 
19149 0.0122482 -0.0469581 
19150 0.0117847 0.0857457 
19151 0.0122883 0.218697 
19152 0.12281 -0.179103 
19153 0.12268 -0.046504 
19154 0.122328 0.086041 
19155 0.122122 0.217352 
19156 0.232096 -0.178278 
19157 0.231638 -0.0464764 
19158 0.231484 0.0853447 
19159 0.23101 0.217159 
19160 -0.196086 -0.175753 
19161 -0.19562 -0.0502413 
19162 -0.19625 0.0749852 
19163 -0.195678 0.19981 
19164 -0.0915441 -0.17513 
19165 -0.0916944 -0.0499339 
19166 -0.0909945 0.0747245 
19167 -0.0911983 0.199246 
19168 0.0127534 -0.174205 
19169 0.0122632 -0.049868 
19170 0.0122711 0.0747754 
19171 0.0127746 0.198347 
19172 0.116674 -0.173834 
19173 0.116045 -0.0488281 
19174 0.115202 0.0742831 
19175 0.115784 0.197731 
19176 0.219457 -0.172964 
19177 0.21881 -0.0492921 
19178 0.217726 0.0746477 
19179 0.217918 0.197679 
19180 -0.183591 -0.171374 
19181 -0.183694 -0.0529704 
19182 -0.183571 0.0656641 
19183 -0.183156 0.183063 
19184 -0.0849114 -0.170282 
19185 -0.0850751 -0.0524494 
19186 -0.0849984 0.0656745 
19187 -0.0846534 0.182241 
19188 0.0128538 -0.169563 
19189 0.0130616 -0.0522406 
19190 0.0124906 0.0651777 
19191 0.0124175 0.182057 
19192 0.110443 -0.168739 
19193 0.109997 -0.0512661 
19194 0.11021 0.065094 
19195 0.109702 0.181605 
19196 0.207147 -0.168052 
19197 0.207107 -0.0516579 
19198 0.206514 0.0645082 
19199 0.205638 0.181115 
19200 -0.173024 -0.166443 
19201 -0.172279 -0.0548808 
19202 -0.17245 0.0567985 
19203 -0.17237 0.168119 
19204 -0.0791501 -0.165252 
19205 -0.0789533 -0.0544492 
19206 -0.0790697 0.0573143 
19207 -0.0795041 0.167451 
19208 0.0133198 -0.164619 
19209 0.0134582 -0.053782 
19210 0.0132259 0.0568951 
19211 0.0125329 0.166459 
19212 0.1053 -0.16449 
19213 0.104797 -0.0531358 
19214 0.103839 0.0562499 
19215 0.103418 0.166737 
19216 0.19646 -0.163592 
19217 0.196001 -0.0526226 
19218 0.195593 0.0571455 
19219 0.194236 0.165829 
19220 -0.163384 -0.161685 
19221 -0.162769 -0.0564107 
19222 -0.162619 0.0497143 
19223 -0.162545 0.154377 
19224 -0.0741801 -0.161461 
19225 -0.0746379 -0.0559632 
19226 -0.0744756 0.0492214 
19227 -0.0746927 0.153825 
19228 0.0130948 -0.160733 
19229 0.0132016 -0.0552925 
19230 0.0123317 0.0492118 
19231 0.0120963 0.153543 
19232 0.100868 -0.159942 
19233 0.100059 -0.0550968 
19234 0.0990641 0.0495261 
19235 0.09834 0.153216 
19236 0.18693 -0.158736 
19237 0.185658 -0.0545104 
19238 0.185614 0.049406 
19239 0.184161 0.152948 
19240 -0.154162 -0.157974 
19241 -0.154258 -0.0576318 
19242 -0.15419 0.0435386 
19243 -0.154559 0.143102 
19244 -0.0704078 -0.156967 
19245 -0.0711701 -0.0564562 
19246 -0.0711033 0.0429904 
19247 -0.0709135 0.14232 
19248 0.0126615 -0.155612 
19249 0.0120928 -0.0558003 
19250 0.0121384 0.0434187 
19251 0.0114972 0.142449 
19252 0.0953508 -0.155029 
19253 0.0948847 -0.055956 
19254 0.0944096 0.0432964 
19255 0.0933222 0.14228 
19256 0.177491 -0.153783 
19257 0.176495 -0.0547392 
19258 0.175804 0.0436709 
19259 0.175231 0.142102 
19260 -0.146876 -0.154414 
19261 -0.147143 -0.0581995 
19262 -0.147662 0.0381548 
19263 -0.147322 0.132843 
19264 -0.066965 -0.152594 
19265 -0.0676874 -0.0568219 
19266 -0.0679395 0.0382435 
19267 -0.0677588 0.132272 
19268 0.0130552 -0.151877 
19269 0.0117647 -0.0563513 
19270 0.010927 0.038164 
19271 0.0107437 0.132096 
19272 0.0912269 -0.150923 
19273 0.0907288 -0.0563546 
19274 0.0894808 0.0377793 
19275 0.0890328 0.131813 
19276 0.169599 -0.149622 
19277 0.16805 -0.0557788 
19278 0.166882 0.0384833 
19279 0.165821 0.131534 
19280 -0.140064 -0.15022 
19281 -0.140901 -0.058171 
19282 -0.140647 0.0329278 
19283 -0.14095 0.12394 
19284 -0.0636462 -0.149202 
19285 -0.0643783 -0.0572245 
19286 -0.0651804 0.03342 
19287 -0.0656998 0.123368 
19288 0.012437 -0.148189 
19289 0.0112593 -0.0566375 
19290 0.0106476 0.0334074 
19291 0.00946715 0.122983 
19292 0.0869811 -0.14635 
19293 0.0863839 -0.0562342 
19294 0.0855542 0.0339236 
19295 0.0844425 0.123676 
19296 0.161708 -0.145817 
19297 0.160254 -0.0558471 
19298 0.159035 0.0342839 
19299 0.157977 0.12336 
19300 -0.134437 -0.146796 
19301 -0.134661 -0.0582744 
19302 -0.135805 0.0287906 
19303 -0.136207 0.115547 
19304 -0.0613423 -0.145552 
19305 -0.0620859 -0.0582426 
19306 -0.0620673 0.0293149 
19307 -0.0632579 0.115537 
19308 0.0116057 -0.14451 
19309 0.0108161 -0.0570295 
19310 0.00966295 0.0293793 
19311 0.00906139 0.115208 
19312 0.0834819 -0.143055 
19313 0.0823852 -0.0560716 
19314 0.0806277 0.0298614 
19315 0.0800869 0.115241 
19316 0.154452 -0.142082 
19317 0.152578 -0.0557905 
19318 0.152326 0.0301564 
19319 0.15066 0.115823 
19320 -0.128943 -0.142348 
19321 -0.130299 -0.0587658 
19322 -0.130801 0.0255731 
19323 -0.130803 0.108492 
19324 -0.0594849 -0.14116 
19325 -0.0599164 -0.0574215 
19326 -0.060884 0.0260195 
19327 -0.0608911 0.108237 
19328 0.0106432 -0.139943 
19329 0.00957942 -0.0565355 
19330 0.00856895 0.0265767 
19331 0.0074363 0.10869 
19332 0.0795731 -0.138568 
19333 0.0779867 -0.0561406 
19334 0.0767314 0.0261638 
19335 0.0758454 0.108844 
19336 0.147017 -0.137763 
19337 0.145633 -0.0553102 
19338 0.144735 0.0265656 
19339 0.143431 0.108275 
19340 -0.124273 -0.13887 
19341 -0.125662 -0.0585949 
19342 -0.125645 0.0226701 
19343 -0.126997 0.102502 
19344 -0.0574462 -0.13736 
19345 -0.0584497 -0.0568861 
19346 -0.0593278 0.0226635 
19347 -0.0593636 0.101889 
19348 0.00918105 -0.135997 
19349 0.00856251 -0.0568616 
19350 0.00780996 0.0233866 
19351 0.00675185 0.101891 
19352 0.0756854 -0.134872 
19353 0.0740933 -0.055007 
19354 0.0729551 0.0241845 
19355 0.0721285 0.102805 
19356 0.14047 -0.133862 
19357 0.13984 -0.0548073 
19358 0.138521 0.0238201 
19359 0.136957 0.102611 
19360 -0.120533 -0.136027 
19361 -0.121148 -0.0574824 
19362 -0.121719 0.0200374 
19363 -0.122795 0.0968802 
19364 -0.0555578 -0.133971 
19365 -0.0567019 -0.0572517 
19366 -0.0573882 0.0201361 
19367 -0.0589277 0.0965502 
19368 0.00823031 -0.132924 
19369 0.00728285 -0.0561771 
19370 0.00607387 0.0206235 
19371 0.00547588 0.0968717 
19372 0.0717985 -0.131612 
19373 0.0706372 -0.0545469 
19374 0.0696855 0.0215516 
19375 0.0682795 0.0975265 
19376 0.135113 -0.130298 
19377 0.133437 -0.0539062 
19378 0.132121 0.0224954 
19379 0.130359 0.0973147 
19380 -0.116761 -0.132605 
19381 -0.118095 -0.0566611 
19382 -0.119123 0.0170185 
19383 -0.119626 0.0917172 
19384 -0.0549942 -0.130739 
19385 -0.0559867 -0.0556984 
19386 -0.0562119 0.0183436 
19387 -0.0574492 0.0917841 
19388 0.00723871 -0.128951 
19389 0.00620219 -0.0552442 
19390 0.00458496 0.0186574 
19391 0.00335336 0.0920927 
19392 0.0680744 -0.127407 
19393 0.0673874 -0.0537478 
19394 0.0658503 0.0191809 
19395 0.0638246 0.0925764 
19396 0.128714 -0.126572 
19397 0.127823 -0.052885 
19398 0.125835 0.0203041 
19399 0.124458 0.0924149 
19400 -0.113802 -0.128557 
19401 -0.114864 -0.0559654 
19402 -0.115612 0.0154557 
19403 -0.116789 0.0872477 
19404 -0.0536646 -0.127124 
19405 -0.054253 -0.0550389 
19406 -0.0556923 0.0160046 
19407 -0.0570516 0.0879161 
19408 0.0059957 -0.125372 
19409 0.00443162 -0.0534616 
19410 0.00347913 0.0169311 
19411 0.00183521 0.0875457 
19412 0.064923 -0.124208 
19413 0.0635108 -0.0525789 
19414 0.0620639 0.0177216 
19415 0.0604834 0.0878781 
19416 0.123204 -0.122286 
19417 0.121904 -0.051649 
19418 0.119829 0.018797 
19419 0.118737 0.0883898 
19420 -0.111062 -0.125005 
19421 -0.112181 -0.054908 
19422 -0.112942 0.0143359 
19423 -0.113935 0.0828118 
19424 -0.0525925 -0.123167 
19425 -0.0541377 -0.0545079 
19426 -0.0548302 0.0149782 
19427 -0.0564596 0.08331 
19428 0.00469664 -0.121887 
19429 0.00317679 -0.0532184 
19430 0.00239944 0.015721 
19431 0.00081592 0.0837356 
19432 0.0619581 -0.12047 
19433 0.0605958 -0.0515214 
19434 0.0582391 0.0166714 
19435 0.056791 0.0850677 
19436 0.118038 -0.118463 
19437 0.116079 -0.0505593 
19438 0.114871 0.0178648 
19439 0.112854 0.0847555 
