19100 -0.332949 -0.216509 
19101 -0.333685 -0.0164773 
19102 -0.333495 0.183588 
19103 -0.333776 0.38319 
19104 -0.166394 -0.216364 
19105 -0.166244 -0.0161764 
19106 -0.166986 0.183658 
19107 -0.166777 0.383222 
19108 -0.000371949 -0.21652 
19109 -0.000460345 -0.0163769 
19110 0.000305551 0.183009 
19111 0.000371275 0.383425 
19112 0.16674 -0.216886 
19113 0.166563 -0.0171423 
19114 0.167048 0.18361 
19115 0.166315 0.38377 
19116 0.332997 -0.216352 
19117 0.332892 -0.0171611 
19118 0.333798 0.182983 
19119 0.332887 0.382905 
19120 -0.29952 -0.205975 
19121 -0.299075 -0.0238928 
19122 -0.29906 0.157608 
19123 -0.298837 0.339377 
19124 -0.147386 -0.205288 
19125 -0.147235 -0.0236148 
19126 -0.146762 0.157877 
19127 -0.147239 0.339377 
19128 0.00467417 -0.205911 
19129 0.00477796 -0.0240801 
19130 0.00396156 0.157578 
19131 0.00417944 0.338936 
19132 0.155427 -0.205046 
19133 0.155105 -0.0235899 
19134 0.155374 0.157822 
19135 0.155387 0.33867 
19136 0.306803 -0.204745 
19137 0.306868 -0.0236728 
19138 0.30665 0.158138 
19139 0.306593 0.339241 
19140 -0.270474 -0.196433 
19141 -0.270776 -0.0295265 
19142 -0.270705 0.137206 
19143 -0.270189 0.304086 
19144 -0.131404 -0.196661 
19145 -0.130873 -0.0292521 
19146 -0.131339 0.137237 
19147 -0.131128 0.303458 
19148 0.00788121 -0.196384 
19149 0.00733633 -0.0293516 
19150 0.00699784 0.137336 
19151 0.00777897 0.303102 
19152 0.146135 -0.19537 
19153 0.146012 -0.0292689 
19154 0.145721 0.136784 
19155 0.145368 0.302809 
19156 0.284851 -0.195533 
19157 0.283818 -0.0286488 
19158 0.284012 0.136445 
19159 0.2831 0.302442 
19160 -0.246791 -0.188293 
19161 -0.246645 -0.0338617 
19162 -0.246899 0.119702 
19163 -0.247062 0.273644 
19164 -0.118098 -0.188356 
19165 -0.117897 -0.0342726 
19166 -0.118455 0.119517 
19167 -0.117889 0.27306 
19168 0.0102313 -0.187641 
19169 0.00993119 -0.0336388 
19170 0.0100022 0.119414 
19171 0.0090274 0.273153 
19172 0.138023 -0.187393 
19173 0.13737 -0.0337218 
19174 0.136806 0.119984 
19175 0.137229 0.272111 
19176 0.265352 -0.186595 
19177 0.265008 -0.0328235 
19178 0.264271 0.119359 
19179 0.263505 0.271539 
19180 -0.226919 -0.181394 
19181 -0.226583 -0.0373649 
19182 -0.226993 0.105576 
19183 -0.226446 0.247681 
19184 -0.107673 -0.180386 
19185 -0.107124 -0.0370567 
19186 -0.107944 0.105071 
19187 -0.107793 0.24728 
19188 0.0113818 -0.179927 
19189 0.0113128 -0.0371508 
19190 0.011813 0.104817 
19191 0.0109962 0.247487 
19192 0.130367 -0.179713 
19193 0.129793 -0.036538 
19194 0.129878 0.105482 
19195 0.12927 0.246377 
19196 0.248464 -0.178453 
19197 0.247898 -0.0366809 
19198 0.247215 0.104757 
19199 0.24659 0.246297 
19200 -0.210365 -0.174366 
19201 -0.210265 -0.0405919 
19202 -0.210248 0.0932845 
19203 -0.209927 0.22572 
19204 -0.0982312 -0.173325 
19205 -0.0983403 -0.040144 
19206 -0.0988731 0.0933902 
19207 -0.098664 0.226236 
19208 0.0135971 -0.172954 
19209 0.0132575 -0.0400182 
19210 0.0123425 0.0926422 
19211 0.0123494 0.225101 
19212 0.12391 -0.172099 
19213 0.122785 -0.0394956 
19214 0.122321 0.093253 
19215 0.122113 0.224789 
19216 0.234282 -0.17165 
19217 0.233331 -0.0393167 
19218 0.232574 0.0934658 
19219 0.2311 0.22428 
19220 -0.195764 -0.168582 
19221 -0.195333 -0.0429907 
19222 -0.195697 0.0824291 
19223 -0.195064 0.207289 
19224 -0.0900674 -0.167353 
19225 -0.09074 -0.0418873 
19226 -0.0911209 0.0824405 
19227 -0.0908911 0.207101 
19228 0.0142939 -0.166204 
19229 0.0132515 -0.0419095 
19230 0.0132154 0.0830165 
19231 0.0129704 0.206626 
19232 0.117245 -0.166267 
19233 0.117217 -0.041297 
19234 0.116838 0.0832289 
19235 0.115507 0.206452 
19236 0.220376 -0.165093 
19237 0.219695 -0.0407051 
19238 0.218939 0.0826445 
19239 0.217767 0.205927 
19240 -0.183001 -0.162885 
19241 -0.183063 -0.0437917 
19242 -0.182917 0.0736839 
19243 -0.182727 0.191484 
19244 -0.083252 -0.16174 
19245 -0.0841485 -0.0439029 
19246 -0.0848025 0.0738305 
19247 -0.0850047 0.190548 
19248 0.0149237 -0.16069 
19249 0.0144371 -0.0428543 
19250 0.0137905 0.073734 
19251 0.0124661 0.190198 
19252 0.1121 -0.160044 
19253 0.111285 -0.0421222 
19254 0.110631 0.0743614 
19255 0.109401 0.190242 
19256 0.209112 -0.158567 
19257 0.208361 -0.0423398 
19258 0.207298 0.0743065 
19259 0.205569 0.189939 
19260 -0.171235 -0.157461 
19261 -0.17211 -0.04517 
19262 -0.171601 0.0657059 
19263 -0.172342 0.177374 
19264 -0.0778441 -0.156345 
19265 -0.0785174 -0.0447354 
19266 -0.0791216 0.0666117 
19267 -0.0791241 0.176516 
19268 0.0145905 -0.154837 
19269 0.0142158 -0.044457 
19270 0.0137299 0.0662399 
19271 0.0125007 0.176901 
19272 0.106794 -0.15429 
19273 0.106265 -0.0438739 
19274 0.10534 0.0668773 
19275 0.104535 0.176843 
19276 0.198052 -0.152899 
19277 0.197459 -0.0432207 
19278 0.196384 0.0664562 
19279 0.195412 0.176628 
19280 -0.161904 -0.152818 
19281 -0.161815 -0.046371 
19282 -0.162802 0.0598861 
19283 -0.162865 0.164202 
19284 -0.0729834 -0.151573 
19285 -0.0736883 -0.0454767 
19286 -0.0745899 0.0599748 
19287 -0.0744783 0.164906 
19288 0.0143794 -0.15 
19289 0.0138464 -0.0447553 
19290 0.0134115 0.0598388 
19291 0.01191 0.163933 
19292 0.101642 -0.149077 
19293 0.100644 -0.0434948 
19294 0.0999663 0.0606944 
19295 0.0988292 0.163805 
19296 0.188943 -0.147504 
19297 0.187204 -0.0431454 
19298 0.185667 0.0603414 
19299 0.184961 0.164596 
19300 -0.152752 -0.147091 
19301 -0.153444 -0.0463977 
19302 -0.15446 0.054276 
19303 -0.154413 0.154121 
19304 -0.0691902 -0.14594 
19305 -0.0693873 -0.0452922 
19306 -0.0703096 0.054097 
19307 -0.0710388 0.153519 
19308 0.0142245 -0.145113 
19309 0.0132937 -0.044896 
19310 0.0130083 0.0545926 
19311 0.0119128 0.153592 
19312 0.0977406 -0.143557 
19313 0.0963219 -0.0439865 
19314 0.0951 0.0549155 
19315 0.0939759 0.153997 
19316 0.179572 -0.142089 
19317 0.178503 -0.0428827 
19318 0.1765 0.0553292 
19319 0.175603 0.153352 
19320 -0.14597 -0.143335 
19321 -0.146156 -0.0468062 
19322 -0.146617 0.0485222 
19323 -0.147253 0.144477 
19324 -0.0653097 -0.141783 
19325 -0.066123 -0.0453535 
19326 -0.0674521 0.0493794 
19327 -0.0676476 0.144601 
19328 0.0144411 -0.139836 
19329 0.0135681 -0.0450884 
19330 0.0119491 0.0499404 
19331 0.0111135 0.144365 
19332 0.0927113 -0.138673 
19333 0.0920959 -0.0443496 
19334 0.0905893 0.0504283 
19335 0.0894399 0.143957 
19336 0.170678 -0.137688 
19337 0.169333 -0.0435118 
19338 0.168022 0.0509792 
19339 0.166946 0.14454 
19340 -0.138808 -0.138548 
19341 -0.140157 -0.0466733 
19342 -0.14066 0.0451219 
19343 -0.140964 0.135291 
19344 -0.0619717 -0.137501 
19345 -0.0627964 -0.0458678 
19346 -0.0641446 0.045828 
19347 -0.0649032 0.13626 
19348 0.0133642 -0.135178 
19349 0.0120739 -0.0446492 
19350 0.0113824 0.0461113 
19351 0.0105372 0.135987 
19352 0.0888625 -0.133815 
19353 0.0871902 -0.0435466 
19354 0.0864512 0.046665 
19355 0.0849638 0.135744 
19356 0.163259 -0.132408 
19357 0.161685 -0.0422341 
19358 0.159934 0.0469447 
19359 0.159159 0.136008 
19360 -0.133429 -0.133935 
19361 -0.133638 -0.0461989 
19362 -0.13529 0.041688 
19363 -0.135549 0.127919 
19364 -0.0600191 -0.132501 
19365 -0.0606529 -0.0446021 
19366 -0.0616332 0.041625 
19367 -0.0631958 0.128237 
19368 0.0127882 -0.131361 
19369 0.0119259 -0.0443542 
19370 0.0104241 0.042144 
19371 0.00889971 0.128302 
19372 0.0845438 -0.129602 
19373 0.0836693 -0.0429924 
19374 0.0816753 0.0436544 
19375 0.0802171 0.129143 
19376 0.156504 -0.1279 
19377 0.154539 -0.0422489 
19378 0.152886 0.0438391 
19379 0.150982 0.129242 
19380 -0.127897 -0.129952 
19381 -0.12871 -0.0455493 
19382 -0.129353 0.0387655 
19383 -0.131161 0.12157 
19384 -0.057298 -0.127957 
19385 -0.0589009 -0.0448135 
19386 -0.0595093 0.0392965 
19387 -0.0609505 0.122108 
19388 0.0121607 -0.126535 
19389 0.0103174 -0.0428853 
19390 0.00978565 0.0400648 
19391 0.00802673 0.121941 
19392 0.0810344 -0.12523 
19393 0.0790045 -0.0416232 
19394 0.0782297 0.0406114 
19395 0.0767551 0.12249 
19396 0.149133 -0.123945 
19397 0.147147 -0.0406862 
19398 0.146265 0.0411849 
19399 0.144175 0.123057 
19400 -0.123074 -0.125986 
19401 -0.124809 -0.045063 
19402 -0.12554 0.0356275 
19403 -0.126467 0.116344 
19404 -0.055895 -0.124459 
19405 -0.0572289 -0.0432349 
19406 -0.0586025 0.0362199 
19407 -0.0590706 0.116299 
19408 0.0116536 -0.122645 
19409 0.00989313 -0.0423228 
19410 0.00782934 0.0372115 
19411 0.00650343 0.116513 
19412 0.0768723 -0.121192 
19413 0.0758475 -0.0413712 
19414 0.0741589 0.0381467 
19415 0.072678 0.117516 
19416 0.142937 -0.119287 
19417 0.140688 -0.0397774 
19418 0.138787 0.0390213 
19419 0.137792 0.117283 
19420 -0.119541 -0.12149 
19421 -0.119858 -0.0436164 
19422 -0.12175 0.0333998 
19423 -0.123232 0.110489 
19424 -0.0544438 -0.119483 
19425 -0.0550575 -0.0424762 
19426 -0.0566162 0.0343895 
19427 -0.0586299 0.110935 
19428 0.00969276 -0.118411 
19429 0.00868976 -0.0410905 
19430 0.00671689 0.0358083 
19431 0.00543776 0.111919 
19432 0.074221 -0.116878 
19433 0.0719435 -0.0396447 
19434 0.0706287 0.036958 
19435 0.0680606 0.112106 
19436 0.136354 -0.114951 
19437 0.135087 -0.0383654 
19438 0.132815 0.0370023 
19439 0.130914 0.112906 
19440 -0.115649 -0.118197 
19441 -0.116517 -0.0426642 
19442 -0.117909 0.0324089 
19443 -0.119419 0.106056 
19444 -0.0527122 -0.115979 
19445 -0.0546064 -0.0414942 
19446 -0.0562562 0.0330674 
19447 -0.057072 0.106763 
19448 0.00951012 -0.114036 
19449 0.00775526 -0.0402748 
19450 0.00529078 0.033594 
19451 0.0043052 0.107412 
19452 0.0699339 -0.112709 
19453 0.0686995 -0.0386575 
19454 0.0669848 0.0348163 
19455 0.0650673 0.108442 
19456 0.131315 -0.110261 
19457 0.128741 -0.037152 
19458 0.126876 0.0360807 
19459 0.125166 0.108978 
19460 -0.112357 -0.114267 
19461 -0.113754 -0.0409345 
19462 -0.114976 0.0309747 
19463 -0.116166 0.102114 
19464 -0.0517249 -0.111621 
19465 -0.0532016 -0.0401304 
19466 -0.0555007 0.0316318 
19467 -0.0569128 0.103063 
19468 0.00773491 -0.11027 
19469 0.0059861 -0.0384966 
19470 0.00413462 0.0333179 
19471 0.00278029 0.103513 
19472 0.0673661 -0.107697 
19473 0.0648279 -0.036593 
19474 0.0631757 0.0339001 
19475 0.0607274 0.104281 
19476 0.12526 -0.106323 
19477 0.123232 -0.0353082 
19478 0.120995 0.0345368 
19479 0.118882 0.104757 
19480 -0.109038 -0.109659 
19481 -0.110925 -0.0400805 
19482 -0.112531 0.0298477 
19483 -0.114407 0.0990779 
19484 -0.0510814 -0.107632 
19485 -0.052862 -0.0388127 
19486 -0.0548427 0.0312579 
19487 -0.0566794 0.0994219 
19488 0.00709175 -0.106226 
19489 0.00431952 -0.0364301 
19490 0.00283732 0.0318127 
19491 0.00129471 0.10044 
19492 0.0632518 -0.103992 
19493 0.0613439 -0.0357979 
19494 0.0593652 0.0328931 
19495 0.0577795 0.101612 
19496 0.120122 -0.102249 
19497 0.117872 -0.0340739 
19498 0.115423 0.0346667 
19499 0.113318 0.101533 
