19320 -0.333317 -0.216222 
19321 -0.333212 -0.0170547 
19322 -0.333536 0.183141 
19323 -0.333094 0.383164 
19324 -0.166264 -0.217141 
19325 -0.166223 -0.016787 
19326 -0.16697 0.183366 
19327 -0.167067 0.383185 
19328 0.000128774 -0.216942 
19329 0.000295071 -0.0168648 
19330 -0.000137517 0.183003 
19331 -8.26974e-05 0.383423 
19332 0.166237 -0.216216 
19333 0.16621 -0.0171391 
19334 0.167019 0.18286 
19335 0.166962 0.383786 
19336 0.333329 -0.216492 
19337 0.333045 -0.0168111 
19338 0.332968 0.182868 
19339 0.333702 0.383629 
19340 -0.29811 -0.199222 
19341 -0.298974 -0.0167094 
19342 -0.299061 0.165958 
19343 -0.298822 0.347739 
19344 -0.146051 -0.198248 
19345 -0.146474 -0.0165148 
19346 -0.146741 0.165771 
19347 -0.147421 0.347058 
19348 0.00532349 -0.198341 
19349 0.00503361 -0.0157239 
19350 0.00506814 0.166269 
19351 0.00454128 0.347309 
19352 0.156633 -0.197755 
19353 0.15674 -0.0159148 
19354 0.15593 0.165985 
19355 0.155636 0.347873 
19356 0.3076 -0.197472 
19357 0.307237 -0.0153184 
19358 0.307149 0.166023 
19359 0.306845 0.347838 
19360 -0.269729 -0.183398 
19361 -0.269522 -0.0162757 
19362 -0.270097 0.151446 
19363 -0.271225 0.31765 
19364 -0.129802 -0.18252 
19365 -0.130883 -0.0152746 
19366 -0.130992 0.151184 
19367 -0.131437 0.318529 
19368 0.00945902 -0.18153 
19369 0.00850931 -0.0145691 
19370 0.00840867 0.151563 
19371 0.00785953 0.31807 
19372 0.14828 -0.180694 
19373 0.147225 -0.0140473 
19374 0.146866 0.152016 
19375 0.145666 0.318328 
19376 0.286615 -0.180687 
19377 0.286149 -0.0135533 
19378 0.285028 0.152555 
19379 0.2844 0.318448 
19380 -0.245868 -0.169509 
19381 -0.246308 -0.0149387 
19382 -0.24711 0.139415 
19383 -0.246816 0.294099 
19384 -0.115964 -0.169143 
19385 -0.117062 -0.0143617 
19386 -0.118149 0.140198 
19387 -0.118068 0.294117 
19388 0.0118787 -0.167347 
19389 0.011477 -0.0136789 
19390 0.0106116 0.140388 
19391 0.0102584 0.29333 
19392 0.140404 -0.166749 
19393 0.139863 -0.0126797 
19394 0.138296 0.14076 
19395 0.137613 0.29394 
19396 0.268169 -0.165307 
19397 0.267328 -0.0122718 
19398 0.265723 0.140869 
19399 0.264554 0.293699 
19400 -0.225532 -0.157747 
19401 -0.225696 -0.0136062 
19402 -0.226244 0.130001 
19403 -0.227651 0.273577 
19404 -0.104482 -0.15607 
19405 -0.105477 -0.0132077 
19406 -0.10663 0.130512 
19407 -0.107236 0.273107 
19408 0.0145645 -0.155617 
19409 0.0134996 -0.0116591 
19410 0.0121323 0.130818 
19411 0.0117655 0.273907 
19412 0.133976 -0.154147 
19413 0.13235 -0.011518 
19414 0.13139 0.131512 
19415 0.130519 0.273611 
19416 0.252561 -0.15236 
19417 0.251191 -0.0105945 
19418 0.249763 0.131698 
19419 0.248298 0.273781 
19420 -0.207146 -0.147023 
19421 -0.20823 -0.0119282 
19422 -0.209116 0.121769 
19423 -0.21007 0.255515 
19424 -0.0954869 -0.1452 
19425 -0.0959638 -0.0114475 
19426 -0.0971694 0.12279 
19427 -0.0989821 0.255868 
19428 0.0162174 -0.14419 
19429 0.0151337 -0.0101738 
19430 0.0134701 0.123521 
19431 0.0121264 0.25612 
19432 0.127859 -0.142393 
19433 0.126411 -0.00929469 
19434 0.124187 0.123622 
19435 0.123268 0.256309 
19436 0.237638 -0.140792 
19437 0.236111 -0.00789753 
19438 0.235239 0.124499 
19439 0.233379 0.257001 
19440 -0.192897 -0.137106 
19441 -0.193602 -0.0110058 
19442 -0.194876 0.115104 
19443 -0.196494 0.240606 
19444 -0.0870085 -0.135559 
19445 -0.0889085 -0.00980126 
19446 -0.0897399 0.11662 
19447 -0.0908218 0.240808 
19448 0.0176735 -0.133625 
19449 0.0166752 -0.00778772 
19450 0.014345 0.11721 
19451 0.013737 0.241381 
19452 0.121734 -0.132425 
19453 0.120543 -0.00664933 
19454 0.118287 0.117549 
19455 0.117133 0.242281 
19456 0.224857 -0.130117 
19457 0.223708 -0.00567455 
19458 0.221816 0.118813 
19459 0.219966 0.24238 
19460 -0.179663 -0.127848 
19461 -0.181153 -0.00858122 
19462 -0.181786 0.110087 
19463 -0.183551 0.228698 
19464 -0.0804159 -0.125756 
19465 -0.0811888 -0.00696554 
19466 -0.0835654 0.111344 
19467 -0.0844007 0.228853 
19468 0.0184378 -0.124067 
19469 0.0171043 -0.00638053 
19470 0.0152432 0.112159 
19471 0.0134914 0.229465 
19472 0.116369 -0.122775 
19473 0.115084 -0.00486757 
19474 0.113061 0.112419 
19475 0.111321 0.229219 
19476 0.213603 -0.120974 
19477 0.211831 -0.00309365 
19478 0.209674 0.113702 
19479 0.20747 0.230342 
19480 -0.168343 -0.119484 
19481 -0.170141 -0.00668999 
19482 -0.171489 0.105921 
19483 -0.172544 0.216987 
19484 -0.073936 -0.116852 
19485 -0.0763563 -0.00509689 
19486 -0.0776155 0.106516 
19487 -0.0791607 0.217523 
19488 0.0193941 -0.115243 
19489 0.017573 -0.00413747 
19490 0.0154956 0.108009 
19491 0.0139414 0.218493 
19492 0.111408 -0.113633 
19493 0.109272 -0.00187128 
19494 0.107554 0.108317 
19495 0.105887 0.218729 
19496 0.203789 -0.111148 
19497 0.200864 -0.000873607 
19498 0.198927 0.109796 
19499 0.197003 0.219893 
19500 -0.158261 -0.111373 
19501 -0.160063 -0.00481186 
19502 -0.161701 0.101688 
19503 -0.163474 0.207341 
19504 -0.069582 -0.109218 
19505 -0.0711523 -0.00249031 
19506 -0.0728303 0.103464 
19507 -0.0742958 0.208024 
19508 0.0193051 -0.107449 
19509 0.0173683 -0.00178348 
19510 0.0151724 0.104298 
19511 0.0131349 0.209451 
19512 0.106741 -0.104997 
19513 0.105021 5.60965e-05 
19514 0.103136 0.105263 
19515 0.100784 0.210169 
19516 0.193382 -0.103135 
19517 0.191305 0.0016379 
19518 0.189141 0.106814 
19519 0.186544 0.210234 
19520 -0.149345 -0.103288 
19521 -0.150844 -0.00211366 
19522 -0.153681 0.0989627 
19523 -0.154818 0.199588 
19524 -0.0645352 -0.101467 
19525 -0.0670207 -0.000823015 
19526 -0.0684466 0.0997332 
19527 -0.0711189 0.200384 
19528 0.019342 -0.0989754 
19529 0.017396 0.00125466 
19530 0.0148973 0.101245 
19531 0.0132216 0.201521 
19532 0.10278 -0.0974971 
19533 0.0999145 0.00266013 
19534 0.0981098 0.102828 
19535 0.0959231 0.202408 
19536 0.185154 -0.0955947 
19537 0.182921 0.0042902 
19538 0.180115 0.103346 
19539 0.177923 0.203221 
19540 -0.142024 -0.0962162 
19541 -0.143695 0.000571416 
19542 -0.145672 0.0966729 
19543 -0.147368 0.192097 
19544 -0.0607241 -0.0939838 
19545 -0.0635229 0.00174222 
19546 -0.0654499 0.098278 
19547 -0.0674698 0.193617 
19548 0.0189679 -0.0919534 
19549 0.0166843 0.00339222 
19550 0.0142806 0.0988937 
19551 0.0122837 0.193835 
19552 0.0980823 -0.0900207 
19553 0.0957814 0.00570725 
19554 0.0929864 0.100812 
19555 0.0906697 0.194784 
19556 0.176373 -0.0872377 
19557 0.174679 0.00702017 
19558 0.172277 0.101371 
19559 0.169661 0.196274 
19560 -0.134593 -0.0903168 
19561 -0.13712 0.00205481 
19562 -0.139633 0.0943575 
19563 -0.141892 0.18653 
19564 -0.0579057 -0.0879819 
19565 -0.0603598 0.00485129 
19566 -0.0627284 0.096208 
19567 -0.0647915 0.187497 
19568 0.0185439 -0.0847577 
19569 0.0158099 0.00670104 
19570 0.0142053 0.0974045 
19571 0.0111499 0.188405 
19572 0.0941244 -0.0827873 
19573 0.0918483 0.00805788 
19574 0.0892461 0.0986543 
19575 0.0865742 0.189487 
19576 0.169614 -0.0804824 
19577 0.166962 0.00990321 
19578 0.163618 0.0998674 
19579 0.160963 0.189961 
19580 -0.129256 -0.0835657 
19581 -0.131049 0.00504596 
19582 -0.133659 0.0927143 
19583 -0.135689 0.180986 
19584 -0.055495 -0.0808742 
19585 -0.0572173 0.00716992 
19586 -0.0602785 0.0950634 
19587 -0.0625442 0.181784 
19588 0.0184968 -0.0783194 
19589 0.0153467 0.00901807 
19590 0.0125962 0.0962135 
19591 0.010557 0.183396 
19592 0.090832 -0.0766536 
19593 0.0881049 0.0105386 
19594 0.0848995 0.0975055 
19595 0.0820969 0.183841 
19596 0.161908 -0.0735673 
19597 0.159456 0.0124025 
19598 0.156954 0.0995674 
19599 0.153362 0.185066 
19600 -0.123672 -0.076908 
19601 -0.126152 0.00757926 
19602 -0.128708 0.0923386 
19603 -0.131233 0.176397 
19604 -0.0529346 -0.0752932 
19605 -0.0552538 0.00957824 
19606 -0.057507 0.0939931 
19607 -0.0607416 0.177601 
19608 0.017181 -0.0725696 
19609 0.0142315 0.0115948 
19610 0.0124634 0.0952013 
19611 0.00896164 0.178825 
19612 0.0866845 -0.0698732 
19613 0.0835853 0.013841 
19614 0.081327 0.0967773 
19615 0.0784801 0.179839 
19616 0.155621 -0.0671661 
19617 0.152885 0.0156419 
19618 0.14966 0.0983728 
19619 0.14636 0.18123 
19620 -0.118636 -0.071277 
19621 -0.120819 0.0102438 
19622 -0.123837 0.0911372 
19623 -0.126368 0.172095 
19624 -0.0504564 -0.0691762 
19625 -0.05364 0.0121461 
19626 -0.0559899 0.0927633 
19627 -0.0589572 0.173845 
19628 0.0164047 -0.0667728 
19629 0.0136099 0.0146629 
19630 0.0110246 0.0943512 
19631 0.00772233 0.174717 
19632 0.0834615 -0.0642439 
19633 0.0800181 0.0159086 
19634 0.077148 0.0959734 
19635 0.0741237 0.176228 
19636 0.149338 -0.0607926 
19637 0.146107 0.0182988 
19638 0.143237 0.0982713 
19639 0.140056 0.177368 
19640 -0.114114 -0.066035 
19641 -0.116839 0.0130376 
19642 -0.12033 0.0912197 
19643 -0.122906 0.16876 
19644 -0.0487156 -0.0631361 
19645 -0.0516501 0.0148092 
19646 -0.0546419 0.0925536 
19647 -0.0576813 0.17039 
19648 0.0159068 -0.0601648 
19649 0.012746 0.0171207 
19650 0.0097596 0.0941537 
19651 0.00730423 0.170959 
19652 0.0793194 -0.0578444 
19653 0.0761268 0.019504 
19654 0.0731383 0.0958829 
19655 0.0709091 0.172619 
19656 0.142864 -0.0551306 
19657 0.140209 0.0209178 
19658 0.136951 0.0976055 
19659 0.134104 0.173743 
19660 -0.110497 -0.0606932 
19661 -0.114066 0.015131 
19662 -0.116531 0.0900897 
19663 -0.119047 0.165804 
19664 -0.0475161 -0.0577021 
19665 -0.0511647 0.0179042 
19666 -0.0538926 0.092461 
19667 -0.0566849 0.167193 
19668 0.0145156 -0.0553953 
19669 0.0114665 0.0195108 
19670 0.008347 0.0946589 
19671 0.00558369 0.16845 
19672 0.0762434 -0.0518178 
19673 0.0729481 0.0215451 
19674 0.0700994 0.0955351 
19675 0.0672551 0.170024 
19676 0.136878 -0.0498085 
19677 0.134263 0.0241328 
19678 0.130593 0.0973104 
19679 0.128129 0.171103 
19680 -0.107805 -0.0548359 
19681 -0.110238 0.0173893 
19682 -0.112836 0.0900885 
19683 -0.115832 0.163149 
19684 -0.0466271 -0.0526669 
19685 -0.0497693 0.0204489 
19686 -0.0529523 0.0926793 
19687 -0.0561183 0.164337 
19688 0.0131604 -0.050039 
19689 0.00988571 0.0222472 
19690 0.00733177 0.094189 
19691 0.00382249 0.165984 
19692 0.0730282 -0.0467505 
19693 0.0698521 0.0250876 
19694 0.0661065 0.0964705 
19695 0.0638143 0.166897 
19696 0.131208 -0.0446995 
19697 0.128717 0.026765 
19698 0.125436 0.0983504 
19699 0.121702 0.16926 
19700 -0.104327 -0.049516 
19701 -0.107648 0.0203034 
19702 -0.110442 0.0906381 
19703 -0.113958 0.160897 
19704 -0.0453469 -0.0468397 
19705 -0.0490361 0.0230144 
19706 -0.0523602 0.0923031 
19707 -0.0546298 0.162324 
19708 0.0119304 -0.043976 
19709 0.00892922 0.024883 
19710 0.00595156 0.094647 
19711 0.0023679 0.164069 
19712 0.0697505 -0.0415158 
19713 0.0667441 0.0274414 
19714 0.0627418 0.0963379 
19715 0.0596324 0.165695 
19716 0.126245 -0.0391767 
19717 0.123177 0.029464 
19718 0.119695 0.0981244 
19719 0.116388 0.166614 
