1940 -0.333545 -0.216789 
1941 -0.332922 -0.0170519 
1942 -0.3331 0.183252 
1943 -0.33351 0.383465 
1944 -0.166327 -0.216327 
1945 -0.166829 -0.0170055 
1946 -0.166366 0.18322 
1947 -0.166975 0.383007 
1948 -3.47823e-05 -0.217027 
1949 0.000398082 -0.0165424 
1950 -0.000225946 0.182885 
1951 -4.09172e-05 0.383729 
1952 0.166751 -0.217078 
1953 0.16624 -0.016383 
1954 0.166559 0.183658 
1955 0.166648 0.383544 
1956 0.333435 -0.217111 
1957 0.333261 -0.0162031 
1958 0.332979 0.183261 
1959 0.333623 0.383809 
1960 -0.325684 -0.207534 
1961 -0.32588 -0.0237042 
1962 -0.326198 0.161532 
1963 -0.326619 0.345276 
1964 -0.171445 -0.207066 
1965 -0.171559 -0.0229261 
1966 -0.17205 0.161459 
1967 -0.17307 0.345866 
1968 -0.0173784 -0.206871 
1969 -0.0178718 -0.0223028 
1970 -0.0182182 0.161439 
1971 -0.018957 0.345172 
1972 0.135836 -0.205688 
1973 0.135458 -0.0218704 
1974 0.135044 0.161427 
1975 0.133766 0.346127 
1976 0.289072 -0.20563 
1977 0.287858 -0.0217427 
1978 0.287965 0.161789 
1979 0.287358 0.345728 
1980 -0.319129 -0.200251 
1981 -0.319711 -0.0290771 
1982 -0.320189 0.142262 
1983 -0.320759 0.312618 
1984 -0.176015 -0.199125 
1985 -0.176427 -0.0285413 
1986 -0.177203 0.14221 
1987 -0.178216 0.313411 
1988 -0.0335563 -0.197955 
1989 -0.0337367 -0.027242 
1990 -0.0354899 0.143058 
1991 -0.0353795 0.313355 
1992 0.109188 -0.197453 
1993 0.107792 -0.0270615 
1994 0.107243 0.143462 
1995 0.105826 0.314163 
1996 0.250648 -0.19569 
1997 0.249892 -0.0263571 
1998 0.24828 0.143844 
1999 0.247111 0.314507 
2000 -0.31384 -0.193154 
2001 -0.314194 -0.0334544 
2002 -0.315421 0.125418 
2003 -0.316311 0.28565 
2004 -0.179752 -0.191626 
2005 -0.180878 -0.0328519 
2006 -0.182342 0.126932 
2007 -0.183179 0.285714 
2008 -0.0472395 -0.190277 
2009 -0.0485748 -0.0319645 
2010 -0.0496739 0.127657 
2011 -0.0505908 0.286285 
2012 0.0852725 -0.189197 
2013 0.0841296 -0.0309414 
2014 0.0823569 0.128578 
2015 0.0815303 0.28644 
2016 0.216703 -0.187252 
2017 0.215571 -0.0290319 
2018 0.213837 0.128555 
2019 0.212555 0.286959 
2020 -0.308736 -0.187698 
2021 -0.310512 -0.037661 
2022 -0.311961 0.111849 
2023 -0.31324 0.260902 
2024 -0.184207 -0.185775 
2025 -0.185384 -0.0365304 
2026 -0.187133 0.112151 
2027 -0.188206 0.261871 
2028 -0.0594682 -0.183393 
2029 -0.0609983 -0.0350928 
2030 -0.0623578 0.113143 
2031 -0.0641414 0.262506 
2032 0.064068 -0.182129 
2033 0.0629091 -0.0332921 
2034 0.0610152 0.114421 
2035 0.0595137 0.262759 
2036 0.188006 -0.180079 
2037 0.185811 -0.0320933 
2038 0.183973 0.115302 
2039 0.182517 0.263304 
2040 -0.305119 -0.182109 
2041 -0.307085 -0.0411013 
2042 -0.309425 0.0990703 
2043 -0.31062 0.239721 
2044 -0.187959 -0.180236 
2045 -0.189416 -0.0394612 
2046 -0.19079 0.100198 
2047 -0.192992 0.240505 
2048 -0.0710779 -0.178292 
2049 -0.0729482 -0.0384044 
2050 -0.0742839 0.10145 
2051 -0.076174 0.240926 
2052 0.0454366 -0.176332 
2053 0.0435229 -0.0364264 
2054 0.0421296 0.103347 
2055 0.0399551 0.241781 
2056 0.16119 -0.1735 
2057 0.15915 -0.0347853 
2058 0.157536 0.104196 
2059 0.155163 0.243207 
2060 -0.302795 -0.177302 
2061 -0.304689 -0.0448151 
2062 -0.307045 0.0887869 
2063 -0.308335 0.221319 
2064 -0.191576 -0.174983 
2065 -0.193821 -0.0424518 
2066 -0.195591 0.0893784 
2067 -0.197698 0.222036 
2068 -0.0814893 -0.172059 
2069 -0.0834323 -0.0400793 
2070 -0.0849621 0.0915336 
2071 -0.0866785 0.222826 
2072 0.0291891 -0.169746 
2073 0.0268904 -0.0388024 
2074 0.0249113 0.0925919 
2075 0.0227353 0.224146 
2076 0.137652 -0.167522 
2077 0.135391 -0.0366306 
2078 0.132991 0.0942557 
2079 0.131452 0.224995 
2080 -0.30036 -0.172759 
2081 -0.302349 -0.0469293 
2082 -0.305239 0.0792372 
2083 -0.30716 0.204198 
2084 -0.195673 -0.169548 
2085 -0.197605 -0.0449768 
2086 -0.199221 0.0801752 
2087 -0.20211 0.204924 
2088 -0.0910106 -0.167961 
2089 -0.0929527 -0.0431132 
2090 -0.095394 0.082451 
2091 -0.0973626 0.206953 
2092 0.0134319 -0.165227 
2093 0.0106546 -0.040543 
2094 0.00822878 0.0831295 
2095 0.00661282 0.207942 
2096 0.116228 -0.162195 
2097 0.11386 -0.0385323 
2098 0.112047 0.0853045 
2099 0.108979 0.208364 
2100 -0.298746 -0.168131 
2101 -0.301419 -0.0488146 
2102 -0.303276 0.0705876 
2103 -0.305665 0.189659 
2104 -0.199075 -0.165731 
2105 -0.20079 -0.0471839 
2106 -0.204077 0.0718569 
2107 -0.205865 0.190799 
2108 -0.0996223 -0.162849 
2109 -0.101426 -0.0443605 
2110 -0.104658 0.073492 
2111 -0.106517 0.192538 
2112 -0.000381876 -0.160531 
2113 -0.00356072 -0.0418192 
2114 -0.00628922 0.0758903 
2115 -0.00825983 0.192894 
2116 0.0969228 -0.157744 
2117 0.094748 -0.0402163 
2118 0.0917312 0.0773007 
2119 0.0892495 0.19479 
2120 -0.297784 -0.164035 
2121 -0.299973 -0.0507494 
2122 -0.302727 0.0627118 
2123 -0.305397 0.176044 
2124 -0.202047 -0.161476 
2125 -0.20463 -0.0482665 
2126 -0.207018 0.0648169 
2127 -0.210298 0.177941 
2128 -0.107443 -0.158229 
2129 -0.110169 -0.0460856 
2130 -0.112512 0.0664992 
2131 -0.116067 0.178754 
2132 -0.0139457 -0.155745 
2133 -0.0164211 -0.043497 
2134 -0.0195038 0.0690062 
2135 -0.0218991 0.180204 
2136 0.0792882 -0.153063 
2137 0.076888 -0.041092 
2138 0.0739022 0.0701637 
2139 0.0712197 0.182338 
2140 -0.297046 -0.160237 
2141 -0.299605 -0.052312 
2142 -0.302766 0.056557 
2143 -0.305468 0.164086 
2144 -0.205397 -0.157712 
2145 -0.208725 -0.0498653 
2146 -0.211773 0.057962 
2147 -0.214341 0.165884 
2148 -0.115127 -0.154116 
2149 -0.118435 -0.0467641 
2150 -0.121101 0.0603428 
2151 -0.124231 0.16764 
2152 -0.0257249 -0.151679 
2153 -0.0282566 -0.0443841 
2154 -0.0315136 0.062265 
2155 -0.0345489 0.16928 
2156 0.0630835 -0.147808 
2157 0.0600646 -0.0413946 
2158 0.0574165 0.0642192 
2159 0.0544515 0.170463 
2160 -0.295857 -0.157252 
2161 -0.299633 -0.0531675 
2162 -0.30209 0.049906 
2163 -0.305489 0.153369 
2164 -0.209456 -0.154223 
2165 -0.211928 -0.050743 
2166 -0.215287 0.0523516 
2167 -0.217596 0.155804 
2168 -0.122427 -0.150689 
2169 -0.126084 -0.0482055 
2170 -0.12847 0.0547111 
2171 -0.131339 0.15677 
2172 -0.0374652 -0.147584 
2173 -0.0401947 -0.0453832 
2174 -0.0428137 0.0573933 
2175 -0.0459359 0.159305 
2176 0.047794 -0.143704 
2177 0.044651 -0.0427128 
2178 0.0418278 0.0590953 
2179 0.0384375 0.160257 
2180 -0.295646 -0.153903 
2181 -0.298977 -0.0546603 
2182 -0.302584 0.0447326 
2183 -0.305933 0.14417 
2184 -0.212102 -0.150417 
2185 -0.215774 -0.0511365 
2186 -0.218292 0.0474502 
2187 -0.221367 0.146105 
2188 -0.129874 -0.146934 
2189 -0.132923 -0.0485458 
2190 -0.135854 0.0497835 
2191 -0.139196 0.147426 
2192 -0.0476232 -0.143704 
2193 -0.0503454 -0.0460647 
2194 -0.0535829 0.0523331 
2195 -0.0567304 0.150111 
2196 0.0337572 -0.140205 
2197 0.0307025 -0.0431469 
2198 0.0272856 0.0546787 
2199 0.0239018 0.151359 
2200 -0.295843 -0.149977 
2201 -0.299829 -0.0551731 
2202 -0.302543 0.040689 
2203 -0.305473 0.135331 
2204 -0.216021 -0.146292 
2205 -0.21937 -0.0519627 
2206 -0.222412 0.0431871 
2207 -0.225896 0.137534 
2208 -0.135929 -0.143327 
2209 -0.139901 -0.0490744 
2210 -0.143116 0.045194 
2211 -0.146381 0.139918 
2212 -0.0575897 -0.139349 
2213 -0.0608101 -0.0457304 
2214 -0.0637261 0.0478268 
2215 -0.0672325 0.141752 
2216 0.0199592 -0.136649 
2217 0.0165569 -0.0425095 
2218 0.0133243 0.0503006 
2219 0.0100076 0.143574 
2220 -0.296636 -0.146683 
2221 -0.299587 -0.0552204 
2222 -0.303246 0.0363066 
2223 -0.306055 0.128015 
2224 -0.218943 -0.142915 
2225 -0.222874 -0.0525925 
2226 -0.226274 0.0391971 
2227 -0.228984 0.12995 
2228 -0.142837 -0.139231 
2229 -0.145893 -0.0490045 
2230 -0.14977 0.0415164 
2231 -0.15286 0.131794 
2232 -0.0666231 -0.136154 
2233 -0.0703816 -0.0462867 
2234 -0.0738041 0.0444091 
2235 -0.0771924 0.133936 
2236 0.00744803 -0.132667 
2237 0.00451507 -0.0424719 
2238 0.00075207 0.0461978 
2239 -0.00278921 0.135741 
2240 -0.296713 -0.143585 
2241 -0.30033 -0.0558909 
2242 -0.304125 0.032395 
2243 -0.307353 0.120406 
2244 -0.222002 -0.139879 
2245 -0.225504 -0.0526077 
2246 -0.228947 0.0356014 
2247 -0.233 0.122649 
2248 -0.14861 -0.135904 
2249 -0.152472 -0.0485237 
2250 -0.155966 0.0384955 
2251 -0.159631 0.124745 
2252 -0.0758414 -0.132151 
2253 -0.0797612 -0.0461534 
2254 -0.0829318 0.0407139 
2255 -0.086468 0.127512 
2256 -0.0042562 -0.128487 
2257 -0.00716817 -0.0425254 
2258 -0.0112125 0.0431569 
2259 -0.0146422 0.130011 
2260 -0.297622 -0.140225 
2261 -0.301277 -0.0555926 
2262 -0.304833 0.029894 
2263 -0.308438 0.114655 
2264 -0.225826 -0.136117 
2265 -0.228707 -0.051898 
2266 -0.233171 0.0326009 
2267 -0.23614 0.116877 
2268 -0.154625 -0.132829 
2269 -0.158498 -0.0486864 
2270 -0.161258 0.0354959 
2271 -0.165172 0.119545 
2272 -0.0843445 -0.129453 
2273 -0.0879689 -0.0457307 
2274 -0.0918356 0.0377576 
2275 -0.0950695 0.121745 
2276 -0.0144466 -0.125633 
2277 -0.0182412 -0.0423923 
2278 -0.0224121 0.0407913 
2279 -0.0254387 0.123727 
2280 -0.298588 -0.136794 
2281 -0.301758 -0.0547326 
2282 -0.305278 0.0263056 
2283 -0.309698 0.108645 
2284 -0.228315 -0.133131 
2285 -0.232408 -0.0515831 
2286 -0.236622 0.0295598 
2287 -0.239518 0.110998 
2288 -0.160568 -0.129261 
2289 -0.163501 -0.0482395 
2290 -0.167763 0.0330697 
2291 -0.171218 0.114031 
2292 -0.0928451 -0.125247 
2293 -0.0965108 -0.0450089 
2294 -0.0994417 0.035037 
2295 -0.103768 0.115982 
2296 -0.0258116 -0.122137 
2297 -0.0286945 -0.0422489 
2298 -0.0330408 0.0385156 
2299 -0.0359403 0.118583 
2300 -0.299546 -0.133625 
2301 -0.302479 -0.0549696 
2302 -0.306586 0.0244509 
2303 -0.310229 0.103305 
2304 -0.231754 -0.12951 
2305 -0.23599 -0.050848 
2306 -0.239337 0.0271207 
2307 -0.242893 0.106466 
2308 -0.165492 -0.12575 
2309 -0.169158 -0.0478367 
2310 -0.172743 0.0307345 
2311 -0.176611 0.108658 
2312 -0.100225 -0.122639 
2313 -0.10389 -0.0445547 
2314 -0.10718 0.0329851 
2315 -0.1111 0.111368 
2316 -0.0356987 -0.11827 
2317 -0.0394192 -0.0416416 
2318 -0.0429287 0.0362862 
2319 -0.0466586 0.113977 
2320 -0.299908 -0.130389 
2321 -0.303848 -0.0536973 
2322 -0.307546 0.0225464 
2323 -0.311582 0.0989647 
2324 -0.234813 -0.126847 
2325 -0.239118 -0.0511086 
2326 -0.243197 0.0257948 
2327 -0.246597 0.101806 
2328 -0.170868 -0.122583 
2329 -0.174786 -0.0467818 
2330 -0.178365 0.0280437 
2331 -0.182476 0.104391 
2332 -0.107104 -0.11862 
2333 -0.111573 -0.04413 
2334 -0.115324 0.0309766 
2335 -0.119017 0.106519 
2336 -0.0443861 -0.114691 
2337 -0.0484115 -0.0405778 
2338 -0.0519622 0.0345825 
2339 -0.056418 0.109149 
