19520 -0.333462 -0.216584 
19521 -0.333721 -0.0162875 
19522 -0.333618 0.183168 
19523 -0.333649 0.3836 
19524 -0.16629 -0.216277 
19525 -0.16699 -0.0168545 
19526 -0.166765 0.183691 
19527 -0.166247 0.38325 
19528 0.000171189 -0.216659 
19529 -0.000344639 -0.0165884 
19530 -0.000154484 0.183506 
19531 0.000253292 0.383656 
19532 0.166602 -0.216564 
19533 0.167005 -0.0167986 
19534 0.166595 0.183811 
19535 0.166799 0.383574 
19536 0.333521 -0.216714 
19537 0.332995 -0.0162364 
19538 0.333549 0.183737 
19539 0.333076 0.383215 
19540 -0.298071 -0.191558 
19541 -0.298117 -0.00956136 
19542 -0.298875 0.173006 
19543 -0.299482 0.355204 
19544 -0.145514 -0.19147 
19545 -0.146772 -0.00872999 
19546 -0.146761 0.173338 
19547 -0.147005 0.354914 
19548 0.00570745 -0.190862 
19549 0.00544834 -0.00851617 
19550 0.00522969 0.172922 
19551 0.00452036 0.355824 
19552 0.157747 -0.190055 
19553 0.157266 -0.00881484 
19554 0.157226 0.173956 
19555 0.15634 0.355919 
19556 0.309502 -0.190287 
19557 0.308846 -0.00798209 
19558 0.30789 0.173499 
19559 0.307505 0.355495 
19560 -0.26866 -0.17023 
19561 -0.269482 -0.0024651 
19562 -0.270583 0.164735 
19563 -0.271254 0.332237 
19564 -0.128696 -0.169453 
19565 -0.129226 -0.00181496 
19566 -0.130829 0.165301 
19567 -0.130749 0.332105 
19568 0.0108983 -0.169263 
19569 0.0101682 -0.00127064 
19570 0.00926851 0.165898 
19571 0.00819389 0.332803 
19572 0.150241 -0.167851 
19573 0.149197 -0.00128903 
19574 0.147723 0.165952 
19575 0.146751 0.333063 
19576 0.28902 -0.16662 
19577 0.287957 -5.11181e-05 
19578 0.28682 0.166072 
19579 0.285817 0.332901 
19580 -0.244347 -0.15188 
19581 -0.245071 0.00308552 
19582 -0.24659 0.158045 
19583 -0.247713 0.313478 
19584 -0.114584 -0.150588 
19585 -0.116062 0.00381797 
19586 -0.117367 0.158782 
19587 -0.117987 0.313013 
19588 0.0145362 -0.149746 
19589 0.0128741 0.00488566 
19590 0.0117452 0.159014 
19591 0.0108468 0.31375 
19592 0.143129 -0.147893 
19593 0.142073 0.00600762 
19594 0.14003 0.159676 
19595 0.139254 0.314065 
19596 0.270925 -0.147407 
19597 0.269656 0.00716979 
19598 0.268259 0.160447 
19599 0.267035 0.314664 
19600 -0.223431 -0.135385 
19601 -0.22485 0.00911486 
19602 -0.225848 0.153409 
19603 -0.227285 0.296789 
19604 -0.102441 -0.133847 
19605 -0.104484 0.0103233 
19606 -0.105552 0.153681 
19607 -0.106679 0.297995 
19608 0.0167767 -0.133074 
19609 0.016161 0.0114043 
19610 0.0146971 0.154633 
19611 0.0123592 0.298216 
19612 0.136666 -0.13092 
19613 0.134697 0.0122572 
19614 0.133677 0.15549 
19615 0.132182 0.298238 
19616 0.25557 -0.129974 
19617 0.254002 0.0138625 
19618 0.251886 0.155899 
19619 0.25089 0.299311 
19620 -0.205921 -0.121354 
19621 -0.20769 0.0140909 
19622 -0.208427 0.149105 
19623 -0.210906 0.283548 
19624 -0.0930624 -0.118953 
19625 -0.0948398 0.0154094 
19626 -0.0958503 0.149856 
19627 -0.0980589 0.284746 
19628 0.0189327 -0.117112 
19629 0.0171267 0.0167171 
19630 0.0161131 0.150797 
19631 0.0139596 0.285101 
19632 0.130939 -0.115643 
19633 0.128854 0.0181334 
19634 0.126748 0.151913 
19635 0.125048 0.285341 
19636 0.241949 -0.113895 
19637 0.240176 0.0195091 
19638 0.237563 0.153075 
19639 0.236287 0.285732 
19640 -0.190164 -0.108275 
19641 -0.192582 0.0191022 
19642 -0.194015 0.145415 
19643 -0.196365 0.272406 
19644 -0.0839661 -0.106269 
19645 -0.0857737 0.0203143 
19646 -0.0881727 0.146748 
19647 -0.0899147 0.272759 
19648 0.0205234 -0.103969 
19649 0.0191574 0.0217708 
19650 0.0172062 0.148418 
19651 0.0145309 0.273357 
19652 0.125583 -0.10202 
19653 0.12322 0.0239318 
19654 0.121095 0.148839 
19655 0.11905 0.274628 
19656 0.229684 -0.100337 
19657 0.227687 0.0252442 
19658 0.225294 0.149956 
19659 0.222771 0.275563 
19660 -0.176543 -0.0957698 
19661 -0.179276 0.0237275 
19662 -0.180927 0.143395 
19663 -0.183551 0.26226 
19664 -0.0775086 -0.0931793 
19665 -0.079121 0.0259416 
19666 -0.0812224 0.14497 
19667 -0.0839535 0.263599 
19668 0.0219577 -0.091251 
19669 0.0202687 0.0272608 
19670 0.0172405 0.146262 
19671 0.0158526 0.263917 
19672 0.12064 -0.0894077 
19673 0.118738 0.0287841 
19674 0.11596 0.146616 
19675 0.113464 0.264948 
19676 0.218168 -0.0874195 
19677 0.216481 0.0307906 
19678 0.213404 0.14813 
19679 0.211005 0.265538 
19680 -0.165699 -0.0847663 
19681 -0.167722 0.0279909 
19682 -0.170395 0.141506 
19683 -0.171842 0.254004 
19684 -0.070666 -0.0824012 
19685 -0.0729213 0.0306196 
19686 -0.0755333 0.142319 
19687 -0.0780486 0.255292 
19688 0.0228083 -0.0799566 
19689 0.0206185 0.0325306 
19690 0.0183655 0.14425 
19691 0.0161087 0.255754 
19692 0.116338 -0.0778298 
19693 0.113926 0.0340406 
19694 0.110862 0.145234 
19695 0.108665 0.257107 
19696 0.207998 -0.07596 
19697 0.205401 0.0354304 
19698 0.203513 0.147217 
19699 0.200378 0.257894 
19700 -0.155255 -0.074434 
19701 -0.158016 0.032408 
19702 -0.159848 0.13988 
19703 -0.162345 0.246964 
19704 -0.0654102 -0.0717197 
19705 -0.0680991 0.0342542 
19706 -0.0709933 0.141269 
19707 -0.0728484 0.24822 
19708 0.0238335 -0.0693418 
19709 0.0212169 0.0368636 
19710 0.0178478 0.142647 
19711 0.0157496 0.248755 
19712 0.111245 -0.0669553 
19713 0.108472 0.0384542 
19714 0.105865 0.144732 
19715 0.103846 0.250612 
19716 0.199078 -0.0649486 
19717 0.196625 0.0410436 
19718 0.194082 0.14591 
19719 0.190842 0.251714 
19720 -0.145694 -0.0651204 
19721 -0.148876 0.0372549 
19722 -0.151321 0.139435 
19723 -0.154547 0.240363 
19724 -0.0608272 -0.0621417 
19725 -0.0636439 0.0386321 
19726 -0.066216 0.140661 
19727 -0.0688701 0.242201 
19728 0.0237466 -0.0601341 
19729 0.0207021 0.041315 
19730 0.018586 0.141945 
19731 0.014945 0.243231 
19732 0.107652 -0.0571302 
19733 0.104788 0.0426941 
19734 0.102076 0.144159 
19735 0.0986528 0.243858 
19736 0.190747 -0.0548183 
19737 0.187988 0.0450264 
19738 0.185296 0.145251 
19739 0.182288 0.245525 
19740 -0.138202 -0.0559475 
19741 -0.141358 0.0407644 
19742 -0.143544 0.138185 
19743 -0.146649 0.235229 
19744 -0.056638 -0.0533398 
19745 -0.0598314 0.0428338 
19746 -0.0627253 0.139727 
19747 -0.0656303 0.236292 
19748 0.0237857 -0.0506138 
19749 0.0205308 0.0457189 
19750 0.0176342 0.142032 
19751 0.0148104 0.238057 
19752 0.102883 -0.0489242 
19753 0.100285 0.0473525 
19754 0.097126 0.143903 
19755 0.0948996 0.239052 
19756 0.181891 -0.0463648 
19757 0.179551 0.0491385 
19758 0.176708 0.145491 
19759 0.173593 0.240597 
19760 -0.130781 -0.0482358 
19761 -0.134242 0.0451842 
19762 -0.137494 0.137636 
19763 -0.14031 0.231164 
19764 -0.053104 -0.0452747 
19765 -0.0569737 0.0475949 
19766 -0.0599008 0.13959 
19767 -0.0620075 0.231831 
19768 0.0231735 -0.042616 
19769 0.0201609 0.0499085 
19770 0.0175984 0.141537 
19771 0.0140232 0.233645 
19772 0.0998979 -0.0396317 
19773 0.0967031 0.0513433 
19774 0.0933193 0.143072 
19775 0.090954 0.235004 
19776 0.175334 -0.0371716 
19777 0.17203 0.054287 
19778 0.168822 0.145045 
19779 0.165902 0.236272 
19780 -0.125334 -0.0406933 
19781 -0.127887 0.0488519 
19782 -0.131114 0.137499 
19783 -0.134209 0.227015 
19784 -0.051048 -0.0379454 
19785 -0.0534369 0.0512196 
19786 -0.0572814 0.140092 
19787 -0.059805 0.228127 
19788 0.0225586 -0.0348832 
19789 0.0199648 0.0531326 
19790 0.0163029 0.141439 
19791 0.0134344 0.229377 
19792 0.0957339 -0.0325124 
19793 0.0925635 0.0553216 
19794 0.0897137 0.143854 
19795 0.0867896 0.230615 
19796 0.167408 -0.0294489 
19797 0.164826 0.0581378 
19798 0.161704 0.145332 
19799 0.158879 0.232259 
19800 -0.119301 -0.0327126 
19801 -0.122678 0.052628 
19802 -0.125724 0.138241 
19803 -0.128633 0.223213 
19804 -0.0485586 -0.0297622 
19805 -0.0510457 0.0544912 
19806 -0.0549701 0.140025 
19807 -0.0579445 0.224847 
19808 0.0224298 -0.0273187 
19809 0.0195463 0.056791 
19810 0.0159665 0.141354 
19811 0.0122583 0.226635 
19812 0.0925555 -0.0249617 
19813 0.0888174 0.0600255 
19814 0.0860516 0.144013 
19815 0.0824888 0.228126 
19816 0.161198 -0.0221931 
19817 0.158568 0.061914 
19818 0.154386 0.145765 
19819 0.151763 0.229551 
19820 -0.114866 -0.0259223 
19821 -0.117502 0.0558874 
19822 -0.121312 0.137925 
19823 -0.124148 0.220617 
19824 -0.046451 -0.0236018 
19825 -0.0491733 0.0588556 
19826 -0.0525137 0.139695 
19827 -0.0555785 0.222248 
19828 0.0212733 -0.0203413 
19829 0.0182512 0.0603906 
19830 0.0152477 0.142588 
19831 0.0118919 0.223665 
19832 0.0886361 -0.017195 
19833 0.0857938 0.0634415 
19834 0.0817371 0.143634 
19835 0.0791356 0.225298 
19836 0.154972 -0.0152666 
19837 0.151244 0.0659736 
19838 0.148437 0.145463 
19839 0.145476 0.225915 
19840 -0.110381 -0.0199111 
19841 -0.113726 0.0597728 
19842 -0.116824 0.138284 
19843 -0.120521 0.217642 
19844 -0.0447031 -0.0164697 
19845 -0.0481916 0.0616685 
19846 -0.0508271 0.141056 
19847 -0.0546681 0.2194 
19848 0.0210399 -0.0135908 
19849 0.0179098 0.06396 
19850 0.0137675 0.142219 
19851 0.0103897 0.22088 
19852 0.0855557 -0.011118 
19853 0.08149 0.0666245 
19854 0.0789501 0.144814 
19855 0.0753198 0.222357 
19856 0.148661 -0.00860599 
19857 0.146098 0.0696249 
19858 0.141936 0.146843 
19859 0.138875 0.223495 
19860 -0.106157 -0.0135834 
19861 -0.10969 0.0631451 
19862 -0.112963 0.138605 
19863 -0.117167 0.214893 
19864 -0.0431423 -0.0102304 
19865 -0.0460734 0.0655101 
19866 -0.0499358 0.141213 
19867 -0.0534368 0.216687 
19868 0.0194338 -0.00770356 
19869 0.0166118 0.0675599 
19870 0.0127804 0.143392 
19871 0.00979895 0.218188 
19872 0.0820589 -0.00509759 
19873 0.0787311 0.0701833 
19874 0.0751387 0.14511 
19875 0.072167 0.220557 
19876 0.14288 -0.00209237 
19877 0.140395 0.0722443 
19878 0.136304 0.147487 
19879 0.133548 0.221384 
19880 -0.103024 -0.00789793 
19881 -0.106129 0.066284 
19882 -0.109702 0.139652 
19883 -0.11364 0.213693 
19884 -0.0418424 -0.00435558 
19885 -0.0450715 0.0681684 
19886 -0.0490934 0.141379 
19887 -0.0524757 0.214559 
19888 0.0187959 -0.00116385 
19889 0.0157174 0.0710726 
19890 0.0120181 0.143966 
19891 0.00806723 0.216509 
19892 0.0789068 0.00117826 
19893 0.0747968 0.0736564 
19894 0.07212 0.145941 
19895 0.0683772 0.218044 
19896 0.137954 0.00419892 
19897 0.134224 0.0757188 
19898 0.131392 0.14752 
19899 0.127974 0.219748 
19900 -0.100354 -0.00159619 
19901 -0.104009 0.0689911 
19902 -0.106766 0.140047 
19903 -0.110518 0.211247 
19904 -0.0405296 0.00154607 
19905 -0.0443673 0.0721953 
19906 -0.0479615 0.14208 
19907 -0.0517716 0.213136 
19908 0.0172824 0.0037695 
19909 0.0144194 0.0741704 
19910 0.0101507 0.14446 
19911 0.00669572 0.215111 
19912 0.0756617 0.00645328 
19913 0.0714463 0.0766164 
19914 0.068148 0.146768 
19915 0.0653148 0.216645 
19916 0.132958 0.00994813 
19917 0.129496 0.0788134 
19918 0.126057 0.148831 
19919 0.122345 0.217916 
