19540 -0.333616 -0.216643 
19541 -0.332853 -0.0167066 
19542 -0.333006 0.182904 
19543 -0.33377 0.383728 
19544 -0.166934 -0.216586 
19545 -0.166621 -0.016281 
19546 -0.166768 0.183527 
19547 -0.166199 0.383696 
19548 -3.0446e-07 -0.217164 
19549 0.00026547 -0.0168282 
19550 -0.000205209 0.183153 
19551 0.000369657 0.383775 
19552 0.166232 -0.216922 
19553 0.167141 -0.0168052 
19554 0.166421 0.182916 
19555 0.166582 0.383445 
19556 0.332843 -0.217081 
19557 0.333083 -0.016618 
19558 0.333325 0.183366 
19559 0.333085 0.383595 
19560 -0.298273 -0.191339 
19561 -0.298626 -0.00889222 
19562 -0.298602 0.173282 
19563 -0.299571 0.35546 
19564 -0.145529 -0.190332 
19565 -0.146032 -0.00832363 
19566 -0.146835 0.173489 
19567 -0.147204 0.356405 
19568 0.00629939 -0.190557 
19569 0.00541037 -0.00833209 
19570 0.00528652 0.174162 
19571 0.00432003 0.356187 
19572 0.157694 -0.190123 
19573 0.157061 -0.00802947 
19574 0.156484 0.174457 
19575 0.156011 0.356685 
19576 0.308945 -0.189252 
19577 0.308954 -0.00720525 
19578 0.308309 0.174371 
19579 0.307523 0.356076 
19580 -0.268492 -0.169845 
19581 -0.269741 -0.00143215 
19582 -0.270164 0.165848 
19583 -0.271243 0.3337 
19584 -0.128656 -0.168339 
19585 -0.129539 -0.000837528 
19586 -0.130418 0.166418 
19587 -0.131114 0.334175 
19588 0.0103997 -0.167415 
19589 0.00968374 -0.000149279 
19590 0.00897353 0.16704 
19591 0.00807749 0.334182 
19592 0.150328 -0.166326 
19593 0.149557 -8.93428e-05 
19594 0.148631 0.166867 
19595 0.14685 0.334248 
19596 0.2885 -0.165599 
19597 0.287756 0.000673575 
19598 0.2869 0.167582 
19599 0.285585 0.334637 
19600 -0.244567 -0.150104 
19601 -0.245471 0.00503574 
19602 -0.246092 0.159362 
19603 -0.247489 0.315265 
19604 -0.114269 -0.14877 
19605 -0.11539 0.0059312 
19606 -0.116438 0.160078 
19607 -0.118424 0.315638 
19608 0.0141559 -0.147845 
19609 0.0132161 0.00713875 
19610 0.0124553 0.160864 
19611 0.0107494 0.315893 
19612 0.143589 -0.147058 
19613 0.141431 0.00795692 
19614 0.140168 0.162031 
19615 0.138958 0.316196 
19616 0.270992 -0.145772 
19617 0.270121 0.00868309 
19618 0.268939 0.16225 
19619 0.267601 0.316146 
19620 -0.222947 -0.133322 
19621 -0.22501 0.0108197 
19622 -0.225976 0.155425 
19623 -0.22716 0.299702 
19624 -0.102441 -0.131785 
19625 -0.104519 0.0124298 
19626 -0.105277 0.155499 
19627 -0.107476 0.299618 
19628 0.0172007 -0.130927 
19629 0.0159319 0.0134008 
19630 0.0143344 0.156917 
19631 0.0132805 0.300388 
19632 0.13727 -0.128857 
19633 0.135007 0.0143037 
19634 0.13402 0.157588 
19635 0.131979 0.301158 
19636 0.255533 -0.127436 
19637 0.254614 0.015604 
19638 0.252581 0.159004 
19639 0.251222 0.300928 
19640 -0.20587 -0.118731 
19641 -0.207195 0.0165117 
19642 -0.209264 0.151392 
19643 -0.210678 0.285873 
19644 -0.0922142 -0.117292 
19645 -0.0938088 0.0177393 
19646 -0.0958799 0.152556 
19647 -0.0976167 0.287052 
19648 0.0201354 -0.115359 
19649 0.0179025 0.0187145 
19650 0.0163077 0.153685 
19651 0.014212 0.287225 
19652 0.131659 -0.113216 
19653 0.129856 0.0204184 
19654 0.127862 0.154732 
19655 0.125748 0.288621 
19656 0.24217 -0.111358 
19657 0.240091 0.021709 
19658 0.23857 0.155876 
19659 0.236659 0.288383 
19660 -0.190159 -0.104985 
19661 -0.192284 0.0214036 
19662 -0.193424 0.148399 
19663 -0.19607 0.274715 
19664 -0.0839572 -0.103221 
19665 -0.0857729 0.0234924 
19666 -0.0879532 0.150038 
19667 -0.0902107 0.276158 
19668 0.020828 -0.101384 
19669 0.0195679 0.0246009 
19670 0.0173815 0.150471 
19671 0.0154414 0.277054 
19672 0.125954 -0.0995705 
19673 0.124337 0.0268847 
19674 0.121821 0.151657 
19675 0.119408 0.276996 
19676 0.229656 -0.0970214 
19677 0.228236 0.0283475 
19678 0.226013 0.153408 
19679 0.22359 0.277773 
19680 -0.176276 -0.0929775 
19681 -0.179154 0.0266246 
19682 -0.181157 0.146493 
19683 -0.183249 0.265848 
19684 -0.0762953 -0.0908816 
19685 -0.0790141 0.0280241 
19686 -0.0809637 0.147108 
19687 -0.0835706 0.267021 
19688 0.0228908 -0.0881753 
19689 0.0206632 0.0303108 
19690 0.0179788 0.148921 
19691 0.0157618 0.267222 
19692 0.121336 -0.0867218 
19693 0.119208 0.0322055 
19694 0.116076 0.150202 
19695 0.114536 0.267894 
19696 0.218626 -0.0843825 
19697 0.216936 0.033715 
19698 0.214534 0.151771 
19699 0.211761 0.268997 
19700 -0.165248 -0.08224 
19701 -0.167348 0.0315111 
19702 -0.169427 0.144733 
19703 -0.171716 0.257161 
19704 -0.070907 -0.079107 
19705 -0.0731224 0.0329262 
19706 -0.0755334 0.145689 
19707 -0.0778819 0.258343 
19708 0.0237054 -0.0774767 
19709 0.0211692 0.0355939 
19710 0.0181275 0.147568 
19711 0.0158247 0.260012 
19712 0.116423 -0.0752683 
19713 0.113713 0.0374279 
19714 0.111718 0.148329 
19715 0.109472 0.260664 
19716 0.209064 -0.0724495 
19717 0.206265 0.0385358 
19718 0.203824 0.150579 
19719 0.201078 0.261758 
19720 -0.155122 -0.0713679 
19721 -0.157139 0.0362798 
19722 -0.159521 0.143334 
19723 -0.162578 0.250549 
19724 -0.0652447 -0.0693803 
19725 -0.0671905 0.038225 
19726 -0.0700944 0.145147 
19727 -0.072436 0.251593 
19728 0.0233893 -0.0660554 
19729 0.021169 0.0397958 
19730 0.0184987 0.146458 
19731 0.0157759 0.252321 
19732 0.112488 -0.0639338 
19733 0.109917 0.0418316 
19734 0.106761 0.147646 
19735 0.104636 0.254279 
19736 0.199595 -0.0615658 
19737 0.196628 0.0434585 
19738 0.194417 0.149756 
19739 0.191089 0.254651 
19740 -0.14581 -0.0618413 
19741 -0.148968 0.0404397 
19742 -0.15124 0.142963 
19743 -0.154029 0.244987 
19744 -0.0600624 -0.0588658 
19745 -0.0636894 0.0427857 
19746 -0.0654985 0.144462 
19747 -0.0691333 0.246099 
19748 0.0240308 -0.0569036 
19749 0.0211421 0.0444226 
19750 0.0187927 0.145695 
19751 0.0155995 0.246537 
19752 0.108047 -0.054124 
19753 0.105108 0.0471181 
19754 0.102776 0.147612 
19755 0.0995483 0.247904 
19756 0.190732 -0.0521589 
19757 0.188187 0.0483985 
19758 0.185794 0.149089 
19759 0.182337 0.249051 
19760 -0.138174 -0.0531076 
19761 -0.140949 0.044555 
19762 -0.143759 0.142052 
19763 -0.146122 0.239302 
19764 -0.0566775 -0.050612 
19765 -0.0589105 0.0465225 
19766 -0.0625811 0.143788 
19767 -0.0652129 0.24024 
19768 0.0239812 -0.0474021 
19769 0.021451 0.0491394 
19770 0.0184859 0.145779 
19771 0.0153643 0.241781 
19772 0.104119 -0.0451997 
19773 0.100776 0.0509754 
19774 0.0977378 0.146761 
19775 0.0956872 0.242748 
19776 0.182991 -0.042348 
19777 0.179917 0.0534538 
19778 0.177583 0.149128 
19779 0.173914 0.244364 
19780 -0.130565 -0.0445097 
19781 -0.133552 0.0485765 
19782 -0.13694 0.142135 
19783 -0.139379 0.235233 
19784 -0.0528805 -0.041928 
19785 -0.0563214 0.050774 
19786 -0.0587896 0.143077 
19787 -0.0621876 0.235889 
19788 0.0236598 -0.039004 
19789 0.0213092 0.0531986 
19790 0.0175924 0.145192 
19791 0.0147696 0.2377 
19792 0.10025 -0.0364134 
19793 0.0970769 0.0552312 
19794 0.0936343 0.147463 
19795 0.0907836 0.238907 
19796 0.175089 -0.0341415 
19797 0.172675 0.0575413 
19798 0.169507 0.149201 
19799 0.166816 0.240297 
19800 -0.124639 -0.0367603 
19801 -0.128116 0.0527269 
19802 -0.130643 0.141349 
19803 -0.134063 0.230823 
19804 -0.050235 -0.0337874 
19805 -0.0529656 0.0546465 
19806 -0.0560135 0.143367 
19807 -0.0592618 0.232407 
19808 0.023109 -0.0307356 
19809 0.0206372 0.0576324 
19810 0.0170102 0.145189 
19811 0.0140747 0.233464 
19812 0.0960562 -0.0282881 
19813 0.0932081 0.0591394 
19814 0.0898617 0.146805 
19815 0.0871141 0.234542 
19816 0.168627 -0.025787 
19817 0.165143 0.0613418 
19818 0.162374 0.149346 
19819 0.159246 0.236224 
19820 -0.118986 -0.0288737 
19821 -0.122592 0.05594 
19822 -0.125324 0.142181 
19823 -0.129224 0.227125 
19824 -0.0480544 -0.0268522 
19825 -0.0506923 0.0588405 
19826 -0.0537341 0.143348 
19827 -0.0573904 0.229124 
19828 0.0232949 -0.0239635 
19829 0.0194985 0.0607728 
19830 0.0162748 0.145247 
19831 0.013641 0.230296 
19832 0.0929954 -0.020421 
19833 0.089566 0.0631849 
19834 0.0867731 0.147841 
19835 0.0833038 0.231787 
19836 0.161815 -0.0182314 
19837 0.15855 0.065239 
19838 0.155613 0.149207 
19839 0.151982 0.233105 
19840 -0.113741 -0.022579 
19841 -0.117464 0.0603338 
19842 -0.120556 0.141879 
19843 -0.12399 0.224021 
19844 -0.0451785 -0.0196673 
19845 -0.0490377 0.0627686 
19846 -0.0517447 0.144251 
19847 -0.0553591 0.225573 
19848 0.0221963 -0.0164372 
19849 0.0185503 0.0645807 
19850 0.0157563 0.146361 
19851 0.0126303 0.226988 
19852 0.0896503 -0.0132943 
19853 0.085531 0.0667596 
19854 0.0824169 0.148143 
19855 0.0798033 0.229227 
19856 0.156009 -0.0107129 
19857 0.152705 0.0698589 
19858 0.14928 0.149995 
19859 0.145972 0.230229 
19860 -0.109683 -0.0154042 
19861 -0.11307 0.0631799 
19862 -0.116423 0.142885 
19863 -0.119688 0.221371 
19864 -0.0435816 -0.0125217 
19865 -0.0471988 0.066311 
19866 -0.050247 0.145008 
19867 -0.0544185 0.223179 
19868 0.021073 -0.00972382 
19869 0.0180366 0.0687391 
19870 0.0150456 0.147028 
19871 0.0111743 0.225371 
19872 0.0858781 -0.00686022 
19873 0.0830083 0.0703037 
19874 0.0794 0.148363 
19875 0.0757126 0.22614 
19876 0.149741 -0.00390745 
19877 0.146686 0.0731832 
19878 0.143183 0.150826 
19879 0.140099 0.228393 
19880 -0.105717 -0.00906661 
19881 -0.109588 0.0666539 
19882 -0.112855 0.143211 
19883 -0.116848 0.219532 
19884 -0.042492 -0.00647959 
19885 -0.0457051 0.0695291 
19886 -0.049672 0.14558 
19887 -0.0522903 0.220749 
19888 0.0203419 -0.00353689 
19889 0.0169244 0.0720679 
19890 0.0138625 0.147014 
19891 0.00999596 0.223162 
19892 0.0826929 -0.000450619 
19893 0.0791757 0.0742605 
19894 0.0759898 0.148955 
19895 0.0724814 0.224529 
19896 0.144396 0.00192638 
19897 0.141028 0.0761937 
19898 0.137401 0.151542 
19899 0.133512 0.225726 
19900 -0.102418 -0.00350407 
19901 -0.106544 0.0705424 
19902 -0.11004 0.14386 
19903 -0.113231 0.217585 
19904 -0.0412396 -0.000639358 
19905 -0.0449961 0.0721046 
19906 -0.0477782 0.145641 
19907 -0.0515787 0.218823 
19908 0.0194119 0.00212969 
19909 0.0163911 0.0750789 
19910 0.0129243 0.148312 
19911 0.00918141 0.22038 
19912 0.0794587 0.00517047 
19913 0.0760113 0.0774836 
19914 0.0726359 0.150373 
19915 0.0694114 0.222288 
19916 0.13884 0.00783198 
19917 0.135424 0.0800782 
19918 0.131472 0.152245 
19919 0.127943 0.223841 
19920 -0.0992906 0.0022714 
19921 -0.103051 0.0735275 
19922 -0.106671 0.144316 
19923 -0.109788 0.215848 
19924 -0.040699 0.00508013 
19925 -0.0433901 0.0758236 
19926 -0.0470959 0.146406 
19927 -0.0512137 0.217061 
19928 0.0185281 0.00787288 
19929 0.0147216 0.0786362 
19930 0.0116575 0.149085 
19931 0.00729372 0.219389 
19932 0.075893 0.0108217 
19933 0.0727598 0.0809241 
19934 0.0692158 0.150674 
19935 0.0656835 0.220654 
19936 0.13331 0.0139385 
19937 0.130177 0.0835695 
19938 0.126406 0.152336 
19939 0.123246 0.222547 
