19640 -0.33368 -0.216827 
19641 -0.333056 -0.0167993 
19642 -0.33376 0.183735 
19643 -0.332936 0.383502 
19644 -0.166418 -0.217051 
19645 -0.166654 -0.0166757 
19646 -0.166865 0.183364 
19647 -0.16646 0.383126 
19648 0.000189285 -0.216766 
19649 0.000255763 -0.0168787 
19650 7.38989e-06 0.183243 
19651 -7.67448e-05 0.383565 
19652 0.16707 -0.216671 
19653 0.16663 -0.0165444 
19654 0.166372 0.182927 
19655 0.166716 0.383432 
19656 0.333691 -0.216386 
19657 0.333106 -0.0166882 
19658 0.333195 0.183004 
19659 0.333738 0.383188 
19660 -0.297395 -0.188476 
19661 -0.298097 -0.0056693 
19662 -0.298772 0.17708 
19663 -0.298695 0.359647 
19664 -0.145366 -0.187779 
19665 -0.145674 -0.00541242 
19666 -0.146773 0.176737 
19667 -0.14726 0.359039 
19668 0.00666745 -0.187681 
19669 0.00567788 -0.00477451 
19670 0.00548308 0.177544 
19671 0.00529271 0.35914 
19672 0.158269 -0.186795 
19673 0.158005 -0.00423869 
19674 0.157141 0.177808 
19675 0.156437 0.359899 
19676 0.310335 -0.186504 
19677 0.309202 -0.00394865 
19678 0.308432 0.177301 
19679 0.308773 0.359815 
19680 -0.268428 -0.163914 
19681 -0.269536 0.00338271 
19682 -0.26967 0.171385 
19683 -0.270525 0.339367 
19684 -0.127938 -0.163288 
19685 -0.129128 0.00415712 
19686 -0.129986 0.17182 
19687 -0.131024 0.339781 
19688 0.0118503 -0.162576 
19689 0.0110457 0.00478274 
19690 0.0103777 0.172581 
19691 0.00906457 0.339901 
19692 0.15097 -0.161649 
19693 0.149703 0.00620431 
19694 0.149673 0.172774 
19695 0.147818 0.339938 
19696 0.290471 -0.16075 
19697 0.288859 0.00663983 
19698 0.288043 0.173968 
19699 0.287065 0.340248 
19700 -0.243142 -0.142944 
19701 -0.244591 0.0117933 
19702 -0.245888 0.167701 
19703 -0.246641 0.322812 
19704 -0.113369 -0.141601 
19705 -0.114865 0.0130681 
19706 -0.116016 0.168828 
19707 -0.117056 0.323322 
19708 0.0156393 -0.140914 
19709 0.0144581 0.0141491 
19710 0.0135385 0.169049 
19711 0.0119307 0.324253 
19712 0.144802 -0.138872 
19713 0.143153 0.0149048 
19714 0.142071 0.169767 
19715 0.140837 0.32435 
19716 0.272295 -0.138295 
19717 0.271958 0.0166896 
19718 0.270652 0.170319 
19719 0.269183 0.325091 
19720 -0.221977 -0.12475 
19721 -0.22356 0.0198774 
19722 -0.22565 0.16489 
19723 -0.226914 0.309426 
19724 -0.101824 -0.123134 
19725 -0.103176 0.0216392 
19726 -0.10413 0.165404 
19727 -0.105729 0.309642 
19728 0.0191468 -0.121305 
19729 0.0174019 0.0223153 
19730 0.0160985 0.166746 
19731 0.0139856 0.310049 
19732 0.138794 -0.11977 
19733 0.136924 0.0235384 
19734 0.13528 0.167347 
19735 0.133948 0.311229 
19736 0.257816 -0.118302 
19737 0.256168 0.0244894 
19738 0.254518 0.168654 
19739 0.253192 0.31117 
19740 -0.203875 -0.108582 
19741 -0.206137 0.026734 
19742 -0.207772 0.162155 
19743 -0.210159 0.29768 
19744 -0.0911335 -0.106633 
19745 -0.0932744 0.0286955 
19746 -0.0952512 0.163811 
19747 -0.0969515 0.298257 
19748 0.0216481 -0.104832 
19749 0.0189994 0.0300971 
19750 0.0175396 0.16456 
19751 0.016208 0.298987 
19752 0.132726 -0.102512 
19753 0.130844 0.0314675 
19754 0.129014 0.165142 
19755 0.127824 0.300201 
19756 0.244514 -0.100764 
19757 0.242047 0.0331031 
19758 0.240361 0.167163 
19759 0.23886 0.301005 
19760 -0.188899 -0.0934111 
19761 -0.190773 0.0336692 
19762 -0.19311 0.160663 
19763 -0.194567 0.288438 
19764 -0.0827633 -0.0922112 
19765 -0.0841515 0.035324 
19766 -0.0866289 0.162145 
19767 -0.0884537 0.289287 
19768 0.0235979 -0.089646 
19769 0.0209809 0.0366085 
19770 0.0193778 0.163503 
19771 0.016976 0.289843 
19772 0.128571 -0.0879786 
19773 0.125522 0.038676 
19774 0.123654 0.164226 
19775 0.121499 0.29082 
19776 0.231793 -0.0861613 
19777 0.230494 0.0400649 
19778 0.22789 0.165861 
19779 0.226494 0.291241 
19780 -0.175473 -0.0801726 
19781 -0.177281 0.0397028 
19782 -0.179494 0.159158 
19783 -0.181902 0.279335 
19784 -0.0745779 -0.0779153 
19785 -0.0769688 0.041383 
19786 -0.0798769 0.160834 
19787 -0.0818379 0.280189 
19788 0.0240813 -0.0758179 
19789 0.0226337 0.0434821 
19790 0.0204785 0.162389 
19791 0.0173281 0.281463 
19792 0.123147 -0.0734932 
19793 0.121065 0.0452244 
19794 0.118407 0.163694 
19795 0.116683 0.282257 
19796 0.221498 -0.0722136 
19797 0.218925 0.046295 
19798 0.21736 0.164907 
19799 0.214364 0.283187 
19800 -0.163333 -0.0681108 
19801 -0.166254 0.0449151 
19802 -0.167965 0.159069 
19803 -0.17103 0.272404 
19804 -0.0688583 -0.0659729 
19805 -0.0712947 0.0475486 
19806 -0.0736868 0.160598 
19807 -0.0756898 0.273888 
19808 0.0259805 -0.0637921 
19809 0.0230293 0.0493482 
19810 0.0203718 0.161661 
19811 0.0185085 0.274665 
19812 0.119349 -0.0614502 
19813 0.116796 0.0511053 
19814 0.113544 0.162925 
19815 0.111283 0.275719 
19816 0.211146 -0.059299 
19817 0.209289 0.0531451 
19818 0.206706 0.164481 
19819 0.20462 0.276259 
19820 -0.152921 -0.0570623 
19821 -0.155694 0.0508454 
19822 -0.158361 0.158384 
19823 -0.160889 0.265797 
19824 -0.0628139 -0.0552158 
19825 -0.0651962 0.0520579 
19826 -0.0679762 0.159828 
19827 -0.070566 0.26693 
19828 0.026086 -0.0519674 
19829 0.0233856 0.0545588 
19830 0.0205115 0.161268 
19831 0.0179978 0.268544 
19832 0.114161 -0.0504326 
19833 0.112195 0.0562145 
19834 0.109368 0.162882 
19835 0.106722 0.269591 
19836 0.202026 -0.0476138 
19837 0.200177 0.0582057 
19838 0.196964 0.16473 
19839 0.194942 0.270158 
19840 -0.143783 -0.0473286 
19841 -0.146537 0.0550587 
19842 -0.149519 0.158013 
19843 -0.152653 0.261203 
19844 -0.0579211 -0.0448834 
19845 -0.0613583 0.0571756 
19846 -0.0636564 0.159849 
19847 -0.0669624 0.26146 
19848 0.0269628 -0.0422003 
19849 0.0237327 0.0598219 
19850 0.0207557 0.160999 
19851 0.0181999 0.262762 
19852 0.110344 -0.0391148 
19853 0.10792 0.0621403 
19854 0.105233 0.163252 
19855 0.101966 0.264676 
19856 0.19352 -0.0372673 
19857 0.190952 0.0641269 
19858 0.188918 0.16466 
19859 0.186299 0.265425 
19860 -0.135724 -0.0374554 
19861 -0.138766 0.0605027 
19862 -0.142102 0.158029 
19863 -0.14434 0.255575 
19864 -0.0544101 -0.0353877 
19865 -0.0574455 0.0624994 
19866 -0.0601316 0.16015 
19867 -0.0633185 0.257195 
19868 0.0267415 -0.032741 
19869 0.0240863 0.064319 
19870 0.020421 0.161273 
19871 0.0177358 0.25876 
19872 0.106582 -0.0300396 
19873 0.104386 0.0661948 
19874 0.100836 0.163306 
19875 0.0985168 0.259535 
19876 0.186351 -0.0274607 
19877 0.18344 0.0689761 
19878 0.180674 0.164816 
19879 0.177271 0.261118 
19880 -0.129026 -0.0284732 
19881 -0.131927 0.0645265 
19882 -0.134882 0.158279 
19883 -0.137833 0.25214 
19884 -0.0511386 -0.0264685 
19885 -0.0537157 0.0664531 
19886 -0.056783 0.160186 
19887 -0.0594859 0.252734 
19888 0.0266213 -0.0234596 
19889 0.0238882 0.0686364 
19890 0.0200999 0.162044 
19891 0.0175803 0.254099 
19892 0.103191 -0.0211443 
19893 0.0998548 0.0708537 
19894 0.0971177 0.163515 
19895 0.0938082 0.255281 
19896 0.178919 -0.0185568 
19897 0.175404 0.0735573 
19898 0.173439 0.165096 
19899 0.169673 0.257244 
19900 -0.122418 -0.0204443 
19901 -0.125796 0.0692675 
19902 -0.128739 0.158151 
19903 -0.131441 0.248018 
19904 -0.0479596 -0.0175988 
19905 -0.0504876 0.0705984 
19906 -0.0535442 0.160441 
19907 -0.0568611 0.249937 
19908 0.0263024 -0.0152599 
19909 0.0231776 0.0728694 
19910 0.0199484 0.162106 
19911 0.0172307 0.251354 
19912 0.0991423 -0.0127533 
19913 0.0959836 0.0759859 
19914 0.0936423 0.16345 
19915 0.0907467 0.252729 
19916 0.171343 -0.00988344 
19917 0.169362 0.0780194 
19918 0.166414 0.165443 
19919 0.163475 0.253084 
19920 -0.116775 -0.0135645 
19921 -0.119801 0.072409 
19922 -0.123705 0.158418 
19923 -0.126576 0.244895 
19924 -0.0453895 -0.010484 
19925 -0.0481575 0.0754657 
19926 -0.051254 0.160997 
19927 -0.0545773 0.246631 
19928 0.0254302 -0.00757265 
19929 0.0225617 0.0772672 
19930 0.0191031 0.163048 
19931 0.0158678 0.248298 
19932 0.095321 -0.0047038 
19933 0.0932032 0.0795439 
19934 0.0893659 0.164224 
19935 0.0866231 0.249523 
19936 0.16512 -0.00210171 
19937 0.161939 0.0818035 
19938 0.159139 0.166007 
19939 0.156578 0.250642 
19940 -0.112288 -0.00635967 
19941 -0.115021 0.0765637 
19942 -0.118423 0.159443 
19943 -0.121338 0.241963 
19944 -0.0429503 -0.00364302 
19945 -0.046552 0.0785158 
19946 -0.049157 0.161359 
19947 -0.0524691 0.243979 
19948 0.0255286 -0.00039673 
19949 0.0220422 0.0807496 
19950 0.0190527 0.162636 
19951 0.0155454 0.245386 
19952 0.0924478 0.00169392 
19953 0.0889173 0.0831989 
19954 0.0864978 0.164691 
19955 0.0829205 0.24618 
19956 0.158611 0.00451627 
19957 0.156167 0.0860335 
19958 0.152564 0.166826 
19959 0.149913 0.247754 
19960 -0.107422 0.00111235 
19961 -0.110499 0.0801279 
19962 -0.11383 0.159658 
19963 -0.11787 0.23966 
19964 -0.0407243 0.00380027 
19965 -0.0447362 0.082432 
19966 -0.0475748 0.161383 
19967 -0.0509899 0.241374 
19968 0.0242905 0.00585675 
19969 0.0209929 0.0844402 
19970 0.0181642 0.163446 
19971 0.0142362 0.242828 
19972 0.0889773 0.00904506 
19973 0.0855426 0.0873245 
19974 0.082474 0.165203 
19975 0.0798846 0.243832 
19976 0.153349 0.012059 
19977 0.150116 0.0892149 
19978 0.147076 0.166998 
19979 0.143956 0.245221 
19980 -0.103584 0.00652516 
19981 -0.106916 0.0835664 
19982 -0.109923 0.16032 
19983 -0.113517 0.23698 
19984 -0.0393784 0.00995614 
19985 -0.0434084 0.0860515 
19986 -0.0466054 0.162658 
19987 -0.0496624 0.238644 
19988 0.0231447 0.0126017 
19989 0.0196774 0.0878387 
19990 0.0168579 0.164277 
19991 0.0132781 0.240431 
19992 0.0859958 0.0150867 
19993 0.082343 0.0908562 
19994 0.079458 0.16656 
19995 0.0764988 0.242319 
19996 0.147353 0.0183019 
19997 0.1441 0.0930757 
19998 0.141524 0.167582 
19999 0.137913 0.243275 
20000 -0.0995306 0.0124546 
20001 -0.102989 0.086807 
20002 -0.107196 0.161218 
20003 -0.110181 0.235292 
20004 -0.0385445 0.0155614 
20005 -0.0421913 0.0893101 
20006 -0.0456639 0.163343 
20007 -0.0481989 0.237267 
20008 0.0222711 0.0179183 
20009 0.0189002 0.0916944 
20010 0.0158918 0.164965 
20011 0.0121079 0.238429 
20012 0.0822996 0.0209026 
20013 0.0795926 0.0934837 
20014 0.0759294 0.167192 
20015 0.0726452 0.239807 
20016 0.142041 0.0232665 
20017 0.138849 0.095948 
20018 0.135884 0.168927 
20019 0.13306 0.240964 
20020 -0.0968257 0.0181883 
20021 -0.100099 0.089969 
20022 -0.103883 0.1617 
20023 -0.107891 0.233577 
20024 -0.0370533 0.0208301 
20025 -0.0405717 0.0918044 
20026 -0.0443217 0.163158 
20027 -0.0478183 0.23554 
20028 0.0216027 0.0241478 
20029 0.0180703 0.0945678 
20030 0.0148422 0.165523 
20031 0.0117771 0.236923 
20032 0.0794126 0.0269643 
20033 0.0758089 0.0968193 
20034 0.0727122 0.167105 
20035 0.0693209 0.238062 
20036 0.136957 0.0290263 
20037 0.133781 0.0993227 
20038 0.130268 0.169283 
20039 0.127672 0.239338 
