19660 -0.33343 -0.21627 
19661 -0.333498 -0.0168322 
19662 -0.333771 0.18284 
19663 -0.332966 0.383291 
19664 -0.166305 -0.216988 
19665 -0.166723 -0.0163248 
19666 -0.166704 0.183757 
19667 -0.166992 0.383573 
19668 -0.000295816 -0.216323 
19669 0.000121785 -0.0170119 
19670 -0.000297745 0.183288 
19671 -6.1987e-05 0.383088 
19672 0.167096 -0.216608 
19673 0.166994 -0.0166905 
19674 0.166832 0.183232 
19675 0.16652 0.383458 
19676 0.333508 -0.21669 
19677 0.333479 -0.0169912 
19678 0.333112 0.183295 
19679 0.333768 0.383391 
19680 -0.297983 -0.187934 
19681 -0.298294 -0.0049902 
19682 -0.298135 0.177103 
19683 -0.298958 0.359354 
19684 -0.145404 -0.187109 
19685 -0.145436 -0.00459324 
19686 -0.146325 0.177524 
19687 -0.147296 0.35987 
19688 0.00672846 -0.186867 
19689 0.0060377 -0.00428821 
19690 0.00553317 0.177925 
19691 0.00478071 0.360275 
19692 0.158923 -0.186636 
19693 0.15763 -0.00416183 
19694 0.157835 0.17845 
19695 0.156975 0.359863 
19696 0.310439 -0.185376 
19697 0.309609 -0.00383593 
19698 0.308915 0.178577 
19699 0.308364 0.359944 
19700 -0.267677 -0.163364 
19701 -0.26889 0.00444947 
19702 -0.269846 0.172141 
19703 -0.270705 0.340162 
19704 -0.128034 -0.16206 
19705 -0.128789 0.00529201 
19706 -0.129311 0.172934 
19707 -0.13028 0.340778 
19708 0.0123511 -0.161223 
19709 0.0108078 0.00566155 
19710 0.0102579 0.173947 
19711 0.00924869 0.341292 
19712 0.151047 -0.160366 
19713 0.149908 0.00696606 
19714 0.149591 0.173652 
19715 0.148138 0.341578 
19716 0.289719 -0.159741 
19717 0.289359 0.00738228 
19718 0.28857 0.174865 
19719 0.287781 0.34158 
19720 -0.243545 -0.141701 
19721 -0.244121 0.0133241 
19722 -0.246247 0.168844 
19723 -0.247035 0.324586 
19724 -0.113187 -0.140781 
19725 -0.11476 0.0143618 
19726 -0.115637 0.169653 
19727 -0.117291 0.324802 
19728 0.0157885 -0.139249 
19729 0.014845 0.015404 
19730 0.0135728 0.170091 
19731 0.0117956 0.325572 
19732 0.144409 -0.138362 
19733 0.143719 0.0167521 
19734 0.141749 0.171384 
19735 0.141285 0.32621 
19736 0.272888 -0.136292 
19737 0.271382 0.01729 
19738 0.270919 0.171744 
19739 0.269084 0.325931 
19740 -0.222491 -0.123338 
19741 -0.223433 0.021961 
19742 -0.225007 0.165966 
19743 -0.226603 0.31132 
19744 -0.101322 -0.121525 
19745 -0.102528 0.0227283 
19746 -0.104558 0.167071 
19747 -0.105706 0.312208 
19748 0.0189228 -0.120508 
19749 0.0173361 0.024221 
19750 0.0160558 0.168579 
19751 0.0148865 0.312634 
19752 0.139196 -0.118418 
19753 0.137172 0.0254032 
19754 0.136078 0.168822 
19755 0.134139 0.312877 
19756 0.257707 -0.116879 
19757 0.256748 0.0265961 
19758 0.254922 0.170442 
19759 0.253263 0.313656 
19760 -0.203836 -0.107223 
19761 -0.20558 0.0291531 
19762 -0.208129 0.164164 
19763 -0.209409 0.299642 
19764 -0.0905837 -0.105052 
19765 -0.0923468 0.0301512 
19766 -0.0944676 0.165607 
19767 -0.0959763 0.300248 
19768 0.021404 -0.102875 
19769 0.0193908 0.0316912 
19770 0.0177113 0.166631 
19771 0.0158008 0.300842 
19772 0.133832 -0.100826 
19773 0.131582 0.0329599 
19774 0.129908 0.167166 
19775 0.127637 0.302366 
19776 0.244429 -0.0997657 
19777 0.242489 0.0346957 
19778 0.2411 0.168144 
19779 0.238733 0.302826 
19780 -0.188552 -0.0913406 
19781 -0.190232 0.0351113 
19782 -0.192202 0.162901 
19783 -0.194678 0.290102 
19784 -0.0824508 -0.0897799 
19785 -0.0839891 0.0374364 
19786 -0.0866657 0.164583 
19787 -0.0883444 0.29078 
19788 0.0233117 -0.0879051 
19789 0.021652 0.0391742 
19790 0.0192539 0.165588 
19791 0.0170485 0.292116 
19792 0.128439 -0.0858017 
19793 0.126873 0.0401476 
19794 0.124208 0.166415 
19795 0.12279 0.292597 
19796 0.233142 -0.0832781 
19797 0.230615 0.0424628 
19798 0.228407 0.167662 
19799 0.227052 0.293238 
19800 -0.174854 -0.0782052 
19801 -0.177608 0.0414713 
19802 -0.179969 0.162303 
19803 -0.182227 0.281942 
19804 -0.074582 -0.0759878 
19805 -0.0764976 0.0437498 
19806 -0.0788928 0.163171 
19807 -0.081067 0.283462 
19808 0.0251185 -0.0736768 
19809 0.022449 0.0451945 
19810 0.0203294 0.164455 
19811 0.0179649 0.284177 
19812 0.124135 -0.071363 
19813 0.121209 0.0469012 
19814 0.118836 0.166182 
19815 0.117103 0.285159 
19816 0.222005 -0.0699454 
19817 0.220171 0.0482522 
19818 0.217809 0.167557 
19819 0.214961 0.285531 
19820 -0.163475 -0.0659337 
19821 -0.165281 0.0477711 
19822 -0.167689 0.160813 
19823 -0.170701 0.275277 
19824 -0.0680395 -0.0641878 
19825 -0.0709533 0.0497434 
19826 -0.0734153 0.162733 
19827 -0.0760595 0.275595 
19828 0.0258777 -0.0615172 
19829 0.023653 0.0515856 
19830 0.0207866 0.163871 
19831 0.0181895 0.276676 
19832 0.119491 -0.0595316 
19833 0.117101 0.0531738 
19834 0.114142 0.165944 
19835 0.111736 0.277965 
19836 0.212008 -0.0571274 
19837 0.209296 0.0552909 
19838 0.207234 0.166824 
19839 0.204706 0.278454 
19840 -0.152384 -0.0544609 
19841 -0.154917 0.0531142 
19842 -0.158301 0.161123 
19843 -0.160781 0.268891 
19844 -0.0630311 -0.0520996 
19845 -0.0653887 0.0546812 
19846 -0.0681907 0.162234 
19847 -0.0708199 0.269584 
19848 0.0265893 -0.0497104 
19849 0.0243615 0.0569435 
19850 0.021434 0.163437 
19851 0.0185183 0.271444 
19852 0.114853 -0.0474807 
19853 0.112657 0.0593064 
19854 0.110397 0.165099 
19855 0.10727 0.272091 
19856 0.203333 -0.0448381 
19857 0.20004 0.0606684 
19858 0.198408 0.166735 
19859 0.195239 0.273189 
19860 -0.143869 -0.0446319 
19861 -0.146003 0.0584708 
19862 -0.148921 0.160392 
19863 -0.151989 0.263273 
19864 -0.0579308 -0.0416792 
19865 -0.0609794 0.0604004 
19866 -0.0634534 0.162522 
19867 -0.0659672 0.264283 
19868 0.027389 -0.0395528 
19869 0.0239289 0.0620118 
19870 0.0212696 0.163707 
19871 0.0187597 0.265387 
19872 0.110937 -0.0375673 
19873 0.108838 0.0640481 
19874 0.105904 0.165834 
19875 0.102774 0.267065 
19876 0.194535 -0.0346224 
19877 0.191945 0.0658626 
19878 0.189347 0.16667 
19879 0.187121 0.267974 
19880 -0.135806 -0.0346112 
19881 -0.138582 0.0623548 
19882 -0.141309 0.160788 
19883 -0.14478 0.258751 
19884 -0.0534065 -0.0329076 
19885 -0.0561738 0.0646414 
19886 -0.0595586 0.162272 
19887 -0.062731 0.260583 
19888 0.0268023 -0.0295191 
19889 0.0244839 0.0674891 
19890 0.0210101 0.164464 
19891 0.0184503 0.260969 
19892 0.107552 -0.0270834 
19893 0.104487 0.0692611 
19894 0.101252 0.16567 
19895 0.0993095 0.262274 
19896 0.186338 -0.025284 
19897 0.184126 0.0713796 
19898 0.181745 0.166999 
19899 0.17819 0.263674 
19900 -0.128062 -0.0258086 
19901 -0.131245 0.0676239 
19902 -0.133996 0.160517 
19903 -0.137909 0.254846 
19904 -0.0502756 -0.0236373 
19905 -0.0536495 0.0693226 
19906 -0.0560548 0.162476 
19907 -0.0588686 0.25569 
19908 0.0275089 -0.0207461 
19909 0.0239499 0.0719496 
19910 0.0209671 0.164125 
19911 0.0180028 0.257086 
19912 0.103162 -0.0185776 
19913 0.100579 0.0741247 
19914 0.0974456 0.166243 
19915 0.0951284 0.258099 
19916 0.178929 -0.0158112 
19917 0.176747 0.075986 
19918 0.17348 0.167561 
19919 0.171331 0.260116 
19920 -0.121649 -0.0179173 
19921 -0.124631 0.0710492 
19922 -0.128671 0.161073 
19923 -0.13109 0.25074 
19924 -0.047497 -0.0153853 
19925 -0.0501065 0.0736922 
19926 -0.053513 0.162896 
19927 -0.0569606 0.252352 
19928 0.0266831 -0.0131973 
19929 0.0234388 0.0761379 
19930 0.0202368 0.165242 
19931 0.018035 0.253591 
19932 0.100176 -0.00994007 
19933 0.097383 0.0782849 
19934 0.0938485 0.166781 
19935 0.0908003 0.255194 
19936 0.172586 -0.00808547 
19937 0.169228 0.0798415 
19938 0.166784 0.168199 
19939 0.164333 0.256624 
19940 -0.115859 -0.0108694 
19941 -0.119431 0.075257 
19942 -0.122313 0.161893 
19943 -0.126063 0.248114 
19944 -0.0446209 -0.00728354 
19945 -0.048108 0.0782261 
19946 -0.0507036 0.163681 
19947 -0.054061 0.249151 
19948 0.0259079 -0.00500916 
19949 0.0227024 0.0802715 
19950 0.0201878 0.164821 
19951 0.0167957 0.250757 
19952 0.0965548 -0.00237759 
19953 0.0935881 0.0823768 
19954 0.090888 0.166835 
19955 0.087633 0.252116 
19956 0.165784 -7.90955e-05 
19957 0.163085 0.0842076 
19958 0.159965 0.168593 
19959 0.156737 0.252894 
19960 -0.111357 -0.00298531 
19961 -0.114377 0.0792957 
19962 -0.117539 0.162295 
19963 -0.121155 0.245639 
19964 -0.0420464 -0.00111989 
19965 -0.045636 0.0817412 
19966 -0.0484797 0.164175 
19967 -0.0526085 0.246125 
19968 0.0254745 0.00194276 
19969 0.0224993 0.083997 
19970 0.0197419 0.166144 
19971 0.0161052 0.24823 
19972 0.0933756 0.00484821 
19973 0.0901606 0.0863198 
19974 0.0865172 0.167349 
19975 0.0841599 0.249681 
19976 0.159499 0.00772893 
19977 0.156445 0.0884065 
19978 0.15339 0.169718 
19979 0.151316 0.250329 
19980 -0.107064 0.0029823 
19981 -0.110546 0.0833423 
19982 -0.113269 0.162545 
19983 -0.11677 0.242787 
19984 -0.0411233 0.00598378 
19985 -0.0440467 0.0849245 
19986 -0.0470299 0.164534 
19987 -0.0508218 0.243693 
19988 0.0247891 0.00822845 
19989 0.0221149 0.0874554 
19990 0.018047 0.166441 
19991 0.0149434 0.245806 
19992 0.0897763 0.0110543 
19993 0.0861662 0.0900394 
19994 0.0836421 0.16829 
19995 0.0802414 0.247155 
19996 0.154033 0.0138776 
19997 0.150729 0.0915833 
19998 0.148078 0.169705 
19999 0.144874 0.248321 
20000 -0.102841 0.0099519 
20001 -0.106821 0.0858108 
20002 -0.109677 0.163096 
20003 -0.113288 0.240093 
20004 -0.0388009 0.0124553 
20005 -0.042082 0.0886292 
20006 -0.0454204 0.165253 
20007 -0.0489087 0.241996 
20008 0.0239115 0.0154287 
20009 0.0207592 0.0912276 
20010 0.0177645 0.166761 
20011 0.0147689 0.243675 
20012 0.0860198 0.0173823 
20013 0.0835997 0.0927405 
20014 0.0798538 0.168303 
20015 0.0770516 0.244563 
20016 0.147879 0.0201271 
20017 0.145402 0.0951606 
20018 0.142436 0.170179 
20019 0.138947 0.246058 
20020 -0.0997717 0.0154617 
20021 -0.103094 0.0890432 
20022 -0.105878 0.163744 
20023 -0.109454 0.238436 
20024 -0.0379747 0.0181084 
20025 -0.040899 0.0917022 
20026 -0.0448509 0.165964 
20027 -0.0482106 0.239635 
20028 0.0234659 0.0204692 
20029 0.0197624 0.0941358 
20030 0.0163312 0.167372 
20031 0.0137122 0.241416 
20032 0.0836485 0.0232197 
20033 0.0796741 0.0960773 
20034 0.0765399 0.169666 
20035 0.0735274 0.242776 
20036 0.142451 0.0258258 
20037 0.140027 0.0985051 
20038 0.136533 0.171114 
20039 0.133587 0.244235 
20040 -0.0960957 0.0208619 
20041 -0.0993778 0.0922551 
20042 -0.102854 0.16469 
20043 -0.106351 0.236626 
20044 -0.03646 0.0238075 
20045 -0.0403815 0.095112 
20046 -0.0437613 0.165767 
20047 -0.0465498 0.23807 
20048 0.0220043 0.0258315 
20049 0.0186205 0.0970064 
20050 0.0157324 0.168014 
20051 0.0123542 0.239225 
20052 0.0803968 0.0290185 
20053 0.0774357 0.0990333 
20054 0.0738459 0.169578 
20055 0.0706353 0.240389 
20056 0.137221 0.0311381 
20057 0.134169 0.101646 
20058 0.131957 0.171665 
20059 0.12798 0.242264 
