19740 -0.332946 -0.216458 
19741 -0.333068 -0.0170366 
19742 -0.333247 0.183014 
19743 -0.332972 0.383081 
19744 -0.16661 -0.216337 
19745 -0.167089 -0.0165534 
19746 -0.166248 0.183257 
19747 -0.167142 0.383382 
19748 0.00022354 -0.216741 
19749 0.000158079 -0.0166902 
19750 -0.000187822 0.183824 
19751 0.000302814 0.382926 
19752 0.166764 -0.217069 
19753 0.166858 -0.0169664 
19754 0.166903 0.18335 
19755 0.166445 0.383666 
19756 0.333139 -0.216961 
19757 0.332858 -0.0162512 
19758 0.333047 0.183134 
19759 0.333311 0.383692 
19760 -0.297591 -0.186676 
19761 -0.298433 -0.00365454 
19762 -0.298531 0.179199 
19763 -0.299325 0.361909 
19764 -0.145092 -0.185337 
19765 -0.145991 -0.00310985 
19766 -0.146006 0.179687 
19767 -0.14629 0.361855 
19768 0.00713892 -0.184753 
19769 0.00676014 -0.00249653 
19770 0.00594729 0.179271 
19771 0.00602849 0.361836 
19772 0.15873 -0.184366 
19773 0.157934 -0.0025659 
19774 0.157819 0.179684 
19775 0.157775 0.362291 
19776 0.310235 -0.183746 
19777 0.309845 -0.00150007 
19778 0.309676 0.180534 
19779 0.309259 0.362543 
19780 -0.267698 -0.160073 
19781 -0.26857 0.00743054 
19782 -0.269163 0.175691 
19783 -0.270458 0.343891 
19784 -0.12747 -0.158778 
19785 -0.128334 0.00827154 
19786 -0.129099 0.176394 
19787 -0.129927 0.344065 
19788 0.0128606 -0.158031 
19789 0.0120115 0.00927559 
19790 0.0106737 0.176859 
19791 0.00994073 0.345248 
19792 0.152154 -0.156935 
19793 0.151182 0.00989881 
19794 0.150143 0.177208 
19795 0.149222 0.345193 
19796 0.291322 -0.155995 
19797 0.290224 0.0108823 
19798 0.289552 0.178527 
19799 0.288229 0.34568 
19800 -0.242506 -0.137632 
19801 -0.243719 0.0177543 
19802 -0.245628 0.173702 
19803 -0.246198 0.329891 
19804 -0.112574 -0.136395 
19805 -0.11432 0.0186839 
19806 -0.114667 0.174287 
19807 -0.116108 0.330192 
19808 0.0169505 -0.134948 
19809 0.0153764 0.0195615 
19810 0.0147194 0.175404 
19811 0.012897 0.330535 
19812 0.145809 -0.13375 
19813 0.144922 0.0205204 
19814 0.142953 0.176312 
19815 0.141896 0.330646 
19816 0.274503 -0.132161 
19817 0.273534 0.0223482 
19818 0.271569 0.176385 
19819 0.270338 0.331244 
19820 -0.220973 -0.117992 
19821 -0.222753 0.0270215 
19822 -0.22445 0.172116 
19823 -0.225822 0.317307 
19824 -0.100413 -0.116103 
19825 -0.102055 0.0286109 
19826 -0.103454 0.172515 
19827 -0.105153 0.318012 
19828 0.0198674 -0.115307 
19829 0.0187725 0.0290766 
19830 0.0168327 0.173371 
19831 0.015592 0.31814 
19832 0.140486 -0.113557 
19833 0.139155 0.0311494 
19834 0.136873 0.174296 
19835 0.135763 0.319137 
19836 0.259156 -0.111282 
19837 0.257937 0.0317095 
19838 0.256783 0.175583 
19839 0.254847 0.31915 
19840 -0.203469 -0.10103 
19841 -0.20453 0.0350025 
19842 -0.206668 0.171246 
19843 -0.209008 0.306524 
19844 -0.0892444 -0.0990943 
19845 -0.0911335 0.0361569 
19846 -0.0934823 0.172159 
19847 -0.0953603 0.307464 
19848 0.0234406 -0.0972565 
19849 0.0210156 0.0382012 
19850 0.0199025 0.172486 
19851 0.0172525 0.307729 
19852 0.134633 -0.094788 
19853 0.133049 0.039011 
19854 0.131869 0.173959 
19855 0.130028 0.308399 
19856 0.246859 -0.093012 
19857 0.244606 0.041103 
19858 0.242969 0.174644 
19859 0.24124 0.309435 
19860 -0.187209 -0.085533 
19861 -0.189057 0.0422242 
19862 -0.191378 0.170074 
19863 -0.1933 0.297647 
19864 -0.0808536 -0.0834338 
19865 -0.0833128 0.0439857 
19866 -0.0850648 0.171378 
19867 -0.0867933 0.298673 
19868 0.0253598 -0.0817056 
19869 0.0235288 0.0453902 
19870 0.0209217 0.172232 
19871 0.0195321 0.299734 
19872 0.129802 -0.0794934 
19873 0.128371 0.0475014 
19874 0.126241 0.17372 
19875 0.124371 0.300252 
19876 0.234481 -0.0769052 
19877 0.233263 0.0485514 
19878 0.23065 0.174369 
19879 0.229426 0.300699 
19880 -0.173506 -0.071338 
19881 -0.17637 0.0495395 
19882 -0.178437 0.169374 
19883 -0.180985 0.29068 
19884 -0.0732652 -0.0694388 
19885 -0.0756672 0.0508489 
19886 -0.0773749 0.170806 
19887 -0.0794461 0.29093 
19888 0.0264931 -0.0670271 
19889 0.0239531 0.0521934 
19890 0.0223543 0.172112 
19891 0.0201951 0.292031 
19892 0.125173 -0.0648444 
19893 0.12389 0.0537171 
19894 0.121714 0.173291 
19895 0.118945 0.292904 
19896 0.224353 -0.0628826 
19897 0.22162 0.0553474 
19898 0.220221 0.174649 
19899 0.217723 0.293838 
19900 -0.162118 -0.0583861 
19901 -0.16404 0.0548934 
19902 -0.166413 0.168983 
19903 -0.168864 0.283717 
19904 -0.0665246 -0.0562248 
19905 -0.0686749 0.0572518 
19906 -0.0711123 0.170532 
19907 -0.0741688 0.284528 
19908 0.0282158 -0.0536908 
19909 0.0257104 0.0589683 
19910 0.023398 0.172527 
19911 0.0207109 0.285792 
19912 0.121473 -0.0522113 
19913 0.119186 0.0610754 
19914 0.116691 0.173638 
19915 0.114827 0.286516 
19916 0.214201 -0.0501036 
19917 0.21202 0.0622282 
19918 0.209944 0.174661 
19919 0.207516 0.287143 
19920 -0.150904 -0.0471893 
19921 -0.153801 0.0609739 
19922 -0.156181 0.169734 
19923 -0.158928 0.278232 
19924 -0.0607875 -0.0443809 
19925 -0.0639592 0.0628136 
19926 -0.0656515 0.170459 
19927 -0.0686495 0.278915 
19928 0.0289358 -0.0428096 
19929 0.0258577 0.0652196 
19930 0.0232941 0.172286 
19931 0.0210095 0.279681 
19932 0.117507 -0.0401114 
19933 0.114898 0.0661989 
19934 0.112295 0.173182 
19935 0.109875 0.281227 
19936 0.205405 -0.0384025 
19937 0.203214 0.0687776 
19938 0.20087 0.175397 
19939 0.198387 0.281801 
19940 -0.14217 -0.0362137 
19941 -0.144271 0.0659786 
19942 -0.147707 0.169742 
19943 -0.15074 0.273009 
19944 -0.0564882 -0.0340201 
19945 -0.059069 0.0679804 
19946 -0.0613846 0.170746 
19947 -0.0637926 0.273585 
19948 0.029075 -0.0322713 
19949 0.0261842 0.0701266 
19950 0.0236459 0.17247 
19951 0.0211456 0.274595 
19952 0.113552 -0.029615 
19953 0.110645 0.0722517 
19954 0.108436 0.173936 
19955 0.106207 0.275752 
19956 0.196637 -0.0269259 
19957 0.19479 0.0739898 
19958 0.191854 0.174852 
19959 0.189441 0.277159 
19960 -0.133313 -0.0270875 
19961 -0.136229 0.0712659 
19962 -0.139665 0.169737 
19963 -0.14226 0.268026 
19964 -0.0519904 -0.0239878 
19965 -0.0549229 0.073314 
19966 -0.0577375 0.171413 
19967 -0.0598087 0.268946 
19968 0.0293468 -0.0225309 
19969 0.0262944 0.0748627 
19970 0.0237179 0.172883 
19971 0.021247 0.270719 
19972 0.109276 -0.0201595 
19973 0.107459 0.0769636 
19974 0.104526 0.174054 
19975 0.101372 0.271865 
19976 0.189369 -0.0174932 
19977 0.186583 0.0791112 
19978 0.184035 0.175912 
19979 0.181879 0.272482 
19980 -0.126092 -0.0184853 
19981 -0.129096 0.0753866 
19982 -0.132716 0.169579 
19983 -0.134991 0.263931 
19984 -0.0482931 -0.0155286 
19985 -0.0511964 0.0775664 
19986 -0.0541081 0.17142 
19987 -0.0570213 0.265124 
19988 0.0289594 -0.0130416 
19989 0.0266832 0.0803082 
19990 0.0234479 0.172877 
19991 0.0214216 0.266689 
19992 0.106073 -0.0110061 
19993 0.10287 0.0814414 
19994 0.100363 0.175063 
19995 0.0981526 0.267435 
19996 0.181604 -0.00812463 
19997 0.179239 0.0841444 
19998 0.176762 0.17647 
19999 0.174726 0.268836 
20000 -0.120454 -0.00947765 
20001 -0.123105 0.079905 
20002 -0.126344 0.170393 
20003 -0.129235 0.261062 
20004 -0.0456087 -0.00731758 
20005 -0.0478746 0.081898 
20006 -0.0509432 0.171456 
20007 -0.0540688 0.261614 
20008 0.0290943 -0.00454222 
20009 0.0257271 0.0838589 
20010 0.0229935 0.17352 
20011 0.0206514 0.263482 
20012 0.102478 -0.00213247 
20013 0.0992177 0.0862245 
20014 0.0965339 0.174956 
20015 0.0941986 0.26381 
20016 0.175296 -0.000437013 
20017 0.172682 0.0881641 
20018 0.169626 0.176745 
20019 0.166964 0.265328 
20020 -0.114956 -0.00175959 
20021 -0.117226 0.0842151 
20022 -0.12079 0.170948 
20023 -0.124198 0.257364 
20024 -0.0422929 0.000233949 
20025 -0.0457388 0.0857342 
20026 -0.0483541 0.171875 
20027 -0.0515059 0.258396 
20028 0.0282417 0.00258948 
20029 0.0252423 0.0885362 
20030 0.0232859 0.174269 
20031 0.020151 0.260025 
20032 0.0990693 0.00521159 
20033 0.0960541 0.090023 
20034 0.0934176 0.175663 
20035 0.0906989 0.261246 
20036 0.168694 0.0074518 
20037 0.1658 0.0920655 
20038 0.163448 0.176742 
20039 0.161043 0.262311 
20040 -0.10973 0.00456884 
20041 -0.112919 0.0876653 
20042 -0.115458 0.170795 
20043 -0.118361 0.254831 
20044 -0.0402572 0.00723879 
20045 -0.042927 0.0896171 
20046 -0.0465234 0.172458 
20047 -0.0491422 0.256245 
20048 0.0280691 0.0100804 
20049 0.0251231 0.0916015 
20050 0.0218345 0.17474 
20051 0.0194074 0.256822 
20052 0.0958747 0.0125393 
20053 0.0928589 0.0936901 
20054 0.0898138 0.176303 
20055 0.0874777 0.258177 
20056 0.162462 0.014467 
20057 0.160168 0.0957055 
20058 0.156953 0.177273 
20059 0.154955 0.259407 
20060 -0.104971 0.0111914 
20061 -0.108243 0.0908631 
20062 -0.111211 0.171902 
20063 -0.114424 0.252013 
20064 -0.038689 0.0135477 
20065 -0.0416406 0.0928694 
20066 -0.0446742 0.173565 
20067 -0.047459 0.252962 
20068 0.0269264 0.0162396 
20069 0.0241342 0.0958449 
20070 0.0209538 0.174966 
20071 0.0184431 0.254003 
20072 0.0921036 0.0188065 
20073 0.0892968 0.0974758 
20074 0.0871224 0.176397 
20075 0.0835739 0.255735 
20076 0.1561 0.0213281 
20077 0.154185 0.0998742 
20078 0.151063 0.178252 
20079 0.148474 0.256383 
20080 -0.100833 0.0173014 
20081 -0.104353 0.0948116 
20082 -0.107429 0.17155 
20083 -0.110485 0.24966 
20084 -0.0373109 0.0203596 
20085 -0.0401565 0.0968628 
20086 -0.0427916 0.173731 
20087 -0.0459972 0.250829 
20088 0.0262373 0.0224765 
20089 0.0237963 0.0989097 
20090 0.0205796 0.174759 
20091 0.0179177 0.251905 
20092 0.0892297 0.0244005 
20093 0.0864458 0.100658 
20094 0.0831297 0.177163 
20095 0.0804844 0.25254 
20096 0.150765 0.0272979 
20097 0.148272 0.102964 
20098 0.145718 0.17819 
20099 0.143366 0.25459 
20100 -0.0976011 0.0234125 
20101 -0.100823 0.0971133 
20102 -0.10369 0.1719 
20103 -0.107346 0.247492 
20104 -0.0355741 0.0259771 
20105 -0.0383039 0.0995323 
20106 -0.0417674 0.173748 
20107 -0.0443984 0.248387 
20108 0.0251609 0.0282003 
20109 0.0228003 0.101896 
20110 0.0200758 0.175318 
20111 0.0163462 0.249186 
20112 0.0859949 0.0307321 
20113 0.0827364 0.103832 
20114 0.0807253 0.176791 
20115 0.0775432 0.250797 
20116 0.145898 0.0327221 
20117 0.143078 0.105541 
20118 0.140175 0.178099 
20119 0.137394 0.251608 
20120 -0.0939033 0.0285822 
20121 -0.0977458 0.100636 
20122 -0.100844 0.172366 
20123 -0.104369 0.245471 
20124 -0.0346327 0.0310179 
20125 -0.0378892 0.102698 
20126 -0.0403321 0.173988 
20127 -0.043237 0.246239 
20128 0.0238571 0.0330406 
20129 0.0215979 0.103875 
20130 0.0186089 0.175761 
20131 0.0154796 0.247003 
20132 0.0827599 0.036003 
20133 0.0796429 0.105901 
20134 0.077234 0.177181 
20135 0.0739957 0.248742 
20136 0.140438 0.0377956 
20137 0.137679 0.108331 
20138 0.135312 0.178726 
20139 0.132255 0.249781 
