1980 -0.33298 -0.216258 
1981 -0.333707 -0.0168487 
1982 -0.333316 0.18341 
1983 -0.333481 0.383797 
1984 -0.166977 -0.216491 
1985 -0.166824 -0.0166617 
1986 -0.166253 0.183109 
1987 -0.166903 0.383645 
1988 3.0189e-06 -0.216201 
1989 0.000173841 -0.0167991 
1990 0.000347802 0.182906 
1991 -2.64385e-05 0.383399 
1992 0.167121 -0.216975 
1993 0.166434 -0.0169243 
1994 0.166797 0.183574 
1995 0.166553 0.382861 
1996 0.333405 -0.217065 
1997 0.333756 -0.0170696 
1998 0.333559 0.183045 
1999 0.332989 0.38322 
2000 -0.325648 -0.207324 
2001 -0.325883 -0.0228507 
2002 -0.325832 0.161507 
2003 -0.326233 0.346147 
2004 -0.171828 -0.206429 
2005 -0.171875 -0.0228724 
2006 -0.172296 0.161787 
2007 -0.172863 0.346136 
2008 -0.0177119 -0.206251 
2009 -0.0182726 -0.0224388 
2010 -0.0183048 0.161597 
2011 -0.0189102 0.346283 
2012 0.135937 -0.205852 
2013 0.134678 -0.0220502 
2014 0.134599 0.161929 
2015 0.133969 0.345936 
2016 0.288871 -0.205429 
2017 0.287661 -0.0214695 
2018 0.287885 0.163008 
2019 0.28656 0.346487 
2020 -0.318503 -0.199451 
2021 -0.319362 -0.0281287 
2022 -0.320315 0.142532 
2023 -0.320668 0.313655 
2024 -0.175533 -0.198591 
2025 -0.176863 -0.0277879 
2026 -0.177546 0.143412 
2027 -0.178861 0.314187 
2028 -0.0331876 -0.197561 
2029 -0.0346887 -0.0267258 
2030 -0.0349396 0.143517 
2031 -0.0359615 0.314428 
2032 0.108556 -0.195892 
2033 0.107417 -0.0261785 
2034 0.106174 0.144544 
2035 0.105653 0.314605 
2036 0.250518 -0.194741 
2037 0.248825 -0.0251858 
2038 0.248308 0.144666 
2039 0.246899 0.315013 
2040 -0.313022 -0.191571 
2041 -0.314106 -0.0326172 
2042 -0.315903 0.126524 
2043 -0.316973 0.285958 
2044 -0.17973 -0.190858 
2045 -0.180815 -0.031154 
2046 -0.182412 0.127703 
2047 -0.183622 0.286855 
2048 -0.0476516 -0.189324 
2049 -0.0489747 -0.030759 
2050 -0.0495175 0.128948 
2051 -0.0510074 0.286982 
2052 0.0847168 -0.187401 
2053 0.0831995 -0.0288076 
2054 0.082406 0.129132 
2055 0.0810853 0.28735 
2056 0.216254 -0.186345 
2057 0.215235 -0.0277795 
2058 0.213773 0.13017 
2059 0.212908 0.287628 
2060 -0.309427 -0.185197 
2061 -0.310168 -0.0361374 
2062 -0.31233 0.112637 
2063 -0.313209 0.262775 
2064 -0.183709 -0.183691 
2065 -0.186147 -0.0343175 
2066 -0.187043 0.11451 
2067 -0.188874 0.262741 
2068 -0.0599623 -0.182348 
2069 -0.0614118 -0.0334272 
2070 -0.062911 0.1155 
2071 -0.064721 0.263348 
2072 0.0638354 -0.179829 
2073 0.0619854 -0.0317597 
2074 0.0603389 0.116222 
2075 0.0588365 0.263944 
2076 0.187223 -0.17823 
2077 0.185217 -0.0307116 
2078 0.183827 0.11692 
2079 0.182352 0.264412 
2080 -0.305599 -0.180165 
2081 -0.307085 -0.0397113 
2082 -0.309512 0.101523 
2083 -0.310754 0.241012 
2084 -0.188022 -0.177386 
2085 -0.19003 -0.0374838 
2086 -0.191264 0.102312 
2087 -0.193762 0.242244 
2088 -0.071507 -0.175374 
2089 -0.0731056 -0.0361376 
2090 -0.0748829 0.103937 
2091 -0.0771409 0.243044 
2092 0.0450423 -0.173457 
2093 0.0435842 -0.0346833 
2094 0.0413518 0.104851 
2095 0.0396534 0.243961 
2096 0.160942 -0.171671 
2097 0.158308 -0.0327442 
2098 0.157042 0.106129 
2099 0.154705 0.244969 
2100 -0.303345 -0.174882 
2101 -0.305264 -0.0417954 
2102 -0.306932 0.0908855 
2103 -0.308752 0.222885 
2104 -0.191756 -0.172103 
2105 -0.193679 -0.0400508 
2106 -0.196183 0.0916828 
2107 -0.198465 0.224445 
2108 -0.0812526 -0.169596 
2109 -0.0838491 -0.0385652 
2110 -0.0861335 0.0934421 
2111 -0.0879385 0.22481 
2112 0.0281067 -0.167163 
2113 0.025636 -0.0363683 
2114 0.0235076 0.0947311 
2115 0.0221785 0.225591 
2116 0.137004 -0.165507 
2117 0.134992 -0.0346589 
2118 0.13286 0.0966675 
2119 0.130662 0.226769 
2120 -0.301058 -0.169783 
2121 -0.303495 -0.0440402 
2122 -0.305389 0.0811211 
2123 -0.30718 0.206368 
2124 -0.195326 -0.166886 
2125 -0.198118 -0.0416431 
2126 -0.200518 0.0834049 
2127 -0.202263 0.20748 
2128 -0.0914049 -0.164353 
2129 -0.0936185 -0.0400706 
2130 -0.0959979 0.0849574 
2131 -0.0977796 0.208853 
2132 0.0127071 -0.161678 
2133 0.0102211 -0.0372803 
2134 0.00834188 0.0861833 
2135 0.0051812 0.210776 
2136 0.115973 -0.159307 
2137 0.112964 -0.0351469 
2138 0.110947 0.0875403 
2139 0.108914 0.211324 
2140 -0.298862 -0.164545 
2141 -0.302021 -0.0457832 
2142 -0.30385 0.0735099 
2143 -0.307016 0.191871 
2144 -0.198965 -0.161978 
2145 -0.20134 -0.0436886 
2146 -0.204407 0.0751786 
2147 -0.206339 0.193897 
2148 -0.0995307 -0.159761 
2149 -0.102786 -0.0415184 
2150 -0.105145 0.0764799 
2151 -0.107179 0.195182 
2152 -0.00135829 -0.156239 
2153 -0.00358654 -0.0388674 
2154 -0.00639372 0.0791876 
2155 -0.00935496 0.196826 
2156 0.0966455 -0.153864 
2157 0.093545 -0.0365223 
2158 0.0906448 0.0809125 
2159 0.0880186 0.197996 
2160 -0.298172 -0.161134 
2161 -0.30017 -0.0468855 
2162 -0.302956 0.0665689 
2163 -0.3062 0.179331 
2164 -0.202499 -0.157501 
2165 -0.204853 -0.044873 
2166 -0.208299 0.0685487 
2167 -0.211034 0.181279 
2168 -0.108477 -0.155156 
2169 -0.111245 -0.0420896 
2170 -0.113478 0.0702302 
2171 -0.116397 0.182704 
2172 -0.0143781 -0.152187 
2173 -0.0170717 -0.0393265 
2174 -0.0198922 0.0718815 
2175 -0.0228016 0.184343 
2176 0.0787036 -0.148718 
2177 0.07529 -0.0375047 
2178 0.0733393 0.0741711 
2179 0.0704473 0.18548 
2180 -0.2972 -0.156564 
2181 -0.299992 -0.0479655 
2182 -0.30276 0.0603094 
2183 -0.305693 0.167636 
2184 -0.20596 -0.153406 
2185 -0.208929 -0.0461122 
2186 -0.211463 0.0620506 
2187 -0.214738 0.169475 
2188 -0.11623 -0.14986 
2189 -0.118949 -0.0431277 
2190 -0.121441 0.0637634 
2191 -0.125023 0.17158 
2192 -0.0268887 -0.147096 
2193 -0.0295496 -0.0406974 
2194 -0.0320851 0.0665458 
2195 -0.0348111 0.172546 
2196 0.0620255 -0.144299 
2197 0.0587765 -0.0373702 
2198 0.0559878 0.0683277 
2199 0.0536964 0.174185 
2200 -0.296312 -0.152012 
2201 -0.29945 -0.0487203 
2202 -0.302766 0.0544582 
2203 -0.305492 0.157385 
2204 -0.209466 -0.148774 
2205 -0.211988 -0.0463696 
2206 -0.215294 0.056198 
2207 -0.21866 0.159065 
2208 -0.122997 -0.145633 
2209 -0.126604 -0.043545 
2210 -0.129269 0.0584304 
2211 -0.132465 0.161336 
2212 -0.037959 -0.142409 
2213 -0.0404456 -0.0403645 
2214 -0.0440794 0.0610911 
2215 -0.046733 0.162769 
2216 0.0465364 -0.139922 
2217 0.0434563 -0.0381723 
2218 0.0408199 0.063043 
2219 0.0377805 0.164304 
2220 -0.29614 -0.148619 
2221 -0.299162 -0.0499576 
2222 -0.303161 0.0494336 
2223 -0.306404 0.148331 
2224 -0.212812 -0.144709 
2225 -0.216226 -0.0469452 
2226 -0.219465 0.0520882 
2227 -0.222652 0.150556 
2228 -0.130241 -0.141553 
2229 -0.133398 -0.0437125 
2230 -0.136627 0.0547479 
2231 -0.140165 0.152492 
2232 -0.0486054 -0.138276 
2233 -0.0512461 -0.040706 
2234 -0.054545 0.0570686 
2235 -0.0579578 0.154312 
2236 0.0323543 -0.134699 
2237 0.0297637 -0.038235 
2238 0.0262483 0.0593483 
2239 0.0232832 0.155682 
2240 -0.295874 -0.145122 
2241 -0.299708 -0.0501091 
2242 -0.3027 0.0450441 
2243 -0.306873 0.140635 
2244 -0.215628 -0.140969 
2245 -0.219783 -0.0465038 
2246 -0.222559 0.047758 
2247 -0.225751 0.142749 
2248 -0.136778 -0.137888 
2249 -0.140511 -0.0433467 
2250 -0.143162 0.049774 
2251 -0.146993 0.144634 
2252 -0.0579188 -0.13477 
2253 -0.0615046 -0.0405975 
2254 -0.0646958 0.053141 
2255 -0.0682081 0.146465 
2256 0.0196461 -0.131409 
2257 0.0166199 -0.037863 
2258 0.0133505 0.0547915 
2259 0.00988203 0.147825 
2260 -0.296559 -0.141299 
2261 -0.299808 -0.0494963 
2262 -0.303115 0.0413361 
2263 -0.306923 0.132674 
2264 -0.21944 -0.138038 
2265 -0.222982 -0.0471851 
2266 -0.226261 0.044293 
2267 -0.229314 0.134936 
2268 -0.142739 -0.133574 
2269 -0.146817 -0.0435596 
2270 -0.150019 0.0462955 
2271 -0.15297 0.137222 
2272 -0.0673815 -0.130516 
2273 -0.0709962 -0.0409042 
2274 -0.0746651 0.0492626 
2275 -0.0780407 0.139054 
2276 0.00649391 -0.126418 
2277 0.00407923 -0.0373593 
2278 0.00029396 0.0515678 
2279 -0.00290499 0.141489 
2280 -0.296803 -0.137927 
2281 -0.300987 -0.0500244 
2282 -0.303952 0.0385838 
2283 -0.307751 0.126327 
2284 -0.222519 -0.133678 
2285 -0.22606 -0.0460468 
2286 -0.229912 0.0409735 
2287 -0.233121 0.12826 
2288 -0.149469 -0.130589 
2289 -0.15242 -0.043673 
2290 -0.155945 0.0437784 
2291 -0.159965 0.130669 
2292 -0.0761435 -0.126915 
2293 -0.0796687 -0.0405441 
2294 -0.0830424 0.0460616 
2295 -0.0871028 0.132364 
2296 -0.0047397 -0.122928 
2297 -0.0083756 -0.0368907 
2298 -0.0120237 0.048865 
2299 -0.0150852 0.134867 
2300 -0.298009 -0.133635 
2301 -0.301287 -0.0488421 
2302 -0.304743 0.0357717 
2303 -0.308314 0.11995 
2304 -0.225988 -0.130542 
2305 -0.229859 -0.045535 
2306 -0.233488 0.0387314 
2307 -0.236956 0.122196 
2308 -0.154869 -0.126936 
2309 -0.158297 -0.0426405 
2310 -0.16229 0.0413894 
2311 -0.166346 0.124497 
2312 -0.084735 -0.122854 
2313 -0.0885319 -0.039964 
2314 -0.0917074 0.0439656 
2315 -0.0959245 0.127342 
2316 -0.0159642 -0.118931 
2317 -0.0197645 -0.0367916 
2318 -0.0231483 0.0465206 
2319 -0.0260084 0.129212 
2320 -0.298198 -0.130636 
2321 -0.302573 -0.0486169 
2322 -0.30591 0.0333399 
2323 -0.310311 0.115316 
2324 -0.228756 -0.126657 
2325 -0.233369 -0.0455301 
2326 -0.237069 0.0363879 
2327 -0.240356 0.117324 
2328 -0.160433 -0.12269 
2329 -0.164674 -0.0416074 
2330 -0.16795 0.0392331 
2331 -0.171794 0.119399 
2332 -0.0932858 -0.118747 
2333 -0.0968906 -0.0390846 
2334 -0.10042 0.0411031 
2335 -0.103742 0.121706 
2336 -0.0266538 -0.11525 
2337 -0.0299622 -0.0358722 
2338 -0.0339139 0.0440197 
2339 -0.0371622 0.124693 
2340 -0.299468 -0.126521 
2341 -0.302725 -0.0476999 
2342 -0.306867 0.0314198 
2343 -0.311487 0.109764 
2344 -0.232134 -0.123383 
2345 -0.236355 -0.0449054 
2346 -0.239639 0.0337726 
2347 -0.243426 0.112706 
2348 -0.165938 -0.118919 
2349 -0.170076 -0.0410361 
2350 -0.174023 0.0373816 
2351 -0.177377 0.11494 
2352 -0.100728 -0.115514 
2353 -0.104982 -0.0379295 
2354 -0.107927 0.0395004 
2355 -0.111633 0.117786 
2356 -0.0366474 -0.111374 
2357 -0.0400482 -0.0346724 
2358 -0.0431329 0.0427269 
2359 -0.0467756 0.119514 
2360 -0.300493 -0.123636 
2361 -0.304123 -0.0470921 
2362 -0.308751 0.0290199 
2363 -0.312253 0.105783 
2364 -0.235187 -0.11917 
2365 -0.239209 -0.0432057 
2366 -0.243393 0.0328256 
2367 -0.246912 0.108078 
2368 -0.171911 -0.115275 
2369 -0.175232 -0.0399429 
2370 -0.178898 0.0349534 
2371 -0.182999 0.110906 
2372 -0.1081 -0.111373 
2373 -0.11205 -0.0373035 
2374 -0.115594 0.0379535 
2375 -0.119059 0.113666 
2376 -0.0453024 -0.107649 
2377 -0.0489877 -0.0334497 
2378 -0.0529149 0.0408614 
2379 -0.0570918 0.115466 
